   165.6    2546.1    1.4   -2.4
   166.1    2546.1    1.4   -2.3
   166.6    2546.1    1.4   -2.2
   167.1    2546.1    1.4   -2.1
   167.6    2546.1    1.3   -2.1
   168.1    2546.1    1.3   -2.0
   168.6    2546.1    1.4   -2.0
   169.1    2546.1    1.4   -2.0
   169.6    2546.1    1.4   -2.0
   170.1    2546.1    1.4   -2.0
   170.6    2546.1    1.5   -2.0
   171.1    2546.1    1.5   -2.0
   171.6    2546.1    1.5   -2.0
   172.1    2546.1    1.5   -2.0
   172.6    2546.1    1.6   -1.9
   173.1    2546.1    1.6   -1.9
   173.6    2546.1    1.6   -1.9
   174.1    2546.1    1.6   -1.9
   174.6    2546.1    1.6   -1.9
   175.1    2546.1    1.6   -1.9
   175.6    2546.1    1.6   -1.9
   176.1    2546.1    1.6   -2.0
   176.6    2546.1    1.6   -2.0
   177.1    2546.1    1.6   -2.0
   177.6    2546.1    1.6   -2.0
   178.1    2546.1    1.6   -2.1
   178.6    2546.1    1.6   -2.1
   179.1    2546.1    1.6   -2.1
   179.6    2546.1    1.6   -2.1
   180.1    2546.1    1.6   -2.1
   180.6    2546.1    1.6   -2.0
   181.1    2546.1    1.6   -2.0
   181.6    2546.1    1.5   -2.0
   182.1    2546.1    1.5   -2.0
   182.6    2546.1    1.5   -2.0
   183.1    2546.1    1.6   -2.0
   183.6    2546.1    1.6   -2.0
   184.1    2546.1    1.6   -2.0
   184.6    2546.1    1.7   -2.1
   185.1    2546.1    1.7   -2.1
   165.6    2546.6    1.4   -2.4
   166.1    2546.6    1.4   -2.3
   166.6    2546.6    1.4   -2.2
   167.1    2546.6    1.3   -2.1
   167.6    2546.6    1.3   -2.1
   168.1    2546.6    1.3   -2.0
   168.6    2546.6    1.4   -2.0
   169.1    2546.6    1.4   -2.0
   169.6    2546.6    1.4   -2.0
   170.1    2546.6    1.4   -2.0
   170.6    2546.6    1.5   -2.0
   171.1    2546.6    1.5   -2.0
   171.6    2546.6    1.5   -1.9
   172.1    2546.6    1.5   -1.9
   172.6    2546.6    1.6   -1.9
   173.1    2546.6    1.6   -1.9
   173.6    2546.6    1.6   -1.9
   174.1    2546.6    1.6   -1.9
   174.6    2546.6    1.6   -1.9
   175.1    2546.6    1.6   -1.9
   175.6    2546.6    1.6   -1.9
   176.1    2546.6    1.6   -1.9
   176.6    2546.6    1.6   -2.0
   177.1    2546.6    1.6   -2.0
   177.6    2546.6    1.6   -2.0
   178.1    2546.6    1.6   -2.1
   178.6    2546.6    1.6   -2.1
   179.1    2546.6    1.6   -2.1
   179.6    2546.6    1.6   -2.1
   180.1    2546.6    1.6   -2.0
   180.6    2546.6    1.6   -2.0
   181.1    2546.6    1.6   -2.0
   181.6    2546.6    1.5   -2.0
   182.1    2546.6    1.5   -1.9
   182.6    2546.6    1.5   -1.9
   183.1    2546.6    1.6   -1.9
   183.6    2546.6    1.6   -2.0
   184.1    2546.6    1.6   -2.0
   184.6    2546.6    1.7   -2.1
   185.1    2546.6    1.7   -2.1
   165.6    2547.1    1.4   -2.4
   166.1    2547.1    1.4   -2.3
   166.6    2547.1    1.4   -2.2
   167.1    2547.1    1.4   -2.2
   167.6    2547.1    1.3   -2.1
   168.1    2547.1    1.3   -2.0
   168.6    2547.1    1.4   -2.0
   169.1    2547.1    1.4   -2.0
   169.6    2547.1    1.4   -2.0
   170.1    2547.1    1.4   -1.9
   170.6    2547.1    1.5   -1.9
   171.1    2547.1    1.5   -1.9
   171.6    2547.1    1.5   -1.9
   172.1    2547.1    1.5   -1.9
   172.6    2547.1    1.6   -1.9
   173.1    2547.1    1.6   -1.9
   173.6    2547.1    1.6   -1.9
   174.1    2547.1    1.6   -1.9
   174.6    2547.1    1.6   -1.9
   175.1    2547.1    1.6   -1.9
   175.6    2547.1    1.6   -1.9
   176.1    2547.1    1.6   -1.9
   176.6    2547.1    1.6   -2.0
   177.1    2547.1    1.6   -2.0
   177.6    2547.1    1.6   -2.0
   178.1    2547.1    1.6   -2.0
   178.6    2547.1    1.6   -2.0
   179.1    2547.1    1.6   -2.0
   179.6    2547.1    1.6   -2.0
   180.1    2547.1    1.6   -2.0
   180.6    2547.1    1.6   -2.0
   181.1    2547.1    1.6   -2.0
   181.6    2547.1    1.5   -1.9
   182.1    2547.1    1.5   -1.9
   182.6    2547.1    1.5   -1.9
   183.1    2547.1    1.5   -1.9
   183.6    2547.1    1.6   -1.9
   184.1    2547.1    1.6   -2.0
   184.6    2547.1    1.7   -2.1
   185.1    2547.1    1.7   -2.1
   165.6    2547.6    1.4   -2.4
   166.1    2547.6    1.4   -2.3
   166.6    2547.6    1.4   -2.3
   167.1    2547.6    1.4   -2.2
   167.6    2547.6    1.4   -2.1
   168.1    2547.6    1.4   -2.0
   168.6    2547.6    1.4   -2.0
   169.1    2547.6    1.4   -2.0
   169.6    2547.6    1.4   -1.9
   170.1    2547.6    1.4   -1.9
   170.6    2547.6    1.5   -1.9
   171.1    2547.6    1.5   -1.9
   171.6    2547.6    1.5   -1.9
   172.1    2547.6    1.5   -1.8
   172.6    2547.6    1.6   -1.8
   173.1    2547.6    1.6   -1.9
   173.6    2547.6    1.6   -1.9
   174.1    2547.6    1.6   -1.9
   174.6    2547.6    1.6   -1.9
   175.1    2547.6    1.6   -1.9
   175.6    2547.6    1.6   -1.9
   176.1    2547.6    1.6   -1.9
   176.6    2547.6    1.6   -2.0
   177.1    2547.6    1.6   -2.0
   177.6    2547.6    1.6   -2.0
   178.1    2547.6    1.6   -2.0
   178.6    2547.6    1.6   -2.0
   179.1    2547.6    1.6   -2.0
   179.6    2547.6    1.6   -2.0
   180.1    2547.6    1.6   -2.0
   180.6    2547.6    1.6   -2.0
   181.1    2547.6    1.6   -1.9
   181.6    2547.6    1.5   -1.9
   182.1    2547.6    1.5   -1.9
   182.6    2547.6    1.5   -1.9
   183.1    2547.6    1.5   -1.9
   183.6    2547.6    1.6   -1.9
   184.1    2547.6    1.6   -2.0
   184.6    2547.6    1.7   -2.0
   185.1    2547.6    1.8   -2.1
   165.6    2548.1    1.4   -2.4
   166.1    2548.1    1.4   -2.4
   166.6    2548.1    1.4   -2.3
   167.1    2548.1    1.4   -2.2
   167.6    2548.1    1.4   -2.1
   168.1    2548.1    1.4   -2.1
   168.6    2548.1    1.4   -2.0
   169.1    2548.1    1.4   -2.0
   169.6    2548.1    1.4   -1.9
   170.1    2548.1    1.5   -1.9
   170.6    2548.1    1.5   -1.9
   171.1    2548.1    1.5   -1.8
   171.6    2548.1    1.5   -1.8
   172.1    2548.1    1.5   -1.8
   172.6    2548.1    1.6   -1.8
   173.1    2548.1    1.6   -1.8
   173.6    2548.1    1.6   -1.8
   174.1    2548.1    1.6   -1.8
   174.6    2548.1    1.6   -1.8
   175.1    2548.1    1.6   -1.9
   175.6    2548.1    1.6   -1.9
   176.1    2548.1    1.6   -1.9
   176.6    2548.1    1.6   -1.9
   177.1    2548.1    1.7   -2.0
   177.6    2548.1    1.7   -2.0
   178.1    2548.1    1.7   -2.0
   178.6    2548.1    1.7   -2.0
   179.1    2548.1    1.6   -2.0
   179.6    2548.1    1.6   -2.0
   180.1    2548.1    1.6   -1.9
   180.6    2548.1    1.6   -1.9
   181.1    2548.1    1.6   -1.9
   181.6    2548.1    1.6   -1.9
   182.1    2548.1    1.5   -1.9
   182.6    2548.1    1.5   -1.9
   183.1    2548.1    1.6   -1.9
   183.6    2548.1    1.6   -1.9
   184.1    2548.1    1.7   -2.0
   184.6    2548.1    1.7   -2.0
   185.1    2548.1    1.8   -2.1
   165.6    2548.6    1.4   -2.4
   166.1    2548.6    1.4   -2.4
   166.6    2548.6    1.4   -2.3
   167.1    2548.6    1.4   -2.2
   167.6    2548.6    1.4   -2.2
   168.1    2548.6    1.4   -2.1
   168.6    2548.6    1.4   -2.0
   169.1    2548.6    1.5   -2.0
   169.6    2548.6    1.5   -1.9
   170.1    2548.6    1.5   -1.9
   170.6    2548.6    1.5   -1.9
   171.1    2548.6    1.5   -1.8
   171.6    2548.6    1.5   -1.8
   172.1    2548.6    1.5   -1.8
   172.6    2548.6    1.5   -1.8
   173.1    2548.6    1.6   -1.8
   173.6    2548.6    1.6   -1.8
   174.1    2548.6    1.6   -1.8
   174.6    2548.6    1.6   -1.8
   175.1    2548.6    1.6   -1.9
   175.6    2548.6    1.6   -1.9
   176.1    2548.6    1.6   -1.9
   176.6    2548.6    1.7   -1.9
   177.1    2548.6    1.7   -2.0
   177.6    2548.6    1.7   -2.0
   178.1    2548.6    1.7   -2.0
   178.6    2548.6    1.7   -2.0
   179.1    2548.6    1.7   -2.0
   179.6    2548.6    1.6   -1.9
   180.1    2548.6    1.6   -1.9
   180.6    2548.6    1.6   -1.9
   181.1    2548.6    1.6   -1.9
   181.6    2548.6    1.6   -1.9
   182.1    2548.6    1.5   -1.9
   182.6    2548.6    1.5   -1.9
   183.1    2548.6    1.6   -1.9
   183.6    2548.6    1.6   -1.9
   184.1    2548.6    1.7   -2.0
   184.6    2548.6    1.7   -2.0
   185.1    2548.6    1.8   -2.1
   165.6    2549.1    1.4   -2.4
   166.1    2549.1    1.4   -2.4
   166.6    2549.1    1.4   -2.3
   167.1    2549.1    1.4   -2.3
   167.6    2549.1    1.5   -2.2
   168.1    2549.1    1.5   -2.1
   168.6    2549.1    1.5   -2.1
   169.1    2549.1    1.5   -2.0
   169.6    2549.1    1.5   -1.9
   170.1    2549.1    1.5   -1.9
   170.6    2549.1    1.5   -1.8
   171.1    2549.1    1.5   -1.8
   171.6    2549.1    1.5   -1.8
   172.1    2549.1    1.5   -1.8
   172.6    2549.1    1.6   -1.8
   173.1    2549.1    1.6   -1.8
   173.6    2549.1    1.6   -1.8
   174.1    2549.1    1.6   -1.8
   174.6    2549.1    1.6   -1.8
   175.1    2549.1    1.6   -1.9
   175.6    2549.1    1.7   -1.9
   176.1    2549.1    1.7   -1.9
   176.6    2549.1    1.7   -1.9
   177.1    2549.1    1.7   -2.0
   177.6    2549.1    1.7   -2.0
   178.1    2549.1    1.7   -2.0
   178.6    2549.1    1.7   -1.9
   179.1    2549.1    1.7   -1.9
   179.6    2549.1    1.7   -1.9
   180.1    2549.1    1.6   -1.9
   180.6    2549.1    1.6   -1.9
   181.1    2549.1    1.6   -1.9
   181.6    2549.1    1.6   -1.9
   182.1    2549.1    1.6   -1.9
   182.6    2549.1    1.6   -1.9
   183.1    2549.1    1.6   -1.9
   183.6    2549.1    1.6   -1.9
   184.1    2549.1    1.7   -2.0
   184.6    2549.1    1.7   -2.0
   185.1    2549.1    1.8   -2.1
   165.6    2549.6    1.5   -2.5
   166.1    2549.6    1.5   -2.4
   166.6    2549.6    1.5   -2.4
   167.1    2549.6    1.5   -2.3
   167.6    2549.6    1.5   -2.2
   168.1    2549.6    1.5   -2.2
   168.6    2549.6    1.5   -2.1
   169.1    2549.6    1.5   -2.0
   169.6    2549.6    1.5   -1.9
   170.1    2549.6    1.5   -1.9
   170.6    2549.6    1.5   -1.8
   171.1    2549.6    1.5   -1.8
   171.6    2549.6    1.5   -1.8
   172.1    2549.6    1.6   -1.8
   172.6    2549.6    1.6   -1.8
   173.1    2549.6    1.6   -1.8
   173.6    2549.6    1.6   -1.8
   174.1    2549.6    1.6   -1.8
   174.6    2549.6    1.6   -1.8
   175.1    2549.6    1.7   -1.9
   175.6    2549.6    1.7   -1.9
   176.1    2549.6    1.7   -1.9
   176.6    2549.6    1.7   -1.9
   177.1    2549.6    1.7   -2.0
   177.6    2549.6    1.7   -2.0
   178.1    2549.6    1.7   -1.9
   178.6    2549.6    1.7   -1.9
   179.1    2549.6    1.7   -1.9
   179.6    2549.6    1.7   -1.9
   180.1    2549.6    1.6   -1.9
   180.6    2549.6    1.6   -1.9
   181.1    2549.6    1.6   -1.9
   181.6    2549.6    1.6   -1.9
   182.1    2549.6    1.6   -1.9
   182.6    2549.6    1.6   -1.9
   183.1    2549.6    1.6   -1.9
   183.6    2549.6    1.6   -2.0
   184.1    2549.6    1.7   -2.0
   184.6    2549.6    1.7   -2.0
   185.1    2549.6    1.8   -2.1
   165.6    2550.1    1.5   -2.5
   166.1    2550.1    1.5   -2.5
   166.6    2550.1    1.5   -2.4
   167.1    2550.1    1.5   -2.4
   167.6    2550.1    1.5   -2.3
   168.1    2550.1    1.5   -2.2
   168.6    2550.1    1.5   -2.1
   169.1    2550.1    1.5   -2.0
   169.6    2550.1    1.5   -2.0
   170.1    2550.1    1.5   -1.9
   170.6    2550.1    1.5   -1.8
   171.1    2550.1    1.6   -1.8
   171.6    2550.1    1.6   -1.8
   172.1    2550.1    1.6   -1.8
   172.6    2550.1    1.6   -1.8
   173.1    2550.1    1.6   -1.8
   173.6    2550.1    1.6   -1.8
   174.1    2550.1    1.6   -1.8
   174.6    2550.1    1.7   -1.8
   175.1    2550.1    1.7   -1.9
   175.6    2550.1    1.7   -1.9
   176.1    2550.1    1.7   -1.9
   176.6    2550.1    1.7   -1.9
   177.1    2550.1    1.7   -1.9
   177.6    2550.1    1.7   -1.9
   178.1    2550.1    1.7   -1.9
   178.6    2550.1    1.7   -1.9
   179.1    2550.1    1.7   -1.9
   179.6    2550.1    1.6   -1.9
   180.1    2550.1    1.6   -1.9
   180.6    2550.1    1.6   -1.9
   181.1    2550.1    1.6   -1.9
   181.6    2550.1    1.6   -1.9
   182.1    2550.1    1.6   -1.9
   182.6    2550.1    1.6   -1.9
   183.1    2550.1    1.6   -1.9
   183.6    2550.1    1.6   -2.0
   184.1    2550.1    1.7   -2.0
   184.6    2550.1    1.8   -2.0
   185.1    2550.1    1.8   -2.1
   165.6    2550.6    1.5   -2.5
   166.1    2550.6    1.6   -2.5
   166.6    2550.6    1.6   -2.5
   167.1    2550.6    1.6   -2.4
   167.6    2550.6    1.6   -2.3
   168.1    2550.6    1.6   -2.2
   168.6    2550.6    1.6   -2.1
   169.1    2550.6    1.6   -2.0
   169.6    2550.6    1.6   -2.0
   170.1    2550.6    1.6   -1.9
   170.6    2550.6    1.6   -1.9
   171.1    2550.6    1.6   -1.8
   171.6    2550.6    1.6   -1.8
   172.1    2550.6    1.6   -1.8
   172.6    2550.6    1.6   -1.8
   173.1    2550.6    1.6   -1.8
   173.6    2550.6    1.6   -1.8
   174.1    2550.6    1.7   -1.8
   174.6    2550.6    1.7   -1.9
   175.1    2550.6    1.7   -1.9
   175.6    2550.6    1.7   -1.9
   176.1    2550.6    1.7   -1.9
   176.6    2550.6    1.7   -1.9
   177.1    2550.6    1.7   -1.9
   177.6    2550.6    1.7   -1.9
   178.1    2550.6    1.7   -1.9
   178.6    2550.6    1.7   -1.9
   179.1    2550.6    1.7   -1.9
   179.6    2550.6    1.6   -1.9
   180.1    2550.6    1.6   -1.9
   180.6    2550.6    1.6   -1.9
   181.1    2550.6    1.6   -1.9
   181.6    2550.6    1.6   -1.9
   182.1    2550.6    1.6   -1.9
   182.6    2550.6    1.6   -1.9
   183.1    2550.6    1.6   -1.9
   183.6    2550.6    1.7   -2.0
   184.1    2550.6    1.7   -2.0
   184.6    2550.6    1.8   -2.0
   185.1    2550.6    1.8   -2.0
   165.6    2551.1    1.6   -2.6
   166.1    2551.1    1.6   -2.6
   166.6    2551.1    1.6   -2.5
   167.1    2551.1    1.6   -2.4
   167.6    2551.1    1.6   -2.3
   168.1    2551.1    1.6   -2.2
   168.6    2551.1    1.6   -2.1
   169.1    2551.1    1.6   -2.1
   169.6    2551.1    1.6   -2.0
   170.1    2551.1    1.6   -1.9
   170.6    2551.1    1.6   -1.9
   171.1    2551.1    1.6   -1.8
   171.6    2551.1    1.6   -1.8
   172.1    2551.1    1.6   -1.8
   172.6    2551.1    1.6   -1.8
   173.1    2551.1    1.7   -1.8
   173.6    2551.1    1.7   -1.8
   174.1    2551.1    1.7   -1.9
   174.6    2551.1    1.7   -1.9
   175.1    2551.1    1.7   -1.9
   175.6    2551.1    1.7   -1.9
   176.1    2551.1    1.7   -1.9
   176.6    2551.1    1.7   -1.9
   177.1    2551.1    1.7   -1.9
   177.6    2551.1    1.7   -1.9
   178.1    2551.1    1.7   -1.9
   178.6    2551.1    1.7   -1.9
   179.1    2551.1    1.6   -1.9
   179.6    2551.1    1.6   -1.9
   180.1    2551.1    1.6   -1.9
   180.6    2551.1    1.6   -1.9
   181.1    2551.1    1.6   -1.9
   181.6    2551.1    1.6   -1.9
   182.1    2551.1    1.6   -1.9
   182.6    2551.1    1.6   -1.9
   183.1    2551.1    1.6   -1.9
   183.6    2551.1    1.7   -2.0
   184.1    2551.1    1.7   -2.0
   184.6    2551.1    1.7   -2.0
   185.1    2551.1    1.8   -2.0
   165.6    2551.6    1.6   -2.6
   166.1    2551.6    1.6   -2.6
   166.6    2551.6    1.6   -2.5
   167.1    2551.6    1.6   -2.4
   167.6    2551.6    1.6   -2.3
   168.1    2551.6    1.6   -2.3
   168.6    2551.6    1.6   -2.2
   169.1    2551.6    1.6   -2.1
   169.6    2551.6    1.6   -2.0
   170.1    2551.6    1.6   -1.9
   170.6    2551.6    1.6   -1.9
   171.1    2551.6    1.6   -1.9
   171.6    2551.6    1.6   -1.8
   172.1    2551.6    1.7   -1.8
   172.6    2551.6    1.7   -1.8
   173.1    2551.6    1.7   -1.8
   173.6    2551.6    1.7   -1.9
   174.1    2551.6    1.7   -1.9
   174.6    2551.6    1.7   -1.9
   175.1    2551.6    1.7   -1.9
   175.6    2551.6    1.7   -1.9
   176.1    2551.6    1.7   -1.9
   176.6    2551.6    1.7   -1.9
   177.1    2551.6    1.7   -1.9
   177.6    2551.6    1.6   -1.9
   178.1    2551.6    1.6   -1.9
   178.6    2551.6    1.6   -1.9
   179.1    2551.6    1.6   -1.9
   179.6    2551.6    1.6   -1.9
   180.1    2551.6    1.6   -1.9
   180.6    2551.6    1.6   -1.9
   181.1    2551.6    1.6   -1.9
   181.6    2551.6    1.6   -1.9
   182.1    2551.6    1.6   -1.9
   182.6    2551.6    1.6   -1.9
   183.1    2551.6    1.6   -2.0
   183.6    2551.6    1.7   -2.0
   184.1    2551.6    1.7   -2.0
   184.6    2551.6    1.7   -2.0
   185.1    2551.6    1.7   -2.0
   165.6    2552.1    1.7   -2.7
   166.1    2552.1    1.7   -2.6
   166.6    2552.1    1.7   -2.6
   167.1    2552.1    1.6   -2.5
   167.6    2552.1    1.6   -2.4
   168.1    2552.1    1.6   -2.3
   168.6    2552.1    1.6   -2.2
   169.1    2552.1    1.6   -2.1
   169.6    2552.1    1.6   -2.0
   170.1    2552.1    1.6   -1.9
   170.6    2552.1    1.6   -1.9
   171.1    2552.1    1.6   -1.9
   171.6    2552.1    1.7   -1.9
   172.1    2552.1    1.7   -1.9
   172.6    2552.1    1.7   -1.9
   173.1    2552.1    1.7   -1.9
   173.6    2552.1    1.7   -1.9
   174.1    2552.1    1.7   -1.9
   174.6    2552.1    1.7   -1.9
   175.1    2552.1    1.7   -1.9
   175.6    2552.1    1.7   -1.9
   176.1    2552.1    1.7   -1.9
   176.6    2552.1    1.6   -1.9
   177.1    2552.1    1.6   -1.9
   177.6    2552.1    1.6   -1.9
   178.1    2552.1    1.6   -1.9
   178.6    2552.1    1.6   -1.9
   179.1    2552.1    1.6   -1.9
   179.6    2552.1    1.6   -1.9
   180.1    2552.1    1.6   -1.9
   180.6    2552.1    1.6   -1.9
   181.1    2552.1    1.6   -1.9
   181.6    2552.1    1.6   -1.9
   182.1    2552.1    1.6   -2.0
   182.6    2552.1    1.6   -2.0
   183.1    2552.1    1.6   -2.0
   183.6    2552.1    1.7   -2.0
   184.1    2552.1    1.7   -2.0
   184.6    2552.1    1.7   -2.0
   185.1    2552.1    1.7   -2.0
   165.6    2552.6    1.7   -2.7
   166.1    2552.6    1.7   -2.7
   166.6    2552.6    1.7   -2.6
   167.1    2552.6    1.7   -2.5
   167.6    2552.6    1.6   -2.4
   168.1    2552.6    1.6   -2.3
   168.6    2552.6    1.6   -2.2
   169.1    2552.6    1.6   -2.1
   169.6    2552.6    1.6   -2.0
   170.1    2552.6    1.6   -2.0
   170.6    2552.6    1.6   -1.9
   171.1    2552.6    1.7   -1.9
   171.6    2552.6    1.7   -1.9
   172.1    2552.6    1.7   -1.9
   172.6    2552.6    1.7   -1.9
   173.1    2552.6    1.7   -1.9
   173.6    2552.6    1.7   -1.9
   174.1    2552.6    1.7   -1.9
   174.6    2552.6    1.7   -1.9
   175.1    2552.6    1.7   -1.9
   175.6    2552.6    1.7   -1.9
   176.1    2552.6    1.6   -1.8
   176.6    2552.6    1.6   -1.9
   177.1    2552.6    1.6   -1.9
   177.6    2552.6    1.6   -1.9
   178.1    2552.6    1.6   -1.9
   178.6    2552.6    1.6   -1.9
   179.1    2552.6    1.6   -1.9
   179.6    2552.6    1.6   -2.0
   180.1    2552.6    1.6   -2.0
   180.6    2552.6    1.6   -2.0
   181.1    2552.6    1.6   -2.0
   181.6    2552.6    1.6   -2.0
   182.1    2552.6    1.6   -2.0
   182.6    2552.6    1.6   -2.0
   183.1    2552.6    1.7   -2.0
   183.6    2552.6    1.7   -1.9
   184.1    2552.6    1.7   -1.9
   184.6    2552.6    1.7   -1.9
   185.1    2552.6    1.7   -1.9
   165.6    2553.1    1.7   -2.7
   166.1    2553.1    1.7   -2.7
   166.6    2553.1    1.7   -2.6
   167.1    2553.1    1.7   -2.5
   167.6    2553.1    1.6   -2.4
   168.1    2553.1    1.6   -2.3
   168.6    2553.1    1.6   -2.2
   169.1    2553.1    1.6   -2.1
   169.6    2553.1    1.6   -2.0
   170.1    2553.1    1.6   -2.0
   170.6    2553.1    1.6   -1.9
   171.1    2553.1    1.7   -1.9
   171.6    2553.1    1.7   -1.9
   172.1    2553.1    1.7   -1.9
   172.6    2553.1    1.7   -1.9
   173.1    2553.1    1.8   -1.9
   173.6    2553.1    1.8   -1.9
   174.1    2553.1    1.8   -1.9
   174.6    2553.1    1.7   -1.8
   175.1    2553.1    1.7   -1.8
   175.6    2553.1    1.7   -1.8
   176.1    2553.1    1.6   -1.8
   176.6    2553.1    1.6   -1.8
   177.1    2553.1    1.6   -1.8
   177.6    2553.1    1.6   -1.9
   178.1    2553.1    1.6   -1.9
   178.6    2553.1    1.6   -1.9
   179.1    2553.1    1.6   -2.0
   179.6    2553.1    1.6   -2.0
   180.1    2553.1    1.6   -2.0
   180.6    2553.1    1.6   -2.0
   181.1    2553.1    1.6   -2.0
   181.6    2553.1    1.6   -2.0
   182.1    2553.1    1.6   -2.0
   182.6    2553.1    1.7   -2.0
   183.1    2553.1    1.7   -2.0
   183.6    2553.1    1.7   -1.9
   184.1    2553.1    1.7   -1.9
   184.6    2553.1    1.7   -1.9
   185.1    2553.1    1.7   -1.9
   165.6    2553.6    1.7   -2.7
   166.1    2553.6    1.7   -2.7
   166.6    2553.6    1.7   -2.6
   167.1    2553.6    1.7   -2.5
   167.6    2553.6    1.6   -2.4
   168.1    2553.6    1.6   -2.3
   168.6    2553.6    1.6   -2.2
   169.1    2553.6    1.6   -2.1
   169.6    2553.6    1.6   -2.0
   170.1    2553.6    1.6   -2.0
   170.6    2553.6    1.6   -1.9
   171.1    2553.6    1.7   -1.9
   171.6    2553.6    1.7   -1.9
   172.1    2553.6    1.7   -1.9
   172.6    2553.6    1.8   -1.9
   173.1    2553.6    1.8   -1.9
   173.6    2553.6    1.8   -1.8
   174.1    2553.6    1.8   -1.8
   174.6    2553.6    1.8   -1.8
   175.1    2553.6    1.7   -1.8
   175.6    2553.6    1.7   -1.8
   176.1    2553.6    1.6   -1.8
   176.6    2553.6    1.6   -1.8
   177.1    2553.6    1.6   -1.8
   177.6    2553.6    1.5   -1.9
   178.1    2553.6    1.5   -1.9
   178.6    2553.6    1.5   -2.0
   179.1    2553.6    1.5   -2.0
   179.6    2553.6    1.6   -2.0
   180.1    2553.6    1.6   -2.0
   180.6    2553.6    1.6   -2.0
   181.1    2553.6    1.6   -2.0
   181.6    2553.6    1.6   -2.0
   182.1    2553.6    1.7   -2.0
   182.6    2553.6    1.7   -2.0
   183.1    2553.6    1.7   -2.0
   183.6    2553.6    1.6   -1.9
   184.1    2553.6    1.6   -1.9
   184.6    2553.6    1.6   -1.9
   185.1    2553.6    1.6   -1.9
   165.6    2554.1    1.7   -2.7
   166.1    2554.1    1.7   -2.7
   166.6    2554.1    1.7   -2.6
   167.1    2554.1    1.6   -2.5
   167.6    2554.1    1.6   -2.4
   168.1    2554.1    1.6   -2.3
   168.6    2554.1    1.6   -2.2
   169.1    2554.1    1.6   -2.1
   169.6    2554.1    1.6   -2.0
   170.1    2554.1    1.6   -2.0
   170.6    2554.1    1.7   -1.9
   171.1    2554.1    1.7   -1.9
   171.6    2554.1    1.7   -1.9
   172.1    2554.1    1.7   -1.9
   172.6    2554.1    1.8   -1.8
   173.1    2554.1    1.8   -1.8
   173.6    2554.1    1.8   -1.8
   174.1    2554.1    1.8   -1.8
   174.6    2554.1    1.8   -1.8
   175.1    2554.1    1.8   -1.8
   175.6    2554.1    1.7   -1.8
   176.1    2554.1    1.6   -1.8
   176.6    2554.1    1.6   -1.8
   177.1    2554.1    1.5   -1.8
   177.6    2554.1    1.5   -1.9
   178.1    2554.1    1.5   -2.0
   178.6    2554.1    1.5   -2.0
   179.1    2554.1    1.5   -2.0
   179.6    2554.1    1.5   -2.1
   180.1    2554.1    1.6   -2.1
   180.6    2554.1    1.6   -2.1
   181.1    2554.1    1.6   -2.1
   181.6    2554.1    1.6   -2.0
   182.1    2554.1    1.7   -2.0
   182.6    2554.1    1.7   -2.0
   183.1    2554.1    1.6   -1.9
   183.6    2554.1    1.6   -1.9
   184.1    2554.1    1.6   -1.9
   184.6    2554.1    1.6   -1.8
   185.1    2554.1    1.6   -1.8
   165.6    2554.6    1.7   -2.7
   166.1    2554.6    1.7   -2.6
   166.6    2554.6    1.7   -2.6
   167.1    2554.6    1.6   -2.5
   167.6    2554.6    1.6   -2.4
   168.1    2554.6    1.6   -2.3
   168.6    2554.6    1.6   -2.2
   169.1    2554.6    1.6   -2.1
   169.6    2554.6    1.6   -2.0
   170.1    2554.6    1.6   -2.0
   170.6    2554.6    1.7   -1.9
   171.1    2554.6    1.7   -1.9
   171.6    2554.6    1.7   -1.9
   172.1    2554.6    1.8   -1.8
   172.6    2554.6    1.8   -1.8
   173.1    2554.6    1.8   -1.8
   173.6    2554.6    1.9   -1.8
   174.1    2554.6    1.9   -1.7
   174.6    2554.6    1.9   -1.7
   175.1    2554.6    1.9   -1.7
   175.6    2554.6    1.8   -1.8
   176.1    2554.6    1.6   -1.8
   176.6    2554.6    1.6   -1.8
   177.1    2554.6    1.5   -1.9
   177.6    2554.6    1.5   -2.0
   178.1    2554.6    1.5   -2.0
   178.6    2554.6    1.5   -2.1
   179.1    2554.6    1.5   -2.1
   179.6    2554.6    1.5   -2.1
   180.1    2554.6    1.6   -2.1
   180.6    2554.6    1.6   -2.1
   181.1    2554.6    1.6   -2.1
   181.6    2554.6    1.6   -2.0
   182.1    2554.6    1.6   -2.0
   182.6    2554.6    1.6   -2.0
   183.1    2554.6    1.6   -1.9
   183.6    2554.6    1.6   -1.9
   184.1    2554.6    1.6   -1.8
   184.6    2554.6    1.6   -1.8
   185.1    2554.6    1.6   -1.8
   165.6    2555.1    1.7   -2.7
   166.1    2555.1    1.7   -2.6
   166.6    2555.1    1.7   -2.5
   167.1    2555.1    1.6   -2.4
   167.6    2555.1    1.6   -2.3
   168.1    2555.1    1.6   -2.2
   168.6    2555.1    1.6   -2.2
   169.1    2555.1    1.6   -2.1
   169.6    2555.1    1.6   -2.0
   170.1    2555.1    1.6   -1.9
   170.6    2555.1    1.7   -1.9
   171.1    2555.1    1.7   -1.9
   171.6    2555.1    1.7   -1.8
   172.1    2555.1    1.8   -1.8
   172.6    2555.1    1.8   -1.8
   173.1    2555.1    1.9   -1.7
   173.6    2555.1    1.9   -1.7
   174.1    2555.1    2.0   -1.7
   174.6    2555.1    2.0   -1.7
   175.1    2555.1    2.0   -1.7
   175.6    2555.1    1.9   -1.7
   176.1    2555.1    1.7   -1.8
   176.6    2555.1    1.6   -1.9
   177.1    2555.1    1.5   -2.1
   177.6    2555.1    1.4   -2.2
   178.1    2555.1    1.4   -2.2
   178.6    2555.1    1.4   -2.2
   179.1    2555.1    1.5   -2.2
   179.6    2555.1    1.5   -2.2
   180.1    2555.1    1.5   -2.1
   180.6    2555.1    1.6   -2.1
   181.1    2555.1    1.6   -2.1
   181.6    2555.1    1.6   -2.0
   182.1    2555.1    1.6   -2.0
   182.6    2555.1    1.6   -2.0
   183.1    2555.1    1.6   -1.9
   183.6    2555.1    1.6   -1.9
   184.1    2555.1    1.6   -1.8
   184.6    2555.1    1.6   -1.8
   185.1    2555.1    1.6   -1.8
   165.6    2555.6    1.7   -2.7
   166.1    2555.6    1.7   -2.6
   166.6    2555.6    1.7   -2.5
   167.1    2555.6    1.6   -2.4
   167.6    2555.6    1.6   -2.3
   168.1    2555.6    1.6   -2.2
   168.6    2555.6    1.6   -2.1
   169.1    2555.6    1.6   -2.1
   169.6    2555.6    1.6   -2.0
   170.1    2555.6    1.6   -1.9
   170.6    2555.6    1.6   -1.9
   171.1    2555.6    1.7   -1.9
   171.6    2555.6    1.7   -1.8
   172.1    2555.6    1.7   -1.8
   172.6    2555.6    1.8   -1.7
   173.1    2555.6    1.9   -1.7
   173.6    2555.6    2.0   -1.7
   174.1    2555.6    2.1   -1.6
   174.6    2555.6    2.2   -1.6
   175.1    2555.6    2.2   -1.6
   175.6    2555.6    2.0   -1.7
   176.1    2555.6    1.8   -1.9
   176.6    2555.6    1.6   -2.1
   177.1    2555.6    1.4   -2.3
   177.6    2555.6    1.4   -2.4
   178.1    2555.6    1.4   -2.4
   178.6    2555.6    1.4   -2.3
   179.1    2555.6    1.4   -2.3
   179.6    2555.6    1.5   -2.2
   180.1    2555.6    1.5   -2.2
   180.6    2555.6    1.6   -2.1
   181.1    2555.6    1.6   -2.1
   181.6    2555.6    1.6   -2.0
   182.1    2555.6    1.6   -2.0
   182.6    2555.6    1.6   -1.9
   183.1    2555.6    1.6   -1.9
   183.6    2555.6    1.6   -1.8
   184.1    2555.6    1.6   -1.8
   184.6    2555.6    1.6   -1.8
   185.1    2555.6    1.6   -1.8
   165.6    2556.1    1.7   -2.7
   166.1    2556.1    1.7   -2.6
   166.6    2556.1    1.6   -2.5
   167.1    2556.1    1.6   -2.4
   167.6    2556.1    1.6   -2.3
   168.1    2556.1    1.6   -2.2
   168.6    2556.1    1.6   -2.1
   169.1    2556.1    1.6   -2.0
   169.6    2556.1    1.6   -2.0
   170.1    2556.1    1.6   -1.9
   170.6    2556.1    1.6   -1.9
   171.1    2556.1    1.7   -1.8
   171.6    2556.1    1.7   -1.8
   172.1    2556.1    1.7   -1.7
   172.6    2556.1    1.8   -1.7
   173.1    2556.1    1.8   -1.6
   173.6    2556.1    2.0   -1.6
   174.1    2556.1    2.1   -1.6
   174.6    2556.1    2.3   -1.5
   175.1    2556.1    2.3   -1.6
   175.6    2556.1    2.1   -1.7
   176.1    2556.1    1.8   -1.9
   176.6    2556.1    1.5   -2.3
   177.1    2556.1    1.3   -2.5
   177.6    2556.1    1.3   -2.6
   178.1    2556.1    1.3   -2.5
   178.6    2556.1    1.4   -2.4
   179.1    2556.1    1.4   -2.3
   179.6    2556.1    1.5   -2.2
   180.1    2556.1    1.5   -2.2
   180.6    2556.1    1.6   -2.1
   181.1    2556.1    1.6   -2.1
   181.6    2556.1    1.6   -2.0
   182.1    2556.1    1.6   -2.0
   182.6    2556.1    1.6   -1.9
   183.1    2556.1    1.6   -1.9
   183.6    2556.1    1.6   -1.8
   184.1    2556.1    1.6   -1.8
   184.6    2556.1    1.6   -1.8
   185.1    2556.1    1.7   -1.8
   165.6    2556.6    1.7   -2.6
   166.1    2556.6    1.7   -2.6
   166.6    2556.6    1.6   -2.5
   167.1    2556.6    1.6   -2.4
   167.6    2556.6    1.6   -2.3
   168.1    2556.6    1.6   -2.2
   168.6    2556.6    1.6   -2.1
   169.1    2556.6    1.6   -2.0
   169.6    2556.6    1.6   -2.0
   170.1    2556.6    1.6   -1.9
   170.6    2556.6    1.6   -1.9
   171.1    2556.6    1.6   -1.8
   171.6    2556.6    1.7   -1.8
   172.1    2556.6    1.7   -1.7
   172.6    2556.6    1.7   -1.6
   173.1    2556.6    1.8   -1.6
   173.6    2556.6    1.8   -1.5
   174.1    2556.6    2.0   -1.5
   174.6    2556.6    2.1   -1.5
   175.1    2556.6    2.1   -1.5
   175.6    2556.6    2.0   -1.6
   176.1    2556.6    1.7   -1.9
   176.6    2556.6    1.5   -2.3
   177.1    2556.6    1.3   -2.5
   177.6    2556.6    1.3   -2.6
   178.1    2556.6    1.3   -2.5
   178.6    2556.6    1.3   -2.4
   179.1    2556.6    1.4   -2.3
   179.6    2556.6    1.5   -2.2
   180.1    2556.6    1.5   -2.2
   180.6    2556.6    1.6   -2.1
   181.1    2556.6    1.6   -2.1
   181.6    2556.6    1.6   -2.0
   182.1    2556.6    1.6   -2.0
   182.6    2556.6    1.6   -1.9
   183.1    2556.6    1.6   -1.9
   183.6    2556.6    1.6   -1.8
   184.1    2556.6    1.6   -1.8
   184.6    2556.6    1.7   -1.8
   185.1    2556.6    1.7   -1.8
   165.6    2557.1    1.7   -2.6
   166.1    2557.1    1.7   -2.6
   166.6    2557.1    1.6   -2.5
   167.1    2557.1    1.6   -2.4
   167.6    2557.1    1.6   -2.3
   168.1    2557.1    1.6   -2.2
   168.6    2557.1    1.6   -2.1
   169.1    2557.1    1.6   -2.0
   169.6    2557.1    1.6   -2.0
   170.1    2557.1    1.6   -1.9
   170.6    2557.1    1.6   -1.9
   171.1    2557.1    1.6   -1.8
   171.6    2557.1    1.6   -1.7
   172.1    2557.1    1.6   -1.7
   172.6    2557.1    1.6   -1.6
   173.1    2557.1    1.6   -1.5
   173.6    2557.1    1.6   -1.4
   174.1    2557.1    1.6   -1.4
   174.6    2557.1    1.7   -1.3
   175.1    2557.1    1.7   -1.4
   175.6    2557.1    1.7   -1.5
   176.1    2557.1    1.5   -1.8
   176.6    2557.1    1.4   -2.1
   177.1    2557.1    1.3   -2.4
   177.6    2557.1    1.3   -2.5
   178.1    2557.1    1.3   -2.4
   178.6    2557.1    1.4   -2.4
   179.1    2557.1    1.4   -2.3
   179.6    2557.1    1.5   -2.2
   180.1    2557.1    1.5   -2.1
   180.6    2557.1    1.6   -2.1
   181.1    2557.1    1.6   -2.0
   181.6    2557.1    1.6   -2.0
   182.1    2557.1    1.6   -1.9
   182.6    2557.1    1.6   -1.9
   183.1    2557.1    1.6   -1.9
   183.6    2557.1    1.7   -1.8
   184.1    2557.1    1.7   -1.8
   184.6    2557.1    1.7   -1.8
   185.1    2557.1    1.8   -1.9
   165.6    2557.6    1.7   -2.6
   166.1    2557.6    1.7   -2.6
   166.6    2557.6    1.6   -2.5
   167.1    2557.6    1.6   -2.4
   167.6    2557.6    1.6   -2.3
   168.1    2557.6    1.6   -2.2
   168.6    2557.6    1.6   -2.1
   169.1    2557.6    1.6   -2.0
   169.6    2557.6    1.6   -2.0
   170.1    2557.6    1.6   -1.9
   170.6    2557.6    1.6   -1.9
   171.1    2557.6    1.6   -1.8
   171.6    2557.6    1.6   -1.7
   172.1    2557.6    1.6   -1.7
   172.6    2557.6    1.5   -1.6
   173.1    2557.6    1.5   -1.5
   173.6    2557.6    1.4   -1.4
   174.1    2557.6    1.3   -1.3
   174.6    2557.6    1.2   -1.2
   175.1    2557.6    1.2   -1.2
   175.6    2557.6    1.3   -1.4
   176.1    2557.6    1.3   -1.6
   176.6    2557.6    1.3   -1.9
   177.1    2557.6    1.3   -2.2
   177.6    2557.6    1.3   -2.3
   178.1    2557.6    1.3   -2.3
   178.6    2557.6    1.4   -2.3
   179.1    2557.6    1.4   -2.2
   179.6    2557.6    1.5   -2.2
   180.1    2557.6    1.5   -2.1
   180.6    2557.6    1.6   -2.1
   181.1    2557.6    1.6   -2.0
   181.6    2557.6    1.6   -2.0
   182.1    2557.6    1.6   -1.9
   182.6    2557.6    1.7   -1.9
   183.1    2557.6    1.7   -1.9
   183.6    2557.6    1.7   -1.9
   184.1    2557.6    1.7   -1.9
   184.6    2557.6    1.8   -1.9
   185.1    2557.6    1.9   -1.9
   165.6    2558.1    1.7   -2.6
   166.1    2558.1    1.6   -2.5
   166.6    2558.1    1.6   -2.4
   167.1    2558.1    1.6   -2.3
   167.6    2558.1    1.6   -2.2
   168.1    2558.1    1.6   -2.2
   168.6    2558.1    1.6   -2.1
   169.1    2558.1    1.6   -2.0
   169.6    2558.1    1.6   -2.0
   170.1    2558.1    1.6   -1.9
   170.6    2558.1    1.6   -1.9
   171.1    2558.1    1.6   -1.8
   171.6    2558.1    1.5   -1.7
   172.1    2558.1    1.5   -1.6
   172.6    2558.1    1.5   -1.5
   173.1    2558.1    1.4   -1.4
   173.6    2558.1    1.3   -1.3
   174.1    2558.1    1.1   -1.2
   174.6    2558.1    1.0   -1.1
   175.1    2558.1    1.0   -1.1
   175.6    2558.1    1.1   -1.2
   176.1    2558.1    1.2   -1.5
   176.6    2558.1    1.3   -1.8
   177.1    2558.1    1.3   -2.0
   177.6    2558.1    1.4   -2.1
   178.1    2558.1    1.4   -2.1
   178.6    2558.1    1.4   -2.1
   179.1    2558.1    1.4   -2.1
   179.6    2558.1    1.5   -2.1
   180.1    2558.1    1.5   -2.0
   180.6    2558.1    1.6   -2.0
   181.1    2558.1    1.6   -2.0
   181.6    2558.1    1.6   -1.9
   182.1    2558.1    1.7   -1.9
   182.6    2558.1    1.7   -1.9
   183.1    2558.1    1.7   -1.9
   183.6    2558.1    1.8   -1.9
   184.1    2558.1    1.8   -1.9
   184.6    2558.1    1.9   -1.9
   185.1    2558.1    2.0   -2.0
   165.6    2558.6    1.6   -2.6
   166.1    2558.6    1.6   -2.5
   166.6    2558.6    1.6   -2.4
   167.1    2558.6    1.6   -2.4
   167.6    2558.6    1.6   -2.3
   168.1    2558.6    1.6   -2.2
   168.6    2558.6    1.6   -2.1
   169.1    2558.6    1.6   -2.0
   169.6    2558.6    1.6   -2.0
   170.1    2558.6    1.6   -1.9
   170.6    2558.6    1.6   -1.9
   171.1    2558.6    1.6   -1.8
   171.6    2558.6    1.5   -1.7
   172.1    2558.6    1.5   -1.7
   172.6    2558.6    1.4   -1.6
   173.1    2558.6    1.3   -1.4
   173.6    2558.6    1.2   -1.3
   174.1    2558.6    1.1   -1.2
   174.6    2558.6    0.9   -1.1
   175.1    2558.6    0.9   -1.1
   175.6    2558.6    1.0   -1.2
   176.1    2558.6    1.2   -1.4
   176.6    2558.6    1.3   -1.6
   177.1    2558.6    1.3   -1.8
   177.6    2558.6    1.4   -2.0
   178.1    2558.6    1.4   -2.0
   178.6    2558.6    1.4   -2.0
   179.1    2558.6    1.5   -2.0
   179.6    2558.6    1.5   -2.0
   180.1    2558.6    1.5   -2.0
   180.6    2558.6    1.6   -2.0
   181.1    2558.6    1.6   -1.9
   181.6    2558.6    1.7   -1.9
   182.1    2558.6    1.7   -1.9
   182.6    2558.6    1.7   -1.9
   183.1    2558.6    1.8   -1.9
   183.6    2558.6    1.8   -1.9
   184.1    2558.6    1.9   -1.9
   184.6    2558.6    2.0   -1.9
   185.1    2558.6    2.0   -2.0
   165.6    2559.1    1.6   -2.6
   166.1    2559.1    1.6   -2.5
   166.6    2559.1    1.6   -2.4
   167.1    2559.1    1.6   -2.4
   167.6    2559.1    1.6   -2.3
   168.1    2559.1    1.6   -2.2
   168.6    2559.1    1.6   -2.1
   169.1    2559.1    1.6   -2.1
   169.6    2559.1    1.6   -2.0
   170.1    2559.1    1.6   -2.0
   170.6    2559.1    1.6   -1.9
   171.1    2559.1    1.6   -1.8
   171.6    2559.1    1.5   -1.8
   172.1    2559.1    1.5   -1.7
   172.6    2559.1    1.4   -1.6
   173.1    2559.1    1.3   -1.5
   173.6    2559.1    1.2   -1.4
   174.1    2559.1    1.1   -1.3
   174.6    2559.1    1.0   -1.2
   175.1    2559.1    1.0   -1.2
   175.6    2559.1    1.1   -1.3
   176.1    2559.1    1.2   -1.5
   176.6    2559.1    1.3   -1.6
   177.1    2559.1    1.3   -1.7
   177.6    2559.1    1.4   -1.9
   178.1    2559.1    1.4   -1.9
   178.6    2559.1    1.5   -1.9
   179.1    2559.1    1.5   -2.0
   179.6    2559.1    1.5   -1.9
   180.1    2559.1    1.6   -1.9
   180.6    2559.1    1.6   -1.9
   181.1    2559.1    1.7   -1.9
   181.6    2559.1    1.7   -1.9
   182.1    2559.1    1.7   -1.9
   182.6    2559.1    1.8   -1.9
   183.1    2559.1    1.8   -1.9
   183.6    2559.1    1.9   -1.9
   184.1    2559.1    1.9   -1.9
   184.6    2559.1    2.0   -2.0
   185.1    2559.1    2.1   -2.0
   165.6    2559.6    1.6   -2.6
   166.1    2559.6    1.6   -2.5
   166.6    2559.6    1.6   -2.4
   167.1    2559.6    1.6   -2.4
   167.6    2559.6    1.6   -2.3
   168.1    2559.6    1.6   -2.2
   168.6    2559.6    1.6   -2.2
   169.1    2559.6    1.6   -2.1
   169.6    2559.6    1.6   -2.1
   170.1    2559.6    1.6   -2.0
   170.6    2559.6    1.6   -1.9
   171.1    2559.6    1.6   -1.9
   171.6    2559.6    1.5   -1.8
   172.1    2559.6    1.5   -1.7
   172.6    2559.6    1.4   -1.6
   173.1    2559.6    1.4   -1.5
   173.6    2559.6    1.3   -1.5
   174.1    2559.6    1.2   -1.4
   174.6    2559.6    1.1   -1.3
   175.1    2559.6    1.1   -1.3
   175.6    2559.6    1.2   -1.4
   176.1    2559.6    1.2   -1.5
   176.6    2559.6    1.3   -1.6
   177.1    2559.6    1.4   -1.7
   177.6    2559.6    1.4   -1.8
   178.1    2559.6    1.4   -1.8
   178.6    2559.6    1.5   -1.9
   179.1    2559.6    1.5   -1.9
   179.6    2559.6    1.5   -1.9
   180.1    2559.6    1.6   -1.9
   180.6    2559.6    1.6   -1.9
   181.1    2559.6    1.7   -1.9
   181.6    2559.6    1.7   -1.9
   182.1    2559.6    1.8   -1.9
   182.6    2559.6    1.8   -1.9
   183.1    2559.6    1.9   -1.9
   183.6    2559.6    1.9   -1.9
   184.1    2559.6    2.0   -1.9
   184.6    2559.6    2.1   -2.0
   185.1    2559.6    2.1   -2.0
   165.6    2560.1    1.6   -2.6
   166.1    2560.1    1.6   -2.5
   166.6    2560.1    1.6   -2.4
   167.1    2560.1    1.6   -2.4
   167.6    2560.1    1.6   -2.3
   168.1    2560.1    1.6   -2.3
   168.6    2560.1    1.6   -2.2
   169.1    2560.1    1.6   -2.2
   169.6    2560.1    1.6   -2.1
   170.1    2560.1    1.6   -2.1
   170.6    2560.1    1.6   -2.0
   171.1    2560.1    1.6   -1.9
   171.6    2560.1    1.6   -1.8
   172.1    2560.1    1.5   -1.8
   172.6    2560.1    1.5   -1.7
   173.1    2560.1    1.4   -1.6
   173.6    2560.1    1.3   -1.5
   174.1    2560.1    1.3   -1.5
   174.6    2560.1    1.3   -1.5
   175.1    2560.1    1.2   -1.5
   175.6    2560.1    1.3   -1.5
   176.1    2560.1    1.3   -1.6
   176.6    2560.1    1.4   -1.6
   177.1    2560.1    1.4   -1.7
   177.6    2560.1    1.4   -1.8
   178.1    2560.1    1.5   -1.8
   178.6    2560.1    1.5   -1.8
   179.1    2560.1    1.5   -1.8
   179.6    2560.1    1.6   -1.8
   180.1    2560.1    1.6   -1.8
   180.6    2560.1    1.7   -1.8
   181.1    2560.1    1.7   -1.9
   181.6    2560.1    1.8   -1.9
   182.1    2560.1    1.8   -1.9
   182.6    2560.1    1.9   -1.9
   183.1    2560.1    1.9   -1.9
   183.6    2560.1    1.9   -1.9
   184.1    2560.1    2.0   -1.9
   184.6    2560.1    2.1   -1.9
   185.1    2560.1    2.2   -2.0
   165.6    2560.6    1.6   -2.6
   166.1    2560.6    1.6   -2.5
   166.6    2560.6    1.6   -2.4
   167.1    2560.6    1.6   -2.4
   167.6    2560.6    1.6   -2.4
   168.1    2560.6    1.7   -2.3
   168.6    2560.6    1.7   -2.3
   169.1    2560.6    1.7   -2.2
   169.6    2560.6    1.7   -2.2
   170.1    2560.6    1.6   -2.1
   170.6    2560.6    1.6   -2.0
   171.1    2560.6    1.6   -2.0
   171.6    2560.6    1.6   -1.9
   172.1    2560.6    1.5   -1.8
   172.6    2560.6    1.5   -1.8
   173.1    2560.6    1.5   -1.7
   173.6    2560.6    1.4   -1.6
   174.1    2560.6    1.4   -1.6
   174.6    2560.6    1.3   -1.6
   175.1    2560.6    1.3   -1.5
   175.6    2560.6    1.3   -1.6
   176.1    2560.6    1.4   -1.6
   176.6    2560.6    1.4   -1.7
   177.1    2560.6    1.4   -1.7
   177.6    2560.6    1.5   -1.7
   178.1    2560.6    1.5   -1.8
   178.6    2560.6    1.5   -1.8
   179.1    2560.6    1.6   -1.8
   179.6    2560.6    1.6   -1.8
   180.1    2560.6    1.7   -1.8
   180.6    2560.6    1.7   -1.8
   181.1    2560.6    1.8   -1.8
   181.6    2560.6    1.8   -1.8
   182.1    2560.6    1.9   -1.8
   182.6    2560.6    1.9   -1.8
   183.1    2560.6    1.9   -1.9
   183.6    2560.6    2.0   -1.9
   184.1    2560.6    2.0   -1.9
   184.6    2560.6    2.1   -1.9
   185.1    2560.6    2.1   -1.9
   165.6    2561.1    1.6   -2.6
   166.1    2561.1    1.6   -2.5
   166.6    2561.1    1.6   -2.5
   167.1    2561.1    1.6   -2.4
   167.6    2561.1    1.6   -2.4
   168.1    2561.1    1.7   -2.4
   168.6    2561.1    1.7   -2.3
   169.1    2561.1    1.7   -2.3
   169.6    2561.1    1.7   -2.2
   170.1    2561.1    1.7   -2.2
   170.6    2561.1    1.6   -2.1
   171.1    2561.1    1.6   -2.0
   171.6    2561.1    1.6   -2.0
   172.1    2561.1    1.6   -1.9
   172.6    2561.1    1.5   -1.8
   173.1    2561.1    1.5   -1.8
   173.6    2561.1    1.5   -1.7
   174.1    2561.1    1.4   -1.7
   174.6    2561.1    1.4   -1.6
   175.1    2561.1    1.4   -1.6
   175.6    2561.1    1.4   -1.6
   176.1    2561.1    1.4   -1.6
   176.6    2561.1    1.4   -1.7
   177.1    2561.1    1.5   -1.7
   177.6    2561.1    1.5   -1.7
   178.1    2561.1    1.5   -1.7
   178.6    2561.1    1.6   -1.8
   179.1    2561.1    1.6   -1.8
   179.6    2561.1    1.7   -1.8
   180.1    2561.1    1.7   -1.8
   180.6    2561.1    1.8   -1.8
   181.1    2561.1    1.8   -1.8
   181.6    2561.1    1.9   -1.8
   182.1    2561.1    1.9   -1.8
   182.6    2561.1    1.9   -1.8
   183.1    2561.1    1.9   -1.8
   183.6    2561.1    2.0   -1.8
   184.1    2561.1    2.0   -1.8
   184.6    2561.1    2.1   -1.9
   185.1    2561.1    2.1   -1.9
   165.6    2561.6    1.6   -2.6
   166.1    2561.6    1.6   -2.5
   166.6    2561.6    1.6   -2.5
   167.1    2561.6    1.6   -2.4
   167.6    2561.6    1.7   -2.4
   168.1    2561.6    1.7   -2.4
   168.6    2561.6    1.7   -2.4
   169.1    2561.6    1.7   -2.3
   169.6    2561.6    1.7   -2.3
   170.1    2561.6    1.7   -2.2
   170.6    2561.6    1.7   -2.1
   171.1    2561.6    1.7   -2.1
   171.6    2561.6    1.6   -2.0
   172.1    2561.6    1.6   -2.0
   172.6    2561.6    1.6   -1.9
   173.1    2561.6    1.5   -1.8
   173.6    2561.6    1.5   -1.8
   174.1    2561.6    1.5   -1.7
   174.6    2561.6    1.5   -1.7
   175.1    2561.6    1.5   -1.7
   175.6    2561.6    1.5   -1.7
   176.1    2561.6    1.5   -1.7
   176.6    2561.6    1.5   -1.7
   177.1    2561.6    1.5   -1.7
   177.6    2561.6    1.5   -1.7
   178.1    2561.6    1.6   -1.7
   178.6    2561.6    1.6   -1.8
   179.1    2561.6    1.7   -1.8
   179.6    2561.6    1.7   -1.8
   180.1    2561.6    1.8   -1.8
   180.6    2561.6    1.8   -1.8
   181.1    2561.6    1.9   -1.8
   181.6    2561.6    1.9   -1.8
   182.1    2561.6    1.9   -1.8
   182.6    2561.6    1.9   -1.8
   183.1    2561.6    1.9   -1.8
   183.6    2561.6    1.9   -1.8
   184.1    2561.6    2.0   -1.8
   184.6    2561.6    2.0   -1.8
   185.1    2561.6    2.0   -1.8
   165.6    2562.1    1.6   -2.6
   166.1    2562.1    1.6   -2.5
   166.6    2562.1    1.6   -2.5
   167.1    2562.1    1.6   -2.5
   167.6    2562.1    1.7   -2.4
   168.1    2562.1    1.7   -2.4
   168.6    2562.1    1.7   -2.4
   169.1    2562.1    1.7   -2.4
   169.6    2562.1    1.7   -2.3
   170.1    2562.1    1.7   -2.3
   170.6    2562.1    1.7   -2.2
   171.1    2562.1    1.7   -2.1
   171.6    2562.1    1.7   -2.1
   172.1    2562.1    1.6   -2.0
   172.6    2562.1    1.6   -1.9
   173.1    2562.1    1.6   -1.9
   173.6    2562.1    1.6   -1.8
   174.1    2562.1    1.5   -1.8
   174.6    2562.1    1.5   -1.8
   175.1    2562.1    1.5   -1.7
   175.6    2562.1    1.5   -1.7
   176.1    2562.1    1.5   -1.7
   176.6    2562.1    1.5   -1.7
   177.1    2562.1    1.6   -1.7
   177.6    2562.1    1.6   -1.7
   178.1    2562.1    1.6   -1.7
   178.6    2562.1    1.7   -1.8
   179.1    2562.1    1.7   -1.8
   179.6    2562.1    1.8   -1.8
   180.1    2562.1    1.8   -1.8
   180.6    2562.1    1.9   -1.8
   181.1    2562.1    1.9   -1.8
   181.6    2562.1    1.9   -1.8
   182.1    2562.1    1.9   -1.8
   182.6    2562.1    1.9   -1.8
   183.1    2562.1    1.9   -1.7
   183.6    2562.1    1.9   -1.7
   184.1    2562.1    1.9   -1.7
   184.6    2562.1    1.9   -1.7
   185.1    2562.1    1.9   -1.7
   165.6    2562.6    1.6   -2.6
   166.1    2562.6    1.6   -2.5
   166.6    2562.6    1.6   -2.5
   167.1    2562.6    1.6   -2.5
   167.6    2562.6    1.7   -2.5
   168.1    2562.6    1.7   -2.5
   168.6    2562.6    1.7   -2.4
   169.1    2562.6    1.7   -2.4
   169.6    2562.6    1.7   -2.4
   170.1    2562.6    1.7   -2.3
   170.6    2562.6    1.7   -2.2
   171.1    2562.6    1.7   -2.2
   171.6    2562.6    1.7   -2.1
   172.1    2562.6    1.7   -2.0
   172.6    2562.6    1.6   -2.0
   173.1    2562.6    1.6   -1.9
   173.6    2562.6    1.6   -1.9
   174.1    2562.6    1.6   -1.8
   174.6    2562.6    1.6   -1.8
   175.1    2562.6    1.6   -1.8
   175.6    2562.6    1.6   -1.8
   176.1    2562.6    1.6   -1.8
   176.6    2562.6    1.6   -1.8
   177.1    2562.6    1.6   -1.7
   177.6    2562.6    1.6   -1.8
   178.1    2562.6    1.7   -1.8
   178.6    2562.6    1.7   -1.8
   179.1    2562.6    1.8   -1.8
   179.6    2562.6    1.8   -1.8
   180.1    2562.6    1.9   -1.8
   180.6    2562.6    1.9   -1.8
   181.1    2562.6    1.9   -1.8
   181.6    2562.6    1.9   -1.8
   182.1    2562.6    1.9   -1.7
   182.6    2562.6    1.9   -1.7
   183.1    2562.6    1.9   -1.7
   183.6    2562.6    1.9   -1.7
   184.1    2562.6    1.9   -1.7
   184.6    2562.6    1.9   -1.6
   185.1    2562.6    1.9   -1.6
   165.6    2563.1    1.6   -2.6
   166.1    2563.1    1.6   -2.6
   166.6    2563.1    1.6   -2.5
   167.1    2563.1    1.7   -2.5
   167.6    2563.1    1.7   -2.5
   168.1    2563.1    1.7   -2.5
   168.6    2563.1    1.8   -2.5
   169.1    2563.1    1.8   -2.4
   169.6    2563.1    1.8   -2.4
   170.1    2563.1    1.7   -2.3
   170.6    2563.1    1.7   -2.3
   171.1    2563.1    1.7   -2.2
   171.6    2563.1    1.7   -2.1
   172.1    2563.1    1.7   -2.1
   172.6    2563.1    1.6   -2.0
   173.1    2563.1    1.6   -2.0
   173.6    2563.1    1.6   -1.9
   174.1    2563.1    1.6   -1.9
   174.6    2563.1    1.6   -1.9
   175.1    2563.1    1.6   -1.8
   175.6    2563.1    1.6   -1.8
   176.1    2563.1    1.6   -1.8
   176.6    2563.1    1.6   -1.8
   177.1    2563.1    1.7   -1.8
   177.6    2563.1    1.7   -1.8
   178.1    2563.1    1.7   -1.8
   178.6    2563.1    1.8   -1.8
   179.1    2563.1    1.8   -1.8
   179.6    2563.1    1.9   -1.8
   180.1    2563.1    1.9   -1.8
   180.6    2563.1    1.9   -1.8
   181.1    2563.1    1.9   -1.8
   181.6    2563.1    1.9   -1.7
   182.1    2563.1    1.9   -1.7
   182.6    2563.1    1.8   -1.7
   183.1    2563.1    1.8   -1.7
   183.6    2563.1    1.8   -1.6
   184.1    2563.1    1.8   -1.6
   184.6    2563.1    1.8   -1.6
   185.1    2563.1    1.8   -1.6
   165.6    2563.6    1.6   -2.6
   166.1    2563.6    1.6   -2.6
   166.6    2563.6    1.7   -2.6
   167.1    2563.6    1.7   -2.6
   167.6    2563.6    1.7   -2.6
   168.1    2563.6    1.8   -2.5
   168.6    2563.6    1.8   -2.5
   169.1    2563.6    1.8   -2.4
   169.6    2563.6    1.8   -2.4
   170.1    2563.6    1.8   -2.3
   170.6    2563.6    1.7   -2.3
   171.1    2563.6    1.7   -2.2
   171.6    2563.6    1.7   -2.1
   172.1    2563.6    1.7   -2.1
   172.6    2563.6    1.7   -2.0
   173.1    2563.6    1.6   -2.0
   173.6    2563.6    1.6   -1.9
   174.1    2563.6    1.6   -1.9
   174.6    2563.6    1.6   -1.9
   175.1    2563.6    1.6   -1.8
   175.6    2563.6    1.6   -1.8
   176.1    2563.6    1.7   -1.8
   176.6    2563.6    1.7   -1.8
   177.1    2563.6    1.7   -1.8
   177.6    2563.6    1.7   -1.8
   178.1    2563.6    1.8   -1.8
   178.6    2563.6    1.8   -1.8
   179.1    2563.6    1.9   -1.8
   179.6    2563.6    1.9   -1.8
   180.1    2563.6    1.9   -1.8
   180.6    2563.6    1.9   -1.8
   181.1    2563.6    1.9   -1.8
   181.6    2563.6    1.9   -1.7
   182.1    2563.6    1.8   -1.7
   182.6    2563.6    1.8   -1.7
   183.1    2563.6    1.8   -1.6
   183.6    2563.6    1.7   -1.6
   184.1    2563.6    1.7   -1.5
   184.6    2563.6    1.7   -1.5
   185.1    2563.6    1.7   -1.5
   165.6    2564.1    1.6   -2.6
   166.1    2564.1    1.6   -2.6
   166.6    2564.1    1.7   -2.6
   167.1    2564.1    1.7   -2.6
   167.6    2564.1    1.8   -2.6
   168.1    2564.1    1.8   -2.5
   168.6    2564.1    1.8   -2.5
   169.1    2564.1    1.8   -2.5
   169.6    2564.1    1.8   -2.4
   170.1    2564.1    1.8   -2.3
   170.6    2564.1    1.8   -2.3
   171.1    2564.1    1.7   -2.2
   171.6    2564.1    1.7   -2.1
   172.1    2564.1    1.7   -2.1
   172.6    2564.1    1.7   -2.0
   173.1    2564.1    1.7   -2.0
   173.6    2564.1    1.7   -2.0
   174.1    2564.1    1.7   -1.9
   174.6    2564.1    1.7   -1.9
   175.1    2564.1    1.7   -1.9
   175.6    2564.1    1.7   -1.9
   176.1    2564.1    1.7   -1.8
   176.6    2564.1    1.7   -1.8
   177.1    2564.1    1.8   -1.8
   177.6    2564.1    1.8   -1.8
   178.1    2564.1    1.8   -1.8
   178.6    2564.1    1.9   -1.8
   179.1    2564.1    1.9   -1.8
   179.6    2564.1    1.9   -1.8
   180.1    2564.1    1.9   -1.8
   180.6    2564.1    1.9   -1.8
   181.1    2564.1    1.9   -1.7
   181.6    2564.1    1.8   -1.7
   182.1    2564.1    1.8   -1.7
   182.6    2564.1    1.7   -1.6
   183.1    2564.1    1.7   -1.6
   183.6    2564.1    1.7   -1.5
   184.1    2564.1    1.7   -1.5
   184.6    2564.1    1.7   -1.5
   185.1    2564.1    1.7   -1.5
   165.6    2564.6    1.6   -2.7
   166.1    2564.6    1.7   -2.6
   166.6    2564.6    1.7   -2.6
   167.1    2564.6    1.7   -2.6
   167.6    2564.6    1.8   -2.6
   168.1    2564.6    1.8   -2.6
   168.6    2564.6    1.8   -2.5
   169.1    2564.6    1.8   -2.5
   169.6    2564.6    1.8   -2.4
   170.1    2564.6    1.8   -2.3
   170.6    2564.6    1.8   -2.3
   171.1    2564.6    1.8   -2.2
   171.6    2564.6    1.7   -2.1
   172.1    2564.6    1.7   -2.1
   172.6    2564.6    1.7   -2.0
   173.1    2564.6    1.7   -2.0
   173.6    2564.6    1.7   -2.0
   174.1    2564.6    1.7   -1.9
   174.6    2564.6    1.7   -1.9
   175.1    2564.6    1.7   -1.9
   175.6    2564.6    1.7   -1.9
   176.1    2564.6    1.8   -1.9
   176.6    2564.6    1.8   -1.9
   177.1    2564.6    1.8   -1.9
   177.6    2564.6    1.9   -1.9
   178.1    2564.6    1.9   -1.9
   178.6    2564.6    1.9   -1.8
   179.1    2564.6    1.9   -1.8
   179.6    2564.6    1.9   -1.8
   180.1    2564.6    1.9   -1.8
   180.6    2564.6    1.9   -1.7
   181.1    2564.6    1.8   -1.7
   181.6    2564.6    1.8   -1.7
   182.1    2564.6    1.7   -1.6
   182.6    2564.6    1.7   -1.6
   183.1    2564.6    1.7   -1.5
   183.6    2564.6    1.6   -1.5
   184.1    2564.6    1.6   -1.5
   184.6    2564.6    1.6   -1.5
   185.1    2564.6    1.6   -1.5
   165.6    2565.1    1.7   -2.7
   166.1    2565.1    1.7   -2.7
   166.6    2565.1    1.7   -2.6
   167.1    2565.1    1.8   -2.6
   167.6    2565.1    1.8   -2.6
   168.1    2565.1    1.8   -2.6
   168.6    2565.1    1.8   -2.5
   169.1    2565.1    1.8   -2.5
   169.6    2565.1    1.8   -2.4
   170.1    2565.1    1.8   -2.3
   170.6    2565.1    1.8   -2.3
   171.1    2565.1    1.8   -2.2
   171.6    2565.1    1.8   -2.1
   172.1    2565.1    1.8   -2.1
   172.6    2565.1    1.7   -2.0
   173.1    2565.1    1.7   -2.0
   173.6    2565.1    1.7   -2.0
   174.1    2565.1    1.8   -1.9
   174.6    2565.1    1.8   -1.9
   175.1    2565.1    1.8   -1.9
   175.6    2565.1    1.8   -1.9
   176.1    2565.1    1.8   -1.9
   176.6    2565.1    1.9   -1.9
   177.1    2565.1    1.9   -1.9
   177.6    2565.1    1.9   -1.9
   178.1    2565.1    1.9   -1.9
   178.6    2565.1    1.9   -1.8
   179.1    2565.1    1.9   -1.8
   179.6    2565.1    1.9   -1.8
   180.1    2565.1    1.9   -1.8
   180.6    2565.1    1.8   -1.7
   181.1    2565.1    1.8   -1.7
   181.6    2565.1    1.7   -1.6
   182.1    2565.1    1.7   -1.6
   182.6    2565.1    1.6   -1.6
   183.1    2565.1    1.6   -1.5
   183.6    2565.1    1.6   -1.5
   184.1    2565.1    1.6   -1.4
   184.6    2565.1    1.6   -1.4
   185.1    2565.1    1.6   -1.4
   165.6    2565.6    1.7   -2.7
   166.1    2565.6    1.7   -2.7
   166.6    2565.6    1.7   -2.6
   167.1    2565.6    1.8   -2.6
   167.6    2565.6    1.8   -2.6
   168.1    2565.6    1.8   -2.5
   168.6    2565.6    1.8   -2.5
   169.1    2565.6    1.9   -2.5
   169.6    2565.6    1.9   -2.4
   170.1    2565.6    1.8   -2.3
   170.6    2565.6    1.8   -2.3
   171.1    2565.6    1.8   -2.2
   171.6    2565.6    1.8   -2.1
   172.1    2565.6    1.8   -2.1
   172.6    2565.6    1.8   -2.0
   173.1    2565.6    1.8   -2.0
   173.6    2565.6    1.8   -2.0
   174.1    2565.6    1.8   -1.9
   174.6    2565.6    1.8   -1.9
   175.1    2565.6    1.8   -1.9
   175.6    2565.6    1.8   -1.9
   176.1    2565.6    1.9   -1.9
   176.6    2565.6    1.9   -1.9
   177.1    2565.6    1.9   -1.9
   177.6    2565.6    1.9   -1.9
   178.1    2565.6    1.9   -1.9
   178.6    2565.6    1.9   -1.8
   179.1    2565.6    1.9   -1.8
   179.6    2565.6    1.9   -1.8
   180.1    2565.6    1.8   -1.7
   180.6    2565.6    1.8   -1.7
   181.1    2565.6    1.7   -1.6
   181.6    2565.6    1.7   -1.6
   182.1    2565.6    1.6   -1.5
   182.6    2565.6    1.6   -1.5
   183.1    2565.6    1.6   -1.5
   183.6    2565.6    1.6   -1.5
   184.1    2565.6    1.5   -1.4
   184.6    2565.6    1.5   -1.4
   185.1    2565.6    1.6   -1.5
