   165.6    2546.1    0.5   -2.6
   166.1    2546.1    0.5   -2.6
   166.6    2546.1    0.5   -2.5
   167.1    2546.1    0.5   -2.5
   167.6    2546.1    0.5   -2.5
   168.1    2546.1    0.5   -2.5
   168.6    2546.1    0.5   -2.5
   169.1    2546.1    0.5   -2.5
   169.6    2546.1    0.4   -2.5
   170.1    2546.1    0.4   -2.5
   170.6    2546.1    0.4   -2.5
   171.1    2546.1    0.4   -2.5
   171.6    2546.1    0.4   -2.5
   172.1    2546.1    0.3   -2.6
   172.6    2546.1    0.4   -2.6
   173.1    2546.1    0.4   -2.6
   173.6    2546.1    0.4   -2.6
   174.1    2546.1    0.4   -2.6
   174.6    2546.1    0.4   -2.6
   175.1    2546.1    0.4   -2.6
   175.6    2546.1    0.5   -2.6
   176.1    2546.1    0.5   -2.6
   176.6    2546.1    0.5   -2.5
   177.1    2546.1    0.5   -2.5
   177.6    2546.1    0.5   -2.5
   178.1    2546.1    0.6   -2.5
   178.6    2546.1    0.6   -2.4
   179.1    2546.1    0.7   -2.4
   179.6    2546.1    0.8   -2.3
   180.1    2546.1    0.9   -2.3
   180.6    2546.1    0.9   -2.3
   181.1    2546.1    1.0   -2.2
   181.6    2546.1    1.1   -2.2
   182.1    2546.1    1.1   -2.1
   182.6    2546.1    1.0   -2.1
   183.1    2546.1    1.0   -2.1
   183.6    2546.1    0.9   -2.1
   184.1    2546.1    0.8   -2.1
   184.6    2546.1    0.6   -2.1
   185.1    2546.1    0.6   -2.1
   165.6    2546.6    0.5   -2.6
   166.1    2546.6    0.5   -2.6
   166.6    2546.6    0.5   -2.5
   167.1    2546.6    0.5   -2.5
   167.6    2546.6    0.5   -2.5
   168.1    2546.6    0.5   -2.5
   168.6    2546.6    0.5   -2.5
   169.1    2546.6    0.4   -2.5
   169.6    2546.6    0.4   -2.5
   170.1    2546.6    0.4   -2.5
   170.6    2546.6    0.4   -2.5
   171.1    2546.6    0.4   -2.6
   171.6    2546.6    0.3   -2.6
   172.1    2546.6    0.3   -2.6
   172.6    2546.6    0.4   -2.6
   173.1    2546.6    0.4   -2.6
   173.6    2546.6    0.4   -2.6
   174.1    2546.6    0.4   -2.6
   174.6    2546.6    0.4   -2.6
   175.1    2546.6    0.4   -2.6
   175.6    2546.6    0.4   -2.6
   176.1    2546.6    0.5   -2.6
   176.6    2546.6    0.5   -2.6
   177.1    2546.6    0.5   -2.6
   177.6    2546.6    0.5   -2.6
   178.1    2546.6    0.6   -2.5
   178.6    2546.6    0.6   -2.5
   179.1    2546.6    0.7   -2.5
   179.6    2546.6    0.7   -2.4
   180.1    2546.6    0.8   -2.4
   180.6    2546.6    0.9   -2.3
   181.1    2546.6    1.0   -2.3
   181.6    2546.6    1.0   -2.2
   182.1    2546.6    1.0   -2.2
   182.6    2546.6    1.0   -2.2
   183.1    2546.6    0.9   -2.2
   183.6    2546.6    0.8   -2.2
   184.1    2546.6    0.7   -2.2
   184.6    2546.6    0.6   -2.2
   185.1    2546.6    0.5   -2.1
   165.6    2547.1    0.4   -2.6
   166.1    2547.1    0.5   -2.6
   166.6    2547.1    0.5   -2.6
   167.1    2547.1    0.5   -2.5
   167.6    2547.1    0.5   -2.5
   168.1    2547.1    0.5   -2.5
   168.6    2547.1    0.5   -2.5
   169.1    2547.1    0.4   -2.5
   169.6    2547.1    0.4   -2.6
   170.1    2547.1    0.4   -2.6
   170.6    2547.1    0.4   -2.6
   171.1    2547.1    0.3   -2.6
   171.6    2547.1    0.3   -2.6
   172.1    2547.1    0.3   -2.6
   172.6    2547.1    0.3   -2.7
   173.1    2547.1    0.4   -2.7
   173.6    2547.1    0.4   -2.7
   174.1    2547.1    0.4   -2.7
   174.6    2547.1    0.4   -2.7
   175.1    2547.1    0.4   -2.7
   175.6    2547.1    0.4   -2.7
   176.1    2547.1    0.5   -2.7
   176.6    2547.1    0.5   -2.7
   177.1    2547.1    0.5   -2.7
   177.6    2547.1    0.5   -2.6
   178.1    2547.1    0.5   -2.6
   178.6    2547.1    0.6   -2.6
   179.1    2547.1    0.6   -2.6
   179.6    2547.1    0.7   -2.5
   180.1    2547.1    0.7   -2.5
   180.6    2547.1    0.8   -2.5
   181.1    2547.1    0.9   -2.4
   181.6    2547.1    0.9   -2.4
   182.1    2547.1    0.9   -2.3
   182.6    2547.1    0.9   -2.3
   183.1    2547.1    0.8   -2.3
   183.6    2547.1    0.7   -2.3
   184.1    2547.1    0.6   -2.3
   184.6    2547.1    0.5   -2.3
   185.1    2547.1    0.5   -2.2
   165.6    2547.6    0.4   -2.6
   166.1    2547.6    0.4   -2.6
   166.6    2547.6    0.5   -2.6
   167.1    2547.6    0.5   -2.6
   167.6    2547.6    0.5   -2.6
   168.1    2547.6    0.5   -2.6
   168.6    2547.6    0.4   -2.6
   169.1    2547.6    0.4   -2.6
   169.6    2547.6    0.4   -2.6
   170.1    2547.6    0.4   -2.6
   170.6    2547.6    0.4   -2.6
   171.1    2547.6    0.3   -2.6
   171.6    2547.6    0.3   -2.6
   172.1    2547.6    0.3   -2.7
   172.6    2547.6    0.3   -2.7
   173.1    2547.6    0.3   -2.8
   173.6    2547.6    0.3   -2.8
   174.1    2547.6    0.4   -2.8
   174.6    2547.6    0.4   -2.8
   175.1    2547.6    0.4   -2.8
   175.6    2547.6    0.4   -2.8
   176.1    2547.6    0.5   -2.7
   176.6    2547.6    0.5   -2.7
   177.1    2547.6    0.5   -2.7
   177.6    2547.6    0.5   -2.7
   178.1    2547.6    0.5   -2.7
   178.6    2547.6    0.5   -2.6
   179.1    2547.6    0.6   -2.6
   179.6    2547.6    0.6   -2.6
   180.1    2547.6    0.7   -2.6
   180.6    2547.6    0.7   -2.6
   181.1    2547.6    0.8   -2.6
   181.6    2547.6    0.8   -2.5
   182.1    2547.6    0.8   -2.5
   182.6    2547.6    0.8   -2.5
   183.1    2547.6    0.7   -2.4
   183.6    2547.6    0.6   -2.4
   184.1    2547.6    0.5   -2.4
   184.6    2547.6    0.5   -2.4
   185.1    2547.6    0.4   -2.3
   165.6    2548.1    0.4   -2.6
   166.1    2548.1    0.4   -2.6
   166.6    2548.1    0.4   -2.6
   167.1    2548.1    0.4   -2.6
   167.6    2548.1    0.5   -2.6
   168.1    2548.1    0.5   -2.6
   168.6    2548.1    0.4   -2.6
   169.1    2548.1    0.4   -2.6
   169.6    2548.1    0.4   -2.6
   170.1    2548.1    0.4   -2.6
   170.6    2548.1    0.3   -2.6
   171.1    2548.1    0.3   -2.7
   171.6    2548.1    0.3   -2.7
   172.1    2548.1    0.3   -2.7
   172.6    2548.1    0.3   -2.8
   173.1    2548.1    0.3   -2.8
   173.6    2548.1    0.3   -2.8
   174.1    2548.1    0.4   -2.8
   174.6    2548.1    0.4   -2.8
   175.1    2548.1    0.4   -2.8
   175.6    2548.1    0.5   -2.8
   176.1    2548.1    0.5   -2.8
   176.6    2548.1    0.5   -2.8
   177.1    2548.1    0.5   -2.7
   177.6    2548.1    0.5   -2.7
   178.1    2548.1    0.5   -2.7
   178.6    2548.1    0.5   -2.7
   179.1    2548.1    0.5   -2.7
   179.6    2548.1    0.6   -2.7
   180.1    2548.1    0.6   -2.7
   180.6    2548.1    0.7   -2.7
   181.1    2548.1    0.7   -2.7
   181.6    2548.1    0.7   -2.6
   182.1    2548.1    0.7   -2.6
   182.6    2548.1    0.7   -2.6
   183.1    2548.1    0.7   -2.5
   183.6    2548.1    0.6   -2.5
   184.1    2548.1    0.5   -2.5
   184.6    2548.1    0.4   -2.4
   185.1    2548.1    0.4   -2.4
   165.6    2548.6    0.4   -2.6
   166.1    2548.6    0.4   -2.6
   166.6    2548.6    0.4   -2.6
   167.1    2548.6    0.4   -2.6
   167.6    2548.6    0.4   -2.6
   168.1    2548.6    0.4   -2.6
   168.6    2548.6    0.4   -2.6
   169.1    2548.6    0.4   -2.6
   169.6    2548.6    0.4   -2.6
   170.1    2548.6    0.4   -2.6
   170.6    2548.6    0.3   -2.6
   171.1    2548.6    0.3   -2.7
   171.6    2548.6    0.3   -2.7
   172.1    2548.6    0.3   -2.8
   172.6    2548.6    0.3   -2.8
   173.1    2548.6    0.3   -2.8
   173.6    2548.6    0.3   -2.8
   174.1    2548.6    0.4   -2.8
   174.6    2548.6    0.4   -2.8
   175.1    2548.6    0.4   -2.8
   175.6    2548.6    0.5   -2.8
   176.1    2548.6    0.5   -2.8
   176.6    2548.6    0.5   -2.8
   177.1    2548.6    0.5   -2.7
   177.6    2548.6    0.5   -2.7
   178.1    2548.6    0.5   -2.7
   178.6    2548.6    0.5   -2.7
   179.1    2548.6    0.5   -2.7
   179.6    2548.6    0.5   -2.7
   180.1    2548.6    0.5   -2.7
   180.6    2548.6    0.6   -2.7
   181.1    2548.6    0.6   -2.7
   181.6    2548.6    0.7   -2.7
   182.1    2548.6    0.7   -2.7
   182.6    2548.6    0.6   -2.7
   183.1    2548.6    0.6   -2.6
   183.6    2548.6    0.5   -2.6
   184.1    2548.6    0.5   -2.5
   184.6    2548.6    0.4   -2.5
   185.1    2548.6    0.4   -2.4
   165.6    2549.1    0.4   -2.6
   166.1    2549.1    0.4   -2.6
   166.6    2549.1    0.4   -2.6
   167.1    2549.1    0.4   -2.6
   167.6    2549.1    0.4   -2.6
   168.1    2549.1    0.4   -2.6
   168.6    2549.1    0.4   -2.6
   169.1    2549.1    0.4   -2.6
   169.6    2549.1    0.4   -2.6
   170.1    2549.1    0.3   -2.6
   170.6    2549.1    0.3   -2.7
   171.1    2549.1    0.3   -2.7
   171.6    2549.1    0.3   -2.7
   172.1    2549.1    0.3   -2.8
   172.6    2549.1    0.3   -2.8
   173.1    2549.1    0.3   -2.8
   173.6    2549.1    0.3   -2.8
   174.1    2549.1    0.4   -2.8
   174.6    2549.1    0.4   -2.8
   175.1    2549.1    0.4   -2.8
   175.6    2549.1    0.5   -2.8
   176.1    2549.1    0.5   -2.8
   176.6    2549.1    0.5   -2.8
   177.1    2549.1    0.5   -2.8
   177.6    2549.1    0.5   -2.7
   178.1    2549.1    0.5   -2.7
   178.6    2549.1    0.5   -2.7
   179.1    2549.1    0.4   -2.7
   179.6    2549.1    0.5   -2.7
   180.1    2549.1    0.5   -2.8
   180.6    2549.1    0.5   -2.8
   181.1    2549.1    0.6   -2.8
   181.6    2549.1    0.6   -2.8
   182.1    2549.1    0.6   -2.8
   182.6    2549.1    0.6   -2.7
   183.1    2549.1    0.5   -2.7
   183.6    2549.1    0.5   -2.7
   184.1    2549.1    0.4   -2.6
   184.6    2549.1    0.4   -2.5
   185.1    2549.1    0.4   -2.4
   165.6    2549.6    0.4   -2.6
   166.1    2549.6    0.4   -2.6
   166.6    2549.6    0.4   -2.6
   167.1    2549.6    0.4   -2.6
   167.6    2549.6    0.4   -2.6
   168.1    2549.6    0.4   -2.6
   168.6    2549.6    0.4   -2.6
   169.1    2549.6    0.4   -2.6
   169.6    2549.6    0.4   -2.6
   170.1    2549.6    0.3   -2.6
   170.6    2549.6    0.3   -2.7
   171.1    2549.6    0.3   -2.7
   171.6    2549.6    0.2   -2.8
   172.1    2549.6    0.3   -2.8
   172.6    2549.6    0.3   -2.8
   173.1    2549.6    0.3   -2.8
   173.6    2549.6    0.3   -2.8
   174.1    2549.6    0.4   -2.8
   174.6    2549.6    0.4   -2.8
   175.1    2549.6    0.5   -2.8
   175.6    2549.6    0.5   -2.8
   176.1    2549.6    0.5   -2.8
   176.6    2549.6    0.5   -2.8
   177.1    2549.6    0.5   -2.8
   177.6    2549.6    0.5   -2.8
   178.1    2549.6    0.4   -2.7
   178.6    2549.6    0.4   -2.7
   179.1    2549.6    0.4   -2.7
   179.6    2549.6    0.4   -2.8
   180.1    2549.6    0.4   -2.8
   180.6    2549.6    0.5   -2.8
   181.1    2549.6    0.5   -2.8
   181.6    2549.6    0.5   -2.8
   182.1    2549.6    0.5   -2.8
   182.6    2549.6    0.5   -2.8
   183.1    2549.6    0.5   -2.7
   183.6    2549.6    0.4   -2.7
   184.1    2549.6    0.4   -2.6
   184.6    2549.6    0.4   -2.5
   185.1    2549.6    0.4   -2.5
   165.6    2550.1    0.4   -2.6
   166.1    2550.1    0.4   -2.6
   166.6    2550.1    0.4   -2.6
   167.1    2550.1    0.4   -2.6
   167.6    2550.1    0.4   -2.6
   168.1    2550.1    0.4   -2.6
   168.6    2550.1    0.4   -2.6
   169.1    2550.1    0.4   -2.6
   169.6    2550.1    0.4   -2.6
   170.1    2550.1    0.3   -2.7
   170.6    2550.1    0.3   -2.7
   171.1    2550.1    0.3   -2.7
   171.6    2550.1    0.2   -2.8
   172.1    2550.1    0.2   -2.8
   172.6    2550.1    0.3   -2.8
   173.1    2550.1    0.3   -2.8
   173.6    2550.1    0.3   -2.8
   174.1    2550.1    0.4   -2.9
   174.6    2550.1    0.4   -2.9
   175.1    2550.1    0.5   -2.8
   175.6    2550.1    0.5   -2.8
   176.1    2550.1    0.5   -2.8
   176.6    2550.1    0.5   -2.8
   177.1    2550.1    0.5   -2.8
   177.6    2550.1    0.4   -2.8
   178.1    2550.1    0.4   -2.8
   178.6    2550.1    0.4   -2.8
   179.1    2550.1    0.3   -2.8
   179.6    2550.1    0.3   -2.8
   180.1    2550.1    0.4   -2.8
   180.6    2550.1    0.4   -2.8
   181.1    2550.1    0.4   -2.8
   181.6    2550.1    0.5   -2.8
   182.1    2550.1    0.5   -2.8
   182.6    2550.1    0.5   -2.8
   183.1    2550.1    0.5   -2.7
   183.6    2550.1    0.4   -2.7
   184.1    2550.1    0.4   -2.6
   184.6    2550.1    0.4   -2.6
   185.1    2550.1    0.4   -2.5
   165.6    2550.6    0.4   -2.6
   166.1    2550.6    0.4   -2.6
   166.6    2550.6    0.4   -2.6
   167.1    2550.6    0.4   -2.6
   167.6    2550.6    0.4   -2.6
   168.1    2550.6    0.5   -2.6
   168.6    2550.6    0.4   -2.6
   169.1    2550.6    0.4   -2.6
   169.6    2550.6    0.4   -2.6
   170.1    2550.6    0.3   -2.7
   170.6    2550.6    0.3   -2.7
   171.1    2550.6    0.3   -2.7
   171.6    2550.6    0.2   -2.8
   172.1    2550.6    0.2   -2.8
   172.6    2550.6    0.3   -2.8
   173.1    2550.6    0.3   -2.8
   173.6    2550.6    0.3   -2.9
   174.1    2550.6    0.4   -2.9
   174.6    2550.6    0.4   -2.9
   175.1    2550.6    0.5   -2.9
   175.6    2550.6    0.5   -2.9
   176.1    2550.6    0.5   -2.9
   176.6    2550.6    0.5   -2.8
   177.1    2550.6    0.4   -2.8
   177.6    2550.6    0.4   -2.8
   178.1    2550.6    0.4   -2.8
   178.6    2550.6    0.3   -2.8
   179.1    2550.6    0.3   -2.8
   179.6    2550.6    0.3   -2.8
   180.1    2550.6    0.3   -2.8
   180.6    2550.6    0.3   -2.8
   181.1    2550.6    0.4   -2.8
   181.6    2550.6    0.4   -2.8
   182.1    2550.6    0.4   -2.8
   182.6    2550.6    0.4   -2.8
   183.1    2550.6    0.4   -2.7
   183.6    2550.6    0.4   -2.7
   184.1    2550.6    0.4   -2.6
   184.6    2550.6    0.4   -2.6
   185.1    2550.6    0.4   -2.5
   165.6    2551.1    0.4   -2.6
   166.1    2551.1    0.4   -2.6
   166.6    2551.1    0.4   -2.6
   167.1    2551.1    0.4   -2.6
   167.6    2551.1    0.4   -2.6
   168.1    2551.1    0.5   -2.6
   168.6    2551.1    0.4   -2.6
   169.1    2551.1    0.4   -2.6
   169.6    2551.1    0.4   -2.7
   170.1    2551.1    0.3   -2.7
   170.6    2551.1    0.3   -2.7
   171.1    2551.1    0.3   -2.8
   171.6    2551.1    0.3   -2.8
   172.1    2551.1    0.3   -2.8
   172.6    2551.1    0.3   -2.8
   173.1    2551.1    0.3   -2.9
   173.6    2551.1    0.3   -2.9
   174.1    2551.1    0.4   -2.9
   174.6    2551.1    0.4   -2.9
   175.1    2551.1    0.4   -2.9
   175.6    2551.1    0.5   -2.9
   176.1    2551.1    0.5   -2.9
   176.6    2551.1    0.4   -2.9
   177.1    2551.1    0.4   -2.9
   177.6    2551.1    0.4   -2.9
   178.1    2551.1    0.3   -2.9
   178.6    2551.1    0.3   -2.9
   179.1    2551.1    0.2   -2.9
   179.6    2551.1    0.2   -2.9
   180.1    2551.1    0.2   -2.9
   180.6    2551.1    0.3   -2.9
   181.1    2551.1    0.3   -2.8
   181.6    2551.1    0.3   -2.8
   182.1    2551.1    0.4   -2.8
   182.6    2551.1    0.4   -2.8
   183.1    2551.1    0.4   -2.7
   183.6    2551.1    0.4   -2.7
   184.1    2551.1    0.4   -2.6
   184.6    2551.1    0.4   -2.6
   185.1    2551.1    0.4   -2.5
   165.6    2551.6    0.4   -2.6
   166.1    2551.6    0.4   -2.6
   166.6    2551.6    0.4   -2.6
   167.1    2551.6    0.4   -2.6
   167.6    2551.6    0.4   -2.6
   168.1    2551.6    0.4   -2.6
   168.6    2551.6    0.4   -2.6
   169.1    2551.6    0.4   -2.6
   169.6    2551.6    0.3   -2.7
   170.1    2551.6    0.3   -2.7
   170.6    2551.6    0.3   -2.7
   171.1    2551.6    0.3   -2.8
   171.6    2551.6    0.3   -2.8
   172.1    2551.6    0.3   -2.8
   172.6    2551.6    0.3   -2.9
   173.1    2551.6    0.3   -2.9
   173.6    2551.6    0.4   -2.9
   174.1    2551.6    0.4   -2.9
   174.6    2551.6    0.4   -2.9
   175.1    2551.6    0.4   -2.9
   175.6    2551.6    0.4   -2.9
   176.1    2551.6    0.4   -2.9
   176.6    2551.6    0.4   -2.9
   177.1    2551.6    0.4   -2.9
   177.6    2551.6    0.3   -2.9
   178.1    2551.6    0.3   -2.9
   178.6    2551.6    0.2   -2.9
   179.1    2551.6    0.2   -2.9
   179.6    2551.6    0.2   -2.9
   180.1    2551.6    0.2   -2.9
   180.6    2551.6    0.2   -2.9
   181.1    2551.6    0.2   -2.9
   181.6    2551.6    0.3   -2.8
   182.1    2551.6    0.3   -2.8
   182.6    2551.6    0.3   -2.8
   183.1    2551.6    0.4   -2.7
   183.6    2551.6    0.4   -2.7
   184.1    2551.6    0.3   -2.6
   184.6    2551.6    0.3   -2.6
   185.1    2551.6    0.4   -2.5
   165.6    2552.1    0.4   -2.6
   166.1    2552.1    0.4   -2.6
   166.6    2552.1    0.4   -2.6
   167.1    2552.1    0.4   -2.6
   167.6    2552.1    0.4   -2.6
   168.1    2552.1    0.4   -2.6
   168.6    2552.1    0.4   -2.6
   169.1    2552.1    0.4   -2.7
   169.6    2552.1    0.3   -2.7
   170.1    2552.1    0.3   -2.7
   170.6    2552.1    0.3   -2.8
   171.1    2552.1    0.3   -2.8
   171.6    2552.1    0.3   -2.8
   172.1    2552.1    0.3   -2.9
   172.6    2552.1    0.3   -2.9
   173.1    2552.1    0.3   -2.9
   173.6    2552.1    0.4   -2.9
   174.1    2552.1    0.4   -2.9
   174.6    2552.1    0.4   -2.9
   175.1    2552.1    0.4   -3.0
   175.6    2552.1    0.4   -3.0
   176.1    2552.1    0.4   -3.0
   176.6    2552.1    0.4   -3.0
   177.1    2552.1    0.3   -3.0
   177.6    2552.1    0.3   -3.0
   178.1    2552.1    0.2   -3.0
   178.6    2552.1    0.2   -3.0
   179.1    2552.1    0.1   -3.0
   179.6    2552.1    0.1   -3.0
   180.1    2552.1    0.1   -3.0
   180.6    2552.1    0.2   -2.9
   181.1    2552.1    0.2   -2.9
   181.6    2552.1    0.2   -2.8
   182.1    2552.1    0.3   -2.8
   182.6    2552.1    0.3   -2.8
   183.1    2552.1    0.3   -2.7
   183.6    2552.1    0.3   -2.7
   184.1    2552.1    0.3   -2.6
   184.6    2552.1    0.3   -2.6
   185.1    2552.1    0.3   -2.5
   165.6    2552.6    0.4   -2.5
   166.1    2552.6    0.4   -2.6
   166.6    2552.6    0.4   -2.6
   167.1    2552.6    0.4   -2.6
   167.6    2552.6    0.4   -2.6
   168.1    2552.6    0.4   -2.6
   168.6    2552.6    0.4   -2.7
   169.1    2552.6    0.4   -2.7
   169.6    2552.6    0.3   -2.7
   170.1    2552.6    0.3   -2.7
   170.6    2552.6    0.3   -2.8
   171.1    2552.6    0.3   -2.8
   171.6    2552.6    0.3   -2.8
   172.1    2552.6    0.3   -2.9
   172.6    2552.6    0.3   -2.9
   173.1    2552.6    0.4   -2.9
   173.6    2552.6    0.4   -2.9
   174.1    2552.6    0.4   -3.0
   174.6    2552.6    0.4   -3.0
   175.1    2552.6    0.4   -3.0
   175.6    2552.6    0.4   -3.0
   176.1    2552.6    0.4   -3.0
   176.6    2552.6    0.3   -3.0
   177.1    2552.6    0.3   -3.0
   177.6    2552.6    0.2   -3.0
   178.1    2552.6    0.2   -3.1
   178.6    2552.6    0.1   -3.1
   179.1    2552.6    0.1   -3.1
   179.6    2552.6    0.1   -3.1
   180.1    2552.6    0.1   -3.0
   180.6    2552.6    0.1   -3.0
   181.1    2552.6    0.1   -2.9
   181.6    2552.6    0.2   -2.9
   182.1    2552.6    0.2   -2.8
   182.6    2552.6    0.2   -2.7
   183.1    2552.6    0.3   -2.7
   183.6    2552.6    0.3   -2.7
   184.1    2552.6    0.3   -2.6
   184.6    2552.6    0.3   -2.5
   185.1    2552.6    0.3   -2.5
   165.6    2553.1    0.4   -2.5
   166.1    2553.1    0.4   -2.5
   166.6    2553.1    0.4   -2.6
   167.1    2553.1    0.4   -2.6
   167.6    2553.1    0.4   -2.6
   168.1    2553.1    0.4   -2.7
   168.6    2553.1    0.4   -2.7
   169.1    2553.1    0.4   -2.7
   169.6    2553.1    0.3   -2.7
   170.1    2553.1    0.3   -2.7
   170.6    2553.1    0.3   -2.8
   171.1    2553.1    0.3   -2.8
   171.6    2553.1    0.3   -2.9
   172.1    2553.1    0.3   -2.9
   172.6    2553.1    0.3   -2.9
   173.1    2553.1    0.4   -2.9
   173.6    2553.1    0.4   -3.0
   174.1    2553.1    0.4   -3.0
   174.6    2553.1    0.4   -3.0
   175.1    2553.1    0.4   -3.0
   175.6    2553.1    0.4   -3.0
   176.1    2553.1    0.3   -3.0
   176.6    2553.1    0.3   -3.0
   177.1    2553.1    0.3   -3.0
   177.6    2553.1    0.2   -3.1
   178.1    2553.1    0.2   -3.1
   178.6    2553.1    0.1   -3.1
   179.1    2553.1    0.1   -3.2
   179.6    2553.1    0.1   -3.1
   180.1    2553.1    0.1   -3.1
   180.6    2553.1    0.1   -3.0
   181.1    2553.1    0.1   -3.0
   181.6    2553.1    0.1   -2.9
   182.1    2553.1    0.2   -2.8
   182.6    2553.1    0.2   -2.7
   183.1    2553.1    0.2   -2.7
   183.6    2553.1    0.2   -2.6
   184.1    2553.1    0.2   -2.6
   184.6    2553.1    0.3   -2.5
   185.1    2553.1    0.3   -2.5
   165.6    2553.6    0.4   -2.5
   166.1    2553.6    0.4   -2.5
   166.6    2553.6    0.4   -2.6
   167.1    2553.6    0.4   -2.6
   167.6    2553.6    0.4   -2.6
   168.1    2553.6    0.4   -2.7
   168.6    2553.6    0.4   -2.7
   169.1    2553.6    0.4   -2.7
   169.6    2553.6    0.3   -2.7
   170.1    2553.6    0.3   -2.7
   170.6    2553.6    0.3   -2.8
   171.1    2553.6    0.3   -2.8
   171.6    2553.6    0.3   -2.9
   172.1    2553.6    0.3   -2.9
   172.6    2553.6    0.4   -2.9
   173.1    2553.6    0.4   -3.0
   173.6    2553.6    0.4   -3.0
   174.1    2553.6    0.4   -3.0
   174.6    2553.6    0.4   -3.0
   175.1    2553.6    0.4   -3.0
   175.6    2553.6    0.3   -3.0
   176.1    2553.6    0.3   -3.0
   176.6    2553.6    0.3   -3.0
   177.1    2553.6    0.3   -3.0
   177.6    2553.6    0.2   -3.1
   178.1    2553.6    0.1   -3.2
   178.6    2553.6    0.1   -3.2
   179.1    2553.6    0.0   -3.2
   179.6    2553.6    0.0   -3.2
   180.1    2553.6    0.0   -3.2
   180.6    2553.6    0.1   -3.1
   181.1    2553.6    0.1   -3.0
   181.6    2553.6    0.1   -2.9
   182.1    2553.6    0.1   -2.8
   182.6    2553.6    0.2   -2.7
   183.1    2553.6    0.2   -2.7
   183.6    2553.6    0.2   -2.6
   184.1    2553.6    0.2   -2.6
   184.6    2553.6    0.2   -2.5
   185.1    2553.6    0.3   -2.5
   165.6    2554.1    0.4   -2.5
   166.1    2554.1    0.4   -2.5
   166.6    2554.1    0.4   -2.6
   167.1    2554.1    0.4   -2.6
   167.6    2554.1    0.4   -2.6
   168.1    2554.1    0.4   -2.7
   168.6    2554.1    0.4   -2.7
   169.1    2554.1    0.3   -2.7
   169.6    2554.1    0.3   -2.7
   170.1    2554.1    0.3   -2.8
   170.6    2554.1    0.3   -2.8
   171.1    2554.1    0.3   -2.8
   171.6    2554.1    0.3   -2.9
   172.1    2554.1    0.4   -2.9
   172.6    2554.1    0.4   -2.9
   173.1    2554.1    0.4   -3.0
   173.6    2554.1    0.4   -3.0
   174.1    2554.1    0.4   -3.0
   174.6    2554.1    0.4   -3.1
   175.1    2554.1    0.4   -3.1
   175.6    2554.1    0.3   -3.0
   176.1    2554.1    0.3   -3.0
   176.6    2554.1    0.3   -3.0
   177.1    2554.1    0.3   -3.0
   177.6    2554.1    0.2   -3.2
   178.1    2554.1    0.1   -3.3
   178.6    2554.1    0.0   -3.3
   179.1    2554.1    0.0   -3.3
   179.6    2554.1    0.0   -3.3
   180.1    2554.1    0.0   -3.2
   180.6    2554.1    0.0   -3.1
   181.1    2554.1    0.1   -3.1
   181.6    2554.1    0.1   -3.0
   182.1    2554.1    0.1   -2.9
   182.6    2554.1    0.1   -2.8
   183.1    2554.1    0.1   -2.7
   183.6    2554.1    0.1   -2.6
   184.1    2554.1    0.2   -2.5
   184.6    2554.1    0.2   -2.5
   185.1    2554.1    0.2   -2.4
   165.6    2554.6    0.4   -2.5
   166.1    2554.6    0.4   -2.5
   166.6    2554.6    0.4   -2.5
   167.1    2554.6    0.4   -2.6
   167.6    2554.6    0.4   -2.6
   168.1    2554.6    0.4   -2.7
   168.6    2554.6    0.4   -2.7
   169.1    2554.6    0.3   -2.7
   169.6    2554.6    0.3   -2.7
   170.1    2554.6    0.3   -2.8
   170.6    2554.6    0.3   -2.8
   171.1    2554.6    0.3   -2.8
   171.6    2554.6    0.4   -2.8
   172.1    2554.6    0.4   -2.9
   172.6    2554.6    0.4   -2.9
   173.1    2554.6    0.4   -3.0
   173.6    2554.6    0.4   -3.0
   174.1    2554.6    0.4   -3.1
   174.6    2554.6    0.4   -3.1
   175.1    2554.6    0.4   -3.1
   175.6    2554.6    0.3   -3.1
   176.1    2554.6    0.3   -3.0
   176.6    2554.6    0.3   -3.1
   177.1    2554.6    0.2   -3.2
   177.6    2554.6    0.0   -3.3
   178.1    2554.6   -0.1   -3.5
   178.6    2554.6   -0.1   -3.5
   179.1    2554.6   -0.1   -3.5
   179.6    2554.6   -0.1   -3.4
   180.1    2554.6   -0.1   -3.3
   180.6    2554.6    0.0   -3.2
   181.1    2554.6    0.0   -3.1
   181.6    2554.6    0.1   -3.0
   182.1    2554.6    0.1   -2.9
   182.6    2554.6    0.1   -2.8
   183.1    2554.6    0.1   -2.7
   183.6    2554.6    0.1   -2.6
   184.1    2554.6    0.1   -2.5
   184.6    2554.6    0.2   -2.5
   185.1    2554.6    0.2   -2.4
   165.6    2555.1    0.4   -2.5
   166.1    2555.1    0.4   -2.5
   166.6    2555.1    0.4   -2.5
   167.1    2555.1    0.4   -2.6
   167.6    2555.1    0.4   -2.6
   168.1    2555.1    0.4   -2.7
   168.6    2555.1    0.4   -2.7
   169.1    2555.1    0.3   -2.7
   169.6    2555.1    0.3   -2.7
   170.1    2555.1    0.3   -2.7
   170.6    2555.1    0.3   -2.8
   171.1    2555.1    0.4   -2.8
   171.6    2555.1    0.4   -2.8
   172.1    2555.1    0.4   -2.9
   172.6    2555.1    0.4   -2.9
   173.1    2555.1    0.4   -3.0
   173.6    2555.1    0.4   -3.0
   174.1    2555.1    0.4   -3.1
   174.6    2555.1    0.4   -3.1
   175.1    2555.1    0.4   -3.2
   175.6    2555.1    0.3   -3.2
   176.1    2555.1    0.2   -3.2
   176.6    2555.1    0.1   -3.3
   177.1    2555.1   -0.1   -3.5
   177.6    2555.1   -0.2   -3.7
   178.1    2555.1   -0.3   -3.8
   178.6    2555.1   -0.3   -3.7
   179.1    2555.1   -0.2   -3.6
   179.6    2555.1   -0.2   -3.5
   180.1    2555.1   -0.1   -3.4
   180.6    2555.1   -0.1   -3.3
   181.1    2555.1    0.0   -3.2
   181.6    2555.1    0.0   -3.0
   182.1    2555.1    0.1   -2.9
   182.6    2555.1    0.1   -2.8
   183.1    2555.1    0.1   -2.7
   183.6    2555.1    0.1   -2.6
   184.1    2555.1    0.1   -2.5
   184.6    2555.1    0.2   -2.4
   185.1    2555.1    0.2   -2.4
   165.6    2555.6    0.4   -2.5
   166.1    2555.6    0.4   -2.5
   166.6    2555.6    0.4   -2.5
   167.1    2555.6    0.4   -2.6
   167.6    2555.6    0.4   -2.6
   168.1    2555.6    0.4   -2.6
   168.6    2555.6    0.4   -2.7
   169.1    2555.6    0.3   -2.7
   169.6    2555.6    0.3   -2.7
   170.1    2555.6    0.3   -2.7
   170.6    2555.6    0.4   -2.8
   171.1    2555.6    0.4   -2.8
   171.6    2555.6    0.4   -2.8
   172.1    2555.6    0.4   -2.9
   172.6    2555.6    0.4   -2.9
   173.1    2555.6    0.4   -3.0
   173.6    2555.6    0.5   -3.0
   174.1    2555.6    0.5   -3.1
   174.6    2555.6    0.5   -3.2
   175.1    2555.6    0.5   -3.2
   175.6    2555.6    0.3   -3.3
   176.1    2555.6    0.1   -3.5
   176.6    2555.6   -0.2   -3.8
   177.1    2555.6   -0.5   -4.1
   177.6    2555.6   -0.6   -4.2
   178.1    2555.6   -0.6   -4.2
   178.6    2555.6   -0.5   -4.0
   179.1    2555.6   -0.3   -3.8
   179.6    2555.6   -0.2   -3.6
   180.1    2555.6   -0.2   -3.5
   180.6    2555.6   -0.1   -3.3
   181.1    2555.6    0.0   -3.2
   181.6    2555.6    0.0   -3.1
   182.1    2555.6    0.0   -3.0
   182.6    2555.6    0.1   -2.9
   183.1    2555.6    0.1   -2.8
   183.6    2555.6    0.1   -2.6
   184.1    2555.6    0.1   -2.5
   184.6    2555.6    0.2   -2.4
   185.1    2555.6    0.2   -2.4
   165.6    2556.1    0.4   -2.5
   166.1    2556.1    0.4   -2.5
   166.6    2556.1    0.4   -2.5
   167.1    2556.1    0.4   -2.5
   167.6    2556.1    0.4   -2.6
   168.1    2556.1    0.4   -2.6
   168.6    2556.1    0.4   -2.7
   169.1    2556.1    0.4   -2.7
   169.6    2556.1    0.4   -2.7
   170.1    2556.1    0.4   -2.7
   170.6    2556.1    0.4   -2.8
   171.1    2556.1    0.4   -2.8
   171.6    2556.1    0.4   -2.8
   172.1    2556.1    0.4   -2.8
   172.6    2556.1    0.4   -2.9
   173.1    2556.1    0.5   -2.9
   173.6    2556.1    0.5   -3.0
   174.1    2556.1    0.5   -3.1
   174.6    2556.1    0.6   -3.1
   175.1    2556.1    0.5   -3.2
   175.6    2556.1    0.3   -3.3
   176.1    2556.1    0.0   -3.6
   176.6    2556.1   -0.4   -4.1
   177.1    2556.1   -0.8   -4.5
   177.6    2556.1   -0.9   -4.6
   178.1    2556.1   -0.8   -4.4
   178.6    2556.1   -0.6   -4.2
   179.1    2556.1   -0.4   -3.9
   179.6    2556.1   -0.3   -3.7
   180.1    2556.1   -0.2   -3.5
   180.6    2556.1   -0.1   -3.4
   181.1    2556.1   -0.1   -3.2
   181.6    2556.1    0.0   -3.1
   182.1    2556.1    0.0   -3.0
   182.6    2556.1    0.1   -2.9
   183.1    2556.1    0.1   -2.8
   183.6    2556.1    0.1   -2.7
   184.1    2556.1    0.2   -2.5
   184.6    2556.1    0.2   -2.4
   185.1    2556.1    0.2   -2.3
   165.6    2556.6    0.4   -2.5
   166.1    2556.6    0.4   -2.5
   166.6    2556.6    0.4   -2.5
   167.1    2556.6    0.4   -2.5
   167.6    2556.6    0.4   -2.6
   168.1    2556.6    0.4   -2.6
   168.6    2556.6    0.4   -2.6
   169.1    2556.6    0.4   -2.7
   169.6    2556.6    0.4   -2.7
   170.1    2556.6    0.4   -2.7
   170.6    2556.6    0.4   -2.7
   171.1    2556.6    0.4   -2.7
   171.6    2556.6    0.4   -2.8
   172.1    2556.6    0.4   -2.8
   172.6    2556.6    0.5   -2.8
   173.1    2556.6    0.5   -2.8
   173.6    2556.6    0.5   -2.9
   174.1    2556.6    0.5   -2.9
   174.6    2556.6    0.6   -3.0
   175.1    2556.6    0.5   -3.1
   175.6    2556.6    0.4   -3.3
   176.1    2556.6    0.0   -3.6
   176.6    2556.6   -0.5   -4.1
   177.1    2556.6   -0.8   -4.6
   177.6    2556.6   -0.9   -4.7
   178.1    2556.6   -0.8   -4.5
   178.6    2556.6   -0.6   -4.2
   179.1    2556.6   -0.5   -3.9
   179.6    2556.6   -0.3   -3.7
   180.1    2556.6   -0.2   -3.5
   180.6    2556.6   -0.1   -3.4
   181.1    2556.6   -0.1   -3.3
   181.6    2556.6    0.0   -3.1
   182.1    2556.6    0.0   -3.0
   182.6    2556.6    0.1   -2.9
   183.1    2556.6    0.1   -2.8
   183.6    2556.6    0.1   -2.7
   184.1    2556.6    0.2   -2.5
   184.6    2556.6    0.2   -2.4
   185.1    2556.6    0.3   -2.3
   165.6    2557.1    0.4   -2.4
   166.1    2557.1    0.4   -2.5
   166.6    2557.1    0.4   -2.5
   167.1    2557.1    0.4   -2.5
   167.6    2557.1    0.3   -2.6
   168.1    2557.1    0.3   -2.6
   168.6    2557.1    0.3   -2.6
   169.1    2557.1    0.4   -2.7
   169.6    2557.1    0.4   -2.7
   170.1    2557.1    0.4   -2.7
   170.6    2557.1    0.4   -2.7
   171.1    2557.1    0.4   -2.7
   171.6    2557.1    0.4   -2.7
   172.1    2557.1    0.4   -2.7
   172.6    2557.1    0.5   -2.7
   173.1    2557.1    0.5   -2.7
   173.6    2557.1    0.5   -2.7
   174.1    2557.1    0.6   -2.7
   174.6    2557.1    0.6   -2.7
   175.1    2557.1    0.6   -2.8
   175.6    2557.1    0.4   -3.0
   176.1    2557.1    0.1   -3.4
   176.6    2557.1   -0.3   -3.9
   177.1    2557.1   -0.6   -4.3
   177.6    2557.1   -0.7   -4.4
   178.1    2557.1   -0.7   -4.3
   178.6    2557.1   -0.6   -4.1
   179.1    2557.1   -0.4   -3.9
   179.6    2557.1   -0.3   -3.7
   180.1    2557.1   -0.2   -3.5
   180.6    2557.1   -0.1   -3.4
   181.1    2557.1   -0.1   -3.2
   181.6    2557.1    0.0   -3.1
   182.1    2557.1    0.0   -3.0
   182.6    2557.1    0.1   -2.9
   183.1    2557.1    0.1   -2.8
   183.6    2557.1    0.2   -2.7
   184.1    2557.1    0.2   -2.5
   184.6    2557.1    0.3   -2.4
   185.1    2557.1    0.3   -2.3
   165.6    2557.6    0.4   -2.4
   166.1    2557.6    0.4   -2.4
   166.6    2557.6    0.4   -2.4
   167.1    2557.6    0.3   -2.5
   167.6    2557.6    0.3   -2.5
   168.1    2557.6    0.3   -2.6
   168.6    2557.6    0.3   -2.6
   169.1    2557.6    0.3   -2.6
   169.6    2557.6    0.4   -2.7
   170.1    2557.6    0.4   -2.7
   170.6    2557.6    0.4   -2.7
   171.1    2557.6    0.4   -2.7
   171.6    2557.6    0.4   -2.7
   172.1    2557.6    0.4   -2.7
   172.6    2557.6    0.5   -2.6
   173.1    2557.6    0.5   -2.6
   173.6    2557.6    0.6   -2.5
   174.1    2557.6    0.6   -2.4
   174.6    2557.6    0.6   -2.3
   175.1    2557.6    0.6   -2.4
   175.6    2557.6    0.5   -2.6
   176.1    2557.6    0.2   -3.0
   176.6    2557.6   -0.1   -3.5
   177.1    2557.6   -0.4   -3.9
   177.6    2557.6   -0.5   -4.0
   178.1    2557.6   -0.5   -4.0
   178.6    2557.6   -0.4   -3.9
   179.1    2557.6   -0.3   -3.8
   179.6    2557.6   -0.2   -3.6
   180.1    2557.6   -0.2   -3.5
   180.6    2557.6   -0.1   -3.3
   181.1    2557.6   -0.1   -3.2
   181.6    2557.6    0.0   -3.1
   182.1    2557.6    0.0   -3.0
   182.6    2557.6    0.1   -2.9
   183.1    2557.6    0.2   -2.8
   183.6    2557.6    0.2   -2.6
   184.1    2557.6    0.3   -2.5
   184.6    2557.6    0.4   -2.4
   185.1    2557.6    0.4   -2.3
   165.6    2558.1    0.4   -2.4
   166.1    2558.1    0.4   -2.4
   166.6    2558.1    0.3   -2.4
   167.1    2558.1    0.3   -2.5
   167.6    2558.1    0.3   -2.5
   168.1    2558.1    0.3   -2.6
   168.6    2558.1    0.3   -2.6
   169.1    2558.1    0.3   -2.6
   169.6    2558.1    0.4   -2.6
   170.1    2558.1    0.4   -2.7
   170.6    2558.1    0.4   -2.7
   171.1    2558.1    0.4   -2.7
   171.6    2558.1    0.4   -2.6
   172.1    2558.1    0.4   -2.6
   172.6    2558.1    0.5   -2.6
   173.1    2558.1    0.5   -2.5
   173.6    2558.1    0.6   -2.4
   174.1    2558.1    0.6   -2.2
   174.6    2558.1    0.7   -2.1
   175.1    2558.1    0.7   -2.1
   175.6    2558.1    0.5   -2.4
   176.1    2558.1    0.3   -2.8
   176.6    2558.1    0.1   -3.2
   177.1    2558.1   -0.1   -3.5
   177.6    2558.1   -0.2   -3.7
   178.1    2558.1   -0.3   -3.7
   178.6    2558.1   -0.3   -3.7
   179.1    2558.1   -0.2   -3.6
   179.6    2558.1   -0.2   -3.5
   180.1    2558.1   -0.1   -3.4
   180.6    2558.1   -0.1   -3.3
   181.1    2558.1    0.0   -3.2
   181.6    2558.1    0.0   -3.1
   182.1    2558.1    0.1   -3.0
   182.6    2558.1    0.1   -2.9
   183.1    2558.1    0.2   -2.7
   183.6    2558.1    0.3   -2.6
   184.1    2558.1    0.4   -2.5
   184.6    2558.1    0.4   -2.4
   185.1    2558.1    0.5   -2.3
   165.6    2558.6    0.4   -2.4
   166.1    2558.6    0.3   -2.4
   166.6    2558.6    0.3   -2.4
   167.1    2558.6    0.3   -2.4
   167.6    2558.6    0.3   -2.5
   168.1    2558.6    0.3   -2.5
   168.6    2558.6    0.3   -2.6
   169.1    2558.6    0.3   -2.6
   169.6    2558.6    0.4   -2.6
   170.1    2558.6    0.4   -2.6
   170.6    2558.6    0.4   -2.6
   171.1    2558.6    0.4   -2.6
   171.6    2558.6    0.4   -2.6
   172.1    2558.6    0.4   -2.6
   172.6    2558.6    0.5   -2.5
   173.1    2558.6    0.5   -2.5
   173.6    2558.6    0.6   -2.3
   174.1    2558.6    0.6   -2.2
   174.6    2558.6    0.7   -2.1
   175.1    2558.6    0.6   -2.1
   175.6    2558.6    0.5   -2.3
   176.1    2558.6    0.4   -2.6
   176.6    2558.6    0.2   -3.0
   177.1    2558.6    0.1   -3.2
   177.6    2558.6   -0.1   -3.4
   178.1    2558.6   -0.1   -3.5
   178.6    2558.6   -0.1   -3.5
   179.1    2558.6   -0.1   -3.4
   179.6    2558.6   -0.1   -3.4
   180.1    2558.6   -0.1   -3.3
   180.6    2558.6    0.0   -3.2
   181.1    2558.6    0.0   -3.1
   181.6    2558.6    0.1   -3.0
   182.1    2558.6    0.1   -2.9
   182.6    2558.6    0.2   -2.8
   183.1    2558.6    0.3   -2.7
   183.6    2558.6    0.3   -2.6
   184.1    2558.6    0.4   -2.4
   184.6    2558.6    0.5   -2.3
   185.1    2558.6    0.5   -2.3
   165.6    2559.1    0.4   -2.3
   166.1    2559.1    0.3   -2.3
   166.6    2559.1    0.3   -2.4
   167.1    2559.1    0.3   -2.4
   167.6    2559.1    0.3   -2.4
   168.1    2559.1    0.3   -2.5
   168.6    2559.1    0.3   -2.6
   169.1    2559.1    0.3   -2.6
   169.6    2559.1    0.4   -2.6
   170.1    2559.1    0.4   -2.6
   170.6    2559.1    0.4   -2.6
   171.1    2559.1    0.4   -2.6
   171.6    2559.1    0.4   -2.6
   172.1    2559.1    0.4   -2.6
   172.6    2559.1    0.5   -2.5
   173.1    2559.1    0.5   -2.4
   173.6    2559.1    0.5   -2.4
   174.1    2559.1    0.6   -2.3
   174.6    2559.1    0.6   -2.2
   175.1    2559.1    0.6   -2.2
   175.6    2559.1    0.5   -2.4
   176.1    2559.1    0.4   -2.6
   176.6    2559.1    0.3   -2.9
   177.1    2559.1    0.2   -3.1
   177.6    2559.1    0.1   -3.2
   178.1    2559.1    0.0   -3.3
   178.6    2559.1    0.0   -3.3
   179.1    2559.1    0.0   -3.3
   179.6    2559.1    0.0   -3.3
   180.1    2559.1    0.0   -3.2
   180.6    2559.1    0.0   -3.1
   181.1    2559.1    0.1   -3.0
   181.6    2559.1    0.1   -2.9
   182.1    2559.1    0.2   -2.8
   182.6    2559.1    0.2   -2.7
   183.1    2559.1    0.3   -2.6
   183.6    2559.1    0.4   -2.5
   184.1    2559.1    0.5   -2.4
   184.6    2559.1    0.5   -2.3
   185.1    2559.1    0.5   -2.2
   165.6    2559.6    0.3   -2.3
   166.1    2559.6    0.3   -2.3
   166.6    2559.6    0.3   -2.3
   167.1    2559.6    0.3   -2.4
   167.6    2559.6    0.3   -2.4
   168.1    2559.6    0.3   -2.5
   168.6    2559.6    0.3   -2.5
   169.1    2559.6    0.3   -2.6
   169.6    2559.6    0.4   -2.6
   170.1    2559.6    0.4   -2.6
   170.6    2559.6    0.4   -2.6
   171.1    2559.6    0.4   -2.6
   171.6    2559.6    0.4   -2.6
   172.1    2559.6    0.4   -2.5
   172.6    2559.6    0.4   -2.5
   173.1    2559.6    0.5   -2.5
   173.6    2559.6    0.5   -2.4
   174.1    2559.6    0.5   -2.4
   174.6    2559.6    0.5   -2.3
   175.1    2559.6    0.5   -2.4
   175.6    2559.6    0.5   -2.5
   176.1    2559.6    0.4   -2.6
   176.6    2559.6    0.3   -2.8
   177.1    2559.6    0.2   -3.0
   177.6    2559.6    0.2   -3.1
   178.1    2559.6    0.1   -3.2
   178.6    2559.6    0.1   -3.2
   179.1    2559.6    0.1   -3.2
   179.6    2559.6    0.1   -3.1
   180.1    2559.6    0.1   -3.1
   180.6    2559.6    0.1   -3.0
   181.1    2559.6    0.1   -2.9
   181.6    2559.6    0.2   -2.8
   182.1    2559.6    0.2   -2.7
   182.6    2559.6    0.3   -2.6
   183.1    2559.6    0.4   -2.5
   183.6    2559.6    0.4   -2.4
   184.1    2559.6    0.5   -2.3
   184.6    2559.6    0.5   -2.3
   185.1    2559.6    0.6   -2.2
   165.6    2560.1    0.3   -2.3
   166.1    2560.1    0.3   -2.3
   166.6    2560.1    0.3   -2.3
   167.1    2560.1    0.3   -2.4
   167.6    2560.1    0.3   -2.4
   168.1    2560.1    0.3   -2.5
   168.6    2560.1    0.3   -2.5
   169.1    2560.1    0.3   -2.5
   169.6    2560.1    0.4   -2.6
   170.1    2560.1    0.4   -2.6
   170.6    2560.1    0.4   -2.6
   171.1    2560.1    0.4   -2.6
   171.6    2560.1    0.4   -2.5
   172.1    2560.1    0.4   -2.5
   172.6    2560.1    0.4   -2.5
   173.1    2560.1    0.4   -2.5
   173.6    2560.1    0.4   -2.4
   174.1    2560.1    0.5   -2.4
   174.6    2560.1    0.5   -2.4
   175.1    2560.1    0.4   -2.5
   175.6    2560.1    0.4   -2.5
   176.1    2560.1    0.4   -2.6
   176.6    2560.1    0.3   -2.8
   177.1    2560.1    0.3   -2.9
   177.6    2560.1    0.2   -3.0
   178.1    2560.1    0.2   -3.0
   178.6    2560.1    0.1   -3.1
   179.1    2560.1    0.1   -3.1
   179.6    2560.1    0.1   -3.0
   180.1    2560.1    0.2   -3.0
   180.6    2560.1    0.2   -2.9
   181.1    2560.1    0.2   -2.8
   181.6    2560.1    0.2   -2.7
   182.1    2560.1    0.3   -2.6
   182.6    2560.1    0.3   -2.5
   183.1    2560.1    0.4   -2.5
   183.6    2560.1    0.5   -2.4
   184.1    2560.1    0.5   -2.3
   184.6    2560.1    0.5   -2.2
   185.1    2560.1    0.6   -2.2
   165.6    2560.6    0.3   -2.2
   166.1    2560.6    0.3   -2.3
   166.6    2560.6    0.3   -2.3
   167.1    2560.6    0.3   -2.3
   167.6    2560.6    0.3   -2.4
   168.1    2560.6    0.3   -2.4
   168.6    2560.6    0.3   -2.5
   169.1    2560.6    0.3   -2.5
   169.6    2560.6    0.3   -2.5
   170.1    2560.6    0.4   -2.5
   170.6    2560.6    0.4   -2.5
   171.1    2560.6    0.4   -2.5
   171.6    2560.6    0.4   -2.5
   172.1    2560.6    0.4   -2.5
   172.6    2560.6    0.4   -2.5
   173.1    2560.6    0.4   -2.5
   173.6    2560.6    0.4   -2.5
   174.1    2560.6    0.4   -2.5
   174.6    2560.6    0.4   -2.5
   175.1    2560.6    0.4   -2.5
   175.6    2560.6    0.4   -2.6
   176.1    2560.6    0.3   -2.7
   176.6    2560.6    0.3   -2.7
   177.1    2560.6    0.3   -2.8
   177.6    2560.6    0.2   -2.9
   178.1    2560.6    0.2   -2.9
   178.6    2560.6    0.2   -3.0
   179.1    2560.6    0.2   -3.0
   179.6    2560.6    0.2   -2.9
   180.1    2560.6    0.2   -2.9
   180.6    2560.6    0.3   -2.8
   181.1    2560.6    0.3   -2.7
   181.6    2560.6    0.3   -2.6
   182.1    2560.6    0.4   -2.5
   182.6    2560.6    0.4   -2.5
   183.1    2560.6    0.4   -2.4
   183.6    2560.6    0.5   -2.3
   184.1    2560.6    0.5   -2.3
   184.6    2560.6    0.5   -2.2
   185.1    2560.6    0.5   -2.2
   165.6    2561.1    0.3   -2.2
   166.1    2561.1    0.3   -2.3
   166.6    2561.1    0.3   -2.3
   167.1    2561.1    0.3   -2.3
   167.6    2561.1    0.3   -2.4
   168.1    2561.1    0.3   -2.4
   168.6    2561.1    0.3   -2.4
   169.1    2561.1    0.3   -2.5
   169.6    2561.1    0.3   -2.5
   170.1    2561.1    0.4   -2.5
   170.6    2561.1    0.4   -2.5
   171.1    2561.1    0.4   -2.5
   171.6    2561.1    0.4   -2.5
   172.1    2561.1    0.4   -2.5
   172.6    2561.1    0.4   -2.5
   173.1    2561.1    0.4   -2.5
   173.6    2561.1    0.4   -2.5
   174.1    2561.1    0.4   -2.5
   174.6    2561.1    0.4   -2.5
   175.1    2561.1    0.4   -2.5
   175.6    2561.1    0.3   -2.6
   176.1    2561.1    0.3   -2.6
   176.6    2561.1    0.3   -2.7
   177.1    2561.1    0.3   -2.8
   177.6    2561.1    0.3   -2.8
   178.1    2561.1    0.3   -2.9
   178.6    2561.1    0.3   -2.9
   179.1    2561.1    0.3   -2.9
   179.6    2561.1    0.3   -2.8
   180.1    2561.1    0.3   -2.8
   180.6    2561.1    0.3   -2.7
   181.1    2561.1    0.4   -2.6
   181.6    2561.1    0.4   -2.5
   182.1    2561.1    0.4   -2.5
   182.6    2561.1    0.4   -2.4
   183.1    2561.1    0.4   -2.3
   183.6    2561.1    0.5   -2.3
   184.1    2561.1    0.5   -2.2
   184.6    2561.1    0.5   -2.2
   185.1    2561.1    0.5   -2.2
   165.6    2561.6    0.3   -2.2
   166.1    2561.6    0.3   -2.2
   166.6    2561.6    0.3   -2.3
   167.1    2561.6    0.3   -2.3
   167.6    2561.6    0.3   -2.3
   168.1    2561.6    0.3   -2.4
   168.6    2561.6    0.3   -2.4
   169.1    2561.6    0.3   -2.4
   169.6    2561.6    0.3   -2.5
   170.1    2561.6    0.4   -2.5
   170.6    2561.6    0.4   -2.5
   171.1    2561.6    0.4   -2.5
   171.6    2561.6    0.4   -2.5
   172.1    2561.6    0.4   -2.5
   172.6    2561.6    0.4   -2.5
   173.1    2561.6    0.4   -2.5
   173.6    2561.6    0.4   -2.5
   174.1    2561.6    0.4   -2.5
   174.6    2561.6    0.3   -2.5
   175.1    2561.6    0.3   -2.5
   175.6    2561.6    0.3   -2.6
   176.1    2561.6    0.3   -2.6
   176.6    2561.6    0.3   -2.7
   177.1    2561.6    0.3   -2.7
   177.6    2561.6    0.3   -2.8
   178.1    2561.6    0.3   -2.8
   178.6    2561.6    0.3   -2.8
   179.1    2561.6    0.3   -2.8
   179.6    2561.6    0.4   -2.7
   180.1    2561.6    0.4   -2.7
   180.6    2561.6    0.4   -2.6
   181.1    2561.6    0.4   -2.5
   181.6    2561.6    0.4   -2.4
   182.1    2561.6    0.4   -2.4
   182.6    2561.6    0.4   -2.3
   183.1    2561.6    0.4   -2.3
   183.6    2561.6    0.4   -2.2
   184.1    2561.6    0.4   -2.2
   184.6    2561.6    0.5   -2.2
   185.1    2561.6    0.5   -2.2
   165.6    2562.1    0.3   -2.2
   166.1    2562.1    0.3   -2.2
   166.6    2562.1    0.3   -2.3
   167.1    2562.1    0.3   -2.3
   167.6    2562.1    0.3   -2.3
   168.1    2562.1    0.3   -2.3
   168.6    2562.1    0.3   -2.4
   169.1    2562.1    0.3   -2.4
   169.6    2562.1    0.3   -2.4
   170.1    2562.1    0.4   -2.5
   170.6    2562.1    0.4   -2.5
   171.1    2562.1    0.4   -2.5
   171.6    2562.1    0.4   -2.5
   172.1    2562.1    0.4   -2.4
   172.6    2562.1    0.4   -2.5
   173.1    2562.1    0.4   -2.5
   173.6    2562.1    0.3   -2.5
   174.1    2562.1    0.3   -2.5
   174.6    2562.1    0.3   -2.5
   175.1    2562.1    0.3   -2.5
   175.6    2562.1    0.3   -2.6
   176.1    2562.1    0.3   -2.6
   176.6    2562.1    0.3   -2.6
   177.1    2562.1    0.3   -2.7
   177.6    2562.1    0.3   -2.7
   178.1    2562.1    0.3   -2.7
   178.6    2562.1    0.4   -2.7
   179.1    2562.1    0.4   -2.7
   179.6    2562.1    0.4   -2.6
   180.1    2562.1    0.5   -2.6
   180.6    2562.1    0.5   -2.5
   181.1    2562.1    0.5   -2.4
   181.6    2562.1    0.5   -2.4
   182.1    2562.1    0.4   -2.3
   182.6    2562.1    0.4   -2.2
   183.1    2562.1    0.4   -2.2
   183.6    2562.1    0.4   -2.2
   184.1    2562.1    0.4   -2.2
   184.6    2562.1    0.4   -2.2
   185.1    2562.1    0.4   -2.2
   165.6    2562.6    0.3   -2.2
   166.1    2562.6    0.3   -2.2
   166.6    2562.6    0.3   -2.3
   167.1    2562.6    0.3   -2.3
   167.6    2562.6    0.3   -2.3
   168.1    2562.6    0.3   -2.3
   168.6    2562.6    0.3   -2.3
   169.1    2562.6    0.3   -2.4
   169.6    2562.6    0.3   -2.4
   170.1    2562.6    0.4   -2.4
   170.6    2562.6    0.4   -2.4
   171.1    2562.6    0.4   -2.4
   171.6    2562.6    0.4   -2.4
   172.1    2562.6    0.4   -2.4
   172.6    2562.6    0.4   -2.4
   173.1    2562.6    0.3   -2.4
   173.6    2562.6    0.3   -2.5
   174.1    2562.6    0.3   -2.5
   174.6    2562.6    0.3   -2.5
   175.1    2562.6    0.3   -2.5
   175.6    2562.6    0.3   -2.6
   176.1    2562.6    0.3   -2.6
   176.6    2562.6    0.3   -2.6
   177.1    2562.6    0.3   -2.6
   177.6    2562.6    0.3   -2.6
   178.1    2562.6    0.4   -2.6
   178.6    2562.6    0.4   -2.6
   179.1    2562.6    0.5   -2.6
   179.6    2562.6    0.5   -2.5
   180.1    2562.6    0.5   -2.5
   180.6    2562.6    0.5   -2.4
   181.1    2562.6    0.5   -2.4
   181.6    2562.6    0.5   -2.3
   182.1    2562.6    0.4   -2.2
   182.6    2562.6    0.4   -2.2
   183.1    2562.6    0.3   -2.2
   183.6    2562.6    0.3   -2.2
   184.1    2562.6    0.3   -2.2
   184.6    2562.6    0.3   -2.2
   185.1    2562.6    0.4   -2.2
   165.6    2563.1    0.4   -2.2
   166.1    2563.1    0.3   -2.2
   166.6    2563.1    0.3   -2.2
   167.1    2563.1    0.3   -2.3
   167.6    2563.1    0.3   -2.3
   168.1    2563.1    0.3   -2.3
   168.6    2563.1    0.3   -2.3
   169.1    2563.1    0.3   -2.3
   169.6    2563.1    0.4   -2.3
   170.1    2563.1    0.4   -2.4
   170.6    2563.1    0.4   -2.4
   171.1    2563.1    0.4   -2.4
   171.6    2563.1    0.4   -2.4
   172.1    2563.1    0.4   -2.4
   172.6    2563.1    0.3   -2.4
   173.1    2563.1    0.3   -2.4
   173.6    2563.1    0.3   -2.4
   174.1    2563.1    0.3   -2.5
   174.6    2563.1    0.3   -2.5
   175.1    2563.1    0.3   -2.5
   175.6    2563.1    0.3   -2.5
   176.1    2563.1    0.3   -2.6
   176.6    2563.1    0.3   -2.6
   177.1    2563.1    0.3   -2.6
   177.6    2563.1    0.4   -2.6
   178.1    2563.1    0.4   -2.6
   178.6    2563.1    0.5   -2.6
   179.1    2563.1    0.5   -2.5
   179.6    2563.1    0.6   -2.5
   180.1    2563.1    0.6   -2.4
   180.6    2563.1    0.6   -2.4
   181.1    2563.1    0.5   -2.3
   181.6    2563.1    0.5   -2.3
   182.1    2563.1    0.4   -2.2
   182.6    2563.1    0.3   -2.2
   183.1    2563.1    0.3   -2.2
   183.6    2563.1    0.3   -2.1
   184.1    2563.1    0.3   -2.2
   184.6    2563.1    0.3   -2.2
   185.1    2563.1    0.3   -2.2
   165.6    2563.6    0.4   -2.2
   166.1    2563.6    0.3   -2.2
   166.6    2563.6    0.3   -2.2
   167.1    2563.6    0.3   -2.2
   167.6    2563.6    0.3   -2.2
   168.1    2563.6    0.3   -2.3
   168.6    2563.6    0.3   -2.3
   169.1    2563.6    0.3   -2.3
   169.6    2563.6    0.4   -2.3
   170.1    2563.6    0.4   -2.3
   170.6    2563.6    0.4   -2.4
   171.1    2563.6    0.3   -2.4
   171.6    2563.6    0.3   -2.4
   172.1    2563.6    0.3   -2.4
   172.6    2563.6    0.3   -2.4
   173.1    2563.6    0.3   -2.4
   173.6    2563.6    0.3   -2.4
   174.1    2563.6    0.3   -2.5
   174.6    2563.6    0.3   -2.5
   175.1    2563.6    0.3   -2.5
   175.6    2563.6    0.2   -2.5
   176.1    2563.6    0.3   -2.5
   176.6    2563.6    0.3   -2.6
   177.1    2563.6    0.3   -2.6
   177.6    2563.6    0.4   -2.6
   178.1    2563.6    0.5   -2.5
   178.6    2563.6    0.5   -2.5
   179.1    2563.6    0.6   -2.5
   179.6    2563.6    0.6   -2.4
   180.1    2563.6    0.6   -2.4
   180.6    2563.6    0.6   -2.3
   181.1    2563.6    0.5   -2.3
   181.6    2563.6    0.4   -2.2
   182.1    2563.6    0.3   -2.2
   182.6    2563.6    0.3   -2.2
   183.1    2563.6    0.2   -2.2
   183.6    2563.6    0.2   -2.2
   184.1    2563.6    0.2   -2.2
   184.6    2563.6    0.2   -2.2
   185.1    2563.6    0.3   -2.2
   165.6    2564.1    0.4   -2.2
   166.1    2564.1    0.4   -2.2
   166.6    2564.1    0.3   -2.2
   167.1    2564.1    0.3   -2.2
   167.6    2564.1    0.3   -2.2
   168.1    2564.1    0.3   -2.2
   168.6    2564.1    0.3   -2.2
   169.1    2564.1    0.3   -2.3
   169.6    2564.1    0.3   -2.3
   170.1    2564.1    0.4   -2.3
   170.6    2564.1    0.4   -2.3
   171.1    2564.1    0.3   -2.3
   171.6    2564.1    0.3   -2.4
   172.1    2564.1    0.3   -2.4
   172.6    2564.1    0.3   -2.4
   173.1    2564.1    0.3   -2.4
   173.6    2564.1    0.3   -2.4
   174.1    2564.1    0.3   -2.5
   174.6    2564.1    0.3   -2.5
   175.1    2564.1    0.2   -2.5
   175.6    2564.1    0.2   -2.5
   176.1    2564.1    0.3   -2.5
   176.6    2564.1    0.3   -2.5
   177.1    2564.1    0.4   -2.5
   177.6    2564.1    0.4   -2.5
   178.1    2564.1    0.5   -2.5
   178.6    2564.1    0.6   -2.5
   179.1    2564.1    0.6   -2.4
   179.6    2564.1    0.7   -2.4
   180.1    2564.1    0.6   -2.3
   180.6    2564.1    0.6   -2.3
   181.1    2564.1    0.5   -2.3
   181.6    2564.1    0.4   -2.2
   182.1    2564.1    0.3   -2.2
   182.6    2564.1    0.2   -2.2
   183.1    2564.1    0.2   -2.2
   183.6    2564.1    0.1   -2.2
   184.1    2564.1    0.2   -2.2
   184.6    2564.1    0.2   -2.2
   185.1    2564.1    0.2   -2.1
   165.6    2564.6    0.4   -2.2
   166.1    2564.6    0.4   -2.2
   166.6    2564.6    0.3   -2.2
   167.1    2564.6    0.3   -2.2
   167.6    2564.6    0.3   -2.2
   168.1    2564.6    0.3   -2.2
   168.6    2564.6    0.3   -2.2
   169.1    2564.6    0.3   -2.2
   169.6    2564.6    0.3   -2.2
   170.1    2564.6    0.3   -2.3
   170.6    2564.6    0.3   -2.3
   171.1    2564.6    0.3   -2.3
   171.6    2564.6    0.3   -2.3
   172.1    2564.6    0.3   -2.4
   172.6    2564.6    0.3   -2.4
   173.1    2564.6    0.3   -2.4
   173.6    2564.6    0.3   -2.4
   174.1    2564.6    0.3   -2.4
   174.6    2564.6    0.3   -2.5
   175.1    2564.6    0.2   -2.5
   175.6    2564.6    0.3   -2.5
   176.1    2564.6    0.3   -2.5
   176.6    2564.6    0.3   -2.5
   177.1    2564.6    0.4   -2.5
   177.6    2564.6    0.5   -2.5
   178.1    2564.6    0.6   -2.5
   178.6    2564.6    0.6   -2.4
   179.1    2564.6    0.7   -2.4
   179.6    2564.6    0.7   -2.4
   180.1    2564.6    0.6   -2.3
   180.6    2564.6    0.6   -2.3
   181.1    2564.6    0.5   -2.3
   181.6    2564.6    0.3   -2.3
   182.1    2564.6    0.2   -2.2
   182.6    2564.6    0.2   -2.2
   183.1    2564.6    0.1   -2.2
   183.6    2564.6    0.1   -2.2
   184.1    2564.6    0.1   -2.2
   184.6    2564.6    0.2   -2.2
   185.1    2564.6    0.2   -2.1
   165.6    2565.1    0.4   -2.2
   166.1    2565.1    0.4   -2.2
   166.6    2565.1    0.4   -2.2
   167.1    2565.1    0.3   -2.2
   167.6    2565.1    0.3   -2.2
   168.1    2565.1    0.3   -2.2
   168.6    2565.1    0.3   -2.2
   169.1    2565.1    0.3   -2.2
   169.6    2565.1    0.3   -2.2
   170.1    2565.1    0.3   -2.2
   170.6    2565.1    0.3   -2.3
   171.1    2565.1    0.3   -2.3
   171.6    2565.1    0.3   -2.3
   172.1    2565.1    0.3   -2.3
   172.6    2565.1    0.3   -2.4
   173.1    2565.1    0.3   -2.4
   173.6    2565.1    0.3   -2.4
   174.1    2565.1    0.3   -2.4
   174.6    2565.1    0.3   -2.4
   175.1    2565.1    0.3   -2.4
   175.6    2565.1    0.3   -2.5
   176.1    2565.1    0.3   -2.5
   176.6    2565.1    0.3   -2.5
   177.1    2565.1    0.4   -2.5
   177.6    2565.1    0.5   -2.4
   178.1    2565.1    0.6   -2.4
   178.6    2565.1    0.6   -2.4
   179.1    2565.1    0.7   -2.4
   179.6    2565.1    0.7   -2.4
   180.1    2565.1    0.6   -2.3
   180.6    2565.1    0.5   -2.3
   181.1    2565.1    0.4   -2.3
   181.6    2565.1    0.3   -2.3
   182.1    2565.1    0.2   -2.3
   182.6    2565.1    0.1   -2.3
   183.1    2565.1    0.1   -2.2
   183.6    2565.1    0.1   -2.2
   184.1    2565.1    0.1   -2.2
   184.6    2565.1    0.2   -2.2
   185.1    2565.1    0.2   -2.1
   165.6    2565.6    0.4   -2.2
   166.1    2565.6    0.4   -2.1
   166.6    2565.6    0.4   -2.1
   167.1    2565.6    0.3   -2.2
   167.6    2565.6    0.3   -2.2
   168.1    2565.6    0.3   -2.2
   168.6    2565.6    0.3   -2.2
   169.1    2565.6    0.3   -2.2
   169.6    2565.6    0.3   -2.2
   170.1    2565.6    0.3   -2.2
   170.6    2565.6    0.3   -2.2
   171.1    2565.6    0.3   -2.3
   171.6    2565.6    0.3   -2.3
   172.1    2565.6    0.3   -2.3
   172.6    2565.6    0.3   -2.3
   173.1    2565.6    0.3   -2.4
   173.6    2565.6    0.3   -2.4
   174.1    2565.6    0.3   -2.4
   174.6    2565.6    0.3   -2.4
   175.1    2565.6    0.3   -2.4
   175.6    2565.6    0.3   -2.4
   176.1    2565.6    0.3   -2.4
   176.6    2565.6    0.4   -2.4
   177.1    2565.6    0.4   -2.4
   177.6    2565.6    0.5   -2.4
   178.1    2565.6    0.6   -2.4
   178.6    2565.6    0.6   -2.4
   179.1    2565.6    0.7   -2.4
   179.6    2565.6    0.6   -2.4
   180.1    2565.6    0.6   -2.3
   180.6    2565.6    0.5   -2.3
   181.1    2565.6    0.4   -2.3
   181.6    2565.6    0.3   -2.2
   182.1    2565.6    0.2   -2.2
   182.6    2565.6    0.1   -2.3
   183.1    2565.6    0.1   -2.3
   183.6    2565.6    0.1   -2.2
   184.1    2565.6    0.2   -2.2
   184.6    2565.6    0.2   -2.2
   185.1    2565.6    0.2   -2.1
