   165.6    2546.1    0.8   -3.9
   166.1    2546.1    0.8   -3.9
   166.6    2546.1    0.8   -3.8
   167.1    2546.1    0.8   -3.8
   167.6    2546.1    0.8   -3.8
   168.1    2546.1    0.7   -3.8
   168.6    2546.1    0.6   -3.8
   169.1    2546.1    0.5   -3.8
   169.6    2546.1    0.4   -3.8
   170.1    2546.1    0.3   -3.9
   170.6    2546.1    0.2   -3.9
   171.1    2546.1    0.1   -3.9
   171.6    2546.1    0.0   -3.9
   172.1    2546.1   -0.1   -4.0
   172.6    2546.1   -0.2   -4.0
   173.1    2546.1   -0.2   -4.0
   173.6    2546.1   -0.2   -4.0
   174.1    2546.1   -0.2   -4.0
   174.6    2546.1   -0.1   -4.0
   175.1    2546.1   -0.1   -4.0
   175.6    2546.1    0.0   -4.0
   176.1    2546.1    0.0   -4.0
   176.6    2546.1    0.0   -4.0
   177.1    2546.1    0.0   -4.0
   177.6    2546.1    0.0   -3.9
   178.1    2546.1   -0.1   -3.9
   178.6    2546.1    0.0   -3.9
   179.1    2546.1    0.0   -3.9
   179.6    2546.1    0.0   -3.8
   180.1    2546.1    0.1   -3.8
   180.6    2546.1    0.1   -3.8
   181.1    2546.1    0.2   -3.7
   181.6    2546.1    0.3   -3.7
   182.1    2546.1    0.3   -3.7
   182.6    2546.1    0.3   -3.7
   183.1    2546.1    0.3   -3.7
   183.6    2546.1    0.3   -3.7
   184.1    2546.1    0.2   -3.7
   184.6    2546.1    0.2   -3.7
   185.1    2546.1    0.1   -3.7
   165.6    2546.6    0.8   -3.9
   166.1    2546.6    0.8   -3.9
   166.6    2546.6    0.8   -3.9
   167.1    2546.6    0.8   -3.9
   167.6    2546.6    0.8   -3.9
   168.1    2546.6    0.7   -3.8
   168.6    2546.6    0.6   -3.8
   169.1    2546.6    0.5   -3.9
   169.6    2546.6    0.4   -3.9
   170.1    2546.6    0.3   -3.9
   170.6    2546.6    0.2   -3.9
   171.1    2546.6    0.0   -3.9
   171.6    2546.6   -0.1   -4.0
   172.1    2546.6   -0.2   -4.0
   172.6    2546.6   -0.2   -4.0
   173.1    2546.6   -0.2   -4.1
   173.6    2546.6   -0.2   -4.1
   174.1    2546.6   -0.2   -4.1
   174.6    2546.6   -0.1   -4.1
   175.1    2546.6   -0.1   -4.1
   175.6    2546.6   -0.1   -4.1
   176.1    2546.6    0.0   -4.2
   176.6    2546.6    0.0   -4.1
   177.1    2546.6    0.0   -4.1
   177.6    2546.6    0.0   -4.1
   178.1    2546.6   -0.1   -4.1
   178.6    2546.6   -0.1   -4.1
   179.1    2546.6    0.0   -4.0
   179.6    2546.6    0.0   -3.9
   180.1    2546.6    0.1   -3.9
   180.6    2546.6    0.1   -3.8
   181.1    2546.6    0.2   -3.8
   181.6    2546.6    0.2   -3.8
   182.1    2546.6    0.3   -3.7
   182.6    2546.6    0.3   -3.7
   183.1    2546.6    0.3   -3.7
   183.6    2546.6    0.2   -3.7
   184.1    2546.6    0.2   -3.7
   184.6    2546.6    0.1   -3.7
   185.1    2546.6    0.1   -3.7
   165.6    2547.1    0.7   -3.9
   166.1    2547.1    0.8   -3.9
   166.6    2547.1    0.8   -3.9
   167.1    2547.1    0.8   -3.9
   167.6    2547.1    0.8   -3.9
   168.1    2547.1    0.7   -3.9
   168.6    2547.1    0.6   -3.9
   169.1    2547.1    0.5   -3.9
   169.6    2547.1    0.4   -3.9
   170.1    2547.1    0.3   -3.9
   170.6    2547.1    0.1   -3.9
   171.1    2547.1    0.0   -4.0
   171.6    2547.1   -0.1   -4.0
   172.1    2547.1   -0.2   -4.1
   172.6    2547.1   -0.2   -4.1
   173.1    2547.1   -0.2   -4.2
   173.6    2547.1   -0.2   -4.2
   174.1    2547.1   -0.2   -4.2
   174.6    2547.1   -0.1   -4.2
   175.1    2547.1   -0.1   -4.2
   175.6    2547.1   -0.1   -4.2
   176.1    2547.1    0.0   -4.2
   176.6    2547.1    0.0   -4.2
   177.1    2547.1   -0.1   -4.2
   177.6    2547.1   -0.1   -4.2
   178.1    2547.1   -0.1   -4.2
   178.6    2547.1   -0.1   -4.2
   179.1    2547.1   -0.1   -4.1
   179.6    2547.1    0.0   -4.1
   180.1    2547.1    0.0   -4.1
   180.6    2547.1    0.1   -4.0
   181.1    2547.1    0.2   -3.9
   181.6    2547.1    0.2   -3.9
   182.1    2547.1    0.2   -3.8
   182.6    2547.1    0.2   -3.8
   183.1    2547.1    0.2   -3.8
   183.6    2547.1    0.2   -3.7
   184.1    2547.1    0.2   -3.7
   184.6    2547.1    0.2   -3.7
   185.1    2547.1    0.1   -3.7
   165.6    2547.6    0.7   -3.9
   166.1    2547.6    0.7   -3.9
   166.6    2547.6    0.8   -3.9
   167.1    2547.6    0.8   -3.9
   167.6    2547.6    0.8   -3.9
   168.1    2547.6    0.7   -3.9
   168.6    2547.6    0.6   -3.9
   169.1    2547.6    0.5   -3.9
   169.6    2547.6    0.4   -3.9
   170.1    2547.6    0.2   -3.9
   170.6    2547.6    0.1   -4.0
   171.1    2547.6   -0.1   -4.0
   171.6    2547.6   -0.2   -4.1
   172.1    2547.6   -0.2   -4.2
   172.6    2547.6   -0.2   -4.3
   173.1    2547.6   -0.2   -4.3
   173.6    2547.6   -0.2   -4.3
   174.1    2547.6   -0.2   -4.3
   174.6    2547.6   -0.1   -4.3
   175.1    2547.6   -0.1   -4.3
   175.6    2547.6    0.0   -4.3
   176.1    2547.6    0.0   -4.3
   176.6    2547.6    0.0   -4.3
   177.1    2547.6    0.0   -4.3
   177.6    2547.6   -0.1   -4.3
   178.1    2547.6   -0.1   -4.3
   178.6    2547.6   -0.1   -4.2
   179.1    2547.6   -0.1   -4.2
   179.6    2547.6   -0.1   -4.2
   180.1    2547.6    0.0   -4.2
   180.6    2547.6    0.1   -4.1
   181.1    2547.6    0.1   -4.1
   181.6    2547.6    0.2   -4.0
   182.1    2547.6    0.2   -4.0
   182.6    2547.6    0.2   -3.9
   183.1    2547.6    0.2   -3.8
   183.6    2547.6    0.2   -3.8
   184.1    2547.6    0.2   -3.7
   184.6    2547.6    0.2   -3.7
   185.1    2547.6    0.2   -3.7
   165.6    2548.1    0.7   -3.9
   166.1    2548.1    0.7   -4.0
   166.6    2548.1    0.7   -4.0
   167.1    2548.1    0.8   -4.0
   167.6    2548.1    0.8   -3.9
   168.1    2548.1    0.7   -3.9
   168.6    2548.1    0.7   -3.9
   169.1    2548.1    0.5   -3.9
   169.6    2548.1    0.3   -4.0
   170.1    2548.1    0.2   -4.0
   170.6    2548.1    0.0   -4.0
   171.1    2548.1   -0.1   -4.1
   171.6    2548.1   -0.2   -4.2
   172.1    2548.1   -0.2   -4.3
   172.6    2548.1   -0.3   -4.3
   173.1    2548.1   -0.2   -4.4
   173.6    2548.1   -0.2   -4.4
   174.1    2548.1   -0.2   -4.4
   174.6    2548.1   -0.1   -4.4
   175.1    2548.1   -0.1   -4.4
   175.6    2548.1    0.0   -4.4
   176.1    2548.1    0.0   -4.4
   176.6    2548.1    0.0   -4.4
   177.1    2548.1    0.0   -4.4
   177.6    2548.1   -0.1   -4.4
   178.1    2548.1   -0.1   -4.3
   178.6    2548.1   -0.1   -4.3
   179.1    2548.1   -0.1   -4.3
   179.6    2548.1   -0.1   -4.3
   180.1    2548.1   -0.1   -4.3
   180.6    2548.1    0.0   -4.2
   181.1    2548.1    0.1   -4.2
   181.6    2548.1    0.1   -4.1
   182.1    2548.1    0.2   -4.1
   182.6    2548.1    0.2   -4.0
   183.1    2548.1    0.2   -3.9
   183.6    2548.1    0.2   -3.8
   184.1    2548.1    0.2   -3.8
   184.6    2548.1    0.2   -3.7
   185.1    2548.1    0.2   -3.7
   165.6    2548.6    0.7   -3.9
   166.1    2548.6    0.7   -4.0
   166.6    2548.6    0.7   -4.0
   167.1    2548.6    0.8   -4.0
   167.6    2548.6    0.8   -4.0
   168.1    2548.6    0.7   -3.9
   168.6    2548.6    0.6   -3.9
   169.1    2548.6    0.5   -4.0
   169.6    2548.6    0.3   -4.0
   170.1    2548.6    0.1   -4.0
   170.6    2548.6    0.0   -4.1
   171.1    2548.6   -0.1   -4.2
   171.6    2548.6   -0.2   -4.3
   172.1    2548.6   -0.3   -4.4
   172.6    2548.6   -0.3   -4.4
   173.1    2548.6   -0.3   -4.5
   173.6    2548.6   -0.2   -4.5
   174.1    2548.6   -0.2   -4.5
   174.6    2548.6   -0.1   -4.5
   175.1    2548.6   -0.1   -4.5
   175.6    2548.6    0.0   -4.5
   176.1    2548.6    0.0   -4.5
   176.6    2548.6    0.0   -4.5
   177.1    2548.6   -0.1   -4.4
   177.6    2548.6   -0.1   -4.4
   178.1    2548.6   -0.1   -4.4
   178.6    2548.6   -0.1   -4.4
   179.1    2548.6   -0.1   -4.4
   179.6    2548.6   -0.1   -4.4
   180.1    2548.6   -0.1   -4.3
   180.6    2548.6    0.0   -4.3
   181.1    2548.6    0.0   -4.3
   181.6    2548.6    0.1   -4.2
   182.1    2548.6    0.1   -4.2
   182.6    2548.6    0.2   -4.1
   183.1    2548.6    0.2   -4.0
   183.6    2548.6    0.2   -3.9
   184.1    2548.6    0.2   -3.8
   184.6    2548.6    0.2   -3.7
   185.1    2548.6    0.2   -3.7
   165.6    2549.1    0.7   -3.9
   166.1    2549.1    0.7   -4.0
   166.6    2549.1    0.8   -4.0
   167.1    2549.1    0.8   -4.0
   167.6    2549.1    0.8   -4.0
   168.1    2549.1    0.7   -4.0
   168.6    2549.1    0.6   -4.0
   169.1    2549.1    0.5   -4.0
   169.6    2549.1    0.3   -4.0
   170.1    2549.1    0.1   -4.1
   170.6    2549.1   -0.1   -4.2
   171.1    2549.1   -0.2   -4.3
   171.6    2549.1   -0.3   -4.4
   172.1    2549.1   -0.3   -4.4
   172.6    2549.1   -0.3   -4.5
   173.1    2549.1   -0.3   -4.5
   173.6    2549.1   -0.2   -4.5
   174.1    2549.1   -0.2   -4.5
   174.6    2549.1   -0.1   -4.5
   175.1    2549.1   -0.1   -4.5
   175.6    2549.1    0.0   -4.5
   176.1    2549.1    0.0   -4.5
   176.6    2549.1    0.0   -4.5
   177.1    2549.1   -0.1   -4.5
   177.6    2549.1   -0.1   -4.5
   178.1    2549.1   -0.1   -4.5
   178.6    2549.1   -0.1   -4.5
   179.1    2549.1   -0.1   -4.5
   179.6    2549.1   -0.1   -4.5
   180.1    2549.1   -0.1   -4.4
   180.6    2549.1    0.0   -4.4
   181.1    2549.1    0.0   -4.3
   181.6    2549.1    0.1   -4.3
   182.1    2549.1    0.1   -4.2
   182.6    2549.1    0.1   -4.1
   183.1    2549.1    0.2   -4.1
   183.6    2549.1    0.2   -4.0
   184.1    2549.1    0.2   -3.9
   184.6    2549.1    0.2   -3.8
   185.1    2549.1    0.2   -3.7
   165.6    2549.6    0.7   -3.9
   166.1    2549.6    0.7   -3.9
   166.6    2549.6    0.8   -4.0
   167.1    2549.6    0.8   -4.0
   167.6    2549.6    0.8   -4.0
   168.1    2549.6    0.7   -4.0
   168.6    2549.6    0.6   -4.0
   169.1    2549.6    0.4   -4.0
   169.6    2549.6    0.2   -4.1
   170.1    2549.6    0.1   -4.2
   170.6    2549.6   -0.1   -4.3
   171.1    2549.6   -0.2   -4.4
   171.6    2549.6   -0.3   -4.4
   172.1    2549.6   -0.3   -4.5
   172.6    2549.6   -0.3   -4.5
   173.1    2549.6   -0.3   -4.6
   173.6    2549.6   -0.2   -4.6
   174.1    2549.6   -0.2   -4.6
   174.6    2549.6   -0.1   -4.6
   175.1    2549.6   -0.1   -4.6
   175.6    2549.6    0.0   -4.6
   176.1    2549.6    0.0   -4.6
   176.6    2549.6   -0.1   -4.6
   177.1    2549.6   -0.1   -4.6
   177.6    2549.6   -0.1   -4.6
   178.1    2549.6   -0.1   -4.6
   178.6    2549.6   -0.2   -4.6
   179.1    2549.6   -0.2   -4.6
   179.6    2549.6   -0.1   -4.5
   180.1    2549.6   -0.1   -4.5
   180.6    2549.6   -0.1   -4.5
   181.1    2549.6    0.0   -4.4
   181.6    2549.6    0.0   -4.4
   182.1    2549.6    0.1   -4.3
   182.6    2549.6    0.1   -4.2
   183.1    2549.6    0.2   -4.1
   183.6    2549.6    0.2   -4.1
   184.1    2549.6    0.2   -4.0
   184.6    2549.6    0.2   -3.9
   185.1    2549.6    0.2   -3.7
   165.6    2550.1    0.7   -3.9
   166.1    2550.1    0.8   -4.0
   166.6    2550.1    0.8   -4.0
   167.1    2550.1    0.8   -4.0
   167.6    2550.1    0.8   -4.0
   168.1    2550.1    0.7   -4.0
   168.6    2550.1    0.6   -4.0
   169.1    2550.1    0.4   -4.1
   169.6    2550.1    0.2   -4.2
   170.1    2550.1    0.0   -4.3
   170.6    2550.1   -0.1   -4.4
   171.1    2550.1   -0.3   -4.4
   171.6    2550.1   -0.3   -4.5
   172.1    2550.1   -0.3   -4.6
   172.6    2550.1   -0.3   -4.6
   173.1    2550.1   -0.3   -4.6
   173.6    2550.1   -0.2   -4.7
   174.1    2550.1   -0.2   -4.7
   174.6    2550.1   -0.1   -4.7
   175.1    2550.1   -0.1   -4.7
   175.6    2550.1   -0.1   -4.7
   176.1    2550.1   -0.1   -4.7
   176.6    2550.1   -0.1   -4.7
   177.1    2550.1   -0.1   -4.7
   177.6    2550.1   -0.1   -4.7
   178.1    2550.1   -0.1   -4.7
   178.6    2550.1   -0.2   -4.7
   179.1    2550.1   -0.2   -4.6
   179.6    2550.1   -0.1   -4.6
   180.1    2550.1   -0.1   -4.6
   180.6    2550.1   -0.1   -4.6
   181.1    2550.1    0.0   -4.5
   181.6    2550.1    0.0   -4.4
   182.1    2550.1    0.0   -4.4
   182.6    2550.1    0.1   -4.3
   183.1    2550.1    0.1   -4.2
   183.6    2550.1    0.2   -4.1
   184.1    2550.1    0.2   -4.0
   184.6    2550.1    0.2   -3.9
   185.1    2550.1    0.2   -3.9
   165.6    2550.6    0.8   -4.0
   166.1    2550.6    0.8   -4.0
   166.6    2550.6    0.8   -4.0
   167.1    2550.6    0.8   -4.0
   167.6    2550.6    0.8   -4.0
   168.1    2550.6    0.7   -4.1
   168.6    2550.6    0.5   -4.1
   169.1    2550.6    0.4   -4.2
   169.6    2550.6    0.2   -4.3
   170.1    2550.6    0.0   -4.3
   170.6    2550.6   -0.2   -4.4
   171.1    2550.6   -0.3   -4.5
   171.6    2550.6   -0.3   -4.6
   172.1    2550.6   -0.4   -4.6
   172.6    2550.6   -0.3   -4.7
   173.1    2550.6   -0.3   -4.7
   173.6    2550.6   -0.2   -4.7
   174.1    2550.6   -0.2   -4.7
   174.6    2550.6   -0.1   -4.7
   175.1    2550.6   -0.1   -4.7
   175.6    2550.6   -0.1   -4.7
   176.1    2550.6   -0.1   -4.7
   176.6    2550.6   -0.1   -4.7
   177.1    2550.6   -0.1   -4.7
   177.6    2550.6   -0.1   -4.7
   178.1    2550.6   -0.2   -4.7
   178.6    2550.6   -0.2   -4.7
   179.1    2550.6   -0.2   -4.7
   179.6    2550.6   -0.1   -4.7
   180.1    2550.6   -0.1   -4.7
   180.6    2550.6   -0.1   -4.6
   181.1    2550.6    0.0   -4.6
   181.6    2550.6    0.0   -4.5
   182.1    2550.6    0.0   -4.4
   182.6    2550.6    0.1   -4.3
   183.1    2550.6    0.1   -4.2
   183.6    2550.6    0.2   -4.1
   184.1    2550.6    0.2   -4.1
   184.6    2550.6    0.2   -4.0
   185.1    2550.6    0.3   -3.9
   165.6    2551.1    0.8   -4.0
   166.1    2551.1    0.8   -4.0
   166.6    2551.1    0.9   -4.0
   167.1    2551.1    0.9   -4.0
   167.6    2551.1    0.8   -4.1
   168.1    2551.1    0.7   -4.1
   168.6    2551.1    0.5   -4.2
   169.1    2551.1    0.3   -4.2
   169.6    2551.1    0.1   -4.3
   170.1    2551.1   -0.1   -4.4
   170.6    2551.1   -0.2   -4.5
   171.1    2551.1   -0.3   -4.5
   171.6    2551.1   -0.4   -4.6
   172.1    2551.1   -0.4   -4.7
   172.6    2551.1   -0.3   -4.7
   173.1    2551.1   -0.3   -4.8
   173.6    2551.1   -0.3   -4.8
   174.1    2551.1   -0.2   -4.8
   174.6    2551.1   -0.2   -4.8
   175.1    2551.1   -0.1   -4.8
   175.6    2551.1   -0.1   -4.8
   176.1    2551.1   -0.1   -4.8
   176.6    2551.1   -0.1   -4.8
   177.1    2551.1   -0.1   -4.8
   177.6    2551.1   -0.1   -4.8
   178.1    2551.1   -0.2   -4.8
   178.6    2551.1   -0.2   -4.8
   179.1    2551.1   -0.2   -4.8
   179.6    2551.1   -0.1   -4.8
   180.1    2551.1   -0.1   -4.8
   180.6    2551.1   -0.1   -4.7
   181.1    2551.1   -0.1   -4.6
   181.6    2551.1    0.0   -4.6
   182.1    2551.1    0.0   -4.5
   182.6    2551.1    0.0   -4.4
   183.1    2551.1    0.1   -4.3
   183.6    2551.1    0.1   -4.2
   184.1    2551.1    0.2   -4.1
   184.6    2551.1    0.2   -4.0
   185.1    2551.1    0.3   -3.9
   165.6    2551.6    0.8   -4.0
   166.1    2551.6    0.9   -4.0
   166.6    2551.6    0.9   -4.0
   167.1    2551.6    0.8   -4.1
   167.6    2551.6    0.8   -4.1
   168.1    2551.6    0.6   -4.2
   168.6    2551.6    0.5   -4.3
   169.1    2551.6    0.3   -4.3
   169.6    2551.6    0.1   -4.4
   170.1    2551.6   -0.1   -4.4
   170.6    2551.6   -0.2   -4.5
   171.1    2551.6   -0.3   -4.6
   171.6    2551.6   -0.4   -4.7
   172.1    2551.6   -0.4   -4.7
   172.6    2551.6   -0.4   -4.8
   173.1    2551.6   -0.3   -4.8
   173.6    2551.6   -0.3   -4.8
   174.1    2551.6   -0.2   -4.9
   174.6    2551.6   -0.2   -4.9
   175.1    2551.6   -0.2   -4.9
   175.6    2551.6   -0.1   -4.8
   176.1    2551.6   -0.1   -4.8
   176.6    2551.6   -0.1   -4.8
   177.1    2551.6   -0.1   -4.8
   177.6    2551.6   -0.1   -4.9
   178.1    2551.6   -0.2   -4.9
   178.6    2551.6   -0.2   -4.9
   179.1    2551.6   -0.1   -4.9
   179.6    2551.6   -0.1   -4.9
   180.1    2551.6   -0.1   -4.9
   180.6    2551.6   -0.1   -4.8
   181.1    2551.6   -0.1   -4.7
   181.6    2551.6    0.0   -4.6
   182.1    2551.6    0.0   -4.6
   182.6    2551.6    0.0   -4.5
   183.1    2551.6    0.1   -4.4
   183.6    2551.6    0.1   -4.3
   184.1    2551.6    0.2   -4.1
   184.6    2551.6    0.3   -4.0
   185.1    2551.6    0.3   -4.0
   165.6    2552.1    0.9   -4.0
   166.1    2552.1    0.9   -4.1
   166.6    2552.1    0.9   -4.1
   167.1    2552.1    0.8   -4.1
   167.6    2552.1    0.7   -4.2
   168.1    2552.1    0.6   -4.2
   168.6    2552.1    0.4   -4.3
   169.1    2552.1    0.2   -4.4
   169.6    2552.1    0.0   -4.4
   170.1    2552.1   -0.2   -4.5
   170.6    2552.1   -0.3   -4.6
   171.1    2552.1   -0.4   -4.7
   171.6    2552.1   -0.4   -4.7
   172.1    2552.1   -0.4   -4.8
   172.6    2552.1   -0.4   -4.9
   173.1    2552.1   -0.4   -4.9
   173.6    2552.1   -0.3   -4.9
   174.1    2552.1   -0.3   -4.9
   174.6    2552.1   -0.3   -4.9
   175.1    2552.1   -0.2   -4.9
   175.6    2552.1   -0.2   -4.9
   176.1    2552.1   -0.1   -4.8
   176.6    2552.1   -0.1   -4.8
   177.1    2552.1   -0.1   -4.8
   177.6    2552.1   -0.1   -4.9
   178.1    2552.1   -0.1   -4.9
   178.6    2552.1   -0.1   -5.0
   179.1    2552.1   -0.1   -5.0
   179.6    2552.1   -0.1   -5.0
   180.1    2552.1   -0.1   -4.9
   180.6    2552.1   -0.1   -4.9
   181.1    2552.1   -0.1   -4.8
   181.6    2552.1    0.0   -4.7
   182.1    2552.1    0.0   -4.6
   182.6    2552.1    0.0   -4.5
   183.1    2552.1    0.1   -4.4
   183.6    2552.1    0.1   -4.3
   184.1    2552.1    0.2   -4.2
   184.6    2552.1    0.3   -4.1
   185.1    2552.1    0.3   -4.0
   165.6    2552.6    0.9   -4.1
   166.1    2552.6    0.9   -4.1
   166.6    2552.6    0.9   -4.1
   167.1    2552.6    0.8   -4.2
   167.6    2552.6    0.7   -4.2
   168.1    2552.6    0.5   -4.3
   168.6    2552.6    0.3   -4.4
   169.1    2552.6    0.2   -4.4
   169.6    2552.6    0.0   -4.5
   170.1    2552.6   -0.2   -4.6
   170.6    2552.6   -0.3   -4.6
   171.1    2552.6   -0.4   -4.7
   171.6    2552.6   -0.4   -4.8
   172.1    2552.6   -0.5   -4.9
   172.6    2552.6   -0.4   -4.9
   173.1    2552.6   -0.4   -5.0
   173.6    2552.6   -0.4   -5.0
   174.1    2552.6   -0.4   -5.0
   174.6    2552.6   -0.3   -5.0
   175.1    2552.6   -0.3   -4.9
   175.6    2552.6   -0.2   -4.9
   176.1    2552.6   -0.1   -4.8
   176.6    2552.6   -0.1   -4.8
   177.1    2552.6   -0.1   -4.8
   177.6    2552.6   -0.1   -4.9
   178.1    2552.6   -0.1   -5.0
   178.6    2552.6   -0.1   -5.0
   179.1    2552.6   -0.1   -5.1
   179.6    2552.6   -0.1   -5.1
   180.1    2552.6   -0.1   -5.1
   180.6    2552.6   -0.1   -5.0
   181.1    2552.6   -0.1   -4.9
   181.6    2552.6    0.0   -4.8
   182.1    2552.6    0.0   -4.7
   182.6    2552.6    0.0   -4.6
   183.1    2552.6    0.1   -4.5
   183.6    2552.6    0.1   -4.4
   184.1    2552.6    0.2   -4.2
   184.6    2552.6    0.3   -4.1
   185.1    2552.6    0.3   -4.0
   165.6    2553.1    0.9   -4.1
   166.1    2553.1    0.9   -4.1
   166.6    2553.1    0.8   -4.2
   167.1    2553.1    0.7   -4.2
   167.6    2553.1    0.6   -4.3
   168.1    2553.1    0.5   -4.4
   168.6    2553.1    0.3   -4.4
   169.1    2553.1    0.1   -4.5
   169.6    2553.1   -0.1   -4.5
   170.1    2553.1   -0.2   -4.6
   170.6    2553.1   -0.3   -4.7
   171.1    2553.1   -0.4   -4.8
   171.6    2553.1   -0.5   -4.9
   172.1    2553.1   -0.5   -4.9
   172.6    2553.1   -0.5   -5.0
   173.1    2553.1   -0.5   -5.0
   173.6    2553.1   -0.5   -5.1
   174.1    2553.1   -0.4   -5.1
   174.6    2553.1   -0.4   -5.0
   175.1    2553.1   -0.3   -4.9
   175.6    2553.1   -0.2   -4.8
   176.1    2553.1   -0.1   -4.7
   176.6    2553.1    0.0   -4.7
   177.1    2553.1    0.0   -4.7
   177.6    2553.1    0.0   -4.9
   178.1    2553.1   -0.1   -5.0
   178.6    2553.1   -0.1   -5.1
   179.1    2553.1   -0.1   -5.2
   179.6    2553.1   -0.1   -5.2
   180.1    2553.1   -0.1   -5.2
   180.6    2553.1   -0.1   -5.1
   181.1    2553.1   -0.1   -5.0
   181.6    2553.1    0.0   -4.9
   182.1    2553.1    0.0   -4.8
   182.6    2553.1    0.0   -4.7
   183.1    2553.1    0.0   -4.5
   183.6    2553.1    0.1   -4.4
   184.1    2553.1    0.2   -4.3
   184.6    2553.1    0.3   -4.1
   185.1    2553.1    0.3   -4.0
   165.6    2553.6    0.9   -4.2
   166.1    2553.6    0.8   -4.2
   166.6    2553.6    0.8   -4.2
   167.1    2553.6    0.7   -4.2
   167.6    2553.6    0.6   -4.3
   168.1    2553.6    0.4   -4.4
   168.6    2553.6    0.2   -4.5
   169.1    2553.6    0.1   -4.5
   169.6    2553.6   -0.1   -4.6
   170.1    2553.6   -0.3   -4.7
   170.6    2553.6   -0.4   -4.7
   171.1    2553.6   -0.4   -4.8
   171.6    2553.6   -0.5   -4.9
   172.1    2553.6   -0.5   -5.0
   172.6    2553.6   -0.6   -5.1
   173.1    2553.6   -0.6   -5.1
   173.6    2553.6   -0.6   -5.1
   174.1    2553.6   -0.6   -5.1
   174.6    2553.6   -0.5   -5.1
   175.1    2553.6   -0.4   -5.0
   175.6    2553.6   -0.2   -4.8
   176.1    2553.6   -0.1   -4.6
   176.6    2553.6    0.0   -4.5
   177.1    2553.6    0.0   -4.6
   177.6    2553.6    0.0   -4.8
   178.1    2553.6    0.0   -5.1
   178.6    2553.6   -0.1   -5.3
   179.1    2553.6   -0.1   -5.3
   179.6    2553.6   -0.1   -5.4
   180.1    2553.6   -0.1   -5.3
   180.6    2553.6   -0.1   -5.2
   181.1    2553.6   -0.1   -5.1
   181.6    2553.6    0.0   -5.0
   182.1    2553.6    0.0   -4.9
   182.6    2553.6    0.0   -4.7
   183.1    2553.6    0.0   -4.6
   183.6    2553.6    0.1   -4.4
   184.1    2553.6    0.2   -4.3
   184.6    2553.6    0.2   -4.2
   185.1    2553.6    0.3   -4.0
   165.6    2554.1    0.9   -4.2
   166.1    2554.1    0.8   -4.2
   166.6    2554.1    0.8   -4.2
   167.1    2554.1    0.7   -4.3
   167.6    2554.1    0.5   -4.3
   168.1    2554.1    0.4   -4.4
   168.6    2554.1    0.2   -4.5
   169.1    2554.1    0.0   -4.5
   169.6    2554.1   -0.1   -4.6
   170.1    2554.1   -0.3   -4.7
   170.6    2554.1   -0.4   -4.8
   171.1    2554.1   -0.5   -4.9
   171.6    2554.1   -0.5   -5.0
   172.1    2554.1   -0.6   -5.0
   172.6    2554.1   -0.7   -5.1
   173.1    2554.1   -0.7   -5.2
   173.6    2554.1   -0.7   -5.2
   174.1    2554.1   -0.7   -5.3
   174.6    2554.1   -0.7   -5.2
   175.1    2554.1   -0.5   -5.1
   175.6    2554.1   -0.3   -4.8
   176.1    2554.1    0.0   -4.5
   176.6    2554.1    0.1   -4.4
   177.1    2554.1    0.1   -4.6
   177.6    2554.1    0.0   -4.9
   178.1    2554.1    0.0   -5.3
   178.6    2554.1   -0.1   -5.5
   179.1    2554.1   -0.1   -5.6
   179.6    2554.1   -0.1   -5.5
   180.1    2554.1   -0.1   -5.5
   180.6    2554.1   -0.1   -5.4
   181.1    2554.1   -0.1   -5.2
   181.6    2554.1   -0.1   -5.1
   182.1    2554.1    0.0   -4.9
   182.6    2554.1    0.0   -4.8
   183.1    2554.1    0.0   -4.6
   183.6    2554.1    0.1   -4.5
   184.1    2554.1    0.1   -4.3
   184.6    2554.1    0.2   -4.2
   185.1    2554.1    0.3   -4.1
   165.6    2554.6    0.9   -4.2
   166.1    2554.6    0.8   -4.2
   166.6    2554.6    0.7   -4.3
   167.1    2554.6    0.6   -4.3
   167.6    2554.6    0.5   -4.4
   168.1    2554.6    0.3   -4.5
   168.6    2554.6    0.2   -4.5
   169.1    2554.6    0.0   -4.6
   169.6    2554.6   -0.2   -4.6
   170.1    2554.6   -0.3   -4.7
   170.6    2554.6   -0.4   -4.8
   171.1    2554.6   -0.5   -4.9
   171.6    2554.6   -0.6   -5.0
   172.1    2554.6   -0.7   -5.1
   172.6    2554.6   -0.7   -5.2
   173.1    2554.6   -0.8   -5.3
   173.6    2554.6   -0.9   -5.4
   174.1    2554.6   -1.0   -5.4
   174.6    2554.6   -0.9   -5.4
   175.1    2554.6   -0.8   -5.3
   175.6    2554.6   -0.5   -5.0
   176.1    2554.6   -0.2   -4.7
   176.6    2554.6    0.0   -4.6
   177.1    2554.6    0.1   -4.9
   177.6    2554.6    0.0   -5.3
   178.1    2554.6    0.0   -5.7
   178.6    2554.6   -0.1   -5.8
   179.1    2554.6   -0.1   -5.8
   179.6    2554.6   -0.1   -5.8
   180.1    2554.6   -0.1   -5.6
   180.6    2554.6   -0.1   -5.5
   181.1    2554.6   -0.1   -5.3
   181.6    2554.6   -0.1   -5.2
   182.1    2554.6    0.0   -5.0
   182.6    2554.6    0.0   -4.9
   183.1    2554.6    0.0   -4.7
   183.6    2554.6    0.1   -4.5
   184.1    2554.6    0.1   -4.4
   184.6    2554.6    0.2   -4.2
   185.1    2554.6    0.3   -4.1
   165.6    2555.1    0.8   -4.2
   166.1    2555.1    0.8   -4.2
   166.6    2555.1    0.7   -4.3
   167.1    2555.1    0.6   -4.3
   167.6    2555.1    0.5   -4.4
   168.1    2555.1    0.3   -4.5
   168.6    2555.1    0.1   -4.5
   169.1    2555.1    0.0   -4.6
   169.6    2555.1   -0.2   -4.7
   170.1    2555.1   -0.3   -4.8
   170.6    2555.1   -0.4   -4.8
   171.1    2555.1   -0.5   -4.9
   171.6    2555.1   -0.6   -5.1
   172.1    2555.1   -0.7   -5.2
   172.6    2555.1   -0.8   -5.3
   173.1    2555.1   -1.0   -5.4
   173.6    2555.1   -1.1   -5.5
   174.1    2555.1   -1.2   -5.6
   174.6    2555.1   -1.3   -5.6
   175.1    2555.1   -1.2   -5.5
   175.6    2555.1   -0.9   -5.4
   176.1    2555.1   -0.4   -5.2
   176.6    2555.1   -0.1   -5.3
   177.1    2555.1    0.0   -5.7
   177.6    2555.1    0.0   -6.1
   178.1    2555.1    0.0   -6.3
   178.6    2555.1   -0.1   -6.3
   179.1    2555.1   -0.1   -6.2
   179.6    2555.1   -0.1   -6.0
   180.1    2555.1   -0.1   -5.8
   180.6    2555.1   -0.1   -5.6
   181.1    2555.1   -0.1   -5.5
   181.6    2555.1   -0.1   -5.3
   182.1    2555.1    0.0   -5.1
   182.6    2555.1    0.0   -4.9
   183.1    2555.1    0.0   -4.7
   183.6    2555.1    0.1   -4.6
   184.1    2555.1    0.2   -4.4
   184.6    2555.1    0.2   -4.2
   185.1    2555.1    0.3   -4.1
   165.6    2555.6    0.8   -4.2
   166.1    2555.6    0.8   -4.2
   166.6    2555.6    0.7   -4.3
   167.1    2555.6    0.6   -4.3
   167.6    2555.6    0.5   -4.4
   168.1    2555.6    0.3   -4.5
   168.6    2555.6    0.1   -4.5
   169.1    2555.6    0.0   -4.6
   169.6    2555.6   -0.2   -4.7
   170.1    2555.6   -0.3   -4.8
   170.6    2555.6   -0.4   -4.9
   171.1    2555.6   -0.5   -5.0
   171.6    2555.6   -0.6   -5.1
   172.1    2555.6   -0.8   -5.2
   172.6    2555.6   -0.9   -5.3
   173.1    2555.6   -1.1   -5.4
   173.6    2555.6   -1.3   -5.6
   174.1    2555.6   -1.5   -5.7
   174.6    2555.6   -1.7   -5.8
   175.1    2555.6   -1.7   -5.8
   175.6    2555.6   -1.3   -5.8
   176.1    2555.6   -0.8   -6.0
   176.6    2555.6   -0.3   -6.4
   177.1    2555.6   -0.1   -6.9
   177.6    2555.6    0.0   -7.2
   178.1    2555.6    0.0   -7.1
   178.6    2555.6   -0.1   -6.9
   179.1    2555.6   -0.1   -6.6
   179.6    2555.6   -0.1   -6.3
   180.1    2555.6   -0.1   -6.0
   180.6    2555.6   -0.1   -5.8
   181.1    2555.6   -0.1   -5.5
   181.6    2555.6   -0.1   -5.3
   182.1    2555.6    0.0   -5.1
   182.6    2555.6    0.0   -5.0
   183.1    2555.6    0.0   -4.8
   183.6    2555.6    0.1   -4.6
   184.1    2555.6    0.2   -4.4
   184.6    2555.6    0.2   -4.2
   185.1    2555.6    0.3   -4.1
   165.6    2556.1    0.8   -4.2
   166.1    2556.1    0.8   -4.2
   166.6    2556.1    0.7   -4.3
   167.1    2556.1    0.6   -4.3
   167.6    2556.1    0.4   -4.4
   168.1    2556.1    0.3   -4.5
   168.6    2556.1    0.1   -4.5
   169.1    2556.1   -0.1   -4.6
   169.6    2556.1   -0.2   -4.7
   170.1    2556.1   -0.3   -4.8
   170.6    2556.1   -0.4   -4.9
   171.1    2556.1   -0.5   -5.0
   171.6    2556.1   -0.6   -5.1
   172.1    2556.1   -0.8   -5.2
   172.6    2556.1   -0.9   -5.3
   173.1    2556.1   -1.1   -5.4
   173.6    2556.1   -1.4   -5.6
   174.1    2556.1   -1.7   -5.7
   174.6    2556.1   -1.9   -5.9
   175.1    2556.1   -2.0   -6.0
   175.6    2556.1   -1.6   -6.1
   176.1    2556.1   -1.0   -6.5
   176.6    2556.1   -0.5   -7.2
   177.1    2556.1   -0.1   -7.9
   177.6    2556.1    0.0   -8.0
   178.1    2556.1    0.0   -7.7
   178.6    2556.1   -0.1   -7.3
   179.1    2556.1   -0.1   -6.8
   179.6    2556.1   -0.1   -6.4
   180.1    2556.1   -0.1   -6.1
   180.6    2556.1   -0.1   -5.8
   181.1    2556.1   -0.1   -5.6
   181.6    2556.1   -0.1   -5.4
   182.1    2556.1    0.0   -5.2
   182.6    2556.1    0.0   -5.0
   183.1    2556.1    0.1   -4.8
   183.6    2556.1    0.1   -4.6
   184.1    2556.1    0.2   -4.4
   184.6    2556.1    0.2   -4.3
   185.1    2556.1    0.3   -4.1
   165.6    2556.6    0.8   -4.2
   166.1    2556.6    0.8   -4.2
   166.6    2556.6    0.7   -4.2
   167.1    2556.6    0.6   -4.3
   167.6    2556.6    0.4   -4.4
   168.1    2556.6    0.2   -4.5
   168.6    2556.6    0.1   -4.5
   169.1    2556.6   -0.1   -4.6
   169.6    2556.6   -0.2   -4.7
   170.1    2556.6   -0.3   -4.8
   170.6    2556.6   -0.4   -4.9
   171.1    2556.6   -0.5   -5.0
   171.6    2556.6   -0.6   -5.1
   172.1    2556.6   -0.8   -5.2
   172.6    2556.6   -0.9   -5.3
   173.1    2556.6   -1.1   -5.4
   173.6    2556.6   -1.3   -5.5
   174.1    2556.6   -1.6   -5.6
   174.6    2556.6   -1.8   -5.7
   175.1    2556.6   -1.8   -5.9
   175.6    2556.6   -1.5   -6.1
   176.1    2556.6   -1.0   -6.6
   176.6    2556.6   -0.5   -7.4
   177.1    2556.6   -0.2   -8.1
   177.6    2556.6   -0.1   -8.2
   178.1    2556.6   -0.1   -7.9
   178.6    2556.6   -0.1   -7.4
   179.1    2556.6   -0.1   -6.9
   179.6    2556.6   -0.1   -6.5
   180.1    2556.6   -0.1   -6.2
   180.6    2556.6   -0.1   -5.9
   181.1    2556.6   -0.1   -5.6
   181.6    2556.6   -0.1   -5.4
   182.1    2556.6    0.0   -5.2
   182.6    2556.6    0.0   -5.0
   183.1    2556.6    0.1   -4.8
   183.6    2556.6    0.1   -4.6
   184.1    2556.6    0.2   -4.4
   184.6    2556.6    0.2   -4.3
   185.1    2556.6    0.3   -4.1
   165.6    2557.1    0.8   -4.2
   166.1    2557.1    0.8   -4.2
   166.6    2557.1    0.7   -4.2
   167.1    2557.1    0.5   -4.3
   167.6    2557.1    0.4   -4.4
   168.1    2557.1    0.2   -4.5
   168.6    2557.1    0.1   -4.5
   169.1    2557.1    0.0   -4.6
   169.6    2557.1   -0.2   -4.7
   170.1    2557.1   -0.3   -4.8
   170.6    2557.1   -0.4   -4.9
   171.1    2557.1   -0.5   -5.0
   171.6    2557.1   -0.6   -5.1
   172.1    2557.1   -0.7   -5.1
   172.6    2557.1   -0.8   -5.2
   173.1    2557.1   -1.0   -5.3
   173.6    2557.1   -1.1   -5.3
   174.1    2557.1   -1.2   -5.4
   174.6    2557.1   -1.4   -5.4
   175.1    2557.1   -1.4   -5.5
   175.6    2557.1   -1.2   -5.8
   176.1    2557.1   -0.9   -6.4
   176.6    2557.1   -0.5   -7.1
   177.1    2557.1   -0.3   -7.7
   177.6    2557.1   -0.1   -7.9
   178.1    2557.1   -0.1   -7.7
   178.6    2557.1   -0.1   -7.3
   179.1    2557.1   -0.1   -6.9
   179.6    2557.1   -0.1   -6.5
   180.1    2557.1   -0.1   -6.1
   180.6    2557.1   -0.1   -5.9
   181.1    2557.1   -0.1   -5.6
   181.6    2557.1   -0.1   -5.4
   182.1    2557.1    0.0   -5.2
   182.6    2557.1    0.0   -5.0
   183.1    2557.1    0.1   -4.8
   183.6    2557.1    0.1   -4.6
   184.1    2557.1    0.2   -4.4
   184.6    2557.1    0.2   -4.3
   185.1    2557.1    0.3   -4.1
   165.6    2557.6    0.8   -4.2
   166.1    2557.6    0.8   -4.2
   166.6    2557.6    0.7   -4.2
   167.1    2557.6    0.5   -4.3
   167.6    2557.6    0.4   -4.4
   168.1    2557.6    0.2   -4.5
   168.6    2557.6    0.1   -4.5
   169.1    2557.6    0.0   -4.6
   169.6    2557.6   -0.1   -4.7
   170.1    2557.6   -0.2   -4.8
   170.6    2557.6   -0.3   -4.9
   171.1    2557.6   -0.4   -4.9
   171.6    2557.6   -0.5   -5.0
   172.1    2557.6   -0.6   -5.1
   172.6    2557.6   -0.7   -5.1
   173.1    2557.6   -0.8   -5.1
   173.6    2557.6   -0.9   -5.1
   174.1    2557.6   -0.9   -5.1
   174.6    2557.6   -0.9   -5.0
   175.1    2557.6   -0.9   -5.1
   175.6    2557.6   -0.9   -5.4
   176.1    2557.6   -0.7   -5.9
   176.6    2557.6   -0.5   -6.5
   177.1    2557.6   -0.4   -7.1
   177.6    2557.6   -0.2   -7.3
   178.1    2557.6   -0.2   -7.2
   178.6    2557.6   -0.2   -7.0
   179.1    2557.6   -0.2   -6.6
   179.6    2557.6   -0.2   -6.3
   180.1    2557.6   -0.1   -6.1
   180.6    2557.6   -0.1   -5.8
   181.1    2557.6   -0.1   -5.6
   181.6    2557.6   -0.1   -5.4
   182.1    2557.6    0.0   -5.2
   182.6    2557.6    0.0   -5.0
   183.1    2557.6    0.1   -4.8
   183.6    2557.6    0.2   -4.6
   184.1    2557.6    0.2   -4.4
   184.6    2557.6    0.3   -4.3
   185.1    2557.6    0.3   -4.1
   165.6    2558.1    0.8   -4.2
   166.1    2558.1    0.7   -4.2
   166.6    2558.1    0.6   -4.2
   167.1    2558.1    0.5   -4.3
   167.6    2558.1    0.4   -4.4
   168.1    2558.1    0.2   -4.4
   168.6    2558.1    0.1   -4.5
   169.1    2558.1    0.0   -4.6
   169.6    2558.1   -0.1   -4.7
   170.1    2558.1   -0.2   -4.8
   170.6    2558.1   -0.3   -4.9
   171.1    2558.1   -0.4   -4.9
   171.6    2558.1   -0.5   -5.0
   172.1    2558.1   -0.6   -5.0
   172.6    2558.1   -0.7   -5.0
   173.1    2558.1   -0.7   -5.0
   173.6    2558.1   -0.7   -5.0
   174.1    2558.1   -0.7   -4.9
   174.6    2558.1   -0.7   -4.8
   175.1    2558.1   -0.6   -4.8
   175.6    2558.1   -0.7   -5.1
   176.1    2558.1   -0.6   -5.6
   176.6    2558.1   -0.5   -6.1
   177.1    2558.1   -0.4   -6.5
   177.6    2558.1   -0.3   -6.7
   178.1    2558.1   -0.3   -6.7
   178.6    2558.1   -0.2   -6.6
   179.1    2558.1   -0.2   -6.4
   179.6    2558.1   -0.2   -6.2
   180.1    2558.1   -0.1   -5.9
   180.6    2558.1   -0.1   -5.7
   181.1    2558.1   -0.1   -5.5
   181.6    2558.1    0.0   -5.3
   182.1    2558.1    0.0   -5.1
   182.6    2558.1    0.1   -4.9
   183.1    2558.1    0.1   -4.7
   183.6    2558.1    0.2   -4.6
   184.1    2558.1    0.2   -4.4
   184.6    2558.1    0.3   -4.2
   185.1    2558.1    0.3   -4.1
   165.6    2558.6    0.8   -4.1
   166.1    2558.6    0.7   -4.2
   166.6    2558.6    0.6   -4.2
   167.1    2558.6    0.5   -4.2
   167.6    2558.6    0.4   -4.3
   168.1    2558.6    0.3   -4.4
   168.6    2558.6    0.2   -4.5
   169.1    2558.6    0.1   -4.6
   169.6    2558.6    0.0   -4.7
   170.1    2558.6   -0.1   -4.8
   170.6    2558.6   -0.2   -4.8
   171.1    2558.6   -0.3   -4.9
   171.6    2558.6   -0.4   -4.9
   172.1    2558.6   -0.5   -5.0
   172.6    2558.6   -0.6   -5.0
   173.1    2558.6   -0.6   -5.0
   173.6    2558.6   -0.6   -4.9
   174.1    2558.6   -0.6   -4.8
   174.6    2558.6   -0.6   -4.8
   175.1    2558.6   -0.6   -4.8
   175.6    2558.6   -0.6   -5.0
   176.1    2558.6   -0.6   -5.4
   176.6    2558.6   -0.5   -5.7
   177.1    2558.6   -0.4   -6.1
   177.6    2558.6   -0.4   -6.3
   178.1    2558.6   -0.3   -6.3
   178.6    2558.6   -0.2   -6.2
   179.1    2558.6   -0.2   -6.1
   179.6    2558.6   -0.2   -6.0
   180.1    2558.6   -0.1   -5.8
   180.6    2558.6   -0.1   -5.6
   181.1    2558.6   -0.1   -5.4
   181.6    2558.6    0.0   -5.2
   182.1    2558.6    0.0   -5.0
   182.6    2558.6    0.1   -4.9
   183.1    2558.6    0.1   -4.7
   183.6    2558.6    0.2   -4.5
   184.1    2558.6    0.2   -4.4
   184.6    2558.6    0.3   -4.2
   185.1    2558.6    0.3   -4.1
   165.6    2559.1    0.8   -4.1
   166.1    2559.1    0.7   -4.1
   166.6    2559.1    0.6   -4.2
   167.1    2559.1    0.5   -4.2
   167.6    2559.1    0.4   -4.3
   168.1    2559.1    0.3   -4.4
   168.6    2559.1    0.2   -4.5
   169.1    2559.1    0.1   -4.6
   169.6    2559.1    0.1   -4.7
   170.1    2559.1    0.0   -4.7
   170.6    2559.1   -0.1   -4.8
   171.1    2559.1   -0.2   -4.8
   171.6    2559.1   -0.3   -4.9
   172.1    2559.1   -0.4   -4.9
   172.6    2559.1   -0.5   -4.9
   173.1    2559.1   -0.5   -4.9
   173.6    2559.1   -0.6   -4.9
   174.1    2559.1   -0.6   -4.9
   174.6    2559.1   -0.6   -4.8
   175.1    2559.1   -0.5   -4.9
   175.6    2559.1   -0.5   -5.0
   176.1    2559.1   -0.5   -5.3
   176.6    2559.1   -0.5   -5.5
   177.1    2559.1   -0.4   -5.8
   177.6    2559.1   -0.4   -5.9
   178.1    2559.1   -0.3   -6.0
   178.6    2559.1   -0.3   -6.0
   179.1    2559.1   -0.2   -5.9
   179.6    2559.1   -0.2   -5.7
   180.1    2559.1   -0.1   -5.6
   180.6    2559.1   -0.1   -5.4
   181.1    2559.1    0.0   -5.3
   181.6    2559.1    0.0   -5.1
   182.1    2559.1    0.1   -5.0
   182.6    2559.1    0.1   -4.8
   183.1    2559.1    0.2   -4.6
   183.6    2559.1    0.2   -4.5
   184.1    2559.1    0.3   -4.3
   184.6    2559.1    0.3   -4.2
   185.1    2559.1    0.4   -4.1
   165.6    2559.6    0.8   -4.1
   166.1    2559.6    0.7   -4.1
   166.6    2559.6    0.6   -4.2
   167.1    2559.6    0.5   -4.2
   167.6    2559.6    0.5   -4.3
   168.1    2559.6    0.4   -4.4
   168.6    2559.6    0.3   -4.5
   169.1    2559.6    0.2   -4.6
   169.6    2559.6    0.2   -4.6
   170.1    2559.6    0.1   -4.7
   170.6    2559.6    0.0   -4.7
   171.1    2559.6   -0.1   -4.8
   171.6    2559.6   -0.2   -4.8
   172.1    2559.6   -0.3   -4.9
   172.6    2559.6   -0.4   -4.9
   173.1    2559.6   -0.5   -4.9
   173.6    2559.6   -0.5   -4.9
   174.1    2559.6   -0.5   -4.9
   174.6    2559.6   -0.5   -4.9
   175.1    2559.6   -0.5   -5.0
   175.6    2559.6   -0.5   -5.1
   176.1    2559.6   -0.5   -5.2
   176.6    2559.6   -0.4   -5.4
   177.1    2559.6   -0.4   -5.6
   177.6    2559.6   -0.3   -5.7
   178.1    2559.6   -0.3   -5.7
   178.6    2559.6   -0.2   -5.7
   179.1    2559.6   -0.2   -5.7
   179.6    2559.6   -0.1   -5.6
   180.1    2559.6   -0.1   -5.4
   180.6    2559.6   -0.1   -5.3
   181.1    2559.6    0.0   -5.2
   181.6    2559.6    0.0   -5.0
   182.1    2559.6    0.1   -4.9
   182.6    2559.6    0.1   -4.7
   183.1    2559.6    0.2   -4.6
   183.6    2559.6    0.2   -4.4
   184.1    2559.6    0.3   -4.3
   184.6    2559.6    0.3   -4.2
   185.1    2559.6    0.4   -4.1
   165.6    2560.1    0.8   -4.0
   166.1    2560.1    0.7   -4.1
   166.6    2560.1    0.6   -4.1
   167.1    2560.1    0.6   -4.2
   167.6    2560.1    0.5   -4.3
   168.1    2560.1    0.4   -4.4
   168.6    2560.1    0.4   -4.5
   169.1    2560.1    0.3   -4.5
   169.6    2560.1    0.2   -4.6
   170.1    2560.1    0.2   -4.6
   170.6    2560.1    0.1   -4.7
   171.1    2560.1   -0.1   -4.7
   171.6    2560.1   -0.2   -4.8
   172.1    2560.1   -0.3   -4.8
   172.6    2560.1   -0.3   -4.8
   173.1    2560.1   -0.4   -4.9
   173.6    2560.1   -0.4   -4.9
   174.1    2560.1   -0.5   -4.9
   174.6    2560.1   -0.5   -4.9
   175.1    2560.1   -0.5   -5.0
   175.6    2560.1   -0.5   -5.1
   176.1    2560.1   -0.4   -5.2
   176.6    2560.1   -0.4   -5.3
   177.1    2560.1   -0.4   -5.4
   177.6    2560.1   -0.3   -5.5
   178.1    2560.1   -0.3   -5.5
   178.6    2560.1   -0.2   -5.5
   179.1    2560.1   -0.2   -5.5
   179.6    2560.1   -0.1   -5.4
   180.1    2560.1   -0.1   -5.3
   180.6    2560.1    0.0   -5.2
   181.1    2560.1    0.0   -5.0
   181.6    2560.1    0.1   -4.9
   182.1    2560.1    0.1   -4.8
   182.6    2560.1    0.1   -4.6
   183.1    2560.1    0.2   -4.5
   183.6    2560.1    0.2   -4.4
   184.1    2560.1    0.3   -4.3
   184.6    2560.1    0.3   -4.1
   185.1    2560.1    0.3   -4.0
   165.6    2560.6    0.8   -4.0
   166.1    2560.6    0.7   -4.0
   166.6    2560.6    0.7   -4.1
   167.1    2560.6    0.6   -4.2
   167.6    2560.6    0.6   -4.2
   168.1    2560.6    0.5   -4.3
   168.6    2560.6    0.5   -4.4
   169.1    2560.6    0.4   -4.5
   169.6    2560.6    0.3   -4.5
   170.1    2560.6    0.3   -4.6
   170.6    2560.6    0.2   -4.6
   171.1    2560.6    0.0   -4.7
   171.6    2560.6   -0.1   -4.7
   172.1    2560.6   -0.2   -4.7
   172.6    2560.6   -0.3   -4.8
   173.1    2560.6   -0.3   -4.8
   173.6    2560.6   -0.4   -4.8
   174.1    2560.6   -0.4   -4.9
   174.6    2560.6   -0.4   -4.9
   175.1    2560.6   -0.4   -5.0
   175.6    2560.6   -0.4   -5.1
   176.1    2560.6   -0.4   -5.1
   176.6    2560.6   -0.4   -5.2
   177.1    2560.6   -0.3   -5.3
   177.6    2560.6   -0.3   -5.3
   178.1    2560.6   -0.2   -5.3
   178.6    2560.6   -0.2   -5.3
   179.1    2560.6   -0.1   -5.3
   179.6    2560.6   -0.1   -5.2
   180.1    2560.6    0.0   -5.1
   180.6    2560.6    0.0   -5.0
   181.1    2560.6    0.1   -4.9
   181.6    2560.6    0.1   -4.8
   182.1    2560.6    0.1   -4.7
   182.6    2560.6    0.2   -4.6
   183.1    2560.6    0.2   -4.4
   183.6    2560.6    0.2   -4.3
   184.1    2560.6    0.3   -4.2
   184.6    2560.6    0.3   -4.1
   185.1    2560.6    0.3   -4.0
   165.6    2561.1    0.8   -3.9
   166.1    2561.1    0.8   -4.0
   166.6    2561.1    0.7   -4.0
   167.1    2561.1    0.6   -4.1
   167.6    2561.1    0.6   -4.2
   168.1    2561.1    0.6   -4.3
   168.6    2561.1    0.6   -4.4
   169.1    2561.1    0.5   -4.4
   169.6    2561.1    0.4   -4.5
   170.1    2561.1    0.3   -4.5
   170.6    2561.1    0.2   -4.6
   171.1    2561.1    0.1   -4.6
   171.6    2561.1    0.0   -4.6
   172.1    2561.1   -0.1   -4.7
   172.6    2561.1   -0.2   -4.7
   173.1    2561.1   -0.3   -4.8
   173.6    2561.1   -0.3   -4.8
   174.1    2561.1   -0.3   -4.8
   174.6    2561.1   -0.4   -4.9
   175.1    2561.1   -0.4   -4.9
   175.6    2561.1   -0.3   -5.0
   176.1    2561.1   -0.3   -5.1
   176.6    2561.1   -0.3   -5.1
   177.1    2561.1   -0.3   -5.1
   177.6    2561.1   -0.2   -5.2
   178.1    2561.1   -0.2   -5.2
   178.6    2561.1   -0.1   -5.2
   179.1    2561.1   -0.1   -5.1
   179.6    2561.1    0.0   -5.1
   180.1    2561.1    0.0   -5.0
   180.6    2561.1    0.1   -4.9
   181.1    2561.1    0.1   -4.8
   181.6    2561.1    0.1   -4.7
   182.1    2561.1    0.1   -4.6
   182.6    2561.1    0.2   -4.5
   183.1    2561.1    0.2   -4.4
   183.6    2561.1    0.2   -4.2
   184.1    2561.1    0.3   -4.1
   184.6    2561.1    0.3   -4.0
   185.1    2561.1    0.3   -4.0
   165.6    2561.6    0.8   -3.9
   166.1    2561.6    0.8   -3.9
   166.6    2561.6    0.8   -4.0
   167.1    2561.6    0.7   -4.0
   167.6    2561.6    0.7   -4.1
   168.1    2561.6    0.7   -4.2
   168.6    2561.6    0.7   -4.3
   169.1    2561.6    0.6   -4.4
   169.6    2561.6    0.5   -4.4
   170.1    2561.6    0.4   -4.5
   170.6    2561.6    0.3   -4.5
   171.1    2561.6    0.2   -4.5
   171.6    2561.6    0.1   -4.6
   172.1    2561.6    0.0   -4.6
   172.6    2561.6   -0.1   -4.6
   173.1    2561.6   -0.2   -4.7
   173.6    2561.6   -0.2   -4.7
   174.1    2561.6   -0.3   -4.8
   174.6    2561.6   -0.3   -4.8
   175.1    2561.6   -0.3   -4.9
   175.6    2561.6   -0.3   -4.9
   176.1    2561.6   -0.3   -5.0
   176.6    2561.6   -0.2   -5.0
   177.1    2561.6   -0.2   -5.0
   177.6    2561.6   -0.2   -5.0
   178.1    2561.6   -0.1   -5.0
   178.6    2561.6   -0.1   -5.0
   179.1    2561.6    0.0   -5.0
   179.6    2561.6    0.0   -4.9
   180.1    2561.6    0.1   -4.8
   180.6    2561.6    0.1   -4.8
   181.1    2561.6    0.1   -4.7
   181.6    2561.6    0.1   -4.6
   182.1    2561.6    0.2   -4.5
   182.6    2561.6    0.2   -4.4
   183.1    2561.6    0.2   -4.3
   183.6    2561.6    0.3   -4.2
   184.1    2561.6    0.3   -4.1
   184.6    2561.6    0.3   -4.0
   185.1    2561.6    0.3   -3.9
   165.6    2562.1    0.9   -3.8
   166.1    2562.1    0.9   -3.8
   166.6    2562.1    0.8   -3.9
   167.1    2562.1    0.8   -4.0
   167.6    2562.1    0.8   -4.1
   168.1    2562.1    0.8   -4.1
   168.6    2562.1    0.8   -4.2
   169.1    2562.1    0.7   -4.2
   169.6    2562.1    0.6   -4.3
   170.1    2562.1    0.5   -4.4
   170.6    2562.1    0.4   -4.4
   171.1    2562.1    0.3   -4.4
   171.6    2562.1    0.2   -4.5
   172.1    2562.1    0.1   -4.5
   172.6    2562.1    0.0   -4.5
   173.1    2562.1   -0.1   -4.6
   173.6    2562.1   -0.1   -4.6
   174.1    2562.1   -0.2   -4.7
   174.6    2562.1   -0.2   -4.7
   175.1    2562.1   -0.2   -4.8
   175.6    2562.1   -0.2   -4.8
   176.1    2562.1   -0.2   -4.9
   176.6    2562.1   -0.2   -4.9
   177.1    2562.1   -0.1   -4.9
   177.6    2562.1   -0.1   -4.9
   178.1    2562.1   -0.1   -4.9
   178.6    2562.1    0.0   -4.9
   179.1    2562.1    0.0   -4.8
   179.6    2562.1    0.1   -4.8
   180.1    2562.1    0.1   -4.7
   180.6    2562.1    0.1   -4.6
   181.1    2562.1    0.2   -4.6
   181.6    2562.1    0.2   -4.5
   182.1    2562.1    0.2   -4.4
   182.6    2562.1    0.2   -4.3
   183.1    2562.1    0.2   -4.2
   183.6    2562.1    0.3   -4.1
   184.1    2562.1    0.3   -4.0
   184.6    2562.1    0.3   -3.9
   185.1    2562.1    0.3   -3.9
   165.6    2562.6    0.9   -3.8
   166.1    2562.6    0.9   -3.8
   166.6    2562.6    0.9   -3.8
   167.1    2562.6    0.9   -3.9
   167.6    2562.6    0.9   -4.0
   168.1    2562.6    0.9   -4.0
   168.6    2562.6    0.9   -4.1
   169.1    2562.6    0.8   -4.2
   169.6    2562.6    0.7   -4.2
   170.1    2562.6    0.6   -4.3
   170.6    2562.6    0.5   -4.3
   171.1    2562.6    0.4   -4.4
   171.6    2562.6    0.3   -4.4
   172.1    2562.6    0.2   -4.4
   172.6    2562.6    0.1   -4.5
   173.1    2562.6    0.0   -4.5
   173.6    2562.6   -0.1   -4.6
   174.1    2562.6   -0.1   -4.6
   174.6    2562.6   -0.1   -4.6
   175.1    2562.6   -0.1   -4.7
   175.6    2562.6   -0.1   -4.7
   176.1    2562.6   -0.1   -4.8
   176.6    2562.6   -0.1   -4.8
   177.1    2562.6   -0.1   -4.8
   177.6    2562.6    0.0   -4.8
   178.1    2562.6    0.0   -4.8
   178.6    2562.6    0.0   -4.7
   179.1    2562.6    0.1   -4.7
   179.6    2562.6    0.1   -4.6
   180.1    2562.6    0.2   -4.6
   180.6    2562.6    0.2   -4.5
   181.1    2562.6    0.2   -4.4
   181.6    2562.6    0.2   -4.4
   182.1    2562.6    0.2   -4.3
   182.6    2562.6    0.2   -4.2
   183.1    2562.6    0.3   -4.1
   183.6    2562.6    0.3   -4.0
   184.1    2562.6    0.3   -3.9
   184.6    2562.6    0.3   -3.9
   185.1    2562.6    0.3   -3.8
   165.6    2563.1    1.0   -3.7
   166.1    2563.1    1.0   -3.7
   166.6    2563.1    1.0   -3.8
   167.1    2563.1    1.0   -3.8
   167.6    2563.1    1.0   -3.9
   168.1    2563.1    1.0   -4.0
   168.6    2563.1    1.0   -4.0
   169.1    2563.1    0.9   -4.1
   169.6    2563.1    0.8   -4.1
   170.1    2563.1    0.7   -4.2
   170.6    2563.1    0.6   -4.3
   171.1    2563.1    0.5   -4.3
   171.6    2563.1    0.3   -4.3
   172.1    2563.1    0.2   -4.3
   172.6    2563.1    0.1   -4.4
   173.1    2563.1    0.1   -4.4
   173.6    2563.1    0.0   -4.5
   174.1    2563.1    0.0   -4.5
   174.6    2563.1   -0.1   -4.6
   175.1    2563.1   -0.1   -4.6
   175.6    2563.1   -0.1   -4.6
   176.1    2563.1   -0.1   -4.6
   176.6    2563.1    0.0   -4.7
   177.1    2563.1    0.0   -4.7
   177.6    2563.1    0.0   -4.7
   178.1    2563.1    0.1   -4.6
   178.6    2563.1    0.1   -4.6
   179.1    2563.1    0.1   -4.6
   179.6    2563.1    0.2   -4.5
   180.1    2563.1    0.2   -4.5
   180.6    2563.1    0.2   -4.4
   181.1    2563.1    0.2   -4.3
   181.6    2563.1    0.2   -4.3
   182.1    2563.1    0.2   -4.2
   182.6    2563.1    0.2   -4.1
   183.1    2563.1    0.3   -4.0
   183.6    2563.1    0.3   -3.9
   184.1    2563.1    0.3   -3.9
   184.6    2563.1    0.3   -3.8
   185.1    2563.1    0.3   -3.8
   165.6    2563.6    1.0   -3.7
   166.1    2563.6    1.1   -3.7
   166.6    2563.6    1.1   -3.7
   167.1    2563.6    1.1   -3.8
   167.6    2563.6    1.1   -3.8
   168.1    2563.6    1.1   -3.9
   168.6    2563.6    1.1   -3.9
   169.1    2563.6    1.0   -4.0
   169.6    2563.6    0.9   -4.0
   170.1    2563.6    0.8   -4.1
   170.6    2563.6    0.7   -4.1
   171.1    2563.6    0.5   -4.2
   171.6    2563.6    0.4   -4.2
   172.1    2563.6    0.3   -4.2
   172.6    2563.6    0.2   -4.3
   173.1    2563.6    0.1   -4.3
   173.6    2563.6    0.1   -4.4
   174.1    2563.6    0.0   -4.4
   174.6    2563.6    0.0   -4.5
   175.1    2563.6    0.0   -4.5
   175.6    2563.6    0.0   -4.5
   176.1    2563.6    0.0   -4.5
   176.6    2563.6    0.0   -4.5
   177.1    2563.6    0.1   -4.6
   177.6    2563.6    0.1   -4.5
   178.1    2563.6    0.1   -4.5
   178.6    2563.6    0.2   -4.5
   179.1    2563.6    0.2   -4.5
   179.6    2563.6    0.2   -4.4
   180.1    2563.6    0.2   -4.4
   180.6    2563.6    0.2   -4.3
   181.1    2563.6    0.2   -4.2
   181.6    2563.6    0.2   -4.2
   182.1    2563.6    0.3   -4.1
   182.6    2563.6    0.3   -4.0
   183.1    2563.6    0.3   -3.9
   183.6    2563.6    0.3   -3.9
   184.1    2563.6    0.3   -3.8
   184.6    2563.6    0.3   -3.8
   185.1    2563.6    0.3   -3.7
   165.6    2564.1    1.1   -3.6
   166.1    2564.1    1.1   -3.6
   166.6    2564.1    1.2   -3.7
   167.1    2564.1    1.2   -3.7
   167.6    2564.1    1.2   -3.7
   168.1    2564.1    1.2   -3.8
   168.6    2564.1    1.2   -3.8
   169.1    2564.1    1.1   -3.9
   169.6    2564.1    1.0   -3.9
   170.1    2564.1    0.9   -4.0
   170.6    2564.1    0.7   -4.0
   171.1    2564.1    0.6   -4.1
   171.6    2564.1    0.5   -4.1
   172.1    2564.1    0.4   -4.2
   172.6    2564.1    0.3   -4.2
   173.1    2564.1    0.2   -4.2
   173.6    2564.1    0.2   -4.3
   174.1    2564.1    0.1   -4.3
   174.6    2564.1    0.1   -4.4
   175.1    2564.1    0.1   -4.4
   175.6    2564.1    0.1   -4.4
   176.1    2564.1    0.1   -4.4
   176.6    2564.1    0.1   -4.4
   177.1    2564.1    0.1   -4.4
   177.6    2564.1    0.2   -4.4
   178.1    2564.1    0.2   -4.4
   178.6    2564.1    0.2   -4.4
   179.1    2564.1    0.3   -4.4
   179.6    2564.1    0.3   -4.3
   180.1    2564.1    0.3   -4.3
   180.6    2564.1    0.3   -4.2
   181.1    2564.1    0.3   -4.1
   181.6    2564.1    0.3   -4.1
   182.1    2564.1    0.3   -4.0
   182.6    2564.1    0.3   -3.9
   183.1    2564.1    0.3   -3.9
   183.6    2564.1    0.3   -3.8
   184.1    2564.1    0.3   -3.8
   184.6    2564.1    0.3   -3.7
   185.1    2564.1    0.3   -3.7
   165.6    2564.6    1.2   -3.6
   166.1    2564.6    1.2   -3.6
   166.6    2564.6    1.2   -3.6
   167.1    2564.6    1.3   -3.6
   167.6    2564.6    1.3   -3.7
   168.1    2564.6    1.3   -3.7
   168.6    2564.6    1.3   -3.8
   169.1    2564.6    1.2   -3.8
   169.6    2564.6    1.1   -3.9
   170.1    2564.6    0.9   -3.9
   170.6    2564.6    0.8   -3.9
   171.1    2564.6    0.6   -3.9
   171.6    2564.6    0.5   -4.0
   172.1    2564.6    0.4   -4.1
   172.6    2564.6    0.3   -4.1
   173.1    2564.6    0.3   -4.2
   173.6    2564.6    0.2   -4.2
   174.1    2564.6    0.2   -4.2
   174.6    2564.6    0.2   -4.3
   175.1    2564.6    0.2   -4.3
   175.6    2564.6    0.2   -4.3
   176.1    2564.6    0.2   -4.3
   176.6    2564.6    0.2   -4.3
   177.1    2564.6    0.2   -4.3
   177.6    2564.6    0.2   -4.3
   178.1    2564.6    0.3   -4.3
   178.6    2564.6    0.3   -4.3
   179.1    2564.6    0.3   -4.3
   179.6    2564.6    0.3   -4.2
   180.1    2564.6    0.3   -4.2
   180.6    2564.6    0.3   -4.1
   181.1    2564.6    0.3   -4.0
   181.6    2564.6    0.3   -4.0
   182.1    2564.6    0.3   -3.9
   182.6    2564.6    0.3   -3.9
   183.1    2564.6    0.3   -3.8
   183.6    2564.6    0.3   -3.8
   184.1    2564.6    0.3   -3.7
   184.6    2564.6    0.3   -3.7
   185.1    2564.6    0.3   -3.7
   165.6    2565.1    1.2   -3.6
   166.1    2565.1    1.3   -3.6
   166.6    2565.1    1.3   -3.6
   167.1    2565.1    1.3   -3.6
   167.6    2565.1    1.4   -3.6
   168.1    2565.1    1.3   -3.7
   168.6    2565.1    1.3   -3.7
   169.1    2565.1    1.3   -3.7
   169.6    2565.1    1.2   -3.8
   170.1    2565.1    1.0   -3.8
   170.6    2565.1    0.9   -3.8
   171.1    2565.1    0.7   -3.9
   171.6    2565.1    0.6   -3.9
   172.1    2565.1    0.5   -3.9
   172.6    2565.1    0.4   -4.0
   173.1    2565.1    0.4   -4.1
   173.6    2565.1    0.3   -4.1
   174.1    2565.1    0.3   -4.1
   174.6    2565.1    0.3   -4.2
   175.1    2565.1    0.2   -4.2
   175.6    2565.1    0.2   -4.2
   176.1    2565.1    0.3   -4.2
   176.6    2565.1    0.3   -4.2
   177.1    2565.1    0.3   -4.2
   177.6    2565.1    0.3   -4.2
   178.1    2565.1    0.3   -4.2
   178.6    2565.1    0.3   -4.2
   179.1    2565.1    0.4   -4.2
   179.6    2565.1    0.4   -4.1
   180.1    2565.1    0.4   -4.0
   180.6    2565.1    0.3   -4.0
   181.1    2565.1    0.3   -3.9
   181.6    2565.1    0.3   -3.9
   182.1    2565.1    0.3   -3.8
   182.6    2565.1    0.3   -3.8
   183.1    2565.1    0.3   -3.8
   183.6    2565.1    0.3   -3.7
   184.1    2565.1    0.3   -3.7
   184.6    2565.1    0.3   -3.7
   185.1    2565.1    0.3   -3.6
   165.6    2565.6    1.3   -3.5
   166.1    2565.6    1.3   -3.5
   166.6    2565.6    1.3   -3.6
   167.1    2565.6    1.4   -3.6
   167.6    2565.6    1.4   -3.6
   168.1    2565.6    1.4   -3.6
   168.6    2565.6    1.3   -3.7
   169.1    2565.6    1.3   -3.7
   169.6    2565.6    1.2   -3.7
   170.1    2565.6    1.1   -3.7
   170.6    2565.6    1.0   -3.8
   171.1    2565.6    0.8   -3.8
   171.6    2565.6    0.7   -3.8
   172.1    2565.6    0.5   -3.9
   172.6    2565.6    0.5   -3.9
   173.1    2565.6    0.4   -3.9
   173.6    2565.6    0.4   -4.0
   174.1    2565.6    0.3   -4.1
   174.6    2565.6    0.3   -4.1
   175.1    2565.6    0.3   -4.1
   175.6    2565.6    0.3   -4.1
   176.1    2565.6    0.3   -4.2
   176.6    2565.6    0.3   -4.2
   177.1    2565.6    0.3   -4.2
   177.6    2565.6    0.3   -4.2
   178.1    2565.6    0.4   -4.1
   178.6    2565.6    0.4   -4.1
   179.1    2565.6    0.4   -4.1
   179.6    2565.6    0.4   -4.0
   180.1    2565.6    0.4   -4.0
   180.6    2565.6    0.4   -3.9
   181.1    2565.6    0.3   -3.9
   181.6    2565.6    0.3   -3.7
   182.1    2565.6    0.3   -3.7
   182.6    2565.6    0.3   -3.8
   183.1    2565.6    0.3   -3.7
   183.6    2565.6    0.3   -3.7
   184.1    2565.6    0.3   -3.7
   184.6    2565.6    0.3   -3.6
   185.1    2565.6    0.3   -3.6
