   165.6    2546.1   -0.4   -1.5
   166.1    2546.1   -0.4   -1.5
   166.6    2546.1   -0.4   -1.4
   167.1    2546.1   -0.4   -1.4
   167.6    2546.1   -0.4   -1.4
   168.1    2546.1   -0.4   -1.3
   168.6    2546.1   -0.4   -1.3
   169.1    2546.1   -0.4   -1.3
   169.6    2546.1   -0.4   -1.3
   170.1    2546.1   -0.4   -1.2
   170.6    2546.1   -0.4   -1.2
   171.1    2546.1   -0.4   -1.2
   171.6    2546.1   -0.4   -1.1
   172.1    2546.1   -0.4   -1.1
   172.6    2546.1   -0.4   -1.1
   173.1    2546.1   -0.5   -1.1
   173.6    2546.1   -0.5   -1.1
   174.1    2546.1   -0.5   -1.1
   174.6    2546.1   -0.5   -1.0
   175.1    2546.1   -0.5   -1.0
   175.6    2546.1   -0.5   -1.0
   176.1    2546.1   -0.5   -1.0
   176.6    2546.1   -0.5   -1.0
   177.1    2546.1   -0.5   -1.0
   177.6    2546.1   -0.5   -1.0
   178.1    2546.1   -0.5   -0.9
   178.6    2546.1   -0.5   -0.9
   179.1    2546.1   -0.5   -0.9
   179.6    2546.1   -0.5   -0.9
   180.1    2546.1   -0.5   -0.9
   180.6    2546.1   -0.5   -0.9
   181.1    2546.1   -0.5   -0.9
   181.6    2546.1   -0.5   -0.8
   182.1    2546.1   -0.4   -0.8
   182.6    2546.1   -0.4   -0.9
   183.1    2546.1   -0.4   -0.9
   183.6    2546.1   -0.4   -0.9
   184.1    2546.1   -0.4   -0.9
   184.6    2546.1   -0.3   -1.0
   185.1    2546.1   -0.3   -1.0
   165.6    2546.6   -0.4   -1.5
   166.1    2546.6   -0.4   -1.4
   166.6    2546.6   -0.4   -1.4
   167.1    2546.6   -0.4   -1.4
   167.6    2546.6   -0.4   -1.3
   168.1    2546.6   -0.4   -1.3
   168.6    2546.6   -0.4   -1.3
   169.1    2546.6   -0.4   -1.3
   169.6    2546.6   -0.4   -1.2
   170.1    2546.6   -0.4   -1.2
   170.6    2546.6   -0.4   -1.2
   171.1    2546.6   -0.4   -1.1
   171.6    2546.6   -0.4   -1.1
   172.1    2546.6   -0.4   -1.1
   172.6    2546.6   -0.4   -1.1
   173.1    2546.6   -0.5   -1.1
   173.6    2546.6   -0.5   -1.1
   174.1    2546.6   -0.5   -1.1
   174.6    2546.6   -0.5   -1.0
   175.1    2546.6   -0.5   -1.0
   175.6    2546.6   -0.5   -1.0
   176.1    2546.6   -0.5   -1.0
   176.6    2546.6   -0.5   -1.0
   177.1    2546.6   -0.5   -1.0
   177.6    2546.6   -0.5   -1.0
   178.1    2546.6   -0.5   -0.9
   178.6    2546.6   -0.5   -0.9
   179.1    2546.6   -0.5   -0.9
   179.6    2546.6   -0.5   -0.9
   180.1    2546.6   -0.5   -0.9
   180.6    2546.6   -0.5   -0.9
   181.1    2546.6   -0.5   -0.9
   181.6    2546.6   -0.5   -0.9
   182.1    2546.6   -0.5   -0.9
   182.6    2546.6   -0.5   -0.9
   183.1    2546.6   -0.4   -0.9
   183.6    2546.6   -0.4   -0.9
   184.1    2546.6   -0.4   -0.9
   184.6    2546.6   -0.4   -0.9
   185.1    2546.6   -0.3   -1.0
   165.6    2547.1   -0.4   -1.5
   166.1    2547.1   -0.4   -1.4
   166.6    2547.1   -0.4   -1.4
   167.1    2547.1   -0.4   -1.3
   167.6    2547.1   -0.4   -1.3
   168.1    2547.1   -0.4   -1.3
   168.6    2547.1   -0.4   -1.2
   169.1    2547.1   -0.4   -1.2
   169.6    2547.1   -0.4   -1.2
   170.1    2547.1   -0.4   -1.2
   170.6    2547.1   -0.4   -1.1
   171.1    2547.1   -0.4   -1.1
   171.6    2547.1   -0.4   -1.1
   172.1    2547.1   -0.4   -1.1
   172.6    2547.1   -0.4   -1.1
   173.1    2547.1   -0.5   -1.1
   173.6    2547.1   -0.5   -1.1
   174.1    2547.1   -0.5   -1.1
   174.6    2547.1   -0.5   -1.0
   175.1    2547.1   -0.5   -1.0
   175.6    2547.1   -0.5   -1.0
   176.1    2547.1   -0.5   -1.0
   176.6    2547.1   -0.5   -1.0
   177.1    2547.1   -0.5   -1.0
   177.6    2547.1   -0.5   -1.0
   178.1    2547.1   -0.5   -0.9
   178.6    2547.1   -0.5   -0.9
   179.1    2547.1   -0.5   -0.9
   179.6    2547.1   -0.5   -0.9
   180.1    2547.1   -0.5   -0.9
   180.6    2547.1   -0.5   -0.9
   181.1    2547.1   -0.5   -0.9
   181.6    2547.1   -0.5   -0.8
   182.1    2547.1   -0.5   -0.8
   182.6    2547.1   -0.5   -0.9
   183.1    2547.1   -0.5   -0.9
   183.6    2547.1   -0.4   -0.9
   184.1    2547.1   -0.4   -0.9
   184.6    2547.1   -0.4   -0.9
   185.1    2547.1   -0.4   -0.9
   165.6    2547.6   -0.4   -1.4
   166.1    2547.6   -0.4   -1.4
   166.6    2547.6   -0.4   -1.4
   167.1    2547.6   -0.4   -1.3
   167.6    2547.6   -0.4   -1.3
   168.1    2547.6   -0.4   -1.2
   168.6    2547.6   -0.4   -1.2
   169.1    2547.6   -0.4   -1.2
   169.6    2547.6   -0.4   -1.2
   170.1    2547.6   -0.4   -1.1
   170.6    2547.6   -0.4   -1.1
   171.1    2547.6   -0.4   -1.1
   171.6    2547.6   -0.4   -1.0
   172.1    2547.6   -0.4   -1.0
   172.6    2547.6   -0.4   -1.0
   173.1    2547.6   -0.5   -1.1
   173.6    2547.6   -0.5   -1.1
   174.1    2547.6   -0.5   -1.0
   174.6    2547.6   -0.5   -1.0
   175.1    2547.6   -0.5   -1.0
   175.6    2547.6   -0.5   -1.0
   176.1    2547.6   -0.6   -1.0
   176.6    2547.6   -0.6   -1.0
   177.1    2547.6   -0.6   -1.0
   177.6    2547.6   -0.6   -1.0
   178.1    2547.6   -0.6   -1.0
   178.6    2547.6   -0.6   -1.0
   179.1    2547.6   -0.6   -0.9
   179.6    2547.6   -0.6   -0.9
   180.1    2547.6   -0.6   -0.9
   180.6    2547.6   -0.5   -0.9
   181.1    2547.6   -0.5   -0.9
   181.6    2547.6   -0.5   -0.9
   182.1    2547.6   -0.5   -0.9
   182.6    2547.6   -0.5   -0.9
   183.1    2547.6   -0.5   -0.9
   183.6    2547.6   -0.5   -0.9
   184.1    2547.6   -0.4   -0.9
   184.6    2547.6   -0.4   -0.9
   185.1    2547.6   -0.4   -0.9
   165.6    2548.1   -0.4   -1.4
   166.1    2548.1   -0.4   -1.4
   166.6    2548.1   -0.4   -1.4
   167.1    2548.1   -0.4   -1.3
   167.6    2548.1   -0.4   -1.3
   168.1    2548.1   -0.4   -1.2
   168.6    2548.1   -0.4   -1.2
   169.1    2548.1   -0.4   -1.2
   169.6    2548.1   -0.4   -1.1
   170.1    2548.1   -0.4   -1.1
   170.6    2548.1   -0.4   -1.1
   171.1    2548.1   -0.4   -1.0
   171.6    2548.1   -0.4   -1.0
   172.1    2548.1   -0.4   -1.0
   172.6    2548.1   -0.4   -1.0
   173.1    2548.1   -0.5   -1.0
   173.6    2548.1   -0.5   -1.0
   174.1    2548.1   -0.5   -1.1
   174.6    2548.1   -0.5   -1.0
   175.1    2548.1   -0.5   -1.0
   175.6    2548.1   -0.6   -1.0
   176.1    2548.1   -0.6   -1.0
   176.6    2548.1   -0.6   -1.0
   177.1    2548.1   -0.6   -1.0
   177.6    2548.1   -0.6   -1.0
   178.1    2548.1   -0.6   -1.0
   178.6    2548.1   -0.6   -1.0
   179.1    2548.1   -0.6   -1.0
   179.6    2548.1   -0.6   -0.9
   180.1    2548.1   -0.6   -0.9
   180.6    2548.1   -0.6   -0.9
   181.1    2548.1   -0.6   -0.9
   181.6    2548.1   -0.6   -0.9
   182.1    2548.1   -0.5   -0.9
   182.6    2548.1   -0.5   -0.9
   183.1    2548.1   -0.5   -0.9
   183.6    2548.1   -0.5   -0.9
   184.1    2548.1   -0.5   -0.9
   184.6    2548.1   -0.4   -0.9
   185.1    2548.1   -0.4   -0.9
   165.6    2548.6   -0.4   -1.4
   166.1    2548.6   -0.4   -1.4
   166.6    2548.6   -0.4   -1.3
   167.1    2548.6   -0.4   -1.3
   167.6    2548.6   -0.4   -1.3
   168.1    2548.6   -0.4   -1.2
   168.6    2548.6   -0.4   -1.2
   169.1    2548.6   -0.4   -1.2
   169.6    2548.6   -0.4   -1.1
   170.1    2548.6   -0.4   -1.1
   170.6    2548.6   -0.4   -1.0
   171.1    2548.6   -0.4   -1.0
   171.6    2548.6   -0.4   -1.0
   172.1    2548.6   -0.4   -1.0
   172.6    2548.6   -0.5   -1.0
   173.1    2548.6   -0.5   -1.0
   173.6    2548.6   -0.5   -1.0
   174.1    2548.6   -0.5   -1.1
   174.6    2548.6   -0.5   -1.0
   175.1    2548.6   -0.6   -1.0
   175.6    2548.6   -0.6   -1.0
   176.1    2548.6   -0.6   -1.0
   176.6    2548.6   -0.6   -1.0
   177.1    2548.6   -0.6   -1.0
   177.6    2548.6   -0.7   -1.0
   178.1    2548.6   -0.7   -1.0
   178.6    2548.6   -0.7   -1.0
   179.1    2548.6   -0.7   -1.0
   179.6    2548.6   -0.6   -0.9
   180.1    2548.6   -0.6   -0.9
   180.6    2548.6   -0.6   -0.9
   181.1    2548.6   -0.6   -0.9
   181.6    2548.6   -0.6   -0.9
   182.1    2548.6   -0.6   -0.9
   182.6    2548.6   -0.6   -0.9
   183.1    2548.6   -0.5   -0.9
   183.6    2548.6   -0.5   -0.9
   184.1    2548.6   -0.5   -0.9
   184.6    2548.6   -0.5   -0.9
   185.1    2548.6   -0.4   -0.9
   165.6    2549.1   -0.4   -1.4
   166.1    2549.1   -0.4   -1.4
   166.6    2549.1   -0.4   -1.3
   167.1    2549.1   -0.4   -1.3
   167.6    2549.1   -0.4   -1.3
   168.1    2549.1   -0.4   -1.2
   168.6    2549.1   -0.4   -1.2
   169.1    2549.1   -0.4   -1.1
   169.6    2549.1   -0.4   -1.1
   170.1    2549.1   -0.4   -1.1
   170.6    2549.1   -0.4   -1.0
   171.1    2549.1   -0.4   -1.0
   171.6    2549.1   -0.4   -1.0
   172.1    2549.1   -0.4   -1.0
   172.6    2549.1   -0.5   -1.0
   173.1    2549.1   -0.5   -1.0
   173.6    2549.1   -0.5   -1.0
   174.1    2549.1   -0.5   -1.1
   174.6    2549.1   -0.6   -1.1
   175.1    2549.1   -0.6   -1.0
   175.6    2549.1   -0.6   -1.0
   176.1    2549.1   -0.7   -1.0
   176.6    2549.1   -0.7   -1.0
   177.1    2549.1   -0.7   -1.0
   177.6    2549.1   -0.7   -1.0
   178.1    2549.1   -0.7   -1.0
   178.6    2549.1   -0.7   -1.0
   179.1    2549.1   -0.7   -1.0
   179.6    2549.1   -0.7   -1.0
   180.1    2549.1   -0.7   -0.9
   180.6    2549.1   -0.7   -0.9
   181.1    2549.1   -0.7   -0.9
   181.6    2549.1   -0.6   -0.9
   182.1    2549.1   -0.6   -0.9
   182.6    2549.1   -0.6   -0.9
   183.1    2549.1   -0.6   -0.9
   183.6    2549.1   -0.6   -0.9
   184.1    2549.1   -0.5   -0.9
   184.6    2549.1   -0.5   -0.9
   185.1    2549.1   -0.5   -0.9
   165.6    2549.6   -0.4   -1.4
   166.1    2549.6   -0.4   -1.4
   166.6    2549.6   -0.4   -1.3
   167.1    2549.6   -0.4   -1.3
   167.6    2549.6   -0.4   -1.3
   168.1    2549.6   -0.4   -1.2
   168.6    2549.6   -0.4   -1.2
   169.1    2549.6   -0.4   -1.1
   169.6    2549.6   -0.4   -1.1
   170.1    2549.6   -0.4   -1.1
   170.6    2549.6   -0.4   -1.0
   171.1    2549.6   -0.4   -1.0
   171.6    2549.6   -0.5   -1.0
   172.1    2549.6   -0.5   -1.0
   172.6    2549.6   -0.5   -1.0
   173.1    2549.6   -0.5   -1.0
   173.6    2549.6   -0.5   -1.1
   174.1    2549.6   -0.6   -1.1
   174.6    2549.6   -0.6   -1.1
   175.1    2549.6   -0.6   -1.0
   175.6    2549.6   -0.7   -1.0
   176.1    2549.6   -0.7   -1.0
   176.6    2549.6   -0.7   -1.0
   177.1    2549.6   -0.7   -1.0
   177.6    2549.6   -0.8   -1.0
   178.1    2549.6   -0.8   -1.0
   178.6    2549.6   -0.8   -1.0
   179.1    2549.6   -0.7   -1.0
   179.6    2549.6   -0.7   -1.0
   180.1    2549.6   -0.7   -0.9
   180.6    2549.6   -0.7   -0.9
   181.1    2549.6   -0.7   -0.9
   181.6    2549.6   -0.7   -0.9
   182.1    2549.6   -0.7   -0.9
   182.6    2549.6   -0.6   -0.9
   183.1    2549.6   -0.6   -0.9
   183.6    2549.6   -0.6   -0.9
   184.1    2549.6   -0.6   -0.9
   184.6    2549.6   -0.5   -0.9
   185.1    2549.6   -0.5   -0.9
   165.6    2550.1   -0.4   -1.4
   166.1    2550.1   -0.4   -1.4
   166.6    2550.1   -0.4   -1.4
   167.1    2550.1   -0.4   -1.3
   167.6    2550.1   -0.4   -1.3
   168.1    2550.1   -0.4   -1.2
   168.6    2550.1   -0.4   -1.2
   169.1    2550.1   -0.4   -1.2
   169.6    2550.1   -0.4   -1.1
   170.1    2550.1   -0.4   -1.1
   170.6    2550.1   -0.5   -1.1
   171.1    2550.1   -0.5   -1.1
   171.6    2550.1   -0.5   -1.0
   172.1    2550.1   -0.5   -1.0
   172.6    2550.1   -0.5   -1.0
   173.1    2550.1   -0.5   -1.1
   173.6    2550.1   -0.6   -1.1
   174.1    2550.1   -0.6   -1.1
   174.6    2550.1   -0.6   -1.1
   175.1    2550.1   -0.7   -1.0
   175.6    2550.1   -0.7   -1.0
   176.1    2550.1   -0.8   -1.0
   176.6    2550.1   -0.8   -1.0
   177.1    2550.1   -0.8   -1.0
   177.6    2550.1   -0.8   -1.0
   178.1    2550.1   -0.8   -1.0
   178.6    2550.1   -0.8   -1.0
   179.1    2550.1   -0.8   -1.0
   179.6    2550.1   -0.8   -1.0
   180.1    2550.1   -0.8   -1.0
   180.6    2550.1   -0.7   -1.0
   181.1    2550.1   -0.7   -1.0
   181.6    2550.1   -0.7   -1.0
   182.1    2550.1   -0.7   -1.0
   182.6    2550.1   -0.7   -1.0
   183.1    2550.1   -0.7   -1.0
   183.6    2550.1   -0.6   -0.9
   184.1    2550.1   -0.6   -0.9
   184.6    2550.1   -0.5   -0.9
   185.1    2550.1   -0.5   -0.9
   165.6    2550.6   -0.4   -1.4
   166.1    2550.6   -0.4   -1.4
   166.6    2550.6   -0.4   -1.4
   167.1    2550.6   -0.4   -1.3
   167.6    2550.6   -0.4   -1.3
   168.1    2550.6   -0.4   -1.2
   168.6    2550.6   -0.4   -1.2
   169.1    2550.6   -0.4   -1.2
   169.6    2550.6   -0.4   -1.1
   170.1    2550.6   -0.5   -1.1
   170.6    2550.6   -0.5   -1.1
   171.1    2550.6   -0.5   -1.1
   171.6    2550.6   -0.5   -1.1
   172.1    2550.6   -0.5   -1.1
   172.6    2550.6   -0.5   -1.1
   173.1    2550.6   -0.6   -1.1
   173.6    2550.6   -0.6   -1.1
   174.1    2550.6   -0.6   -1.1
   174.6    2550.6   -0.7   -1.1
   175.1    2550.6   -0.8   -1.0
   175.6    2550.6   -0.8   -1.0
   176.1    2550.6   -0.8   -1.0
   176.6    2550.6   -0.9   -1.0
   177.1    2550.6   -0.9   -1.0
   177.6    2550.6   -0.9   -1.0
   178.1    2550.6   -0.9   -1.0
   178.6    2550.6   -0.9   -1.0
   179.1    2550.6   -0.8   -1.0
   179.6    2550.6   -0.8   -1.0
   180.1    2550.6   -0.8   -1.0
   180.6    2550.6   -0.8   -1.0
   181.1    2550.6   -0.8   -1.0
   181.6    2550.6   -0.8   -1.0
   182.1    2550.6   -0.7   -1.0
   182.6    2550.6   -0.7   -1.0
   183.1    2550.6   -0.7   -1.0
   183.6    2550.6   -0.6   -0.9
   184.1    2550.6   -0.6   -0.9
   184.6    2550.6   -0.6   -0.9
   185.1    2550.6   -0.5   -0.9
   165.6    2551.1   -0.4   -1.4
   166.1    2551.1   -0.4   -1.4
   166.6    2551.1   -0.4   -1.4
   167.1    2551.1   -0.4   -1.3
   167.6    2551.1   -0.4   -1.3
   168.1    2551.1   -0.4   -1.2
   168.6    2551.1   -0.4   -1.2
   169.1    2551.1   -0.4   -1.2
   169.6    2551.1   -0.4   -1.1
   170.1    2551.1   -0.5   -1.1
   170.6    2551.1   -0.5   -1.1
   171.1    2551.1   -0.5   -1.1
   171.6    2551.1   -0.5   -1.1
   172.1    2551.1   -0.5   -1.1
   172.6    2551.1   -0.6   -1.1
   173.1    2551.1   -0.6   -1.1
   173.6    2551.1   -0.6   -1.1
   174.1    2551.1   -0.7   -1.1
   174.6    2551.1   -0.8   -1.1
   175.1    2551.1   -0.8   -1.0
   175.6    2551.1   -0.9   -1.0
   176.1    2551.1   -0.9   -1.0
   176.6    2551.1   -1.0   -1.0
   177.1    2551.1   -1.0   -1.0
   177.6    2551.1   -1.0   -1.0
   178.1    2551.1   -1.0   -1.0
   178.6    2551.1   -0.9   -1.0
   179.1    2551.1   -0.9   -1.0
   179.6    2551.1   -0.9   -1.0
   180.1    2551.1   -0.9   -1.0
   180.6    2551.1   -0.8   -1.0
   181.1    2551.1   -0.8   -1.0
   181.6    2551.1   -0.8   -1.0
   182.1    2551.1   -0.8   -1.0
   182.6    2551.1   -0.7   -1.0
   183.1    2551.1   -0.7   -1.0
   183.6    2551.1   -0.7   -0.9
   184.1    2551.1   -0.6   -0.9
   184.6    2551.1   -0.6   -0.9
   185.1    2551.1   -0.6   -0.9
   165.6    2551.6   -0.4   -1.5
   166.1    2551.6   -0.4   -1.4
   166.6    2551.6   -0.4   -1.4
   167.1    2551.6   -0.4   -1.3
   167.6    2551.6   -0.4   -1.3
   168.1    2551.6   -0.4   -1.3
   168.6    2551.6   -0.4   -1.2
   169.1    2551.6   -0.4   -1.2
   169.6    2551.6   -0.5   -1.1
   170.1    2551.6   -0.5   -1.1
   170.6    2551.6   -0.5   -1.1
   171.1    2551.6   -0.5   -1.1
   171.6    2551.6   -0.5   -1.1
   172.1    2551.6   -0.6   -1.1
   172.6    2551.6   -0.6   -1.1
   173.1    2551.6   -0.6   -1.1
   173.6    2551.6   -0.7   -1.1
   174.1    2551.6   -0.8   -1.1
   174.6    2551.6   -0.8   -1.1
   175.1    2551.6   -0.9   -1.0
   175.6    2551.6   -1.0   -1.0
   176.1    2551.6   -1.0   -1.0
   176.6    2551.6   -1.1   -1.0
   177.1    2551.6   -1.1   -1.0
   177.6    2551.6   -1.1   -1.0
   178.1    2551.6   -1.0   -1.0
   178.6    2551.6   -1.0   -1.0
   179.1    2551.6   -1.0   -1.0
   179.6    2551.6   -0.9   -1.0
   180.1    2551.6   -0.9   -1.0
   180.6    2551.6   -0.9   -1.0
   181.1    2551.6   -0.8   -1.0
   181.6    2551.6   -0.8   -1.0
   182.1    2551.6   -0.8   -1.0
   182.6    2551.6   -0.8   -1.0
   183.1    2551.6   -0.7   -1.0
   183.6    2551.6   -0.7   -0.9
   184.1    2551.6   -0.7   -0.9
   184.6    2551.6   -0.6   -0.9
   185.1    2551.6   -0.6   -0.9
   165.6    2552.1   -0.3   -1.5
   166.1    2552.1   -0.4   -1.4
   166.6    2552.1   -0.4   -1.4
   167.1    2552.1   -0.4   -1.3
   167.6    2552.1   -0.4   -1.3
   168.1    2552.1   -0.4   -1.3
   168.6    2552.1   -0.4   -1.2
   169.1    2552.1   -0.5   -1.2
   169.6    2552.1   -0.5   -1.2
   170.1    2552.1   -0.5   -1.1
   170.6    2552.1   -0.5   -1.1
   171.1    2552.1   -0.5   -1.1
   171.6    2552.1   -0.6   -1.1
   172.1    2552.1   -0.6   -1.1
   172.6    2552.1   -0.6   -1.1
   173.1    2552.1   -0.7   -1.1
   173.6    2552.1   -0.8   -1.1
   174.1    2552.1   -0.8   -1.1
   174.6    2552.1   -0.9   -1.1
   175.1    2552.1   -1.0   -1.0
   175.6    2552.1   -1.1   -1.0
   176.1    2552.1   -1.2   -1.0
   176.6    2552.1   -1.2   -1.0
   177.1    2552.1   -1.2   -1.0
   177.6    2552.1   -1.2   -1.0
   178.1    2552.1   -1.1   -1.0
   178.6    2552.1   -1.1   -1.0
   179.1    2552.1   -1.0   -1.0
   179.6    2552.1   -1.0   -1.0
   180.1    2552.1   -0.9   -1.0
   180.6    2552.1   -0.9   -1.0
   181.1    2552.1   -0.9   -1.0
   181.6    2552.1   -0.9   -1.0
   182.1    2552.1   -0.8   -1.0
   182.6    2552.1   -0.8   -1.0
   183.1    2552.1   -0.8   -1.0
   183.6    2552.1   -0.7   -0.9
   184.1    2552.1   -0.7   -0.9
   184.6    2552.1   -0.6   -0.9
   185.1    2552.1   -0.6   -0.9
   165.6    2552.6   -0.3   -1.5
   166.1    2552.6   -0.4   -1.5
   166.6    2552.6   -0.4   -1.4
   167.1    2552.6   -0.4   -1.4
   167.6    2552.6   -0.4   -1.3
   168.1    2552.6   -0.4   -1.3
   168.6    2552.6   -0.4   -1.2
   169.1    2552.6   -0.5   -1.2
   169.6    2552.6   -0.5   -1.2
   170.1    2552.6   -0.5   -1.2
   170.6    2552.6   -0.5   -1.1
   171.1    2552.6   -0.5   -1.1
   171.6    2552.6   -0.6   -1.1
   172.1    2552.6   -0.6   -1.1
   172.6    2552.6   -0.7   -1.1
   173.1    2552.6   -0.7   -1.1
   173.6    2552.6   -0.8   -1.1
   174.1    2552.6   -0.9   -1.1
   174.6    2552.6   -1.0   -1.1
   175.1    2552.6   -1.1   -1.0
   175.6    2552.6   -1.2   -1.0
   176.1    2552.6   -1.3   -1.0
   176.6    2552.6   -1.3   -1.0
   177.1    2552.6   -1.3   -1.0
   177.6    2552.6   -1.3   -1.0
   178.1    2552.6   -1.2   -1.0
   178.6    2552.6   -1.1   -1.1
   179.1    2552.6   -1.1   -1.1
   179.6    2552.6   -1.0   -1.1
   180.1    2552.6   -1.0   -1.1
   180.6    2552.6   -0.9   -1.1
   181.1    2552.6   -0.9   -1.1
   181.6    2552.6   -0.9   -1.0
   182.1    2552.6   -0.8   -1.0
   182.6    2552.6   -0.8   -1.0
   183.1    2552.6   -0.8   -1.0
   183.6    2552.6   -0.8   -1.0
   184.1    2552.6   -0.7   -0.9
   184.6    2552.6   -0.7   -0.9
   185.1    2552.6   -0.6   -0.9
   165.6    2553.1   -0.3   -1.5
   166.1    2553.1   -0.3   -1.4
   166.6    2553.1   -0.4   -1.4
   167.1    2553.1   -0.4   -1.4
   167.6    2553.1   -0.4   -1.3
   168.1    2553.1   -0.4   -1.3
   168.6    2553.1   -0.5   -1.2
   169.1    2553.1   -0.5   -1.2
   169.6    2553.1   -0.5   -1.2
   170.1    2553.1   -0.5   -1.2
   170.6    2553.1   -0.5   -1.2
   171.1    2553.1   -0.6   -1.1
   171.6    2553.1   -0.6   -1.1
   172.1    2553.1   -0.6   -1.1
   172.6    2553.1   -0.7   -1.1
   173.1    2553.1   -0.8   -1.1
   173.6    2553.1   -0.8   -1.1
   174.1    2553.1   -0.9   -1.1
   174.6    2553.1   -1.1   -1.0
   175.1    2553.1   -1.2   -1.0
   175.6    2553.1   -1.3   -1.0
   176.1    2553.1   -1.5   -1.0
   176.6    2553.1   -1.5   -1.0
   177.1    2553.1   -1.5   -1.0
   177.6    2553.1   -1.4   -1.0
   178.1    2553.1   -1.3   -1.1
   178.6    2553.1   -1.2   -1.1
   179.1    2553.1   -1.1   -1.1
   179.6    2553.1   -1.1   -1.1
   180.1    2553.1   -1.0   -1.1
   180.6    2553.1   -1.0   -1.1
   181.1    2553.1   -0.9   -1.1
   181.6    2553.1   -0.9   -1.1
   182.1    2553.1   -0.9   -1.0
   182.6    2553.1   -0.8   -1.0
   183.1    2553.1   -0.8   -1.0
   183.6    2553.1   -0.8   -1.0
   184.1    2553.1   -0.7   -0.9
   184.6    2553.1   -0.7   -0.9
   185.1    2553.1   -0.7   -0.9
   165.6    2553.6   -0.3   -1.5
   166.1    2553.6   -0.3   -1.4
   166.6    2553.6   -0.4   -1.4
   167.1    2553.6   -0.4   -1.4
   167.6    2553.6   -0.4   -1.3
   168.1    2553.6   -0.4   -1.3
   168.6    2553.6   -0.5   -1.2
   169.1    2553.6   -0.5   -1.2
   169.6    2553.6   -0.5   -1.2
   170.1    2553.6   -0.5   -1.2
   170.6    2553.6   -0.5   -1.2
   171.1    2553.6   -0.6   -1.2
   171.6    2553.6   -0.6   -1.1
   172.1    2553.6   -0.6   -1.1
   172.6    2553.6   -0.7   -1.1
   173.1    2553.6   -0.8   -1.1
   173.6    2553.6   -0.9   -1.1
   174.1    2553.6   -1.0   -1.1
   174.6    2553.6   -1.1   -1.0
   175.1    2553.6   -1.3   -1.0
   175.6    2553.6   -1.5   -1.0
   176.1    2553.6   -1.6   -1.0
   176.6    2553.6   -1.7   -1.0
   177.1    2553.6   -1.6   -1.0
   177.6    2553.6   -1.5   -1.0
   178.1    2553.6   -1.4   -1.1
   178.6    2553.6   -1.2   -1.1
   179.1    2553.6   -1.2   -1.1
   179.6    2553.6   -1.1   -1.1
   180.1    2553.6   -1.0   -1.1
   180.6    2553.6   -1.0   -1.1
   181.1    2553.6   -1.0   -1.1
   181.6    2553.6   -0.9   -1.1
   182.1    2553.6   -0.9   -1.1
   182.6    2553.6   -0.9   -1.0
   183.1    2553.6   -0.8   -1.0
   183.6    2553.6   -0.8   -1.0
   184.1    2553.6   -0.7   -0.9
   184.6    2553.6   -0.7   -0.9
   185.1    2553.6   -0.7   -0.9
   165.6    2554.1   -0.3   -1.5
   166.1    2554.1   -0.3   -1.4
   166.6    2554.1   -0.3   -1.4
   167.1    2554.1   -0.4   -1.3
   167.6    2554.1   -0.4   -1.3
   168.1    2554.1   -0.4   -1.3
   168.6    2554.1   -0.5   -1.2
   169.1    2554.1   -0.5   -1.2
   169.6    2554.1   -0.5   -1.2
   170.1    2554.1   -0.5   -1.2
   170.6    2554.1   -0.5   -1.2
   171.1    2554.1   -0.6   -1.2
   171.6    2554.1   -0.6   -1.1
   172.1    2554.1   -0.6   -1.1
   172.6    2554.1   -0.7   -1.1
   173.1    2554.1   -0.8   -1.1
   173.6    2554.1   -0.9   -1.1
   174.1    2554.1   -1.0   -1.0
   174.6    2554.1   -1.1   -1.0
   175.1    2554.1   -1.3   -1.0
   175.6    2554.1   -1.5   -1.0
   176.1    2554.1   -1.7   -1.0
   176.6    2554.1   -1.8   -1.0
   177.1    2554.1   -1.7   -1.0
   177.6    2554.1   -1.5   -1.0
   178.1    2554.1   -1.4   -1.1
   178.6    2554.1   -1.2   -1.1
   179.1    2554.1   -1.2   -1.1
   179.6    2554.1   -1.1   -1.2
   180.1    2554.1   -1.1   -1.2
   180.6    2554.1   -1.0   -1.2
   181.1    2554.1   -1.0   -1.1
   181.6    2554.1   -0.9   -1.1
   182.1    2554.1   -0.9   -1.1
   182.6    2554.1   -0.9   -1.0
   183.1    2554.1   -0.8   -1.0
   183.6    2554.1   -0.8   -1.0
   184.1    2554.1   -0.8   -0.9
   184.6    2554.1   -0.7   -0.9
   185.1    2554.1   -0.7   -0.8
   165.6    2554.6   -0.3   -1.5
   166.1    2554.6   -0.3   -1.4
   166.6    2554.6   -0.3   -1.4
   167.1    2554.6   -0.4   -1.3
   167.6    2554.6   -0.4   -1.3
   168.1    2554.6   -0.4   -1.3
   168.6    2554.6   -0.5   -1.2
   169.1    2554.6   -0.5   -1.2
   169.6    2554.6   -0.5   -1.2
   170.1    2554.6   -0.5   -1.2
   170.6    2554.6   -0.5   -1.2
   171.1    2554.6   -0.6   -1.2
   171.6    2554.6   -0.6   -1.1
   172.1    2554.6   -0.6   -1.1
   172.6    2554.6   -0.7   -1.1
   173.1    2554.6   -0.7   -1.1
   173.6    2554.6   -0.8   -1.1
   174.1    2554.6   -0.9   -1.0
   174.6    2554.6   -1.1   -1.0
   175.1    2554.6   -1.3   -1.0
   175.6    2554.6   -1.5   -1.0
   176.1    2554.6   -1.7   -1.0
   176.6    2554.6   -1.7   -1.0
   177.1    2554.6   -1.6   -1.0
   177.6    2554.6   -1.4   -1.0
   178.1    2554.6   -1.3   -1.1
   178.6    2554.6   -1.2   -1.1
   179.1    2554.6   -1.1   -1.2
   179.6    2554.6   -1.1   -1.2
   180.1    2554.6   -1.1   -1.2
   180.6    2554.6   -1.0   -1.2
   181.1    2554.6   -1.0   -1.2
   181.6    2554.6   -1.0   -1.1
   182.1    2554.6   -0.9   -1.1
   182.6    2554.6   -0.9   -1.1
   183.1    2554.6   -0.8   -1.0
   183.6    2554.6   -0.8   -1.0
   184.1    2554.6   -0.8   -0.9
   184.6    2554.6   -0.7   -0.9
   185.1    2554.6   -0.7   -0.8
   165.6    2555.1   -0.3   -1.4
   166.1    2555.1   -0.3   -1.4
   166.6    2555.1   -0.3   -1.4
   167.1    2555.1   -0.4   -1.3
   167.6    2555.1   -0.4   -1.3
   168.1    2555.1   -0.4   -1.3
   168.6    2555.1   -0.5   -1.2
   169.1    2555.1   -0.5   -1.2
   169.6    2555.1   -0.5   -1.2
   170.1    2555.1   -0.5   -1.2
   170.6    2555.1   -0.5   -1.2
   171.1    2555.1   -0.5   -1.1
   171.6    2555.1   -0.6   -1.1
   172.1    2555.1   -0.6   -1.1
   172.6    2555.1   -0.6   -1.1
   173.1    2555.1   -0.7   -1.1
   173.6    2555.1   -0.8   -1.0
   174.1    2555.1   -0.8   -1.0
   174.6    2555.1   -1.0   -1.0
   175.1    2555.1   -1.1   -1.0
   175.6    2555.1   -1.3   -1.0
   176.1    2555.1   -1.4   -1.0
   176.6    2555.1   -1.4   -1.0
   177.1    2555.1   -1.3   -1.0
   177.6    2555.1   -1.2   -1.0
   178.1    2555.1   -1.1   -1.1
   178.6    2555.1   -1.1   -1.2
   179.1    2555.1   -1.1   -1.2
   179.6    2555.1   -1.1   -1.3
   180.1    2555.1   -1.1   -1.3
   180.6    2555.1   -1.0   -1.2
   181.1    2555.1   -1.0   -1.2
   181.6    2555.1   -1.0   -1.2
   182.1    2555.1   -0.9   -1.1
   182.6    2555.1   -0.9   -1.1
   183.1    2555.1   -0.8   -1.0
   183.6    2555.1   -0.8   -1.0
   184.1    2555.1   -0.8   -0.9
   184.6    2555.1   -0.7   -0.8
   185.1    2555.1   -0.7   -0.8
   165.6    2555.6   -0.3   -1.4
   166.1    2555.6   -0.3   -1.4
   166.6    2555.6   -0.3   -1.4
   167.1    2555.6   -0.4   -1.3
   167.6    2555.6   -0.4   -1.3
   168.1    2555.6   -0.4   -1.3
   168.6    2555.6   -0.4   -1.2
   169.1    2555.6   -0.5   -1.2
   169.6    2555.6   -0.5   -1.2
   170.1    2555.6   -0.5   -1.2
   170.6    2555.6   -0.5   -1.2
   171.1    2555.6   -0.5   -1.1
   171.6    2555.6   -0.5   -1.1
   172.1    2555.6   -0.6   -1.1
   172.6    2555.6   -0.6   -1.1
   173.1    2555.6   -0.6   -1.0
   173.6    2555.6   -0.7   -1.0
   174.1    2555.6   -0.7   -1.0
   174.6    2555.6   -0.8   -1.0
   175.1    2555.6   -0.9   -1.0
   175.6    2555.6   -1.0   -1.0
   176.1    2555.6   -1.1   -1.0
   176.6    2555.6   -1.0   -0.9
   177.1    2555.6   -0.9   -0.9
   177.6    2555.6   -0.8   -0.9
   178.1    2555.6   -1.0   -1.1
   178.6    2555.6   -1.1   -1.3
   179.1    2555.6   -1.1   -1.3
   179.6    2555.6   -1.1   -1.4
   180.1    2555.6   -1.1   -1.3
   180.6    2555.6   -1.1   -1.3
   181.1    2555.6   -1.0   -1.3
   181.6    2555.6   -1.0   -1.2
   182.1    2555.6   -0.9   -1.1
   182.6    2555.6   -0.9   -1.1
   183.1    2555.6   -0.8   -1.0
   183.6    2555.6   -0.8   -1.0
   184.1    2555.6   -0.8   -0.9
   184.6    2555.6   -0.7   -0.8
   185.1    2555.6   -0.7   -0.8
   165.6    2556.1   -0.3   -1.4
   166.1    2556.1   -0.3   -1.4
   166.6    2556.1   -0.3   -1.3
   167.1    2556.1   -0.4   -1.3
   167.6    2556.1   -0.4   -1.3
   168.1    2556.1   -0.4   -1.2
   168.6    2556.1   -0.4   -1.2
   169.1    2556.1   -0.5   -1.2
   169.6    2556.1   -0.5   -1.2
   170.1    2556.1   -0.5   -1.2
   170.6    2556.1   -0.5   -1.2
   171.1    2556.1   -0.5   -1.1
   171.6    2556.1   -0.5   -1.1
   172.1    2556.1   -0.5   -1.1
   172.6    2556.1   -0.5   -1.0
   173.1    2556.1   -0.5   -1.0
   173.6    2556.1   -0.5   -1.0
   174.1    2556.1   -0.6   -1.0
   174.6    2556.1   -0.6   -1.0
   175.1    2556.1   -0.7   -1.0
   175.6    2556.1   -0.8   -1.0
   176.1    2556.1   -0.8   -0.9
   176.6    2556.1   -0.7   -0.9
   177.1    2556.1   -0.6   -0.8
   177.6    2556.1   -0.7   -1.0
   178.1    2556.1   -1.0   -1.3
   178.6    2556.1   -1.2   -1.5
   179.1    2556.1   -1.2   -1.5
   179.6    2556.1   -1.2   -1.5
   180.1    2556.1   -1.2   -1.4
   180.6    2556.1   -1.1   -1.4
   181.1    2556.1   -1.0   -1.3
   181.6    2556.1   -1.0   -1.2
   182.1    2556.1   -0.9   -1.2
   182.6    2556.1   -0.9   -1.1
   183.1    2556.1   -0.8   -1.0
   183.6    2556.1   -0.8   -1.0
   184.1    2556.1   -0.8   -0.9
   184.6    2556.1   -0.7   -0.8
   185.1    2556.1   -0.7   -0.8
   165.6    2556.6   -0.3   -1.4
   166.1    2556.6   -0.3   -1.4
   166.6    2556.6   -0.3   -1.3
   167.1    2556.6   -0.3   -1.3
   167.6    2556.6   -0.4   -1.3
   168.1    2556.6   -0.4   -1.2
   168.6    2556.6   -0.4   -1.2
   169.1    2556.6   -0.4   -1.2
   169.6    2556.6   -0.5   -1.2
   170.1    2556.6   -0.5   -1.2
   170.6    2556.6   -0.5   -1.2
   171.1    2556.6   -0.5   -1.1
   171.6    2556.6   -0.5   -1.1
   172.1    2556.6   -0.5   -1.1
   172.6    2556.6   -0.5   -1.0
   173.1    2556.6   -0.4   -1.0
   173.6    2556.6   -0.4   -0.9
   174.1    2556.6   -0.4   -0.9
   174.6    2556.6   -0.4   -0.9
   175.1    2556.6   -0.5   -0.9
   175.6    2556.6   -0.6   -0.9
   176.1    2556.6   -0.6   -1.0
   176.6    2556.6   -0.6   -1.0
   177.1    2556.6   -0.7   -1.1
   177.6    2556.6   -1.0   -1.4
   178.1    2556.6   -1.3   -1.7
   178.6    2556.6   -1.4   -1.8
   179.1    2556.6   -1.4   -1.7
   179.6    2556.6   -1.3   -1.6
   180.1    2556.6   -1.2   -1.5
   180.6    2556.6   -1.1   -1.4
   181.1    2556.6   -1.1   -1.3
   181.6    2556.6   -1.0   -1.3
   182.1    2556.6   -0.9   -1.2
   182.6    2556.6   -0.9   -1.1
   183.1    2556.6   -0.8   -1.0
   183.6    2556.6   -0.8   -1.0
   184.1    2556.6   -0.8   -0.9
   184.6    2556.6   -0.7   -0.9
   185.1    2556.6   -0.7   -0.8
   165.6    2557.1   -0.3   -1.4
   166.1    2557.1   -0.3   -1.4
   166.6    2557.1   -0.3   -1.3
   167.1    2557.1   -0.3   -1.3
   167.6    2557.1   -0.4   -1.3
   168.1    2557.1   -0.4   -1.2
   168.6    2557.1   -0.4   -1.2
   169.1    2557.1   -0.4   -1.2
   169.6    2557.1   -0.4   -1.2
   170.1    2557.1   -0.4   -1.2
   170.6    2557.1   -0.4   -1.2
   171.1    2557.1   -0.4   -1.1
   171.6    2557.1   -0.4   -1.1
   172.1    2557.1   -0.4   -1.1
   172.6    2557.1   -0.4   -1.0
   173.1    2557.1   -0.3   -1.0
   173.6    2557.1   -0.3   -0.9
   174.1    2557.1   -0.2   -0.9
   174.6    2557.1   -0.2   -0.8
   175.1    2557.1   -0.3   -0.9
   175.6    2557.1   -0.4   -0.9
   176.1    2557.1   -0.6   -1.0
   176.6    2557.1   -0.7   -1.2
   177.1    2557.1   -1.0   -1.5
   177.6    2557.1   -1.4   -1.9
   178.1    2557.1   -1.7   -2.1
   178.6    2557.1   -1.6   -2.1
   179.1    2557.1   -1.5   -1.9
   179.6    2557.1   -1.4   -1.7
   180.1    2557.1   -1.2   -1.6
   180.6    2557.1   -1.2   -1.5
   181.1    2557.1   -1.1   -1.4
   181.6    2557.1   -1.0   -1.3
   182.1    2557.1   -0.9   -1.2
   182.6    2557.1   -0.9   -1.1
   183.1    2557.1   -0.8   -1.0
   183.6    2557.1   -0.8   -1.0
   184.1    2557.1   -0.7   -0.9
   184.6    2557.1   -0.7   -0.9
   185.1    2557.1   -0.7   -0.8
   165.6    2557.6   -0.3   -1.4
   166.1    2557.6   -0.3   -1.3
   166.6    2557.6   -0.3   -1.3
   167.1    2557.6   -0.3   -1.3
   167.6    2557.6   -0.3   -1.2
   168.1    2557.6   -0.4   -1.2
   168.6    2557.6   -0.4   -1.2
   169.1    2557.6   -0.4   -1.2
   169.6    2557.6   -0.4   -1.2
   170.1    2557.6   -0.4   -1.2
   170.6    2557.6   -0.4   -1.2
   171.1    2557.6   -0.4   -1.1
   171.6    2557.6   -0.4   -1.1
   172.1    2557.6   -0.4   -1.0
   172.6    2557.6   -0.3   -1.0
   173.1    2557.6   -0.3   -0.9
   173.6    2557.6   -0.2   -0.9
   174.1    2557.6   -0.1   -0.8
   174.6    2557.6    0.0   -0.8
   175.1    2557.6   -0.1   -0.8
   175.6    2557.6   -0.2   -0.9
   176.1    2557.6   -0.5   -1.1
   176.6    2557.6   -0.8   -1.3
   177.1    2557.6   -1.2   -1.7
   177.6    2557.6   -1.6   -2.1
   178.1    2557.6   -1.8   -2.2
   178.6    2557.6   -1.7   -2.1
   179.1    2557.6   -1.5   -2.0
   179.6    2557.6   -1.4   -1.8
   180.1    2557.6   -1.3   -1.6
   180.6    2557.6   -1.2   -1.5
   181.1    2557.6   -1.1   -1.4
   181.6    2557.6   -1.0   -1.3
   182.1    2557.6   -0.9   -1.2
   182.6    2557.6   -0.9   -1.1
   183.1    2557.6   -0.8   -1.1
   183.6    2557.6   -0.8   -1.0
   184.1    2557.6   -0.7   -0.9
   184.6    2557.6   -0.7   -0.9
   185.1    2557.6   -0.7   -0.8
   165.6    2558.1   -0.3   -1.3
   166.1    2558.1   -0.3   -1.3
   166.6    2558.1   -0.3   -1.3
   167.1    2558.1   -0.3   -1.3
   167.6    2558.1   -0.3   -1.2
   168.1    2558.1   -0.4   -1.2
   168.6    2558.1   -0.4   -1.2
   169.1    2558.1   -0.4   -1.2
   169.6    2558.1   -0.4   -1.2
   170.1    2558.1   -0.4   -1.2
   170.6    2558.1   -0.4   -1.2
   171.1    2558.1   -0.4   -1.1
   171.6    2558.1   -0.4   -1.1
   172.1    2558.1   -0.4   -1.0
   172.6    2558.1   -0.3   -1.0
   173.1    2558.1   -0.2   -0.9
   173.6    2558.1   -0.1   -0.8
   174.1    2558.1    0.0   -0.8
   174.6    2558.1    0.0   -0.7
   175.1    2558.1    0.0   -0.8
   175.6    2558.1   -0.2   -0.9
   176.1    2558.1   -0.5   -1.1
   176.6    2558.1   -0.8   -1.3
   177.1    2558.1   -1.2   -1.7
   177.6    2558.1   -1.5   -1.9
   178.1    2558.1   -1.6   -2.1
   178.6    2558.1   -1.6   -2.0
   179.1    2558.1   -1.5   -1.9
   179.6    2558.1   -1.3   -1.7
   180.1    2558.1   -1.2   -1.6
   180.6    2558.1   -1.1   -1.5
   181.1    2558.1   -1.0   -1.4
   181.6    2558.1   -1.0   -1.3
   182.1    2558.1   -0.9   -1.2
   182.6    2558.1   -0.9   -1.1
   183.1    2558.1   -0.8   -1.0
   183.6    2558.1   -0.8   -1.0
   184.1    2558.1   -0.7   -0.9
   184.6    2558.1   -0.7   -0.9
   185.1    2558.1   -0.7   -0.8
   165.6    2558.6   -0.3   -1.3
   166.1    2558.6   -0.3   -1.3
   166.6    2558.6   -0.3   -1.3
   167.1    2558.6   -0.3   -1.3
   167.6    2558.6   -0.3   -1.2
   168.1    2558.6   -0.4   -1.2
   168.6    2558.6   -0.4   -1.2
   169.1    2558.6   -0.4   -1.2
   169.6    2558.6   -0.4   -1.2
   170.1    2558.6   -0.4   -1.2
   170.6    2558.6   -0.4   -1.2
   171.1    2558.6   -0.4   -1.1
   171.6    2558.6   -0.4   -1.1
   172.1    2558.6   -0.3   -1.0
   172.6    2558.6   -0.3   -1.0
   173.1    2558.6   -0.2   -0.9
   173.6    2558.6   -0.1   -0.9
   174.1    2558.6    0.0   -0.8
   174.6    2558.6    0.0   -0.8
   175.1    2558.6    0.0   -0.8
   175.6    2558.6   -0.2   -0.9
   176.1    2558.6   -0.4   -1.1
   176.6    2558.6   -0.7   -1.3
   177.1    2558.6   -1.0   -1.5
   177.6    2558.6   -1.3   -1.7
   178.1    2558.6   -1.4   -1.9
   178.6    2558.6   -1.4   -1.8
   179.1    2558.6   -1.3   -1.8
   179.6    2558.6   -1.3   -1.7
   180.1    2558.6   -1.2   -1.5
   180.6    2558.6   -1.1   -1.4
   181.1    2558.6   -1.0   -1.3
   181.6    2558.6   -0.9   -1.3
   182.1    2558.6   -0.9   -1.2
   182.6    2558.6   -0.8   -1.1
   183.1    2558.6   -0.8   -1.0
   183.6    2558.6   -0.7   -1.0
   184.1    2558.6   -0.7   -0.9
   184.6    2558.6   -0.7   -0.9
   185.1    2558.6   -0.6   -0.8
   165.6    2559.1   -0.2   -1.3
   166.1    2559.1   -0.3   -1.3
   166.6    2559.1   -0.3   -1.3
   167.1    2559.1   -0.3   -1.3
   167.6    2559.1   -0.3   -1.2
   168.1    2559.1   -0.3   -1.2
   168.6    2559.1   -0.4   -1.2
   169.1    2559.1   -0.4   -1.2
   169.6    2559.1   -0.4   -1.2
   170.1    2559.1   -0.4   -1.2
   170.6    2559.1   -0.4   -1.2
   171.1    2559.1   -0.4   -1.1
   171.6    2559.1   -0.4   -1.1
   172.1    2559.1   -0.3   -1.0
   172.6    2559.1   -0.3   -1.0
   173.1    2559.1   -0.2   -0.9
   173.6    2559.1   -0.2   -0.9
   174.1    2559.1   -0.1   -0.8
   174.6    2559.1   -0.1   -0.8
   175.1    2559.1   -0.1   -0.8
   175.6    2559.1   -0.2   -0.9
   176.1    2559.1   -0.5   -1.1
   176.6    2559.1   -0.7   -1.2
   177.1    2559.1   -0.9   -1.4
   177.6    2559.1   -1.1   -1.6
   178.1    2559.1   -1.2   -1.7
   178.6    2559.1   -1.2   -1.7
   179.1    2559.1   -1.2   -1.6
   179.6    2559.1   -1.2   -1.6
   180.1    2559.1   -1.1   -1.5
   180.6    2559.1   -1.0   -1.4
   181.1    2559.1   -1.0   -1.3
   181.6    2559.1   -0.9   -1.2
   182.1    2559.1   -0.8   -1.2
   182.6    2559.1   -0.8   -1.1
   183.1    2559.1   -0.8   -1.0
   183.6    2559.1   -0.7   -1.0
   184.1    2559.1   -0.7   -0.9
   184.6    2559.1   -0.6   -0.9
   185.1    2559.1   -0.6   -0.8
   165.6    2559.6   -0.2   -1.3
   166.1    2559.6   -0.3   -1.3
   166.6    2559.6   -0.3   -1.3
   167.1    2559.6   -0.3   -1.3
   167.6    2559.6   -0.3   -1.3
   168.1    2559.6   -0.3   -1.2
   168.6    2559.6   -0.3   -1.2
   169.1    2559.6   -0.4   -1.2
   169.6    2559.6   -0.4   -1.2
   170.1    2559.6   -0.4   -1.2
   170.6    2559.6   -0.4   -1.2
   171.1    2559.6   -0.4   -1.1
   171.6    2559.6   -0.4   -1.1
   172.1    2559.6   -0.3   -1.1
   172.6    2559.6   -0.3   -1.0
   173.1    2559.6   -0.3   -1.0
   173.6    2559.6   -0.2   -0.9
   174.1    2559.6   -0.2   -0.9
   174.6    2559.6   -0.2   -0.9
   175.1    2559.6   -0.2   -0.9
   175.6    2559.6   -0.3   -1.0
   176.1    2559.6   -0.5   -1.1
   176.6    2559.6   -0.7   -1.2
   177.1    2559.6   -0.8   -1.3
   177.6    2559.6   -1.0   -1.4
   178.1    2559.6   -1.1   -1.5
   178.6    2559.6   -1.1   -1.5
   179.1    2559.6   -1.1   -1.5
   179.6    2559.6   -1.1   -1.5
   180.1    2559.6   -1.0   -1.4
   180.6    2559.6   -1.0   -1.3
   181.1    2559.6   -0.9   -1.3
   181.6    2559.6   -0.9   -1.2
   182.1    2559.6   -0.8   -1.1
   182.6    2559.6   -0.8   -1.1
   183.1    2559.6   -0.7   -1.0
   183.6    2559.6   -0.7   -0.9
   184.1    2559.6   -0.7   -0.9
   184.6    2559.6   -0.6   -0.9
   185.1    2559.6   -0.6   -0.8
   165.6    2560.1   -0.2   -1.3
   166.1    2560.1   -0.2   -1.3
   166.6    2560.1   -0.3   -1.3
   167.1    2560.1   -0.3   -1.3
   167.6    2560.1   -0.3   -1.3
   168.1    2560.1   -0.3   -1.3
   168.6    2560.1   -0.3   -1.3
   169.1    2560.1   -0.3   -1.2
   169.6    2560.1   -0.3   -1.2
   170.1    2560.1   -0.4   -1.2
   170.6    2560.1   -0.4   -1.2
   171.1    2560.1   -0.4   -1.1
   171.6    2560.1   -0.4   -1.1
   172.1    2560.1   -0.3   -1.1
   172.6    2560.1   -0.3   -1.0
   173.1    2560.1   -0.3   -1.0
   173.6    2560.1   -0.3   -1.0
   174.1    2560.1   -0.3   -1.0
   174.6    2560.1   -0.3   -1.0
   175.1    2560.1   -0.3   -1.0
   175.6    2560.1   -0.4   -1.0
   176.1    2560.1   -0.5   -1.1
   176.6    2560.1   -0.6   -1.2
   177.1    2560.1   -0.8   -1.3
   177.6    2560.1   -0.9   -1.3
   178.1    2560.1   -0.9   -1.4
   178.6    2560.1   -1.0   -1.4
   179.1    2560.1   -1.0   -1.4
   179.6    2560.1   -1.0   -1.4
   180.1    2560.1   -0.9   -1.3
   180.6    2560.1   -0.9   -1.3
   181.1    2560.1   -0.9   -1.2
   181.6    2560.1   -0.8   -1.1
   182.1    2560.1   -0.8   -1.1
   182.6    2560.1   -0.7   -1.0
   183.1    2560.1   -0.7   -1.0
   183.6    2560.1   -0.7   -0.9
   184.1    2560.1   -0.7   -0.9
   184.6    2560.1   -0.6   -0.8
   185.1    2560.1   -0.6   -0.8
   165.6    2560.6   -0.2   -1.3
   166.1    2560.6   -0.2   -1.3
   166.6    2560.6   -0.2   -1.3
   167.1    2560.6   -0.3   -1.3
   167.6    2560.6   -0.3   -1.3
   168.1    2560.6   -0.3   -1.3
   168.6    2560.6   -0.3   -1.3
   169.1    2560.6   -0.3   -1.3
   169.6    2560.6   -0.3   -1.2
   170.1    2560.6   -0.3   -1.2
   170.6    2560.6   -0.4   -1.2
   171.1    2560.6   -0.4   -1.2
   171.6    2560.6   -0.4   -1.1
   172.1    2560.6   -0.4   -1.1
   172.6    2560.6   -0.4   -1.1
   173.1    2560.6   -0.3   -1.0
   173.6    2560.6   -0.3   -1.0
   174.1    2560.6   -0.3   -1.0
   174.6    2560.6   -0.4   -1.0
   175.1    2560.6   -0.4   -1.0
   175.6    2560.6   -0.5   -1.1
   176.1    2560.6   -0.5   -1.1
   176.6    2560.6   -0.6   -1.2
   177.1    2560.6   -0.7   -1.2
   177.6    2560.6   -0.8   -1.3
   178.1    2560.6   -0.8   -1.3
   178.6    2560.6   -0.9   -1.3
   179.1    2560.6   -0.9   -1.3
   179.6    2560.6   -0.9   -1.3
   180.1    2560.6   -0.9   -1.2
   180.6    2560.6   -0.8   -1.2
   181.1    2560.6   -0.8   -1.2
   181.6    2560.6   -0.8   -1.1
   182.1    2560.6   -0.7   -1.1
   182.6    2560.6   -0.7   -1.0
   183.1    2560.6   -0.7   -1.0
   183.6    2560.6   -0.7   -0.9
   184.1    2560.6   -0.6   -0.9
   184.6    2560.6   -0.6   -0.8
   185.1    2560.6   -0.6   -0.8
   165.6    2561.1   -0.2   -1.3
   166.1    2561.1   -0.2   -1.3
   166.6    2561.1   -0.2   -1.3
   167.1    2561.1   -0.2   -1.3
   167.6    2561.1   -0.2   -1.3
   168.1    2561.1   -0.3   -1.3
   168.6    2561.1   -0.3   -1.3
   169.1    2561.1   -0.3   -1.3
   169.6    2561.1   -0.3   -1.2
   170.1    2561.1   -0.3   -1.2
   170.6    2561.1   -0.3   -1.2
   171.1    2561.1   -0.4   -1.2
   171.6    2561.1   -0.4   -1.1
   172.1    2561.1   -0.4   -1.1
   172.6    2561.1   -0.4   -1.1
   173.1    2561.1   -0.4   -1.1
   173.6    2561.1   -0.4   -1.0
   174.1    2561.1   -0.4   -1.0
   174.6    2561.1   -0.4   -1.0
   175.1    2561.1   -0.4   -1.1
   175.6    2561.1   -0.5   -1.1
   176.1    2561.1   -0.5   -1.1
   176.6    2561.1   -0.6   -1.2
   177.1    2561.1   -0.7   -1.2
   177.6    2561.1   -0.7   -1.2
   178.1    2561.1   -0.8   -1.2
   178.6    2561.1   -0.8   -1.2
   179.1    2561.1   -0.8   -1.2
   179.6    2561.1   -0.8   -1.2
   180.1    2561.1   -0.8   -1.2
   180.6    2561.1   -0.8   -1.1
   181.1    2561.1   -0.7   -1.1
   181.6    2561.1   -0.7   -1.1
   182.1    2561.1   -0.7   -1.0
   182.6    2561.1   -0.7   -1.0
   183.1    2561.1   -0.7   -0.9
   183.6    2561.1   -0.7   -0.9
   184.1    2561.1   -0.6   -0.8
   184.6    2561.1   -0.6   -0.8
   185.1    2561.1   -0.6   -0.8
   165.6    2561.6   -0.2   -1.3
   166.1    2561.6   -0.2   -1.3
   166.6    2561.6   -0.2   -1.3
   167.1    2561.6   -0.2   -1.3
   167.6    2561.6   -0.2   -1.3
   168.1    2561.6   -0.2   -1.3
   168.6    2561.6   -0.3   -1.3
   169.1    2561.6   -0.3   -1.3
   169.6    2561.6   -0.3   -1.2
   170.1    2561.6   -0.3   -1.2
   170.6    2561.6   -0.3   -1.2
   171.1    2561.6   -0.4   -1.2
   171.6    2561.6   -0.4   -1.1
   172.1    2561.6   -0.4   -1.1
   172.6    2561.6   -0.4   -1.1
   173.1    2561.6   -0.4   -1.1
   173.6    2561.6   -0.4   -1.1
   174.1    2561.6   -0.4   -1.1
   174.6    2561.6   -0.4   -1.1
   175.1    2561.6   -0.5   -1.1
   175.6    2561.6   -0.5   -1.1
   176.1    2561.6   -0.5   -1.1
   176.6    2561.6   -0.6   -1.1
   177.1    2561.6   -0.6   -1.2
   177.6    2561.6   -0.7   -1.2
   178.1    2561.6   -0.7   -1.2
   178.6    2561.6   -0.7   -1.2
   179.1    2561.6   -0.7   -1.2
   179.6    2561.6   -0.7   -1.2
   180.1    2561.6   -0.7   -1.1
   180.6    2561.6   -0.7   -1.1
   181.1    2561.6   -0.7   -1.1
   181.6    2561.6   -0.7   -1.0
   182.1    2561.6   -0.7   -1.0
   182.6    2561.6   -0.7   -0.9
   183.1    2561.6   -0.6   -0.9
   183.6    2561.6   -0.6   -0.8
   184.1    2561.6   -0.6   -0.8
   184.6    2561.6   -0.6   -0.8
   185.1    2561.6   -0.6   -0.7
   165.6    2562.1   -0.2   -1.3
   166.1    2562.1   -0.2   -1.2
   166.6    2562.1   -0.2   -1.3
   167.1    2562.1   -0.2   -1.3
   167.6    2562.1   -0.2   -1.3
   168.1    2562.1   -0.2   -1.3
   168.6    2562.1   -0.2   -1.3
   169.1    2562.1   -0.3   -1.3
   169.6    2562.1   -0.3   -1.2
   170.1    2562.1   -0.3   -1.2
   170.6    2562.1   -0.3   -1.2
   171.1    2562.1   -0.4   -1.2
   171.6    2562.1   -0.4   -1.1
   172.1    2562.1   -0.4   -1.1
   172.6    2562.1   -0.4   -1.1
   173.1    2562.1   -0.4   -1.1
   173.6    2562.1   -0.4   -1.1
   174.1    2562.1   -0.4   -1.1
   174.6    2562.1   -0.4   -1.1
   175.1    2562.1   -0.5   -1.1
   175.6    2562.1   -0.5   -1.1
   176.1    2562.1   -0.5   -1.1
   176.6    2562.1   -0.6   -1.1
   177.1    2562.1   -0.6   -1.1
   177.6    2562.1   -0.6   -1.1
   178.1    2562.1   -0.7   -1.1
   178.6    2562.1   -0.7   -1.1
   179.1    2562.1   -0.7   -1.1
   179.6    2562.1   -0.7   -1.1
   180.1    2562.1   -0.7   -1.1
   180.6    2562.1   -0.7   -1.1
   181.1    2562.1   -0.6   -1.0
   181.6    2562.1   -0.6   -1.0
   182.1    2562.1   -0.6   -0.9
   182.6    2562.1   -0.6   -0.9
   183.1    2562.1   -0.6   -0.9
   183.6    2562.1   -0.6   -0.8
   184.1    2562.1   -0.6   -0.8
   184.6    2562.1   -0.6   -0.7
   185.1    2562.1   -0.6   -0.7
   165.6    2562.6   -0.2   -1.2
   166.1    2562.6   -0.2   -1.2
   166.6    2562.6   -0.2   -1.3
   167.1    2562.6   -0.2   -1.3
   167.6    2562.6   -0.2   -1.3
   168.1    2562.6   -0.2   -1.3
   168.6    2562.6   -0.2   -1.3
   169.1    2562.6   -0.2   -1.3
   169.6    2562.6   -0.3   -1.2
   170.1    2562.6   -0.3   -1.2
   170.6    2562.6   -0.3   -1.2
   171.1    2562.6   -0.3   -1.2
   171.6    2562.6   -0.4   -1.1
   172.1    2562.6   -0.4   -1.1
   172.6    2562.6   -0.4   -1.1
   173.1    2562.6   -0.4   -1.1
   173.6    2562.6   -0.4   -1.1
   174.1    2562.6   -0.4   -1.1
   174.6    2562.6   -0.4   -1.1
   175.1    2562.6   -0.5   -1.1
   175.6    2562.6   -0.5   -1.1
   176.1    2562.6   -0.5   -1.1
   176.6    2562.6   -0.5   -1.1
   177.1    2562.6   -0.6   -1.1
   177.6    2562.6   -0.6   -1.1
   178.1    2562.6   -0.6   -1.1
   178.6    2562.6   -0.6   -1.1
   179.1    2562.6   -0.6   -1.1
   179.6    2562.6   -0.6   -1.1
   180.1    2562.6   -0.6   -1.0
   180.6    2562.6   -0.6   -1.0
   181.1    2562.6   -0.6   -1.0
   181.6    2562.6   -0.6   -0.9
   182.1    2562.6   -0.6   -0.9
   182.6    2562.6   -0.6   -0.9
   183.1    2562.6   -0.6   -0.8
   183.6    2562.6   -0.6   -0.8
   184.1    2562.6   -0.6   -0.7
   184.6    2562.6   -0.6   -0.7
   185.1    2562.6   -0.6   -0.7
   165.6    2563.1   -0.2   -1.2
   166.1    2563.1   -0.2   -1.2
   166.6    2563.1   -0.2   -1.3
   167.1    2563.1   -0.2   -1.3
   167.6    2563.1   -0.2   -1.3
   168.1    2563.1   -0.2   -1.3
   168.6    2563.1   -0.2   -1.3
   169.1    2563.1   -0.2   -1.3
   169.6    2563.1   -0.3   -1.2
   170.1    2563.1   -0.3   -1.2
   170.6    2563.1   -0.3   -1.2
   171.1    2563.1   -0.3   -1.2
   171.6    2563.1   -0.4   -1.1
   172.1    2563.1   -0.4   -1.1
   172.6    2563.1   -0.4   -1.1
   173.1    2563.1   -0.4   -1.1
   173.6    2563.1   -0.4   -1.1
   174.1    2563.1   -0.4   -1.1
   174.6    2563.1   -0.4   -1.1
   175.1    2563.1   -0.5   -1.1
   175.6    2563.1   -0.5   -1.1
   176.1    2563.1   -0.5   -1.1
   176.6    2563.1   -0.5   -1.1
   177.1    2563.1   -0.5   -1.1
   177.6    2563.1   -0.5   -1.1
   178.1    2563.1   -0.6   -1.1
   178.6    2563.1   -0.6   -1.1
   179.1    2563.1   -0.6   -1.1
   179.6    2563.1   -0.6   -1.0
   180.1    2563.1   -0.6   -1.0
   180.6    2563.1   -0.6   -1.0
   181.1    2563.1   -0.6   -1.0
   181.6    2563.1   -0.6   -0.9
   182.1    2563.1   -0.5   -0.9
   182.6    2563.1   -0.5   -0.8
   183.1    2563.1   -0.5   -0.8
   183.6    2563.1   -0.5   -0.7
   184.1    2563.1   -0.6   -0.7
   184.6    2563.1   -0.6   -0.7
   185.1    2563.1   -0.6   -0.6
   165.6    2563.6   -0.2   -1.2
   166.1    2563.6   -0.2   -1.2
   166.6    2563.6   -0.2   -1.2
   167.1    2563.6   -0.2   -1.3
   167.6    2563.6   -0.2   -1.3
   168.1    2563.6   -0.2   -1.3
   168.6    2563.6   -0.2   -1.3
   169.1    2563.6   -0.2   -1.2
   169.6    2563.6   -0.3   -1.2
   170.1    2563.6   -0.3   -1.2
   170.6    2563.6   -0.3   -1.2
   171.1    2563.6   -0.3   -1.1
   171.6    2563.6   -0.3   -1.1
   172.1    2563.6   -0.4   -1.1
   172.6    2563.6   -0.4   -1.1
   173.1    2563.6   -0.4   -1.1
   173.6    2563.6   -0.4   -1.1
   174.1    2563.6   -0.4   -1.1
   174.6    2563.6   -0.4   -1.1
   175.1    2563.6   -0.4   -1.1
   175.6    2563.6   -0.5   -1.1
   176.1    2563.6   -0.5   -1.1
   176.6    2563.6   -0.5   -1.1
   177.1    2563.6   -0.5   -1.1
   177.6    2563.6   -0.5   -1.1
   178.1    2563.6   -0.5   -1.1
   178.6    2563.6   -0.5   -1.0
   179.1    2563.6   -0.5   -1.0
   179.6    2563.6   -0.5   -1.0
   180.1    2563.6   -0.5   -1.0
   180.6    2563.6   -0.5   -1.0
   181.1    2563.6   -0.5   -0.9
   181.6    2563.6   -0.5   -0.9
   182.1    2563.6   -0.5   -0.9
   182.6    2563.6   -0.5   -0.8
   183.1    2563.6   -0.5   -0.8
   183.6    2563.6   -0.5   -0.7
   184.1    2563.6   -0.5   -0.7
   184.6    2563.6   -0.5   -0.6
   185.1    2563.6   -0.5   -0.6
   165.6    2564.1   -0.2   -1.2
   166.1    2564.1   -0.2   -1.2
   166.6    2564.1   -0.2   -1.2
   167.1    2564.1   -0.2   -1.3
   167.6    2564.1   -0.2   -1.3
   168.1    2564.1   -0.2   -1.3
   168.6    2564.1   -0.2   -1.3
   169.1    2564.1   -0.2   -1.2
   169.6    2564.1   -0.3   -1.2
   170.1    2564.1   -0.3   -1.2
   170.6    2564.1   -0.3   -1.2
   171.1    2564.1   -0.3   -1.1
   171.6    2564.1   -0.3   -1.1
   172.1    2564.1   -0.3   -1.1
   172.6    2564.1   -0.4   -1.1
   173.1    2564.1   -0.4   -1.1
   173.6    2564.1   -0.4   -1.1
   174.1    2564.1   -0.4   -1.1
   174.6    2564.1   -0.4   -1.1
   175.1    2564.1   -0.4   -1.1
   175.6    2564.1   -0.4   -1.1
   176.1    2564.1   -0.4   -1.1
   176.6    2564.1   -0.4   -1.1
   177.1    2564.1   -0.5   -1.0
   177.6    2564.1   -0.5   -1.0
   178.1    2564.1   -0.5   -1.0
   178.6    2564.1   -0.5   -1.0
   179.1    2564.1   -0.5   -1.0
   179.6    2564.1   -0.5   -1.0
   180.1    2564.1   -0.5   -1.0
   180.6    2564.1   -0.5   -0.9
   181.1    2564.1   -0.5   -0.9
   181.6    2564.1   -0.5   -0.9
   182.1    2564.1   -0.5   -0.8
   182.6    2564.1   -0.5   -0.8
   183.1    2564.1   -0.5   -0.8
   183.6    2564.1   -0.5   -0.7
   184.1    2564.1   -0.5   -0.7
   184.6    2564.1   -0.5   -0.6
   185.1    2564.1   -0.5   -0.6
   165.6    2564.6   -0.3   -1.2
   166.1    2564.6   -0.2   -1.2
   166.6    2564.6   -0.2   -1.2
   167.1    2564.6   -0.2   -1.3
   167.6    2564.6   -0.2   -1.3
   168.1    2564.6   -0.2   -1.3
   168.6    2564.6   -0.2   -1.2
   169.1    2564.6   -0.2   -1.2
   169.6    2564.6   -0.3   -1.2
   170.1    2564.6   -0.3   -1.2
   170.6    2564.6   -0.3   -1.1
   171.1    2564.6   -0.3   -1.1
   171.6    2564.6   -0.3   -1.1
   172.1    2564.6   -0.3   -1.1
   172.6    2564.6   -0.3   -1.1
   173.1    2564.6   -0.3   -1.1
   173.6    2564.6   -0.3   -1.1
   174.1    2564.6   -0.4   -1.1
   174.6    2564.6   -0.4   -1.1
   175.1    2564.6   -0.4   -1.1
   175.6    2564.6   -0.4   -1.0
   176.1    2564.6   -0.4   -1.0
   176.6    2564.6   -0.4   -1.0
   177.1    2564.6   -0.4   -1.0
   177.6    2564.6   -0.4   -1.0
   178.1    2564.6   -0.4   -1.0
   178.6    2564.6   -0.5   -1.0
   179.1    2564.6   -0.5   -1.0
   179.6    2564.6   -0.5   -0.9
   180.1    2564.6   -0.5   -0.9
   180.6    2564.6   -0.5   -0.9
   181.1    2564.6   -0.5   -0.9
   181.6    2564.6   -0.4   -0.8
   182.1    2564.6   -0.4   -0.8
   182.6    2564.6   -0.4   -0.8
   183.1    2564.6   -0.5   -0.8
   183.6    2564.6   -0.5   -0.7
   184.1    2564.6   -0.5   -0.7
   184.6    2564.6   -0.5   -0.6
   185.1    2564.6   -0.5   -0.6
   165.6    2565.1   -0.3   -1.2
   166.1    2565.1   -0.3   -1.2
   166.6    2565.1   -0.2   -1.2
   167.1    2565.1   -0.2   -1.3
   167.6    2565.1   -0.2   -1.3
   168.1    2565.1   -0.2   -1.2
   168.6    2565.1   -0.2   -1.2
   169.1    2565.1   -0.2   -1.2
   169.6    2565.1   -0.3   -1.2
   170.1    2565.1   -0.3   -1.2
   170.6    2565.1   -0.3   -1.1
   171.1    2565.1   -0.3   -1.1
   171.6    2565.1   -0.3   -1.1
   172.1    2565.1   -0.3   -1.1
   172.6    2565.1   -0.3   -1.1
   173.1    2565.1   -0.3   -1.1
   173.6    2565.1   -0.3   -1.0
   174.1    2565.1   -0.3   -1.0
   174.6    2565.1   -0.3   -1.0
   175.1    2565.1   -0.3   -1.0
   175.6    2565.1   -0.4   -1.0
   176.1    2565.1   -0.4   -1.0
   176.6    2565.1   -0.4   -1.0
   177.1    2565.1   -0.4   -1.0
   177.6    2565.1   -0.4   -1.0
   178.1    2565.1   -0.4   -1.0
   178.6    2565.1   -0.4   -1.0
   179.1    2565.1   -0.4   -0.9
   179.6    2565.1   -0.4   -0.9
   180.1    2565.1   -0.4   -0.9
   180.6    2565.1   -0.4   -0.9
   181.1    2565.1   -0.4   -0.8
   181.6    2565.1   -0.4   -0.8
   182.1    2565.1   -0.4   -0.8
   182.6    2565.1   -0.4   -0.8
   183.1    2565.1   -0.4   -0.7
   183.6    2565.1   -0.4   -0.7
   184.1    2565.1   -0.4   -0.7
   184.6    2565.1   -0.5   -0.6
   185.1    2565.1   -0.5   -0.6
   165.6    2565.6   -0.3   -1.2
   166.1    2565.6   -0.3   -1.2
   166.6    2565.6   -0.3   -1.2
   167.1    2565.6   -0.2   -1.2
   167.6    2565.6   -0.2   -1.2
   168.1    2565.6   -0.2   -1.2
   168.6    2565.6   -0.2   -1.2
   169.1    2565.6   -0.3   -1.2
   169.6    2565.6   -0.3   -1.2
   170.1    2565.6   -0.3   -1.2
   170.6    2565.6   -0.3   -1.1
   171.1    2565.6   -0.3   -1.1
   171.6    2565.6   -0.3   -1.1
   172.1    2565.6   -0.3   -1.1
   172.6    2565.6   -0.3   -1.1
   173.1    2565.6   -0.3   -1.1
   173.6    2565.6   -0.3   -1.0
   174.1    2565.6   -0.3   -1.0
   174.6    2565.6   -0.3   -1.0
   175.1    2565.6   -0.3   -1.0
   175.6    2565.6   -0.3   -1.0
   176.1    2565.6   -0.3   -1.0
   176.6    2565.6   -0.4   -1.0
   177.1    2565.6   -0.4   -1.0
   177.6    2565.6   -0.4   -1.0
   178.1    2565.6   -0.4   -1.0
   178.6    2565.6   -0.4   -0.9
   179.1    2565.6   -0.4   -0.9
   179.6    2565.6   -0.4   -0.9
   180.1    2565.6   -0.4   -0.9
   180.6    2565.6   -0.4   -0.9
   181.1    2565.6   -0.4   -0.8
   181.6    2565.6   -0.4   -0.8
   182.1    2565.6   -0.4   -0.8
   182.6    2565.6   -0.4   -0.8
   183.1    2565.6   -0.4   -0.7
   183.6    2565.6   -0.4   -0.7
   184.1    2565.6   -0.4   -0.7
   184.6    2565.6   -0.4   -0.6
   185.1    2565.6   -0.4   -0.6
