   165.6    2546.1    1.7   -2.7
   166.1    2546.1    1.7   -2.6
   166.6    2546.1    1.7   -2.6
   167.1    2546.1    1.7   -2.6
   167.6    2546.1    1.7   -2.6
   168.1    2546.1    1.7   -2.7
   168.6    2546.1    1.7   -2.7
   169.1    2546.1    1.6   -2.7
   169.6    2546.1    1.6   -2.7
   170.1    2546.1    1.5   -2.6
   170.6    2546.1    1.4   -2.6
   171.1    2546.1    1.2   -2.6
   171.6    2546.1    1.1   -2.6
   172.1    2546.1    1.0   -2.5
   172.6    2546.1    1.0   -2.5
   173.1    2546.1    1.0   -2.5
   173.6    2546.1    1.0   -2.5
   174.1    2546.1    1.0   -2.6
   174.6    2546.1    1.1   -2.6
   175.1    2546.1    1.2   -2.7
   175.6    2546.1    1.3   -2.7
   176.1    2546.1    1.5   -2.8
   176.6    2546.1    1.6   -2.8
   177.1    2546.1    1.8   -2.8
   177.6    2546.1    1.9   -2.8
   178.1    2546.1    2.0   -2.8
   178.6    2546.1    2.0   -2.8
   179.1    2546.1    2.0   -2.7
   179.6    2546.1    1.9   -2.7
   180.1    2546.1    1.7   -2.6
   180.6    2546.1    1.5   -2.6
   181.1    2546.1    1.2   -2.5
   181.6    2546.1    1.0   -2.5
   182.1    2546.1    0.7   -2.4
   182.6    2546.1    0.5   -2.3
   183.1    2546.1    0.3   -2.2
   183.6    2546.1    0.1   -2.1
   184.1    2546.1    0.0   -1.9
   184.6    2546.1   -0.2   -1.8
   185.1    2546.1   -0.3   -1.6
   165.6    2546.6    1.6   -2.7
   166.1    2546.6    1.6   -2.7
   166.6    2546.6    1.7   -2.7
   167.1    2546.6    1.7   -2.6
   167.6    2546.6    1.7   -2.7
   168.1    2546.6    1.7   -2.7
   168.6    2546.6    1.7   -2.7
   169.1    2546.6    1.6   -2.7
   169.6    2546.6    1.6   -2.7
   170.1    2546.6    1.5   -2.6
   170.6    2546.6    1.4   -2.6
   171.1    2546.6    1.3   -2.6
   171.6    2546.6    1.2   -2.5
   172.1    2546.6    1.1   -2.5
   172.6    2546.6    1.0   -2.5
   173.1    2546.6    1.0   -2.5
   173.6    2546.6    1.0   -2.5
   174.1    2546.6    1.0   -2.6
   174.6    2546.6    1.1   -2.6
   175.1    2546.6    1.2   -2.7
   175.6    2546.6    1.4   -2.7
   176.1    2546.6    1.5   -2.8
   176.6    2546.6    1.6   -2.8
   177.1    2546.6    1.8   -2.8
   177.6    2546.6    1.9   -2.8
   178.1    2546.6    2.0   -2.8
   178.6    2546.6    2.0   -2.8
   179.1    2546.6    1.9   -2.7
   179.6    2546.6    1.8   -2.7
   180.1    2546.6    1.7   -2.6
   180.6    2546.6    1.5   -2.6
   181.1    2546.6    1.3   -2.6
   181.6    2546.6    1.0   -2.5
   182.1    2546.6    0.8   -2.4
   182.6    2546.6    0.6   -2.3
   183.1    2546.6    0.4   -2.2
   183.6    2546.6    0.2   -2.1
   184.1    2546.6    0.0   -2.0
   184.6    2546.6   -0.1   -1.8
   185.1    2546.6   -0.2   -1.7
   165.6    2547.1    1.6   -2.7
   166.1    2547.1    1.6   -2.7
   166.6    2547.1    1.6   -2.7
   167.1    2547.1    1.6   -2.7
   167.6    2547.1    1.6   -2.7
   168.1    2547.1    1.7   -2.7
   168.6    2547.1    1.7   -2.7
   169.1    2547.1    1.7   -2.7
   169.6    2547.1    1.6   -2.7
   170.1    2547.1    1.6   -2.6
   170.6    2547.1    1.5   -2.6
   171.1    2547.1    1.4   -2.6
   171.6    2547.1    1.3   -2.5
   172.1    2547.1    1.2   -2.5
   172.6    2547.1    1.1   -2.5
   173.1    2547.1    1.0   -2.5
   173.6    2547.1    1.0   -2.6
   174.1    2547.1    1.1   -2.6
   174.6    2547.1    1.1   -2.6
   175.1    2547.1    1.3   -2.7
   175.6    2547.1    1.4   -2.7
   176.1    2547.1    1.5   -2.8
   176.6    2547.1    1.6   -2.8
   177.1    2547.1    1.8   -2.8
   177.6    2547.1    1.9   -2.8
   178.1    2547.1    1.9   -2.8
   178.6    2547.1    1.9   -2.8
   179.1    2547.1    1.9   -2.8
   179.6    2547.1    1.8   -2.7
   180.1    2547.1    1.7   -2.7
   180.6    2547.1    1.5   -2.7
   181.1    2547.1    1.3   -2.6
   181.6    2547.1    1.1   -2.6
   182.1    2547.1    0.9   -2.5
   182.6    2547.1    0.7   -2.4
   183.1    2547.1    0.5   -2.3
   183.6    2547.1    0.3   -2.2
   184.1    2547.1    0.1   -2.0
   184.6    2547.1    0.0   -1.8
   185.1    2547.1   -0.1   -1.7
   165.6    2547.6    1.6   -2.7
   166.1    2547.6    1.6   -2.7
   166.6    2547.6    1.6   -2.7
   167.1    2547.6    1.6   -2.7
   167.6    2547.6    1.6   -2.7
   168.1    2547.6    1.7   -2.7
   168.6    2547.6    1.7   -2.7
   169.1    2547.6    1.7   -2.7
   169.6    2547.6    1.7   -2.7
   170.1    2547.6    1.6   -2.6
   170.6    2547.6    1.5   -2.6
   171.1    2547.6    1.4   -2.6
   171.6    2547.6    1.3   -2.6
   172.1    2547.6    1.2   -2.5
   172.6    2547.6    1.1   -2.6
   173.1    2547.6    1.1   -2.6
   173.6    2547.6    1.1   -2.6
   174.1    2547.6    1.1   -2.6
   174.6    2547.6    1.2   -2.7
   175.1    2547.6    1.3   -2.7
   175.6    2547.6    1.4   -2.8
   176.1    2547.6    1.5   -2.8
   176.6    2547.6    1.6   -2.8
   177.1    2547.6    1.8   -2.8
   177.6    2547.6    1.8   -2.8
   178.1    2547.6    1.9   -2.8
   178.6    2547.6    1.9   -2.8
   179.1    2547.6    1.8   -2.8
   179.6    2547.6    1.8   -2.7
   180.1    2547.6    1.6   -2.7
   180.6    2547.6    1.5   -2.7
   181.1    2547.6    1.3   -2.7
   181.6    2547.6    1.1   -2.6
   182.1    2547.6    1.0   -2.6
   182.6    2547.6    0.8   -2.5
   183.1    2547.6    0.6   -2.4
   183.6    2547.6    0.4   -2.2
   184.1    2547.6    0.3   -2.1
   184.6    2547.6    0.1   -1.9
   185.1    2547.6    0.0   -1.8
   165.6    2548.1    1.5   -2.7
   166.1    2548.1    1.5   -2.7
   166.6    2548.1    1.5   -2.7
   167.1    2548.1    1.6   -2.7
   167.6    2548.1    1.6   -2.7
   168.1    2548.1    1.7   -2.7
   168.6    2548.1    1.7   -2.7
   169.1    2548.1    1.7   -2.7
   169.6    2548.1    1.7   -2.6
   170.1    2548.1    1.6   -2.6
   170.6    2548.1    1.6   -2.6
   171.1    2548.1    1.5   -2.6
   171.6    2548.1    1.4   -2.6
   172.1    2548.1    1.3   -2.6
   172.6    2548.1    1.2   -2.6
   173.1    2548.1    1.1   -2.6
   173.6    2548.1    1.1   -2.6
   174.1    2548.1    1.1   -2.7
   174.6    2548.1    1.2   -2.7
   175.1    2548.1    1.3   -2.7
   175.6    2548.1    1.4   -2.8
   176.1    2548.1    1.6   -2.8
   176.6    2548.1    1.7   -2.8
   177.1    2548.1    1.8   -2.8
   177.6    2548.1    1.8   -2.8
   178.1    2548.1    1.9   -2.8
   178.6    2548.1    1.8   -2.8
   179.1    2548.1    1.8   -2.8
   179.6    2548.1    1.7   -2.8
   180.1    2548.1    1.6   -2.8
   180.6    2548.1    1.5   -2.8
   181.1    2548.1    1.3   -2.8
   181.6    2548.1    1.2   -2.7
   182.1    2548.1    1.1   -2.7
   182.6    2548.1    0.9   -2.6
   183.1    2548.1    0.7   -2.4
   183.6    2548.1    0.6   -2.3
   184.1    2548.1    0.4   -2.1
   184.6    2548.1    0.2   -2.0
   185.1    2548.1    0.1   -1.8
   165.6    2548.6    1.5   -2.7
   166.1    2548.6    1.5   -2.7
   166.6    2548.6    1.5   -2.7
   167.1    2548.6    1.6   -2.7
   167.6    2548.6    1.6   -2.7
   168.1    2548.6    1.7   -2.7
   168.6    2548.6    1.7   -2.7
   169.1    2548.6    1.7   -2.7
   169.6    2548.6    1.7   -2.6
   170.1    2548.6    1.7   -2.6
   170.6    2548.6    1.6   -2.6
   171.1    2548.6    1.5   -2.6
   171.6    2548.6    1.4   -2.6
   172.1    2548.6    1.3   -2.6
   172.6    2548.6    1.2   -2.6
   173.1    2548.6    1.2   -2.7
   173.6    2548.6    1.2   -2.7
   174.1    2548.6    1.2   -2.7
   174.6    2548.6    1.3   -2.8
   175.1    2548.6    1.4   -2.8
   175.6    2548.6    1.5   -2.8
   176.1    2548.6    1.6   -2.8
   176.6    2548.6    1.7   -2.8
   177.1    2548.6    1.8   -2.8
   177.6    2548.6    1.8   -2.8
   178.1    2548.6    1.8   -2.8
   178.6    2548.6    1.8   -2.8
   179.1    2548.6    1.7   -2.8
   179.6    2548.6    1.7   -2.8
   180.1    2548.6    1.6   -2.8
   180.6    2548.6    1.5   -2.8
   181.1    2548.6    1.4   -2.8
   181.6    2548.6    1.3   -2.8
   182.1    2548.6    1.1   -2.7
   182.6    2548.6    1.0   -2.6
   183.1    2548.6    0.9   -2.5
   183.6    2548.6    0.7   -2.4
   184.1    2548.6    0.5   -2.2
   184.6    2548.6    0.4   -2.0
   185.1    2548.6    0.3   -1.9
   165.6    2549.1    1.5   -2.7
   166.1    2549.1    1.5   -2.7
   166.6    2549.1    1.5   -2.7
   167.1    2549.1    1.6   -2.7
   167.6    2549.1    1.6   -2.7
   168.1    2549.1    1.7   -2.7
   168.6    2549.1    1.7   -2.6
   169.1    2549.1    1.8   -2.6
   169.6    2549.1    1.8   -2.6
   170.1    2549.1    1.7   -2.6
   170.6    2549.1    1.7   -2.6
   171.1    2549.1    1.6   -2.6
   171.6    2549.1    1.5   -2.6
   172.1    2549.1    1.4   -2.6
   172.6    2549.1    1.3   -2.7
   173.1    2549.1    1.2   -2.7
   173.6    2549.1    1.2   -2.7
   174.1    2549.1    1.3   -2.8
   174.6    2549.1    1.3   -2.8
   175.1    2549.1    1.4   -2.8
   175.6    2549.1    1.5   -2.8
   176.1    2549.1    1.6   -2.8
   176.6    2549.1    1.7   -2.8
   177.1    2549.1    1.8   -2.8
   177.6    2549.1    1.8   -2.8
   178.1    2549.1    1.8   -2.8
   178.6    2549.1    1.8   -2.8
   179.1    2549.1    1.7   -2.8
   179.6    2549.1    1.6   -2.8
   180.1    2549.1    1.5   -2.8
   180.6    2549.1    1.4   -2.9
   181.1    2549.1    1.4   -2.9
   181.6    2549.1    1.3   -2.8
   182.1    2549.1    1.2   -2.8
   182.6    2549.1    1.1   -2.7
   183.1    2549.1    1.0   -2.6
   183.6    2549.1    0.9   -2.5
   184.1    2549.1    0.7   -2.3
   184.6    2549.1    0.5   -2.1
   185.1    2549.1    0.4   -2.0
   165.6    2549.6    1.5   -2.6
   166.1    2549.6    1.5   -2.7
   166.6    2549.6    1.5   -2.7
   167.1    2549.6    1.6   -2.7
   167.6    2549.6    1.7   -2.7
   168.1    2549.6    1.7   -2.6
   168.6    2549.6    1.8   -2.6
   169.1    2549.6    1.8   -2.6
   169.6    2549.6    1.8   -2.6
   170.1    2549.6    1.7   -2.6
   170.6    2549.6    1.7   -2.6
   171.1    2549.6    1.6   -2.6
   171.6    2549.6    1.5   -2.7
   172.1    2549.6    1.4   -2.7
   172.6    2549.6    1.3   -2.7
   173.1    2549.6    1.3   -2.8
   173.6    2549.6    1.3   -2.8
   174.1    2549.6    1.3   -2.8
   174.6    2549.6    1.4   -2.9
   175.1    2549.6    1.5   -2.9
   175.6    2549.6    1.6   -2.9
   176.1    2549.6    1.7   -2.9
   176.6    2549.6    1.8   -2.9
   177.1    2549.6    1.8   -2.8
   177.6    2549.6    1.8   -2.8
   178.1    2549.6    1.8   -2.8
   178.6    2549.6    1.7   -2.8
   179.1    2549.6    1.6   -2.8
   179.6    2549.6    1.6   -2.8
   180.1    2549.6    1.5   -2.9
   180.6    2549.6    1.4   -2.9
   181.1    2549.6    1.4   -2.9
   181.6    2549.6    1.3   -2.9
   182.1    2549.6    1.3   -2.8
   182.6    2549.6    1.2   -2.8
   183.1    2549.6    1.1   -2.7
   183.6    2549.6    1.0   -2.6
   184.1    2549.6    0.9   -2.4
   184.6    2549.6    0.7   -2.2
   185.1    2549.6    0.6   -2.0
   165.6    2550.1    1.5   -2.6
   166.1    2550.1    1.5   -2.6
   166.6    2550.1    1.6   -2.7
   167.1    2550.1    1.6   -2.7
   167.6    2550.1    1.7   -2.7
   168.1    2550.1    1.7   -2.6
   168.6    2550.1    1.8   -2.6
   169.1    2550.1    1.8   -2.6
   169.6    2550.1    1.8   -2.6
   170.1    2550.1    1.7   -2.6
   170.6    2550.1    1.7   -2.6
   171.1    2550.1    1.6   -2.7
   171.6    2550.1    1.5   -2.7
   172.1    2550.1    1.4   -2.8
   172.6    2550.1    1.4   -2.8
   173.1    2550.1    1.3   -2.8
   173.6    2550.1    1.3   -2.9
   174.1    2550.1    1.4   -2.9
   174.6    2550.1    1.5   -2.9
   175.1    2550.1    1.6   -2.9
   175.6    2550.1    1.6   -2.9
   176.1    2550.1    1.7   -2.9
   176.6    2550.1    1.8   -2.9
   177.1    2550.1    1.8   -2.8
   177.6    2550.1    1.8   -2.8
   178.1    2550.1    1.7   -2.8
   178.6    2550.1    1.7   -2.8
   179.1    2550.1    1.6   -2.8
   179.6    2550.1    1.5   -2.9
   180.1    2550.1    1.5   -2.9
   180.6    2550.1    1.4   -2.9
   181.1    2550.1    1.4   -2.9
   181.6    2550.1    1.4   -2.9
   182.1    2550.1    1.3   -2.9
   182.6    2550.1    1.3   -2.8
   183.1    2550.1    1.2   -2.7
   183.6    2550.1    1.1   -2.6
   184.1    2550.1    1.0   -2.5
   184.6    2550.1    0.9   -2.3
   185.1    2550.1    0.7   -2.1
   165.6    2550.6    1.5   -2.6
   166.1    2550.6    1.6   -2.6
   166.6    2550.6    1.6   -2.6
   167.1    2550.6    1.7   -2.7
   167.6    2550.6    1.7   -2.6
   168.1    2550.6    1.8   -2.6
   168.6    2550.6    1.8   -2.6
   169.1    2550.6    1.8   -2.6
   169.6    2550.6    1.8   -2.6
   170.1    2550.6    1.7   -2.6
   170.6    2550.6    1.6   -2.6
   171.1    2550.6    1.6   -2.7
   171.6    2550.6    1.5   -2.7
   172.1    2550.6    1.4   -2.8
   172.6    2550.6    1.4   -2.9
   173.1    2550.6    1.4   -2.9
   173.6    2550.6    1.4   -2.9
   174.1    2550.6    1.5   -2.9
   174.6    2550.6    1.5   -2.9
   175.1    2550.6    1.6   -2.9
   175.6    2550.6    1.7   -2.9
   176.1    2550.6    1.7   -2.9
   176.6    2550.6    1.8   -2.9
   177.1    2550.6    1.7   -2.8
   177.6    2550.6    1.7   -2.8
   178.1    2550.6    1.7   -2.8
   178.6    2550.6    1.6   -2.8
   179.1    2550.6    1.5   -2.9
   179.6    2550.6    1.5   -2.9
   180.1    2550.6    1.5   -2.9
   180.6    2550.6    1.4   -2.9
   181.1    2550.6    1.4   -2.9
   181.6    2550.6    1.4   -2.9
   182.1    2550.6    1.4   -2.9
   182.6    2550.6    1.4   -2.9
   183.1    2550.6    1.3   -2.8
   183.6    2550.6    1.3   -2.7
   184.1    2550.6    1.2   -2.5
   184.6    2550.6    1.0   -2.4
   185.1    2550.6    0.9   -2.2
   165.6    2551.1    1.6   -2.6
   166.1    2551.1    1.6   -2.6
   166.6    2551.1    1.7   -2.6
   167.1    2551.1    1.7   -2.6
   167.6    2551.1    1.7   -2.6
   168.1    2551.1    1.8   -2.6
   168.6    2551.1    1.8   -2.6
   169.1    2551.1    1.8   -2.6
   169.6    2551.1    1.7   -2.6
   170.1    2551.1    1.7   -2.6
   170.6    2551.1    1.6   -2.6
   171.1    2551.1    1.5   -2.7
   171.6    2551.1    1.5   -2.8
   172.1    2551.1    1.5   -2.9
   172.6    2551.1    1.4   -2.9
   173.1    2551.1    1.4   -3.0
   173.6    2551.1    1.5   -3.0
   174.1    2551.1    1.5   -3.0
   174.6    2551.1    1.6   -3.0
   175.1    2551.1    1.6   -2.9
   175.6    2551.1    1.7   -2.9
   176.1    2551.1    1.7   -2.9
   176.6    2551.1    1.7   -2.9
   177.1    2551.1    1.7   -2.8
   177.6    2551.1    1.6   -2.8
   178.1    2551.1    1.6   -2.8
   178.6    2551.1    1.5   -2.9
   179.1    2551.1    1.5   -2.9
   179.6    2551.1    1.5   -2.9
   180.1    2551.1    1.4   -3.0
   180.6    2551.1    1.4   -3.0
   181.1    2551.1    1.4   -3.0
   181.6    2551.1    1.4   -2.9
   182.1    2551.1    1.4   -2.9
   182.6    2551.1    1.4   -2.9
   183.1    2551.1    1.4   -2.8
   183.6    2551.1    1.4   -2.7
   184.1    2551.1    1.3   -2.6
   184.6    2551.1    1.2   -2.4
   185.1    2551.1    1.0   -2.3
   165.6    2551.6    1.6   -2.6
   166.1    2551.6    1.7   -2.6
   166.6    2551.6    1.7   -2.6
   167.1    2551.6    1.7   -2.6
   167.6    2551.6    1.7   -2.6
   168.1    2551.6    1.8   -2.6
   168.6    2551.6    1.8   -2.6
   169.1    2551.6    1.7   -2.6
   169.6    2551.6    1.7   -2.6
   170.1    2551.6    1.6   -2.6
   170.6    2551.6    1.6   -2.7
   171.1    2551.6    1.5   -2.7
   171.6    2551.6    1.5   -2.8
   172.1    2551.6    1.5   -2.9
   172.6    2551.6    1.5   -3.0
   173.1    2551.6    1.5   -3.0
   173.6    2551.6    1.5   -3.0
   174.1    2551.6    1.6   -3.0
   174.6    2551.6    1.6   -3.0
   175.1    2551.6    1.6   -3.0
   175.6    2551.6    1.7   -2.9
   176.1    2551.6    1.6   -2.9
   176.6    2551.6    1.6   -2.9
   177.1    2551.6    1.6   -2.9
   177.6    2551.6    1.6   -2.8
   178.1    2551.6    1.5   -2.9
   178.6    2551.6    1.5   -2.9
   179.1    2551.6    1.5   -2.9
   179.6    2551.6    1.4   -3.0
   180.1    2551.6    1.4   -3.0
   180.6    2551.6    1.4   -3.0
   181.1    2551.6    1.4   -3.0
   181.6    2551.6    1.5   -2.9
   182.1    2551.6    1.5   -2.9
   182.6    2551.6    1.5   -2.9
   183.1    2551.6    1.5   -2.8
   183.6    2551.6    1.5   -2.8
   184.1    2551.6    1.4   -2.7
   184.6    2551.6    1.3   -2.5
   185.1    2551.6    1.2   -2.4
   165.6    2552.1    1.7   -2.7
   166.1    2552.1    1.7   -2.6
   166.6    2552.1    1.7   -2.6
   167.1    2552.1    1.7   -2.6
   167.6    2552.1    1.7   -2.6
   168.1    2552.1    1.7   -2.6
   168.6    2552.1    1.7   -2.6
   169.1    2552.1    1.7   -2.6
   169.6    2552.1    1.6   -2.6
   170.1    2552.1    1.6   -2.6
   170.6    2552.1    1.5   -2.7
   171.1    2552.1    1.5   -2.8
   171.6    2552.1    1.5   -2.8
   172.1    2552.1    1.5   -2.9
   172.6    2552.1    1.5   -3.0
   173.1    2552.1    1.5   -3.0
   173.6    2552.1    1.5   -3.0
   174.1    2552.1    1.6   -3.0
   174.6    2552.1    1.6   -3.0
   175.1    2552.1    1.6   -3.0
   175.6    2552.1    1.6   -2.9
   176.1    2552.1    1.6   -2.9
   176.6    2552.1    1.5   -2.9
   177.1    2552.1    1.5   -2.9
   177.6    2552.1    1.5   -2.9
   178.1    2552.1    1.4   -2.9
   178.6    2552.1    1.4   -2.9
   179.1    2552.1    1.4   -2.9
   179.6    2552.1    1.4   -3.0
   180.1    2552.1    1.4   -3.0
   180.6    2552.1    1.4   -3.0
   181.1    2552.1    1.5   -3.0
   181.6    2552.1    1.5   -2.9
   182.1    2552.1    1.5   -2.9
   182.6    2552.1    1.6   -2.9
   183.1    2552.1    1.6   -2.9
   183.6    2552.1    1.6   -2.8
   184.1    2552.1    1.5   -2.7
   184.6    2552.1    1.4   -2.5
   185.1    2552.1    1.3   -2.4
   165.6    2552.6    1.7   -2.7
   166.1    2552.6    1.7   -2.6
   166.6    2552.6    1.7   -2.6
   167.1    2552.6    1.7   -2.6
   167.6    2552.6    1.7   -2.6
   168.1    2552.6    1.7   -2.6
   168.6    2552.6    1.7   -2.6
   169.1    2552.6    1.6   -2.6
   169.6    2552.6    1.6   -2.6
   170.1    2552.6    1.5   -2.6
   170.6    2552.6    1.5   -2.7
   171.1    2552.6    1.5   -2.8
   171.6    2552.6    1.5   -2.8
   172.1    2552.6    1.5   -2.9
   172.6    2552.6    1.5   -3.0
   173.1    2552.6    1.5   -3.0
   173.6    2552.6    1.5   -3.0
   174.1    2552.6    1.6   -3.0
   174.6    2552.6    1.6   -3.0
   175.1    2552.6    1.5   -3.0
   175.6    2552.6    1.5   -2.9
   176.1    2552.6    1.4   -2.9
   176.6    2552.6    1.4   -2.9
   177.1    2552.6    1.4   -2.9
   177.6    2552.6    1.4   -2.9
   178.1    2552.6    1.4   -2.9
   178.6    2552.6    1.4   -2.9
   179.1    2552.6    1.4   -3.0
   179.6    2552.6    1.4   -3.0
   180.1    2552.6    1.4   -3.0
   180.6    2552.6    1.5   -3.0
   181.1    2552.6    1.5   -2.9
   181.6    2552.6    1.5   -2.9
   182.1    2552.6    1.6   -2.9
   182.6    2552.6    1.6   -2.9
   183.1    2552.6    1.6   -2.9
   183.6    2552.6    1.6   -2.8
   184.1    2552.6    1.6   -2.7
   184.6    2552.6    1.5   -2.6
   185.1    2552.6    1.4   -2.5
   165.6    2553.1    1.7   -2.7
   166.1    2553.1    1.7   -2.6
   166.6    2553.1    1.7   -2.6
   167.1    2553.1    1.7   -2.6
   167.6    2553.1    1.7   -2.6
   168.1    2553.1    1.7   -2.6
   168.6    2553.1    1.7   -2.6
   169.1    2553.1    1.6   -2.6
   169.6    2553.1    1.6   -2.6
   170.1    2553.1    1.5   -2.7
   170.6    2553.1    1.5   -2.7
   171.1    2553.1    1.5   -2.8
   171.6    2553.1    1.5   -2.8
   172.1    2553.1    1.5   -2.9
   172.6    2553.1    1.5   -2.9
   173.1    2553.1    1.5   -3.0
   173.6    2553.1    1.5   -3.0
   174.1    2553.1    1.5   -3.0
   174.6    2553.1    1.5   -3.0
   175.1    2553.1    1.4   -2.9
   175.6    2553.1    1.4   -2.9
   176.1    2553.1    1.3   -2.9
   176.6    2553.1    1.2   -2.9
   177.1    2553.1    1.2   -2.9
   177.6    2553.1    1.3   -2.9
   178.1    2553.1    1.3   -3.0
   178.6    2553.1    1.4   -3.0
   179.1    2553.1    1.4   -3.0
   179.6    2553.1    1.4   -3.0
   180.1    2553.1    1.5   -3.0
   180.6    2553.1    1.5   -3.0
   181.1    2553.1    1.5   -2.9
   181.6    2553.1    1.6   -2.9
   182.1    2553.1    1.6   -2.9
   182.6    2553.1    1.7   -2.9
   183.1    2553.1    1.7   -2.9
   183.6    2553.1    1.7   -2.8
   184.1    2553.1    1.7   -2.7
   184.6    2553.1    1.6   -2.6
   185.1    2553.1    1.6   -2.5
   165.6    2553.6    1.7   -2.7
   166.1    2553.6    1.7   -2.6
   166.6    2553.6    1.7   -2.6
   167.1    2553.6    1.7   -2.6
   167.6    2553.6    1.7   -2.6
   168.1    2553.6    1.7   -2.6
   168.6    2553.6    1.6   -2.6
   169.1    2553.6    1.6   -2.6
   169.6    2553.6    1.5   -2.7
   170.1    2553.6    1.5   -2.7
   170.6    2553.6    1.5   -2.7
   171.1    2553.6    1.5   -2.8
   171.6    2553.6    1.5   -2.8
   172.1    2553.6    1.5   -2.9
   172.6    2553.6    1.5   -2.9
   173.1    2553.6    1.5   -3.0
   173.6    2553.6    1.5   -3.0
   174.1    2553.6    1.5   -3.0
   174.6    2553.6    1.4   -3.0
   175.1    2553.6    1.3   -2.9
   175.6    2553.6    1.2   -2.9
   176.1    2553.6    1.1   -2.9
   176.6    2553.6    1.1   -2.8
   177.1    2553.6    1.1   -2.9
   177.6    2553.6    1.2   -2.9
   178.1    2553.6    1.3   -3.0
   178.6    2553.6    1.4   -3.0
   179.1    2553.6    1.4   -3.1
   179.6    2553.6    1.5   -3.0
   180.1    2553.6    1.5   -3.0
   180.6    2553.6    1.5   -3.0
   181.1    2553.6    1.6   -2.9
   181.6    2553.6    1.6   -2.9
   182.1    2553.6    1.6   -2.9
   182.6    2553.6    1.7   -2.9
   183.1    2553.6    1.7   -2.8
   183.6    2553.6    1.7   -2.8
   184.1    2553.6    1.7   -2.7
   184.6    2553.6    1.7   -2.6
   185.1    2553.6    1.7   -2.6
   165.6    2554.1    1.7   -2.7
   166.1    2554.1    1.7   -2.6
   166.6    2554.1    1.7   -2.6
   167.1    2554.1    1.7   -2.6
   167.6    2554.1    1.6   -2.6
   168.1    2554.1    1.6   -2.7
   168.6    2554.1    1.6   -2.6
   169.1    2554.1    1.5   -2.7
   169.6    2554.1    1.5   -2.7
   170.1    2554.1    1.5   -2.7
   170.6    2554.1    1.5   -2.8
   171.1    2554.1    1.5   -2.8
   171.6    2554.1    1.5   -2.8
   172.1    2554.1    1.5   -2.9
   172.6    2554.1    1.5   -2.9
   173.1    2554.1    1.5   -2.9
   173.6    2554.1    1.5   -3.0
   174.1    2554.1    1.4   -3.0
   174.6    2554.1    1.3   -3.0
   175.1    2554.1    1.3   -2.9
   175.6    2554.1    1.1   -2.9
   176.1    2554.1    1.0   -2.8
   176.6    2554.1    0.9   -2.8
   177.1    2554.1    1.0   -2.9
   177.6    2554.1    1.2   -3.0
   178.1    2554.1    1.3   -3.1
   178.6    2554.1    1.4   -3.1
   179.1    2554.1    1.5   -3.1
   179.6    2554.1    1.5   -3.1
   180.1    2554.1    1.5   -3.1
   180.6    2554.1    1.6   -3.0
   181.1    2554.1    1.6   -3.0
   181.6    2554.1    1.6   -2.9
   182.1    2554.1    1.6   -2.9
   182.6    2554.1    1.7   -2.9
   183.1    2554.1    1.7   -2.8
   183.6    2554.1    1.8   -2.8
   184.1    2554.1    1.8   -2.7
   184.6    2554.1    1.8   -2.6
   185.1    2554.1    1.8   -2.6
   165.6    2554.6    1.6   -2.7
   166.1    2554.6    1.6   -2.6
   166.6    2554.6    1.6   -2.6
   167.1    2554.6    1.6   -2.6
   167.6    2554.6    1.6   -2.7
   168.1    2554.6    1.6   -2.7
   168.6    2554.6    1.6   -2.7
   169.1    2554.6    1.5   -2.7
   169.6    2554.6    1.5   -2.7
   170.1    2554.6    1.5   -2.7
   170.6    2554.6    1.5   -2.8
   171.1    2554.6    1.5   -2.8
   171.6    2554.6    1.5   -2.8
   172.1    2554.6    1.5   -2.9
   172.6    2554.6    1.5   -2.9
   173.1    2554.6    1.4   -2.9
   173.6    2554.6    1.4   -3.0
   174.1    2554.6    1.3   -3.0
   174.6    2554.6    1.3   -3.0
   175.1    2554.6    1.2   -3.0
   175.6    2554.6    1.1   -2.9
   176.1    2554.6    1.0   -2.9
   176.6    2554.6    1.0   -2.9
   177.1    2554.6    1.1   -3.0
   177.6    2554.6    1.2   -3.2
   178.1    2554.6    1.4   -3.3
   178.6    2554.6    1.5   -3.3
   179.1    2554.6    1.5   -3.3
   179.6    2554.6    1.6   -3.2
   180.1    2554.6    1.6   -3.1
   180.6    2554.6    1.6   -3.0
   181.1    2554.6    1.6   -3.0
   181.6    2554.6    1.6   -2.9
   182.1    2554.6    1.7   -2.9
   182.6    2554.6    1.7   -2.8
   183.1    2554.6    1.8   -2.8
   183.6    2554.6    1.8   -2.8
   184.1    2554.6    1.8   -2.7
   184.6    2554.6    1.9   -2.6
   185.1    2554.6    1.9   -2.6
   165.6    2555.1    1.6   -2.7
   166.1    2555.1    1.6   -2.7
   166.6    2555.1    1.6   -2.6
   167.1    2555.1    1.6   -2.6
   167.6    2555.1    1.6   -2.7
   168.1    2555.1    1.6   -2.7
   168.6    2555.1    1.5   -2.7
   169.1    2555.1    1.5   -2.7
   169.6    2555.1    1.5   -2.7
   170.1    2555.1    1.5   -2.7
   170.6    2555.1    1.5   -2.8
   171.1    2555.1    1.5   -2.8
   171.6    2555.1    1.5   -2.8
   172.1    2555.1    1.5   -2.9
   172.6    2555.1    1.5   -2.9
   173.1    2555.1    1.4   -2.9
   173.6    2555.1    1.4   -3.0
   174.1    2555.1    1.3   -3.0
   174.6    2555.1    1.2   -3.0
   175.1    2555.1    1.1   -3.0
   175.6    2555.1    1.1   -3.0
   176.1    2555.1    1.1   -3.1
   176.6    2555.1    1.2   -3.2
   177.1    2555.1    1.3   -3.4
   177.6    2555.1    1.4   -3.6
   178.1    2555.1    1.5   -3.6
   178.6    2555.1    1.6   -3.5
   179.1    2555.1    1.6   -3.4
   179.6    2555.1    1.6   -3.3
   180.1    2555.1    1.6   -3.2
   180.6    2555.1    1.6   -3.1
   181.1    2555.1    1.6   -3.0
   181.6    2555.1    1.7   -2.9
   182.1    2555.1    1.7   -2.9
   182.6    2555.1    1.7   -2.9
   183.1    2555.1    1.8   -2.8
   183.6    2555.1    1.8   -2.8
   184.1    2555.1    1.9   -2.7
   184.6    2555.1    1.9   -2.6
   185.1    2555.1    1.9   -2.6
   165.6    2555.6    1.6   -2.7
   166.1    2555.6    1.6   -2.6
   166.6    2555.6    1.6   -2.6
   167.1    2555.6    1.6   -2.6
   167.6    2555.6    1.6   -2.6
   168.1    2555.6    1.5   -2.7
   168.6    2555.6    1.5   -2.7
   169.1    2555.6    1.5   -2.7
   169.6    2555.6    1.5   -2.7
   170.1    2555.6    1.5   -2.7
   170.6    2555.6    1.5   -2.8
   171.1    2555.6    1.5   -2.8
   171.6    2555.6    1.5   -2.8
   172.1    2555.6    1.5   -2.9
   172.6    2555.6    1.5   -2.9
   173.1    2555.6    1.4   -2.9
   173.6    2555.6    1.3   -2.9
   174.1    2555.6    1.2   -3.0
   174.6    2555.6    1.1   -3.0
   175.1    2555.6    1.1   -3.0
   175.6    2555.6    1.1   -3.1
   176.1    2555.6    1.3   -3.3
   176.6    2555.6    1.4   -3.6
   177.1    2555.6    1.6   -4.0
   177.6    2555.6    1.7   -4.1
   178.1    2555.6    1.7   -4.0
   178.6    2555.6    1.7   -3.8
   179.1    2555.6    1.7   -3.6
   179.6    2555.6    1.7   -3.4
   180.1    2555.6    1.7   -3.2
   180.6    2555.6    1.7   -3.1
   181.1    2555.6    1.7   -3.0
   181.6    2555.6    1.7   -3.0
   182.1    2555.6    1.7   -2.9
   182.6    2555.6    1.8   -2.9
   183.1    2555.6    1.8   -2.8
   183.6    2555.6    1.9   -2.8
   184.1    2555.6    2.0   -2.7
   184.6    2555.6    2.0   -2.6
   185.1    2555.6    2.0   -2.5
   165.6    2556.1    1.6   -2.7
   166.1    2556.1    1.6   -2.6
   166.6    2556.1    1.6   -2.6
   167.1    2556.1    1.5   -2.6
   167.6    2556.1    1.5   -2.6
   168.1    2556.1    1.5   -2.6
   168.6    2556.1    1.5   -2.7
   169.1    2556.1    1.5   -2.7
   169.6    2556.1    1.5   -2.7
   170.1    2556.1    1.5   -2.7
   170.6    2556.1    1.5   -2.8
   171.1    2556.1    1.5   -2.8
   171.6    2556.1    1.5   -2.9
   172.1    2556.1    1.5   -2.9
   172.6    2556.1    1.5   -2.9
   173.1    2556.1    1.4   -2.9
   173.6    2556.1    1.3   -2.9
   174.1    2556.1    1.2   -2.9
   174.6    2556.1    1.1   -2.9
   175.1    2556.1    1.0   -3.0
   175.6    2556.1    1.1   -3.1
   176.1    2556.1    1.4   -3.5
   176.6    2556.1    1.7   -4.0
   177.1    2556.1    1.9   -4.4
   177.6    2556.1    2.0   -4.5
   178.1    2556.1    1.9   -4.3
   178.6    2556.1    1.8   -4.0
   179.1    2556.1    1.8   -3.7
   179.6    2556.1    1.8   -3.4
   180.1    2556.1    1.7   -3.3
   180.6    2556.1    1.7   -3.1
   181.1    2556.1    1.7   -3.1
   181.6    2556.1    1.7   -3.0
   182.1    2556.1    1.8   -2.9
   182.6    2556.1    1.8   -2.9
   183.1    2556.1    1.9   -2.8
   183.6    2556.1    2.0   -2.8
   184.1    2556.1    2.0   -2.7
   184.6    2556.1    2.1   -2.6
   185.1    2556.1    2.1   -2.5
   165.6    2556.6    1.6   -2.6
   166.1    2556.6    1.5   -2.6
   166.6    2556.6    1.5   -2.6
   167.1    2556.6    1.5   -2.6
   167.6    2556.6    1.5   -2.6
   168.1    2556.6    1.5   -2.6
   168.6    2556.6    1.5   -2.6
   169.1    2556.6    1.5   -2.7
   169.6    2556.6    1.5   -2.7
   170.1    2556.6    1.5   -2.7
   170.6    2556.6    1.5   -2.8
   171.1    2556.6    1.5   -2.8
   171.6    2556.6    1.5   -2.9
   172.1    2556.6    1.5   -2.9
   172.6    2556.6    1.5   -2.9
   173.1    2556.6    1.4   -2.9
   173.6    2556.6    1.3   -2.9
   174.1    2556.6    1.2   -2.9
   174.6    2556.6    1.1   -2.9
   175.1    2556.6    1.1   -3.0
   175.6    2556.6    1.2   -3.2
   176.1    2556.6    1.4   -3.5
   176.6    2556.6    1.7   -4.1
   177.1    2556.6    1.9   -4.5
   177.6    2556.6    2.0   -4.6
   178.1    2556.6    2.0   -4.3
   178.6    2556.6    1.9   -4.0
   179.1    2556.6    1.8   -3.7
   179.6    2556.6    1.8   -3.5
   180.1    2556.6    1.8   -3.3
   180.6    2556.6    1.8   -3.2
   181.1    2556.6    1.8   -3.1
   181.6    2556.6    1.8   -3.0
   182.1    2556.6    1.8   -2.9
   182.6    2556.6    1.9   -2.9
   183.1    2556.6    2.0   -2.8
   183.6    2556.6    2.0   -2.7
   184.1    2556.6    2.1   -2.7
   184.6    2556.6    2.2   -2.6
   185.1    2556.6    2.2   -2.5
   165.6    2557.1    1.5   -2.6
   166.1    2557.1    1.5   -2.6
   166.6    2557.1    1.5   -2.6
   167.1    2557.1    1.5   -2.6
   167.6    2557.1    1.5   -2.6
   168.1    2557.1    1.5   -2.6
   168.6    2557.1    1.5   -2.6
   169.1    2557.1    1.5   -2.7
   169.6    2557.1    1.5   -2.7
   170.1    2557.1    1.5   -2.8
   170.6    2557.1    1.5   -2.8
   171.1    2557.1    1.5   -2.8
   171.6    2557.1    1.5   -2.9
   172.1    2557.1    1.5   -2.9
   172.6    2557.1    1.5   -2.9
   173.1    2557.1    1.4   -2.9
   173.6    2557.1    1.4   -2.9
   174.1    2557.1    1.3   -2.9
   174.6    2557.1    1.3   -2.9
   175.1    2557.1    1.3   -3.0
   175.6    2557.1    1.3   -3.1
   176.1    2557.1    1.5   -3.5
   176.6    2557.1    1.7   -3.9
   177.1    2557.1    1.9   -4.2
   177.6    2557.1    1.9   -4.3
   178.1    2557.1    1.9   -4.1
   178.6    2557.1    1.9   -3.9
   179.1    2557.1    1.8   -3.6
   179.6    2557.1    1.8   -3.4
   180.1    2557.1    1.8   -3.3
   180.6    2557.1    1.8   -3.2
   181.1    2557.1    1.8   -3.1
   181.6    2557.1    1.9   -3.0
   182.1    2557.1    1.9   -2.9
   182.6    2557.1    2.0   -2.9
   183.1    2557.1    2.1   -2.8
   183.6    2557.1    2.1   -2.7
   184.1    2557.1    2.2   -2.6
   184.6    2557.1    2.3   -2.5
   185.1    2557.1    2.3   -2.4
   165.6    2557.6    1.5   -2.6
   166.1    2557.6    1.5   -2.6
   166.6    2557.6    1.5   -2.6
   167.1    2557.6    1.5   -2.6
   167.6    2557.6    1.4   -2.6
   168.1    2557.6    1.4   -2.6
   168.6    2557.6    1.4   -2.6
   169.1    2557.6    1.4   -2.7
   169.6    2557.6    1.5   -2.7
   170.1    2557.6    1.5   -2.8
   170.6    2557.6    1.5   -2.8
   171.1    2557.6    1.5   -2.8
   171.6    2557.6    1.5   -2.9
   172.1    2557.6    1.5   -2.9
   172.6    2557.6    1.5   -2.9
   173.1    2557.6    1.5   -2.9
   173.6    2557.6    1.4   -2.9
   174.1    2557.6    1.4   -2.9
   174.6    2557.6    1.4   -2.9
   175.1    2557.6    1.4   -2.9
   175.6    2557.6    1.4   -3.1
   176.1    2557.6    1.5   -3.3
   176.6    2557.6    1.7   -3.6
   177.1    2557.6    1.8   -3.8
   177.6    2557.6    1.8   -3.9
   178.1    2557.6    1.8   -3.9
   178.6    2557.6    1.8   -3.7
   179.1    2557.6    1.8   -3.5
   179.6    2557.6    1.8   -3.4
   180.1    2557.6    1.8   -3.2
   180.6    2557.6    1.8   -3.1
   181.1    2557.6    1.9   -3.1
   181.6    2557.6    1.9   -3.0
   182.1    2557.6    2.0   -2.9
   182.6    2557.6    2.1   -2.9
   183.1    2557.6    2.2   -2.8
   183.6    2557.6    2.3   -2.7
   184.1    2557.6    2.3   -2.6
   184.6    2557.6    2.4   -2.5
   185.1    2557.6    2.4   -2.4
   165.6    2558.1    1.5   -2.6
   166.1    2558.1    1.5   -2.6
   166.6    2558.1    1.4   -2.6
   167.1    2558.1    1.4   -2.6
   167.6    2558.1    1.4   -2.6
   168.1    2558.1    1.4   -2.6
   168.6    2558.1    1.4   -2.6
   169.1    2558.1    1.4   -2.7
   169.6    2558.1    1.5   -2.7
   170.1    2558.1    1.5   -2.8
   170.6    2558.1    1.5   -2.8
   171.1    2558.1    1.5   -2.8
   171.6    2558.1    1.5   -2.8
   172.1    2558.1    1.5   -2.9
   172.6    2558.1    1.5   -2.9
   173.1    2558.1    1.5   -2.9
   173.6    2558.1    1.5   -2.9
   174.1    2558.1    1.5   -2.9
   174.6    2558.1    1.5   -2.9
   175.1    2558.1    1.5   -2.9
   175.6    2558.1    1.5   -3.0
   176.1    2558.1    1.6   -3.2
   176.6    2558.1    1.6   -3.4
   177.1    2558.1    1.7   -3.5
   177.6    2558.1    1.8   -3.6
   178.1    2558.1    1.8   -3.6
   178.6    2558.1    1.8   -3.5
   179.1    2558.1    1.8   -3.4
   179.6    2558.1    1.8   -3.3
   180.1    2558.1    1.8   -3.2
   180.6    2558.1    1.9   -3.1
   181.1    2558.1    1.9   -3.1
   181.6    2558.1    2.0   -3.0
   182.1    2558.1    2.1   -2.9
   182.6    2558.1    2.2   -2.9
   183.1    2558.1    2.3   -2.8
   183.6    2558.1    2.3   -2.7
   184.1    2558.1    2.4   -2.6
   184.6    2558.1    2.4   -2.5
   185.1    2558.1    2.4   -2.4
   165.6    2558.6    1.4   -2.6
   166.1    2558.6    1.4   -2.6
   166.6    2558.6    1.4   -2.6
   167.1    2558.6    1.4   -2.6
   167.6    2558.6    1.4   -2.6
   168.1    2558.6    1.4   -2.6
   168.6    2558.6    1.4   -2.6
   169.1    2558.6    1.4   -2.7
   169.6    2558.6    1.5   -2.7
   170.1    2558.6    1.5   -2.8
   170.6    2558.6    1.5   -2.8
   171.1    2558.6    1.5   -2.8
   171.6    2558.6    1.5   -2.8
   172.1    2558.6    1.5   -2.8
   172.6    2558.6    1.5   -2.9
   173.1    2558.6    1.5   -2.9
   173.6    2558.6    1.5   -2.9
   174.1    2558.6    1.5   -2.9
   174.6    2558.6    1.5   -2.9
   175.1    2558.6    1.5   -2.9
   175.6    2558.6    1.5   -2.9
   176.1    2558.6    1.6   -3.1
   176.6    2558.6    1.6   -3.2
   177.1    2558.6    1.7   -3.3
   177.6    2558.6    1.7   -3.4
   178.1    2558.6    1.7   -3.4
   178.6    2558.6    1.8   -3.3
   179.1    2558.6    1.8   -3.2
   179.6    2558.6    1.8   -3.2
   180.1    2558.6    1.9   -3.1
   180.6    2558.6    1.9   -3.1
   181.1    2558.6    2.0   -3.0
   181.6    2558.6    2.1   -3.0
   182.1    2558.6    2.2   -2.9
   182.6    2558.6    2.3   -2.9
   183.1    2558.6    2.4   -2.8
   183.6    2558.6    2.4   -2.7
   184.1    2558.6    2.5   -2.6
   184.6    2558.6    2.5   -2.4
   185.1    2558.6    2.5   -2.3
   165.6    2559.1    1.4   -2.6
   166.1    2559.1    1.4   -2.6
   166.6    2559.1    1.4   -2.6
   167.1    2559.1    1.4   -2.6
   167.6    2559.1    1.4   -2.6
   168.1    2559.1    1.4   -2.6
   168.6    2559.1    1.4   -2.7
   169.1    2559.1    1.4   -2.7
   169.6    2559.1    1.5   -2.7
   170.1    2559.1    1.5   -2.8
   170.6    2559.1    1.5   -2.8
   171.1    2559.1    1.5   -2.8
   171.6    2559.1    1.5   -2.8
   172.1    2559.1    1.5   -2.8
   172.6    2559.1    1.5   -2.8
   173.1    2559.1    1.5   -2.8
   173.6    2559.1    1.5   -2.8
   174.1    2559.1    1.5   -2.8
   174.6    2559.1    1.6   -2.9
   175.1    2559.1    1.6   -2.9
   175.6    2559.1    1.6   -2.9
   176.1    2559.1    1.6   -3.0
   176.6    2559.1    1.6   -3.1
   177.1    2559.1    1.7   -3.1
   177.6    2559.1    1.7   -3.2
   178.1    2559.1    1.7   -3.2
   178.6    2559.1    1.8   -3.2
   179.1    2559.1    1.8   -3.1
   179.6    2559.1    1.8   -3.1
   180.1    2559.1    1.9   -3.1
   180.6    2559.1    2.0   -3.0
   181.1    2559.1    2.1   -3.0
   181.6    2559.1    2.2   -3.0
   182.1    2559.1    2.3   -2.9
   182.6    2559.1    2.4   -2.8
   183.1    2559.1    2.5   -2.8
   183.6    2559.1    2.5   -2.7
   184.1    2559.1    2.5   -2.5
   184.6    2559.1    2.5   -2.4
   185.1    2559.1    2.5   -2.3
   165.6    2559.6    1.4   -2.5
   166.1    2559.6    1.4   -2.5
   166.6    2559.6    1.3   -2.6
   167.1    2559.6    1.3   -2.6
   167.6    2559.6    1.3   -2.6
   168.1    2559.6    1.4   -2.6
   168.6    2559.6    1.4   -2.7
   169.1    2559.6    1.4   -2.7
   169.6    2559.6    1.5   -2.7
   170.1    2559.6    1.5   -2.8
   170.6    2559.6    1.5   -2.8
   171.1    2559.6    1.5   -2.8
   171.6    2559.6    1.5   -2.8
   172.1    2559.6    1.6   -2.8
   172.6    2559.6    1.6   -2.8
   173.1    2559.6    1.6   -2.8
   173.6    2559.6    1.6   -2.8
   174.1    2559.6    1.6   -2.8
   174.6    2559.6    1.6   -2.8
   175.1    2559.6    1.6   -2.9
   175.6    2559.6    1.6   -2.9
   176.1    2559.6    1.6   -3.0
   176.6    2559.6    1.7   -3.0
   177.1    2559.6    1.7   -3.0
   177.6    2559.6    1.7   -3.1
   178.1    2559.6    1.7   -3.1
   178.6    2559.6    1.8   -3.1
   179.1    2559.6    1.8   -3.0
   179.6    2559.6    1.9   -3.0
   180.1    2559.6    1.9   -3.0
   180.6    2559.6    2.0   -3.0
   181.1    2559.6    2.1   -3.0
   181.6    2559.6    2.3   -2.9
   182.1    2559.6    2.4   -2.9
   182.6    2559.6    2.5   -2.8
   183.1    2559.6    2.5   -2.7
   183.6    2559.6    2.6   -2.6
   184.1    2559.6    2.6   -2.5
   184.6    2559.6    2.5   -2.4
   185.1    2559.6    2.5   -2.3
   165.6    2560.1    1.3   -2.5
   166.1    2560.1    1.3   -2.5
   166.6    2560.1    1.3   -2.6
   167.1    2560.1    1.3   -2.6
   167.6    2560.1    1.3   -2.6
   168.1    2560.1    1.3   -2.6
   168.6    2560.1    1.4   -2.7
   169.1    2560.1    1.4   -2.7
   169.6    2560.1    1.4   -2.7
   170.1    2560.1    1.5   -2.8
   170.6    2560.1    1.5   -2.8
   171.1    2560.1    1.5   -2.8
   171.6    2560.1    1.6   -2.8
   172.1    2560.1    1.6   -2.8
   172.6    2560.1    1.6   -2.8
   173.1    2560.1    1.6   -2.8
   173.6    2560.1    1.6   -2.8
   174.1    2560.1    1.6   -2.8
   174.6    2560.1    1.6   -2.8
   175.1    2560.1    1.6   -2.9
   175.6    2560.1    1.7   -2.9
   176.1    2560.1    1.7   -2.9
   176.6    2560.1    1.7   -2.9
   177.1    2560.1    1.7   -3.0
   177.6    2560.1    1.7   -3.0
   178.1    2560.1    1.8   -3.0
   178.6    2560.1    1.8   -3.0
   179.1    2560.1    1.9   -3.0
   179.6    2560.1    1.9   -3.0
   180.1    2560.1    2.0   -3.0
   180.6    2560.1    2.1   -2.9
   181.1    2560.1    2.2   -2.9
   181.6    2560.1    2.3   -2.9
   182.1    2560.1    2.4   -2.8
   182.6    2560.1    2.5   -2.8
   183.1    2560.1    2.6   -2.7
   183.6    2560.1    2.6   -2.6
   184.1    2560.1    2.6   -2.5
   184.6    2560.1    2.5   -2.4
   185.1    2560.1    2.4   -2.3
   165.6    2560.6    1.3   -2.5
   166.1    2560.6    1.3   -2.5
   166.6    2560.6    1.3   -2.5
   167.1    2560.6    1.3   -2.6
   167.6    2560.6    1.3   -2.6
   168.1    2560.6    1.3   -2.6
   168.6    2560.6    1.4   -2.7
   169.1    2560.6    1.4   -2.7
   169.6    2560.6    1.4   -2.7
   170.1    2560.6    1.5   -2.8
   170.6    2560.6    1.5   -2.8
   171.1    2560.6    1.5   -2.8
   171.6    2560.6    1.6   -2.8
   172.1    2560.6    1.6   -2.8
   172.6    2560.6    1.6   -2.7
   173.1    2560.6    1.6   -2.8
   173.6    2560.6    1.6   -2.8
   174.1    2560.6    1.7   -2.8
   174.6    2560.6    1.7   -2.8
   175.1    2560.6    1.7   -2.8
   175.6    2560.6    1.7   -2.8
   176.1    2560.6    1.7   -2.9
   176.6    2560.6    1.7   -2.9
   177.1    2560.6    1.7   -2.9
   177.6    2560.6    1.8   -2.9
   178.1    2560.6    1.8   -2.9
   178.6    2560.6    1.8   -2.9
   179.1    2560.6    1.9   -2.9
   179.6    2560.6    2.0   -2.9
   180.1    2560.6    2.1   -2.9
   180.6    2560.6    2.2   -2.9
   181.1    2560.6    2.3   -2.9
   181.6    2560.6    2.4   -2.9
   182.1    2560.6    2.5   -2.8
   182.6    2560.6    2.5   -2.7
   183.1    2560.6    2.6   -2.7
   183.6    2560.6    2.6   -2.6
   184.1    2560.6    2.5   -2.5
   184.6    2560.6    2.5   -2.3
   185.1    2560.6    2.4   -2.3
   165.6    2561.1    1.3   -2.5
   166.1    2561.1    1.3   -2.5
   166.6    2561.1    1.3   -2.5
   167.1    2561.1    1.3   -2.6
   167.6    2561.1    1.3   -2.6
   168.1    2561.1    1.3   -2.7
   168.6    2561.1    1.4   -2.7
   169.1    2561.1    1.4   -2.7
   169.6    2561.1    1.4   -2.7
   170.1    2561.1    1.5   -2.7
   170.6    2561.1    1.5   -2.7
   171.1    2561.1    1.5   -2.7
   171.6    2561.1    1.6   -2.7
   172.1    2561.1    1.6   -2.7
   172.6    2561.1    1.6   -2.7
   173.1    2561.1    1.6   -2.7
   173.6    2561.1    1.7   -2.7
   174.1    2561.1    1.7   -2.7
   174.6    2561.1    1.7   -2.8
   175.1    2561.1    1.7   -2.8
   175.6    2561.1    1.7   -2.8
   176.1    2561.1    1.7   -2.8
   176.6    2561.1    1.8   -2.8
   177.1    2561.1    1.8   -2.9
   177.6    2561.1    1.8   -2.9
   178.1    2561.1    1.8   -2.9
   178.6    2561.1    1.9   -2.9
   179.1    2561.1    2.0   -2.9
   179.6    2561.1    2.1   -2.9
   180.1    2561.1    2.2   -2.9
   180.6    2561.1    2.3   -2.9
   181.1    2561.1    2.4   -2.9
   181.6    2561.1    2.5   -2.8
   182.1    2561.1    2.5   -2.8
   182.6    2561.1    2.6   -2.7
   183.1    2561.1    2.6   -2.6
   183.6    2561.1    2.6   -2.5
   184.1    2561.1    2.5   -2.4
   184.6    2561.1    2.4   -2.3
   185.1    2561.1    2.3   -2.3
   165.6    2561.6    1.2   -2.5
   166.1    2561.6    1.2   -2.5
   166.6    2561.6    1.2   -2.5
   167.1    2561.6    1.2   -2.6
   167.6    2561.6    1.3   -2.6
   168.1    2561.6    1.3   -2.7
   168.6    2561.6    1.3   -2.7
   169.1    2561.6    1.4   -2.7
   169.6    2561.6    1.4   -2.7
   170.1    2561.6    1.4   -2.7
   170.6    2561.6    1.5   -2.7
   171.1    2561.6    1.5   -2.7
   171.6    2561.6    1.5   -2.7
   172.1    2561.6    1.6   -2.7
   172.6    2561.6    1.6   -2.7
   173.1    2561.6    1.6   -2.7
   173.6    2561.6    1.7   -2.7
   174.1    2561.6    1.7   -2.7
   174.6    2561.6    1.7   -2.7
   175.1    2561.6    1.7   -2.8
   175.6    2561.6    1.7   -2.8
   176.1    2561.6    1.8   -2.8
   176.6    2561.6    1.8   -2.8
   177.1    2561.6    1.8   -2.8
   177.6    2561.6    1.8   -2.8
   178.1    2561.6    1.9   -2.8
   178.6    2561.6    2.0   -2.9
   179.1    2561.6    2.0   -2.9
   179.6    2561.6    2.1   -2.9
   180.1    2561.6    2.2   -2.9
   180.6    2561.6    2.3   -2.8
   181.1    2561.6    2.4   -2.8
   181.6    2561.6    2.5   -2.8
   182.1    2561.6    2.5   -2.7
   182.6    2561.6    2.5   -2.7
   183.1    2561.6    2.6   -2.6
   183.6    2561.6    2.5   -2.5
   184.1    2561.6    2.5   -2.4
   184.6    2561.6    2.4   -2.4
   185.1    2561.6    2.3   -2.3
   165.6    2562.1    1.2   -2.5
   166.1    2562.1    1.2   -2.5
   166.6    2562.1    1.2   -2.5
   167.1    2562.1    1.2   -2.6
   167.6    2562.1    1.2   -2.6
   168.1    2562.1    1.3   -2.7
   168.6    2562.1    1.3   -2.7
   169.1    2562.1    1.4   -2.7
   169.6    2562.1    1.4   -2.7
   170.1    2562.1    1.4   -2.7
   170.6    2562.1    1.5   -2.7
   171.1    2562.1    1.5   -2.7
   171.6    2562.1    1.5   -2.7
   172.1    2562.1    1.6   -2.7
   172.6    2562.1    1.6   -2.7
   173.1    2562.1    1.6   -2.7
   173.6    2562.1    1.7   -2.7
   174.1    2562.1    1.7   -2.7
   174.6    2562.1    1.7   -2.7
   175.1    2562.1    1.7   -2.7
   175.6    2562.1    1.8   -2.8
   176.1    2562.1    1.8   -2.8
   176.6    2562.1    1.8   -2.8
   177.1    2562.1    1.8   -2.8
   177.6    2562.1    1.9   -2.8
   178.1    2562.1    1.9   -2.8
   178.6    2562.1    2.0   -2.8
   179.1    2562.1    2.1   -2.8
   179.6    2562.1    2.2   -2.8
   180.1    2562.1    2.3   -2.8
   180.6    2562.1    2.4   -2.8
   181.1    2562.1    2.4   -2.8
   181.6    2562.1    2.5   -2.8
   182.1    2562.1    2.5   -2.7
   182.6    2562.1    2.5   -2.7
   183.1    2562.1    2.5   -2.6
   183.6    2562.1    2.5   -2.5
   184.1    2562.1    2.4   -2.5
   184.6    2562.1    2.3   -2.4
   185.1    2562.1    2.2   -2.4
   165.6    2562.6    1.2   -2.5
   166.1    2562.6    1.2   -2.5
   166.6    2562.6    1.2   -2.5
   167.1    2562.6    1.2   -2.6
   167.6    2562.6    1.2   -2.6
   168.1    2562.6    1.3   -2.7
   168.6    2562.6    1.3   -2.7
   169.1    2562.6    1.3   -2.7
   169.6    2562.6    1.4   -2.7
   170.1    2562.6    1.4   -2.7
   170.6    2562.6    1.4   -2.7
   171.1    2562.6    1.5   -2.7
   171.6    2562.6    1.5   -2.7
   172.1    2562.6    1.5   -2.7
   172.6    2562.6    1.6   -2.7
   173.1    2562.6    1.6   -2.7
   173.6    2562.6    1.7   -2.7
   174.1    2562.6    1.7   -2.7
   174.6    2562.6    1.7   -2.7
   175.1    2562.6    1.7   -2.7
   175.6    2562.6    1.8   -2.8
   176.1    2562.6    1.8   -2.8
   176.6    2562.6    1.8   -2.8
   177.1    2562.6    1.9   -2.8
   177.6    2562.6    1.9   -2.8
   178.1    2562.6    2.0   -2.8
   178.6    2562.6    2.1   -2.8
   179.1    2562.6    2.2   -2.8
   179.6    2562.6    2.3   -2.8
   180.1    2562.6    2.3   -2.8
   180.6    2562.6    2.4   -2.8
   181.1    2562.6    2.4   -2.8
   181.6    2562.6    2.5   -2.7
   182.1    2562.6    2.5   -2.7
   182.6    2562.6    2.5   -2.6
   183.1    2562.6    2.5   -2.6
   183.6    2562.6    2.4   -2.5
   184.1    2562.6    2.4   -2.5
   184.6    2562.6    2.3   -2.4
   185.1    2562.6    2.2   -2.4
   165.6    2563.1    1.2   -2.5
   166.1    2563.1    1.2   -2.6
   166.6    2563.1    1.2   -2.6
   167.1    2563.1    1.2   -2.6
   167.6    2563.1    1.2   -2.6
   168.1    2563.1    1.3   -2.7
   168.6    2563.1    1.3   -2.7
   169.1    2563.1    1.3   -2.7
   169.6    2563.1    1.4   -2.7
   170.1    2563.1    1.4   -2.7
   170.6    2563.1    1.4   -2.7
   171.1    2563.1    1.5   -2.7
   171.6    2563.1    1.5   -2.7
   172.1    2563.1    1.5   -2.7
   172.6    2563.1    1.6   -2.7
   173.1    2563.1    1.6   -2.7
   173.6    2563.1    1.6   -2.7
   174.1    2563.1    1.7   -2.7
   174.6    2563.1    1.7   -2.7
   175.1    2563.1    1.7   -2.7
   175.6    2563.1    1.8   -2.7
   176.1    2563.1    1.8   -2.8
   176.6    2563.1    1.9   -2.8
   177.1    2563.1    1.9   -2.8
   177.6    2563.1    2.0   -2.8
   178.1    2563.1    2.1   -2.8
   178.6    2563.1    2.2   -2.8
   179.1    2563.1    2.2   -2.8
   179.6    2563.1    2.3   -2.8
   180.1    2563.1    2.4   -2.8
   180.6    2563.1    2.4   -2.8
   181.1    2563.1    2.4   -2.8
   181.6    2563.1    2.4   -2.7
   182.1    2563.1    2.5   -2.7
   182.6    2563.1    2.5   -2.7
   183.1    2563.1    2.5   -2.6
   183.6    2563.1    2.4   -2.6
   184.1    2563.1    2.4   -2.5
   184.6    2563.1    2.3   -2.5
   185.1    2563.1    2.2   -2.5
   165.6    2563.6    1.2   -2.6
   166.1    2563.6    1.2   -2.6
   166.6    2563.6    1.2   -2.6
   167.1    2563.6    1.2   -2.6
   167.6    2563.6    1.2   -2.7
   168.1    2563.6    1.3   -2.7
   168.6    2563.6    1.3   -2.7
   169.1    2563.6    1.3   -2.7
   169.6    2563.6    1.3   -2.7
   170.1    2563.6    1.4   -2.7
   170.6    2563.6    1.4   -2.7
   171.1    2563.6    1.4   -2.7
   171.6    2563.6    1.5   -2.7
   172.1    2563.6    1.5   -2.7
   172.6    2563.6    1.5   -2.7
   173.1    2563.6    1.6   -2.7
   173.6    2563.6    1.6   -2.7
   174.1    2563.6    1.7   -2.7
   174.6    2563.6    1.7   -2.7
   175.1    2563.6    1.8   -2.7
   175.6    2563.6    1.8   -2.8
   176.1    2563.6    1.9   -2.8
   176.6    2563.6    1.9   -2.8
   177.1    2563.6    2.0   -2.8
   177.6    2563.6    2.1   -2.8
   178.1    2563.6    2.1   -2.8
   178.6    2563.6    2.2   -2.8
   179.1    2563.6    2.3   -2.8
   179.6    2563.6    2.3   -2.8
   180.1    2563.6    2.4   -2.8
   180.6    2563.6    2.4   -2.8
   181.1    2563.6    2.4   -2.8
   181.6    2563.6    2.4   -2.7
   182.1    2563.6    2.4   -2.7
   182.6    2563.6    2.4   -2.7
   183.1    2563.6    2.4   -2.6
   183.6    2563.6    2.4   -2.6
   184.1    2563.6    2.3   -2.6
   184.6    2563.6    2.3   -2.5
   185.1    2563.6    2.2   -2.5
   165.6    2564.1    1.2   -2.7
   166.1    2564.1    1.2   -2.7
   166.6    2564.1    1.2   -2.7
   167.1    2564.1    1.2   -2.7
   167.6    2564.1    1.2   -2.7
   168.1    2564.1    1.3   -2.7
   168.6    2564.1    1.3   -2.7
   169.1    2564.1    1.3   -2.7
   169.6    2564.1    1.3   -2.7
   170.1    2564.1    1.4   -2.7
   170.6    2564.1    1.4   -2.7
   171.1    2564.1    1.4   -2.7
   171.6    2564.1    1.4   -2.7
   172.1    2564.1    1.5   -2.7
   172.6    2564.1    1.5   -2.7
   173.1    2564.1    1.6   -2.7
   173.6    2564.1    1.6   -2.7
   174.1    2564.1    1.7   -2.7
   174.6    2564.1    1.7   -2.7
   175.1    2564.1    1.8   -2.8
   175.6    2564.1    1.8   -2.8
   176.1    2564.1    1.9   -2.8
   176.6    2564.1    2.0   -2.8
   177.1    2564.1    2.0   -2.8
   177.6    2564.1    2.1   -2.8
   178.1    2564.1    2.2   -2.8
   178.6    2564.1    2.3   -2.8
   179.1    2564.1    2.3   -2.8
   179.6    2564.1    2.4   -2.8
   180.1    2564.1    2.4   -2.8
   180.6    2564.1    2.4   -2.8
   181.1    2564.1    2.4   -2.8
   181.6    2564.1    2.4   -2.7
   182.1    2564.1    2.4   -2.7
   182.6    2564.1    2.4   -2.7
   183.1    2564.1    2.4   -2.7
   183.6    2564.1    2.4   -2.6
   184.1    2564.1    2.3   -2.6
   184.6    2564.1    2.3   -2.6
   185.1    2564.1    2.2   -2.6
   165.6    2564.6    1.2   -2.7
   166.1    2564.6    1.2   -2.7
   166.6    2564.6    1.2   -2.7
   167.1    2564.6    1.2   -2.7
   167.6    2564.6    1.2   -2.7
   168.1    2564.6    1.3   -2.8
   168.6    2564.6    1.3   -2.8
   169.1    2564.6    1.3   -2.8
   169.6    2564.6    1.3   -2.7
   170.1    2564.6    1.3   -2.7
   170.6    2564.6    1.4   -2.7
   171.1    2564.6    1.4   -2.7
   171.6    2564.6    1.4   -2.7
   172.1    2564.6    1.5   -2.7
   172.6    2564.6    1.5   -2.7
   173.1    2564.6    1.5   -2.7
   173.6    2564.6    1.6   -2.7
   174.1    2564.6    1.7   -2.8
   174.6    2564.6    1.7   -2.8
   175.1    2564.6    1.8   -2.8
   175.6    2564.6    1.9   -2.8
   176.1    2564.6    1.9   -2.8
   176.6    2564.6    2.0   -2.8
   177.1    2564.6    2.1   -2.8
   177.6    2564.6    2.2   -2.8
   178.1    2564.6    2.2   -2.8
   178.6    2564.6    2.3   -2.8
   179.1    2564.6    2.3   -2.8
   179.6    2564.6    2.4   -2.8
   180.1    2564.6    2.4   -2.8
   180.6    2564.6    2.4   -2.8
   181.1    2564.6    2.4   -2.7
   181.6    2564.6    2.4   -2.7
   182.1    2564.6    2.4   -2.7
   182.6    2564.6    2.4   -2.7
   183.1    2564.6    2.4   -2.7
   183.6    2564.6    2.4   -2.7
   184.1    2564.6    2.3   -2.6
   184.6    2564.6    2.3   -2.6
   185.1    2564.6    2.2   -2.6
   165.6    2565.1    1.2   -2.8
   166.1    2565.1    1.2   -2.8
   166.6    2565.1    1.2   -2.8
   167.1    2565.1    1.2   -2.8
   167.6    2565.1    1.2   -2.8
   168.1    2565.1    1.2   -2.8
   168.6    2565.1    1.3   -2.8
   169.1    2565.1    1.3   -2.8
   169.6    2565.1    1.3   -2.8
   170.1    2565.1    1.3   -2.7
   170.6    2565.1    1.3   -2.7
   171.1    2565.1    1.4   -2.7
   171.6    2565.1    1.4   -2.7
   172.1    2565.1    1.5   -2.7
   172.6    2565.1    1.5   -2.7
   173.1    2565.1    1.6   -2.8
   173.6    2565.1    1.6   -2.8
   174.1    2565.1    1.7   -2.8
   174.6    2565.1    1.7   -2.8
   175.1    2565.1    1.8   -2.8
   175.6    2565.1    1.9   -2.8
   176.1    2565.1    2.0   -2.8
   176.6    2565.1    2.1   -2.8
   177.1    2565.1    2.1   -2.8
   177.6    2565.1    2.2   -2.8
   178.1    2565.1    2.3   -2.9
   178.6    2565.1    2.3   -2.8
   179.1    2565.1    2.4   -2.8
   179.6    2565.1    2.4   -2.8
   180.1    2565.1    2.4   -2.8
   180.6    2565.1    2.4   -2.8
   181.1    2565.1    2.3   -2.7
   181.6    2565.1    2.3   -2.7
   182.1    2565.1    2.4   -2.7
   182.6    2565.1    2.4   -2.7
   183.1    2565.1    2.4   -2.7
   183.6    2565.1    2.4   -2.7
   184.1    2565.1    2.4   -2.6
   184.6    2565.1    2.3   -2.6
   185.1    2565.1    2.2   -2.6
   165.6    2565.6    1.2   -2.8
   166.1    2565.6    1.2   -2.8
   166.6    2565.6    1.2   -2.8
   167.1    2565.6    1.2   -2.8
   167.6    2565.6    1.2   -2.8
   168.1    2565.6    1.2   -2.8
   168.6    2565.6    1.3   -2.8
   169.1    2565.6    1.3   -2.8
   169.6    2565.6    1.3   -2.8
   170.1    2565.6    1.3   -2.8
   170.6    2565.6    1.4   -2.8
   171.1    2565.6    1.4   -2.7
   171.6    2565.6    1.4   -2.7
   172.1    2565.6    1.5   -2.8
   172.6    2565.6    1.5   -2.8
   173.1    2565.6    1.6   -2.8
   173.6    2565.6    1.6   -2.8
   174.1    2565.6    1.7   -2.8
   174.6    2565.6    1.8   -2.8
   175.1    2565.6    1.8   -2.8
   175.6    2565.6    1.9   -2.8
   176.1    2565.6    2.0   -2.9
   176.6    2565.6    2.1   -2.9
   177.1    2565.6    2.2   -2.9
   177.6    2565.6    2.2   -2.9
   178.1    2565.6    2.3   -2.9
   178.6    2565.6    2.3   -2.8
   179.1    2565.6    2.4   -2.8
   179.6    2565.6    2.4   -2.8
   180.1    2565.6    2.4   -2.8
   180.6    2565.6    2.3   -2.7
   181.1    2565.6    2.3   -2.7
   181.6    2565.6    2.3   -2.7
   182.1    2565.6    2.4   -2.7
   182.6    2565.6    2.4   -2.7
   183.1    2565.6    2.4   -2.7
   183.6    2565.6    2.4   -2.7
   184.1    2565.6    2.4   -2.6
   184.6    2565.6    2.3   -2.6
   185.1    2565.6    2.2   -2.6
