 wrfout_d04_2016-06-01_00:00:00 999.0 245.7 241.8 251.8 253.6 223.2 244.8 230.2 233.6 237.1  63.5  16.9 999.0 194.1 188.8 152.5 277.3 215.7 231.8 203.8 283.9 217.5 208.0  97.7 252.5 253.1  69.6 300.7 270.1 245.3 295.8
 wrfout_d04_2016-06-01_01:00:00 999.0 247.1 244.4 256.6 253.8 232.8 250.3 231.0 244.4 237.4  79.2  41.4 999.0 200.6 195.1 129.1 242.7 214.8 236.8 210.3 291.1 216.6 208.3  79.7 260.5 254.2  71.6 295.0 278.3 244.7 296.3
 wrfout_d04_2016-06-01_02:00:00 999.0 248.8 246.1 258.3 253.8 243.3 255.7 231.2 250.8 239.6  90.5  56.5 999.0 211.3 201.6 118.9 240.7 213.9 242.7 224.7 293.7 217.5 219.3  71.5 268.3 258.3  76.8 297.5 289.0 244.3 294.5
 wrfout_d04_2016-06-01_03:00:00 999.0 253.6 248.5 260.2 253.1 259.2 259.0 233.0 254.5 242.6 100.4  65.7 999.0 216.8 206.4 109.7 240.9 213.6 246.6 227.0 298.9 214.6 212.0  67.5 261.0 256.8  75.3 291.6 304.0 244.8 291.7
 wrfout_d04_2016-06-01_04:00:00 999.0 255.4 249.4 260.4 253.0 270.0 259.4 234.2 253.2 243.7 103.9  93.7 999.0 221.3 211.7  92.6 244.4 213.9 252.7 229.4 303.3 215.3 215.2  65.3 259.1 258.8  74.8 293.1 313.8 246.1 290.5
 wrfout_d04_2016-06-01_05:00:00 999.0 255.2 250.1 260.2 254.5 281.0 258.5 234.4 252.1 244.5  99.4 125.9 999.0 223.8 213.3  85.9 246.0 211.9 263.4 228.5 306.4 216.8 210.1  62.3 256.0 252.0  71.9 283.7 314.3 246.8 286.8
 wrfout_d04_2016-06-01_06:00:00 999.0 252.6 249.7 260.7 254.6 294.6 259.8 234.2 253.9 245.4  96.3 136.9 999.0 224.8 216.2  88.7 243.5 210.5 271.1 232.5 308.1 216.0 214.2  59.3 250.5 247.6  73.0 282.8 321.5 248.1 287.0
 wrfout_d04_2016-06-01_07:00:00 999.0 244.7 250.7 268.7 259.6 308.2 261.4 234.9 256.0 245.6  97.5 139.0 999.0 222.8 216.8  92.7 244.6 209.4 271.6 236.0 309.4 216.1 218.8  60.7 248.7 247.7  75.0 283.5 335.4 248.2 287.9
 wrfout_d04_2016-06-01_08:00:00 999.0 236.0 253.2 277.9 270.5 351.0 267.1 235.4 263.0 246.3  96.0 146.3 999.0 220.9 217.3 108.8 242.7 211.7 263.9 231.9 310.2 215.5 219.5  68.4 250.6 245.8  81.4 282.0  37.5 250.3 288.2
 wrfout_d04_2016-06-01_09:00:00 999.0 237.3 255.1 277.7 279.5   5.4 272.9 235.9 262.4 246.4  72.6 140.9 999.0 217.0 216.3 123.0 238.8 212.7 263.8 227.4 307.7 214.2 219.1  74.2 245.6 240.2  87.8 281.2  87.8 251.9 288.1
 wrfout_d04_2016-06-01_10:00:00 999.0 240.1 254.0 280.6 283.9  21.8 258.4 234.8 248.3 245.2  55.9 124.4 999.0 215.2 206.4 127.3 231.3 210.8 100.0 222.2 298.2 214.6 215.5  88.1 234.9 228.3  90.6 282.4  91.9 252.7 289.4
 wrfout_d04_2016-06-01_11:00:00 999.0 242.5 250.5 283.1 282.2  37.1 266.0 234.4 241.0 245.7  55.7  49.1 999.0 204.3 199.8 136.0 220.2 209.5 146.9 213.9 291.0 215.1 209.5 134.3 224.3 220.8  92.0 281.2 104.8 253.5 289.8
 wrfout_d04_2016-06-01_12:00:00 999.0 246.0 246.6 282.3 279.5 303.7 292.6 234.7 242.3 244.0  67.2  12.0 999.0 194.0 192.3 133.1 241.3 209.1 156.2 204.5 287.4 214.9 205.6 139.0 221.1 217.0 111.5 276.0 108.3 253.6 290.4
 wrfout_d04_2016-06-01_13:00:00 999.0 254.2 243.9 278.0 276.6 287.8 331.2 235.3 239.2 244.2  72.3  17.3 999.0 188.7 190.5 119.6 267.9 209.6 166.0 199.9 283.5 215.4 204.1 149.5 216.9 213.6 158.8 272.3  99.9 253.7 290.4
 wrfout_d04_2016-06-01_14:00:00 999.0 258.9 242.0 279.4 274.5 294.5 336.8 233.9 238.7 241.4  72.9  10.3 999.0 184.9 187.5 102.5 272.0 209.7 172.8 197.3 280.6 217.2 203.4 151.2 213.9 211.7 158.2 272.1  86.3 253.3 290.2
 wrfout_d04_2016-06-01_15:00:00 999.0 261.1 241.9 308.8 275.2 246.5 334.7 232.4 237.6 238.6  77.4   4.3 999.0 183.2 184.7 100.1 279.0 212.1 180.4 192.7 277.9 218.8 203.1 140.2 208.8 207.8 306.6 270.6  79.0 252.7 289.5
 wrfout_d04_2016-06-01_16:00:00 999.0 263.2 244.1 331.5 277.0 247.1 334.1 231.4 237.8 237.0  76.6 356.3 999.0 184.0 181.5  76.2 306.1 214.2 185.5 190.6 272.6 219.3 202.3  98.7 210.4 205.4  59.9 275.5  77.2 252.8 291.7
 wrfout_d04_2016-06-01_17:00:00 999.0 258.2 244.8 328.3 277.8 232.9 320.7 228.5 233.2 235.1 210.6 345.9 999.0 185.1 180.8  70.4 346.9 212.1 191.1 189.4 264.0 217.5 196.9  79.0 205.5 203.7  90.1 280.4  64.3 253.8 293.8
 wrfout_d04_2016-06-01_18:00:00 999.0 260.3 239.2 265.0 270.5 232.7 325.6 225.6 236.3 233.3 298.2  12.4 999.0 181.5 172.2  60.5  15.4 212.2 184.1 178.6 257.2 216.0 194.3  76.3 192.1 194.7  85.4 282.9  67.4 255.5 293.0
 wrfout_d04_2016-06-01_19:00:00 999.0 283.6 235.8 247.9 263.2 233.5 306.1 223.8 236.9 233.3 110.7  60.5 999.0 180.9 159.7  42.2  35.8 213.9 191.0 179.8 254.4 214.6 187.1  97.3 165.3 193.9 261.8 287.7  75.8 256.6 294.4
 wrfout_d04_2016-06-01_20:00:00 999.0 278.5 230.0 240.6 248.0 228.3 213.6 219.8 232.5 227.9 202.1 114.1 999.0 179.6 166.5  29.7  37.4 209.4 193.9 182.8 253.2 209.4 178.1 121.3 146.8 166.2 280.6 305.8  54.9 259.0 294.7
 wrfout_d04_2016-06-01_21:00:00 999.0 358.5 241.3 256.8 259.5 232.7 224.6 222.8 229.1 232.3 315.6 137.3 999.0 181.2 163.5 351.7  33.2 213.9 198.4 177.3 252.9 214.5 167.5  61.7 137.3 144.6 297.4 308.8  55.7 259.7 295.5
 wrfout_d04_2016-06-01_22:00:00 999.0 118.0 242.2 250.9 243.2 257.2 225.0 218.7 221.2 226.3  95.7  81.8 999.0 178.5 157.0  22.0  30.4 214.5 212.9 182.2 253.4 216.8 174.6 171.0 156.5 157.4 284.3 304.6  49.5 256.9 295.5
 wrfout_d04_2016-06-01_23:00:00 999.0 140.4 230.3 223.5 245.3 155.5 230.2 219.2 227.4 223.7 109.0 160.0 999.0 175.3 155.5  38.7  30.3 213.0 214.9 178.9 259.0 215.6 188.4  64.3 158.7 163.4 283.7 284.0  68.7 259.0 297.5
