 wrfout_d04_2016-06-30_00:00:00 999.0 174.2 240.8 266.4 218.4 292.7 247.5 222.9 234.0 232.7  42.0 176.0 999.0 200.3 183.8 203.1 323.4 186.6  39.3 184.2 159.7 180.0 176.9 213.9 193.2 191.1 207.1 171.2  64.6  83.6 103.7
 wrfout_d04_2016-06-30_01:00:00 999.0 173.5 263.3 310.8 225.8 356.7 238.1 243.9 168.3 257.3  62.1 166.2 999.0 204.9 210.6 189.2 285.8 191.5  33.5 203.5  24.6 183.0 185.9 196.6 205.5 198.8 172.2 174.5  95.1  93.3 104.0
 wrfout_d04_2016-06-30_02:00:00 999.0 176.3 275.9 305.1 230.8  20.2  59.8 252.9 103.9 272.3  65.0 165.3 999.0 246.9 228.6 176.7 326.6 197.2   3.4 208.8 326.0 182.7 194.7 183.6 203.4 197.0 163.5 175.2 105.7  89.9 104.2
 wrfout_d04_2016-06-30_03:00:00 999.0 178.2 277.1 303.5 235.1  27.2 357.3 264.3  99.9 281.5  88.9 164.7 999.0 250.7 232.5 169.1 290.3 199.2 359.7 217.7 319.7 191.9 200.1 171.3 213.9 201.4 153.8 178.3 110.6  90.2  98.7
 wrfout_d04_2016-06-30_04:00:00 999.0 178.6 309.9 309.0 267.4  23.0   6.4 264.5 346.1 279.0  98.1 163.7 999.0 256.0 240.2 162.5 284.5 201.3 339.8 249.0 313.3 194.2 206.7 172.7 214.8 203.4 150.6 185.6 111.4  84.4 102.3
 wrfout_d04_2016-06-30_05:00:00 999.0 170.8 321.2 315.7 301.5  25.5 342.2 260.6 347.3 276.4  90.8 162.2 999.0 260.9 268.7 160.4 285.0 198.2  21.8 263.7 315.6 204.0 218.8 179.5 216.9 207.3 153.1 198.9 102.6  82.9 101.5
 wrfout_d04_2016-06-30_06:00:00 999.0 170.7 355.7 313.2 351.4  20.9 339.0 258.4 347.6 271.1  95.9 160.7 999.0 254.8 265.0 158.3 271.0 204.8 348.3 260.7 222.4 208.6 229.4 175.6 221.9 210.6 162.2 205.3  97.2  82.4  97.5
 wrfout_d04_2016-06-30_07:00:00 999.0 165.9  21.1 305.1 359.6   9.1 339.6 265.3 354.9 263.2  82.2 169.7 999.0 257.2 267.1 163.1 279.4 209.4 270.7 254.8 188.0 211.9 237.5 182.7 228.1 217.1 155.3 208.8  97.8  83.9  98.6
 wrfout_d04_2016-06-30_08:00:00 999.0 165.4  38.1 320.8 347.7 350.2 354.3 261.4 345.7 262.8  90.0 173.0 999.0 245.1 267.6 170.4 268.1 208.0  44.7 257.0  80.4 206.9 235.8 188.7 229.8 223.2 146.6 204.7  84.5  83.9  91.1
 wrfout_d04_2016-06-30_09:00:00 999.0 164.5  18.1 328.0   9.5   2.5 327.2 257.8 325.6 267.1  60.8 171.5 999.0 248.2 265.4 180.4 266.0 203.2  29.3 251.4  78.4 204.0 231.1 190.1 232.2 225.0 140.5 198.1  62.4  82.8  93.7
 wrfout_d04_2016-06-30_10:00:00 999.0 157.4  20.1 320.1  23.9  20.7 320.0 252.7 355.8 263.5  57.1 170.3 999.0 243.0 251.7 179.5 188.1 200.9  92.7 258.7 124.6 205.5 230.1 201.2 230.7 225.5 136.5 199.5  44.3  67.7  85.4
 wrfout_d04_2016-06-30_11:00:00 999.0 162.1 348.5 319.1 354.0 342.3 306.1 288.7 334.3 256.5  41.3 167.8 999.0 222.6 252.5 193.8 176.2 204.9 216.3 247.2 182.4 207.8 224.4 247.0 234.5 226.9 189.4 202.8   9.9  65.0  84.2
 wrfout_d04_2016-06-30_12:00:00 999.0 164.2 353.0 321.8  13.8   0.7 307.2 201.2 336.7 231.8  46.7 164.6 999.0 213.6 238.2 208.5 211.4 201.5 173.8 245.3 153.4 207.7 221.7 261.9 226.6 220.1 227.9 195.3 354.6  66.4  88.4
 wrfout_d04_2016-06-30_13:00:00 999.0 162.0 199.5 308.1 179.8 323.7 310.5 220.9 271.3 213.1  71.3 171.0 999.0 213.3 230.3 222.3 241.8 202.7 129.2 241.5 152.9 204.8 214.0 268.0 235.6 229.4 303.2 197.5 356.3  72.5  83.8
 wrfout_d04_2016-06-30_14:00:00 999.0 163.6 180.0 327.8  37.6   7.8 317.3 179.2 241.0 190.3  57.8 169.8 999.0 217.1 213.3 234.7 233.5 192.8 209.3 230.3 153.3 195.8 214.0 269.5 234.9 229.0 329.3 183.0 352.1  75.3  82.4
 wrfout_d04_2016-06-30_15:00:00 999.0 171.6 154.9 117.8  66.3 121.5 337.4 181.4 205.5 157.4  64.6 170.3 999.0 210.8 212.4 230.0 243.1 192.2 202.2 231.2 153.7 196.1 211.7 271.0 237.3 227.2 327.3 148.2 352.6  75.6  77.3
 wrfout_d04_2016-06-30_16:00:00 999.0 176.6 181.4 138.8 133.1 255.7  46.4 148.0 209.8 155.7  54.7 170.0 999.0 191.6 217.3 236.0 137.1 189.4 191.4 230.6 153.1 195.5 209.1 269.3 249.5 235.4 335.3 117.7 347.2  64.1  78.6
 wrfout_d04_2016-06-30_17:00:00 999.0 177.6 195.9 114.9 155.8 241.3 196.5 151.1 211.9 132.3  19.6 166.6 999.0 180.2 213.1 239.0  66.6 194.0 195.0 220.3 155.2 196.0 208.4 276.9 282.5 252.9 339.3  69.8 353.4  63.6  76.4
 wrfout_d04_2016-06-30_18:00:00 999.0 177.2 204.3  82.2   9.2 259.4 233.3 171.6 212.1 134.9  27.7 163.4 999.0 188.5 202.1 234.5 174.3 198.4 191.0 234.5 156.9 204.9 202.1 272.2 357.9 306.4 335.7  54.9 355.8  63.0  74.9
 wrfout_d04_2016-06-30_19:00:00 999.0 177.0 233.3  87.1 317.2 238.5 234.9 177.1 211.2 123.8  20.9 164.2 999.0 187.0 181.0 230.8 129.4 200.7 188.9 195.9 156.7 201.6 183.6 273.6  33.1   8.5 342.0  47.7 356.0  63.5  76.1
 wrfout_d04_2016-06-30_20:00:00 999.0 174.1 204.1 122.4 326.1 200.5 208.1 160.7 177.6 135.5  19.9  68.2 999.0 184.6 175.0 226.0   9.5 203.7 193.3 257.9 158.9 203.5  77.8 274.1  50.2  47.1 328.3  43.4 357.2  69.4  77.5
 wrfout_d04_2016-06-30_21:00:00 999.0 174.1 209.0 108.8 268.6 214.4 156.5 168.7 122.3 138.4  23.2  15.5 999.0 185.9 158.9 226.7  68.9 204.3 189.9  46.5 158.7 197.0  55.6 270.4  53.9  61.4 326.5  50.9 352.4  74.1  77.6
 wrfout_d04_2016-06-30_22:00:00 999.0 175.6 220.2 126.7 233.9 211.3 145.1 178.7 103.7 166.4  24.6 154.4 999.0 183.0 154.6 225.7  44.8 201.6 182.0  67.3 159.1 193.3  58.3 263.1  56.2  66.2 326.4  58.4 352.3  69.8  80.7
 wrfout_d04_2016-06-30_23:00:00 999.0 175.8 230.9 143.8 231.6 223.8 112.7 210.9 109.5 222.4  47.8 169.9 999.0 199.5 190.7 218.4   7.6 203.3 209.5  10.2 160.4 190.8  52.4 239.8  37.1  33.2 310.7 235.7  19.2  74.7  80.5
