 wrfout_d04_2016-06-16_00:00:00 999.0 240.7 238.6 248.3 248.1 208.8 236.5 226.7 226.2 230.1  76.2 340.6 999.0 190.9 185.2  32.4  10.5 189.9 220.0 189.8 236.3 178.5 173.0  78.8 157.0 166.3 200.2 221.8 246.9 233.2 269.4
 wrfout_d04_2016-06-16_01:00:00 999.0 239.7 242.5 252.8 248.9 227.1 243.7 229.3 239.2 232.1  77.2   4.6 999.0 198.2 194.4  34.5 301.7 189.1 226.3 192.7 240.3 176.7 180.6  78.1 201.4 209.4 199.9 233.6 253.0 234.6 269.9
 wrfout_d04_2016-06-16_02:00:00 999.0 238.3 246.5 256.5 253.1 240.1 250.8 230.8 245.5 233.4  82.7  22.8 999.0 203.7 201.8  33.7 250.3 189.7 229.1 194.7 244.1 174.7 193.3 121.0 216.2 214.6 199.0 238.9 254.7 234.6 270.2
 wrfout_d04_2016-06-16_03:00:00 999.0 236.7 248.1 257.4 252.3 253.9 252.9 232.6 248.1 236.6  85.3  30.5 999.0 214.1 205.6  36.2 249.5 189.2 230.8 196.4 248.2 171.9 193.0 142.7 226.9 214.5 199.0 249.3 255.7 232.7 272.2
 wrfout_d04_2016-06-16_04:00:00 999.0 224.8 251.0 261.6 254.5 281.6 256.4 234.4 251.9 242.6  87.3  34.4 999.0 220.6 209.9  37.0 253.9 189.0 231.9 205.3 249.3 171.3 188.7 140.7 230.2 219.6 198.1 245.4 256.1 233.2 272.4
 wrfout_d04_2016-06-16_05:00:00 999.0 208.5 252.7 263.4 257.3 353.2 261.6 236.1 255.5 243.1  94.7  37.9 999.0 223.4 212.5  35.8 253.3 187.5 232.1 214.5 249.5 171.9 191.0 114.0 229.9 227.9 197.5 238.7 256.4 232.8 272.0
 wrfout_d04_2016-06-16_06:00:00 999.0 199.4 252.1 262.2 258.0  24.9 266.8 238.6 261.4 243.3 100.4  57.9 999.0 223.0 215.7  35.1 250.0 186.5 230.8 220.9 249.5 176.4 196.1  87.9 238.7 232.0 197.1 239.2 255.3 232.9 272.3
 wrfout_d04_2016-06-16_07:00:00 999.0 207.9 250.7 261.9 259.4  22.9 265.9 239.4 260.5 245.1  99.4  73.7 999.0 222.0 219.1  35.8 250.6 192.0 229.7 226.4 249.0 176.4 195.3  71.0 238.3 228.4 196.8 240.5 252.7 232.5 271.4
 wrfout_d04_2016-06-16_08:00:00 999.0 215.9 250.7 261.6 261.6  23.4 267.0 240.7 259.8 245.8  87.2  83.0 999.0 221.6 221.0  39.4 247.9 187.4 228.6 230.2 248.6 177.0 193.4  60.8 233.8 222.1 196.3 242.4 251.0 233.1 271.7
 wrfout_d04_2016-06-16_09:00:00 999.0 216.3 249.7 264.0 262.3  30.7 263.6 239.8 254.9 243.7  77.6  59.1 999.0 219.3 219.6  33.6 243.3 186.3 225.2 230.4 247.8 178.1 189.3  57.3 231.8 223.1 194.2 245.0 245.8 233.6 270.9
 wrfout_d04_2016-06-16_10:00:00 999.0 191.7 245.8 257.3 259.6  19.2 258.2 236.0 242.4 241.8  63.8  39.2 999.0 210.5 217.8  25.8 237.8 185.6 217.0 227.1 246.7 178.7 181.7  57.4 228.9 214.7 179.7 247.6 246.4 233.8 271.1
 wrfout_d04_2016-06-16_11:00:00 999.0 153.3 237.9 241.4 250.5 310.1 249.1 230.4 226.0 236.1  33.4  30.8 999.0 200.9 207.5  34.3 199.8 184.2 197.3 219.4 244.7 178.0 179.6  45.5 225.3 212.4  67.0 246.3 246.6 234.5 268.6
 wrfout_d04_2016-06-16_12:00:00 999.0 138.5 233.3 231.1 244.9 206.0 237.9 227.2 215.3 233.3 343.3  48.7 999.0 188.9 189.4  31.7 185.3 185.5 200.2 210.4 242.3 179.0 178.1  47.8 227.0 216.3  61.1 245.7 251.1 234.4 270.1
 wrfout_d04_2016-06-16_13:00:00 999.0 135.1 242.6 255.7 258.2 220.5 247.4 231.6 208.8 236.7 331.2 318.5 999.0 187.7 179.1  19.1  23.8 187.2 204.2 203.7 237.1 180.5 187.7  61.3 216.8 209.5  67.6 240.1 254.5 235.0 268.9
 wrfout_d04_2016-06-16_14:00:00 999.0  58.9 239.6 246.6 254.4 207.6 236.1 229.8 199.5 233.1 213.0 296.5 999.0 182.6 170.0  18.0  34.5 185.9 204.1 198.5 240.2 180.3 180.2  62.1 212.9 204.0  67.3 243.9 256.7 235.3 271.3
 wrfout_d04_2016-06-16_15:00:00 999.0  52.3 240.3 255.3 256.7 211.7 226.7 230.2 210.7 233.6 264.7 293.0 999.0 179.3 174.9   9.7  39.5 187.8 197.5 192.0 237.1 182.1 179.8  65.7 200.4 200.9  63.7 243.4 281.0 235.7 269.6
 wrfout_d04_2016-06-16_16:00:00 999.0  80.8 238.8 248.6 257.9 203.3 216.5 228.6 198.1 235.3 333.3 316.6 999.0 182.3 169.7  37.5  43.3 187.4 192.7 187.5 233.6 181.6 175.6  73.4 205.3 199.0  50.8 239.8 278.3 235.8 269.5
 wrfout_d04_2016-06-16_17:00:00 999.0  46.0 241.6 255.7 260.6 246.8 199.1 230.4 194.5 238.5 320.5 306.1 999.0 180.6 158.8  43.6  23.4 186.1 195.7 186.1 228.8 184.8 183.5 139.3 195.7 188.4  37.8 237.5 327.4 236.3 273.6
 wrfout_d04_2016-06-16_18:00:00 999.0  33.4 239.0 236.7 259.1 273.1 181.7 229.7 186.8 241.1 273.2 303.6 999.0 180.7 171.2  39.4  41.1 187.8 185.8 184.7 229.1 192.4 192.5  55.9 190.0 195.9 345.1 225.8 334.5 233.7 268.0
 wrfout_d04_2016-06-16_19:00:00 999.0  35.6 240.3 123.0 261.0 332.5 275.2 231.9 184.1 240.4 276.3 288.2 999.0 179.5 173.3  30.6 190.9 189.4 192.3 183.7 224.0 187.1 179.5 165.2 180.0 184.7 300.2 218.4 359.1 232.0 267.0
 wrfout_d04_2016-06-16_20:00:00 999.0  67.4 238.5 107.9 257.2 107.2 278.9 231.0 185.6 239.6   8.7 287.8 999.0 183.4 175.8  27.8 166.8 188.3 193.8 189.7 222.9 189.9 181.3 348.4 164.4 176.6 300.3 209.6   4.8 231.5 264.7
 wrfout_d04_2016-06-16_21:00:00 999.0  44.2 240.5  88.2 257.8 165.3 293.3 233.1  80.5 240.2 322.7 265.8 999.0 183.4 179.8  31.3 209.6 190.9 194.0 189.3 220.0 189.6 171.9 300.6 151.5 169.5 311.3 203.5   7.8 230.4 261.2
 wrfout_d04_2016-06-16_22:00:00 999.0  79.0 237.7 117.8 251.5 182.9 257.8 225.2 129.6 231.6   2.0 305.1 999.0 180.4 173.9  30.4 311.9 192.8 201.0 185.3 221.2 192.6 179.4 211.1 154.7 153.1 302.1 201.1  17.8 228.9 255.9
 wrfout_d04_2016-06-16_23:00:00 999.0 113.8 232.3 184.6 240.9 180.8 239.9 222.4 196.7 220.8 132.7 309.2 999.0 188.4 186.3  25.9 342.0 192.5 210.3 194.2 223.8 192.1 187.1 101.4 168.8 172.1   1.8 206.3  71.4 229.9 255.2
