 wrfout_d04_2016-06-01_00:00:00 999.0 245.7 241.8 251.8 253.6 223.2 244.8 230.2 233.6 237.1  63.5  16.9 999.0 194.1 188.8 152.5 277.3 215.7 231.8 203.8 283.9 217.5 208.0  97.7 252.5 253.1  69.6 300.7 270.1 245.3 295.8
 wrfout_d04_2016-06-01_01:00:00 999.0 247.1 244.4 256.6 253.8 232.8 250.3 231.0 244.4 237.4  79.2  41.4 999.0 200.6 195.1 129.1 242.7 214.8 236.8 210.3 291.1 216.6 208.3  79.7 260.5 254.2  71.6 295.0 278.3 244.7 296.3
 wrfout_d04_2016-06-01_02:00:00 999.0 248.8 246.1 258.3 253.8 243.3 255.7 231.2 250.8 239.6  90.5  56.5 999.0 211.3 201.6 118.9 240.7 213.9 242.7 224.7 293.7 217.5 219.3  71.5 268.3 258.3  76.8 297.5 289.0 244.3 294.5
 wrfout_d04_2016-06-01_03:00:00 999.0 253.6 248.5 260.2 253.1 259.2 259.0 233.0 254.5 242.6 100.4  65.7 999.0 216.8 206.4 109.7 240.9 213.6 246.6 227.0 298.9 214.6 212.0  67.5 261.0 256.8  75.3 291.6 304.0 244.8 291.7
 wrfout_d04_2016-06-01_04:00:00 999.0 255.4 249.4 260.4 253.0 270.0 259.4 234.2 253.2 243.7 103.9  93.7 999.0 221.3 211.7  92.6 244.4 213.9 252.7 229.4 303.3 215.3 215.2  65.3 259.1 258.8  74.8 293.1 313.8 246.1 290.5
 wrfout_d04_2016-06-01_05:00:00 999.0 255.2 250.1 260.2 254.5 281.0 258.5 234.4 252.1 244.5  99.4 125.9 999.0 223.8 213.3  85.9 246.0 211.9 263.4 228.5 306.4 216.8 210.1  62.3 256.0 252.0  71.9 283.7 314.3 246.8 286.8
 wrfout_d04_2016-06-01_06:00:00 999.0 252.6 249.7 260.7 254.6 294.6 259.8 234.2 253.9 245.4  96.3 136.9 999.0 224.8 216.2  88.7 243.5 210.5 271.1 232.5 308.1 216.0 214.2  59.3 250.5 247.6  73.0 282.8 321.5 248.1 287.0
 wrfout_d04_2016-06-01_07:00:00 999.0 244.7 250.7 268.7 259.6 308.2 261.4 234.9 256.0 245.6  97.5 139.0 999.0 222.8 216.8  92.7 244.6 209.4 271.6 236.0 309.4 216.1 218.8  60.7 248.7 247.7  75.0 283.5 335.4 248.2 287.9
 wrfout_d04_2016-06-01_08:00:00 999.0 236.0 253.2 277.9 270.5 351.0 267.1 235.4 263.0 246.3  96.0 146.3 999.0 220.9 217.3 108.8 242.7 211.7 263.9 231.9 310.2 215.5 219.5  68.4 250.6 245.8  81.4 282.0  37.5 250.3 288.2
 wrfout_d04_2016-06-01_09:00:00 999.0 237.3 255.1 277.7 279.5   5.4 272.9 235.9 262.4 246.4  72.6 140.9 999.0 217.0 216.3 123.0 238.8 212.7 263.8 227.4 307.7 214.2 219.1  74.2 245.6 240.2  87.8 281.2  87.8 251.9 288.1
 wrfout_d04_2016-06-01_10:00:00 999.0 240.1 254.0 280.6 283.9  21.8 258.4 234.8 248.3 245.2  55.9 124.4 999.0 215.2 206.4 127.3 231.3 210.8 100.0 222.2 298.2 214.6 215.5  88.1 234.9 228.3  90.6 282.4  91.9 252.7 289.4
 wrfout_d04_2016-06-01_11:00:00 999.0 242.5 250.5 283.1 282.2  37.1 266.0 234.4 241.0 245.7  55.7  49.1 999.0 204.3 199.8 136.0 220.2 209.5 146.9 213.9 291.0 215.1 209.5 134.3 224.3 220.8  92.0 281.2 104.8 253.5 289.8
 wrfout_d04_2016-06-01_12:00:00 999.0 246.0 246.6 282.3 279.5 303.7 292.6 234.7 242.3 244.0  67.2  12.0 999.0 194.0 192.3 133.1 241.3 209.1 156.2 204.5 287.4 214.9 205.6 139.0 221.1 217.0 111.5 276.0 108.3 253.6 290.4
 wrfout_d04_2016-06-01_13:00:00 999.0 254.2 243.9 278.0 276.6 287.8 331.2 235.3 239.2 244.2  72.3  17.3 999.0 188.7 190.5 119.6 267.9 209.6 166.0 199.9 283.5 215.4 204.1 149.5 216.9 213.6 158.8 272.3  99.9 253.7 290.4
 wrfout_d04_2016-06-01_14:00:00 999.0 258.9 242.0 279.4 274.5 294.5 336.8 233.9 238.7 241.4  72.9  10.3 999.0 184.9 187.5 102.5 272.0 209.7 172.8 197.3 280.6 217.2 203.4 151.2 213.9 211.7 158.2 272.1  86.3 253.3 290.2
 wrfout_d04_2016-06-01_15:00:00 999.0 261.1 241.9 308.8 275.2 246.5 334.7 232.4 237.6 238.6  77.4   4.3 999.0 183.2 184.7 100.1 279.0 212.1 180.4 192.7 277.9 218.8 203.1 140.2 208.8 207.8 306.6 270.6  79.0 252.7 289.5
 wrfout_d04_2016-06-01_16:00:00 999.0 263.2 244.1 331.5 277.0 247.1 334.1 231.4 237.8 237.0  76.6 356.3 999.0 184.0 181.5  76.2 306.1 214.2 185.5 190.6 272.6 219.3 202.3  98.7 210.4 205.4  59.9 275.5  77.2 252.8 291.7
 wrfout_d04_2016-06-01_17:00:00 999.0 258.2 244.8 328.3 277.8 232.9 320.7 228.5 233.2 235.1 210.6 345.9 999.0 185.1 180.8  70.4 346.9 212.1 191.1 189.4 264.0 217.5 196.9  79.0 205.5 203.7  90.1 280.4  64.3 253.8 293.8
 wrfout_d04_2016-06-01_18:00:00 999.0 260.3 239.2 265.0 270.5 232.7 325.6 225.6 236.3 233.3 298.2  12.4 999.0 181.5 172.2  60.5  15.4 212.2 184.1 178.6 257.2 216.0 194.3  76.3 192.1 194.7  85.4 282.9  67.4 255.5 293.0
 wrfout_d04_2016-06-01_19:00:00 999.0 283.6 235.8 247.9 263.2 233.5 306.1 223.8 236.9 233.3 110.7  60.5 999.0 180.9 159.7  42.2  35.8 213.9 191.0 179.8 254.4 214.6 187.1  97.3 165.3 193.9 261.8 287.7  75.8 256.6 294.4
 wrfout_d04_2016-06-01_20:00:00 999.0 278.5 230.0 240.6 248.0 228.3 213.6 219.8 232.5 227.9 202.1 114.1 999.0 179.6 166.5  29.7  37.4 209.4 193.9 182.8 253.2 209.4 178.1 121.3 146.8 166.2 280.6 305.8  54.9 259.0 294.7
 wrfout_d04_2016-06-01_21:00:00 999.0 358.5 241.3 256.8 259.5 232.7 224.6 222.8 229.1 232.3 315.6 137.3 999.0 181.2 163.5 351.7  33.2 213.9 198.4 177.3 252.9 214.5 167.5  61.7 137.3 144.6 297.4 308.8  55.7 259.7 295.5
 wrfout_d04_2016-06-01_22:00:00 999.0 118.0 242.2 250.9 243.2 257.2 225.0 218.7 221.2 226.3  95.7  81.8 999.0 178.5 157.0  22.0  30.4 214.5 212.9 182.2 253.4 216.8 174.6 171.0 156.5 157.4 284.3 304.6  49.5 256.9 295.5
 wrfout_d04_2016-06-01_23:00:00 999.0 140.4 230.3 223.5 245.3 155.5 230.2 219.2 227.4 223.7 109.0 160.0 999.0 175.3 155.5  38.7  30.3 213.0 214.9 178.9 259.0 215.6 188.4  64.3 158.7 163.4 283.7 284.0  68.7 259.0 297.5
 wrfout_d04_2016-06-02_00:00:00 999.0  75.3 293.3 326.1 290.4 154.0 235.7 223.0  94.4 224.2 130.9 117.7 999.0 179.1 178.0  32.7 288.1 215.1 228.0 200.9 258.7 213.3 200.7  65.9 186.1 193.3  86.3 280.5  84.8 257.2 299.6
 wrfout_d04_2016-06-02_01:00:00 999.0 196.8 111.2 142.7  74.0  54.5  46.9  52.8  57.5 266.3  67.9 114.5 999.0 172.0 181.2  45.2 261.8 214.0 236.3 206.8 266.0 217.7 202.3  39.7 212.9 226.1  92.1 275.3  82.3 264.9 297.8
 wrfout_d04_2016-06-02_02:00:00 999.0 215.4 259.8 348.1 280.1 205.7 117.9 115.1 120.4  25.0  29.3  56.0 999.0 194.3 198.9  84.6 210.3 205.8 248.6 193.2 286.7 214.8 180.5  43.0 260.6 247.6  64.0 275.7  66.2 268.7 298.1
 wrfout_d04_2016-06-02_03:00:00 999.0 245.0 239.4 128.0 247.6 276.5 263.5 184.1 273.8 271.3 266.7  12.4 999.0 214.7 202.8  87.2 245.3 213.6 243.3 206.0 270.0 200.4 201.3  47.6 244.1 230.9  67.0 281.1  57.7 276.4 300.0
 wrfout_d04_2016-06-02_04:00:00 999.0 283.8 254.3 326.8 264.5 270.5 328.2 188.2 319.5 158.4 235.7   0.1 999.0 245.1 247.1  84.4 233.3 216.6 246.7 204.7 299.0 211.1 215.4  42.8 242.9 231.2  57.5 261.1  79.4 311.4 291.7
 wrfout_d04_2016-06-02_05:00:00 999.0 330.6 254.8   2.5 273.3 351.1 306.7  86.9 342.3 212.4  38.6 123.9 999.0 225.0 253.2 116.7 264.1 230.1 244.3 225.6 290.7 222.4 211.7  50.0 249.3 243.5  62.6 256.0  84.6 297.8 285.2
 wrfout_d04_2016-06-02_06:00:00 999.0 353.3 263.7 359.4 275.7  24.9   6.9 279.3 114.2 270.3  68.7  76.3 999.0 216.7 239.2 144.1 249.8 223.9 234.6 234.9 288.8 222.8 220.3  47.3 251.4 252.8  66.1 264.3  77.7 334.9 278.6
 wrfout_d04_2016-06-02_07:00:00 999.0  43.3 276.5 347.9 282.3  22.7 158.4 276.1 103.0 264.9  65.7  67.0 999.0 223.6 234.9 160.9 226.7 220.9 230.4 241.2 283.3 218.1 223.2  54.0 244.2 241.4  71.1 261.1  84.0 309.0 284.9
 wrfout_d04_2016-06-02_08:00:00 999.0  47.9 255.9  15.5 262.1  48.3 147.3 260.2 115.1 261.7  82.1  51.6 999.0 218.5 223.6 139.7 234.9 219.4 228.8 237.5 279.5 223.3 232.9  55.1 249.8 245.8  78.2 265.7 107.1 250.1 280.6
 wrfout_d04_2016-06-02_09:00:00 999.0  37.5 249.1 323.8 256.0  39.1 108.1 310.8  81.1 257.7 154.2 109.2 999.0 222.4 214.6 135.7 231.7 218.4 217.9 225.7 279.1 216.6 221.7  76.1 245.7 243.3  97.6 269.2  69.1 266.6 282.0
 wrfout_d04_2016-06-02_10:00:00 999.0  36.3 312.7  18.8 310.0  24.6  20.7 300.0  30.8 264.3 116.5 125.2 999.0 224.9 225.2 148.4 227.8 218.0 203.1 219.1 277.2 216.9 221.3  32.9 236.8 231.9  82.4 265.4  84.3 269.7 280.5
 wrfout_d04_2016-06-02_11:00:00 999.0  46.3 294.9   5.2 302.1  82.9 102.7   1.2  35.9 274.1  72.8 134.8 999.0 200.5 235.0 166.3 204.7 216.9 190.0 216.4 276.5 216.6 213.4 359.2 227.6 222.3  57.6 263.8  56.1 270.1 277.2
 wrfout_d04_2016-06-02_12:00:00 999.0  58.5 283.5  49.6 284.9  82.4  89.1  20.8  90.4 281.4  63.3 127.2 999.0 189.4 197.2 187.3 182.1 213.5 192.9 213.7 274.9 214.1 204.9 344.8 211.5 214.0  73.9 257.3  41.8 266.0 280.4
 wrfout_d04_2016-06-02_13:00:00 999.0  71.7 257.3 159.2 276.0  43.6 110.1  85.8 103.1 269.5   0.0 112.5 999.0 182.3 180.3 198.1 194.2 208.0 178.0 207.2 267.8 210.2 190.3 308.9 196.1 201.1  75.5 248.0  24.0 257.6 277.7
 wrfout_d04_2016-06-02_14:00:00 999.0  61.0 228.4 135.2 248.6  38.6  62.2 112.9 117.9 257.5  77.0  75.4 999.0 187.2 171.6 205.7 212.0 196.7 169.9 203.1 271.0 194.6 190.4 215.6 199.9 198.3 101.4 241.3 308.8 256.1 279.4
 wrfout_d04_2016-06-02_15:00:00 999.0  83.7 238.2 100.9 249.2 345.0  58.9 288.2  43.8 254.5 334.1  53.3 999.0 179.9 170.5 232.4  96.8 195.9 171.6 195.8 271.9 198.4 178.6 275.9 168.9 178.7 129.8 234.2 325.7 259.7 271.7
 wrfout_d04_2016-06-02_16:00:00 999.0  84.0 236.0 114.7 246.2  57.1 105.9 258.8 155.5 243.0 331.6   5.3 999.0 181.7 171.7 241.9  84.6 200.6 183.8 194.9 268.9 196.9 186.5 286.8 172.0 182.5 167.0 232.4   8.2 261.9 277.0
 wrfout_d04_2016-06-02_17:00:00 999.0 103.5 237.3 155.7 248.6 285.6 153.5 249.0 156.3 247.7 319.1   6.6 999.0 184.1 176.5 241.5 101.3 202.9 191.2 193.0 264.4 205.1 184.4 296.7 153.9 170.8 183.2 234.6  39.4 253.6 271.1
 wrfout_d04_2016-06-02_18:00:00 999.0  74.2 241.7  38.0 252.5 211.5 154.3 252.4 134.8 243.2 231.8 334.6 999.0 179.0 167.1 243.3  79.4 199.6 192.2 184.2 261.5 204.1 186.6 307.3 143.1 212.3 241.1 243.4  17.1 251.0 272.1
 wrfout_d04_2016-06-02_19:00:00 999.0 110.9 238.6 152.2 244.7 206.1   7.8 232.1 137.1 226.6  63.7  12.5 999.0 176.9 164.0 239.0  56.8 206.6 191.9 188.4 261.7 211.4 192.1 322.1 117.1 123.8 321.4 243.8  29.3 247.2 271.5
 wrfout_d04_2016-06-02_20:00:00 999.0 143.5 239.0  61.2 250.6 194.1  66.6 222.7  53.9 243.7  43.7   0.8 999.0 178.0 164.1 244.2  57.9 201.0 202.8 186.9 258.9 211.1 183.1 329.1 156.3 140.4 352.6 247.8  11.8 243.4 274.1
 wrfout_d04_2016-06-02_21:00:00 999.0 172.6 244.4  16.1 255.0 214.3 268.2 228.8 118.6 251.2 314.9  14.0 999.0 172.2 163.2 250.2  48.8 205.0 202.8 190.9 256.6 214.4 177.7 322.0 129.1 129.8 357.9 246.8  28.3 243.4 274.8
 wrfout_d04_2016-06-02_22:00:00 999.0 205.6 245.4  36.4 258.1 210.5 169.2 233.5 125.9 228.2  58.6 349.0 999.0 172.3 166.5 243.6  33.8 200.2 210.7 191.1 257.7 209.4 172.7 318.8 158.9 128.6 346.8 253.7  12.0 243.7 277.8
 wrfout_d04_2016-06-02_23:00:00 999.0 237.4 248.6 323.7 261.9 219.4 312.5 234.4  11.6 233.9 106.6   7.0 999.0 188.9 178.0 229.6  19.3 189.8 218.5 201.9 257.9 201.4 191.9   2.7 186.2 171.8  49.4 264.4 124.1 243.6 280.4
