 wrfout_d04_2016-06-16_00:00:00 999.00  28.31  24.44  30.01  25.68  30.09  31.46  29.14  31.16  30.48  29.94  29.71 999.00  30.26  29.90  30.18  26.02  29.40  18.62  29.37  12.79  28.32  28.75  30.00  30.36  30.46  32.56  30.84  29.27  28.43  29.40
 wrfout_d04_2016-06-16_01:00:00 999.00  28.37  25.30  30.82  26.58  31.87  32.84  29.71  32.71  31.47  30.66  30.73 999.00  31.93  31.55  30.97  27.56  30.02  19.40  30.59  13.51  28.38  29.07  30.68  32.13  31.93  33.49  31.49  30.44  28.91  29.87
 wrfout_d04_2016-06-16_02:00:00 999.00  28.40  26.01  31.55  27.36  33.33  33.87  30.17  33.74  32.51  31.70  31.46 999.00  32.99  33.05  31.54  28.22  30.52  20.00  31.66  13.87  28.36  29.07  31.58  32.97  32.51  34.25  31.86  31.42  29.39  30.48
 wrfout_d04_2016-06-16_03:00:00 999.00  28.41  26.68  32.34  28.17  34.49  34.92  30.73  34.78  33.21  32.19  31.99 999.00  33.36  33.85  32.02  29.06  30.90  20.38  32.47  14.06  28.35  29.11  32.34  33.44  32.92  35.06  32.08  32.19  29.69  30.85
 wrfout_d04_2016-06-16_04:00:00 999.00  28.27  27.15  32.77  28.63  34.96  35.39  30.75  35.30  33.08  32.44  32.30 999.00  33.54  34.63  32.35  29.58  31.04  20.53  33.13  14.23  28.34  29.22  32.56  33.71  33.05  35.55  32.20  32.62  29.82  31.01
 wrfout_d04_2016-06-16_05:00:00 999.00  28.14  27.21  32.58  28.71  33.84  35.68  30.61  35.59  32.67  32.58  32.41 999.00  33.46  35.06  32.44  29.80  30.64  20.50  33.47  14.22  28.36  29.10  32.39  33.77  32.98  35.93  32.28  32.80  29.82  31.08
 wrfout_d04_2016-06-16_06:00:00 999.00  28.14  26.73  32.25  28.27  32.09  35.03  30.49  34.98  32.29  32.54  32.51 999.00  33.36  35.10  32.35  29.70  30.08  20.23  33.49  14.01  28.36  29.00  31.92  33.52  32.84  35.95  32.15  32.64  29.68  31.00
 wrfout_d04_2016-06-16_07:00:00 999.00  28.33  26.04  31.57  27.53  31.30  34.42  30.05  34.22  31.83  32.46  32.56 999.00  33.05  34.89  32.31  29.31  30.45  19.79  33.19  13.61  28.33  28.96  31.73  33.27  32.44  35.66  31.76  32.14  29.34  30.80
 wrfout_d04_2016-06-16_08:00:00 999.00  28.49  25.17  30.75  26.56  30.54  33.28  29.69  33.08  31.18  31.86  31.94 999.00  32.60  34.22  32.13  28.48  30.09  18.98  32.52  12.98  28.31  28.83  31.53  32.64  31.89  35.03  31.38  31.29  28.82  30.47
 wrfout_d04_2016-06-16_09:00:00 999.00  28.54  24.33  29.79  25.60  30.02  32.45  29.26  32.34  30.66  30.86  30.55 999.00  31.80  33.25  31.54  27.31  29.62  18.06  31.55  12.31  28.30  28.68  30.63  31.82  31.22  34.40  31.06  30.10  28.18  29.97
 wrfout_d04_2016-06-16_10:00:00 999.00  28.12  23.77  28.73  24.81  29.67  31.58  28.87  31.29  30.02  29.92  29.32 999.00  31.02  31.84  31.06  25.88  29.07  17.05  30.48  11.46  28.30  28.45  29.43  30.97  30.28  33.17  30.60  28.64  27.36  29.42
 wrfout_d04_2016-06-16_11:00:00 999.00  27.72  23.55  28.14  24.45  29.95  30.92  28.85  30.34  30.16  28.91  28.65 999.00  30.27  30.58  30.20  23.94  28.67  16.46  29.44  10.86  28.29  28.20  29.06  30.07  29.57  30.88  30.12  27.74  26.90  28.93
 wrfout_d04_2016-06-16_12:00:00 999.00  27.86  23.58  27.09  24.46  29.80  30.23  28.69  29.81  30.12  28.54  28.64 999.00  29.65  29.87  29.71  23.18  28.47  16.41  28.94  10.76  28.24  28.10  28.75  29.58  29.05  30.54  29.84  27.21  26.82  28.71
 wrfout_d04_2016-06-16_13:00:00 999.00  27.77  23.56  26.91  24.56  29.43  30.62  28.66  30.00  29.90  28.58  28.65 999.00  29.15  29.14  29.68  22.60  28.41  16.38  28.40  10.80  28.22  28.05  28.15  29.14  28.78  30.15  29.62  26.59  26.76  28.46
 wrfout_d04_2016-06-16_14:00:00 999.00  27.60  23.34  26.76  24.27  29.08  30.14  28.56  29.47  29.55  28.56  28.40 999.00  28.73  28.70  29.82  22.14  28.30  15.78  28.00  10.55  28.22  27.98  27.88  28.91  28.58  29.78  29.41  26.15  26.70  28.26
 wrfout_d04_2016-06-16_15:00:00 999.00  27.51  23.10  26.41  24.07  28.83  29.69  28.39  29.11  29.24  28.51  28.81 999.00  28.48  28.43  30.07  21.66  28.19  15.12  27.59  10.45  28.15  27.86  27.56  28.66  28.38  29.36  29.17  25.24  26.63  28.01
 wrfout_d04_2016-06-16_16:00:00 999.00  27.71  22.86  26.11  23.76  28.37  29.74  28.15  28.73  28.85  28.38  28.90 999.00  28.20  28.04  30.05  21.32  28.07  14.34  27.19  10.37  28.13  27.72  27.26  28.40  28.14  29.06  28.88  24.88  26.55  27.74
 wrfout_d04_2016-06-16_17:00:00 999.00  27.71  22.59  25.88  23.52  27.90  29.48  27.92  28.52  28.52  29.55  28.26 999.00  27.91  27.68  29.67  20.87  28.00  15.26  26.96  10.52  28.10  27.76  26.92  28.12  27.93  28.79  28.74  24.62  26.51  27.72
 wrfout_d04_2016-06-16_18:00:00 999.00  27.73  22.33  25.60  23.20  27.15  28.81  27.67  28.09  28.13  28.84  28.25 999.00  27.76  27.54  28.85  20.53  27.92  13.70  26.61  10.51  28.08  27.77  26.63  27.85  27.73  28.52  28.51  24.36  26.47  27.56
 wrfout_d04_2016-06-16_19:00:00 999.00  27.67  22.14  25.36  22.94  26.68  28.42  27.47  28.00  27.82  28.43  27.93 999.00  27.62  27.38  28.44  20.29  27.79  14.47  26.36  10.39  28.05  27.64  26.35  27.63  27.61  28.27  28.45  24.12  26.43  27.50
 wrfout_d04_2016-06-16_20:00:00 999.00  27.61  22.06  25.16  22.82  26.20  27.80  27.12  27.33  27.13  27.87  27.69 999.00  27.42  27.16  28.28  20.05  27.70  14.97  26.07  10.44  28.03  27.61  26.10  27.38  27.47  28.04  28.34  23.90  26.39  27.33
 wrfout_d04_2016-06-16_21:00:00 999.00  27.52  21.97  25.04  22.73  26.00  27.40  26.97  26.93  26.68  27.52  27.45 999.00  27.19  26.95  28.33  19.79  27.65  15.33  25.87  10.47  28.01  27.52  25.93  27.10  27.26  27.85  28.30  23.71  26.36  27.31
 wrfout_d04_2016-06-16_22:00:00 999.00  27.37  22.52  27.63  23.50  26.94  28.37  27.49  27.80  27.64  27.72  28.18 999.00  27.45  27.25  28.95  22.75  28.00  16.85  26.11  11.43  28.03  27.61  28.15  27.16  27.19  28.25  28.58  26.78  26.93  27.80
 wrfout_d04_2016-06-16_23:00:00 999.00  27.44  23.50  28.64  24.54  28.38  29.15  28.22  28.86  28.69  28.79  28.67 999.00  28.58  28.35  29.71  25.62  28.77  18.95  27.21  13.00  28.08  28.01  28.75  28.53  28.57  29.66  29.40  29.42  27.82  28.75
