 wrfout_d04_2016-06-02_00:00:00 999.00  25.59  22.43  26.33  23.67  29.06  30.71  28.62  31.19  30.51  28.83  28.85 999.00  29.02  28.82  29.83  25.90  28.65  19.64  28.45  13.26  28.52  28.93  29.63  29.08  29.12  30.27  30.68  30.86  29.18  29.18
 wrfout_d04_2016-06-02_01:00:00 999.00  25.91  22.21  25.71  23.06  25.70  25.69  25.48  26.32  30.44  28.27  29.22 999.00  29.69  29.75  29.71  27.80  28.76  21.08  29.50  14.03  28.69  29.00  29.97  31.07  30.92  31.49  31.35  30.37  29.27  30.04
 wrfout_d04_2016-06-02_02:00:00 999.00  25.75  20.93  25.31  21.87  26.12  25.68  25.57  26.07  26.28  27.61  28.08 999.00  31.68  30.74  30.10  28.99  29.58  21.34  30.15  13.58  28.81  29.16  30.29  31.91  31.17  31.85  31.96  32.50  29.77  29.72
 wrfout_d04_2016-06-02_03:00:00 999.00  25.66  21.69  25.25  22.29  25.52  25.99  26.00  26.53  26.35  26.30  27.84 999.00  31.41  31.73  29.71  28.65  30.22  21.51  31.30  14.93  28.87  29.24  30.11  32.38  32.01  32.12  32.49  31.96  30.81  31.18
 wrfout_d04_2016-06-02_04:00:00 999.00  25.41  20.86  25.75  21.89  25.78  26.88  27.31  26.98  26.44  28.57  28.65 999.00  30.64  31.97  29.52  28.39  30.93  20.76  32.33  12.35  28.82  29.12  29.71  32.13  31.48  31.91  32.54  32.04  31.88  31.84
 wrfout_d04_2016-06-02_05:00:00 999.00  25.35  21.69  24.74  22.50  26.01  26.69  27.24  26.90  28.24  28.37  29.36 999.00  30.45  31.82  29.81  27.63  30.66  19.92  32.39  12.42  28.78  29.20  29.62  32.40  32.23  31.63  32.35  31.18  32.04  31.97
 wrfout_d04_2016-06-02_06:00:00 999.00  25.36  22.43  25.56  23.19  25.96  26.17  26.99  26.14  28.29  27.30  28.69 999.00  30.75  31.63  29.69  27.38  30.28  19.48  31.68  12.31  28.78  29.10  28.94  31.76  31.86  31.26  32.35  30.35  31.28  31.59
 wrfout_d04_2016-06-02_07:00:00 999.00  25.21  22.72  26.55  23.71  26.63  27.45  27.38  26.95  28.78  27.13  27.84 999.00  30.80  31.67  29.15  27.06  29.94  18.97  30.71  12.15  28.71  29.12  28.34  31.35  31.15  30.45  31.72  29.71  30.62  31.18
 wrfout_d04_2016-06-02_08:00:00 999.00  25.20  22.64  26.24  23.42  26.72  27.37  27.65  27.17  28.77  27.57  27.11 999.00  30.61  31.31  28.87  26.48  29.65  18.68  29.88  11.99  28.68  29.11  27.81  30.74  30.47  29.87  31.40  28.93  29.61  30.62
 wrfout_d04_2016-06-02_09:00:00 999.00  25.16  22.77  26.27  23.40  25.95  27.06  27.18  27.42  28.42  27.67  27.28 999.00  30.13  30.67  28.83  25.42  29.18  18.20  29.36  11.44  28.63  29.08  27.78  30.31  30.05  29.45  30.94  27.98  28.67  30.04
 wrfout_d04_2016-06-02_10:00:00 999.00  25.13  22.47  25.85  23.53  25.41  27.46  26.89  28.03  28.34  27.25  27.05 999.00  29.43  29.96  28.58  24.58  28.82  17.67  28.96  10.91  28.62  29.04  27.45  29.75  29.56  29.06  30.71  27.23  27.82  29.67
 wrfout_d04_2016-06-02_11:00:00 999.00  25.34  22.34  25.36  23.21  25.21  27.62  26.54  27.39  27.79  26.97  26.73 999.00  29.00  28.94  28.41  23.62  28.58  16.45  28.54  10.53  28.62  28.98  27.05  29.25  29.10  29.04  30.43  26.33  26.69  29.29
 wrfout_d04_2016-06-02_12:00:00 999.00  25.45  22.37  25.89  23.40  25.52  26.38  26.04  27.07  27.51  26.08  26.89 999.00  28.90  28.38  28.38  23.20  28.48  15.68  28.29  10.49  28.61  28.97  27.33  29.02  28.90  28.96  30.26  25.98  26.90  29.16
 wrfout_d04_2016-06-02_13:00:00 999.00  25.51  22.44  25.89  23.31  25.59  26.20  26.06  26.43  27.60  25.54  27.04 999.00  28.70  27.98  28.15  22.94  28.42  15.55  28.06  10.61  28.58  28.88  27.36  28.86  28.76  28.56  30.04  25.54  26.81  28.97
 wrfout_d04_2016-06-02_14:00:00 999.00  25.61  22.55  25.22  23.24  25.75  26.62  25.57  26.66  27.93  25.81  26.96 999.00  28.26  27.66  27.95  22.34  28.31  14.97  27.73  10.65  28.59  28.74  27.28  28.66  28.58  28.49  29.83  25.24  26.79  28.73
 wrfout_d04_2016-06-02_15:00:00 999.00  25.53  22.74  25.86  23.40  25.73  27.09  26.39  26.58  27.64  25.90  26.94 999.00  28.24  27.48  27.74  22.13  28.19  14.89  27.34  10.73  28.57  28.59  26.43  28.33  28.41  28.28  29.52  24.97  26.67  28.42
 wrfout_d04_2016-06-02_16:00:00 999.00  25.79  22.80  26.18  23.43  25.61  27.43  26.86  26.62  27.56  26.47  27.22 999.00  28.13  27.31  27.72  21.84  28.09  14.68  26.85  10.85  28.53  28.52  26.94  27.90  28.00  28.27  29.27  24.75  26.54  28.15
 wrfout_d04_2016-06-02_17:00:00 999.00  26.05  22.85  26.35  23.49  26.19  27.42  26.83  26.74  28.18  26.45  26.44 999.00  27.97  27.07  27.80  21.57  27.99  14.34  26.58  10.90  28.48  28.45  26.83  27.48  27.69  28.15  29.21  24.52  26.56  28.03
 wrfout_d04_2016-06-02_18:00:00 999.00  26.26  22.80  25.95  23.47  25.83  27.18  26.89  27.12  27.98  25.84  26.30 999.00  27.71  26.81  27.72  21.42  27.95  14.14  26.17  10.83  28.56  28.45  26.69  27.07  27.25  27.99  29.03  24.38  26.46  27.80
 wrfout_d04_2016-06-02_19:00:00 999.00  26.54  22.86  26.05  23.44  26.44  26.89  27.25  27.17  28.12  25.95  26.39 999.00  27.54  26.64  27.65  21.48  27.89  14.82  26.13  10.69  28.48  28.55  26.71  26.68  26.93  27.59  28.96  24.19  26.44  27.69
 wrfout_d04_2016-06-02_20:00:00 999.00  26.78  22.68  25.41  23.23  26.09  26.51  27.21  26.77  27.98  25.65  26.12 999.00  27.35  26.33  27.55  21.00  27.81  15.55  25.89  10.75  28.41  28.23  26.69  26.33  26.56  27.34  28.79  24.02  26.41  27.52
 wrfout_d04_2016-06-02_21:00:00 999.00  26.94  22.60  25.77  23.21  26.36  26.63  27.30  26.46  27.43  25.55  26.01 999.00  27.05  25.96  27.53  20.81  27.69  15.63  25.74  10.70  28.38  27.99  26.63  25.93  26.18  27.09  28.76  23.77  26.39  27.49
 wrfout_d04_2016-06-02_22:00:00 999.00  26.84  22.53  26.13  23.18  26.23  26.76  27.43  27.08  28.10  26.55  26.58 999.00  27.76  27.05  27.80  22.80  27.98  16.70  26.08  11.12  28.41  27.78  27.12  26.51  26.54  27.48  29.08  26.42  27.04  27.86
 wrfout_d04_2016-06-02_23:00:00 999.00  27.22  22.81  26.90  23.71  27.23  27.91  28.14  27.98  28.67  27.37  27.72 999.00  29.14  28.40  28.86  24.45  28.83  18.00  27.32  11.79  28.43  28.54  27.82  28.24  28.30  29.00  29.72  28.33  27.93  28.65
