 wrfout_d04_2016-06-26_00:00:00 999.00  27.81  25.32  30.07  27.02  30.30  30.83  29.36  30.98  30.47  30.52  30.25 999.00  30.64  30.35  31.04  26.00  30.10  19.56  29.61  13.92  28.99  29.18  29.39  30.98  30.96  30.23  31.37  29.39  29.79  30.84
 wrfout_d04_2016-06-26_01:00:00 999.00  28.11  26.87  31.54  28.11  32.28  32.38  30.04  32.50  30.83  31.85  31.88 999.00  30.20  29.99  31.46  26.46  31.11  20.59  30.50  14.69  29.13  29.30  29.65  31.66  31.49  30.77  31.74  29.58  29.84  31.42
 wrfout_d04_2016-06-26_02:00:00 999.00  28.14  26.57  31.79  29.46  31.82  33.49  30.30  33.63  31.16  32.21  32.29 999.00  31.11  31.14  31.81  26.83  31.55  21.24  31.66  12.60  29.18  29.50  30.14  32.57  32.47  31.31  32.47  30.21  30.34  32.16
 wrfout_d04_2016-06-26_03:00:00 999.00  28.16  27.63  32.06  30.37  31.61  34.69  30.51  34.92  31.51  32.58  32.56 999.00  30.74  31.61  31.99  28.89  31.92  19.36  32.65  12.67  29.18  29.46  30.36  33.88  33.22  31.77  32.91  30.49  30.68  32.78
 wrfout_d04_2016-06-26_04:00:00 999.00  28.18  26.03  32.09  29.23  30.83  34.14  30.60  34.65  32.25  32.79  32.48 999.00  31.45  31.92  32.05  28.15  32.02  18.77  33.35  13.19  29.22  29.28  30.45  34.26  33.41  31.97  33.06  30.64  30.87  33.11
 wrfout_d04_2016-06-26_05:00:00 999.00  28.15  25.67  31.82  28.56  31.43  34.86  30.47  35.32  32.53  32.28  32.52 999.00  32.01  32.39  31.97  29.84  31.94  18.27  33.68  12.45  29.28  29.41  30.40  34.32  33.51  32.00  33.15  30.72  30.89  33.06
 wrfout_d04_2016-06-26_06:00:00 999.00  28.11  27.26  31.48  29.66  31.38  34.02  30.17  34.21  32.36  31.93  32.29 999.00  31.97  33.49  31.21  27.74  31.85  17.95  32.77  11.22  29.25  29.41  30.38  34.00  33.23  31.94  33.05  30.58  30.68  32.67
 wrfout_d04_2016-06-26_07:00:00 999.00  28.08  26.88  31.14  28.75  30.95  33.38  29.96  33.65  32.13  29.75  31.92 999.00  31.81  33.45  30.28  26.61  31.68  18.34  32.39  11.51  29.24  29.39  30.22  33.53  32.82  31.78  32.90  30.28  30.01  32.16
 wrfout_d04_2016-06-26_08:00:00 999.00  28.18  25.89  30.32  27.95  30.61  32.38  30.03  33.07  32.02  28.68  29.82 999.00  31.28  32.18  30.27  26.51  31.38  18.71  31.45  12.76  29.22  29.42  29.78  32.62  32.11  31.53  32.50  29.73  29.29  32.12
 wrfout_d04_2016-06-26_09:00:00 999.00  28.14  24.62  30.74  25.48  28.10  31.94  30.23  32.36  31.95  26.85  28.49 999.00  30.67  31.66  30.14  25.41  30.96  17.59  30.60  12.15  29.23  29.43  29.29  31.93  31.41  31.00  32.01  28.98  28.88  31.25
 wrfout_d04_2016-06-26_10:00:00 999.00  28.06  24.36  29.74  26.02  29.47  32.47  29.08  32.51  31.53  26.91  28.72 999.00  30.65  31.20  29.86  23.30  30.25  17.34  29.82  11.91  29.19  29.43  28.45  31.20  30.82  30.41  31.71  28.08  27.87  30.42
 wrfout_d04_2016-06-26_11:00:00 999.00  28.07  22.67  27.48  24.01  28.93  30.90  27.90  31.51  30.35  27.76  28.65 999.00  30.42  30.81  29.54  23.35  29.62  16.78  29.31  11.35  29.17  29.42  27.89  30.46  30.23  29.86  31.33  26.13  26.46  29.59
 wrfout_d04_2016-06-26_12:00:00 999.00  28.11  22.58  27.59  23.47  27.88  30.33  27.58  30.52  29.85  28.05  28.61 999.00  30.12  29.79  29.39  23.23  29.41  16.82  29.43  11.05  29.18  29.40  27.72  30.38  30.11  29.35  31.12  25.63  25.90  29.23
 wrfout_d04_2016-06-26_13:00:00 999.00  28.32  22.16  27.30  23.00  27.94  29.25  27.11  30.24  29.60  28.14  28.41 999.00  29.89  29.56  29.10  22.64  29.11  16.75  29.04  11.38  29.20  29.21  27.51  30.11  29.94  28.87  31.11  25.30  25.54  28.87
 wrfout_d04_2016-06-26_14:00:00 999.00  28.57  22.10  26.99  22.98  28.25  29.05  26.88  29.81  29.47  27.77  28.15 999.00  29.68  29.34  28.93  22.15  29.02  14.91  28.62  10.70  29.20  29.44  27.27  29.95  29.63  28.54  30.79  24.87  25.23  28.45
 wrfout_d04_2016-06-26_15:00:00 999.00  28.27  21.91  26.78  22.78  28.20  29.08  26.66  29.47  29.11  27.46  28.02 999.00  29.55  29.13  28.64  21.86  28.95  15.61  28.37  10.55  29.25  29.42  26.83  29.65  29.46  28.41  30.62  24.60  25.00  28.02
 wrfout_d04_2016-06-26_16:00:00 999.00  28.16  21.65  26.54  22.60  28.00  28.89  26.42  29.21  28.54  27.25  27.84 999.00  29.22  28.63  28.38  21.73  28.80  15.81  27.93  10.53  29.30  28.97  26.14  29.38  29.29  28.12  30.34  24.48  24.78  27.75
 wrfout_d04_2016-06-26_17:00:00 999.00  28.17  21.45  26.19  22.37  27.70  28.82  25.98  29.14  28.07  26.95  27.79 999.00  28.95  28.24  28.15  21.59  28.67  14.12  27.70  10.19  29.27  28.71  25.79  29.19  29.20  27.68  30.49  24.16  24.73  27.57
 wrfout_d04_2016-06-26_18:00:00 999.00  28.17  21.39  26.17  22.28  27.51  28.60  25.66  28.80  27.53  26.81  27.73 999.00  28.75  27.88  28.04  21.31  28.66  13.96  27.41   8.14  29.20  28.87  25.51  28.79  28.89  27.44  29.98  23.80  24.63  27.31
 wrfout_d04_2016-06-26_19:00:00 999.00  28.09  21.09  25.66  21.86  27.31  28.38  25.47  28.43  27.18  26.92  28.22 999.00  28.59  27.61  27.89  21.14  28.67  13.70  27.21   8.59  29.18  28.73  25.32  27.76  28.67  27.17  29.41  23.56  24.59  27.27
 wrfout_d04_2016-06-26_20:00:00 999.00  28.08  21.09  25.53  21.88  27.03  28.04  25.16  27.98  26.55  26.42  27.44 999.00  28.40  27.35  27.63  21.04  28.52  13.42  27.04   7.36  29.19  28.06  25.08  27.27  28.13  27.01  29.25  23.42  24.63  27.06
 wrfout_d04_2016-06-26_21:00:00 999.00  28.04  21.13  25.56  21.86  26.80  27.86  25.14  27.64  26.23  26.38  27.42 999.00  28.20  26.94  27.13  20.88  28.42  13.02  26.71   8.17  29.22  27.62  25.07  26.90  27.57  26.92  29.03  23.47  24.70  27.03
 wrfout_d04_2016-06-26_22:00:00 999.00  28.05  23.29  27.75  24.27  27.55  28.16  27.19  28.18  26.98  27.28  27.94 999.00  28.38  27.46  28.04  23.25  28.76  15.43  26.85  10.04  29.27  27.18  26.60  26.84  27.41  27.11  29.17  25.38  27.09  27.61
 wrfout_d04_2016-06-26_23:00:00 999.00  28.07  24.60  29.08  25.87  29.08  29.25  28.99  29.32  28.70  28.39  29.09 999.00  29.21  28.34  28.92  24.41  29.46  19.17  27.84  12.28  29.36  27.59  27.81  28.02  28.40  28.12  30.46  27.34  28.53  28.90
