 wrfout_d04_2016-06-17_00:00:00 999.00  27.75  24.59  29.81  25.64  29.64  30.29  28.88  30.12  30.03  29.67  29.81 999.00  30.13  29.92  30.42  26.46  29.49  20.18  28.50  14.25  28.11  28.20  29.38  30.39  30.13  30.59  30.16  29.74  28.60  29.60
 wrfout_d04_2016-06-17_01:00:00 999.00  27.64  25.65  30.30  26.96  30.99  31.97  29.44  31.86  31.39  30.97  30.59 999.00  31.62  31.56  31.44  27.80  30.41  21.16  29.79  15.10  28.60  28.79  29.66  30.78  31.03  30.70  30.98  28.94  29.25  29.74
 wrfout_d04_2016-06-17_02:00:00 999.00  27.54  26.37  29.66  27.88  32.11  33.17  29.65  32.93  31.75  31.83  31.12 999.00  32.05  32.76  31.63  28.70  30.89  21.59  31.11  15.73  28.69  28.87  29.81  31.71  31.76  31.12  31.46  31.92  29.74  30.69
 wrfout_d04_2016-06-17_03:00:00 999.00  27.59  26.62  29.46  28.13  32.33  33.23  29.79  34.05  32.01  32.30  31.73 999.00  32.21  33.90  31.67  29.51  31.23  21.90  32.14  15.88  28.68  28.84  30.00  32.09  32.23  31.62  31.80  33.07  30.09  31.21
 wrfout_d04_2016-06-17_04:00:00 999.00  27.58  26.45  30.89  28.21  31.11  32.53  29.89  33.98  31.97  32.52  32.02 999.00  32.28  35.10  31.59  29.99  31.42  21.91  33.30  15.90  28.67  28.82  30.10  33.20  32.51  31.89  31.88  33.42  30.25  31.43
 wrfout_d04_2016-06-17_05:00:00 999.00  27.54  26.19  30.98  28.40  30.85  32.24  29.93  33.22  31.91  32.41  32.01 999.00  32.19  35.50  31.44  30.23  31.49  21.81  33.67  15.67  28.66  28.83  30.28  33.59  32.73  32.23  31.95  33.59  30.25  31.52
 wrfout_d04_2016-06-17_06:00:00 999.00  27.55  25.89  30.65  27.95  29.77  31.33  29.83  33.60  31.83  32.29  31.60 999.00  32.10  35.22  31.41  30.39  31.42  21.46  33.88  15.40  28.64  28.84  30.10  33.70  32.73  32.23  31.99  33.60  30.12  31.50
 wrfout_d04_2016-06-17_07:00:00 999.00  27.54  24.66  30.27  27.05  28.76  27.26  29.55  29.39  31.52  30.73  31.23 999.00  31.93  34.67  31.16  30.02  31.19  20.87  33.67  14.90  28.62  28.81  29.83  33.59  32.42  32.13  31.83  33.22  29.81  31.36
 wrfout_d04_2016-06-17_08:00:00 999.00  27.58  23.61  28.70  24.78  27.39  29.00  29.32  30.06  30.99  30.79  30.65 999.00  31.50  33.84  30.43  29.32  30.81  20.22  32.96  14.23  28.61  28.72  29.40  32.87  31.94  32.04  31.54  32.55  29.32  31.04
 wrfout_d04_2016-06-17_09:00:00 999.00  27.49  23.81  27.95  25.49  27.37  29.53  29.01  30.32  30.38  29.88  29.78 999.00  30.98  32.77  29.90  28.01  30.35  19.29  31.95  13.36  28.64  28.65  29.12  32.20  31.20  31.80  31.22  31.03  28.60  30.47
 wrfout_d04_2016-06-17_10:00:00 999.00  27.08  23.31  27.90  24.36  27.42  29.13  28.32  29.33  29.67  28.99  28.89 999.00  30.10  31.53  29.34  26.40  29.75  18.07  30.58  11.93  28.65  28.54  28.61  30.77  30.25  31.12  30.76  29.02  27.64  29.95
 wrfout_d04_2016-06-17_11:00:00 999.00  27.02  22.18  26.84  22.94  26.92  27.99  27.62  28.67  29.00  28.22  28.01 999.00  29.43  30.40  29.28  24.52  29.07  16.79  29.18  10.55  28.64  28.43  28.14  29.80  29.29  30.42  30.24  26.89  26.82  29.38
 wrfout_d04_2016-06-17_12:00:00 999.00  27.33  21.95  26.10  22.94  27.15  28.20  27.25  28.34  28.89  27.89  27.89 999.00  29.18  29.79  29.18  23.67  28.82  15.80  28.76  10.56  28.57  28.34  27.82  29.25  28.80  29.76  30.01  26.23  26.62  29.21
 wrfout_d04_2016-06-17_13:00:00 999.00  27.41  22.17  26.52  22.97  27.13  28.22  26.93  28.30  28.71  27.89  28.02 999.00  29.02  29.27  28.93  22.99  28.58  16.68  28.21  10.89  28.47  28.24  27.43  28.73  28.49  29.45  29.81  25.73  26.41  29.05
 wrfout_d04_2016-06-17_14:00:00 999.00  27.47  22.13  26.00  23.03  26.90  28.20  26.61  28.18  28.59  27.75  27.86 999.00  28.55  28.98  28.80  22.45  28.41  16.35  27.77  10.55  28.43  28.14  27.00  28.42  28.29  29.14  29.52  25.40  26.17  28.80
 wrfout_d04_2016-06-17_15:00:00 999.00  27.42  21.92  26.51  22.27  26.83  27.71  26.19  27.79  28.33  27.63  27.27 999.00  28.29  28.53  28.50  22.02  28.24  16.27  27.34  10.68  28.39  27.98  26.67  28.23  28.13  28.84  29.23  25.11  25.90  28.59
 wrfout_d04_2016-06-17_16:00:00 999.00  27.32  21.20  25.61  22.06  26.69  27.57  26.20  27.50  27.94  27.20  27.14 999.00  27.91  27.94  28.49  21.63  28.21  16.07  26.71  10.50  28.36  27.90  26.38  27.95  27.89  28.54  28.89  24.82  25.62  28.17
 wrfout_d04_2016-06-17_17:00:00 999.00  27.16  21.09  25.39  21.90  26.31  27.39  25.64  27.28  27.49  26.98  27.07 999.00  27.71  27.54  28.06  21.29  28.05  15.97  26.44  10.50  28.32  27.81  26.09  27.73  27.73  28.24  28.88  24.47  24.80  27.87
 wrfout_d04_2016-06-17_18:00:00 999.00  27.08  20.80  25.07  21.74  26.02  27.28  25.33  26.97  27.00  26.83  26.86 999.00  27.52  27.24  27.69  20.95  27.94  15.73  26.14  10.33  28.27  27.77  25.75  27.23  27.49  27.96  28.75  24.12  24.58  27.42
 wrfout_d04_2016-06-17_19:00:00 999.00  27.04  20.73  24.84  21.67  25.81  26.88  25.03  26.66  26.51  26.61  26.79 999.00  27.28  27.02  27.65  20.65  27.85  15.71  26.00  10.59  28.21  27.71  25.58  26.65  27.11  27.72  28.59  23.77  24.37  27.12
 wrfout_d04_2016-06-17_20:00:00 999.00  27.04  20.60  24.53  21.43  25.76  26.25  24.72  26.57  26.79  26.07  26.67 999.00  27.04  26.77  27.69  20.41  27.75  15.56  25.72  10.34  28.17  27.51  25.55  26.30  26.65  27.36  28.37  23.49  24.23  26.87
 wrfout_d04_2016-06-17_21:00:00 999.00  27.06  20.43  24.32  21.26  25.48  25.92  24.47  26.25  26.32  25.82  26.57 999.00  26.83  26.53  27.62  20.19  27.68  15.46  25.66  10.26  28.15  27.42  25.33  26.04  26.35  27.55  28.24  23.35  24.21  27.02
 wrfout_d04_2016-06-17_22:00:00 999.00  27.16  22.92  27.12  24.24  26.57  26.85  26.81  27.23  26.48  26.89  27.53 999.00  27.25  26.81  27.92  23.34  28.04  17.21  26.34  11.60  28.17  26.96  27.00  26.36  26.55  27.93  28.62  26.13  26.88  27.46
 wrfout_d04_2016-06-17_23:00:00 999.00  27.38  23.94  27.81  25.99  27.96  28.49  28.26  28.60  28.54  28.20  28.79 999.00  28.53  28.03  29.12  25.03  28.83  19.07  27.53  13.36  28.21  28.24  28.04  28.46  28.65  29.21  29.69  28.62  28.40  28.84
