 wrfout_d04_2016-06-09_00:00:00 999.00  27.08  24.12  28.89  25.09  29.39  29.38  27.77  29.50  29.01  29.14  28.76 999.00  29.53  30.03  29.32  27.44  28.33  17.61  28.69  11.94  28.32  27.59  28.22  28.57  28.79  28.50  29.76  26.35  27.77  29.21
 wrfout_d04_2016-06-09_01:00:00 999.00  27.06  25.12  29.86  26.35  30.44  30.83  28.38  30.85  30.28  30.15  30.05 999.00  30.13  31.35  30.30  27.69  28.40  18.50  29.71  12.89  28.33  28.33  28.44  30.42  29.69  29.77  27.79  26.44  27.51  29.72
 wrfout_d04_2016-06-09_02:00:00 999.00  27.10  26.16  30.50  27.56  30.81  31.93  28.93  32.01  31.56  30.96  30.68 999.00  29.44  32.42  30.87  29.29  28.60  18.86  30.45  12.06  28.28  28.54  29.00  29.82  28.74  30.17  28.85  26.47  28.11  29.60
 wrfout_d04_2016-06-09_03:00:00 999.00  27.12  26.46  30.86  28.53  30.14  33.22  29.04  33.28  32.17  31.17  31.00 999.00  28.25  30.56  31.00  27.39  28.67  18.88  30.64  11.18  28.33  28.53  29.20  28.96  28.95  29.63  29.59  26.72  28.15  29.37
 wrfout_d04_2016-06-09_04:00:00 999.00  27.09  27.09  31.25  29.19  30.27  34.17  29.02  34.21  31.85  31.22  31.20 999.00  28.45  29.97  31.09  29.22  28.55  19.41  29.51  11.22  27.64  26.37  28.79  27.85  27.86  30.00  31.15  27.59  27.80  29.73
 wrfout_d04_2016-06-09_05:00:00 999.00  27.19  26.94  31.03  28.87  30.38  34.30  29.03  34.47  31.83  29.49  30.88 999.00  28.69  32.05  30.93  28.39  29.27  16.86  29.90  11.60  27.55  27.37  28.25  30.56  31.15  31.21  30.61  28.82  27.61  29.19
 wrfout_d04_2016-06-09_06:00:00 999.00  27.23  26.60  31.33  28.42  30.42  30.15  29.18  31.95  30.75  27.50  28.40 999.00  28.71  31.85  29.68  25.80  27.87  17.18  29.14  11.58  27.76  28.52  28.85  32.19  30.10  29.33  30.83  27.87  29.02  28.97
 wrfout_d04_2016-06-09_07:00:00 999.00  27.23  23.85  31.46  26.41  29.62  29.89  29.32  31.10  30.75  26.89  27.72 999.00  27.96  30.52  29.49  23.12  27.29  17.03  29.25  11.56  27.98  27.42  29.03  29.74  29.11  29.64  30.81  28.25  28.49  29.20
 wrfout_d04_2016-06-09_08:00:00 999.00  27.18  24.47  30.70  26.18  28.08  30.80  29.54  31.18  30.12  26.96  27.29 999.00  28.19  29.76  28.81  24.95  28.13  17.48  29.86  11.48  26.72  28.12  28.40  29.88  29.34  29.30  30.46  27.56  26.86  29.07
 wrfout_d04_2016-06-09_09:00:00 999.00  27.17  22.81  29.93  24.98  28.63  30.47  27.79  28.57  28.79  27.26  26.78 999.00  27.66  27.15  28.93  22.94  27.90  16.80  29.21  11.40  27.66  28.24  28.03  29.32  28.95  28.90  30.12  26.79  26.50  28.93
 wrfout_d04_2016-06-09_10:00:00 999.00  27.14  22.12  26.81  23.59  28.51  30.01  27.53  28.96  28.64  27.34  26.66 999.00  27.78  28.05  28.49  22.65  26.09  16.17  28.46  10.91  27.61  28.00  27.62  28.92  27.02  28.86  29.43  25.88  26.55  28.96
 wrfout_d04_2016-06-09_11:00:00 999.00  27.05  21.68  27.12  22.87  27.63  28.87  27.29  29.22  29.12  26.78  26.73 999.00  27.52  28.34  28.20  22.13  25.52  16.00  28.05  10.11  26.86  27.40  27.26  26.98  27.02  27.41  29.81  25.48  26.31  28.62
 wrfout_d04_2016-06-09_12:00:00 999.00  26.99  21.24  26.66  22.36  27.13  28.03  27.33  28.23  28.50  26.34  26.63 999.00  28.07  28.04  28.07  22.02  26.08  15.42  26.05  10.30  25.68  27.13  26.27  26.76  26.69  27.38  29.83  25.67  26.16  28.52
 wrfout_d04_2016-06-09_13:00:00 999.00  26.97  21.22  26.22  22.30  26.86  27.71  27.26  27.64  27.83  26.09  26.69 999.00  27.68  27.15  27.70  22.08  26.09  16.01  26.94  10.41  26.24  26.58  25.29  25.89  25.93  27.26  29.54  25.30  26.15  28.53
 wrfout_d04_2016-06-09_14:00:00 999.00  26.92  21.10  25.98  22.10  26.57  27.32  27.15  27.57  26.37  26.02  26.88 999.00  27.25  27.08  27.12  22.15  25.55  15.48  27.41  10.30  26.87  26.15  25.82  25.63  25.43  26.61  29.45  25.08  26.12  28.44
 wrfout_d04_2016-06-09_15:00:00 999.00  26.88  21.13  25.89  22.17  26.40  27.39  25.70  27.10  26.68  26.80  26.15 999.00  26.61  26.71  27.46  21.97  25.91  15.25  25.94  10.35  27.40  26.10  25.83  25.02  24.79  26.79  29.48  25.05  26.09  28.09
 wrfout_d04_2016-06-09_16:00:00 999.00  26.85  21.20  25.81  22.26  26.31  27.37  25.79  27.10  26.33  26.16  26.13 999.00  26.68  26.53  27.50  21.86  26.12  15.57  25.98  10.30  27.33  25.77  25.61  24.94  24.78  26.15  29.16  24.83  25.96  28.01
 wrfout_d04_2016-06-09_17:00:00 999.00  26.77  21.39  25.82  22.48  26.33  27.09  25.74  26.99  26.42  26.15  26.19 999.00  26.60  26.63  27.50  21.61  26.26  16.01  26.15  10.45  27.35  25.62  25.52  25.13  24.89  25.95  29.10  24.82  25.91  27.77
 wrfout_d04_2016-06-09_18:00:00 999.00  26.79  21.45  26.02  22.52  26.24  27.20  25.68  26.85  26.20  26.21  26.03 999.00  26.51  26.78  27.36  21.57  25.84  15.66  24.37  10.11  27.90  25.27  25.16  24.96  25.03  26.08  28.90  24.73  26.00  27.62
 wrfout_d04_2016-06-09_19:00:00 999.00  26.89  21.42  25.97  22.51  26.14  27.08  25.70  26.77  26.38  25.99  26.00 999.00  26.55  26.73  27.22  21.63  26.92  15.84  24.54  10.34  28.03  25.69  25.11  25.02  24.82  26.00  28.88  24.47  25.98  27.59
 wrfout_d04_2016-06-09_20:00:00 999.00  26.91  21.37  25.99  22.36  26.07  27.06  25.63  26.81  26.30  26.28  25.54 999.00  26.57  26.79  27.23  21.65  27.25  15.52  24.27  10.54  27.70  25.48  24.92  24.85  24.73  26.45  28.51  24.46  25.89  27.46
 wrfout_d04_2016-06-09_21:00:00 999.00  26.91  21.32  25.58  22.05  25.99  27.10  25.68  26.72  26.19  25.97  25.88 999.00  26.72  26.56  26.96  21.42  27.02  15.48  23.94  10.81  27.70  25.39  24.91  25.17  25.09  26.20  28.25  24.47  25.91  27.54
 wrfout_d04_2016-06-09_22:00:00 999.00  26.82  21.81  25.86  22.98  26.27  27.08  25.89  26.84  26.10  26.59  26.35 999.00  26.14  26.08  26.90  21.50  26.47  15.49  24.85  10.72  28.20  26.06  25.26  25.56  25.44  26.34  28.26  24.82  25.91  27.80
 wrfout_d04_2016-06-09_23:00:00 999.00  26.70  21.89  26.64  23.07  26.60  27.27  26.05  27.14  26.61  27.57  26.85 999.00  25.75  25.66  27.53  21.97  26.67  15.77  25.13  10.66  28.37  25.83  25.53  25.74  26.63  25.85  28.77  26.13  26.14  28.29
 wrfout_d04_2016-06-10_00:00:00 999.00  26.66  22.54  27.36  24.29  26.67  27.71  26.59  28.00  27.58  27.90  27.59 999.00  26.21  25.87  28.46  23.20  25.43  15.86  24.39  11.05  27.67  26.05  26.06  26.80  27.21  26.40  28.93  25.32  26.21  28.64
 wrfout_d04_2016-06-10_01:00:00 999.00  26.72  23.29  26.96  25.18  26.91  27.91  27.29  28.29  28.06  28.02  27.71 999.00  26.31  25.96  28.52  23.50  26.30  16.62  26.12  11.33  27.82  26.60  26.06  26.66  26.28  26.71  29.37  26.38  26.50  29.06
 wrfout_d04_2016-06-10_02:00:00 999.00  26.79  23.17  27.56  24.35  27.23  28.05  28.03  28.73  28.26  27.86  27.70 999.00  26.87  26.68  29.40  23.85  25.72  16.87  27.24  11.62  28.28  27.18  26.98  25.46  25.57  27.52  29.33  26.94  26.96  29.14
 wrfout_d04_2016-06-10_03:00:00 999.00  26.73  23.29  27.95  24.96  27.32  28.27  27.90  28.78  28.54  28.16  28.80 999.00  27.50  27.88  29.81  23.48  26.05  17.22  27.65  12.22  28.26  26.32  27.06  25.87  26.18  29.52  29.61  28.00  27.20  29.35
 wrfout_d04_2016-06-10_04:00:00 999.00  26.66  22.90  28.02  24.65  27.90  28.57  27.94  28.92  28.88  28.01  28.97 999.00  27.76  28.30  29.34  23.95  25.62  17.28  27.26  11.31  28.02  26.24  26.94  25.82  25.95  28.75  29.56  27.77  27.15  29.00
 wrfout_d04_2016-06-10_05:00:00 999.00  26.67  23.55  28.35  25.19  27.74  29.00  27.02  28.93  29.08  27.92  28.86 999.00  27.52  28.11  28.98  24.51  26.11  18.23  27.30  11.95  27.35  25.64  26.99  26.31  26.57  29.36  29.69  26.88  27.06  29.03
 wrfout_d04_2016-06-10_06:00:00 999.00  26.67  22.56  28.13  23.83  27.51  28.90  27.10  29.20  28.30  27.78  28.04 999.00  27.22  27.24  28.26  23.93  25.85  16.94  26.32  11.65  27.39  26.08  27.09  26.17  25.90  29.22  29.45  26.81  26.85  29.03
 wrfout_d04_2016-06-10_07:00:00 999.00  26.67  22.53  27.75  24.13  27.52  28.47  27.76  28.96  29.23  28.00  27.56 999.00  26.91  26.97  27.90  23.36  25.89  16.10  25.77  11.11  27.20  26.21  26.56  25.79  25.96  28.57  29.02  26.62  26.84  29.03
 wrfout_d04_2016-06-10_08:00:00 999.00  26.77  22.34  27.43  23.92  27.33  28.23  27.47  28.66  28.57  27.41  27.57 999.00  26.78  27.01  27.95  22.44  25.62  16.22  26.25  10.98  26.85  25.48  26.74  25.60  25.82  28.28  28.71  26.32  26.57  29.00
 wrfout_d04_2016-06-10_09:00:00 999.00  26.73  22.18  26.98  23.58  27.05  28.05  26.83  28.31  27.26  26.90  27.25 999.00  26.86  27.00  28.03  22.13  26.13  16.30  25.18  11.01  26.55  25.44  26.62  25.47  26.09  26.84  28.72  25.89  27.12  29.13
 wrfout_d04_2016-06-10_10:00:00 999.00  26.74  22.00  26.50  23.19  27.03  27.87  26.26  27.97  26.81  26.92  27.00 999.00  26.34  26.32  27.29  22.21  25.76  15.63  25.00  10.69  26.45  25.59  26.19  26.30  26.42  27.84  28.54  25.64  26.80  29.02
 wrfout_d04_2016-06-10_11:00:00 999.00  26.80  21.81  26.08  22.95  26.80  27.54  26.18  27.68  26.45  26.63  26.72 999.00  25.49  25.73  26.78  21.89  25.77  15.73  24.04  10.60  27.14  25.63  26.19  25.81  25.67  27.92  28.42  25.37  26.78  28.82
 wrfout_d04_2016-06-10_12:00:00 999.00  26.87  21.69  26.00  22.80  26.57  27.38  25.90  27.28  26.38  26.28  26.66 999.00  25.38  25.14  26.29  21.68  25.52  15.55  24.30  10.64  27.32  25.59  26.37  24.91  25.28  27.68  28.54  25.20  26.85  28.60
 wrfout_d04_2016-06-10_13:00:00 999.00  26.87  21.72  25.58  22.67  26.44  27.36  25.98  27.19  26.10  26.48  26.34 999.00  25.72  25.06  26.01  21.61  25.56  15.94  25.04  10.89  26.69  25.64  26.28  24.90  26.78  27.80  28.29  25.17  26.90  28.66
 wrfout_d04_2016-06-10_14:00:00 999.00  26.93  21.69  25.57  22.71  26.31  26.72  25.69  26.76  26.06  25.97  26.22 999.00  25.99  25.75  25.83  21.82  26.47  15.86  25.38  10.76  27.32  25.40  26.08  24.67  25.86  27.61  28.18  25.31  26.90  28.60
 wrfout_d04_2016-06-10_15:00:00 999.00  26.91  21.63  25.39  22.59  26.20  26.75  25.50  26.54  26.00  25.93  25.99 999.00  26.11  25.83  25.27  21.88  26.64  16.27  25.65  11.67  27.54  26.65  25.90  25.82  26.91  27.90  28.58  25.31  26.90  28.49
 wrfout_d04_2016-06-10_16:00:00 999.00  26.97  21.51  25.26  22.46  26.12  26.56  25.48  26.26  25.84  25.80  25.54 999.00  25.95  25.87  25.42  21.80  26.22  15.55  24.09  11.28  27.56  27.54  25.83  26.34  26.83  28.41  28.54  25.37  26.86  28.27
 wrfout_d04_2016-06-10_17:00:00 999.00  27.01  21.46  25.20  22.53  25.94  26.32  25.31  26.12  25.98  25.32  25.63 999.00  25.77  25.75  25.34  21.14  26.46  15.91  23.91  10.95  27.77  28.06  26.59  27.15  27.25  28.45  28.50  25.32  26.86  28.22
 wrfout_d04_2016-06-10_18:00:00 999.00  27.04  21.09  25.03  22.50  26.11  26.69  25.39  26.70  25.95  25.15  25.55 999.00  25.31  24.58  25.94  21.44  26.78  16.37  24.05  10.85  27.67  28.12  26.78  27.17  27.29  28.51  28.75  25.25  26.88  28.10
 wrfout_d04_2016-06-10_19:00:00 999.00  27.00  20.47  24.25  21.34  25.94  26.30  25.37  25.68  25.61  25.19  25.55 999.00  25.74  24.26  26.05  21.21  27.12  16.30  24.18  11.52  27.32  28.26  26.68  27.21  27.41  28.50  28.90  25.38  26.92  28.19
 wrfout_d04_2016-06-10_20:00:00 999.00  26.93  20.22  24.05  21.00  25.52  25.86  25.47  25.58  25.51  24.91  25.68 999.00  25.94  24.50  25.98  21.22  26.74  16.24  23.94  11.26  27.03  28.30  26.57  27.45  27.59  28.66  28.91  25.46  26.95  28.14
 wrfout_d04_2016-06-10_21:00:00 999.00  27.10  21.07  24.99  21.88  25.74  25.84  25.50  25.77  25.36  24.94  25.98 999.00  26.14  25.44  26.15  21.11  26.75  16.03  23.76  11.25  26.88  28.55  26.82  27.38  27.88  28.65  28.86  25.48  27.02  28.15
 wrfout_d04_2016-06-10_22:00:00 999.00  27.14  21.30  25.15  22.25  25.24  25.91  25.52  25.74  25.26  25.30  26.67 999.00  26.18  25.93  26.53  21.12  26.47  15.72  23.95  11.08  26.68  28.28  26.93  26.76  27.79  28.67  29.02  25.68  27.11  28.31
 wrfout_d04_2016-06-10_23:00:00 999.00  27.21  21.37  25.17  22.22  25.64  25.46  25.26  25.65  25.93  26.08  26.74 999.00  25.45  25.65  26.79  21.67  26.22  15.59  24.17  11.05  26.59  28.53  27.02  27.81  27.98  28.90  29.20  25.87  27.22  28.55
 wrfout_d04_2016-06-11_00:00:00 999.00  27.14  21.73  25.13  22.74  25.30  26.58  25.53  26.21  28.19  26.48  26.28 999.00  26.04  25.31  27.63  21.68  26.30  15.54  24.22  11.16  26.65  28.16  27.24  28.07  28.07  29.09  29.35  26.10  27.38  28.78
 wrfout_d04_2016-06-11_01:00:00 999.00  26.79  22.00  26.45  23.68  28.28  29.28  26.95  29.33  28.03  27.41  28.77 999.00  26.00  25.21  25.98  20.97  26.20  15.49  24.17  10.47  26.35  26.98  26.42  26.75  26.85  28.06  28.31  25.32  26.89  28.08
 wrfout_d04_2016-06-11_02:00:00 999.00  26.67  21.99  26.49  23.70  28.32  28.83  28.25  29.33  29.44  28.09  28.60 999.00  25.85  25.70  25.72  21.64  26.53  15.57  24.54  10.63  26.92  27.07  26.37  27.39  27.36  28.19  28.58  25.58  26.82  28.44
 wrfout_d04_2016-06-11_03:00:00 999.00  26.59  22.20  26.94  24.01  28.44  28.77  28.53  29.69  29.38  29.13  28.92 999.00  26.03  24.74  25.68  21.35  27.01  15.52  24.51  10.78  27.09  27.27  26.43  27.22  27.40  28.23  28.80  25.69  26.94  28.63
 wrfout_d04_2016-06-11_04:00:00 999.00  26.59  22.80  27.02  24.43  28.72  28.95  27.56  30.03  30.00  29.75  29.17 999.00  25.87  24.55  25.68  20.53  27.01  15.53  25.12  10.85  27.34  27.22  26.46  27.38  27.32  28.42  29.15  25.99  27.44  28.90
 wrfout_d04_2016-06-11_05:00:00 999.00  26.60  24.79  26.82  26.73  28.53  28.68  28.58  29.02  30.39  30.62  29.56 999.00  26.22  24.70  25.51  20.96  27.12  15.08  25.42  10.68  27.57  27.46  26.51  27.75  27.55  28.39  29.36  26.45  27.81  28.95
 wrfout_d04_2016-06-11_06:00:00 999.00  26.75  24.33  27.28  26.48  27.57  28.30  27.38  29.36  28.82  29.36  29.89 999.00  25.28  23.11  26.78  20.51  27.14  14.97  25.94  10.58  27.54  27.43  26.57  27.58  27.63  28.57  29.53  26.27  27.68  29.48
 wrfout_d04_2016-06-11_07:00:00 999.00  26.90  24.11  27.55  24.23  27.48  28.62  27.53  28.68  27.61  28.08  28.59 999.00  24.50  24.60  26.89  21.13  27.32  14.94  26.70  10.30  27.76  27.49  26.71  27.48  27.68  29.29  29.60  26.45  27.23  29.39
 wrfout_d04_2016-06-11_08:00:00 999.00  26.97  23.00  27.77  24.46  27.37  28.77  26.23  28.70  27.64  27.63  28.34 999.00  26.62  25.29  26.62  20.67  27.33  15.01  27.11  10.43  27.70  27.60  26.98  26.67  27.00  29.16  29.75  26.55  26.99  29.06
 wrfout_d04_2016-06-11_09:00:00 999.00  26.81  22.04  26.30  23.20  27.38  28.79  25.88  28.56  27.05  28.56  27.92 999.00  25.74  24.66  26.13  20.96  27.36  15.00  27.62  10.20  27.64  27.34  27.25  26.94  27.18  29.09  29.51  26.50  26.83  28.79
 wrfout_d04_2016-06-11_10:00:00 999.00  26.87  21.03  25.01  21.70  27.03  27.74  25.44  27.86  25.73  27.28  27.95 999.00  25.88  26.05  26.17  20.99  27.39  14.90  27.90  10.22  27.74  27.52  27.16  27.27  27.31  29.03  29.61  25.91  26.65  28.64
 wrfout_d04_2016-06-11_11:00:00 999.00  26.28  21.12  25.43  21.94  26.17  27.79  25.15  27.58  26.44  26.99  27.31 999.00  27.11  25.57  25.71  20.85  27.57  14.69  27.87  10.17  27.76  27.55  26.88  26.91  26.30  28.80  29.40  25.43  26.46  28.34
 wrfout_d04_2016-06-11_12:00:00 999.00  26.54  21.19  25.45  22.13  26.21  28.32  25.91  27.48  27.35  26.81  27.02 999.00  26.33  25.63  25.67  20.83  27.55  14.83  27.61  10.23  27.91  27.45  26.86  26.00  25.97  28.65  29.19  25.40  26.35  28.16
 wrfout_d04_2016-06-11_13:00:00 999.00  26.20  21.20  25.34  22.06  25.88  27.56  26.08  26.99  27.14  26.72  26.75 999.00  27.53  25.47  25.34  21.15  27.72  15.00  27.85  10.07  27.87  27.41  26.82  26.09  25.85  28.70  29.13  25.35  26.38  27.98
 wrfout_d04_2016-06-11_14:00:00 999.00  27.06  21.47  25.41  22.36  25.92  27.13  26.23  27.01  27.15  26.84  26.27 999.00  27.74  26.06  25.21  21.45  27.66  15.01  27.69  10.13  27.90  27.49  26.76  25.85  25.60  28.63  28.93  24.90  26.30  27.71
 wrfout_d04_2016-06-11_15:00:00 999.00  27.19  21.67  25.44  22.45  25.88  26.84  25.94  26.89  27.14  26.47  25.94 999.00  27.96  26.09  25.10  21.56  27.55  15.00  27.29   9.99  27.85  27.34  26.77  25.71  25.50  28.57  28.55  24.94  26.26  27.67
 wrfout_d04_2016-06-11_16:00:00 999.00  26.95  21.63  25.20  22.40  25.76  26.50  25.80  26.34  27.01  25.98  25.87 999.00  28.40  26.01  25.01  21.33  27.47  15.05  27.16  10.05  27.85  27.16  26.58  25.65  25.43  28.49  28.24  25.00  26.26  27.42
 wrfout_d04_2016-06-11_17:00:00 999.00  26.82  21.43  25.23  22.25  25.70  26.27  25.97  26.35  27.03  25.87  25.81 999.00  28.41  25.85  25.19  21.40  27.61  15.14  27.20  10.12  27.76  27.21  26.40  26.32  25.41  28.37  28.25  25.06  26.28  27.29
 wrfout_d04_2016-06-11_18:00:00 999.00  26.85  21.46  25.24  22.19  25.62  26.33  26.31  26.20  27.28  25.75  25.70 999.00  27.17  26.47  24.86  21.53  27.49  15.05  26.84  10.24  27.76  27.07  26.49  26.31  25.48  28.19  28.00  24.85  26.20  27.12
 wrfout_d04_2016-06-11_19:00:00 999.00  26.58  21.46  25.11  22.28  25.44  26.21  25.13  25.99  25.81  25.66  25.68 999.00  28.24  26.00  25.19  21.52  27.62  15.12  26.60  10.19  27.74  27.03  26.30  25.64  25.41  28.16  28.02  24.78  26.17  27.12
 wrfout_d04_2016-06-11_20:00:00 999.00  26.67  21.54  25.27  22.43  25.47  26.33  26.41  26.33  26.55  25.47  26.14 999.00  28.17  26.47  24.64  21.64  27.53  15.16  26.75  10.25  27.73  27.04  26.27  26.08  25.24  27.91  27.96  24.99  26.13  27.02
 wrfout_d04_2016-06-11_21:00:00 999.00  26.95  21.70  25.09  22.48  25.47  25.70  25.79  26.16  26.25  25.39  26.08 999.00  27.98  25.94  24.92  21.73  27.49  15.08  26.90  10.09  27.70  27.02  26.26  26.25  25.23  28.00  27.89  25.14  26.15  27.08
 wrfout_d04_2016-06-11_22:00:00 999.00  26.96  22.32  26.57  23.65  25.66  25.92  26.68  26.76  27.13  26.46  26.40 999.00  28.22  26.48  25.33  22.08  27.49  15.03  27.06  10.13  27.77  27.00  26.79  26.34  25.45  28.37  28.13  25.40  26.39  27.39
 wrfout_d04_2016-06-11_23:00:00 999.00  26.99  22.53  26.84  24.04  26.14  26.59  27.05  26.72  27.92  26.48  26.33 999.00  27.69  27.19  26.93  22.93  27.45  15.46  27.18  10.31  27.81  27.06  27.61  26.90  26.62  29.01  28.49  26.09  26.81  27.85
 wrfout_d04_2016-06-12_00:00:00 999.00  27.04  22.88  26.95  24.29  27.00  27.07  26.98  27.07  27.92  28.05  26.91 999.00  27.86  27.41  27.91  23.36  27.57  15.55  27.18  10.43  27.82  27.36  28.49  26.91  26.77  29.78  28.80  26.83  27.42  28.26
 wrfout_d04_2016-06-12_01:00:00 999.00  26.97  22.80  27.97  23.97  26.67  28.07  27.44  28.55  28.63  28.45  26.75 999.00  27.98  27.93  30.04  25.35  27.68  15.67  27.59  10.73  27.82  27.45  28.94  27.38  27.43  30.45  29.11  27.62  27.99  28.79
 wrfout_d04_2016-06-12_02:00:00 999.00  26.88  23.95  28.42  24.55  27.47  28.77  27.51  28.75  29.09  28.32  27.01 999.00  28.95  29.02  31.47  28.77  28.02  15.68  27.93  11.01  27.93  27.83  29.70  27.75  28.25  30.96  29.49  28.23  28.33  29.58
 wrfout_d04_2016-06-12_03:00:00 999.00  26.88  23.36  27.97  24.31  28.20  28.50  27.74  28.80  29.58  28.80  27.41 999.00  28.97  29.26  32.54  26.56  28.12  16.33  27.83  10.94  27.99  27.87  30.18  28.65  28.26  31.25  29.90  28.62  28.35  30.34
 wrfout_d04_2016-06-12_04:00:00 999.00  26.85  22.90  27.16  23.93  28.09  28.63  27.61  28.89  29.25  28.23  27.76 999.00  28.24  28.60  32.06  24.67  27.73  15.69  27.97  10.75  27.98  27.94  30.14  28.78  28.50  31.68  30.05  28.81  28.52  30.67
 wrfout_d04_2016-06-12_05:00:00 999.00  27.07  22.18  26.92  23.21  28.06  28.91  26.64  29.04  27.73  28.27  27.92 999.00  27.98  28.36  31.80  23.81  27.86  15.44  27.99  10.61  27.92  27.96  29.84  28.78  28.39  31.41  30.55  28.92  28.69  30.85
 wrfout_d04_2016-06-12_06:00:00 999.00  26.78  21.69  26.57  22.61  27.76  28.30  25.72  28.48  27.34  27.82  27.42 999.00  26.65  27.53  31.65  24.00  28.06  15.50  28.13  10.68  27.84  27.98  29.43  28.69  28.41  31.06  31.03  28.40  28.21  30.62
 wrfout_d04_2016-06-12_07:00:00 999.00  26.66  21.57  26.64  22.43  27.50  28.06  25.90  28.20  26.18  27.24  27.37 999.00  26.43  24.97  30.69  22.85  27.93  15.92  26.31  10.69  27.92  27.84  29.13  28.79  28.37  31.25  30.39  28.18  28.03  30.15
 wrfout_d04_2016-06-12_08:00:00 999.00  26.94  21.42  26.09  22.35  27.21  28.01  26.12  27.67  26.85  26.82  27.09 999.00  27.73  25.50  30.23  21.48  27.76  15.35  27.14  10.66  27.69  27.93  29.07  28.18  27.98  31.02  30.02  27.96  27.76  29.82
 wrfout_d04_2016-06-12_09:00:00 999.00  27.01  21.31  26.03  22.06  26.83  27.50  26.68  27.13  27.25  26.69  26.74 999.00  27.39  26.51  29.72  21.48  27.58  16.07  27.27  11.21  27.64  27.92  28.77  28.27  28.15  30.64  30.00  27.40  27.21  29.43
 wrfout_d04_2016-06-12_10:00:00 999.00  27.46  21.53  26.02  22.30  26.66  27.78  26.99  27.60  27.34  26.20  26.44 999.00  27.42  26.46  28.94  21.82  27.46  15.65  27.37  11.01  27.64  27.82  28.37  28.13  27.92  30.16  29.85  26.61  26.77  29.02
 wrfout_d04_2016-06-12_11:00:00 999.00  27.91  21.73  25.90  22.59  26.86  28.51  27.09  27.96  27.52  26.10  26.32 999.00  27.42  26.61  28.16  21.97  27.35  15.07  27.35  10.53  27.66  27.73  28.00  27.15  26.90  30.18  29.63  26.12  26.57  28.67
 wrfout_d04_2016-06-12_12:00:00 999.00  27.61  21.80  26.03  22.68  26.63  28.31  27.22  27.69  27.70  26.37  26.19 999.00  27.63  26.68  28.16  21.64  27.28  14.80  27.40  10.10  27.68  27.65  28.10  26.76  26.53  29.96  29.49  26.00  26.48  28.53
 wrfout_d04_2016-06-12_13:00:00 999.00  27.43  21.94  26.36  22.93  26.49  27.97  27.47  28.21  28.23  26.32  26.04 999.00  27.83  26.80  27.82  21.52  27.24  14.86  27.40   9.94  27.70  27.59  27.93  26.53  26.29  30.01  29.30  25.67  26.43  28.32
 wrfout_d04_2016-06-12_14:00:00 999.00  27.88  22.25  26.46  23.17  26.80  28.29  27.73  28.15  28.32  25.88  26.07 999.00  27.89  26.11  27.47  21.49  27.23  14.91  27.34   9.96  27.74  27.52  27.96  26.25  25.79  29.87  29.15  25.71  26.36  27.98
 wrfout_d04_2016-06-12_15:00:00 999.00  28.06  22.38  26.77  23.32  26.94  28.28  27.87  27.66  28.79  26.48  26.58 999.00  27.89  25.96  27.22  21.51  27.25  14.88  27.21  10.02  27.79  27.45  27.85  26.17  25.70  29.56  28.80  25.70  26.32  27.75
 wrfout_d04_2016-06-12_16:00:00 999.00  28.09  22.54  26.82  23.52  26.68  27.38  28.14  27.71  29.06  26.86  26.39 999.00  27.88  26.07  27.17  21.58  27.28  14.79  26.46  10.17  27.82  27.33  27.69  26.00  25.75  29.60  28.53  25.68  26.30  27.49
 wrfout_d04_2016-06-12_17:00:00 999.00  27.69  22.43  26.23  23.47  26.77  27.56  27.65  29.11  28.78  26.78  26.46 999.00  27.79  25.94  27.32  21.73  27.33  14.81  26.47  10.32  27.81  27.30  27.50  26.04  25.59  29.48  28.58  25.63  26.29  27.53
 wrfout_d04_2016-06-12_18:00:00 999.00  27.83  21.78  26.19  22.77  27.21  28.50  27.09  29.07  27.62  26.35  26.37 999.00  27.64  25.68  27.15  21.61  27.37  14.90  26.65  10.45  27.82  27.09  27.25  25.85  25.72  29.34  28.28  25.61  26.28  27.43
 wrfout_d04_2016-06-12_19:00:00 999.00  28.10  21.90  26.50  22.90  27.33  28.92  26.57  29.42  27.19  26.10  26.08 999.00  27.04  25.93  27.23  21.50  27.42  15.03  26.67  10.61  27.82  26.96  27.04  25.63  25.44  29.36  28.23  25.73  26.24  27.28
 wrfout_d04_2016-06-12_20:00:00 999.00  28.27  21.77  26.25  22.88  27.65  28.66  26.69  28.75  27.03  26.04  25.68 999.00  26.88  25.80  27.17  21.67  27.48  15.14  26.39  10.72  27.82  26.79  27.01  25.42  25.19  29.41  28.06  25.85  26.25  27.25
 wrfout_d04_2016-06-12_21:00:00 999.00  28.20  21.61  25.89  22.67  26.67  27.91  26.70  28.77  27.14  25.22  26.06 999.00  26.78  25.35  27.01  21.55  27.51  15.25  26.29  10.78  27.83  26.97  27.04  25.50  25.17  29.63  28.16  25.92  26.29  27.32
 wrfout_d04_2016-06-12_22:00:00 999.00  27.64  21.58  25.90  22.49  26.87  28.50  26.66  28.97  26.96  25.16  26.11 999.00  27.14  25.81  27.48  21.90  27.56  15.29  26.48  10.86  27.89  27.19  27.49  25.87  25.48  29.91  28.41  26.14  26.52  27.59
 wrfout_d04_2016-06-12_23:00:00 999.00  27.88  21.86  26.46  22.69  27.50  28.68  26.57  29.08  27.12  25.89  26.48 999.00  27.35  26.16  28.07  22.68  27.73  15.49  26.70  11.00  27.93  27.24  28.02  26.05  25.81  30.27  28.90  26.59  27.01  28.21
 wrfout_d04_2016-06-13_00:00:00 999.00  27.91  21.98  26.47  22.85  28.05  29.06  26.88  29.61  27.45  27.37  27.02 999.00  27.47  26.53  28.84  23.38  27.89  15.66  26.75  11.20  27.93  27.51  29.43  26.86  26.82  30.22  29.41  27.33  27.49  28.96
 wrfout_d04_2016-06-13_01:00:00 999.00  27.60  22.28  26.81  23.15  28.79  29.41  27.07  29.74  27.77  28.90  27.25 999.00  27.54  26.89  29.39  23.71  28.08  15.59  27.23  11.32  27.93  27.70  30.84  27.44  27.74  31.68  30.14  27.83  27.94  29.60
 wrfout_d04_2016-06-13_02:00:00 999.00  27.45  22.76  27.01  23.95  29.14  29.56  27.28  30.12  27.96  29.66  27.69 999.00  27.63  26.95  29.94  23.84  28.71  15.70  27.57  11.32  27.96  27.77  31.22  27.95  28.08  31.19  30.98  28.12  28.27  29.85
 wrfout_d04_2016-06-13_03:00:00 999.00  27.98  22.94  27.39  24.51  29.40  29.96  27.39  30.50  28.11  30.80  28.35 999.00  27.87  27.06  30.39  24.14  28.93  15.60  27.61  11.40  27.93  27.96  32.09  28.50  28.31  30.78  31.25  28.49  28.56  30.09
 wrfout_d04_2016-06-13_04:00:00 999.00  28.16  23.22  27.98  24.75  29.21  30.33  27.42  30.64  28.14  31.80  28.20 999.00  28.04  27.17  31.00  23.50  28.70  15.66  27.88  11.49  27.91  28.25  32.41  28.85  28.67  31.62  31.36  29.16  28.87  30.31
 wrfout_d04_2016-06-13_05:00:00 999.00  28.18  23.63  27.96  25.46  28.95  30.05  27.78  30.61  28.57  31.96  29.17 999.00  28.05  27.15  31.38  23.37  28.97  15.61  28.12  11.30  27.92  28.39  32.47  30.58  30.56  32.96  31.47  29.46  28.95  30.53
 wrfout_d04_2016-06-13_06:00:00 999.00  28.33  23.48  28.62  24.87  28.99  31.18  27.97  30.88  28.74  32.10  29.69 999.00  28.03  27.20  31.70  23.46  29.17  15.64  28.43  11.30  27.94  28.35  32.26  31.32  31.58  33.45  31.56  29.44  28.77  30.38
 wrfout_d04_2016-06-13_07:00:00 999.00  28.29  23.34  27.85  25.03  28.97  30.54  28.04  30.44  28.80  31.09  29.08 999.00  28.28  27.54  31.72  23.23  29.21  15.77  28.24  11.38  27.93  28.39  30.30  31.94  31.45  32.08  31.32  29.13  28.41  30.22
 wrfout_d04_2016-06-13_08:00:00 999.00  28.33  23.14  27.77  24.70  28.96  30.49  27.96  30.53  29.04  29.85  28.31 999.00  28.45  27.81  32.23  23.27  28.70  15.68  29.24  11.23  27.91  28.33  29.41  31.49  31.04  32.45  31.05  28.60  27.97  29.88
 wrfout_d04_2016-06-13_09:00:00 999.00  28.40  23.09  27.88  24.54  29.05  30.62  27.93  30.44  29.11  29.61  28.96 999.00  28.54  27.80  31.43  24.11  28.52  15.73  30.19  10.98  27.91  28.31  28.71  30.98  30.60  32.25  30.74  27.88  27.46  29.48
 wrfout_d04_2016-06-13_10:00:00 999.00  28.42  22.92  27.58  24.12  29.17  30.48  28.01  30.35  28.94  29.19  28.80 999.00  28.54  27.48  30.65  23.32  28.23  15.78  29.39  10.73  27.95  28.14  28.12  30.24  29.70  31.45  30.38  26.95  26.92  29.09
 wrfout_d04_2016-06-13_11:00:00 999.00  28.42  22.74  27.82  23.79  28.95  30.27  28.01  30.28  28.91  28.34  28.62 999.00  28.64  26.38  30.17  21.89  28.05  15.44  29.02  10.50  27.95  27.93  27.70  29.51  29.01  31.13  30.04  26.32  26.70  28.75
 wrfout_d04_2016-06-13_12:00:00 999.00  28.59  22.70  27.73  23.79  28.98  29.99  27.93  30.18  28.95  28.25  28.56 999.00  28.47  26.28  30.06  22.53  27.99  15.29  28.74  10.27  27.92  27.94  27.59  29.02  28.75  30.88  29.77  26.18  26.65  28.57
 wrfout_d04_2016-06-13_13:00:00 999.00  28.47  22.57  27.52  23.70  28.83  29.95  27.95  30.07  28.75  28.25  28.28 999.00  28.28  26.12  29.83  21.74  27.90  15.23  27.97  10.14  27.89  27.93  27.23  28.65  28.45  30.50  29.52  26.11  26.61  28.35
 wrfout_d04_2016-06-13_14:00:00 999.00  28.43  22.58  27.20  23.70  28.72  29.93  27.84  29.88  28.65  28.26  27.97 999.00  28.19  25.87  29.81  21.17  27.82  15.23  27.48   9.97  27.89  27.85  26.81  28.29  28.19  29.86  29.29  26.07  26.55  28.10
 wrfout_d04_2016-06-13_15:00:00 999.00  28.20  22.45  27.42  23.53  28.51  29.54  27.63  29.52  28.61  28.22  27.66 999.00  27.83  25.31  29.67  20.96  27.76  15.24  27.14   9.80  27.85  27.71  26.51  27.91  27.87  29.12  29.05  26.01  26.49  27.86
 wrfout_d04_2016-06-13_16:00:00 999.00  27.82  22.32  26.99  23.27  28.22  29.03  27.55  28.96  28.45  28.14  27.59 999.00  27.91  25.48  29.50  20.80  27.73  15.25  26.75   9.71  27.82  27.61  26.28  27.51  27.59  28.72  28.86  25.92  26.46  27.66
 wrfout_d04_2016-06-13_17:00:00 999.00  27.91  22.08  26.95  23.12  28.00  28.69  27.46  28.46  28.38  28.09  27.64 999.00  27.81  25.50  29.23  21.28  27.68  15.28  26.45   9.75  27.81  27.52  26.04  27.27  27.35  28.46  28.83  25.91  26.41  27.60
 wrfout_d04_2016-06-13_18:00:00 999.00  27.50  21.99  26.63  23.00  27.84  28.28  27.57  28.05  28.10  28.35  27.35 999.00  27.67  25.55  28.83  20.96  27.69  15.31  25.99   9.79  27.78  27.50  25.84  26.80  26.86  27.97  28.69  25.92  26.37  27.44
 wrfout_d04_2016-06-13_19:00:00 999.00  27.06  21.78  26.38  22.70  27.47  28.54  27.33  27.76  28.07  28.29  26.99 999.00  27.53  25.44  28.45  20.45  27.68  15.30  25.87   9.84  27.78  27.43  25.74  26.52  26.57  27.55  28.68  25.90  26.35  27.30
 wrfout_d04_2016-06-13_20:00:00 999.00  27.24  21.87  26.78  22.75  27.42  27.89  27.33  27.64  28.16  27.69  27.21 999.00  27.47  25.30  28.19  20.26  27.69  15.27  25.83   9.96  27.77  27.37  25.59  26.21  26.26  27.26  28.51  25.89  26.34  27.15
 wrfout_d04_2016-06-13_21:00:00 999.00  27.20  21.89  26.97  22.81  27.15  27.01  27.39  27.33  28.42  27.16  27.36 999.00  27.34  25.10  28.13  20.18  27.61  15.17  25.86   9.97  27.77  27.29  25.49  26.05  26.00  27.07  28.50  25.90  26.35  27.16
 wrfout_d04_2016-06-13_22:00:00 999.00  27.56  22.33  26.98  23.33  27.00  28.82  27.30  28.00  28.24  27.89  28.12 999.00  27.60  26.10  28.35  21.99  27.81  15.62  26.15  10.29  27.79  27.39  27.50  27.36  27.21  28.10  28.81  26.11  26.57  27.45
 wrfout_d04_2016-06-13_23:00:00 999.00  28.45  23.09  27.45  24.01  27.74  29.21  27.37  29.19  28.31  28.12  28.88 999.00  28.13  27.08  28.94  22.72  28.36  16.41  27.64  10.81  27.80  27.82  28.67  28.73  28.69  29.40  29.60  26.62  26.99  28.15
 wrfout_d04_2016-06-14_00:00:00 999.00  27.93  23.15  27.45  24.56  28.48  29.52  27.71  29.63  28.42  28.59  29.48 999.00  28.26  27.75  29.81  23.15  28.61  17.31  29.19  11.54  27.82  28.12  29.32  29.27  29.12  30.55  30.50  26.87  27.50  28.92
 wrfout_d04_2016-06-14_01:00:00 999.00  28.23  24.55  28.08  24.35  30.48  31.38  28.27  29.49  29.86  30.98  30.65 999.00  29.17  28.92  29.94  25.26  28.75  18.96  29.04  12.30  28.43  28.70  29.17  30.56  30.50  31.35  30.98  28.43  28.26  29.24
 wrfout_d04_2016-06-14_02:00:00 999.00  27.86  23.57  27.98  24.46  30.47  31.23  28.53  30.32  29.60  31.50  30.97 999.00  29.49  29.13  30.86  25.47  29.10  19.20  29.54  13.03  28.45  28.96  29.81  31.97  31.61  33.01  31.45  28.60  28.55  29.54
 wrfout_d04_2016-06-14_03:00:00 999.00  27.90  24.76  28.05  24.74  30.10  30.88  29.02  30.99  30.21  32.00  30.38 999.00  29.40  28.90  31.29  25.75  29.55  19.32  31.59  13.12  28.49  29.06  29.93  32.91  32.43  34.25  31.75  29.15  28.84  29.92
 wrfout_d04_2016-06-14_04:00:00 999.00  27.60  25.39  28.08  24.45  30.94  30.67  29.58  32.25  29.69  32.06  29.27 999.00  29.31  28.85  31.35  27.05  30.57  19.73  32.35  13.07  28.49  29.06  30.46  33.31  32.75  34.32  31.98  29.53  28.88  30.21
 wrfout_d04_2016-06-14_05:00:00 999.00  27.18  25.45  28.67  26.57  30.89  30.62  28.63  30.36  29.46  31.59  28.85 999.00  29.59  28.94  30.37  27.84  30.74  19.63  33.15  13.23  28.47  29.06  30.60  33.10  32.55  34.38  32.06  30.48  29.03  30.34
 wrfout_d04_2016-06-14_06:00:00 999.00  26.73  24.17  28.30  25.51  30.13  31.13  28.72  31.11  29.19  31.19  29.95 999.00  29.74  28.94  30.04  26.80  30.42  19.39  33.20  12.74  28.48  29.17  30.56  32.85  32.43  34.11  32.17  30.38  28.98  30.51
 wrfout_d04_2016-06-14_07:00:00 999.00  26.28  24.06  28.05  25.07  29.93  30.50  28.49  30.24  29.41  30.26  29.70 999.00  29.67  28.99  31.47  26.27  30.07  18.93  32.92  12.32  28.46  29.10  30.37  32.59  32.11  33.79  31.90  29.96  28.76  30.39
 wrfout_d04_2016-06-14_08:00:00 999.00  26.68  23.60  27.65  24.64  29.52  30.22  28.16  30.19  29.12  29.56  28.74 999.00  29.61  29.00  30.92  26.06  29.52  18.21  32.45  11.93  28.42  28.95  29.80  32.22  31.57  33.23  31.46  29.10  28.31  30.08
 wrfout_d04_2016-06-14_09:00:00 999.00  26.99  23.45  27.14  24.59  29.35  30.33  28.20  29.90  29.24  29.41  28.74 999.00  29.61  28.83  30.20  25.55  29.21  17.39  31.63  11.40  28.41  28.93  29.04  31.68  31.06  32.49  31.18  28.05  27.69  29.72
 wrfout_d04_2016-06-14_10:00:00 999.00  27.42  22.99  26.89  23.88  29.13  30.14  28.20  30.02  29.32  28.91  28.61 999.00  29.49  28.35  29.49  25.16  28.92  16.57  30.86  10.72  28.41  28.72  28.31  30.90  30.28  30.78  30.77  27.24  27.12  29.26
 wrfout_d04_2016-06-14_11:00:00 999.00  27.40  22.82  26.57  23.74  28.00  30.14  28.28  29.94  29.44  28.10  28.14 999.00  29.35  27.68  28.75  23.40  28.43  16.06  29.90  10.48  28.41  28.43  27.88  29.99  29.54  29.47  30.48  26.61  26.87  28.86
 wrfout_d04_2016-06-14_12:00:00 999.00  27.17  22.75  26.53  23.64  27.91  29.71  28.34  29.25  29.29  27.85  27.78 999.00  28.73  27.09  28.56  22.97  28.27  16.26  29.15  10.60  28.38  28.27  27.63  29.53  29.13  28.89  30.13  26.44  26.84  28.70
 wrfout_d04_2016-06-14_13:00:00 999.00  27.29  22.86  26.50  23.78  27.85  29.35  28.36  28.66  29.17  27.83  27.57 999.00  27.69  26.76  28.39  22.85  28.25  16.46  28.54  10.70  28.28  28.16  27.20  29.05  28.65  28.64  29.93  26.24  26.82  28.48
 wrfout_d04_2016-06-14_14:00:00 999.00  27.51  22.76  26.49  23.51  27.50  29.80  28.37  28.73  28.99  27.57  27.41 999.00  28.32  26.33  28.26  22.55  28.13  16.47  27.95  10.81  28.26  28.03  26.88  28.79  28.44  28.47  29.75  26.13  26.79  28.27
 wrfout_d04_2016-06-14_15:00:00 999.00  27.52  22.80  26.22  23.62  27.23  28.90  28.41  28.43  29.06  27.20  27.28 999.00  27.96  26.04  28.09  22.02  28.02  16.55  27.41  10.90  28.20  28.07  26.60  28.55  28.28  28.31  29.52  25.69  26.77  28.10
 wrfout_d04_2016-06-14_16:00:00 999.00  27.44  22.77  26.15  23.51  27.13  28.17  28.25  28.10  28.78  27.00  27.27 999.00  27.64  25.79  28.11  21.84  27.95  16.58  26.99  10.95  28.18  28.04  26.35  28.40  28.38  28.20  29.13  25.60  26.75  27.95
 wrfout_d04_2016-06-14_17:00:00 999.00  27.51  22.61  25.93  23.32  27.16  27.65  28.15  27.33  28.74  27.05  27.51 999.00  27.32  25.59  27.70  21.53  27.92  16.45  26.72  10.98  28.14  27.97  26.18  28.26  28.20  28.01  28.98  25.87  26.74  27.94
 wrfout_d04_2016-06-14_18:00:00 999.00  27.48  22.37  25.76  23.07  26.38  27.02  27.99  26.74  28.38  27.10  27.56 999.00  27.01  25.25  27.32  21.24  27.92  16.29  26.36  10.88  28.14  27.93  26.02  27.90  27.87  27.65  28.85  25.93  26.69  27.64
 wrfout_d04_2016-06-14_19:00:00 999.00  27.60  22.31  25.70  23.07  26.01  26.62  27.90  26.37  28.48  26.87  27.51 999.00  26.77  24.92  26.97  20.97  27.94  16.20  26.21  10.86  28.15  27.85  25.91  27.51  27.38  27.15  28.79  25.87  26.68  27.68
 wrfout_d04_2016-06-14_20:00:00 999.00  28.13  22.20  25.58  23.00  25.36  26.44  27.73  25.83  27.99  26.38  26.58 999.00  26.57  24.67  26.70  20.68  27.94  16.09  25.97  10.73  28.14  27.80  25.89  27.10  27.04  26.83  28.72  25.88  26.71  27.63
 wrfout_d04_2016-06-14_21:00:00 999.00  28.09  22.16  25.50  23.01  25.07  25.96  27.58  25.51  27.94  26.07  26.28 999.00  26.43  24.48  26.45  20.40  27.83  15.90  25.89  10.69  28.14  27.74  25.58  26.73  26.66  26.63  28.76  25.87  26.72  27.51
 wrfout_d04_2016-06-14_22:00:00 999.00  28.08  22.29  27.21  23.13  26.78  27.70  27.65  27.32  28.30  27.44  28.01 999.00  27.45  26.59  27.58  22.75  28.12  16.49  26.32  11.12  28.17  27.69  27.04  27.16  27.26  27.11  29.04  26.33  26.99  27.79
 wrfout_d04_2016-06-14_23:00:00 999.00  28.06  23.06  28.94  24.31  28.23  28.99  28.29  28.90  29.23  29.09  29.20 999.00  28.79  28.08  28.70  24.39  28.97  17.65  27.58  11.84  28.19  27.97  28.27  28.49  28.68  28.62  29.81  27.21  27.44  28.48
 wrfout_d04_2016-06-15_00:00:00 999.00  28.11  24.57  29.93  25.67  29.98  30.77  28.97  30.59  30.34  30.38  30.02 999.00  30.48  29.81  29.77  26.22  29.66  18.75  28.83  12.83  28.23  28.59  28.67  30.38  30.31  30.47  30.72  28.04  28.08  29.07
 wrfout_d04_2016-06-15_01:00:00 999.00  28.16  25.81  31.17  26.99  31.61  32.29  29.58  32.37  31.46  31.27  30.84 999.00  31.99  31.44  30.65  27.74  30.26  19.71  30.19  13.50  28.25  28.81  29.53  31.70  31.45  32.01  31.26  28.89  28.67  29.24
 wrfout_d04_2016-06-15_02:00:00 999.00  28.23  26.92  32.20  28.25  32.95  34.04  30.00  33.96  32.27  32.01  31.57 999.00  32.97  32.93  31.04  28.58  30.70  20.41  31.42  14.09  28.26  28.97  30.50  32.48  31.93  32.96  31.82  29.78  28.95  29.74
 wrfout_d04_2016-06-15_03:00:00 999.00  28.34  27.49  32.38  28.89  34.31  35.13  30.32  34.99  32.59  32.35  31.58 999.00  33.18  34.01  31.41  29.28  31.00  20.76  32.02  14.25  28.34  29.04  30.49  32.88  32.33  33.28  31.88  30.18  29.41  29.77
 wrfout_d04_2016-06-15_04:00:00 999.00  28.36  27.62  32.45  29.05  34.03  35.29  30.48  35.43  32.60  32.51  31.56 999.00  32.99  35.03  31.57  29.82  31.18  20.96  32.94  14.19  28.35  29.10  31.70  33.18  32.54  33.19  31.90  30.29  29.64  30.52
 wrfout_d04_2016-06-15_05:00:00 999.00  28.41  27.63  32.47  29.07  33.05  35.36  30.47  35.41  32.27  32.37  31.95 999.00  33.12  35.40  31.87  30.11  31.24  21.02  33.35  14.14  28.36  29.03  32.68  33.26  32.52  33.59  31.78  30.55  29.64  30.68
 wrfout_d04_2016-06-15_06:00:00 999.00  28.53  27.39  32.24  28.82  32.76  35.20  30.40  35.09  32.22  32.07  32.49 999.00  33.00  35.52  32.16  30.17  31.12  20.65  33.66  14.14  28.35  29.05  32.32  33.13  32.28  33.49  31.77  30.46  29.44  30.72
 wrfout_d04_2016-06-15_07:00:00 999.00  28.58  26.87  31.82  28.28  32.72  34.81  30.22  34.71  32.01  31.88  32.60 999.00  32.64  35.41  32.24  29.81  30.84  20.06  33.42  13.75  28.30  29.03  31.68  32.55  31.67  32.77  31.54  29.89  29.25  30.54
 wrfout_d04_2016-06-15_08:00:00 999.00  28.23  26.11  31.19  27.44  31.71  34.01  29.89  33.88  31.47  31.46  31.48 999.00  32.31  34.88  31.89  28.99  30.42  19.28  32.86  13.17  28.26  28.91  31.08  31.91  31.27  32.87  31.41  29.09  28.80  30.04
 wrfout_d04_2016-06-15_09:00:00 999.00  27.55  25.13  30.45  26.40  30.48  33.03  29.35  32.92  30.73  30.60  30.47 999.00  31.95  33.73  31.02  27.75  29.88  18.32  31.99  12.49  28.28  28.82  30.34  31.43  30.70  32.24  31.15  28.38  28.10  29.65
 wrfout_d04_2016-06-15_10:00:00 999.00  27.55  23.99  29.30  25.15  29.44  32.07  28.83  31.75  30.03  29.53  29.31 999.00  31.27  32.47  30.60  26.12  29.20  17.53  30.91  11.86  28.18  28.55  29.61  30.74  30.00  31.32  30.86  27.38  27.31  29.28
 wrfout_d04_2016-06-15_11:00:00 999.00  27.68  23.39  27.31  24.41  28.22  31.20  28.75  30.71  29.67  28.46  28.36 999.00  30.57  30.95  29.93  24.13  28.70  17.17  29.96  11.42  28.24  28.35  28.56  30.04  29.58  30.67  30.52  26.83  26.95  28.89
 wrfout_d04_2016-06-15_12:00:00 999.00  27.67  23.27  26.99  24.18  27.97  30.53  28.69  30.10  29.99  28.14  28.37 999.00  29.94  29.99  29.57  23.39  28.54  17.20  29.34  11.42  28.22  28.29  28.20  29.72  29.21  30.29  30.38  26.73  26.89  28.75
 wrfout_d04_2016-06-15_13:00:00 999.00  27.56  23.24  26.82  24.03  28.18  30.19  28.58  29.88  29.81  28.11  28.31 999.00  29.54  29.29  29.37  22.87  28.36  17.23  28.67  11.53  28.21  28.11  27.56  29.39  28.99  30.23  30.19  26.59  26.86  28.52
 wrfout_d04_2016-06-15_14:00:00 999.00  27.49  23.17  26.57  23.68  28.08  29.98  28.47  29.62  29.53  28.14  28.21 999.00  29.12  28.88  29.13  22.47  28.26  17.24  28.05  11.63  28.21  28.08  27.20  29.21  28.75  29.86  29.89  26.52  26.82  28.28
 wrfout_d04_2016-06-15_15:00:00 999.00  27.47  22.98  26.27  22.63  28.33  29.62  28.31  30.33  29.26  28.25  27.80 999.00  28.77  28.53  28.84  22.07  28.15  17.33  27.53  11.67  28.16  27.93  26.94  28.98  28.49  29.34  29.48  26.40  26.77  28.05
 wrfout_d04_2016-06-15_16:00:00 999.00  27.46  22.75  25.93  22.88  27.98  29.85  28.29  29.40  29.08  28.03  27.63 999.00  28.55  28.21  28.92  21.78  28.11  17.37  27.08  11.60  28.18  27.84  26.65  28.70  28.30  28.80  29.08  26.31  26.74  27.89
 wrfout_d04_2016-06-15_17:00:00 999.00  27.34  22.60  25.64  23.02  27.85  29.37  28.24  28.98  29.01  27.81  27.59 999.00  28.45  27.89  28.77  21.40  28.06  17.28  26.83  11.52  28.16  27.80  26.37  28.45  28.15  28.47  29.05  26.18  26.70  27.94
 wrfout_d04_2016-06-15_18:00:00 999.00  27.37  22.45  25.37  22.93  27.47  28.58  28.09  28.19  28.83  27.55  28.56 999.00  28.22  27.54  28.44  21.12  28.03  16.97  26.55  11.32  28.16  27.72  26.15  28.19  28.00  29.05  28.93  26.11  26.67  27.79
 wrfout_d04_2016-06-15_19:00:00 999.00  27.95  22.32  25.24  22.82  27.09  28.11  27.94  27.73  28.60  27.27  28.26 999.00  27.81  27.33  28.23  20.86  28.00  16.72  26.37  11.10  28.15  27.68  25.98  27.96  27.83  29.43  28.82  26.07  26.63  27.63
 wrfout_d04_2016-06-15_20:00:00 999.00  28.30  22.25  25.10  22.77  26.84  27.55  27.77  27.14  28.41  26.96  27.63 999.00  27.72  27.20  27.95  20.64  27.99  16.54  26.09  10.99  28.13  27.65  25.85  27.63  27.60  29.56  28.92  26.06  26.62  27.45
 wrfout_d04_2016-06-15_21:00:00 999.00  28.24  22.29  25.07  22.84  26.63  27.22  27.65  26.86  28.32  26.50  27.37 999.00  27.66  27.07  27.73  20.36  27.96  16.38  25.98  10.85  28.21  27.82  25.81  27.43  27.56  29.66  28.93  26.03  26.61  27.41
 wrfout_d04_2016-06-15_22:00:00 999.00  28.22  22.58  27.47  23.37  27.14  28.32  27.79  28.00  28.46  27.07  27.72 999.00  27.95  27.40  28.01  22.53  28.18  16.70  26.43  11.15  28.25  27.81  27.70  27.49  27.38  30.38  29.20  26.60  27.04  27.78
 wrfout_d04_2016-06-15_23:00:00 999.00  28.26  23.43  29.03  24.48  28.42  29.73  28.39  29.63  29.24  28.72  28.56 999.00  28.77  28.41  29.02  24.49  28.83  17.65  27.92  11.91  28.26  28.14  29.36  29.00  28.57  31.51  29.90  28.04  27.79  28.38
