 wrfout_d04_2016-06-04_00:00:00 999.00  27.61  24.56  29.86  25.71  30.24  31.20  28.68  31.07  30.63  30.26  30.16 999.00  30.53  30.52  29.67  28.02  29.66  20.38  29.11  13.55  28.41  28.72  28.75  30.70  30.44  29.25  30.75  31.28  28.79  29.19
 wrfout_d04_2016-06-04_01:00:00 999.00  27.63  25.58  30.66  26.83  31.94  33.01  29.04  32.95  31.57  31.04  30.86 999.00  32.11  32.20  30.27  29.34  30.30  21.28  30.62  14.23  28.50  28.83  29.15  31.82  31.37  30.50  31.46  32.83  29.43  29.85
 wrfout_d04_2016-06-04_02:00:00 999.00  27.68  26.33  31.22  27.64  33.54  34.22  29.58  34.30  32.03  31.65  31.49 999.00  32.32  33.91  30.77  29.96  30.75  21.99  31.93  14.62  28.58  28.91  29.35  32.72  31.93  31.13  31.91  34.08  30.05  30.52
 wrfout_d04_2016-06-04_03:00:00 999.00  27.81  27.05  32.04  28.44  34.57  35.14  30.05  35.20  32.33  31.96  31.80 999.00  32.77  35.22  31.31  30.69  30.97  22.38  32.89  14.82  28.64  28.94  29.66  33.29  32.39  31.52  32.27  34.74  30.49  30.99
 wrfout_d04_2016-06-04_04:00:00 999.00  27.81  27.53  32.48  28.92  34.85  35.59  30.18  35.50  32.56  31.87  32.24 999.00  33.11  35.73  31.46  31.29  31.05  22.43  33.31  14.85  28.67  28.95  29.90  33.60  32.63  31.68  32.53  35.19  30.73  31.23
 wrfout_d04_2016-06-04_05:00:00 999.00  27.87  27.49  32.37  28.93  34.27  35.68  30.24  35.60  32.64  31.60  32.50 999.00  33.18  35.96  31.44  31.67  31.25  22.30  33.59  14.69  28.66  28.94  30.08  33.72  32.70  31.79  32.66  35.24  30.72  31.35
 wrfout_d04_2016-06-04_06:00:00 999.00  27.91  27.13  31.90  28.56  33.78  35.52  30.06  35.36  32.57  31.59  32.50 999.00  33.00  35.88  31.51  31.46  31.11  21.97  33.53  14.32  28.64  28.92  30.13  33.66  32.67  31.88  32.65  34.78  30.55  31.35
 wrfout_d04_2016-06-04_07:00:00 999.00  27.88  26.31  30.97  27.69  32.29  34.77  29.64  34.72  32.04  31.37  32.25 999.00  32.60  35.52  31.30  30.91  30.90  21.37  33.14  13.68  28.65  28.92  30.15  33.39  32.46  31.77  32.55  33.74  30.15  31.20
 wrfout_d04_2016-06-04_08:00:00 999.00  27.80  25.64  30.59  26.95  30.82  33.77  29.26  33.69  31.24  31.08  31.56 999.00  32.03  34.86  31.13  29.98  30.55  20.59  32.30  12.99  28.64  28.89  29.89  32.80  32.05  31.38  32.20  31.99  29.58  30.77
 wrfout_d04_2016-06-04_09:00:00 999.00  27.71  25.10  30.17  26.38  30.77  33.10  28.86  32.97  30.66  30.60  30.70 999.00  31.43  33.76  30.85  28.61  30.10  19.58  31.63  12.02  28.63  28.89  29.35  32.17  31.40  30.68  31.74  30.46  28.79  30.40
 wrfout_d04_2016-06-04_10:00:00 999.00  27.61  23.94  28.73  25.10  29.95  32.20  28.19  31.97  29.89  29.55  29.47 999.00  30.87  32.35  29.89  26.70  29.55  18.17  30.52  10.96  28.62  28.89  28.54  31.08  30.37  29.90  31.27  28.54  27.88  29.75
 wrfout_d04_2016-06-04_11:00:00 999.00  27.29  23.27  27.20  24.29  28.87  31.05  27.83  31.04  29.43  28.83  28.67 999.00  30.29  31.24  29.32  24.76  29.08  16.19  29.65  10.33  28.61  28.85  28.22  30.16  29.76  29.25  30.72  27.06  27.37  29.25
 wrfout_d04_2016-06-04_12:00:00 999.00  27.17  23.14  26.94  24.10  28.55  30.37  27.75  30.32  29.24  28.63  28.44 999.00  29.92  30.35  29.18  23.95  28.87  15.66  29.26  10.39  28.60  28.82  28.10  29.89  29.53  28.96  30.43  26.59  27.26  29.03
 wrfout_d04_2016-06-04_13:00:00 999.00  27.18  23.02  26.70  23.92  28.47  30.00  27.72  29.82  29.04  28.42  28.26 999.00  29.38  29.75  28.97  23.15  28.72  15.34  28.94  10.47  28.59  28.76  27.72  29.67  29.33  28.62  30.18  26.04  27.13  28.80
 wrfout_d04_2016-06-04_14:00:00 999.00  27.22  22.92  26.51  23.74  28.27  29.72  27.70  29.46  29.00  28.25  28.08 999.00  29.03  29.24  28.77  22.65  28.59  14.90  28.53  10.28  28.56  28.67  27.33  29.47  29.12  28.28  29.91  25.68  27.02  28.57
 wrfout_d04_2016-06-04_15:00:00 999.00  27.33  22.82  26.30  23.65  27.82  29.40  27.53  29.08  28.73  27.96  27.82 999.00  28.66  28.78  28.63  22.20  28.44  14.62  27.95  10.13  28.52  28.62  26.99  29.24  28.87  28.20  29.63  25.35  26.89  28.34
 wrfout_d04_2016-06-04_16:00:00 999.00  27.28  22.71  26.09  23.32  27.45  29.11  27.17  28.68  28.31  27.75  27.81 999.00  28.36  28.40  28.51  21.83  28.31  14.38  27.29   9.91  28.45  28.63  26.68  28.98  28.74  28.13  29.33  25.07  26.74  28.10
 wrfout_d04_2016-06-04_17:00:00 999.00  27.16  22.54  25.89  22.74  27.18  28.76  26.72  28.41  28.55  27.53  27.62 999.00  27.99  28.04  28.36  21.43  28.21  14.07  27.01   9.48  28.37  28.64  26.40  28.88  28.68  27.97  29.33  24.81  26.60  28.03
 wrfout_d04_2016-06-04_18:00:00 999.00  27.10  22.32  25.69  22.57  26.89  28.44  26.57  28.10  28.34  27.42  27.43 999.00  27.70  27.68  28.23  21.17  28.11  13.74  26.64   8.94  28.34  28.65  26.14  28.75  28.57  27.81  29.18  24.56  26.51  27.92
 wrfout_d04_2016-06-04_19:00:00 999.00  26.93  22.18  25.42  22.51  26.69  28.25  26.17  27.78  28.03  27.32  27.33 999.00  27.61  27.31  28.22  20.91  28.01  13.39  26.41   8.41  28.35  28.62  25.94  28.57  28.49  27.63  29.12  24.32  26.44  27.85
 wrfout_d04_2016-06-04_20:00:00 999.00  26.77  22.03  25.24  22.57  26.53  27.90  26.11  27.28  27.38  27.09  27.18 999.00  27.60  27.11  28.21  20.66  27.92  13.07  26.19   7.67  28.40  28.57  25.78  28.34  28.40  27.44  28.98  24.17  26.38  27.70
 wrfout_d04_2016-06-04_21:00:00 999.00  26.60  21.94  25.15  22.50  26.43  27.57  26.21  27.09  26.28  26.77  27.26 999.00  27.57  27.04  28.14  20.44  27.89  12.75  26.18   7.18  28.40  28.57  25.58  28.02  28.26  27.29  28.97  23.99  26.35  27.66
 wrfout_d04_2016-06-04_22:00:00 999.00  26.59  22.73  28.02  23.78  27.36  28.14  27.60  27.92  27.33  27.52  27.63 999.00  28.03  27.51  28.44  23.05  28.31  16.17  26.63  10.45  28.40  28.38  27.55  28.24  28.45  27.70  29.29  27.19  27.38  28.15
 wrfout_d04_2016-06-04_23:00:00 999.00  26.39  23.70  28.88  24.74  29.10  29.22  28.72  29.17  29.10  28.62  28.63 999.00  29.38  28.73  29.38  25.08  29.04  18.44  27.99  12.13  28.41  28.62  28.09  29.20  28.99  28.95  30.14  28.26  28.60  29.05
