 wrfout_d04_2016-06-24_00:00:00 999.00  28.08  25.11  29.94  26.30  30.27  30.59  29.41  30.56  30.30  30.94  30.79 999.00  30.52  29.92  30.65  25.85  30.31  20.01  29.13  14.04  29.12  29.32  29.10  30.95  30.94  30.38  31.45  28.06  29.45  30.90
 wrfout_d04_2016-06-24_01:00:00 999.00  28.20  25.84  31.18  27.60  31.74  32.08  29.86  32.06  31.27  32.01  31.64 999.00  31.62  31.36  31.32  27.47  30.93  20.78  30.23  15.43  29.24  29.49  29.67  32.50  32.19  31.00  32.49  29.98  30.09  31.82
 wrfout_d04_2016-06-24_02:00:00 999.00  28.30  26.85  31.71  28.53  31.86  33.25  30.15  33.20  31.79  32.65  32.31 999.00  31.64  32.79  31.64  28.37  31.50  21.40  31.48  15.97  29.34  29.95  30.04  33.61  33.24  31.59  33.05  30.45  30.56  32.49
 wrfout_d04_2016-06-24_03:00:00 999.00  28.19  27.21  31.23  29.01  31.88  34.27  30.28  34.22  32.05  33.03  32.93 999.00  32.14  33.90  31.83  28.75  31.75  21.62  32.61  16.07  29.36  29.98  30.23  34.23  33.77  31.81  33.62  30.62  30.85  32.46
 wrfout_d04_2016-06-24_04:00:00 999.00  28.11  27.52  32.16  29.35  31.96  33.92  30.44  34.98  32.36  33.57  33.01 999.00  32.55  33.79  31.97  29.09  31.86  20.24  32.80  15.29  29.42  29.85  30.39  34.08  34.17  31.97  33.84  30.93  31.01  32.96
 wrfout_d04_2016-06-24_05:00:00 999.00  28.24  27.79  32.11  29.57  31.91  35.12  30.46  35.30  32.44  33.62  32.97 999.00  32.93  34.68  32.01  29.82  31.50  20.16  33.38  13.16  29.45  29.79  30.46  34.09  34.03  32.03  33.88  30.78  31.05  33.34
 wrfout_d04_2016-06-24_06:00:00 999.00  28.24  27.76  31.83  29.42  31.60  34.59  30.33  35.39  32.41  33.50  32.52 999.00  32.60  35.04  31.88  30.12  31.22  19.18  32.60  13.17  29.43  29.71  30.39  34.37  33.73  31.99  33.55  30.77  30.96  33.33
 wrfout_d04_2016-06-24_07:00:00 999.00  28.26  27.61  31.70  29.32  31.71  34.26  30.12  35.08  31.31  33.51  32.62 999.00  32.26  33.76  31.65  27.99  31.29  18.90  32.43  12.95  29.37  29.72  30.11  34.03  33.36  31.77  33.23  30.65  30.63  33.03
 wrfout_d04_2016-06-24_08:00:00 999.00  28.28  26.88  31.28  28.53  31.47  34.31  29.87  34.44  31.18  33.01  31.73 999.00  31.89  33.46  31.04  26.93  31.17  18.20  32.17  12.54  29.32  29.62  29.64  33.27  32.55  31.48  32.83  30.44  30.22  32.68
 wrfout_d04_2016-06-24_09:00:00 999.00  28.21  26.13  30.63  27.54  30.82  33.56  29.62  33.35  30.90  32.63  31.08 999.00  31.36  32.53  31.13  26.41  30.68  17.26  31.57  12.48  29.31  29.69  28.90  32.58  32.12  30.66  32.56  29.95  29.51  32.12
 wrfout_d04_2016-06-24_10:00:00 999.00  28.22  25.01  29.24  26.43  29.62  32.86  28.65  32.53  29.87  31.41  30.40 999.00  30.94  31.88  30.51  24.27  30.22  17.06  30.69  11.67  29.28  29.81  28.87  31.93  31.50  30.56  32.20  28.87  28.56  31.50
 wrfout_d04_2016-06-24_11:00:00 999.00  28.34  23.69  27.88  24.57  29.08  31.98  28.47  31.23  29.53  30.51  29.62 999.00  30.44  31.00  29.99  24.28  29.62  16.20  30.16  11.44  29.30  29.76  28.24  31.25  30.68  30.25  31.80  27.41  27.44  30.96
 wrfout_d04_2016-06-24_12:00:00 999.00  28.38  23.51  27.80  23.88  28.85  31.43  27.94  30.76  29.29  29.94  29.36 999.00  30.15  30.47  29.70  23.23  29.35  16.82  29.61  11.87  29.35  29.56  27.95  30.68  30.45  29.92  31.60  26.49  27.09  30.67
 wrfout_d04_2016-06-24_13:00:00 999.00  28.29  23.44  27.61  23.67  28.66  31.09  27.73  30.51  29.04  29.66  29.27 999.00  29.89  30.27  29.53  23.04  29.16  15.07  29.17   9.26  29.36  29.58  28.22  30.51  30.15  29.54  31.26  26.10  27.09  30.30
 wrfout_d04_2016-06-24_14:00:00 999.00  28.25  23.25  27.44  23.43  28.60  30.55  27.51  29.97  28.81  29.32  29.03 999.00  29.72  29.77  29.21  22.50  29.06  14.79  28.90   8.85  29.33  29.51  27.70  30.10  29.85  29.57  30.86  25.75  27.07  29.92
 wrfout_d04_2016-06-24_15:00:00 999.00  28.20  23.04  27.24  23.19  28.38  29.95  27.51  29.41  28.53  29.02  28.88 999.00  29.63  29.34  29.05  22.29  28.94  14.78  28.50   8.58  29.24  29.36  27.39  29.84  29.69  29.34  30.49  25.44  27.04  29.49
 wrfout_d04_2016-06-24_16:00:00 999.00  28.15  22.90  26.97  23.00  28.18  29.51  27.38  29.14  28.23  28.78  28.73 999.00  29.31  28.97  28.96  21.94  28.82  14.56  27.94   8.31  29.28  29.23  27.36  29.59  29.58  28.90  30.21  25.19  26.96  29.17
 wrfout_d04_2016-06-24_17:00:00 999.00  28.12  22.86  26.67  22.86  28.11  29.22  27.26  28.81  28.05  28.58  28.65 999.00  29.00  28.59  28.86  21.75  28.75  14.31  27.76   8.16  29.24  29.09  27.25  29.04  29.27  28.81  30.10  24.97  26.68  29.03
 wrfout_d04_2016-06-24_18:00:00 999.00  28.12  22.01  26.36  22.66  27.93  28.89  27.11  28.56  27.76  28.27  28.43 999.00  28.67  28.21  28.72  21.62  28.69  14.17  27.55   8.04  29.13  29.00  27.04  28.61  28.97  28.86  29.85  24.73  26.58  28.80
 wrfout_d04_2016-06-24_19:00:00 999.00  28.12  21.82  26.13  22.51  27.63  29.55  26.91  28.49  27.59  28.13  28.30 999.00  28.47  27.94  28.61  21.46  28.59  14.01  27.40   7.87  29.05  28.94  26.95  28.40  28.71  28.59  29.72  24.61  26.61  28.59
 wrfout_d04_2016-06-24_20:00:00 999.00  28.04  22.70  25.94  22.39  27.33  28.99  26.83  29.02  27.49  27.96  28.13 999.00  28.22  27.72  28.53  21.33  28.51  13.89  26.94   7.80  29.03  28.94  26.81  28.10  28.51  28.43  29.52  24.39  26.61  28.28
 wrfout_d04_2016-06-24_21:00:00 999.00  28.05  22.86  25.73  23.32  27.20  28.68  27.26  28.68  27.56  28.65  28.03 999.00  28.01  27.73  28.47  21.18  28.46  13.88  26.73   7.76  29.02  28.88  26.68  27.74  28.32  28.34  29.46  24.25  26.58  28.11
 wrfout_d04_2016-06-24_22:00:00 999.00  27.97  23.33  27.75  24.27  27.96  28.57  28.05  28.39  28.09  28.26  28.95 999.00  28.37  27.87  28.77  23.12  28.73  15.65  27.09   9.94  29.04  28.68  27.47  28.07  28.63  28.70  29.75  26.46  27.73  28.59
 wrfout_d04_2016-06-24_23:00:00 999.00  27.98  24.35  29.02  25.46  29.59  29.43  28.81  29.39  29.28  29.80  30.00 999.00  29.39  28.76  29.82  24.23  29.45  18.36  27.97  13.27  29.05  29.13  28.59  29.39  29.77  29.58  30.47  28.12  28.87  29.83
