 wrfout_d04_2016-06-30_00:00:00 999.00  28.23  24.42  29.51  25.87  29.69  30.16  29.18  29.73  29.83  28.59  29.24 999.00  30.01  29.56  29.03  27.27  29.49  18.94  28.28  12.58  28.55  28.89  28.13  29.80  29.76  29.16  30.68  29.25  28.63  29.22
 wrfout_d04_2016-06-30_01:00:00 999.00  28.26  24.76  30.12  26.24  30.70  31.40  29.87  31.07  31.02  29.61  30.32 999.00  31.50  31.16  29.73  26.26  29.91  20.37  29.30  14.40  28.63  29.09  28.63  31.07  30.71  29.95  31.50  29.09  29.30  30.41
 wrfout_d04_2016-06-30_02:00:00 999.00  28.26  25.25  30.71  27.45  30.87  32.49  30.02  32.27  31.70  30.42  30.90 999.00  32.05  32.57  30.30  27.39  30.75  21.33  30.76  15.05  28.67  29.11  29.08  31.95  31.51  30.40  32.19  29.36  29.82  31.43
 wrfout_d04_2016-06-30_03:00:00 999.00  28.24  24.95  31.12  28.22  31.10  33.53  30.12  33.42  32.28  31.66  31.34 999.00  32.23  33.49  30.75  28.15  31.08  21.75  31.86  15.24  28.70  29.27  29.17  32.84  32.12  30.56  32.76  29.53  30.12  31.52
 wrfout_d04_2016-06-30_04:00:00 999.00  28.27  26.70  31.12  28.85  31.33  33.67  30.23  34.43  32.36  32.25  31.52 999.00  32.38  34.54  31.09  27.81  31.24  21.39  32.60  15.61  28.73  29.28  29.05  33.70  32.67  30.81  32.88  29.61  30.07  31.83
 wrfout_d04_2016-06-30_05:00:00 999.00  28.27  26.58  30.95  28.96  31.35  34.02  30.27  34.61  32.28  32.39  31.80 999.00  32.19  34.58  30.98  29.35  31.36  20.86  32.96  12.79  28.72  29.13  29.24  34.07  33.05  30.70  32.65  29.43  30.00  31.95
 wrfout_d04_2016-06-30_06:00:00 999.00  28.27  24.94  30.76  28.25  31.05  33.23  30.11  33.69  32.14  32.37  31.88 999.00  32.13  34.20  31.13  29.39  31.28  19.32  32.94  12.09  28.71  29.01  29.21  33.92  32.94  30.85  32.70  29.56  29.90  31.61
 wrfout_d04_2016-06-30_07:00:00 999.00  28.36  25.20  30.54  27.91  31.13  32.34  29.81  33.48  31.93  32.17  31.61 999.00  31.84  33.71  30.39  29.06  31.01  17.49  32.44  12.16  28.67  28.91  28.87  33.53  32.63  30.57  32.55  29.04  29.51  31.49
 wrfout_d04_2016-06-30_08:00:00 999.00  28.35  25.59  30.16  27.19  31.09  32.82  29.31  32.51  31.59  31.65  30.87 999.00  31.63  33.10  30.10  27.32  30.69  17.07  31.67  11.89  28.66  28.97  28.66  32.83  32.16  30.26  32.07  28.37  29.31  30.92
 wrfout_d04_2016-06-30_09:00:00 999.00  28.30  25.07  29.37  26.77  30.78  31.75  29.02  31.86  30.73  31.05  30.11 999.00  31.15  32.17  29.91  26.25  30.23  16.37  30.84  10.58  28.66  28.99  28.45  31.95  31.38  29.96  31.96  27.66  28.80  30.12
 wrfout_d04_2016-06-30_10:00:00 999.00  28.34  23.96  28.43  25.63  30.01  30.46  28.43  30.89  29.90  29.92  29.14 999.00  30.50  31.27  29.59  24.81  29.53  16.66  29.54  11.25  28.66  28.95  27.78  30.92  30.36  29.63  31.43  26.84  27.63  29.33
 wrfout_d04_2016-06-30_11:00:00 999.00  28.29  22.85  27.24  23.81  29.27  29.90  27.68  30.23  29.30  28.74  28.40 999.00  29.90  30.51  29.09  23.63  28.89  14.85  28.89   8.89  28.58  28.93  26.71  30.01  29.75  29.11  30.83  25.49  26.69  28.84
 wrfout_d04_2016-06-30_12:00:00 999.00  28.24  22.27  26.95  23.43  28.97  29.60  27.33  29.85  28.97  28.43  28.11 999.00  29.71  29.74  28.66  22.86  28.63  14.58  28.47   7.92  28.58  28.92  26.17  29.67  29.37  28.62  30.37  25.08  26.31  28.57
 wrfout_d04_2016-06-30_13:00:00 999.00  28.24  22.13  26.77  23.10  28.77  29.41  27.06  29.55  28.75  28.23  27.99 999.00  29.52  29.47  28.29  23.29  28.45  13.94  28.26   7.95  28.51  28.87  25.85  29.35  29.12  28.13  30.21  24.74  25.88  28.30
 wrfout_d04_2016-06-30_14:00:00 999.00  28.21  21.88  26.56  22.83  28.47  29.14  26.81  29.32  28.56  27.88  27.72 999.00  29.30  29.10  27.93  22.19  28.27  13.61  27.94   8.54  28.48  28.89  25.59  29.11  28.90  27.67  30.58  24.72  25.78  28.04
 wrfout_d04_2016-06-30_15:00:00 999.00  28.13  21.86  26.34  22.79  28.11  28.99  26.49  28.92  28.06  27.56  27.46 999.00  29.18  28.80  27.81  21.90  28.09  13.16  27.67   8.20  28.47  28.84  25.39  28.86  28.67  27.45  30.93  24.53  25.59  27.64
 wrfout_d04_2016-06-30_16:00:00 999.00  28.10  21.71  26.15  22.64  27.75  28.81  26.24  28.38  27.48  27.21  27.31 999.00  29.04  28.58  27.70  22.78  27.98  12.64  27.47   8.20  28.43  28.75  25.24  28.65  28.48  27.29  30.92  24.37  25.35  27.27
 wrfout_d04_2016-06-30_17:00:00 999.00  28.04  21.57  25.94  22.51  27.56  28.74  26.08  27.99  27.26  26.92  26.92 999.00  28.83  28.33  27.47  22.65  27.90  12.31  27.15   8.19  28.44  28.61  25.07  28.40  28.32  27.19  30.42  24.16  24.96  27.16
 wrfout_d04_2016-06-30_18:00:00 999.00  27.99  21.43  25.80  22.29  27.23  28.47  26.00  27.67  27.05  26.68  26.66 999.00  28.28  28.05  27.35  22.63  27.86  12.07  26.88   8.10  28.40  28.29  24.94  27.97  28.19  27.07  29.62  23.97  24.86  26.89
 wrfout_d04_2016-06-30_19:00:00 999.00  27.98  21.22  25.64  22.02  26.87  28.30  25.83  27.49  27.04  26.40  26.57 999.00  28.06  27.73  27.22  21.03  27.81  11.81  26.66   8.15  28.39  27.89  24.79  27.14  27.94  26.94  28.95  23.79  24.69  26.77
 wrfout_d04_2016-06-30_20:00:00 999.00  28.00  21.08  26.63  21.87  26.37  28.15  25.60  28.00  27.00  26.17  26.67 999.00  27.93  27.46  26.82  20.79  27.76  11.71  26.32   7.81  28.50  27.40  24.69  26.44  27.17  26.76  28.63  23.72  24.61  26.65
 wrfout_d04_2016-06-30_21:00:00 999.00  28.02  21.09  26.52  21.72  26.11  28.04  25.46  27.70  26.93  26.00  26.38 999.00  27.82  27.18  26.55  20.48  27.73  11.54  26.20   7.88  28.64  26.90  24.64  26.01  26.80  26.64  28.60  23.69  24.61  26.63
 wrfout_d04_2016-06-30_22:00:00 999.00  28.07  22.67  27.26  23.59  26.73  27.83  26.99  27.67  27.33  26.54  26.92 999.00  28.11  27.49  27.52  22.41  28.08  14.01  26.21   9.42  28.59  26.56  26.22  26.18  26.78  26.87  28.90  25.06  26.69  27.11
 wrfout_d04_2016-06-30_23:00:00 999.00  28.13  23.75  28.14  24.73  28.35  28.13  28.23  28.11  28.55  27.77  28.06 999.00  29.13  28.44  28.38  23.12  28.76  18.02  27.21  11.85  28.55  27.10  27.65  27.79  27.94  28.05  29.66  27.20  28.19  28.39
