 wrfout_d04_2016-06-01_00:00:00 999.00  28.48  24.98  31.01  26.62  30.70  31.70  29.16  31.68  30.96  29.98  30.12 999.00  30.76  30.45  29.83  27.44  29.43  20.39  28.91  14.00  28.32  28.79  28.83  30.03  30.38  29.37  30.47  30.94  28.56  29.20
 wrfout_d04_2016-06-01_01:00:00 999.00  28.59  26.25  32.21  28.05  32.75  33.54  29.90  33.45  32.29  30.96  30.85 999.00  32.11  32.05  30.35  28.60  29.96  21.30  30.21  14.52  28.36  28.84  29.62  31.83  31.39  30.50  31.44  32.48  29.27  29.84
 wrfout_d04_2016-06-01_02:00:00 999.00  28.71  27.35  33.27  29.26  34.53  35.03  30.60  35.13  33.29  31.99  31.51 999.00  33.01  33.54  30.87  29.43  30.37  22.03  31.33  14.89  28.41  29.00  30.23  32.66  32.24  31.62  32.30  31.67  29.93  30.47
 wrfout_d04_2016-06-01_03:00:00 999.00  28.92  28.27  34.31  30.34  35.94  36.13  30.93  36.23  33.70  32.55  32.26 999.00  33.49  34.53  31.44  30.46  30.62  22.50  32.15  15.12  28.44  28.96  30.63  32.33  32.19  32.16  32.71  34.83  30.38  30.76
 wrfout_d04_2016-06-01_04:00:00 999.00  29.15  28.81  34.79  30.88  36.62  36.96  31.02  37.09  33.94  32.29  32.63 999.00  33.71  35.29  31.66  31.11  30.77  22.75  32.77  15.13  28.44  28.98  30.99  33.36  32.57  32.43  32.90  34.17  30.63  31.13
 wrfout_d04_2016-06-01_05:00:00 999.00  29.13  29.14  35.05  31.24  36.92  37.48  30.91  37.61  33.77  32.41  33.15 999.00  33.72  36.02  31.65  31.52  30.74  22.79  33.11  15.08  28.44  29.06  31.28  33.47  32.45  32.74  32.58  34.37  30.64  31.02
 wrfout_d04_2016-06-01_06:00:00 999.00  29.00  29.12  34.84  31.14  36.89  37.60  30.75  37.75  33.47  32.43  33.63 999.00  33.28  36.35  31.68  31.58  30.79  22.65  33.23  14.92  28.41  29.03  31.47  33.23  32.29  32.59  32.39  34.30  30.49  30.87
 wrfout_d04_2016-06-01_07:00:00 999.00  29.03  28.47  33.70  30.44  36.29  37.22  30.31  37.36  32.71  32.44  33.53 999.00  33.00  36.25  31.42  31.13  30.66  22.21  32.63  14.55  28.48  28.96  30.91  32.76  32.15  32.28  32.12  33.73  30.13  30.63
 wrfout_d04_2016-06-01_08:00:00 999.00  29.03  27.34  32.10  29.15  33.83  35.75  29.68  35.59  31.69  31.76  32.93 999.00  32.80  35.49  31.07  29.90  30.32  21.42  31.88  13.87  28.52  28.82  30.32  32.45  31.83  31.75  31.85  32.43  29.55  30.29
 wrfout_d04_2016-06-01_09:00:00 999.00  29.07  25.87  30.66  27.50  30.63  33.78  29.04  33.54  30.62  30.38  31.77 999.00  31.99  34.12  30.66  28.34  29.90  20.41  31.25  13.04  28.53  28.79  29.64  31.87  31.18  30.90  31.38  31.43  28.79  29.81
 wrfout_d04_2016-06-01_10:00:00 999.00  28.96  24.77  29.21  26.04  29.72  32.07  28.51  31.71  29.75  29.31  30.80 999.00  30.86  32.50  29.97  26.27  29.31  19.07  30.32  11.89  28.54  28.73  28.58  30.69  30.11  30.13  30.77  29.22  27.84  29.31
 wrfout_d04_2016-06-01_11:00:00 999.00  28.81  24.17  28.61  25.29  29.66  30.97  28.29  30.66  29.47  28.41  30.14 999.00  30.15  31.39  29.70  24.79  28.85  17.10  29.36  11.42  28.51  28.75  28.04  29.87  29.54  29.52  30.25  27.54  27.44  28.82
 wrfout_d04_2016-06-01_12:00:00 999.00  28.62  23.97  28.03  25.03  30.06  30.47  28.16  30.38  29.71  28.11  29.58 999.00  29.61  30.16  29.52  23.98  28.68  16.72  28.67  11.41  28.48  28.76  28.01  29.58  29.28  29.20  30.00  26.94  27.28  28.62
 wrfout_d04_2016-06-01_13:00:00 999.00  28.63  23.84  27.72  24.88  29.99  30.72  28.22  30.67  29.72  27.77  28.94 999.00  29.07  29.40  29.12  23.39  28.56  16.36  28.03  11.14  28.46  28.75  27.93  29.36  29.11  28.86  29.77  26.53  27.21  28.43
 wrfout_d04_2016-06-01_14:00:00 999.00  28.65  23.74  27.44  24.75  29.99  30.83  28.21  30.40  29.72  27.67  28.53 999.00  28.66  28.86  28.89  22.87  28.44  15.99  27.65  10.88  28.43  28.72  27.67  29.20  28.96  28.45  29.56  26.21  27.12  28.26
 wrfout_d04_2016-06-01_15:00:00 999.00  28.60  23.61  27.31  24.63  29.73  30.76  28.08  30.06  29.57  27.68  28.30 999.00  28.45  28.38  28.71  22.43  28.45  15.62  27.34  10.55  28.41  28.68  27.40  29.04  28.86  28.09  29.38  25.89  27.04  28.06
 wrfout_d04_2016-06-01_16:00:00 999.00  28.53  23.39  27.03  24.47  29.63  30.01  27.99  29.86  29.33  27.50  27.71 999.00  28.27  28.22  28.62  22.03  28.23  15.25  26.97  10.37  28.39  28.65  27.12  29.07  28.86  27.89  29.28  25.51  26.97  27.90
 wrfout_d04_2016-06-01_17:00:00 999.00  28.47  23.13  26.87  24.22  29.65  29.76  27.94  29.59  29.01  27.43  27.64 999.00  28.05  27.98  28.54  21.69  28.21  14.87  26.73  10.66  28.42  28.60  26.82  28.95  28.77  27.83  29.33  25.29  26.94  27.84
 wrfout_d04_2016-06-01_18:00:00 999.00  28.53  22.97  26.85  24.01  29.39  29.50  27.92  29.40  28.75  28.16  27.76 999.00  28.04  27.79  28.28  21.39  28.16  14.56  26.72  10.89  28.40  28.57  26.62  28.73  28.60  27.79  29.18  25.09  26.90  27.81
 wrfout_d04_2016-06-01_19:00:00 999.00  28.34  23.19  26.80  24.28  29.21  29.47  27.88  29.31  28.50  27.96  27.53 999.00  28.09  27.68  28.06  21.13  28.18  14.39  26.61  11.05  28.34  28.46  26.50  28.47  28.56  27.52  29.07  24.72  26.88  27.78
 wrfout_d04_2016-06-01_20:00:00 999.00  27.82  22.89  27.20  23.87  28.98  29.03  28.06  29.12  28.54  27.61  27.61 999.00  27.97  27.60  28.04  20.89  28.14  15.33  26.51  11.04  28.36  28.39  26.42  28.46  28.56  27.23  28.99  24.48  26.86  27.73
 wrfout_d04_2016-06-01_21:00:00 999.00  26.50  23.11  27.72  24.24  28.62  29.11  28.24  29.00  28.53  26.84  27.48 999.00  28.08  27.54  28.05  20.74  28.24  15.86  26.58  11.04  28.40  28.37  26.18  28.40  28.36  26.97  28.96  24.36  26.87  27.72
 wrfout_d04_2016-06-01_22:00:00 999.00  25.66  22.81  28.19  24.35  28.45  29.31  28.48  29.12  28.76  27.28  27.84 999.00  28.29  27.62  28.29  22.51  28.30  16.86  26.94  11.42  28.40  28.50  27.63  28.35  28.23  27.16  29.24  26.62  27.40  27.96
 wrfout_d04_2016-06-01_23:00:00 999.00  25.56  23.14  28.97  24.46  27.74  30.33  29.30  30.07  29.87  27.84  27.92 999.00  28.72  28.13  29.12  24.32  28.52  18.18  27.86  12.07  28.46  28.78  28.33  28.62  28.56  28.62  29.94  29.00  28.22  28.59
