   165.6    2546.1   -0.3   -3.5
   166.1    2546.1   -0.3   -3.4
   166.6    2546.1   -0.3   -3.4
   167.1    2546.1   -0.2   -3.3
   167.6    2546.1   -0.2   -3.2
   168.1    2546.1   -0.2   -3.2
   168.6    2546.1   -0.2   -3.2
   169.1    2546.1   -0.1   -3.1
   169.6    2546.1   -0.1   -3.1
   170.1    2546.1   -0.1   -3.1
   170.6    2546.1   -0.1   -3.2
   171.1    2546.1   -0.1   -3.2
   171.6    2546.1   -0.1   -3.2
   172.1    2546.1    0.0   -3.2
   172.6    2546.1    0.0   -3.2
   173.1    2546.1    0.0   -3.2
   173.6    2546.1    0.0   -3.2
   174.1    2546.1    0.1   -3.2
   174.6    2546.1    0.1   -3.2
   175.1    2546.1    0.1   -3.2
   175.6    2546.1    0.1   -3.2
   176.1    2546.1    0.2   -3.3
   176.6    2546.1    0.2   -3.3
   177.1    2546.1    0.2   -3.3
   177.6    2546.1    0.3   -3.3
   178.1    2546.1    0.3   -3.3
   178.6    2546.1    0.3   -3.3
   179.1    2546.1    0.3   -3.3
   179.6    2546.1    0.4   -3.3
   180.1    2546.1    0.4   -3.2
   180.6    2546.1    0.5   -3.2
   181.1    2546.1    0.5   -3.2
   181.6    2546.1    0.6   -3.1
   182.1    2546.1    0.6   -3.1
   182.6    2546.1    0.7   -3.1
   183.1    2546.1    0.7   -3.1
   183.6    2546.1    0.7   -3.1
   184.1    2546.1    0.7   -3.1
   184.6    2546.1    0.7   -3.2
   185.1    2546.1    0.8   -3.2
   165.6    2546.6   -0.4   -3.5
   166.1    2546.6   -0.3   -3.4
   166.6    2546.6   -0.3   -3.4
   167.1    2546.6   -0.2   -3.3
   167.6    2546.6   -0.2   -3.2
   168.1    2546.6   -0.2   -3.2
   168.6    2546.6   -0.2   -3.2
   169.1    2546.6   -0.2   -3.1
   169.6    2546.6   -0.1   -3.1
   170.1    2546.6   -0.1   -3.1
   170.6    2546.6   -0.1   -3.1
   171.1    2546.6   -0.1   -3.2
   171.6    2546.6   -0.1   -3.2
   172.1    2546.6    0.0   -3.2
   172.6    2546.6    0.0   -3.2
   173.1    2546.6    0.0   -3.2
   173.6    2546.6    0.0   -3.2
   174.1    2546.6    0.1   -3.2
   174.6    2546.6    0.1   -3.2
   175.1    2546.6    0.1   -3.2
   175.6    2546.6    0.1   -3.2
   176.1    2546.6    0.2   -3.2
   176.6    2546.6    0.2   -3.3
   177.1    2546.6    0.2   -3.3
   177.6    2546.6    0.3   -3.3
   178.1    2546.6    0.3   -3.3
   178.6    2546.6    0.3   -3.3
   179.1    2546.6    0.3   -3.3
   179.6    2546.6    0.4   -3.2
   180.1    2546.6    0.4   -3.2
   180.6    2546.6    0.5   -3.2
   181.1    2546.6    0.5   -3.1
   181.6    2546.6    0.6   -3.1
   182.1    2546.6    0.6   -3.1
   182.6    2546.6    0.6   -3.1
   183.1    2546.6    0.7   -3.1
   183.6    2546.6    0.7   -3.1
   184.1    2546.6    0.7   -3.1
   184.6    2546.6    0.7   -3.1
   185.1    2546.6    0.8   -3.2
   165.6    2547.1   -0.4   -3.5
   166.1    2547.1   -0.3   -3.4
   166.6    2547.1   -0.3   -3.4
   167.1    2547.1   -0.2   -3.3
   167.6    2547.1   -0.2   -3.2
   168.1    2547.1   -0.2   -3.2
   168.6    2547.1   -0.2   -3.2
   169.1    2547.1   -0.2   -3.1
   169.6    2547.1   -0.1   -3.1
   170.1    2547.1   -0.1   -3.1
   170.6    2547.1   -0.1   -3.1
   171.1    2547.1   -0.1   -3.1
   171.6    2547.1   -0.1   -3.2
   172.1    2547.1   -0.1   -3.2
   172.6    2547.1    0.0   -3.2
   173.1    2547.1    0.0   -3.2
   173.6    2547.1    0.0   -3.2
   174.1    2547.1    0.1   -3.2
   174.6    2547.1    0.1   -3.2
   175.1    2547.1    0.1   -3.2
   175.6    2547.1    0.2   -3.2
   176.1    2547.1    0.2   -3.2
   176.6    2547.1    0.2   -3.2
   177.1    2547.1    0.2   -3.3
   177.6    2547.1    0.3   -3.3
   178.1    2547.1    0.3   -3.3
   178.6    2547.1    0.3   -3.3
   179.1    2547.1    0.3   -3.2
   179.6    2547.1    0.4   -3.2
   180.1    2547.1    0.4   -3.2
   180.6    2547.1    0.5   -3.2
   181.1    2547.1    0.5   -3.1
   181.6    2547.1    0.6   -3.1
   182.1    2547.1    0.6   -3.1
   182.6    2547.1    0.6   -3.1
   183.1    2547.1    0.7   -3.1
   183.6    2547.1    0.7   -3.1
   184.1    2547.1    0.7   -3.1
   184.6    2547.1    0.7   -3.1
   185.1    2547.1    0.7   -3.1
   165.6    2547.6   -0.4   -3.5
   166.1    2547.6   -0.3   -3.4
   166.6    2547.6   -0.3   -3.4
   167.1    2547.6   -0.3   -3.3
   167.6    2547.6   -0.2   -3.3
   168.1    2547.6   -0.2   -3.2
   168.6    2547.6   -0.2   -3.2
   169.1    2547.6   -0.2   -3.1
   169.6    2547.6   -0.1   -3.1
   170.1    2547.6   -0.1   -3.1
   170.6    2547.6   -0.1   -3.1
   171.1    2547.6   -0.1   -3.1
   171.6    2547.6   -0.1   -3.2
   172.1    2547.6   -0.1   -3.2
   172.6    2547.6    0.0   -3.2
   173.1    2547.6    0.0   -3.2
   173.6    2547.6    0.0   -3.2
   174.1    2547.6    0.1   -3.2
   174.6    2547.6    0.1   -3.2
   175.1    2547.6    0.1   -3.2
   175.6    2547.6    0.2   -3.2
   176.1    2547.6    0.2   -3.2
   176.6    2547.6    0.2   -3.2
   177.1    2547.6    0.2   -3.2
   177.6    2547.6    0.3   -3.2
   178.1    2547.6    0.3   -3.2
   178.6    2547.6    0.3   -3.2
   179.1    2547.6    0.3   -3.2
   179.6    2547.6    0.4   -3.2
   180.1    2547.6    0.4   -3.2
   180.6    2547.6    0.4   -3.2
   181.1    2547.6    0.5   -3.1
   181.6    2547.6    0.5   -3.1
   182.1    2547.6    0.6   -3.1
   182.6    2547.6    0.6   -3.1
   183.1    2547.6    0.6   -3.1
   183.6    2547.6    0.7   -3.1
   184.1    2547.6    0.7   -3.1
   184.6    2547.6    0.7   -3.1
   185.1    2547.6    0.7   -3.1
   165.6    2548.1   -0.4   -3.5
   166.1    2548.1   -0.4   -3.4
   166.6    2548.1   -0.3   -3.4
   167.1    2548.1   -0.3   -3.3
   167.6    2548.1   -0.2   -3.3
   168.1    2548.1   -0.2   -3.2
   168.6    2548.1   -0.2   -3.2
   169.1    2548.1   -0.2   -3.1
   169.6    2548.1   -0.2   -3.1
   170.1    2548.1   -0.1   -3.1
   170.6    2548.1   -0.1   -3.1
   171.1    2548.1   -0.1   -3.1
   171.6    2548.1   -0.1   -3.2
   172.1    2548.1   -0.1   -3.2
   172.6    2548.1    0.0   -3.2
   173.1    2548.1    0.0   -3.2
   173.6    2548.1    0.0   -3.2
   174.1    2548.1    0.1   -3.2
   174.6    2548.1    0.1   -3.2
   175.1    2548.1    0.1   -3.2
   175.6    2548.1    0.2   -3.2
   176.1    2548.1    0.2   -3.2
   176.6    2548.1    0.2   -3.2
   177.1    2548.1    0.2   -3.2
   177.6    2548.1    0.2   -3.2
   178.1    2548.1    0.3   -3.2
   178.6    2548.1    0.3   -3.2
   179.1    2548.1    0.3   -3.2
   179.6    2548.1    0.3   -3.2
   180.1    2548.1    0.4   -3.2
   180.6    2548.1    0.4   -3.1
   181.1    2548.1    0.5   -3.1
   181.6    2548.1    0.5   -3.1
   182.1    2548.1    0.6   -3.1
   182.6    2548.1    0.6   -3.1
   183.1    2548.1    0.6   -3.0
   183.6    2548.1    0.7   -3.1
   184.1    2548.1    0.7   -3.1
   184.6    2548.1    0.7   -3.1
   185.1    2548.1    0.7   -3.1
   165.6    2548.6   -0.4   -3.5
   166.1    2548.6   -0.4   -3.4
   166.6    2548.6   -0.3   -3.4
   167.1    2548.6   -0.3   -3.3
   167.6    2548.6   -0.2   -3.3
   168.1    2548.6   -0.2   -3.2
   168.6    2548.6   -0.2   -3.2
   169.1    2548.6   -0.2   -3.1
   169.6    2548.6   -0.2   -3.1
   170.1    2548.6   -0.2   -3.1
   170.6    2548.6   -0.1   -3.1
   171.1    2548.6   -0.1   -3.1
   171.6    2548.6   -0.1   -3.2
   172.1    2548.6   -0.1   -3.2
   172.6    2548.6    0.0   -3.2
   173.1    2548.6    0.0   -3.2
   173.6    2548.6    0.0   -3.2
   174.1    2548.6    0.1   -3.2
   174.6    2548.6    0.1   -3.2
   175.1    2548.6    0.1   -3.2
   175.6    2548.6    0.2   -3.2
   176.1    2548.6    0.2   -3.2
   176.6    2548.6    0.2   -3.2
   177.1    2548.6    0.2   -3.2
   177.6    2548.6    0.2   -3.2
   178.1    2548.6    0.3   -3.2
   178.6    2548.6    0.3   -3.2
   179.1    2548.6    0.3   -3.2
   179.6    2548.6    0.3   -3.2
   180.1    2548.6    0.4   -3.2
   180.6    2548.6    0.4   -3.1
   181.1    2548.6    0.5   -3.1
   181.6    2548.6    0.5   -3.1
   182.1    2548.6    0.6   -3.1
   182.6    2548.6    0.6   -3.1
   183.1    2548.6    0.6   -3.0
   183.6    2548.6    0.7   -3.1
   184.1    2548.6    0.7   -3.1
   184.6    2548.6    0.7   -3.1
   185.1    2548.6    0.7   -3.1
   165.6    2549.1   -0.4   -3.5
   166.1    2549.1   -0.4   -3.4
   166.6    2549.1   -0.3   -3.4
   167.1    2549.1   -0.3   -3.4
   167.6    2549.1   -0.2   -3.3
   168.1    2549.1   -0.2   -3.2
   168.6    2549.1   -0.2   -3.2
   169.1    2549.1   -0.2   -3.1
   169.6    2549.1   -0.2   -3.1
   170.1    2549.1   -0.2   -3.1
   170.6    2549.1   -0.1   -3.1
   171.1    2549.1   -0.1   -3.1
   171.6    2549.1   -0.1   -3.2
   172.1    2549.1   -0.1   -3.2
   172.6    2549.1    0.0   -3.2
   173.1    2549.1    0.0   -3.2
   173.6    2549.1    0.0   -3.2
   174.1    2549.1    0.1   -3.3
   174.6    2549.1    0.1   -3.3
   175.1    2549.1    0.1   -3.3
   175.6    2549.1    0.2   -3.3
   176.1    2549.1    0.2   -3.3
   176.6    2549.1    0.2   -3.3
   177.1    2549.1    0.2   -3.2
   177.6    2549.1    0.2   -3.2
   178.1    2549.1    0.2   -3.2
   178.6    2549.1    0.3   -3.2
   179.1    2549.1    0.3   -3.2
   179.6    2549.1    0.3   -3.1
   180.1    2549.1    0.4   -3.2
   180.6    2549.1    0.4   -3.2
   181.1    2549.1    0.5   -3.1
   181.6    2549.1    0.5   -3.1
   182.1    2549.1    0.6   -3.1
   182.6    2549.1    0.6   -3.1
   183.1    2549.1    0.6   -3.1
   183.6    2549.1    0.7   -3.1
   184.1    2549.1    0.7   -3.1
   184.6    2549.1    0.7   -3.1
   185.1    2549.1    0.7   -3.1
   165.6    2549.6   -0.4   -3.5
   166.1    2549.6   -0.4   -3.5
   166.6    2549.6   -0.3   -3.4
   167.1    2549.6   -0.3   -3.4
   167.6    2549.6   -0.2   -3.3
   168.1    2549.6   -0.2   -3.2
   168.6    2549.6   -0.2   -3.2
   169.1    2549.6   -0.2   -3.1
   169.6    2549.6   -0.2   -3.1
   170.1    2549.6   -0.2   -3.1
   170.6    2549.6   -0.2   -3.1
   171.1    2549.6   -0.1   -3.2
   171.6    2549.6   -0.1   -3.2
   172.1    2549.6   -0.1   -3.2
   172.6    2549.6    0.0   -3.2
   173.1    2549.6    0.0   -3.2
   173.6    2549.6    0.0   -3.3
   174.1    2549.6    0.1   -3.3
   174.6    2549.6    0.1   -3.3
   175.1    2549.6    0.1   -3.3
   175.6    2549.6    0.2   -3.3
   176.1    2549.6    0.2   -3.3
   176.6    2549.6    0.2   -3.3
   177.1    2549.6    0.2   -3.3
   177.6    2549.6    0.2   -3.2
   178.1    2549.6    0.2   -3.2
   178.6    2549.6    0.3   -3.2
   179.1    2549.6    0.3   -3.2
   179.6    2549.6    0.3   -3.2
   180.1    2549.6    0.3   -3.2
   180.6    2549.6    0.4   -3.2
   181.1    2549.6    0.5   -3.1
   181.6    2549.6    0.5   -3.1
   182.1    2549.6    0.5   -3.1
   182.6    2549.6    0.6   -3.1
   183.1    2549.6    0.6   -3.1
   183.6    2549.6    0.6   -3.1
   184.1    2549.6    0.7   -3.1
   184.6    2549.6    0.7   -3.1
   185.1    2549.6    0.7   -3.1
   165.6    2550.1   -0.4   -3.5
   166.1    2550.1   -0.4   -3.5
   166.6    2550.1   -0.4   -3.4
   167.1    2550.1   -0.3   -3.4
   167.6    2550.1   -0.3   -3.3
   168.1    2550.1   -0.2   -3.3
   168.6    2550.1   -0.2   -3.2
   169.1    2550.1   -0.2   -3.2
   169.6    2550.1   -0.2   -3.1
   170.1    2550.1   -0.2   -3.1
   170.6    2550.1   -0.2   -3.1
   171.1    2550.1   -0.1   -3.2
   171.6    2550.1   -0.1   -3.2
   172.1    2550.1   -0.1   -3.2
   172.6    2550.1   -0.1   -3.2
   173.1    2550.1    0.0   -3.3
   173.6    2550.1    0.0   -3.3
   174.1    2550.1    0.1   -3.3
   174.6    2550.1    0.1   -3.3
   175.1    2550.1    0.1   -3.3
   175.6    2550.1    0.2   -3.3
   176.1    2550.1    0.2   -3.3
   176.6    2550.1    0.2   -3.3
   177.1    2550.1    0.2   -3.3
   177.6    2550.1    0.2   -3.2
   178.1    2550.1    0.2   -3.2
   178.6    2550.1    0.3   -3.2
   179.1    2550.1    0.3   -3.2
   179.6    2550.1    0.3   -3.2
   180.1    2550.1    0.3   -3.2
   180.6    2550.1    0.4   -3.2
   181.1    2550.1    0.4   -3.1
   181.6    2550.1    0.5   -3.1
   182.1    2550.1    0.5   -3.1
   182.6    2550.1    0.6   -3.1
   183.1    2550.1    0.6   -3.1
   183.6    2550.1    0.6   -3.1
   184.1    2550.1    0.7   -3.1
   184.6    2550.1    0.7   -3.1
   185.1    2550.1    0.7   -3.1
   165.6    2550.6   -0.5   -3.5
   166.1    2550.6   -0.4   -3.5
   166.6    2550.6   -0.4   -3.5
   167.1    2550.6   -0.3   -3.4
   167.6    2550.6   -0.3   -3.4
   168.1    2550.6   -0.2   -3.3
   168.6    2550.6   -0.2   -3.2
   169.1    2550.6   -0.2   -3.2
   169.6    2550.6   -0.2   -3.1
   170.1    2550.6   -0.2   -3.1
   170.6    2550.6   -0.2   -3.1
   171.1    2550.6   -0.1   -3.2
   171.6    2550.6   -0.1   -3.2
   172.1    2550.6   -0.1   -3.2
   172.6    2550.6   -0.1   -3.2
   173.1    2550.6    0.0   -3.3
   173.6    2550.6    0.0   -3.3
   174.1    2550.6    0.1   -3.3
   174.6    2550.6    0.1   -3.3
   175.1    2550.6    0.1   -3.3
   175.6    2550.6    0.2   -3.3
   176.1    2550.6    0.2   -3.3
   176.6    2550.6    0.2   -3.3
   177.1    2550.6    0.2   -3.3
   177.6    2550.6    0.2   -3.2
   178.1    2550.6    0.2   -3.2
   178.6    2550.6    0.3   -3.2
   179.1    2550.6    0.3   -3.2
   179.6    2550.6    0.3   -3.2
   180.1    2550.6    0.3   -3.2
   180.6    2550.6    0.4   -3.2
   181.1    2550.6    0.4   -3.2
   181.6    2550.6    0.5   -3.1
   182.1    2550.6    0.5   -3.1
   182.6    2550.6    0.5   -3.1
   183.1    2550.6    0.6   -3.1
   183.6    2550.6    0.6   -3.1
   184.1    2550.6    0.7   -3.1
   184.6    2550.6    0.7   -3.1
   185.1    2550.6    0.7   -3.1
   165.6    2551.1   -0.5   -3.5
   166.1    2551.1   -0.4   -3.5
   166.6    2551.1   -0.4   -3.5
   167.1    2551.1   -0.3   -3.5
   167.6    2551.1   -0.3   -3.4
   168.1    2551.1   -0.2   -3.3
   168.6    2551.1   -0.2   -3.3
   169.1    2551.1   -0.2   -3.2
   169.6    2551.1   -0.2   -3.1
   170.1    2551.1   -0.2   -3.1
   170.6    2551.1   -0.2   -3.1
   171.1    2551.1   -0.1   -3.2
   171.6    2551.1   -0.1   -3.2
   172.1    2551.1   -0.1   -3.2
   172.6    2551.1   -0.1   -3.3
   173.1    2551.1    0.0   -3.3
   173.6    2551.1    0.0   -3.3
   174.1    2551.1    0.0   -3.3
   174.6    2551.1    0.1   -3.3
   175.1    2551.1    0.1   -3.3
   175.6    2551.1    0.2   -3.3
   176.1    2551.1    0.2   -3.3
   176.6    2551.1    0.2   -3.3
   177.1    2551.1    0.2   -3.3
   177.6    2551.1    0.2   -3.3
   178.1    2551.1    0.3   -3.3
   178.6    2551.1    0.3   -3.3
   179.1    2551.1    0.3   -3.2
   179.6    2551.1    0.3   -3.2
   180.1    2551.1    0.3   -3.2
   180.6    2551.1    0.4   -3.2
   181.1    2551.1    0.4   -3.2
   181.6    2551.1    0.4   -3.1
   182.1    2551.1    0.5   -3.1
   182.6    2551.1    0.5   -3.1
   183.1    2551.1    0.5   -3.1
   183.6    2551.1    0.6   -3.1
   184.1    2551.1    0.6   -3.1
   184.6    2551.1    0.7   -3.1
   185.1    2551.1    0.7   -3.1
   165.6    2551.6   -0.5   -3.5
   166.1    2551.6   -0.4   -3.5
   166.6    2551.6   -0.4   -3.5
   167.1    2551.6   -0.3   -3.5
   167.6    2551.6   -0.3   -3.4
   168.1    2551.6   -0.3   -3.4
   168.6    2551.6   -0.2   -3.3
   169.1    2551.6   -0.2   -3.2
   169.6    2551.6   -0.2   -3.2
   170.1    2551.6   -0.2   -3.1
   170.6    2551.6   -0.2   -3.1
   171.1    2551.6   -0.2   -3.2
   171.6    2551.6   -0.1   -3.2
   172.1    2551.6   -0.1   -3.3
   172.6    2551.6   -0.1   -3.3
   173.1    2551.6   -0.1   -3.3
   173.6    2551.6    0.0   -3.3
   174.1    2551.6    0.0   -3.3
   174.6    2551.6    0.1   -3.4
   175.1    2551.6    0.1   -3.4
   175.6    2551.6    0.2   -3.4
   176.1    2551.6    0.2   -3.4
   176.6    2551.6    0.2   -3.3
   177.1    2551.6    0.2   -3.3
   177.6    2551.6    0.3   -3.3
   178.1    2551.6    0.3   -3.3
   178.6    2551.6    0.3   -3.3
   179.1    2551.6    0.3   -3.3
   179.6    2551.6    0.3   -3.3
   180.1    2551.6    0.3   -3.2
   180.6    2551.6    0.3   -3.2
   181.1    2551.6    0.4   -3.2
   181.6    2551.6    0.4   -3.1
   182.1    2551.6    0.4   -3.1
   182.6    2551.6    0.5   -3.1
   183.1    2551.6    0.5   -3.1
   183.6    2551.6    0.6   -3.1
   184.1    2551.6    0.6   -3.1
   184.6    2551.6    0.7   -3.0
   185.1    2551.6    0.7   -3.0
   165.6    2552.1   -0.5   -3.5
   166.1    2552.1   -0.4   -3.5
   166.6    2552.1   -0.4   -3.5
   167.1    2552.1   -0.4   -3.5
   167.6    2552.1   -0.3   -3.4
   168.1    2552.1   -0.3   -3.4
   168.6    2552.1   -0.2   -3.3
   169.1    2552.1   -0.2   -3.2
   169.6    2552.1   -0.2   -3.2
   170.1    2552.1   -0.2   -3.2
   170.6    2552.1   -0.2   -3.2
   171.1    2552.1   -0.2   -3.2
   171.6    2552.1   -0.2   -3.2
   172.1    2552.1   -0.1   -3.3
   172.6    2552.1   -0.1   -3.3
   173.1    2552.1   -0.1   -3.3
   173.6    2552.1   -0.1   -3.4
   174.1    2552.1    0.0   -3.4
   174.6    2552.1    0.0   -3.4
   175.1    2552.1    0.1   -3.4
   175.6    2552.1    0.1   -3.4
   176.1    2552.1    0.2   -3.4
   176.6    2552.1    0.2   -3.4
   177.1    2552.1    0.2   -3.3
   177.6    2552.1    0.3   -3.3
   178.1    2552.1    0.3   -3.3
   178.6    2552.1    0.3   -3.3
   179.1    2552.1    0.3   -3.3
   179.6    2552.1    0.3   -3.3
   180.1    2552.1    0.3   -3.3
   180.6    2552.1    0.3   -3.2
   181.1    2552.1    0.4   -3.2
   181.6    2552.1    0.4   -3.2
   182.1    2552.1    0.4   -3.1
   182.6    2552.1    0.5   -3.1
   183.1    2552.1    0.5   -3.1
   183.6    2552.1    0.6   -3.1
   184.1    2552.1    0.6   -3.1
   184.6    2552.1    0.7   -3.0
   185.1    2552.1    0.7   -3.0
   165.6    2552.6   -0.5   -3.5
   166.1    2552.6   -0.5   -3.5
   166.6    2552.6   -0.4   -3.5
   167.1    2552.6   -0.4   -3.5
   167.6    2552.6   -0.3   -3.4
   168.1    2552.6   -0.3   -3.4
   168.6    2552.6   -0.3   -3.3
   169.1    2552.6   -0.2   -3.2
   169.6    2552.6   -0.2   -3.2
   170.1    2552.6   -0.2   -3.2
   170.6    2552.6   -0.2   -3.2
   171.1    2552.6   -0.2   -3.2
   171.6    2552.6   -0.2   -3.3
   172.1    2552.6   -0.2   -3.3
   172.6    2552.6   -0.1   -3.3
   173.1    2552.6   -0.1   -3.4
   173.6    2552.6   -0.1   -3.4
   174.1    2552.6   -0.1   -3.4
   174.6    2552.6    0.0   -3.4
   175.1    2552.6    0.1   -3.4
   175.6    2552.6    0.1   -3.4
   176.1    2552.6    0.2   -3.4
   176.6    2552.6    0.2   -3.4
   177.1    2552.6    0.2   -3.4
   177.6    2552.6    0.3   -3.4
   178.1    2552.6    0.3   -3.4
   178.6    2552.6    0.3   -3.3
   179.1    2552.6    0.3   -3.3
   179.6    2552.6    0.3   -3.3
   180.1    2552.6    0.3   -3.3
   180.6    2552.6    0.3   -3.3
   181.1    2552.6    0.4   -3.2
   181.6    2552.6    0.4   -3.2
   182.1    2552.6    0.4   -3.2
   182.6    2552.6    0.5   -3.1
   183.1    2552.6    0.5   -3.1
   183.6    2552.6    0.6   -3.1
   184.1    2552.6    0.6   -3.0
   184.6    2552.6    0.7   -3.0
   185.1    2552.6    0.7   -3.0
   165.6    2553.1   -0.5   -3.5
   166.1    2553.1   -0.5   -3.5
   166.6    2553.1   -0.4   -3.5
   167.1    2553.1   -0.4   -3.5
   167.6    2553.1   -0.3   -3.4
   168.1    2553.1   -0.3   -3.4
   168.6    2553.1   -0.3   -3.3
   169.1    2553.1   -0.2   -3.3
   169.6    2553.1   -0.2   -3.2
   170.1    2553.1   -0.2   -3.2
   170.6    2553.1   -0.2   -3.2
   171.1    2553.1   -0.2   -3.3
   171.6    2553.1   -0.2   -3.3
   172.1    2553.1   -0.2   -3.3
   172.6    2553.1   -0.2   -3.3
   173.1    2553.1   -0.2   -3.4
   173.6    2553.1   -0.2   -3.4
   174.1    2553.1   -0.1   -3.4
   174.6    2553.1   -0.1   -3.4
   175.1    2553.1    0.0   -3.4
   175.6    2553.1    0.1   -3.4
   176.1    2553.1    0.1   -3.4
   176.6    2553.1    0.2   -3.4
   177.1    2553.1    0.2   -3.4
   177.6    2553.1    0.3   -3.4
   178.1    2553.1    0.3   -3.4
   178.6    2553.1    0.3   -3.4
   179.1    2553.1    0.3   -3.4
   179.6    2553.1    0.3   -3.4
   180.1    2553.1    0.3   -3.3
   180.6    2553.1    0.3   -3.3
   181.1    2553.1    0.3   -3.3
   181.6    2553.1    0.4   -3.2
   182.1    2553.1    0.4   -3.2
   182.6    2553.1    0.4   -3.1
   183.1    2553.1    0.5   -3.1
   183.6    2553.1    0.5   -3.1
   184.1    2553.1    0.6   -3.0
   184.6    2553.1    0.7   -3.0
   185.1    2553.1    0.7   -3.0
   165.6    2553.6   -0.5   -3.5
   166.1    2553.6   -0.5   -3.5
   166.6    2553.6   -0.4   -3.5
   167.1    2553.6   -0.4   -3.5
   167.6    2553.6   -0.4   -3.4
   168.1    2553.6   -0.3   -3.4
   168.6    2553.6   -0.3   -3.3
   169.1    2553.6   -0.3   -3.3
   169.6    2553.6   -0.2   -3.3
   170.1    2553.6   -0.2   -3.3
   170.6    2553.6   -0.2   -3.3
   171.1    2553.6   -0.2   -3.3
   171.6    2553.6   -0.2   -3.3
   172.1    2553.6   -0.2   -3.3
   172.6    2553.6   -0.2   -3.4
   173.1    2553.6   -0.3   -3.4
   173.6    2553.6   -0.2   -3.4
   174.1    2553.6   -0.2   -3.4
   174.6    2553.6   -0.2   -3.4
   175.1    2553.6   -0.1   -3.4
   175.6    2553.6    0.0   -3.4
   176.1    2553.6    0.0   -3.4
   176.6    2553.6    0.1   -3.5
   177.1    2553.6    0.2   -3.5
   177.6    2553.6    0.3   -3.5
   178.1    2553.6    0.3   -3.5
   178.6    2553.6    0.3   -3.4
   179.1    2553.6    0.3   -3.4
   179.6    2553.6    0.3   -3.4
   180.1    2553.6    0.3   -3.4
   180.6    2553.6    0.3   -3.3
   181.1    2553.6    0.3   -3.3
   181.6    2553.6    0.4   -3.2
   182.1    2553.6    0.4   -3.2
   182.6    2553.6    0.4   -3.1
   183.1    2553.6    0.5   -3.1
   183.6    2553.6    0.5   -3.0
   184.1    2553.6    0.6   -3.0
   184.6    2553.6    0.7   -3.0
   185.1    2553.6    0.7   -3.0
   165.6    2554.1   -0.5   -3.5
   166.1    2554.1   -0.5   -3.5
   166.6    2554.1   -0.4   -3.5
   167.1    2554.1   -0.4   -3.5
   167.6    2554.1   -0.4   -3.4
   168.1    2554.1   -0.3   -3.4
   168.6    2554.1   -0.3   -3.4
   169.1    2554.1   -0.3   -3.3
   169.6    2554.1   -0.3   -3.3
   170.1    2554.1   -0.3   -3.3
   170.6    2554.1   -0.3   -3.3
   171.1    2554.1   -0.3   -3.3
   171.6    2554.1   -0.3   -3.3
   172.1    2554.1   -0.3   -3.3
   172.6    2554.1   -0.3   -3.4
   173.1    2554.1   -0.3   -3.4
   173.6    2554.1   -0.4   -3.4
   174.1    2554.1   -0.3   -3.4
   174.6    2554.1   -0.3   -3.4
   175.1    2554.1   -0.2   -3.4
   175.6    2554.1   -0.1   -3.5
   176.1    2554.1    0.0   -3.5
   176.6    2554.1    0.1   -3.5
   177.1    2554.1    0.2   -3.5
   177.6    2554.1    0.2   -3.5
   178.1    2554.1    0.3   -3.5
   178.6    2554.1    0.3   -3.5
   179.1    2554.1    0.3   -3.5
   179.6    2554.1    0.3   -3.4
   180.1    2554.1    0.3   -3.4
   180.6    2554.1    0.3   -3.3
   181.1    2554.1    0.3   -3.3
   181.6    2554.1    0.4   -3.2
   182.1    2554.1    0.4   -3.2
   182.6    2554.1    0.4   -3.1
   183.1    2554.1    0.5   -3.1
   183.6    2554.1    0.5   -3.0
   184.1    2554.1    0.6   -3.0
   184.6    2554.1    0.6   -3.0
   185.1    2554.1    0.7   -2.9
   165.6    2554.6   -0.5   -3.5
   166.1    2554.6   -0.5   -3.5
   166.6    2554.6   -0.4   -3.5
   167.1    2554.6   -0.4   -3.5
   167.6    2554.6   -0.4   -3.4
   168.1    2554.6   -0.3   -3.4
   168.6    2554.6   -0.3   -3.4
   169.1    2554.6   -0.3   -3.4
   169.6    2554.6   -0.3   -3.3
   170.1    2554.6   -0.3   -3.3
   170.6    2554.6   -0.3   -3.3
   171.1    2554.6   -0.3   -3.3
   171.6    2554.6   -0.3   -3.3
   172.1    2554.6   -0.4   -3.3
   172.6    2554.6   -0.4   -3.4
   173.1    2554.6   -0.5   -3.4
   173.6    2554.6   -0.5   -3.4
   174.1    2554.6   -0.4   -3.4
   174.6    2554.6   -0.3   -3.4
   175.1    2554.6   -0.3   -3.4
   175.6    2554.6   -0.2   -3.5
   176.1    2554.6   -0.1   -3.5
   176.6    2554.6    0.0   -3.5
   177.1    2554.6    0.1   -3.5
   177.6    2554.6    0.2   -3.6
   178.1    2554.6    0.3   -3.6
   178.6    2554.6    0.3   -3.6
   179.1    2554.6    0.3   -3.5
   179.6    2554.6    0.3   -3.5
   180.1    2554.6    0.3   -3.4
   180.6    2554.6    0.3   -3.4
   181.1    2554.6    0.3   -3.3
   181.6    2554.6    0.4   -3.3
   182.1    2554.6    0.4   -3.2
   182.6    2554.6    0.4   -3.1
   183.1    2554.6    0.5   -3.1
   183.6    2554.6    0.5   -3.0
   184.1    2554.6    0.6   -3.0
   184.6    2554.6    0.6   -2.9
   185.1    2554.6    0.7   -2.9
   165.6    2555.1   -0.5   -3.5
   166.1    2555.1   -0.5   -3.5
   166.6    2555.1   -0.4   -3.5
   167.1    2555.1   -0.4   -3.5
   167.6    2555.1   -0.4   -3.4
   168.1    2555.1   -0.3   -3.4
   168.6    2555.1   -0.3   -3.4
   169.1    2555.1   -0.3   -3.4
   169.6    2555.1   -0.3   -3.4
   170.1    2555.1   -0.3   -3.4
   170.6    2555.1   -0.3   -3.3
   171.1    2555.1   -0.3   -3.3
   171.6    2555.1   -0.4   -3.3
   172.1    2555.1   -0.4   -3.3
   172.6    2555.1   -0.5   -3.4
   173.1    2555.1   -0.5   -3.4
   173.6    2555.1   -0.6   -3.4
   174.1    2555.1   -0.5   -3.4
   174.6    2555.1   -0.4   -3.4
   175.1    2555.1   -0.3   -3.4
   175.6    2555.1   -0.2   -3.5
   176.1    2555.1   -0.1   -3.5
   176.6    2555.1   -0.1   -3.5
   177.1    2555.1    0.0   -3.5
   177.6    2555.1    0.2   -3.6
   178.1    2555.1    0.3   -3.6
   178.6    2555.1    0.3   -3.6
   179.1    2555.1    0.3   -3.6
   179.6    2555.1    0.3   -3.5
   180.1    2555.1    0.3   -3.5
   180.6    2555.1    0.3   -3.4
   181.1    2555.1    0.3   -3.3
   181.6    2555.1    0.4   -3.3
   182.1    2555.1    0.4   -3.2
   182.6    2555.1    0.4   -3.2
   183.1    2555.1    0.5   -3.1
   183.6    2555.1    0.5   -3.0
   184.1    2555.1    0.6   -3.0
   184.6    2555.1    0.6   -2.9
   185.1    2555.1    0.7   -2.9
   165.6    2555.6   -0.5   -3.5
   166.1    2555.6   -0.5   -3.5
   166.6    2555.6   -0.4   -3.5
   167.1    2555.6   -0.4   -3.5
   167.6    2555.6   -0.4   -3.5
   168.1    2555.6   -0.4   -3.4
   168.6    2555.6   -0.3   -3.4
   169.1    2555.6   -0.3   -3.4
   169.6    2555.6   -0.3   -3.4
   170.1    2555.6   -0.3   -3.4
   170.6    2555.6   -0.3   -3.4
   171.1    2555.6   -0.4   -3.4
   171.6    2555.6   -0.4   -3.4
   172.1    2555.6   -0.5   -3.4
   172.6    2555.6   -0.5   -3.3
   173.1    2555.6   -0.6   -3.3
   173.6    2555.6   -0.6   -3.3
   174.1    2555.6   -0.5   -3.4
   174.6    2555.6   -0.4   -3.4
   175.1    2555.6   -0.3   -3.4
   175.6    2555.6   -0.2   -3.5
   176.1    2555.6   -0.2   -3.5
   176.6    2555.6   -0.1   -3.5
   177.1    2555.6    0.0   -3.5
   177.6    2555.6    0.1   -3.6
   178.1    2555.6    0.2   -3.6
   178.6    2555.6    0.3   -3.6
   179.1    2555.6    0.3   -3.6
   179.6    2555.6    0.3   -3.5
   180.1    2555.6    0.3   -3.5
   180.6    2555.6    0.3   -3.4
   181.1    2555.6    0.3   -3.4
   181.6    2555.6    0.4   -3.3
   182.1    2555.6    0.4   -3.2
   182.6    2555.6    0.4   -3.2
   183.1    2555.6    0.5   -3.1
   183.6    2555.6    0.5   -3.0
   184.1    2555.6    0.6   -3.0
   184.6    2555.6    0.6   -2.9
   185.1    2555.6    0.7   -2.9
   165.6    2556.1   -0.5   -3.5
   166.1    2556.1   -0.5   -3.5
   166.6    2556.1   -0.4   -3.5
   167.1    2556.1   -0.4   -3.5
   167.6    2556.1   -0.4   -3.5
   168.1    2556.1   -0.4   -3.5
   168.6    2556.1   -0.3   -3.4
   169.1    2556.1   -0.3   -3.4
   169.6    2556.1   -0.3   -3.4
   170.1    2556.1   -0.3   -3.4
   170.6    2556.1   -0.3   -3.4
   171.1    2556.1   -0.4   -3.4
   171.6    2556.1   -0.4   -3.4
   172.1    2556.1   -0.5   -3.4
   172.6    2556.1   -0.6   -3.3
   173.1    2556.1   -0.7   -3.3
   173.6    2556.1   -0.7   -3.3
   174.1    2556.1   -0.6   -3.3
   174.6    2556.1   -0.5   -3.3
   175.1    2556.1   -0.4   -3.4
   175.6    2556.1   -0.3   -3.4
   176.1    2556.1   -0.2   -3.4
   176.6    2556.1   -0.2   -3.5
   177.1    2556.1   -0.1   -3.5
   177.6    2556.1    0.1   -3.6
   178.1    2556.1    0.2   -3.6
   178.6    2556.1    0.3   -3.6
   179.1    2556.1    0.3   -3.6
   179.6    2556.1    0.3   -3.6
   180.1    2556.1    0.3   -3.5
   180.6    2556.1    0.3   -3.5
   181.1    2556.1    0.3   -3.4
   181.6    2556.1    0.4   -3.3
   182.1    2556.1    0.4   -3.3
   182.6    2556.1    0.4   -3.2
   183.1    2556.1    0.5   -3.1
   183.6    2556.1    0.5   -3.1
   184.1    2556.1    0.6   -3.0
   184.6    2556.1    0.6   -2.9
   185.1    2556.1    0.7   -2.9
   165.6    2556.6   -0.5   -3.5
   166.1    2556.6   -0.5   -3.5
   166.6    2556.6   -0.4   -3.5
   167.1    2556.6   -0.4   -3.5
   167.6    2556.6   -0.4   -3.5
   168.1    2556.6   -0.4   -3.5
   168.6    2556.6   -0.3   -3.5
   169.1    2556.6   -0.3   -3.5
   169.6    2556.6   -0.3   -3.5
   170.1    2556.6   -0.3   -3.5
   170.6    2556.6   -0.3   -3.4
   171.1    2556.6   -0.4   -3.4
   171.6    2556.6   -0.4   -3.4
   172.1    2556.6   -0.5   -3.3
   172.6    2556.6   -0.6   -3.3
   173.1    2556.6   -0.7   -3.3
   173.6    2556.6   -0.7   -3.3
   174.1    2556.6   -0.6   -3.3
   174.6    2556.6   -0.5   -3.3
   175.1    2556.6   -0.4   -3.4
   175.6    2556.6   -0.3   -3.4
   176.1    2556.6   -0.3   -3.4
   176.6    2556.6   -0.2   -3.5
   177.1    2556.6   -0.1   -3.5
   177.6    2556.6    0.0   -3.5
   178.1    2556.6    0.1   -3.6
   178.6    2556.6    0.2   -3.6
   179.1    2556.6    0.3   -3.6
   179.6    2556.6    0.3   -3.6
   180.1    2556.6    0.3   -3.5
   180.6    2556.6    0.3   -3.5
   181.1    2556.6    0.3   -3.4
   181.6    2556.6    0.4   -3.3
   182.1    2556.6    0.4   -3.3
   182.6    2556.6    0.4   -3.2
   183.1    2556.6    0.5   -3.1
   183.6    2556.6    0.5   -3.1
   184.1    2556.6    0.6   -3.0
   184.6    2556.6    0.6   -3.0
   185.1    2556.6    0.7   -2.9
   165.6    2557.1   -0.5   -3.5
   166.1    2557.1   -0.5   -3.5
   166.6    2557.1   -0.4   -3.5
   167.1    2557.1   -0.4   -3.5
   167.6    2557.1   -0.4   -3.5
   168.1    2557.1   -0.4   -3.5
   168.6    2557.1   -0.3   -3.5
   169.1    2557.1   -0.3   -3.5
   169.6    2557.1   -0.3   -3.5
   170.1    2557.1   -0.3   -3.5
   170.6    2557.1   -0.3   -3.5
   171.1    2557.1   -0.4   -3.4
   171.6    2557.1   -0.4   -3.4
   172.1    2557.1   -0.5   -3.3
   172.6    2557.1   -0.6   -3.3
   173.1    2557.1   -0.7   -3.3
   173.6    2557.1   -0.7   -3.3
   174.1    2557.1   -0.7   -3.3
   174.6    2557.1   -0.6   -3.3
   175.1    2557.1   -0.5   -3.4
   175.6    2557.1   -0.4   -3.4
   176.1    2557.1   -0.3   -3.4
   176.6    2557.1   -0.3   -3.4
   177.1    2557.1   -0.2   -3.5
   177.6    2557.1    0.0   -3.5
   178.1    2557.1    0.1   -3.6
   178.6    2557.1    0.2   -3.6
   179.1    2557.1    0.3   -3.6
   179.6    2557.1    0.3   -3.6
   180.1    2557.1    0.3   -3.5
   180.6    2557.1    0.3   -3.5
   181.1    2557.1    0.3   -3.4
   181.6    2557.1    0.4   -3.4
   182.1    2557.1    0.4   -3.3
   182.6    2557.1    0.4   -3.2
   183.1    2557.1    0.5   -3.2
   183.6    2557.1    0.5   -3.1
   184.1    2557.1    0.6   -3.0
   184.6    2557.1    0.6   -3.0
   185.1    2557.1    0.7   -3.0
   165.6    2557.6   -0.5   -3.5
   166.1    2557.6   -0.5   -3.5
   166.6    2557.6   -0.5   -3.5
   167.1    2557.6   -0.4   -3.5
   167.6    2557.6   -0.4   -3.5
   168.1    2557.6   -0.4   -3.5
   168.6    2557.6   -0.3   -3.5
   169.1    2557.6   -0.3   -3.5
   169.6    2557.6   -0.3   -3.5
   170.1    2557.6   -0.3   -3.5
   170.6    2557.6   -0.3   -3.5
   171.1    2557.6   -0.4   -3.4
   171.6    2557.6   -0.4   -3.4
   172.1    2557.6   -0.5   -3.3
   172.6    2557.6   -0.6   -3.3
   173.1    2557.6   -0.7   -3.2
   173.6    2557.6   -0.7   -3.3
   174.1    2557.6   -0.7   -3.3
   174.6    2557.6   -0.6   -3.3
   175.1    2557.6   -0.5   -3.3
   175.6    2557.6   -0.4   -3.4
   176.1    2557.6   -0.4   -3.4
   176.6    2557.6   -0.3   -3.4
   177.1    2557.6   -0.2   -3.5
   177.6    2557.6    0.0   -3.5
   178.1    2557.6    0.1   -3.6
   178.6    2557.6    0.2   -3.6
   179.1    2557.6    0.2   -3.6
   179.6    2557.6    0.2   -3.5
   180.1    2557.6    0.3   -3.5
   180.6    2557.6    0.3   -3.5
   181.1    2557.6    0.3   -3.4
   181.6    2557.6    0.4   -3.4
   182.1    2557.6    0.4   -3.3
   182.6    2557.6    0.4   -3.3
   183.1    2557.6    0.5   -3.2
   183.6    2557.6    0.6   -3.1
   184.1    2557.6    0.6   -3.1
   184.6    2557.6    0.7   -3.0
   185.1    2557.6    0.7   -3.0
   165.6    2558.1   -0.5   -3.5
   166.1    2558.1   -0.5   -3.5
   166.6    2558.1   -0.5   -3.5
   167.1    2558.1   -0.4   -3.5
   167.6    2558.1   -0.4   -3.5
   168.1    2558.1   -0.4   -3.5
   168.6    2558.1   -0.4   -3.6
   169.1    2558.1   -0.3   -3.6
   169.6    2558.1   -0.3   -3.6
   170.1    2558.1   -0.3   -3.5
   170.6    2558.1   -0.3   -3.5
   171.1    2558.1   -0.4   -3.5
   171.6    2558.1   -0.4   -3.4
   172.1    2558.1   -0.5   -3.3
   172.6    2558.1   -0.6   -3.3
   173.1    2558.1   -0.6   -3.2
   173.6    2558.1   -0.7   -3.2
   174.1    2558.1   -0.7   -3.3
   174.6    2558.1   -0.6   -3.3
   175.1    2558.1   -0.6   -3.3
   175.6    2558.1   -0.5   -3.4
   176.1    2558.1   -0.4   -3.4
   176.6    2558.1   -0.3   -3.4
   177.1    2558.1   -0.1   -3.5
   177.6    2558.1    0.0   -3.5
   178.1    2558.1    0.1   -3.6
   178.6    2558.1    0.2   -3.6
   179.1    2558.1    0.2   -3.5
   179.6    2558.1    0.2   -3.5
   180.1    2558.1    0.2   -3.5
   180.6    2558.1    0.3   -3.5
   181.1    2558.1    0.3   -3.4
   181.6    2558.1    0.4   -3.4
   182.1    2558.1    0.4   -3.3
   182.6    2558.1    0.5   -3.3
   183.1    2558.1    0.5   -3.2
   183.6    2558.1    0.6   -3.2
   184.1    2558.1    0.6   -3.1
   184.6    2558.1    0.7   -3.1
   185.1    2558.1    0.7   -3.1
   165.6    2558.6   -0.5   -3.5
   166.1    2558.6   -0.5   -3.5
   166.6    2558.6   -0.5   -3.6
   167.1    2558.6   -0.5   -3.6
   167.6    2558.6   -0.4   -3.6
   168.1    2558.6   -0.4   -3.6
   168.6    2558.6   -0.4   -3.6
   169.1    2558.6   -0.3   -3.6
   169.6    2558.6   -0.3   -3.6
   170.1    2558.6   -0.3   -3.6
   170.6    2558.6   -0.3   -3.5
   171.1    2558.6   -0.4   -3.5
   171.6    2558.6   -0.4   -3.4
   172.1    2558.6   -0.5   -3.4
   172.6    2558.6   -0.5   -3.3
   173.1    2558.6   -0.6   -3.2
   173.6    2558.6   -0.6   -3.2
   174.1    2558.6   -0.6   -3.3
   174.6    2558.6   -0.6   -3.3
   175.1    2558.6   -0.5   -3.3
   175.6    2558.6   -0.5   -3.3
   176.1    2558.6   -0.4   -3.4
   176.6    2558.6   -0.3   -3.4
   177.1    2558.6   -0.1   -3.4
   177.6    2558.6    0.0   -3.5
   178.1    2558.6    0.1   -3.5
   178.6    2558.6    0.1   -3.5
   179.1    2558.6    0.2   -3.5
   179.6    2558.6    0.2   -3.5
   180.1    2558.6    0.2   -3.5
   180.6    2558.6    0.3   -3.5
   181.1    2558.6    0.3   -3.5
   181.6    2558.6    0.4   -3.4
   182.1    2558.6    0.4   -3.4
   182.6    2558.6    0.5   -3.3
   183.1    2558.6    0.5   -3.3
   183.6    2558.6    0.6   -3.2
   184.1    2558.6    0.6   -3.2
   184.6    2558.6    0.7   -3.2
   185.1    2558.6    0.7   -3.1
   165.6    2559.1   -0.5   -3.5
   166.1    2559.1   -0.5   -3.5
   166.6    2559.1   -0.5   -3.6
   167.1    2559.1   -0.5   -3.6
   167.6    2559.1   -0.4   -3.6
   168.1    2559.1   -0.4   -3.6
   168.6    2559.1   -0.4   -3.6
   169.1    2559.1   -0.3   -3.7
   169.6    2559.1   -0.3   -3.6
   170.1    2559.1   -0.3   -3.6
   170.6    2559.1   -0.3   -3.6
   171.1    2559.1   -0.3   -3.5
   171.6    2559.1   -0.4   -3.4
   172.1    2559.1   -0.4   -3.4
   172.6    2559.1   -0.5   -3.3
   173.1    2559.1   -0.5   -3.3
   173.6    2559.1   -0.5   -3.2
   174.1    2559.1   -0.5   -3.2
   174.6    2559.1   -0.5   -3.3
   175.1    2559.1   -0.5   -3.3
   175.6    2559.1   -0.4   -3.3
   176.1    2559.1   -0.4   -3.3
   176.6    2559.1   -0.3   -3.4
   177.1    2559.1   -0.2   -3.4
   177.6    2559.1   -0.1   -3.5
   178.1    2559.1    0.0   -3.5
   178.6    2559.1    0.1   -3.5
   179.1    2559.1    0.1   -3.5
   179.6    2559.1    0.2   -3.5
   180.1    2559.1    0.2   -3.5
   180.6    2559.1    0.3   -3.5
   181.1    2559.1    0.3   -3.5
   181.6    2559.1    0.4   -3.4
   182.1    2559.1    0.4   -3.4
   182.6    2559.1    0.5   -3.4
   183.1    2559.1    0.5   -3.3
   183.6    2559.1    0.6   -3.3
   184.1    2559.1    0.6   -3.2
   184.6    2559.1    0.7   -3.2
   185.1    2559.1    0.7   -3.2
   165.6    2559.6   -0.5   -3.5
   166.1    2559.6   -0.5   -3.5
   166.6    2559.6   -0.5   -3.6
   167.1    2559.6   -0.5   -3.6
   167.6    2559.6   -0.5   -3.7
   168.1    2559.6   -0.4   -3.7
   168.6    2559.6   -0.4   -3.7
   169.1    2559.6   -0.3   -3.7
   169.6    2559.6   -0.3   -3.7
   170.1    2559.6   -0.3   -3.6
   170.6    2559.6   -0.3   -3.6
   171.1    2559.6   -0.3   -3.5
   171.6    2559.6   -0.4   -3.5
   172.1    2559.6   -0.4   -3.4
   172.6    2559.6   -0.4   -3.4
   173.1    2559.6   -0.5   -3.3
   173.6    2559.6   -0.5   -3.3
   174.1    2559.6   -0.5   -3.3
   174.6    2559.6   -0.5   -3.3
   175.1    2559.6   -0.5   -3.3
   175.6    2559.6   -0.4   -3.3
   176.1    2559.6   -0.3   -3.3
   176.6    2559.6   -0.3   -3.4
   177.1    2559.6   -0.2   -3.4
   177.6    2559.6   -0.1   -3.5
   178.1    2559.6    0.0   -3.5
   178.6    2559.6    0.1   -3.5
   179.1    2559.6    0.1   -3.5
   179.6    2559.6    0.2   -3.5
   180.1    2559.6    0.2   -3.5
   180.6    2559.6    0.3   -3.5
   181.1    2559.6    0.3   -3.5
   181.6    2559.6    0.4   -3.5
   182.1    2559.6    0.4   -3.4
   182.6    2559.6    0.5   -3.4
   183.1    2559.6    0.5   -3.4
   183.6    2559.6    0.6   -3.3
   184.1    2559.6    0.6   -3.3
   184.6    2559.6    0.7   -3.3
   185.1    2559.6    0.7   -3.3
   165.6    2560.1   -0.5   -3.5
   166.1    2560.1   -0.5   -3.5
   166.6    2560.1   -0.5   -3.6
   167.1    2560.1   -0.5   -3.6
   167.6    2560.1   -0.5   -3.7
   168.1    2560.1   -0.4   -3.7
   168.6    2560.1   -0.4   -3.7
   169.1    2560.1   -0.4   -3.7
   169.6    2560.1   -0.3   -3.7
   170.1    2560.1   -0.3   -3.7
   170.6    2560.1   -0.3   -3.6
   171.1    2560.1   -0.3   -3.6
   171.6    2560.1   -0.3   -3.5
   172.1    2560.1   -0.4   -3.4
   172.6    2560.1   -0.4   -3.4
   173.1    2560.1   -0.4   -3.3
   173.6    2560.1   -0.4   -3.3
   174.1    2560.1   -0.4   -3.3
   174.6    2560.1   -0.4   -3.3
   175.1    2560.1   -0.4   -3.3
   175.6    2560.1   -0.4   -3.4
   176.1    2560.1   -0.3   -3.4
   176.6    2560.1   -0.2   -3.4
   177.1    2560.1   -0.1   -3.5
   177.6    2560.1   -0.1   -3.5
   178.1    2560.1    0.0   -3.5
   178.6    2560.1    0.1   -3.5
   179.1    2560.1    0.1   -3.5
   179.6    2560.1    0.2   -3.5
   180.1    2560.1    0.2   -3.5
   180.6    2560.1    0.3   -3.5
   181.1    2560.1    0.3   -3.5
   181.6    2560.1    0.4   -3.5
   182.1    2560.1    0.4   -3.5
   182.6    2560.1    0.4   -3.4
   183.1    2560.1    0.5   -3.4
   183.6    2560.1    0.5   -3.4
   184.1    2560.1    0.6   -3.4
   184.6    2560.1    0.6   -3.3
   185.1    2560.1    0.7   -3.3
   165.6    2560.6   -0.5   -3.5
   166.1    2560.6   -0.5   -3.5
   166.6    2560.6   -0.5   -3.6
   167.1    2560.6   -0.5   -3.7
   167.6    2560.6   -0.5   -3.7
   168.1    2560.6   -0.5   -3.8
   168.6    2560.6   -0.4   -3.8
   169.1    2560.6   -0.4   -3.8
   169.6    2560.6   -0.3   -3.7
   170.1    2560.6   -0.3   -3.7
   170.6    2560.6   -0.3   -3.7
   171.1    2560.6   -0.3   -3.6
   171.6    2560.6   -0.3   -3.5
   172.1    2560.6   -0.3   -3.5
   172.6    2560.6   -0.4   -3.4
   173.1    2560.6   -0.4   -3.4
   173.6    2560.6   -0.4   -3.4
   174.1    2560.6   -0.4   -3.4
   174.6    2560.6   -0.4   -3.4
   175.1    2560.6   -0.3   -3.4
   175.6    2560.6   -0.3   -3.4
   176.1    2560.6   -0.2   -3.5
   176.6    2560.6   -0.2   -3.5
   177.1    2560.6   -0.1   -3.5
   177.6    2560.6   -0.1   -3.5
   178.1    2560.6    0.0   -3.5
   178.6    2560.6    0.1   -3.5
   179.1    2560.6    0.1   -3.6
   179.6    2560.6    0.2   -3.6
   180.1    2560.6    0.2   -3.6
   180.6    2560.6    0.3   -3.6
   181.1    2560.6    0.3   -3.5
   181.6    2560.6    0.4   -3.5
   182.1    2560.6    0.4   -3.5
   182.6    2560.6    0.4   -3.5
   183.1    2560.6    0.5   -3.4
   183.6    2560.6    0.5   -3.4
   184.1    2560.6    0.6   -3.4
   184.6    2560.6    0.6   -3.4
   185.1    2560.6    0.7   -3.4
   165.6    2561.1   -0.5   -3.5
   166.1    2561.1   -0.5   -3.5
   166.6    2561.1   -0.5   -3.6
   167.1    2561.1   -0.5   -3.7
   167.6    2561.1   -0.5   -3.7
   168.1    2561.1   -0.5   -3.8
   168.6    2561.1   -0.4   -3.8
   169.1    2561.1   -0.4   -3.8
   169.6    2561.1   -0.4   -3.8
   170.1    2561.1   -0.3   -3.7
   170.6    2561.1   -0.3   -3.7
   171.1    2561.1   -0.3   -3.6
   171.6    2561.1   -0.3   -3.6
   172.1    2561.1   -0.3   -3.5
   172.6    2561.1   -0.3   -3.5
   173.1    2561.1   -0.3   -3.5
   173.6    2561.1   -0.3   -3.5
   174.1    2561.1   -0.3   -3.5
   174.6    2561.1   -0.3   -3.5
   175.1    2561.1   -0.3   -3.5
   175.6    2561.1   -0.3   -3.5
   176.1    2561.1   -0.2   -3.5
   176.6    2561.1   -0.2   -3.6
   177.1    2561.1   -0.1   -3.6
   177.6    2561.1    0.0   -3.6
   178.1    2561.1    0.0   -3.6
   178.6    2561.1    0.1   -3.6
   179.1    2561.1    0.2   -3.6
   179.6    2561.1    0.2   -3.6
   180.1    2561.1    0.3   -3.6
   180.6    2561.1    0.3   -3.6
   181.1    2561.1    0.3   -3.6
   181.6    2561.1    0.4   -3.5
   182.1    2561.1    0.4   -3.5
   182.6    2561.1    0.4   -3.5
   183.1    2561.1    0.5   -3.5
   183.6    2561.1    0.5   -3.4
   184.1    2561.1    0.5   -3.4
   184.6    2561.1    0.6   -3.4
   185.1    2561.1    0.6   -3.4
   165.6    2561.6   -0.6   -3.4
   166.1    2561.6   -0.6   -3.5
   166.6    2561.6   -0.5   -3.6
   167.1    2561.6   -0.5   -3.7
   167.6    2561.6   -0.5   -3.7
   168.1    2561.6   -0.5   -3.8
   168.6    2561.6   -0.5   -3.8
   169.1    2561.6   -0.4   -3.8
   169.6    2561.6   -0.4   -3.8
   170.1    2561.6   -0.3   -3.7
   170.6    2561.6   -0.3   -3.7
   171.1    2561.6   -0.3   -3.6
   171.6    2561.6   -0.3   -3.6
   172.1    2561.6   -0.3   -3.5
   172.6    2561.6   -0.3   -3.5
   173.1    2561.6   -0.3   -3.5
   173.6    2561.6   -0.3   -3.5
   174.1    2561.6   -0.3   -3.5
   174.6    2561.6   -0.3   -3.5
   175.1    2561.6   -0.2   -3.6
   175.6    2561.6   -0.2   -3.6
   176.1    2561.6   -0.2   -3.6
   176.6    2561.6   -0.1   -3.6
   177.1    2561.6   -0.1   -3.6
   177.6    2561.6    0.0   -3.6
   178.1    2561.6    0.1   -3.6
   178.6    2561.6    0.1   -3.6
   179.1    2561.6    0.2   -3.6
   179.6    2561.6    0.2   -3.6
   180.1    2561.6    0.3   -3.6
   180.6    2561.6    0.3   -3.6
   181.1    2561.6    0.3   -3.6
   181.6    2561.6    0.4   -3.6
   182.1    2561.6    0.4   -3.5
   182.6    2561.6    0.4   -3.5
   183.1    2561.6    0.4   -3.5
   183.6    2561.6    0.5   -3.5
   184.1    2561.6    0.5   -3.5
   184.6    2561.6    0.6   -3.5
   185.1    2561.6    0.6   -3.5
   165.6    2562.1   -0.6   -3.4
   166.1    2562.1   -0.6   -3.5
   166.6    2562.1   -0.6   -3.6
   167.1    2562.1   -0.6   -3.7
   167.6    2562.1   -0.5   -3.7
   168.1    2562.1   -0.5   -3.8
   168.6    2562.1   -0.5   -3.8
   169.1    2562.1   -0.4   -3.8
   169.6    2562.1   -0.4   -3.8
   170.1    2562.1   -0.4   -3.7
   170.6    2562.1   -0.3   -3.7
   171.1    2562.1   -0.3   -3.6
   171.6    2562.1   -0.3   -3.6
   172.1    2562.1   -0.3   -3.5
   172.6    2562.1   -0.3   -3.5
   173.1    2562.1   -0.3   -3.5
   173.6    2562.1   -0.2   -3.5
   174.1    2562.1   -0.2   -3.6
   174.6    2562.1   -0.2   -3.6
   175.1    2562.1   -0.2   -3.6
   175.6    2562.1   -0.2   -3.6
   176.1    2562.1   -0.1   -3.7
   176.6    2562.1   -0.1   -3.7
   177.1    2562.1    0.0   -3.7
   177.6    2562.1    0.0   -3.7
   178.1    2562.1    0.1   -3.7
   178.6    2562.1    0.1   -3.7
   179.1    2562.1    0.2   -3.7
   179.6    2562.1    0.2   -3.6
   180.1    2562.1    0.3   -3.6
   180.6    2562.1    0.3   -3.6
   181.1    2562.1    0.3   -3.6
   181.6    2562.1    0.3   -3.6
   182.1    2562.1    0.4   -3.5
   182.6    2562.1    0.4   -3.5
   183.1    2562.1    0.4   -3.5
   183.6    2562.1    0.5   -3.5
   184.1    2562.1    0.5   -3.5
   184.6    2562.1    0.6   -3.5
   185.1    2562.1    0.6   -3.5
   165.6    2562.6   -0.6   -3.4
   166.1    2562.6   -0.6   -3.5
   166.6    2562.6   -0.6   -3.5
   167.1    2562.6   -0.6   -3.6
   167.6    2562.6   -0.6   -3.7
   168.1    2562.6   -0.5   -3.8
   168.6    2562.6   -0.5   -3.8
   169.1    2562.6   -0.5   -3.8
   169.6    2562.6   -0.4   -3.8
   170.1    2562.6   -0.4   -3.7
   170.6    2562.6   -0.4   -3.7
   171.1    2562.6   -0.3   -3.6
   171.6    2562.6   -0.3   -3.6
   172.1    2562.6   -0.3   -3.6
   172.6    2562.6   -0.2   -3.5
   173.1    2562.6   -0.2   -3.6
   173.6    2562.6   -0.2   -3.6
   174.1    2562.6   -0.2   -3.6
   174.6    2562.6   -0.2   -3.6
   175.1    2562.6   -0.2   -3.7
   175.6    2562.6   -0.2   -3.7
   176.1    2562.6   -0.1   -3.7
   176.6    2562.6   -0.1   -3.7
   177.1    2562.6    0.0   -3.7
   177.6    2562.6    0.0   -3.7
   178.1    2562.6    0.1   -3.7
   178.6    2562.6    0.1   -3.7
   179.1    2562.6    0.2   -3.7
   179.6    2562.6    0.2   -3.7
   180.1    2562.6    0.3   -3.6
   180.6    2562.6    0.3   -3.6
   181.1    2562.6    0.3   -3.6
   181.6    2562.6    0.3   -3.6
   182.1    2562.6    0.3   -3.6
   182.6    2562.6    0.4   -3.5
   183.1    2562.6    0.4   -3.5
   183.6    2562.6    0.5   -3.5
   184.1    2562.6    0.5   -3.5
   184.6    2562.6    0.6   -3.6
   185.1    2562.6    0.6   -3.6
   165.6    2563.1   -0.6   -3.4
   166.1    2563.1   -0.6   -3.5
   166.6    2563.1   -0.6   -3.5
   167.1    2563.1   -0.6   -3.6
   167.6    2563.1   -0.6   -3.7
   168.1    2563.1   -0.6   -3.7
   168.6    2563.1   -0.5   -3.8
   169.1    2563.1   -0.5   -3.8
   169.6    2563.1   -0.5   -3.8
   170.1    2563.1   -0.4   -3.7
   170.6    2563.1   -0.4   -3.7
   171.1    2563.1   -0.3   -3.6
   171.6    2563.1   -0.3   -3.6
   172.1    2563.1   -0.3   -3.6
   172.6    2563.1   -0.2   -3.6
   173.1    2563.1   -0.2   -3.6
   173.6    2563.1   -0.2   -3.6
   174.1    2563.1   -0.2   -3.6
   174.6    2563.1   -0.2   -3.7
   175.1    2563.1   -0.2   -3.7
   175.6    2563.1   -0.1   -3.7
   176.1    2563.1   -0.1   -3.7
   176.6    2563.1   -0.1   -3.7
   177.1    2563.1    0.0   -3.8
   177.6    2563.1    0.0   -3.8
   178.1    2563.1    0.1   -3.7
   178.6    2563.1    0.2   -3.7
   179.1    2563.1    0.2   -3.7
   179.6    2563.1    0.2   -3.7
   180.1    2563.1    0.3   -3.7
   180.6    2563.1    0.3   -3.6
   181.1    2563.1    0.3   -3.6
   181.6    2563.1    0.3   -3.6
   182.1    2563.1    0.3   -3.6
   182.6    2563.1    0.4   -3.6
   183.1    2563.1    0.4   -3.6
   183.6    2563.1    0.4   -3.6
   184.1    2563.1    0.5   -3.6
   184.6    2563.1    0.6   -3.6
   185.1    2563.1    0.6   -3.6
   165.6    2563.6   -0.7   -3.4
   166.1    2563.6   -0.7   -3.5
   166.6    2563.6   -0.6   -3.5
   167.1    2563.6   -0.6   -3.6
   167.6    2563.6   -0.6   -3.7
   168.1    2563.6   -0.6   -3.7
   168.6    2563.6   -0.6   -3.7
   169.1    2563.6   -0.5   -3.8
   169.6    2563.6   -0.5   -3.8
   170.1    2563.6   -0.4   -3.7
   170.6    2563.6   -0.4   -3.7
   171.1    2563.6   -0.4   -3.6
   171.6    2563.6   -0.3   -3.6
   172.1    2563.6   -0.3   -3.6
   172.6    2563.6   -0.3   -3.6
   173.1    2563.6   -0.2   -3.6
   173.6    2563.6   -0.2   -3.6
   174.1    2563.6   -0.2   -3.6
   174.6    2563.6   -0.2   -3.7
   175.1    2563.6   -0.1   -3.7
   175.6    2563.6   -0.1   -3.7
   176.1    2563.6   -0.1   -3.7
   176.6    2563.6    0.0   -3.8
   177.1    2563.6    0.0   -3.8
   177.6    2563.6    0.1   -3.8
   178.1    2563.6    0.1   -3.8
   178.6    2563.6    0.2   -3.8
   179.1    2563.6    0.2   -3.7
   179.6    2563.6    0.2   -3.7
   180.1    2563.6    0.2   -3.7
   180.6    2563.6    0.3   -3.6
   181.1    2563.6    0.3   -3.6
   181.6    2563.6    0.3   -3.6
   182.1    2563.6    0.3   -3.6
   182.6    2563.6    0.4   -3.6
   183.1    2563.6    0.4   -3.6
   183.6    2563.6    0.4   -3.6
   184.1    2563.6    0.5   -3.6
   184.6    2563.6    0.5   -3.6
   185.1    2563.6    0.6   -3.7
   165.6    2564.1   -0.7   -3.5
   166.1    2564.1   -0.7   -3.5
   166.6    2564.1   -0.7   -3.5
   167.1    2564.1   -0.7   -3.6
   167.6    2564.1   -0.6   -3.7
   168.1    2564.1   -0.6   -3.7
   168.6    2564.1   -0.6   -3.7
   169.1    2564.1   -0.5   -3.7
   169.6    2564.1   -0.5   -3.7
   170.1    2564.1   -0.5   -3.7
   170.6    2564.1   -0.4   -3.7
   171.1    2564.1   -0.4   -3.6
   171.6    2564.1   -0.3   -3.6
   172.1    2564.1   -0.3   -3.6
   172.6    2564.1   -0.3   -3.6
   173.1    2564.1   -0.2   -3.6
   173.6    2564.1   -0.2   -3.6
   174.1    2564.1   -0.2   -3.6
   174.6    2564.1   -0.2   -3.6
   175.1    2564.1   -0.1   -3.7
   175.6    2564.1   -0.1   -3.7
   176.1    2564.1   -0.1   -3.7
   176.6    2564.1    0.0   -3.8
   177.1    2564.1    0.0   -3.8
   177.6    2564.1    0.1   -3.8
   178.1    2564.1    0.1   -3.8
   178.6    2564.1    0.2   -3.8
   179.1    2564.1    0.2   -3.8
   179.6    2564.1    0.2   -3.7
   180.1    2564.1    0.2   -3.7
   180.6    2564.1    0.2   -3.7
   181.1    2564.1    0.3   -3.6
   181.6    2564.1    0.3   -3.6
   182.1    2564.1    0.3   -3.6
   182.6    2564.1    0.4   -3.6
   183.1    2564.1    0.4   -3.6
   183.6    2564.1    0.4   -3.7
   184.1    2564.1    0.5   -3.7
   184.6    2564.1    0.5   -3.7
   185.1    2564.1    0.6   -3.7
   165.6    2564.6   -0.8   -3.5
   166.1    2564.6   -0.7   -3.5
   166.6    2564.6   -0.7   -3.5
   167.1    2564.6   -0.7   -3.6
   167.6    2564.6   -0.7   -3.6
   168.1    2564.6   -0.6   -3.7
   168.6    2564.6   -0.6   -3.7
   169.1    2564.6   -0.6   -3.7
   169.6    2564.6   -0.5   -3.7
   170.1    2564.6   -0.5   -3.7
   170.6    2564.6   -0.5   -3.6
   171.1    2564.6   -0.4   -3.6
   171.6    2564.6   -0.4   -3.6
   172.1    2564.6   -0.3   -3.6
   172.6    2564.6   -0.3   -3.6
   173.1    2564.6   -0.2   -3.6
   173.6    2564.6   -0.2   -3.6
   174.1    2564.6   -0.2   -3.6
   174.6    2564.6   -0.1   -3.6
   175.1    2564.6   -0.1   -3.7
   175.6    2564.6   -0.1   -3.7
   176.1    2564.6    0.0   -3.7
   176.6    2564.6    0.0   -3.8
   177.1    2564.6    0.0   -3.8
   177.6    2564.6    0.1   -3.8
   178.1    2564.6    0.1   -3.8
   178.6    2564.6    0.2   -3.8
   179.1    2564.6    0.2   -3.8
   179.6    2564.6    0.2   -3.7
   180.1    2564.6    0.2   -3.7
   180.6    2564.6    0.2   -3.7
   181.1    2564.6    0.3   -3.7
   181.6    2564.6    0.3   -3.7
   182.1    2564.6    0.3   -3.7
   182.6    2564.6    0.4   -3.7
   183.1    2564.6    0.4   -3.7
   183.6    2564.6    0.5   -3.7
   184.1    2564.6    0.5   -3.7
   184.6    2564.6    0.5   -3.8
   185.1    2564.6    0.6   -3.8
   165.6    2565.1   -0.8   -3.5
   166.1    2565.1   -0.8   -3.5
   166.6    2565.1   -0.8   -3.5
   167.1    2565.1   -0.7   -3.6
   167.6    2565.1   -0.7   -3.6
   168.1    2565.1   -0.7   -3.7
   168.6    2565.1   -0.6   -3.7
   169.1    2565.1   -0.6   -3.7
   169.6    2565.1   -0.6   -3.7
   170.1    2565.1   -0.5   -3.7
   170.6    2565.1   -0.5   -3.6
   171.1    2565.1   -0.4   -3.6
   171.6    2565.1   -0.4   -3.6
   172.1    2565.1   -0.3   -3.6
   172.6    2565.1   -0.3   -3.6
   173.1    2565.1   -0.3   -3.6
   173.6    2565.1   -0.2   -3.6
   174.1    2565.1   -0.2   -3.6
   174.6    2565.1   -0.1   -3.6
   175.1    2565.1   -0.1   -3.7
   175.6    2565.1   -0.1   -3.7
   176.1    2565.1    0.0   -3.7
   176.6    2565.1    0.0   -3.8
   177.1    2565.1    0.0   -3.8
   177.6    2565.1    0.1   -3.8
   178.1    2565.1    0.1   -3.8
   178.6    2565.1    0.1   -3.8
   179.1    2565.1    0.2   -3.8
   179.6    2565.1    0.2   -3.7
   180.1    2565.1    0.2   -3.7
   180.6    2565.1    0.2   -3.7
   181.1    2565.1    0.3   -3.7
   181.6    2565.1    0.3   -3.7
   182.1    2565.1    0.3   -3.7
   182.6    2565.1    0.4   -3.7
   183.1    2565.1    0.4   -3.8
   183.6    2565.1    0.5   -3.8
   184.1    2565.1    0.5   -3.8
   184.6    2565.1    0.5   -3.8
   185.1    2565.1    0.6   -3.8
   165.6    2565.6   -0.8   -3.5
   166.1    2565.6   -0.8   -3.5
   166.6    2565.6   -0.8   -3.5
   167.1    2565.6   -0.7   -3.6
   167.6    2565.6   -0.7   -3.6
   168.1    2565.6   -0.7   -3.6
   168.6    2565.6   -0.7   -3.7
   169.1    2565.6   -0.6   -3.7
   169.6    2565.6   -0.6   -3.7
   170.1    2565.6   -0.5   -3.7
   170.6    2565.6   -0.5   -3.6
   171.1    2565.6   -0.5   -3.6
   171.6    2565.6   -0.4   -3.6
   172.1    2565.6   -0.4   -3.6
   172.6    2565.6   -0.3   -3.6
   173.1    2565.6   -0.3   -3.6
   173.6    2565.6   -0.2   -3.6
   174.1    2565.6   -0.2   -3.6
   174.6    2565.6   -0.1   -3.6
   175.1    2565.6   -0.1   -3.6
   175.6    2565.6   -0.1   -3.7
   176.1    2565.6    0.0   -3.7
   176.6    2565.6    0.0   -3.8
   177.1    2565.6    0.0   -3.8
   177.6    2565.6    0.1   -3.8
   178.1    2565.6    0.1   -3.8
   178.6    2565.6    0.1   -3.8
   179.1    2565.6    0.2   -3.8
   179.6    2565.6    0.2   -3.7
   180.1    2565.6    0.2   -3.7
   180.6    2565.6    0.2   -3.7
   181.1    2565.6    0.2   -3.7
   181.6    2565.6    0.3   -3.7
   182.1    2565.6    0.3   -3.7
   182.6    2565.6    0.4   -3.8
   183.1    2565.6    0.4   -3.8
   183.6    2565.6    0.5   -3.8
   184.1    2565.6    0.5   -3.9
   184.6    2565.6    0.5   -3.9
   185.1    2565.6    0.6   -3.9
