   165.6    2546.1   -0.3   -2.0
   166.1    2546.1   -0.3   -2.0
   166.6    2546.1   -0.2   -2.0
   167.1    2546.1   -0.2   -1.9
   167.6    2546.1   -0.1   -1.9
   168.1    2546.1   -0.1   -1.8
   168.6    2546.1   -0.1   -1.8
   169.1    2546.1    0.0   -1.8
   169.6    2546.1    0.0   -1.7
   170.1    2546.1    0.0   -1.7
   170.6    2546.1    0.0   -1.7
   171.1    2546.1    0.1   -1.7
   171.6    2546.1    0.1   -1.7
   172.1    2546.1    0.1   -1.7
   172.6    2546.1    0.1   -1.7
   173.1    2546.1    0.1   -1.7
   173.6    2546.1    0.1   -1.7
   174.1    2546.1    0.1   -1.6
   174.6    2546.1    0.1   -1.6
   175.1    2546.1    0.1   -1.6
   175.6    2546.1    0.1   -1.5
   176.1    2546.1    0.1   -1.5
   176.6    2546.1    0.1   -1.5
   177.1    2546.1    0.1   -1.5
   177.6    2546.1    0.1   -1.5
   178.1    2546.1    0.1   -1.5
   178.6    2546.1    0.1   -1.5
   179.1    2546.1    0.0   -1.5
   179.6    2546.1    0.0   -1.5
   180.1    2546.1    0.0   -1.4
   180.6    2546.1    0.0   -1.4
   181.1    2546.1    0.0   -1.4
   181.6    2546.1    0.1   -1.3
   182.1    2546.1    0.1   -1.3
   182.6    2546.1    0.1   -1.3
   183.1    2546.1    0.1   -1.3
   183.6    2546.1    0.2   -1.3
   184.1    2546.1    0.2   -1.3
   184.6    2546.1    0.2   -1.4
   185.1    2546.1    0.2   -1.4
   165.6    2546.6   -0.3   -2.0
   166.1    2546.6   -0.3   -2.0
   166.6    2546.6   -0.2   -1.9
   167.1    2546.6   -0.2   -1.9
   167.6    2546.6   -0.1   -1.9
   168.1    2546.6   -0.1   -1.8
   168.6    2546.6   -0.1   -1.8
   169.1    2546.6   -0.1   -1.8
   169.6    2546.6    0.0   -1.7
   170.1    2546.6    0.0   -1.7
   170.6    2546.6    0.0   -1.7
   171.1    2546.6    0.0   -1.7
   171.6    2546.6    0.1   -1.7
   172.1    2546.6    0.1   -1.7
   172.6    2546.6    0.1   -1.7
   173.1    2546.6    0.1   -1.7
   173.6    2546.6    0.1   -1.6
   174.1    2546.6    0.1   -1.6
   174.6    2546.6    0.1   -1.6
   175.1    2546.6    0.1   -1.5
   175.6    2546.6    0.1   -1.5
   176.1    2546.6    0.1   -1.5
   176.6    2546.6    0.1   -1.5
   177.1    2546.6    0.1   -1.4
   177.6    2546.6    0.1   -1.4
   178.1    2546.6    0.1   -1.4
   178.6    2546.6    0.0   -1.4
   179.1    2546.6    0.0   -1.4
   179.6    2546.6    0.0   -1.4
   180.1    2546.6    0.0   -1.4
   180.6    2546.6    0.0   -1.4
   181.1    2546.6    0.0   -1.3
   181.6    2546.6    0.0   -1.3
   182.1    2546.6    0.0   -1.3
   182.6    2546.6    0.1   -1.3
   183.1    2546.6    0.1   -1.3
   183.6    2546.6    0.1   -1.3
   184.1    2546.6    0.2   -1.3
   184.6    2546.6    0.2   -1.4
   185.1    2546.6    0.2   -1.4
   165.6    2547.1   -0.3   -1.9
   166.1    2547.1   -0.3   -1.9
   166.6    2547.1   -0.3   -1.9
   167.1    2547.1   -0.2   -1.9
   167.6    2547.1   -0.2   -1.9
   168.1    2547.1   -0.1   -1.8
   168.6    2547.1   -0.1   -1.8
   169.1    2547.1   -0.1   -1.7
   169.6    2547.1   -0.1   -1.7
   170.1    2547.1   -0.1   -1.7
   170.6    2547.1    0.0   -1.6
   171.1    2547.1    0.0   -1.6
   171.6    2547.1    0.0   -1.6
   172.1    2547.1    0.1   -1.6
   172.6    2547.1    0.1   -1.6
   173.1    2547.1    0.1   -1.6
   173.6    2547.1    0.1   -1.6
   174.1    2547.1    0.1   -1.6
   174.6    2547.1    0.1   -1.5
   175.1    2547.1    0.1   -1.5
   175.6    2547.1    0.1   -1.5
   176.1    2547.1    0.1   -1.4
   176.6    2547.1    0.1   -1.4
   177.1    2547.1    0.1   -1.4
   177.6    2547.1    0.1   -1.4
   178.1    2547.1    0.0   -1.4
   178.6    2547.1    0.0   -1.4
   179.1    2547.1    0.0   -1.4
   179.6    2547.1    0.0   -1.4
   180.1    2547.1    0.0   -1.4
   180.6    2547.1    0.0   -1.3
   181.1    2547.1    0.0   -1.3
   181.6    2547.1    0.0   -1.3
   182.1    2547.1    0.0   -1.2
   182.6    2547.1    0.0   -1.2
   183.1    2547.1    0.1   -1.2
   183.6    2547.1    0.1   -1.3
   184.1    2547.1    0.1   -1.3
   184.6    2547.1    0.2   -1.4
   185.1    2547.1    0.2   -1.4
   165.6    2547.6   -0.3   -1.9
   166.1    2547.6   -0.3   -1.9
   166.6    2547.6   -0.3   -1.9
   167.1    2547.6   -0.2   -1.9
   167.6    2547.6   -0.2   -1.8
   168.1    2547.6   -0.2   -1.8
   168.6    2547.6   -0.1   -1.8
   169.1    2547.6   -0.1   -1.7
   169.6    2547.6   -0.1   -1.7
   170.1    2547.6   -0.1   -1.6
   170.6    2547.6   -0.1   -1.6
   171.1    2547.6    0.0   -1.6
   171.6    2547.6    0.0   -1.6
   172.1    2547.6    0.0   -1.6
   172.6    2547.6    0.0   -1.6
   173.1    2547.6    0.1   -1.6
   173.6    2547.6    0.1   -1.6
   174.1    2547.6    0.1   -1.5
   174.6    2547.6    0.1   -1.5
   175.1    2547.6    0.1   -1.5
   175.6    2547.6    0.1   -1.4
   176.1    2547.6    0.1   -1.4
   176.6    2547.6    0.1   -1.4
   177.1    2547.6    0.1   -1.4
   177.6    2547.6    0.0   -1.4
   178.1    2547.6    0.0   -1.4
   178.6    2547.6    0.0   -1.4
   179.1    2547.6    0.0   -1.3
   179.6    2547.6    0.0   -1.3
   180.1    2547.6    0.0   -1.3
   180.6    2547.6    0.0   -1.3
   181.1    2547.6    0.0   -1.3
   181.6    2547.6    0.0   -1.3
   182.1    2547.6    0.0   -1.2
   182.6    2547.6    0.0   -1.2
   183.1    2547.6    0.0   -1.2
   183.6    2547.6    0.0   -1.2
   184.1    2547.6    0.1   -1.3
   184.6    2547.6    0.1   -1.3
   185.1    2547.6    0.2   -1.4
   165.6    2548.1   -0.4   -1.8
   166.1    2548.1   -0.3   -1.8
   166.6    2548.1   -0.3   -1.8
   167.1    2548.1   -0.3   -1.8
   167.6    2548.1   -0.2   -1.8
   168.1    2548.1   -0.2   -1.8
   168.6    2548.1   -0.2   -1.7
   169.1    2548.1   -0.2   -1.7
   169.6    2548.1   -0.1   -1.6
   170.1    2548.1   -0.1   -1.6
   170.6    2548.1   -0.1   -1.6
   171.1    2548.1   -0.1   -1.6
   171.6    2548.1   -0.1   -1.6
   172.1    2548.1    0.0   -1.6
   172.6    2548.1    0.0   -1.6
   173.1    2548.1    0.1   -1.5
   173.6    2548.1    0.1   -1.5
   174.1    2548.1    0.1   -1.5
   174.6    2548.1    0.1   -1.5
   175.1    2548.1    0.1   -1.5
   175.6    2548.1    0.1   -1.4
   176.1    2548.1    0.1   -1.4
   176.6    2548.1    0.1   -1.4
   177.1    2548.1    0.0   -1.3
   177.6    2548.1    0.0   -1.3
   178.1    2548.1    0.0   -1.3
   178.6    2548.1    0.0   -1.3
   179.1    2548.1    0.0   -1.3
   179.6    2548.1    0.0   -1.3
   180.1    2548.1    0.0   -1.3
   180.6    2548.1    0.0   -1.3
   181.1    2548.1    0.0   -1.3
   181.6    2548.1    0.0   -1.2
   182.1    2548.1    0.0   -1.2
   182.6    2548.1    0.0   -1.2
   183.1    2548.1    0.0   -1.2
   183.6    2548.1    0.0   -1.2
   184.1    2548.1    0.0   -1.2
   184.6    2548.1    0.1   -1.3
   185.1    2548.1    0.2   -1.3
   165.6    2548.6   -0.4   -1.8
   166.1    2548.6   -0.3   -1.8
   166.6    2548.6   -0.3   -1.8
   167.1    2548.6   -0.3   -1.8
   167.6    2548.6   -0.2   -1.7
   168.1    2548.6   -0.2   -1.7
   168.6    2548.6   -0.2   -1.7
   169.1    2548.6   -0.2   -1.7
   169.6    2548.6   -0.2   -1.6
   170.1    2548.6   -0.2   -1.6
   170.6    2548.6   -0.1   -1.6
   171.1    2548.6   -0.1   -1.5
   171.6    2548.6   -0.1   -1.5
   172.1    2548.6    0.0   -1.5
   172.6    2548.6    0.0   -1.5
   173.1    2548.6    0.0   -1.5
   173.6    2548.6    0.1   -1.5
   174.1    2548.6    0.1   -1.5
   174.6    2548.6    0.1   -1.5
   175.1    2548.6    0.1   -1.4
   175.6    2548.6    0.1   -1.4
   176.1    2548.6    0.1   -1.4
   176.6    2548.6    0.0   -1.3
   177.1    2548.6    0.0   -1.3
   177.6    2548.6    0.0   -1.3
   178.1    2548.6    0.0   -1.3
   178.6    2548.6    0.0   -1.3
   179.1    2548.6    0.0   -1.3
   179.6    2548.6    0.0   -1.3
   180.1    2548.6    0.0   -1.3
   180.6    2548.6    0.0   -1.3
   181.1    2548.6   -0.1   -1.3
   181.6    2548.6   -0.1   -1.2
   182.1    2548.6   -0.1   -1.2
   182.6    2548.6    0.0   -1.2
   183.1    2548.6    0.0   -1.2
   183.6    2548.6    0.0   -1.2
   184.1    2548.6    0.0   -1.3
   184.6    2548.6    0.1   -1.3
   185.1    2548.6    0.1   -1.3
   165.6    2549.1   -0.4   -1.7
   166.1    2549.1   -0.4   -1.7
   166.6    2549.1   -0.3   -1.7
   167.1    2549.1   -0.3   -1.7
   167.6    2549.1   -0.3   -1.7
   168.1    2549.1   -0.2   -1.7
   168.6    2549.1   -0.2   -1.7
   169.1    2549.1   -0.2   -1.6
   169.6    2549.1   -0.2   -1.6
   170.1    2549.1   -0.2   -1.6
   170.6    2549.1   -0.2   -1.5
   171.1    2549.1   -0.1   -1.5
   171.6    2549.1   -0.1   -1.5
   172.1    2549.1   -0.1   -1.5
   172.6    2549.1    0.0   -1.5
   173.1    2549.1    0.0   -1.5
   173.6    2549.1    0.0   -1.5
   174.1    2549.1    0.0   -1.5
   174.6    2549.1    0.0   -1.4
   175.1    2549.1    0.0   -1.4
   175.6    2549.1    0.0   -1.4
   176.1    2549.1    0.0   -1.3
   176.6    2549.1    0.0   -1.3
   177.1    2549.1    0.0   -1.3
   177.6    2549.1    0.0   -1.3
   178.1    2549.1    0.0   -1.3
   178.6    2549.1    0.0   -1.3
   179.1    2549.1    0.0   -1.3
   179.6    2549.1   -0.1   -1.3
   180.1    2549.1   -0.1   -1.3
   180.6    2549.1   -0.1   -1.3
   181.1    2549.1   -0.1   -1.3
   181.6    2549.1   -0.1   -1.2
   182.1    2549.1   -0.1   -1.2
   182.6    2549.1   -0.1   -1.2
   183.1    2549.1   -0.1   -1.2
   183.6    2549.1    0.0   -1.2
   184.1    2549.1    0.0   -1.2
   184.6    2549.1    0.1   -1.3
   185.1    2549.1    0.1   -1.3
   165.6    2549.6   -0.4   -1.7
   166.1    2549.6   -0.4   -1.7
   166.6    2549.6   -0.4   -1.7
   167.1    2549.6   -0.3   -1.7
   167.6    2549.6   -0.3   -1.7
   168.1    2549.6   -0.3   -1.7
   168.6    2549.6   -0.2   -1.6
   169.1    2549.6   -0.2   -1.6
   169.6    2549.6   -0.2   -1.6
   170.1    2549.6   -0.2   -1.6
   170.6    2549.6   -0.2   -1.5
   171.1    2549.6   -0.1   -1.5
   171.6    2549.6   -0.1   -1.5
   172.1    2549.6   -0.1   -1.5
   172.6    2549.6   -0.1   -1.5
   173.1    2549.6    0.0   -1.5
   173.6    2549.6    0.0   -1.5
   174.1    2549.6    0.0   -1.5
   174.6    2549.6    0.0   -1.4
   175.1    2549.6    0.0   -1.4
   175.6    2549.6    0.0   -1.4
   176.1    2549.6    0.0   -1.3
   176.6    2549.6    0.0   -1.3
   177.1    2549.6    0.0   -1.3
   177.6    2549.6    0.0   -1.3
   178.1    2549.6   -0.1   -1.3
   178.6    2549.6   -0.1   -1.2
   179.1    2549.6   -0.1   -1.3
   179.6    2549.6   -0.1   -1.3
   180.1    2549.6   -0.1   -1.3
   180.6    2549.6   -0.1   -1.3
   181.1    2549.6   -0.1   -1.2
   181.6    2549.6   -0.1   -1.2
   182.1    2549.6   -0.1   -1.2
   182.6    2549.6   -0.1   -1.2
   183.1    2549.6   -0.1   -1.2
   183.6    2549.6    0.0   -1.2
   184.1    2549.6    0.0   -1.2
   184.6    2549.6    0.1   -1.2
   185.1    2549.6    0.1   -1.3
   165.6    2550.1   -0.4   -1.6
   166.1    2550.1   -0.4   -1.6
   166.6    2550.1   -0.4   -1.6
   167.1    2550.1   -0.4   -1.7
   167.6    2550.1   -0.3   -1.6
   168.1    2550.1   -0.3   -1.6
   168.6    2550.1   -0.3   -1.6
   169.1    2550.1   -0.2   -1.6
   169.6    2550.1   -0.2   -1.6
   170.1    2550.1   -0.2   -1.6
   170.6    2550.1   -0.2   -1.5
   171.1    2550.1   -0.2   -1.5
   171.6    2550.1   -0.1   -1.5
   172.1    2550.1   -0.1   -1.5
   172.6    2550.1   -0.1   -1.5
   173.1    2550.1   -0.1   -1.5
   173.6    2550.1    0.0   -1.5
   174.1    2550.1    0.0   -1.4
   174.6    2550.1    0.0   -1.4
   175.1    2550.1    0.0   -1.4
   175.6    2550.1    0.0   -1.4
   176.1    2550.1    0.0   -1.3
   176.6    2550.1   -0.1   -1.3
   177.1    2550.1   -0.1   -1.3
   177.6    2550.1   -0.1   -1.3
   178.1    2550.1   -0.1   -1.2
   178.6    2550.1   -0.1   -1.2
   179.1    2550.1   -0.1   -1.3
   179.6    2550.1   -0.1   -1.3
   180.1    2550.1   -0.1   -1.3
   180.6    2550.1   -0.1   -1.3
   181.1    2550.1   -0.1   -1.2
   181.6    2550.1   -0.1   -1.2
   182.1    2550.1   -0.1   -1.2
   182.6    2550.1   -0.1   -1.2
   183.1    2550.1   -0.1   -1.2
   183.6    2550.1   -0.1   -1.2
   184.1    2550.1    0.0   -1.2
   184.6    2550.1    0.0   -1.2
   185.1    2550.1    0.1   -1.2
   165.6    2550.6   -0.5   -1.6
   166.1    2550.6   -0.4   -1.6
   166.6    2550.6   -0.4   -1.6
   167.1    2550.6   -0.4   -1.6
   167.6    2550.6   -0.3   -1.6
   168.1    2550.6   -0.3   -1.6
   168.6    2550.6   -0.3   -1.6
   169.1    2550.6   -0.2   -1.6
   169.6    2550.6   -0.2   -1.6
   170.1    2550.6   -0.2   -1.5
   170.6    2550.6   -0.2   -1.5
   171.1    2550.6   -0.2   -1.5
   171.6    2550.6   -0.2   -1.5
   172.1    2550.6   -0.1   -1.5
   172.6    2550.6   -0.1   -1.5
   173.1    2550.6   -0.1   -1.5
   173.6    2550.6   -0.1   -1.5
   174.1    2550.6   -0.1   -1.4
   174.6    2550.6   -0.1   -1.4
   175.1    2550.6   -0.1   -1.4
   175.6    2550.6   -0.1   -1.4
   176.1    2550.6   -0.1   -1.3
   176.6    2550.6   -0.1   -1.3
   177.1    2550.6   -0.1   -1.3
   177.6    2550.6   -0.1   -1.2
   178.1    2550.6   -0.1   -1.2
   178.6    2550.6   -0.1   -1.2
   179.1    2550.6   -0.1   -1.3
   179.6    2550.6   -0.1   -1.3
   180.1    2550.6   -0.1   -1.3
   180.6    2550.6   -0.1   -1.3
   181.1    2550.6   -0.1   -1.2
   181.6    2550.6   -0.1   -1.2
   182.1    2550.6   -0.1   -1.2
   182.6    2550.6   -0.1   -1.1
   183.1    2550.6   -0.1   -1.1
   183.6    2550.6   -0.1   -1.1
   184.1    2550.6    0.0   -1.1
   184.6    2550.6    0.0   -1.2
   185.1    2550.6    0.1   -1.2
   165.6    2551.1   -0.5   -1.6
   166.1    2551.1   -0.5   -1.6
   166.6    2551.1   -0.4   -1.6
   167.1    2551.1   -0.4   -1.6
   167.6    2551.1   -0.4   -1.6
   168.1    2551.1   -0.3   -1.6
   168.6    2551.1   -0.3   -1.6
   169.1    2551.1   -0.3   -1.6
   169.6    2551.1   -0.2   -1.6
   170.1    2551.1   -0.2   -1.5
   170.6    2551.1   -0.2   -1.5
   171.1    2551.1   -0.2   -1.5
   171.6    2551.1   -0.2   -1.5
   172.1    2551.1   -0.1   -1.5
   172.6    2551.1   -0.1   -1.5
   173.1    2551.1   -0.1   -1.5
   173.6    2551.1   -0.1   -1.5
   174.1    2551.1   -0.1   -1.4
   174.6    2551.1   -0.1   -1.4
   175.1    2551.1   -0.1   -1.4
   175.6    2551.1   -0.1   -1.3
   176.1    2551.1   -0.1   -1.3
   176.6    2551.1   -0.2   -1.3
   177.1    2551.1   -0.2   -1.2
   177.6    2551.1   -0.2   -1.2
   178.1    2551.1   -0.2   -1.2
   178.6    2551.1   -0.2   -1.2
   179.1    2551.1   -0.1   -1.3
   179.6    2551.1   -0.1   -1.3
   180.1    2551.1   -0.1   -1.3
   180.6    2551.1   -0.1   -1.3
   181.1    2551.1   -0.1   -1.2
   181.6    2551.1   -0.1   -1.2
   182.1    2551.1   -0.2   -1.2
   182.6    2551.1   -0.2   -1.1
   183.1    2551.1   -0.1   -1.1
   183.6    2551.1   -0.1   -1.1
   184.1    2551.1    0.0   -1.1
   184.6    2551.1    0.0   -1.1
   185.1    2551.1    0.0   -1.1
   165.6    2551.6   -0.5   -1.6
   166.1    2551.6   -0.5   -1.6
   166.6    2551.6   -0.4   -1.6
   167.1    2551.6   -0.4   -1.6
   167.6    2551.6   -0.4   -1.6
   168.1    2551.6   -0.3   -1.6
   168.6    2551.6   -0.3   -1.6
   169.1    2551.6   -0.3   -1.6
   169.6    2551.6   -0.2   -1.6
   170.1    2551.6   -0.2   -1.5
   170.6    2551.6   -0.2   -1.5
   171.1    2551.6   -0.2   -1.5
   171.6    2551.6   -0.2   -1.5
   172.1    2551.6   -0.2   -1.5
   172.6    2551.6   -0.1   -1.5
   173.1    2551.6   -0.1   -1.5
   173.6    2551.6   -0.1   -1.5
   174.1    2551.6   -0.1   -1.4
   174.6    2551.6   -0.1   -1.4
   175.1    2551.6   -0.2   -1.4
   175.6    2551.6   -0.2   -1.3
   176.1    2551.6   -0.2   -1.3
   176.6    2551.6   -0.2   -1.3
   177.1    2551.6   -0.2   -1.2
   177.6    2551.6   -0.2   -1.2
   178.1    2551.6   -0.2   -1.2
   178.6    2551.6   -0.2   -1.2
   179.1    2551.6   -0.2   -1.3
   179.6    2551.6   -0.2   -1.3
   180.1    2551.6   -0.2   -1.3
   180.6    2551.6   -0.2   -1.3
   181.1    2551.6   -0.2   -1.2
   181.6    2551.6   -0.2   -1.2
   182.1    2551.6   -0.2   -1.1
   182.6    2551.6   -0.1   -1.1
   183.1    2551.6   -0.1   -1.1
   183.6    2551.6    0.0   -1.0
   184.1    2551.6    0.0   -1.0
   184.6    2551.6    0.0   -1.1
   185.1    2551.6    0.0   -1.1
   165.6    2552.1   -0.5   -1.6
   166.1    2552.1   -0.5   -1.6
   166.6    2552.1   -0.4   -1.6
   167.1    2552.1   -0.4   -1.7
   167.6    2552.1   -0.4   -1.7
   168.1    2552.1   -0.3   -1.7
   168.6    2552.1   -0.3   -1.6
   169.1    2552.1   -0.3   -1.6
   169.6    2552.1   -0.2   -1.6
   170.1    2552.1   -0.2   -1.6
   170.6    2552.1   -0.2   -1.5
   171.1    2552.1   -0.2   -1.5
   171.6    2552.1   -0.2   -1.5
   172.1    2552.1   -0.2   -1.5
   172.6    2552.1   -0.2   -1.5
   173.1    2552.1   -0.2   -1.5
   173.6    2552.1   -0.2   -1.5
   174.1    2552.1   -0.2   -1.4
   174.6    2552.1   -0.2   -1.4
   175.1    2552.1   -0.2   -1.4
   175.6    2552.1   -0.3   -1.3
   176.1    2552.1   -0.3   -1.3
   176.6    2552.1   -0.3   -1.3
   177.1    2552.1   -0.3   -1.2
   177.6    2552.1   -0.3   -1.2
   178.1    2552.1   -0.3   -1.2
   178.6    2552.1   -0.2   -1.2
   179.1    2552.1   -0.2   -1.3
   179.6    2552.1   -0.2   -1.3
   180.1    2552.1   -0.2   -1.3
   180.6    2552.1   -0.2   -1.2
   181.1    2552.1   -0.2   -1.2
   181.6    2552.1   -0.2   -1.2
   182.1    2552.1   -0.2   -1.1
   182.6    2552.1   -0.1   -1.1
   183.1    2552.1   -0.1   -1.0
   183.6    2552.1    0.0   -1.0
   184.1    2552.1   -0.1   -1.0
   184.6    2552.1    0.0   -1.0
   185.1    2552.1    0.0   -1.0
   165.6    2552.6   -0.4   -1.6
   166.1    2552.6   -0.4   -1.6
   166.6    2552.6   -0.4   -1.6
   167.1    2552.6   -0.4   -1.7
   167.6    2552.6   -0.3   -1.7
   168.1    2552.6   -0.3   -1.7
   168.6    2552.6   -0.3   -1.6
   169.1    2552.6   -0.3   -1.6
   169.6    2552.6   -0.2   -1.6
   170.1    2552.6   -0.2   -1.6
   170.6    2552.6   -0.2   -1.5
   171.1    2552.6   -0.2   -1.5
   171.6    2552.6   -0.2   -1.5
   172.1    2552.6   -0.2   -1.5
   172.6    2552.6   -0.2   -1.5
   173.1    2552.6   -0.2   -1.5
   173.6    2552.6   -0.2   -1.5
   174.1    2552.6   -0.2   -1.4
   174.6    2552.6   -0.3   -1.4
   175.1    2552.6   -0.3   -1.3
   175.6    2552.6   -0.3   -1.3
   176.1    2552.6   -0.3   -1.3
   176.6    2552.6   -0.3   -1.3
   177.1    2552.6   -0.3   -1.2
   177.6    2552.6   -0.3   -1.2
   178.1    2552.6   -0.3   -1.2
   178.6    2552.6   -0.3   -1.2
   179.1    2552.6   -0.2   -1.3
   179.6    2552.6   -0.2   -1.3
   180.1    2552.6   -0.2   -1.3
   180.6    2552.6   -0.2   -1.2
   181.1    2552.6   -0.2   -1.2
   181.6    2552.6   -0.2   -1.2
   182.1    2552.6   -0.2   -1.1
   182.6    2552.6   -0.1   -1.1
   183.1    2552.6   -0.1   -1.0
   183.6    2552.6    0.0   -1.0
   184.1    2552.6   -0.1   -1.0
   184.6    2552.6    0.0   -1.0
   185.1    2552.6    0.0   -1.0
   165.6    2553.1   -0.4   -1.6
   166.1    2553.1   -0.4   -1.6
   166.6    2553.1   -0.4   -1.7
   167.1    2553.1   -0.3   -1.7
   167.6    2553.1   -0.3   -1.7
   168.1    2553.1   -0.3   -1.7
   168.6    2553.1   -0.3   -1.6
   169.1    2553.1   -0.3   -1.6
   169.6    2553.1   -0.2   -1.6
   170.1    2553.1   -0.2   -1.6
   170.6    2553.1   -0.2   -1.5
   171.1    2553.1   -0.2   -1.5
   171.6    2553.1   -0.2   -1.5
   172.1    2553.1   -0.2   -1.5
   172.6    2553.1   -0.2   -1.5
   173.1    2553.1   -0.2   -1.5
   173.6    2553.1   -0.2   -1.5
   174.1    2553.1   -0.3   -1.4
   174.6    2553.1   -0.3   -1.4
   175.1    2553.1   -0.3   -1.3
   175.6    2553.1   -0.4   -1.3
   176.1    2553.1   -0.4   -1.3
   176.6    2553.1   -0.4   -1.3
   177.1    2553.1   -0.4   -1.3
   177.6    2553.1   -0.4   -1.3
   178.1    2553.1   -0.3   -1.3
   178.6    2553.1   -0.3   -1.3
   179.1    2553.1   -0.3   -1.3
   179.6    2553.1   -0.2   -1.3
   180.1    2553.1   -0.2   -1.3
   180.6    2553.1   -0.2   -1.2
   181.1    2553.1   -0.2   -1.2
   181.6    2553.1   -0.2   -1.2
   182.1    2553.1   -0.2   -1.1
   182.6    2553.1   -0.1   -1.1
   183.1    2553.1   -0.1   -1.0
   183.6    2553.1   -0.1   -1.0
   184.1    2553.1   -0.1   -0.9
   184.6    2553.1   -0.1   -0.9
   185.1    2553.1    0.0   -0.9
   165.6    2553.6   -0.3   -1.6
   166.1    2553.6   -0.3   -1.7
   166.6    2553.6   -0.3   -1.7
   167.1    2553.6   -0.3   -1.7
   167.6    2553.6   -0.3   -1.7
   168.1    2553.6   -0.3   -1.6
   168.6    2553.6   -0.3   -1.6
   169.1    2553.6   -0.2   -1.6
   169.6    2553.6   -0.2   -1.6
   170.1    2553.6   -0.2   -1.6
   170.6    2553.6   -0.2   -1.5
   171.1    2553.6   -0.2   -1.5
   171.6    2553.6   -0.2   -1.5
   172.1    2553.6   -0.2   -1.5
   172.6    2553.6   -0.2   -1.5
   173.1    2553.6   -0.2   -1.5
   173.6    2553.6   -0.3   -1.5
   174.1    2553.6   -0.3   -1.4
   174.6    2553.6   -0.3   -1.4
   175.1    2553.6   -0.4   -1.4
   175.6    2553.6   -0.4   -1.3
   176.1    2553.6   -0.4   -1.3
   176.6    2553.6   -0.4   -1.3
   177.1    2553.6   -0.4   -1.3
   177.6    2553.6   -0.4   -1.3
   178.1    2553.6   -0.4   -1.3
   178.6    2553.6   -0.3   -1.3
   179.1    2553.6   -0.3   -1.3
   179.6    2553.6   -0.3   -1.3
   180.1    2553.6   -0.2   -1.3
   180.6    2553.6   -0.2   -1.2
   181.1    2553.6   -0.2   -1.2
   181.6    2553.6   -0.2   -1.2
   182.1    2553.6   -0.2   -1.1
   182.6    2553.6   -0.1   -1.0
   183.1    2553.6   -0.1   -1.0
   183.6    2553.6   -0.1   -0.9
   184.1    2553.6   -0.1   -0.9
   184.6    2553.6   -0.1   -0.9
   185.1    2553.6    0.0   -0.9
   165.6    2554.1   -0.3   -1.7
   166.1    2554.1   -0.3   -1.7
   166.6    2554.1   -0.3   -1.7
   167.1    2554.1   -0.3   -1.7
   167.6    2554.1   -0.3   -1.7
   168.1    2554.1   -0.3   -1.6
   168.6    2554.1   -0.3   -1.6
   169.1    2554.1   -0.2   -1.6
   169.6    2554.1   -0.2   -1.6
   170.1    2554.1   -0.2   -1.6
   170.6    2554.1   -0.2   -1.6
   171.1    2554.1   -0.2   -1.5
   171.6    2554.1   -0.2   -1.5
   172.1    2554.1   -0.2   -1.5
   172.6    2554.1   -0.2   -1.5
   173.1    2554.1   -0.2   -1.5
   173.6    2554.1   -0.3   -1.5
   174.1    2554.1   -0.3   -1.4
   174.6    2554.1   -0.4   -1.4
   175.1    2554.1   -0.4   -1.4
   175.6    2554.1   -0.4   -1.4
   176.1    2554.1   -0.4   -1.4
   176.6    2554.1   -0.4   -1.3
   177.1    2554.1   -0.4   -1.3
   177.6    2554.1   -0.4   -1.3
   178.1    2554.1   -0.3   -1.3
   178.6    2554.1   -0.3   -1.3
   179.1    2554.1   -0.3   -1.3
   179.6    2554.1   -0.3   -1.3
   180.1    2554.1   -0.2   -1.3
   180.6    2554.1   -0.2   -1.2
   181.1    2554.1   -0.2   -1.2
   181.6    2554.1   -0.2   -1.2
   182.1    2554.1   -0.1   -1.1
   182.6    2554.1   -0.1   -1.0
   183.1    2554.1   -0.1   -1.0
   183.6    2554.1   -0.1   -0.9
   184.1    2554.1   -0.1   -0.9
   184.6    2554.1   -0.1   -0.8
   185.1    2554.1    0.0   -0.8
   165.6    2554.6   -0.2   -1.7
   166.1    2554.6   -0.2   -1.7
   166.6    2554.6   -0.2   -1.7
   167.1    2554.6   -0.2   -1.7
   167.6    2554.6   -0.2   -1.7
   168.1    2554.6   -0.2   -1.6
   168.6    2554.6   -0.2   -1.6
   169.1    2554.6   -0.2   -1.6
   169.6    2554.6   -0.2   -1.6
   170.1    2554.6   -0.2   -1.6
   170.6    2554.6   -0.2   -1.6
   171.1    2554.6   -0.2   -1.5
   171.6    2554.6   -0.2   -1.5
   172.1    2554.6   -0.2   -1.5
   172.6    2554.6   -0.2   -1.5
   173.1    2554.6   -0.3   -1.5
   173.6    2554.6   -0.3   -1.5
   174.1    2554.6   -0.3   -1.4
   174.6    2554.6   -0.4   -1.4
   175.1    2554.6   -0.4   -1.4
   175.6    2554.6   -0.4   -1.4
   176.1    2554.6   -0.4   -1.4
   176.6    2554.6   -0.4   -1.4
   177.1    2554.6   -0.4   -1.4
   177.6    2554.6   -0.3   -1.4
   178.1    2554.6   -0.3   -1.3
   178.6    2554.6   -0.3   -1.3
   179.1    2554.6   -0.3   -1.3
   179.6    2554.6   -0.3   -1.3
   180.1    2554.6   -0.2   -1.3
   180.6    2554.6   -0.2   -1.2
   181.1    2554.6   -0.2   -1.2
   181.6    2554.6   -0.2   -1.2
   182.1    2554.6   -0.1   -1.1
   182.6    2554.6   -0.1   -1.0
   183.1    2554.6   -0.1   -0.9
   183.6    2554.6   -0.2   -0.8
   184.1    2554.6   -0.1   -0.8
   184.6    2554.6   -0.1   -0.8
   185.1    2554.6    0.0   -0.7
   165.6    2555.1   -0.2   -1.7
   166.1    2555.1   -0.2   -1.7
   166.6    2555.1   -0.2   -1.7
   167.1    2555.1   -0.2   -1.7
   167.6    2555.1   -0.2   -1.6
   168.1    2555.1   -0.2   -1.6
   168.6    2555.1   -0.2   -1.6
   169.1    2555.1   -0.2   -1.6
   169.6    2555.1   -0.2   -1.6
   170.1    2555.1   -0.2   -1.6
   170.6    2555.1   -0.2   -1.6
   171.1    2555.1   -0.2   -1.6
   171.6    2555.1   -0.2   -1.5
   172.1    2555.1   -0.2   -1.5
   172.6    2555.1   -0.2   -1.5
   173.1    2555.1   -0.3   -1.5
   173.6    2555.1   -0.3   -1.5
   174.1    2555.1   -0.3   -1.5
   174.6    2555.1   -0.3   -1.4
   175.1    2555.1   -0.4   -1.4
   175.6    2555.1   -0.4   -1.4
   176.1    2555.1   -0.4   -1.4
   176.6    2555.1   -0.4   -1.4
   177.1    2555.1   -0.4   -1.4
   177.6    2555.1   -0.3   -1.4
   178.1    2555.1   -0.3   -1.4
   178.6    2555.1   -0.3   -1.4
   179.1    2555.1   -0.3   -1.3
   179.6    2555.1   -0.2   -1.3
   180.1    2555.1   -0.2   -1.3
   180.6    2555.1   -0.2   -1.2
   181.1    2555.1   -0.2   -1.2
   181.6    2555.1   -0.1   -1.2
   182.1    2555.1   -0.1   -1.1
   182.6    2555.1   -0.1   -1.0
   183.1    2555.1   -0.1   -0.9
   183.6    2555.1   -0.1   -0.8
   184.1    2555.1   -0.1   -0.8
   184.6    2555.1   -0.1   -0.7
   185.1    2555.1   -0.1   -0.7
   165.6    2555.6   -0.2   -1.7
   166.1    2555.6   -0.2   -1.7
   166.6    2555.6   -0.2   -1.7
   167.1    2555.6   -0.2   -1.6
   167.6    2555.6   -0.2   -1.6
   168.1    2555.6   -0.2   -1.6
   168.6    2555.6   -0.2   -1.6
   169.1    2555.6   -0.2   -1.6
   169.6    2555.6   -0.2   -1.6
   170.1    2555.6   -0.2   -1.6
   170.6    2555.6   -0.2   -1.6
   171.1    2555.6   -0.2   -1.6
   171.6    2555.6   -0.2   -1.5
   172.1    2555.6   -0.2   -1.5
   172.6    2555.6   -0.2   -1.5
   173.1    2555.6   -0.3   -1.5
   173.6    2555.6   -0.3   -1.5
   174.1    2555.6   -0.3   -1.5
   174.6    2555.6   -0.3   -1.5
   175.1    2555.6   -0.3   -1.4
   175.6    2555.6   -0.3   -1.4
   176.1    2555.6   -0.3   -1.4
   176.6    2555.6   -0.3   -1.4
   177.1    2555.6   -0.3   -1.4
   177.6    2555.6   -0.3   -1.4
   178.1    2555.6   -0.3   -1.4
   178.6    2555.6   -0.3   -1.4
   179.1    2555.6   -0.3   -1.4
   179.6    2555.6   -0.2   -1.3
   180.1    2555.6   -0.2   -1.3
   180.6    2555.6   -0.2   -1.3
   181.1    2555.6   -0.2   -1.2
   181.6    2555.6   -0.1   -1.2
   182.1    2555.6   -0.1   -1.1
   182.6    2555.6   -0.1   -1.0
   183.1    2555.6   -0.1   -0.9
   183.6    2555.6   -0.1   -0.8
   184.1    2555.6   -0.1   -0.7
   184.6    2555.6   -0.1   -0.7
   185.1    2555.6   -0.1   -0.7
   165.6    2556.1   -0.1   -1.7
   166.1    2556.1   -0.2   -1.6
   166.6    2556.1   -0.2   -1.6
   167.1    2556.1   -0.2   -1.6
   167.6    2556.1   -0.2   -1.6
   168.1    2556.1   -0.2   -1.6
   168.6    2556.1   -0.2   -1.6
   169.1    2556.1   -0.2   -1.6
   169.6    2556.1   -0.2   -1.6
   170.1    2556.1   -0.2   -1.6
   170.6    2556.1   -0.2   -1.6
   171.1    2556.1   -0.2   -1.6
   171.6    2556.1   -0.2   -1.5
   172.1    2556.1   -0.2   -1.5
   172.6    2556.1   -0.2   -1.5
   173.1    2556.1   -0.2   -1.5
   173.6    2556.1   -0.2   -1.5
   174.1    2556.1   -0.2   -1.5
   174.6    2556.1   -0.3   -1.5
   175.1    2556.1   -0.3   -1.5
   175.6    2556.1   -0.3   -1.5
   176.1    2556.1   -0.3   -1.4
   176.6    2556.1   -0.3   -1.4
   177.1    2556.1   -0.3   -1.4
   177.6    2556.1   -0.3   -1.4
   178.1    2556.1   -0.3   -1.4
   178.6    2556.1   -0.3   -1.4
   179.1    2556.1   -0.2   -1.4
   179.6    2556.1   -0.2   -1.4
   180.1    2556.1   -0.2   -1.3
   180.6    2556.1   -0.2   -1.3
   181.1    2556.1   -0.2   -1.2
   181.6    2556.1   -0.1   -1.2
   182.1    2556.1   -0.1   -1.1
   182.6    2556.1   -0.1   -1.0
   183.1    2556.1   -0.1   -0.9
   183.6    2556.1   -0.1   -0.8
   184.1    2556.1   -0.1   -0.7
   184.6    2556.1   -0.1   -0.7
   185.1    2556.1   -0.1   -0.7
   165.6    2556.6   -0.1   -1.6
   166.1    2556.6   -0.1   -1.6
   166.6    2556.6   -0.2   -1.6
   167.1    2556.6   -0.2   -1.6
   167.6    2556.6   -0.2   -1.6
   168.1    2556.6   -0.2   -1.6
   168.6    2556.6   -0.2   -1.6
   169.1    2556.6   -0.2   -1.6
   169.6    2556.6   -0.2   -1.6
   170.1    2556.6   -0.2   -1.6
   170.6    2556.6   -0.2   -1.6
   171.1    2556.6   -0.2   -1.6
   171.6    2556.6   -0.2   -1.5
   172.1    2556.6   -0.2   -1.5
   172.6    2556.6   -0.2   -1.5
   173.1    2556.6   -0.2   -1.5
   173.6    2556.6   -0.2   -1.5
   174.1    2556.6   -0.2   -1.5
   174.6    2556.6   -0.2   -1.5
   175.1    2556.6   -0.2   -1.5
   175.6    2556.6   -0.2   -1.5
   176.1    2556.6   -0.3   -1.5
   176.6    2556.6   -0.3   -1.5
   177.1    2556.6   -0.3   -1.4
   177.6    2556.6   -0.3   -1.4
   178.1    2556.6   -0.2   -1.4
   178.6    2556.6   -0.2   -1.4
   179.1    2556.6   -0.2   -1.4
   179.6    2556.6   -0.2   -1.4
   180.1    2556.6   -0.2   -1.3
   180.6    2556.6   -0.2   -1.3
   181.1    2556.6   -0.1   -1.2
   181.6    2556.6   -0.1   -1.2
   182.1    2556.6   -0.1   -1.1
   182.6    2556.6   -0.1   -1.0
   183.1    2556.6   -0.1   -0.9
   183.6    2556.6   -0.1   -0.8
   184.1    2556.6   -0.1   -0.8
   184.6    2556.6   -0.1   -0.7
   185.1    2556.6   -0.1   -0.7
   165.6    2557.1   -0.1   -1.6
   166.1    2557.1   -0.1   -1.6
   166.6    2557.1   -0.2   -1.6
   167.1    2557.1   -0.2   -1.6
   167.6    2557.1   -0.2   -1.6
   168.1    2557.1   -0.2   -1.6
   168.6    2557.1   -0.2   -1.6
   169.1    2557.1   -0.2   -1.6
   169.6    2557.1   -0.2   -1.6
   170.1    2557.1   -0.2   -1.6
   170.6    2557.1   -0.2   -1.6
   171.1    2557.1   -0.2   -1.6
   171.6    2557.1   -0.2   -1.5
   172.1    2557.1   -0.2   -1.5
   172.6    2557.1   -0.2   -1.5
   173.1    2557.1   -0.2   -1.5
   173.6    2557.1   -0.2   -1.5
   174.1    2557.1   -0.2   -1.5
   174.6    2557.1   -0.2   -1.5
   175.1    2557.1   -0.2   -1.5
   175.6    2557.1   -0.2   -1.5
   176.1    2557.1   -0.2   -1.5
   176.6    2557.1   -0.2   -1.5
   177.1    2557.1   -0.2   -1.5
   177.6    2557.1   -0.2   -1.4
   178.1    2557.1   -0.2   -1.4
   178.6    2557.1   -0.2   -1.4
   179.1    2557.1   -0.2   -1.4
   179.6    2557.1   -0.2   -1.4
   180.1    2557.1   -0.2   -1.3
   180.6    2557.1   -0.2   -1.3
   181.1    2557.1   -0.1   -1.2
   181.6    2557.1   -0.1   -1.1
   182.1    2557.1   -0.1   -1.1
   182.6    2557.1   -0.1   -1.0
   183.1    2557.1   -0.1   -0.9
   183.6    2557.1   -0.1   -0.8
   184.1    2557.1   -0.1   -0.8
   184.6    2557.1   -0.1   -0.7
   185.1    2557.1   -0.1   -0.7
   165.6    2557.6   -0.1   -1.6
   166.1    2557.6   -0.1   -1.6
   166.6    2557.6   -0.1   -1.6
   167.1    2557.6   -0.2   -1.6
   167.6    2557.6   -0.2   -1.6
   168.1    2557.6   -0.2   -1.5
   168.6    2557.6   -0.2   -1.5
   169.1    2557.6   -0.2   -1.6
   169.6    2557.6   -0.2   -1.6
   170.1    2557.6   -0.1   -1.6
   170.6    2557.6   -0.1   -1.6
   171.1    2557.6   -0.1   -1.6
   171.6    2557.6   -0.1   -1.5
   172.1    2557.6   -0.1   -1.5
   172.6    2557.6   -0.1   -1.5
   173.1    2557.6   -0.1   -1.5
   173.6    2557.6   -0.2   -1.5
   174.1    2557.6   -0.2   -1.5
   174.6    2557.6   -0.2   -1.5
   175.1    2557.6   -0.2   -1.5
   175.6    2557.6   -0.2   -1.5
   176.1    2557.6   -0.2   -1.5
   176.6    2557.6   -0.2   -1.5
   177.1    2557.6   -0.2   -1.5
   177.6    2557.6   -0.2   -1.5
   178.1    2557.6   -0.2   -1.4
   178.6    2557.6   -0.2   -1.4
   179.1    2557.6   -0.2   -1.4
   179.6    2557.6   -0.2   -1.3
   180.1    2557.6   -0.1   -1.3
   180.6    2557.6   -0.1   -1.3
   181.1    2557.6   -0.1   -1.2
   181.6    2557.6   -0.1   -1.1
   182.1    2557.6   -0.1   -1.1
   182.6    2557.6   -0.1   -1.0
   183.1    2557.6   -0.1   -0.9
   183.6    2557.6   -0.1   -0.9
   184.1    2557.6   -0.1   -0.8
   184.6    2557.6   -0.1   -0.8
   185.1    2557.6   -0.1   -0.7
   165.6    2558.1   -0.1   -1.6
   166.1    2558.1   -0.1   -1.6
   166.6    2558.1   -0.1   -1.6
   167.1    2558.1   -0.2   -1.6
   167.6    2558.1   -0.2   -1.5
   168.1    2558.1   -0.2   -1.5
   168.6    2558.1   -0.2   -1.5
   169.1    2558.1   -0.1   -1.5
   169.6    2558.1   -0.1   -1.6
   170.1    2558.1   -0.1   -1.6
   170.6    2558.1   -0.1   -1.5
   171.1    2558.1   -0.1   -1.5
   171.6    2558.1   -0.1   -1.5
   172.1    2558.1   -0.1   -1.5
   172.6    2558.1   -0.1   -1.5
   173.1    2558.1   -0.1   -1.5
   173.6    2558.1   -0.1   -1.5
   174.1    2558.1   -0.1   -1.5
   174.6    2558.1   -0.2   -1.5
   175.1    2558.1   -0.2   -1.5
   175.6    2558.1   -0.2   -1.5
   176.1    2558.1   -0.1   -1.5
   176.6    2558.1   -0.1   -1.5
   177.1    2558.1   -0.1   -1.5
   177.6    2558.1   -0.1   -1.5
   178.1    2558.1   -0.1   -1.4
   178.6    2558.1   -0.1   -1.4
   179.1    2558.1   -0.1   -1.4
   179.6    2558.1   -0.1   -1.3
   180.1    2558.1   -0.1   -1.3
   180.6    2558.1   -0.1   -1.2
   181.1    2558.1   -0.1   -1.2
   181.6    2558.1   -0.1   -1.1
   182.1    2558.1   -0.1   -1.1
   182.6    2558.1   -0.1   -1.0
   183.1    2558.1   -0.1   -1.0
   183.6    2558.1   -0.1   -0.9
   184.1    2558.1   -0.1   -0.8
   184.6    2558.1   -0.1   -0.8
   185.1    2558.1   -0.1   -0.8
   165.6    2558.6   -0.1   -1.6
   166.1    2558.6   -0.1   -1.6
   166.6    2558.6   -0.1   -1.6
   167.1    2558.6   -0.1   -1.5
   167.6    2558.6   -0.1   -1.5
   168.1    2558.6   -0.1   -1.5
   168.6    2558.6   -0.1   -1.5
   169.1    2558.6   -0.1   -1.5
   169.6    2558.6   -0.1   -1.5
   170.1    2558.6   -0.1   -1.5
   170.6    2558.6   -0.1   -1.5
   171.1    2558.6   -0.1   -1.5
   171.6    2558.6   -0.1   -1.5
   172.1    2558.6   -0.1   -1.5
   172.6    2558.6   -0.1   -1.5
   173.1    2558.6   -0.1   -1.5
   173.6    2558.6   -0.1   -1.5
   174.1    2558.6   -0.1   -1.5
   174.6    2558.6   -0.1   -1.5
   175.1    2558.6   -0.1   -1.5
   175.6    2558.6   -0.1   -1.5
   176.1    2558.6   -0.1   -1.5
   176.6    2558.6   -0.1   -1.5
   177.1    2558.6   -0.1   -1.5
   177.6    2558.6   -0.1   -1.4
   178.1    2558.6   -0.1   -1.4
   178.6    2558.6   -0.1   -1.4
   179.1    2558.6   -0.1   -1.3
   179.6    2558.6   -0.1   -1.3
   180.1    2558.6   -0.1   -1.3
   180.6    2558.6   -0.1   -1.2
   181.1    2558.6   -0.1   -1.2
   181.6    2558.6   -0.1   -1.1
   182.1    2558.6   -0.1   -1.1
   182.6    2558.6   -0.1   -1.0
   183.1    2558.6   -0.1   -1.0
   183.6    2558.6   -0.1   -0.9
   184.1    2558.6   -0.1   -0.9
   184.6    2558.6   -0.1   -0.8
   185.1    2558.6    0.0   -0.8
   165.6    2559.1   -0.1   -1.5
   166.1    2559.1   -0.1   -1.5
   166.6    2559.1   -0.1   -1.5
   167.1    2559.1   -0.1   -1.5
   167.6    2559.1   -0.1   -1.5
   168.1    2559.1   -0.1   -1.5
   168.6    2559.1   -0.1   -1.5
   169.1    2559.1   -0.1   -1.5
   169.6    2559.1   -0.1   -1.5
   170.1    2559.1   -0.1   -1.5
   170.6    2559.1   -0.1   -1.5
   171.1    2559.1   -0.1   -1.5
   171.6    2559.1   -0.1   -1.5
   172.1    2559.1   -0.1   -1.5
   172.6    2559.1   -0.1   -1.5
   173.1    2559.1   -0.1   -1.5
   173.6    2559.1    0.0   -1.5
   174.1    2559.1   -0.1   -1.5
   174.6    2559.1   -0.1   -1.5
   175.1    2559.1   -0.1   -1.5
   175.6    2559.1   -0.1   -1.5
   176.1    2559.1   -0.1   -1.5
   176.6    2559.1   -0.1   -1.5
   177.1    2559.1   -0.1   -1.4
   177.6    2559.1   -0.1   -1.4
   178.1    2559.1   -0.1   -1.4
   178.6    2559.1   -0.1   -1.3
   179.1    2559.1   -0.1   -1.3
   179.6    2559.1   -0.1   -1.3
   180.1    2559.1   -0.1   -1.2
   180.6    2559.1   -0.1   -1.2
   181.1    2559.1   -0.1   -1.2
   181.6    2559.1   -0.1   -1.1
   182.1    2559.1   -0.1   -1.1
   182.6    2559.1   -0.1   -1.0
   183.1    2559.1   -0.1   -1.0
   183.6    2559.1   -0.1   -0.9
   184.1    2559.1   -0.1   -0.9
   184.6    2559.1    0.0   -0.8
   185.1    2559.1    0.0   -0.8
   165.6    2559.6   -0.1   -1.5
   166.1    2559.6   -0.1   -1.5
   166.6    2559.6   -0.1   -1.5
   167.1    2559.6   -0.1   -1.5
   167.6    2559.6   -0.1   -1.5
   168.1    2559.6   -0.1   -1.5
   168.6    2559.6   -0.1   -1.5
   169.1    2559.6   -0.1   -1.5
   169.6    2559.6   -0.1   -1.5
   170.1    2559.6   -0.1   -1.5
   170.6    2559.6   -0.1   -1.5
   171.1    2559.6   -0.1   -1.5
   171.6    2559.6   -0.1   -1.5
   172.1    2559.6   -0.1   -1.5
   172.6    2559.6   -0.1   -1.5
   173.1    2559.6    0.0   -1.5
   173.6    2559.6    0.0   -1.5
   174.1    2559.6    0.0   -1.5
   174.6    2559.6    0.0   -1.5
   175.1    2559.6    0.0   -1.5
   175.6    2559.6    0.0   -1.5
   176.1    2559.6    0.0   -1.5
   176.6    2559.6    0.0   -1.4
   177.1    2559.6    0.0   -1.4
   177.6    2559.6   -0.1   -1.4
   178.1    2559.6   -0.1   -1.3
   178.6    2559.6   -0.1   -1.3
   179.1    2559.6   -0.1   -1.3
   179.6    2559.6   -0.1   -1.2
   180.1    2559.6   -0.1   -1.2
   180.6    2559.6   -0.1   -1.2
   181.1    2559.6   -0.1   -1.2
   181.6    2559.6   -0.1   -1.1
   182.1    2559.6   -0.1   -1.1
   182.6    2559.6   -0.1   -1.0
   183.1    2559.6   -0.1   -1.0
   183.6    2559.6   -0.1   -0.9
   184.1    2559.6   -0.1   -0.9
   184.6    2559.6    0.0   -0.9
   185.1    2559.6    0.0   -0.8
   165.6    2560.1   -0.1   -1.5
   166.1    2560.1   -0.1   -1.5
   166.6    2560.1   -0.1   -1.5
   167.1    2560.1   -0.1   -1.5
   167.6    2560.1   -0.1   -1.5
   168.1    2560.1   -0.1   -1.5
   168.6    2560.1   -0.1   -1.5
   169.1    2560.1   -0.1   -1.5
   169.6    2560.1   -0.1   -1.5
   170.1    2560.1   -0.1   -1.5
   170.6    2560.1   -0.1   -1.5
   171.1    2560.1   -0.1   -1.5
   171.6    2560.1   -0.1   -1.5
   172.1    2560.1   -0.1   -1.5
   172.6    2560.1   -0.1   -1.4
   173.1    2560.1    0.0   -1.4
   173.6    2560.1    0.0   -1.4
   174.1    2560.1    0.0   -1.5
   174.6    2560.1    0.0   -1.5
   175.1    2560.1    0.0   -1.5
   175.6    2560.1    0.0   -1.4
   176.1    2560.1    0.0   -1.4
   176.6    2560.1    0.0   -1.4
   177.1    2560.1    0.0   -1.4
   177.6    2560.1    0.0   -1.3
   178.1    2560.1   -0.1   -1.3
   178.6    2560.1   -0.1   -1.3
   179.1    2560.1   -0.1   -1.3
   179.6    2560.1   -0.1   -1.2
   180.1    2560.1   -0.1   -1.2
   180.6    2560.1   -0.1   -1.2
   181.1    2560.1   -0.1   -1.2
   181.6    2560.1   -0.1   -1.1
   182.1    2560.1   -0.1   -1.1
   182.6    2560.1   -0.1   -1.1
   183.1    2560.1   -0.1   -1.0
   183.6    2560.1   -0.1   -1.0
   184.1    2560.1   -0.1   -0.9
   184.6    2560.1    0.0   -0.9
   185.1    2560.1    0.0   -0.8
   165.6    2560.6    0.0   -1.5
   166.1    2560.6    0.0   -1.5
   166.6    2560.6   -0.1   -1.5
   167.1    2560.6   -0.1   -1.5
   167.6    2560.6   -0.1   -1.5
   168.1    2560.6   -0.1   -1.5
   168.6    2560.6   -0.1   -1.5
   169.1    2560.6   -0.1   -1.5
   169.6    2560.6   -0.1   -1.5
   170.1    2560.6   -0.1   -1.5
   170.6    2560.6   -0.1   -1.5
   171.1    2560.6   -0.1   -1.5
   171.6    2560.6   -0.1   -1.4
   172.1    2560.6   -0.1   -1.4
   172.6    2560.6    0.0   -1.4
   173.1    2560.6    0.0   -1.4
   173.6    2560.6    0.0   -1.4
   174.1    2560.6    0.0   -1.4
   174.6    2560.6    0.0   -1.4
   175.1    2560.6    0.0   -1.4
   175.6    2560.6    0.0   -1.4
   176.1    2560.6    0.0   -1.4
   176.6    2560.6    0.0   -1.4
   177.1    2560.6    0.0   -1.3
   177.6    2560.6    0.0   -1.3
   178.1    2560.6   -0.1   -1.3
   178.6    2560.6   -0.1   -1.3
   179.1    2560.6   -0.1   -1.2
   179.6    2560.6   -0.1   -1.2
   180.1    2560.6   -0.1   -1.2
   180.6    2560.6   -0.1   -1.2
   181.1    2560.6   -0.1   -1.2
   181.6    2560.6   -0.1   -1.1
   182.1    2560.6   -0.1   -1.1
   182.6    2560.6   -0.1   -1.1
   183.1    2560.6   -0.1   -1.0
   183.6    2560.6   -0.1   -1.0
   184.1    2560.6   -0.1   -0.9
   184.6    2560.6    0.0   -0.9
   185.1    2560.6    0.0   -0.9
   165.6    2561.1    0.0   -1.5
   166.1    2561.1    0.0   -1.5
   166.6    2561.1    0.0   -1.5
   167.1    2561.1   -0.1   -1.5
   167.6    2561.1   -0.1   -1.5
   168.1    2561.1   -0.1   -1.5
   168.6    2561.1   -0.1   -1.5
   169.1    2561.1   -0.1   -1.5
   169.6    2561.1   -0.1   -1.5
   170.1    2561.1   -0.1   -1.5
   170.6    2561.1   -0.1   -1.5
   171.1    2561.1   -0.1   -1.4
   171.6    2561.1   -0.1   -1.4
   172.1    2561.1   -0.1   -1.4
   172.6    2561.1    0.0   -1.4
   173.1    2561.1    0.0   -1.4
   173.6    2561.1    0.0   -1.4
   174.1    2561.1    0.0   -1.4
   174.6    2561.1    0.0   -1.4
   175.1    2561.1    0.0   -1.4
   175.6    2561.1    0.0   -1.4
   176.1    2561.1    0.0   -1.4
   176.6    2561.1    0.0   -1.3
   177.1    2561.1    0.0   -1.3
   177.6    2561.1    0.0   -1.3
   178.1    2561.1    0.0   -1.2
   178.6    2561.1   -0.1   -1.2
   179.1    2561.1   -0.1   -1.2
   179.6    2561.1   -0.1   -1.2
   180.1    2561.1   -0.1   -1.2
   180.6    2561.1   -0.1   -1.2
   181.1    2561.1   -0.1   -1.1
   181.6    2561.1   -0.1   -1.1
   182.1    2561.1   -0.1   -1.1
   182.6    2561.1   -0.1   -1.1
   183.1    2561.1   -0.1   -1.0
   183.6    2561.1   -0.1   -1.0
   184.1    2561.1   -0.1   -0.9
   184.6    2561.1   -0.1   -0.9
   185.1    2561.1    0.0   -0.9
   165.6    2561.6    0.0   -1.5
   166.1    2561.6    0.0   -1.5
   166.6    2561.6    0.0   -1.5
   167.1    2561.6    0.0   -1.5
   167.6    2561.6    0.0   -1.5
   168.1    2561.6   -0.1   -1.5
   168.6    2561.6   -0.1   -1.5
   169.1    2561.6   -0.1   -1.5
   169.6    2561.6   -0.1   -1.5
   170.1    2561.6   -0.1   -1.5
   170.6    2561.6   -0.1   -1.5
   171.1    2561.6   -0.1   -1.4
   171.6    2561.6   -0.1   -1.4
   172.1    2561.6   -0.1   -1.4
   172.6    2561.6    0.0   -1.4
   173.1    2561.6    0.0   -1.3
   173.6    2561.6    0.0   -1.3
   174.1    2561.6    0.0   -1.3
   174.6    2561.6    0.0   -1.3
   175.1    2561.6    0.0   -1.3
   175.6    2561.6    0.0   -1.3
   176.1    2561.6    0.0   -1.3
   176.6    2561.6    0.0   -1.3
   177.1    2561.6    0.0   -1.3
   177.6    2561.6    0.0   -1.2
   178.1    2561.6    0.0   -1.2
   178.6    2561.6    0.0   -1.2
   179.1    2561.6    0.0   -1.2
   179.6    2561.6   -0.1   -1.2
   180.1    2561.6   -0.1   -1.1
   180.6    2561.6   -0.1   -1.1
   181.1    2561.6   -0.1   -1.1
   181.6    2561.6   -0.1   -1.1
   182.1    2561.6   -0.1   -1.1
   182.6    2561.6   -0.1   -1.1
   183.1    2561.6   -0.1   -1.0
   183.6    2561.6   -0.1   -0.9
   184.1    2561.6   -0.1   -0.9
   184.6    2561.6   -0.1   -0.9
   185.1    2561.6   -0.1   -0.9
   165.6    2562.1    0.0   -1.5
   166.1    2562.1    0.0   -1.5
   166.6    2562.1    0.0   -1.5
   167.1    2562.1    0.0   -1.5
   167.6    2562.1    0.0   -1.5
   168.1    2562.1    0.0   -1.5
   168.6    2562.1    0.0   -1.5
   169.1    2562.1   -0.1   -1.5
   169.6    2562.1   -0.1   -1.5
   170.1    2562.1   -0.1   -1.5
   170.6    2562.1   -0.1   -1.4
   171.1    2562.1   -0.1   -1.4
   171.6    2562.1   -0.1   -1.4
   172.1    2562.1    0.0   -1.4
   172.6    2562.1    0.0   -1.3
   173.1    2562.1    0.0   -1.3
   173.6    2562.1    0.0   -1.3
   174.1    2562.1    0.0   -1.3
   174.6    2562.1    0.0   -1.3
   175.1    2562.1    0.0   -1.3
   175.6    2562.1    0.0   -1.3
   176.1    2562.1    0.0   -1.3
   176.6    2562.1    0.0   -1.3
   177.1    2562.1    0.0   -1.2
   177.6    2562.1    0.0   -1.2
   178.1    2562.1    0.0   -1.2
   178.6    2562.1    0.0   -1.2
   179.1    2562.1    0.0   -1.1
   179.6    2562.1   -0.1   -1.1
   180.1    2562.1   -0.1   -1.1
   180.6    2562.1   -0.1   -1.1
   181.1    2562.1   -0.1   -1.1
   181.6    2562.1   -0.1   -1.1
   182.1    2562.1   -0.1   -1.1
   182.6    2562.1   -0.1   -1.1
   183.1    2562.1   -0.1   -1.0
   183.6    2562.1   -0.1   -0.9
   184.1    2562.1   -0.1   -0.9
   184.6    2562.1   -0.1   -0.9
   185.1    2562.1   -0.1   -0.9
   165.6    2562.6    0.0   -1.5
   166.1    2562.6    0.0   -1.5
   166.6    2562.6    0.0   -1.5
   167.1    2562.6    0.0   -1.5
   167.6    2562.6    0.0   -1.5
   168.1    2562.6    0.0   -1.5
   168.6    2562.6    0.0   -1.5
   169.1    2562.6    0.0   -1.5
   169.6    2562.6    0.0   -1.5
   170.1    2562.6    0.0   -1.5
   170.6    2562.6   -0.1   -1.4
   171.1    2562.6   -0.1   -1.4
   171.6    2562.6    0.0   -1.3
   172.1    2562.6    0.0   -1.3
   172.6    2562.6    0.0   -1.3
   173.1    2562.6    0.0   -1.3
   173.6    2562.6    0.0   -1.3
   174.1    2562.6    0.0   -1.3
   174.6    2562.6    0.0   -1.3
   175.1    2562.6    0.0   -1.3
   175.6    2562.6    0.0   -1.3
   176.1    2562.6    0.0   -1.2
   176.6    2562.6    0.0   -1.2
   177.1    2562.6    0.0   -1.2
   177.6    2562.6    0.0   -1.2
   178.1    2562.6    0.0   -1.2
   178.6    2562.6    0.0   -1.1
   179.1    2562.6   -0.1   -1.1
   179.6    2562.6   -0.1   -1.1
   180.1    2562.6   -0.1   -1.1
   180.6    2562.6   -0.1   -1.1
   181.1    2562.6   -0.1   -1.1
   181.6    2562.6   -0.1   -1.1
   182.1    2562.6   -0.1   -1.1
   182.6    2562.6   -0.1   -1.0
   183.1    2562.6   -0.1   -1.0
   183.6    2562.6   -0.1   -0.9
   184.1    2562.6   -0.1   -0.9
   184.6    2562.6   -0.1   -0.9
   185.1    2562.6   -0.1   -0.8
   165.6    2563.1    0.0   -1.5
   166.1    2563.1    0.0   -1.5
   166.6    2563.1    0.0   -1.5
   167.1    2563.1    0.0   -1.5
   167.6    2563.1    0.0   -1.5
   168.1    2563.1    0.0   -1.5
   168.6    2563.1    0.0   -1.5
   169.1    2563.1    0.0   -1.5
   169.6    2563.1    0.0   -1.5
   170.1    2563.1    0.0   -1.4
   170.6    2563.1    0.0   -1.4
   171.1    2563.1    0.0   -1.4
   171.6    2563.1    0.0   -1.3
   172.1    2563.1    0.0   -1.3
   172.6    2563.1    0.0   -1.3
   173.1    2563.1    0.0   -1.3
   173.6    2563.1    0.0   -1.2
   174.1    2563.1    0.0   -1.2
   174.6    2563.1    0.0   -1.2
   175.1    2563.1    0.0   -1.2
   175.6    2563.1    0.0   -1.2
   176.1    2563.1    0.0   -1.2
   176.6    2563.1    0.0   -1.2
   177.1    2563.1    0.0   -1.2
   177.6    2563.1    0.0   -1.2
   178.1    2563.1    0.0   -1.1
   178.6    2563.1    0.0   -1.1
   179.1    2563.1   -0.1   -1.1
   179.6    2563.1   -0.1   -1.1
   180.1    2563.1   -0.1   -1.1
   180.6    2563.1   -0.1   -1.1
   181.1    2563.1   -0.1   -1.0
   181.6    2563.1   -0.1   -1.0
   182.1    2563.1   -0.1   -1.0
   182.6    2563.1   -0.1   -1.0
   183.1    2563.1   -0.1   -1.0
   183.6    2563.1   -0.1   -0.9
   184.1    2563.1   -0.1   -0.9
   184.6    2563.1   -0.1   -0.9
   185.1    2563.1   -0.1   -0.8
   165.6    2563.6    0.0   -1.5
   166.1    2563.6    0.0   -1.5
   166.6    2563.6    0.0   -1.5
   167.1    2563.6    0.0   -1.5
   167.6    2563.6    0.0   -1.5
   168.1    2563.6    0.0   -1.5
   168.6    2563.6    0.0   -1.5
   169.1    2563.6    0.0   -1.5
   169.6    2563.6    0.0   -1.4
   170.1    2563.6    0.0   -1.4
   170.6    2563.6    0.0   -1.4
   171.1    2563.6    0.0   -1.3
   171.6    2563.6    0.0   -1.3
   172.1    2563.6    0.0   -1.3
   172.6    2563.6    0.0   -1.2
   173.1    2563.6    0.0   -1.2
   173.6    2563.6    0.0   -1.2
   174.1    2563.6    0.0   -1.2
   174.6    2563.6    0.0   -1.2
   175.1    2563.6    0.0   -1.2
   175.6    2563.6    0.0   -1.2
   176.1    2563.6    0.0   -1.2
   176.6    2563.6    0.0   -1.2
   177.1    2563.6    0.0   -1.1
   177.6    2563.6    0.0   -1.1
   178.1    2563.6   -0.1   -1.1
   178.6    2563.6   -0.1   -1.1
   179.1    2563.6   -0.1   -1.1
   179.6    2563.6   -0.1   -1.1
   180.1    2563.6   -0.1   -1.0
   180.6    2563.6   -0.1   -1.0
   181.1    2563.6   -0.1   -1.0
   181.6    2563.6   -0.1   -1.0
   182.1    2563.6   -0.1   -1.0
   182.6    2563.6   -0.1   -1.0
   183.1    2563.6   -0.1   -1.0
   183.6    2563.6   -0.1   -0.9
   184.1    2563.6   -0.1   -0.9
   184.6    2563.6   -0.1   -0.9
   185.1    2563.6   -0.1   -0.8
   165.6    2564.1    0.0   -1.5
   166.1    2564.1    0.0   -1.5
   166.6    2564.1    0.0   -1.5
   167.1    2564.1    0.0   -1.5
   167.6    2564.1    0.0   -1.5
   168.1    2564.1    0.0   -1.5
   168.6    2564.1    0.0   -1.5
   169.1    2564.1    0.0   -1.4
   169.6    2564.1    0.0   -1.4
   170.1    2564.1    0.0   -1.4
   170.6    2564.1    0.0   -1.3
   171.1    2564.1   -0.1   -1.3
   171.6    2564.1    0.0   -1.3
   172.1    2564.1    0.0   -1.2
   172.6    2564.1    0.0   -1.2
   173.1    2564.1    0.0   -1.2
   173.6    2564.1    0.0   -1.2
   174.1    2564.1    0.0   -1.2
   174.6    2564.1    0.0   -1.1
   175.1    2564.1    0.0   -1.1
   175.6    2564.1    0.0   -1.1
   176.1    2564.1    0.0   -1.1
   176.6    2564.1    0.0   -1.1
   177.1    2564.1    0.0   -1.1
   177.6    2564.1    0.0   -1.1
   178.1    2564.1   -0.1   -1.1
   178.6    2564.1   -0.1   -1.1
   179.1    2564.1   -0.1   -1.1
   179.6    2564.1   -0.1   -1.0
   180.1    2564.1   -0.1   -1.0
   180.6    2564.1   -0.1   -1.0
   181.1    2564.1   -0.1   -1.0
   181.6    2564.1   -0.1   -1.0
   182.1    2564.1   -0.1   -1.0
   182.6    2564.1   -0.1   -1.0
   183.1    2564.1   -0.1   -0.9
   183.6    2564.1   -0.1   -0.9
   184.1    2564.1   -0.1   -0.9
   184.6    2564.1   -0.1   -0.9
   185.1    2564.1   -0.1   -0.9
   165.6    2564.6    0.0   -1.5
   166.1    2564.6    0.0   -1.5
   166.6    2564.6    0.0   -1.5
   167.1    2564.6    0.0   -1.5
   167.6    2564.6    0.0   -1.5
   168.1    2564.6    0.0   -1.5
   168.6    2564.6    0.0   -1.4
   169.1    2564.6    0.0   -1.4
   169.6    2564.6    0.0   -1.4
   170.1    2564.6   -0.1   -1.4
   170.6    2564.6   -0.1   -1.3
   171.1    2564.6   -0.1   -1.3
   171.6    2564.6   -0.1   -1.2
   172.1    2564.6   -0.1   -1.2
   172.6    2564.6    0.0   -1.2
   173.1    2564.6    0.0   -1.1
   173.6    2564.6    0.0   -1.1
   174.1    2564.6    0.0   -1.1
   174.6    2564.6    0.0   -1.1
   175.1    2564.6    0.0   -1.1
   175.6    2564.6    0.0   -1.1
   176.1    2564.6    0.0   -1.1
   176.6    2564.6    0.0   -1.1
   177.1    2564.6    0.0   -1.1
   177.6    2564.6   -0.1   -1.1
   178.1    2564.6   -0.1   -1.1
   178.6    2564.6   -0.1   -1.0
   179.1    2564.6   -0.1   -1.0
   179.6    2564.6   -0.1   -1.0
   180.1    2564.6   -0.1   -1.0
   180.6    2564.6   -0.1   -1.0
   181.1    2564.6   -0.1   -1.0
   181.6    2564.6   -0.1   -1.0
   182.1    2564.6   -0.1   -1.0
   182.6    2564.6   -0.1   -1.0
   183.1    2564.6   -0.1   -0.9
   183.6    2564.6   -0.1   -0.9
   184.1    2564.6   -0.1   -0.9
   184.6    2564.6   -0.1   -0.9
   185.1    2564.6   -0.1   -0.9
   165.6    2565.1    0.0   -1.5
   166.1    2565.1    0.0   -1.5
   166.6    2565.1    0.0   -1.5
   167.1    2565.1    0.0   -1.5
   167.6    2565.1    0.0   -1.5
   168.1    2565.1    0.0   -1.4
   168.6    2565.1    0.0   -1.4
   169.1    2565.1    0.0   -1.4
   169.6    2565.1   -0.1   -1.4
   170.1    2565.1   -0.1   -1.3
   170.6    2565.1   -0.1   -1.3
   171.1    2565.1   -0.1   -1.3
   171.6    2565.1   -0.1   -1.2
   172.1    2565.1   -0.1   -1.2
   172.6    2565.1   -0.1   -1.1
   173.1    2565.1    0.0   -1.1
   173.6    2565.1    0.0   -1.1
   174.1    2565.1    0.0   -1.1
   174.6    2565.1    0.0   -1.1
   175.1    2565.1    0.0   -1.1
   175.6    2565.1    0.0   -1.1
   176.1    2565.1    0.0   -1.0
   176.6    2565.1    0.0   -1.1
   177.1    2565.1    0.0   -1.1
   177.6    2565.1   -0.1   -1.1
   178.1    2565.1   -0.1   -1.0
   178.6    2565.1   -0.1   -1.0
   179.1    2565.1   -0.1   -1.0
   179.6    2565.1   -0.1   -1.0
   180.1    2565.1   -0.1   -1.0
   180.6    2565.1   -0.1   -0.9
   181.1    2565.1   -0.1   -0.9
   181.6    2565.1   -0.1   -0.9
   182.1    2565.1   -0.1   -0.9
   182.6    2565.1   -0.1   -0.9
   183.1    2565.1   -0.1   -0.9
   183.6    2565.1   -0.1   -0.9
   184.1    2565.1   -0.1   -0.9
   184.6    2565.1   -0.1   -0.9
   185.1    2565.1   -0.1   -0.9
   165.6    2565.6    0.0   -1.5
   166.1    2565.6    0.0   -1.5
   166.6    2565.6    0.0   -1.5
   167.1    2565.6    0.0   -1.4
   167.6    2565.6    0.0   -1.4
   168.1    2565.6    0.0   -1.4
   168.6    2565.6    0.0   -1.4
   169.1    2565.6   -0.1   -1.4
   169.6    2565.6   -0.1   -1.4
   170.1    2565.6   -0.1   -1.3
   170.6    2565.6   -0.1   -1.3
   171.1    2565.6   -0.1   -1.2
   171.6    2565.6   -0.1   -1.2
   172.1    2565.6   -0.1   -1.2
   172.6    2565.6   -0.1   -1.1
   173.1    2565.6    0.0   -1.1
   173.6    2565.6    0.0   -1.1
   174.1    2565.6    0.0   -1.1
   174.6    2565.6    0.0   -1.0
   175.1    2565.6    0.0   -1.0
   175.6    2565.6    0.0   -1.0
   176.1    2565.6    0.0   -1.0
   176.6    2565.6    0.0   -1.0
   177.1    2565.6    0.0   -1.0
   177.6    2565.6   -0.1   -1.0
   178.1    2565.6   -0.1   -1.0
   178.6    2565.6   -0.1   -1.0
   179.1    2565.6   -0.1   -1.0
   179.6    2565.6   -0.1   -1.0
   180.1    2565.6   -0.1   -0.9
   180.6    2565.6   -0.1   -0.9
   181.1    2565.6   -0.1   -0.9
   181.6    2565.6   -0.1   -0.9
   182.1    2565.6   -0.1   -0.9
   182.6    2565.6   -0.1   -0.9
   183.1    2565.6   -0.1   -0.9
   183.6    2565.6   -0.1   -0.9
   184.1    2565.6   -0.1   -0.9
   184.6    2565.6   -0.1   -0.9
   185.1    2565.6   -0.1   -0.9
