 wrfout_d04_2019-11-11_00:00:00 999.00  21.57  14.78  19.89  16.58  20.83  19.64  20.05  19.94  20.35  20.73  20.58 999.00  20.85  19.70  21.69  17.88  22.39  14.09  18.20   8.11  22.55  20.70  21.13  19.20  20.06  22.59  22.44  21.30  22.48  22.54
 wrfout_d04_2019-11-11_01:00:00 999.00  21.68  15.77  22.07  17.71  21.83  22.21  21.73  22.22  21.91  21.89  21.47 999.00  22.55  21.89  22.63  19.56  23.12  14.17  20.14   9.15  22.53  21.37  21.95  21.60  22.15  23.66  24.08  22.52  23.09  23.87
 wrfout_d04_2019-11-11_02:00:00 999.00  21.77  16.47  23.40  18.48  22.34  23.25  22.73  23.35  23.43  22.86  22.24 999.00  23.53  23.54  23.49  20.82  23.60  15.22  21.77   9.78  22.61  22.05  22.55  23.56  23.87  24.42  25.32  23.29  23.72  24.86
 wrfout_d04_2019-11-11_03:00:00 999.00  21.82  16.93  24.00  18.98  22.68  23.86  23.44  24.06  24.54  23.38  22.97 999.00  24.41  25.45  24.00  21.58  23.92  15.97  23.35  10.07  22.73  22.68  22.79  25.11  25.29  24.75  25.78  23.73  24.19  25.28
 wrfout_d04_2019-11-11_04:00:00 999.00  21.87  17.06  24.29  19.11  22.85  24.08  23.52  24.40  25.21  23.61  23.18 999.00  24.89  26.87  24.24  21.75  24.10  16.24  24.37  10.03  22.80  23.24  22.92  26.04  26.19  24.85  25.96  23.97  24.25  25.75
 wrfout_d04_2019-11-11_05:00:00 999.00  21.95  16.89  24.20  18.89  22.85  24.02  23.51  24.44  25.46  23.64  23.11 999.00  24.97  27.50  24.30  21.66  24.14  16.08  25.15   9.86  22.79  23.02  22.77  26.64  26.78  25.03  26.19  23.80  23.97  25.79
 wrfout_d04_2019-11-11_06:00:00 999.00  22.02  16.48  23.81  18.40  22.66  23.74  23.34  24.22  25.12  23.38  23.01 999.00  24.70  27.46  24.24  21.40  24.04  15.41  25.51   9.41  22.90  23.09  22.59  26.82  26.78  24.88  26.38  23.53  23.54  25.39
 wrfout_d04_2019-11-11_07:00:00 999.00  22.08  15.78  22.88  17.59  22.28  23.12  23.06  23.54  24.38  22.90  22.68 999.00  24.25  26.98  23.91  20.74  23.77  14.20  25.60   8.49  23.02  23.20  22.13  26.21  26.30  24.52  26.31  22.18  22.90  24.97
 wrfout_d04_2019-11-11_08:00:00 999.00  22.14  14.80  21.52  16.46  21.73  22.16  22.36  22.55  23.21  22.29  22.15 999.00  23.71  25.99  23.31  19.62  23.29  12.73  25.06   7.34  22.99  23.35  21.35  25.38  25.44  23.95  26.00  21.42  22.24  24.20
 wrfout_d04_2019-11-11_09:00:00 999.00  22.18  13.62  17.30  15.09  20.72  20.98  20.60  21.10  21.39  20.90  21.36 999.00  22.92  24.38  22.44  15.36  22.46   7.95  23.57   2.46  22.82  23.55  20.19  24.19  24.31  23.10  25.49  20.95  20.94  23.40
 wrfout_d04_2019-11-11_10:00:00 999.00  22.21  13.56  16.68  15.01  19.98  20.18  19.93  20.10  20.47  20.14  20.73 999.00  22.75  23.36  21.82  14.36  22.11   6.84  22.21   1.70  22.63  23.72  19.89  23.64  23.71  22.55  25.22  20.14  20.57  23.02
 wrfout_d04_2019-11-11_11:00:00 999.00  22.21  13.55  16.32  15.01  19.22  19.57  19.58  19.70  19.86  19.75  20.24 999.00  22.19  22.67  21.43  13.83  21.92   6.42  21.62   1.41  22.68  23.77  19.63  23.22  23.53  21.91  25.05  19.19  20.47  22.69
 wrfout_d04_2019-11-11_12:00:00 999.00  22.22  13.58  15.99  15.03  18.60  19.29  19.41  19.49  19.39  18.86  19.79 999.00  21.50  22.39  21.23  13.35  21.93   6.11  21.50   1.14  22.82  23.34  19.24  22.71  23.18  21.35  24.98  18.86  20.33  22.39
 wrfout_d04_2019-11-11_13:00:00 999.00  22.24  13.59  15.73  15.03  18.08  18.91  19.32  19.14  19.08  18.38  19.26 999.00  20.88  22.30  21.03  13.04  21.94   5.75  21.50   1.16  23.00  23.04  18.84  22.30  22.88  20.96  24.85  18.48  20.18  22.04
 wrfout_d04_2019-11-11_14:00:00 999.00  22.25  13.58  15.57  15.04  17.65  18.53  19.22  18.75  18.54  17.72  18.57 999.00  20.69  21.94  20.78  12.76  21.86   5.49  21.23   1.18  23.20  22.58  18.45  22.07  22.64  20.75  24.70  17.94  20.22  21.50
 wrfout_d04_2019-11-11_15:00:00 999.00  22.21  13.57  15.40  15.02  17.02  17.88  19.04  18.41  17.25  17.19  17.99 999.00  20.64  20.99  20.47  12.53  21.65   5.28  20.33   1.18  23.23  21.95  18.47  21.88  22.50  20.55  24.49  17.71  20.15  20.97
 wrfout_d04_2019-11-11_16:00:00 999.00  22.15  13.53  15.25  14.96  16.50  16.86  18.89  18.28  16.59  16.77  17.54 999.00  20.57  20.47  19.97  12.31  21.22   5.11  19.69   1.18  23.18  21.67  18.30  21.15  22.14  20.39  24.32  17.53  20.12  20.61
 wrfout_d04_2019-11-11_17:00:00 999.00  22.12  13.48  15.09  14.90  16.33  16.62  18.63  18.04  16.17  16.61  17.26 999.00  20.51  20.26  19.56  12.09  20.79   5.00  19.47   1.20  23.07  21.57  17.64  20.03  20.96  20.25  24.18  17.33  20.16  20.45
 wrfout_d04_2019-11-11_18:00:00 999.00  22.10  13.44  14.99  14.86  15.81  16.28  18.32  16.48  15.80  16.34  16.74 999.00  18.74  19.74  18.86  11.90  19.52   4.95  19.12   1.22  22.89  21.16  17.76  19.64  20.06  19.91  23.41  17.16  20.18  20.20
 wrfout_d04_2019-11-11_19:00:00 999.00  22.06  13.41  14.94  14.81  15.65  16.06  18.07  16.24  15.59  16.22  16.43 999.00  18.61  19.47  18.69  11.74  19.26   4.98  18.69   1.24  22.69  20.77  17.37  19.15  19.52  19.47  22.99  17.04  20.15  20.03
 wrfout_d04_2019-11-11_20:00:00 999.00  22.03  13.40  14.89  14.79  15.18  15.80  17.90  15.98  15.32  15.93  16.13 999.00  18.27  18.59  18.59  11.60  18.83   5.04  18.31   1.24  22.41  20.06  16.95  18.30  18.70  18.75  22.67  16.92  20.21  19.81
 wrfout_d04_2019-11-11_21:00:00 999.00  22.05  13.40  14.84  14.79  15.11  15.64  17.77  15.78  14.89  15.79  16.03 999.00  17.94  18.21  18.33  11.51  18.66   5.09  18.05   1.26  22.25  20.21  16.86  17.89  18.37  18.51  22.35  16.85  20.25  19.78
 wrfout_d04_2019-11-11_22:00:00 999.00  22.09  13.43  14.83  14.84  15.03  15.61  17.70  15.71  14.69  15.83  15.97 999.00  18.24  18.45  18.47  11.44  18.84   5.11  18.37   1.23  22.15  20.04  16.77  18.16  18.76  18.56  22.42  16.77  20.25  19.93
 wrfout_d04_2019-11-11_23:00:00 999.00  22.14  14.32  19.04  15.86  19.19  19.03  19.29  19.09  17.69  19.11  19.57 999.00  19.78  19.75  20.44  16.03  21.55  10.51  19.34   6.74  22.12  20.35  19.75  18.77  19.61  20.89  23.03  19.34  21.40  20.93
 wrfout_d04_2019-11-12_00:00:00 999.00  22.21  15.58  21.47  17.28  21.50  21.46  21.23  21.34  20.44  21.01  21.07 999.00  21.65  21.49  21.77  18.76  22.35  13.75  21.03  11.36  22.23  20.69  21.04  21.12  22.03  22.58  24.20  21.33  22.62  22.66
 wrfout_d04_2019-11-12_01:00:00 999.00  22.34  16.77  23.32  18.60  22.64  23.07  22.85  23.07  22.82  22.24  22.21 999.00  23.27  23.05  22.84  21.10  23.14  16.96  22.30  11.25  22.34  22.17  21.85  23.82  24.02  23.73  25.32  22.55  23.33  23.94
 wrfout_d04_2019-11-12_02:00:00 999.00  22.48  17.59  24.35  19.55  23.39  24.35  24.30  24.46  24.15  23.15  23.02 999.00  24.46  24.68  23.65  21.22  23.67  16.62  23.64  11.91  22.35  22.80  22.42  25.25  25.26  24.30  25.98  23.34  24.08  24.78
 wrfout_d04_2019-11-12_03:00:00 999.00  22.58  18.14  25.11  20.29  23.96  25.24  25.38  25.53  25.26  23.69  23.51 999.00  25.03  25.87  24.21  22.37  24.03  16.99  24.63  12.09  22.40  23.07  22.83  26.36  26.06  24.71  26.23  23.82  24.32  25.30
 wrfout_d04_2019-11-12_04:00:00 999.00  22.64  18.35  25.59  20.58  24.24  25.71  26.07  26.07  26.33  24.02  23.69 999.00  25.33  27.18  24.53  22.80  24.31  17.28  25.49  12.09  22.49  22.96  23.09  27.15  26.48  25.05  26.39  24.10  24.51  25.69
 wrfout_d04_2019-11-12_05:00:00 999.00  22.65  18.24  25.55  20.45  24.17  25.79  26.05  26.17  27.15  24.21  23.76 999.00  25.31  28.06  24.62  22.93  24.25  17.10  26.06  11.84  22.60  23.09  23.15  27.38  26.53  25.20  26.50  24.17  24.54  25.85
 wrfout_d04_2019-11-12_06:00:00 999.00  22.66  17.86  25.10  19.94  23.92  25.47  25.83  25.91  27.56  24.07  23.68 999.00  25.17  28.19  24.57  22.77  24.24  16.49  26.21  11.39  22.74  23.18  22.96  27.21  26.31  25.09  26.46  23.92  24.16  25.68
 wrfout_d04_2019-11-12_07:00:00 999.00  22.65  17.14  24.14  19.05  23.47  24.74  25.34  24.95  27.51  23.85  23.36 999.00  25.01  27.69  24.33  22.03  23.93  15.67  25.96  10.72  22.73  23.20  22.53  26.74  25.92  24.76  26.28  23.30  23.71  25.23
 wrfout_d04_2019-11-12_08:00:00 999.00  22.58  16.13  22.68  17.83  22.72  23.52  24.40  23.63  26.21  23.28  22.75 999.00  24.63  26.93  23.82  20.85  23.42  14.22  25.41   9.68  22.56  23.21  21.88  25.99  25.30  24.22  25.98  22.39  22.95  24.51
 wrfout_d04_2019-11-12_09:00:00 999.00  22.56  14.87  20.49  16.36  21.69  22.08  22.19  22.13  24.00  22.86  21.94 999.00  23.96  25.55  23.03  17.16  22.93  10.25  23.64   6.74  22.80  23.20  20.67  24.78  24.28  23.48  25.40  20.99  21.60  23.65
 wrfout_d04_2019-11-12_10:00:00 999.00  22.57  14.72  20.40  16.17  21.06  21.40  21.11  21.28  22.32  22.41  21.53 999.00  23.39  24.73  22.53  16.06  22.82   9.55  22.75   4.67  23.04  23.21  20.28  24.09  23.88  23.13  25.17  20.55  21.40  23.21
 wrfout_d04_2019-11-12_11:00:00 999.00  22.67  14.73  20.40  16.13  20.64  21.07  20.62  20.88  21.48  21.88  21.86 999.00  23.12  24.28  22.55  15.45  22.85   9.41  21.95   4.35  23.21  23.40  20.05  23.68  23.62  22.80  25.03  20.80  21.25  22.99
 wrfout_d04_2019-11-12_12:00:00 999.00  22.81  14.73  20.45  16.12  20.21  20.87  20.05  20.68  20.75  21.84  20.92 999.00  23.14  24.11  22.63  14.96  22.72   9.07  22.02   3.86  23.43  23.46  19.93  23.43  23.53  22.71  24.94  19.91  21.06  22.79
 wrfout_d04_2019-11-12_13:00:00 999.00  22.93  14.70  20.48  16.06  19.56  20.62  18.56  20.55  20.20  21.23  20.61 999.00  23.25  23.96  22.48  14.58  22.58   8.72  21.79   3.37  23.63  23.43  19.58  23.26  23.48  22.54  24.81  19.59  20.98  22.50
 wrfout_d04_2019-11-12_14:00:00 999.00  22.93  14.62  20.48  15.96  19.04  20.37  18.09  20.38  19.72  20.41  20.26 999.00  22.89  22.56  22.23  14.27  22.46   8.34  21.57   3.02  23.71  22.60  19.30  23.09  23.47  22.37  24.72  19.12  20.91  22.02
 wrfout_d04_2019-11-12_15:00:00 999.00  22.88  14.57  20.49  15.90  18.56  20.13  17.65  20.14  18.72  19.99  20.03 999.00  22.60  22.18  22.10  14.00  22.14   7.97  21.29   2.75  23.68  22.50  18.76  22.64  23.18  22.11  24.75  18.52  20.77  21.80
 wrfout_d04_2019-11-12_16:00:00 999.00  22.86  14.55  20.51  15.85  18.20  19.89  17.21  19.63  17.98  19.30  19.75 999.00  22.15  21.56  22.01  13.74  21.20   7.60  20.75   2.46  23.67  22.37  18.17  21.81  22.53  21.84  24.53  18.29  20.70  21.52
 wrfout_d04_2019-11-12_17:00:00 999.00  22.82  14.60  20.55  15.85  18.15  19.69  16.85  18.37  17.67  19.01  18.77 999.00  21.66  21.24  22.09  13.52  20.90   7.30  20.34   2.23  23.60  22.00  18.00  21.19  22.02  21.22  24.38  18.04  20.63  21.34
 wrfout_d04_2019-11-12_18:00:00 999.00  22.80  14.65  20.59  15.86  17.66  19.38  16.59  18.09  17.06  18.60  18.40 999.00  21.17  21.01  21.92  13.33  20.29   7.04  20.06   2.10  23.40  21.56  17.88  20.57  21.51  20.81  24.38  17.75  20.56  21.02
 wrfout_d04_2019-11-12_19:00:00 999.00  22.71  14.55  20.30  15.75  17.51  18.07  16.39  17.82  16.73  18.40  18.20 999.00  20.85  20.80  21.83  13.16  20.07   6.85  19.98   1.96  23.11  21.29  17.79  20.13  21.05  20.57  24.21  17.53  20.53  20.77
 wrfout_d04_2019-11-12_20:00:00 999.00  22.67  14.23  19.37  15.43  17.31  17.66  16.30  17.32  16.31  18.15  17.89 999.00  20.04  20.26  21.59  12.98  19.73   6.64  19.42   1.80  22.92  21.17  17.66  19.72  20.53  19.80  23.62  17.42  20.52  20.27
 wrfout_d04_2019-11-12_21:00:00 999.00  22.70  12.98  17.46  14.65  16.97  17.47  16.24  16.91  15.93  17.97  17.72 999.00  19.84  19.86  21.22  12.84  19.63   6.54  19.03   1.73  22.83  21.05  17.53  19.36  20.11  19.70  23.30  17.41  20.55  20.16
 wrfout_d04_2019-11-12_22:00:00 999.00  22.55  12.77  17.09  13.79  17.00  17.22  15.94  16.70  15.76  17.87  17.88 999.00  20.17  20.12  21.01  12.75  19.79   6.50  19.18   1.70  22.74  20.99  17.47  19.12  20.02  20.03  23.08  17.36  20.55  20.39
 wrfout_d04_2019-11-12_23:00:00 999.00  22.53  15.97  20.58  17.34  20.10  20.09  18.85  19.09  18.95  20.48  20.25 999.00  20.91  20.61  21.47  16.88  21.86  11.54  19.97   6.54  22.56  21.00  19.85  19.61  20.50  21.51  23.56  19.31  21.67  20.99
 wrfout_d04_2019-11-13_00:00:00 999.00  22.56  17.60  22.97  19.25  22.01  22.22  21.69  20.98  21.90  21.83  21.54 999.00  22.39  21.97  22.70  18.23  22.70  14.98  21.28  10.44  22.52  21.44  21.40  21.86  22.58  22.92  24.78  21.81  22.88  22.61
 wrfout_d04_2019-11-13_01:00:00 999.00  22.68  18.88  24.48  20.63  23.61  24.14  23.15  23.14  23.38  22.67  22.56 999.00  23.68  23.55  23.67  20.83  23.32  16.20  22.44  11.32  22.57  22.25  22.27  23.73  24.09  24.01  25.84  23.06  23.78  24.05
 wrfout_d04_2019-11-13_02:00:00 999.00  22.74  19.61  25.23  21.51  24.59  25.52  24.02  25.25  24.90  23.40  22.95 999.00  24.74  25.24  24.27  22.04  23.81  17.17  23.48  12.13  22.68  22.92  22.97  25.25  25.45  24.65  26.66  23.83  24.67  25.45
 wrfout_d04_2019-11-13_03:00:00 999.00  22.71  19.91  26.04  21.97  24.78  26.53  24.12  26.53  25.96  23.95  23.60 999.00  25.08  26.44  24.69  23.13  24.12  17.54  24.41  12.47  22.71  23.32  23.32  26.06  26.17  25.08  27.29  24.26  25.19  26.16
 wrfout_d04_2019-11-13_04:00:00 999.00  22.77  19.84  26.70  21.91  24.47  26.92  24.39  27.25  26.13  24.24  23.85 999.00  25.24  27.85  24.98  23.29  24.30  17.61  25.41  12.57  22.70  23.11  23.35  26.51  26.58  25.37  27.54  24.41  25.38  26.80
 wrfout_d04_2019-11-13_05:00:00 999.00  22.85  19.49  26.83  21.53  24.02  26.30  24.49  27.10  26.22  24.36  23.76 999.00  25.16  28.17  24.97  23.40  24.28  17.30  26.42  12.24  22.71  23.06  23.34  26.92  26.89  25.30  27.59  24.75  25.27  27.13
 wrfout_d04_2019-11-13_06:00:00 999.00  22.70  18.64  26.21  20.64  23.68  25.44  24.09  25.83  26.42  24.19  23.59 999.00  24.74  27.65  24.74  23.14  24.14  16.73  26.92  11.60  22.70  23.18  23.10  26.93  26.94  25.10  27.56  24.58  24.95  27.12
 wrfout_d04_2019-11-13_07:00:00 999.00  22.59  17.55  24.80  19.33  23.32  24.28  23.45  24.57  25.61  23.74  23.19 999.00  24.34  26.50  24.34  22.44  23.79  15.41  26.69  10.82  22.55  23.48  22.60  26.59  26.65  24.97  27.37  23.96  24.26  26.62
 wrfout_d04_2019-11-13_08:00:00 999.00  22.58  16.44  23.04  17.98  22.66  23.38  22.71  23.35  24.14  23.18  22.35 999.00  23.90  25.34  23.76  21.13  23.20  13.86  24.87   9.91  22.49  23.66  22.22  25.65  25.88  24.42  27.16  22.95  23.26  25.25
 wrfout_d04_2019-11-13_09:00:00 999.00  22.53  15.23  20.21  16.63  22.30  22.33  21.78  22.15  22.79  22.33  22.25 999.00  23.03  24.20  23.32  17.98  22.73  10.05  23.34   5.89  22.69  23.75  21.24  24.54  24.75  23.64  26.91  22.23  22.10  24.44
 wrfout_d04_2019-11-13_10:00:00 999.00  22.68  15.16  19.17  16.42  22.01  21.88  21.44  21.81  21.83  21.77  22.05 999.00  22.81  23.18  23.22  16.81  22.47   9.34  22.36   4.94  22.87  23.78  20.99  24.16  24.18  23.31  26.96  21.78  21.91  24.19
 wrfout_d04_2019-11-13_11:00:00 999.00  22.64  15.05  18.74  16.32  21.37  21.35  21.18  21.30  21.37  21.25  21.36 999.00  22.57  22.57  23.14  16.27  22.40   9.32  21.62   4.37  22.86  23.51  20.91  23.08  23.26  22.96  27.31  21.76  21.92  23.84
 wrfout_d04_2019-11-13_12:00:00 999.00  22.39  15.13  18.52  16.42  21.90  20.97  21.04  20.80  20.98  20.71  20.86 999.00  22.22  21.91  23.13  16.00  22.36   9.02  21.34   3.93  23.01  23.30  20.83  22.70  22.80  22.71  26.62  21.47  21.96  23.43
 wrfout_d04_2019-11-13_13:00:00 999.00  22.10  15.13  18.29  16.38  21.51  20.87  20.96  20.54  20.76  20.21  20.41 999.00  21.94  21.71  22.99  15.90  22.29   8.92  20.85   3.90  23.00  23.38  20.92  22.26  22.42  22.49  25.96  21.17  21.97  23.08
 wrfout_d04_2019-11-13_14:00:00 999.00  21.81  14.70  17.97  16.05  21.19  20.44  20.86  20.35  20.73  19.99  20.97 999.00  21.86  21.51  22.64  15.80  22.32   9.09  20.23   3.84  23.17  23.09  21.01  21.98  22.11  22.43  25.11  20.74  21.99  22.93
 wrfout_d04_2019-11-13_15:00:00 999.00  21.75  14.49  17.66  15.78  20.73  19.59  20.77  20.13  20.60  19.95  20.97 999.00  21.75  21.55  22.62  15.63  22.26   9.05  19.88   3.71  23.22  22.77  20.90  21.49  21.61  22.74  24.64  20.50  22.06  22.37
 wrfout_d04_2019-11-13_16:00:00 999.00  21.41  14.59  17.37  15.61  20.90  19.00  20.53  19.77  20.36  19.18  20.74 999.00  21.51  21.31  22.50  15.37  22.07   8.83  19.65   3.67  23.13  22.58  20.73  21.05  21.12  22.65  23.99  20.91  22.19  22.03
 wrfout_d04_2019-11-13_17:00:00 999.00  21.21  14.32  17.06  15.32  20.62  18.80  20.30  19.33  20.11  20.16  20.52 999.00  21.32  21.10  22.18  15.10  21.93   8.53  19.77   3.57  23.02  22.46  20.54  20.92  20.97  22.23  23.74  20.65  22.37  22.22
 wrfout_d04_2019-11-13_18:00:00 999.00  21.01  14.10  16.73  15.10  20.32  18.38  20.10  20.44  19.96  20.15  20.26 999.00  21.02  20.77  21.84  14.85  21.75   8.22  19.58   3.46  22.88  22.24  20.81  20.69  20.80  21.68  23.49  20.12  22.11  21.76
 wrfout_d04_2019-11-13_19:00:00 999.00  20.99  13.85  18.84  14.85  20.11  20.04  19.86  20.31  19.64  20.00  20.13 999.00  20.71  20.49  21.65  14.64  21.56   8.20  19.34   3.37  22.76  22.14  20.40  20.35  20.62  21.85  23.59  20.45  22.01  21.65
 wrfout_d04_2019-11-13_20:00:00 999.00  21.02  13.68  19.01  14.65  19.95  19.85  19.78  20.11  19.45  19.79  19.93 999.00  20.44  20.12  21.53  14.46  21.40   8.11  18.84   3.27  22.61  22.03  20.24  19.98  20.18  21.82  23.59  20.43  22.14  21.54
 wrfout_d04_2019-11-13_21:00:00 999.00  20.92  13.60  18.99  14.60  20.04  19.68  20.06  19.92  19.27  19.62  19.01 999.00  20.13  19.83  21.56  14.24  21.22   7.93  18.55   3.16  22.61  21.87  20.02  19.90  20.04  21.28  23.68  19.84  21.70  21.34
 wrfout_d04_2019-11-13_22:00:00 999.00  20.90  13.34  17.79  14.36  19.97  19.66  19.95  19.85  19.20  19.48  18.68 999.00  19.93  19.65  21.37  14.03  21.05   7.65  18.36   3.09  22.41  21.75  20.08  19.92  20.06  21.03  23.64  19.63  21.74  21.39
 wrfout_d04_2019-11-13_23:00:00 999.00  20.78  13.12  18.96  14.57  19.43  19.66  19.68  19.73  19.56  19.54  18.83 999.00  20.23  19.92  21.57  16.16  21.09  10.41  18.59   5.73  22.13  21.49  20.10  20.12  20.37  21.55  23.18  20.35  22.02  21.69
 wrfout_d04_2019-11-14_00:00:00 999.00  20.66  13.16  20.04  15.25  19.47  20.25  19.71  19.83  20.22  19.86  18.83 999.00  20.98  20.89  22.14  18.02  21.42  13.74  19.50   9.12  21.96  21.62  20.88  20.88  21.10  22.83  24.30  21.62  23.00  22.44
 wrfout_d04_2019-11-14_01:00:00 999.00  20.81  13.51  20.60  16.05  19.68  21.08  19.90  20.41  20.99  20.38  18.89 999.00  21.91  23.19  22.65  20.25  21.87  15.12  20.93   9.99  22.17  22.40  21.64  21.33  21.54  23.98  25.11  22.46  23.43  23.46
 wrfout_d04_2019-11-14_02:00:00 999.00  20.80  14.69  21.08  16.79  19.66  22.01  19.92  20.79  21.41  20.60  19.12 999.00  22.61  24.59  22.92  21.60  22.05  16.06  22.89  11.13  22.08  23.29  22.24  23.46  23.57  24.65  26.07  23.19  23.84  24.16
 wrfout_d04_2019-11-14_03:00:00 999.00  20.78  15.33  21.51  17.14  19.71  22.54  19.93  21.21  21.61  20.72  19.35 999.00  23.09  25.20  23.12  22.25  22.14  16.96  24.21  11.63  21.92  24.17  22.49  25.08  25.27  25.11  26.27  23.57  24.12  24.72
 wrfout_d04_2019-11-14_04:00:00 999.00  20.69  15.46  21.67  17.21  19.93  22.68  20.07  21.34  21.77  20.81  19.56 999.00  23.30  25.51  23.37  22.63  22.14  17.37  25.29  11.71  21.81  24.47  22.48  26.29  26.55  25.05  26.52  23.73  24.24  25.12
 wrfout_d04_2019-11-14_05:00:00 999.00  20.59  15.44  21.64  17.15  21.29  22.61  20.02  21.56  21.95  20.81  19.89 999.00  23.30  25.52  23.09  22.52  22.06  17.03  25.65  11.46  21.75  23.99  22.24  27.08  27.32  24.89  26.74  23.40  24.23  25.05
 wrfout_d04_2019-11-14_06:00:00 999.00  20.59  14.98  21.45  16.70  21.13  22.28  20.36  21.42  21.95  20.88  20.29 999.00  23.09  25.08  22.28  22.16  21.82  16.37  25.79  10.84  21.74  23.79  22.03  27.12  26.87  24.01  26.07  22.95  23.98  24.78
 wrfout_d04_2019-11-14_07:00:00 999.00  20.58  13.61  20.63  15.56  19.95  21.50  20.41  20.70  21.69  20.86  20.19 999.00  22.66  24.43  22.05  21.43  21.52  15.33  25.30   9.97  21.82  23.86  21.48  26.70  26.26  24.01  25.92  22.36  22.61  24.21
 wrfout_d04_2019-11-14_08:00:00 999.00  20.66  13.27  19.79  14.89  19.74  20.53  19.79  20.23  20.83  20.32  19.86 999.00  22.05  23.08  21.85  20.07  21.12  13.77  23.85   8.62  21.88  23.71  20.62  25.67  25.36  23.26  25.80  21.28  21.86  23.40
 wrfout_d04_2019-11-14_09:00:00 999.00  20.44  12.49  16.99  13.97  19.42  19.63  19.03  19.31  19.62  19.71  19.88 999.00  21.15  20.97  21.58  16.64  20.67   9.46  22.17   3.97  21.85  23.58  19.99  24.24  24.28  22.36  25.70  20.58  21.71  22.57
 wrfout_d04_2019-11-14_10:00:00 999.00  20.25  12.69  16.56  13.89  19.56  19.28  18.80  18.75  19.08  19.60  19.79 999.00  20.42  20.46  21.49  15.51  20.56   8.69  20.61   2.87  21.95  22.85  19.88  22.84  23.14  21.96  25.47  20.09  21.72  21.88
 wrfout_d04_2019-11-14_11:00:00 999.00  20.09  12.35  16.21  13.82  19.43  19.05  18.82  19.31  18.88  19.27  18.83 999.00  19.86  20.28  21.54  14.94  20.57   8.31  19.80   2.33  22.05  22.49  19.73  22.03  22.11  21.37  25.52  19.45  21.71  21.78
 wrfout_d04_2019-11-14_12:00:00 999.00  19.78  12.44  15.90  13.90  19.27  19.61  18.82  18.62  18.80  19.38  19.87 999.00  19.79  20.20  21.39  14.56  20.62   7.63  19.20   1.84  22.05  22.32  19.80  21.43  21.49  21.16  25.29  19.20  21.52  21.74
 wrfout_d04_2019-11-14_13:00:00 999.00  19.97  12.21  15.54  13.69  19.28  18.75  18.72  18.40  18.73  19.38  19.56 999.00  19.60  20.14  21.41  14.31  20.69   7.18  18.73   1.49  22.03  22.18  19.73  20.88  21.01  21.01  24.43  19.15  21.29  21.30
 wrfout_d04_2019-11-14_14:00:00 999.00  19.91  12.16  15.21  13.66  19.18  18.71  18.49  18.55  18.61  19.18  19.42 999.00  19.38  20.17  21.58  14.03  20.58   6.92  18.52   1.21  21.97  21.85  19.75  20.36  20.55  20.73  23.81  18.91  21.30  21.08
 wrfout_d04_2019-11-14_15:00:00 999.00  19.75  12.10  14.87  13.63  19.20  18.55  18.25  17.66  18.40  18.84  19.50 999.00  19.06  19.90  20.94  13.73  20.48   6.63  18.49   1.01  21.92  21.99  19.54  19.91  20.15  20.57  23.21  18.72  21.32  20.89
 wrfout_d04_2019-11-14_16:00:00 999.00  19.59  12.03  14.65  13.57  18.97  18.44  18.15  17.10  18.14  18.49  19.51 999.00  18.79  19.37  20.52  13.50  20.46   6.31  18.37   0.85  21.83  21.74  19.36  19.63  19.87  20.38  22.31  18.15  21.28  21.00
 wrfout_d04_2019-11-14_17:00:00 999.00  19.73  12.03  14.43  13.52  18.93  18.31  18.13  17.90  18.08  19.12  19.29 999.00  18.59  19.20  20.22  13.32  20.31   6.08  18.54   0.79  21.84  21.33  19.32  19.66  19.90  20.35  22.04  18.03  21.52  20.89
 wrfout_d04_2019-11-14_18:00:00 999.00  19.83  11.85  14.19  13.32  18.81  18.17  18.03  16.94  18.05  18.78  18.82 999.00  18.40  18.76  19.45  13.16  20.16   5.80  17.99   0.72  21.96  21.27  19.10  19.52  19.75  20.15  21.80  17.91  21.56  20.68
 wrfout_d04_2019-11-14_19:00:00 999.00  19.81  11.82  14.06  13.35  18.80  17.59  18.05  17.13  17.91  18.48  18.94 999.00  18.30  18.43  19.75  12.96  20.19   5.60  17.52   0.67  22.07  20.94  19.08  19.86  19.79  19.94  21.87  17.66  21.42  20.55
 wrfout_d04_2019-11-14_20:00:00 999.00  19.81  11.72  13.83  13.18  18.66  15.83  17.81  15.12  17.60  18.03  18.25 999.00  18.09  18.24  19.50  12.73  20.77   5.34  16.79   0.49  22.27  20.84  18.95  18.88  19.04  19.80  22.03  17.49  21.35  20.34
 wrfout_d04_2019-11-14_21:00:00 999.00  19.91  11.58  13.65  13.06  18.70  15.58  17.70  14.88  17.54  17.94  18.11 999.00  17.72  18.09  19.21  12.55  20.94   5.14  16.42   0.41  22.37  20.11  18.92  18.48  18.53  19.62  22.09  17.47  21.36  20.34
 wrfout_d04_2019-11-14_22:00:00 999.00  19.96  11.77  13.51  13.09  18.66  15.21  17.49  15.99  17.45  17.82  17.96 999.00  17.70  18.15  19.36  12.36  20.97   4.99  16.73   0.32  22.34  19.45  18.94  18.25  18.14  19.59  22.01  17.36  21.36  20.38
 wrfout_d04_2019-11-14_23:00:00 999.00  20.02  12.32  17.53  13.89  18.71  18.38  18.01  18.05  18.15  18.16  18.25 999.00  18.23  18.67  20.29  16.45  20.93   9.97  17.74   5.34  22.51  19.59  19.74  18.53  18.85  20.54  22.39  19.74  22.60  21.21
 wrfout_d04_2019-11-15_00:00:00 999.00  20.08  13.33  19.71  15.15  19.27  19.79  19.31  19.78  19.39  19.28  19.58 999.00  19.91  20.43  20.95  18.33  21.06  14.27  19.42   8.11  22.46  19.90  20.88  20.73  21.04  22.31  23.31  21.66  23.52  22.50
 wrfout_d04_2019-11-15_01:00:00 999.00  20.31  14.48  21.21  16.29  19.53  20.92  20.69  21.02  21.13  21.31  20.90 999.00  21.83  22.37  21.70  20.20  21.44  14.79  21.15   9.33  22.59  20.33  21.75  22.68  22.82  23.84  24.60  22.94  24.23  23.71
 wrfout_d04_2019-11-15_02:00:00 999.00  20.60  15.30  22.19  17.21  19.93  21.76  21.90  21.86  22.77  21.10  21.11 999.00  23.50  24.00  22.52  21.80  21.85  15.70  22.92  10.17  22.71  21.50  22.20  24.38  24.32  24.48  25.50  23.67  24.59  24.85
 wrfout_d04_2019-11-15_03:00:00 999.00  20.92  15.83  22.98  17.87  21.37  22.49  22.74  22.88  23.74  21.67  20.55 999.00  24.60  25.04  23.17  22.37  22.32  16.47  24.02  10.50  22.71  22.29  22.56  25.59  25.02  24.76  26.11  24.36  24.74  25.68
 wrfout_d04_2019-11-15_04:00:00 999.00  21.21  16.05  23.42  18.09  21.78  22.90  23.40  23.45  24.69  22.37  21.90 999.00  25.17  26.27  22.99  22.86  23.39  16.66  25.16  10.57  22.71  22.52  22.36  26.05  25.34  24.96  26.55  24.40  25.00  25.82
 wrfout_d04_2019-11-15_05:00:00 999.00  21.34  16.14  23.47  18.10  22.00  23.16  23.76  23.62  25.14  22.55  22.04 999.00  25.34  26.98  22.97  22.80  23.64  16.50  25.76  10.49  22.61  22.70  22.32  26.34  25.56  24.89  26.68  24.33  24.90  25.88
 wrfout_d04_2019-11-15_06:00:00 999.00  21.49  15.93  23.21  17.81  21.32  23.15  23.74  23.65  25.00  22.17  22.07 999.00  25.33  27.46  23.27  22.43  23.62  15.91  26.07  10.23  22.66  23.10  22.14  26.48  25.64  24.58  26.60  23.87  24.57  25.68
 wrfout_d04_2019-11-15_07:00:00 999.00  21.61  15.38  22.38  17.19  21.71  22.71  23.25  23.18  24.44  21.99  21.78 999.00  25.07  27.55  23.04  21.73  23.46  14.64  25.87   9.46  22.81  23.50  21.76  26.35  25.51  24.29  26.34  23.27  23.92  25.16
 wrfout_d04_2019-11-15_08:00:00 999.00  21.61  14.70  21.16  16.38  21.38  21.95  22.00  22.30  23.15  21.84  21.35 999.00  24.57  27.17  22.57  20.61  23.20  13.23  25.40   8.14  22.95  23.72  21.07  25.80  25.14  23.69  25.94  22.45  23.06  24.33
 wrfout_d04_2019-11-15_09:00:00 999.00  21.67  13.74  18.52  15.20  20.43  20.88  20.48  20.91  21.37  21.54  20.84 999.00  23.82  25.87  22.06  17.11  22.76   8.69  24.78   2.59  23.17  23.74  20.09  25.05  24.59  22.85  25.40  20.98  21.96  23.45
 wrfout_d04_2019-11-15_10:00:00 999.00  21.69  13.80  18.21  15.18  20.39  20.38  19.98  20.20  20.57  20.55  20.31 999.00  23.31  24.28  21.49  16.05  22.49   7.87  23.02   1.98  23.43  23.81  19.85  24.46  24.12  22.37  25.36  20.43  21.71  23.04
 wrfout_d04_2019-11-15_11:00:00 999.00  21.65  13.87  18.72  15.29  19.70  20.10  19.71  19.94  20.07  19.50  20.01 999.00  22.43  23.40  21.63  15.66  22.39   7.46  21.93   1.67  23.51  23.96  19.70  24.03  23.99  21.81  25.50  19.84  22.26  22.79
 wrfout_d04_2019-11-15_12:00:00 999.00  21.96  13.81  18.89  15.15  19.05  19.89  19.61  19.73  19.83  18.79  19.61 999.00  22.14  23.15  21.20  15.19  22.51   7.13  21.84   1.29  23.60  24.16  19.52  23.89  23.82  21.52  25.52  19.27  22.06  22.46
 wrfout_d04_2019-11-15_13:00:00 999.00  22.01  13.69  18.69  15.00  18.11  19.55  19.47  19.43  19.61  19.45  21.00 999.00  21.89  22.98  20.90  14.78  22.52   6.76  21.96   1.05  23.63  23.44  19.44  23.61  23.96  21.24  25.52  19.03  21.98  22.00
 wrfout_d04_2019-11-15_14:00:00 999.00  22.00  13.71  18.76  14.97  18.06  19.29  19.25  19.20  19.25  19.57  20.98 999.00  21.81  23.12  20.72  14.47  22.35   6.40  21.62   0.91  23.65  22.77  19.36  22.98  23.43  21.04  25.43  19.00  22.11  21.60
 wrfout_d04_2019-11-15_15:00:00 999.00  22.02  13.65  18.57  14.95  17.26  19.00  19.02  18.91  17.78  19.41  19.09 999.00  21.72  22.31  20.98  14.14  22.20   5.99  21.07   0.76  23.62  22.75  19.06  22.58  22.83  20.76  25.21  18.58  21.63  21.34
 wrfout_d04_2019-11-15_16:00:00 999.00  21.92  13.58  18.51  14.81  16.58  18.74  18.85  18.61  17.10  19.25  18.05 999.00  21.49  21.54  20.92  13.87  21.91   5.69  20.61   0.67  23.60  22.68  18.75  22.20  22.55  20.44  24.72  18.47  21.73  20.97
 wrfout_d04_2019-11-15_17:00:00 999.00  21.73  13.56  18.40  14.77  16.36  18.68  18.63  18.35  16.60  19.18  17.77 999.00  21.38  21.17  20.46  13.60  20.91   5.44  20.60   0.65  23.56  22.42  18.39  21.83  22.28  20.20  23.89  17.83  21.65  20.78
 wrfout_d04_2019-11-15_18:00:00 999.00  21.76  13.51  18.44  14.69  15.92  18.52  18.17  17.99  15.98  16.78  17.22 999.00  21.10  20.84  19.41  13.38  20.52   5.22  20.28   0.68  23.51  22.20  17.93  21.29  21.79  19.68  23.29  17.64  21.56  20.58
 wrfout_d04_2019-11-15_19:00:00 999.00  21.49  13.53  18.28  14.70  15.66  18.40  17.53  17.48  15.62  16.45  16.85 999.00  20.88  20.57  18.96  13.20  20.35   5.07  20.08   0.79  23.46  21.95  17.34  20.90  21.47  19.28  23.15  17.51  21.51  20.48
 wrfout_d04_2019-11-15_20:00:00 999.00  21.49  13.58  18.05  14.74  15.30  18.24  16.39  16.02  15.07  16.18  16.37 999.00  19.94  20.23  18.48  13.04  20.52   4.91  19.69   0.77  23.37  21.81  17.12  20.49  21.18  18.84  22.95  17.47  21.98  20.31
 wrfout_d04_2019-11-15_21:00:00 999.00  21.68  13.64  18.03  14.82  15.12  18.18  15.57  15.83  14.65  15.96  16.11 999.00  19.54  19.83  18.19  12.92  21.94   4.80  19.46   0.77  23.27  21.72  17.40  20.21  20.83  18.64  22.89  17.39  21.92  20.29
 wrfout_d04_2019-11-15_22:00:00 999.00  21.58  13.69  17.67  14.87  15.31  18.16  15.17  15.73  14.51  16.04  16.01 999.00  19.90  20.08  18.29  12.79  22.04   4.72  19.38   0.76  23.13  21.61  17.04  20.04  20.80  18.80  23.00  17.29  21.38  20.39
 wrfout_d04_2019-11-15_23:00:00 999.00  21.83  14.27  19.68  15.77  19.29  19.45  18.11  18.88  17.04  19.18  19.56 999.00  20.68  20.41  20.57  16.89  22.14   9.87  19.99   5.85  23.04  21.43  20.06  20.30  21.11  21.14  23.49  19.89  22.31  21.33
