 wrfout_d04_2016-06-20_00:00:00 999.0 224.8 273.5 287.9 220.9   1.2  52.5 253.7 128.7 231.6  60.2 179.6 999.0 339.1 334.0 187.2 268.2 170.1 247.3 359.1 163.5 102.8 358.7 198.7  11.5   4.0 193.6 245.1  59.3 105.1  93.1
 wrfout_d04_2016-06-20_01:00:00 999.0 186.2 251.2 306.0 226.8  24.4 299.9 272.0 111.7 275.3  77.4 176.9 999.0 299.2 304.3 171.9 310.7 178.9 325.8 349.0 343.5 159.6 350.1 182.8 357.8 359.1 167.7 175.6  76.2 113.6  99.8
 wrfout_d04_2016-06-20_02:00:00 999.0 186.6 246.7 305.1 225.5  38.7 285.8 271.6 162.4 282.5  82.9 173.1 999.0 307.2 311.5 167.4 299.1 183.4 269.5 336.0 305.2 162.8 320.8 178.8 344.6 317.8 159.0 185.4  84.0 114.7  99.2
 wrfout_d04_2016-06-20_03:00:00 999.0 190.1 340.6 308.7 244.6  41.0  25.1 273.9 134.1 284.4  91.6 171.7 999.0 305.7 304.2 164.5 275.2 186.3 274.9 314.3 301.8 166.8 298.2 178.1 231.2 246.1 160.3 175.4  97.0 108.3 101.5
 wrfout_d04_2016-06-20_04:00:00 999.0 191.5 352.6 316.0 319.2  23.8 331.1 281.8 346.9 287.5  93.1 167.9 999.0 305.6 308.5 163.1 264.2 187.7 283.8 272.9 296.7 173.4 248.7 179.0 239.0 237.6 163.6 173.6 105.6 112.8 104.4
 wrfout_d04_2016-06-20_05:00:00 999.0 188.7 351.4 318.9 336.9  14.4 315.8 268.9 344.7 286.8  99.5 173.4 999.0 304.8 311.6 162.4 272.7 190.7 264.5 253.4 291.5 181.4 221.0 181.1 227.4 211.2 167.5 174.1 111.0 114.4 105.3
 wrfout_d04_2016-06-20_06:00:00 999.0 188.8 349.4 321.5 347.8 358.5 315.6 272.7 342.8 282.3 104.2 170.5 999.0 306.1 312.8 164.7 286.9 197.5 267.0 258.4 260.4 189.5 218.3 182.0 221.6 209.3 170.2 173.3 113.1 115.5 103.9
 wrfout_d04_2016-06-20_07:00:00 999.0 183.8 326.9 307.5 310.0 352.0 314.1 262.7 336.7 270.4  88.9 169.1 999.0 309.0 320.8 163.3 209.3 204.7 296.3 269.0   0.1 198.6 208.4 185.7 218.7 198.6 173.7 174.3 119.4 115.9 104.3
 wrfout_d04_2016-06-20_08:00:00 999.0 173.1 309.1 316.0 297.0 352.9 324.5 239.1 335.1 253.7  83.1 174.6 999.0 311.8 320.6 166.1 194.4 208.4  70.4 271.4  59.9 201.4 205.5 185.1 209.9 193.4 172.7 174.8 124.8 125.3 105.0
 wrfout_d04_2016-06-20_09:00:00 999.0 166.5 325.3 313.4 322.0   0.9 321.7 265.1 341.6 268.4  59.3 171.8 999.0 314.8 321.7 168.9 255.7 203.6 232.4 278.5 335.9 192.5 201.4 194.7 211.5 197.1 167.7 173.1 103.6 118.8 105.8
 wrfout_d04_2016-06-20_10:00:00 999.0 172.9 332.2 317.7 331.4  18.5 325.1 203.8 331.7 245.3  93.3 171.1 999.0 260.9 281.3 183.8 180.9 189.5  78.7 282.5 246.6 186.8 207.2 211.5 215.6 202.3 184.0 173.2  69.7 114.1 100.6
 wrfout_d04_2016-06-20_11:00:00 999.0 164.3 286.2 353.5 334.1  36.3 339.5 224.1 328.9 245.2 108.7 172.1 999.0 254.0 274.2 182.7 278.0 192.1 233.4 274.8 233.5 189.0 199.0 242.9 199.0 192.8 202.2 172.5 351.7 114.5  92.2
 wrfout_d04_2016-06-20_12:00:00 999.0 175.2 231.1  46.5 257.9  45.5   8.8 204.4 319.1 229.6 350.3 179.7 999.0 249.0 276.8 193.1 214.2 191.6 190.4 261.0 159.5 189.9 194.7 251.8 192.7 191.7 239.9 177.7 319.0 109.1  86.1
 wrfout_d04_2016-06-20_13:00:00 999.0 177.4 180.5  90.8  54.8  59.1  84.3 209.0  88.8 242.2  84.7 173.5 999.0 236.0 271.9 208.4 204.2 199.5 212.3 244.1 158.0 191.6 189.8 248.8 197.2 188.5 260.8 177.3 327.2 115.1  92.8
 wrfout_d04_2016-06-20_14:00:00 999.0 180.8 172.4 288.9 349.6  48.9  88.1 197.3  95.3 207.8 326.4 172.5 999.0 194.4 233.4 202.8 179.7 198.8 186.4 250.4 145.4 187.6 184.9 255.7 204.9 190.8 243.5 167.0 332.1 114.2  93.4
 wrfout_d04_2016-06-20_15:00:00 999.0 181.4 152.6 319.4 345.4 323.9 102.8 165.9 104.3 152.1  27.7 170.7 999.0 197.7 217.1 206.2 127.0 191.1 203.9 310.4 159.4 185.5 193.8 258.6 212.5 194.8 278.1 163.0 332.9 115.1  93.6
 wrfout_d04_2016-06-20_16:00:00 999.0 180.4 189.3  55.9 355.0 272.3 100.0 144.0 137.6 128.3   8.4 169.3 999.0 178.2 198.6 210.7 196.7 189.0 203.7 326.2 163.7 180.1 194.2 259.0  46.6 190.0 295.4 161.8 337.7 117.6  92.3
 wrfout_d04_2016-06-20_17:00:00 999.0 178.1 244.6 102.9 350.5 274.4  73.7 153.9 194.4 125.8   7.6 171.7 999.0 189.8 185.2 214.8  27.0 185.8 196.6 327.4 164.0 181.5 189.8 258.4  41.6  49.8 302.5 160.2 347.5 122.7  93.0
 wrfout_d04_2016-06-20_18:00:00 999.0 178.4 241.6 130.9 357.8 172.4 165.4 161.0 196.4 113.9   9.4 171.8 999.0 183.9 181.8 214.5  85.7 190.2 201.5 339.2 169.4 183.8 181.7 258.3  53.2  43.9 303.5 154.6 332.6 123.9  97.1
 wrfout_d04_2016-06-20_19:00:00 999.0 180.8 245.4  97.9 320.8 308.0 209.1 160.8 188.8 117.7  18.4 176.1 999.0 178.4 180.0 216.3 183.1 187.0 200.5 337.0 170.3 184.4 165.5 260.2  33.5  33.6 322.9 152.2 325.9 131.1  96.0
 wrfout_d04_2016-06-20_20:00:00 999.0 181.6 242.7 106.8 319.9 194.4 148.7 157.5 159.9 114.1  26.2 178.6 999.0 172.7 181.7 220.7 103.8 186.9 202.2 357.5 177.1 181.1 150.3 263.8  49.9  60.2 304.7 147.7 331.6 134.8  94.2
 wrfout_d04_2016-06-20_21:00:00 999.0 183.7 245.0 122.3 299.2 212.7 115.6 156.0 136.2 114.1  35.8 182.7 999.0 172.1 151.0 234.3  71.0 186.8 198.1  28.5 179.0 179.5 148.9 263.3  60.1  73.8 293.3 147.4 328.8 141.7  93.7
 wrfout_d04_2016-06-20_22:00:00 999.0 180.0 241.3 140.9 264.5 222.8 126.7 167.1 190.8 125.3  44.8 180.3 999.0 187.3 159.2 229.7 321.5 184.9 200.4  44.2 182.7 178.9 132.6 256.6  58.1  59.4 309.8 151.5 328.9 144.9  97.5
 wrfout_d04_2016-06-20_23:00:00 999.0 180.8 232.7 172.3 238.0 240.6 207.5 211.8 221.9 217.0  51.7 181.3 999.0 199.6 220.7 218.2 328.2 185.6 222.8  14.2 186.1 178.5 123.4 233.5  40.2  71.8 201.0 158.5  10.8 140.1 109.3
