 wrfout_d04_2016-06-13_00:00:00 999.0 224.9 234.6 239.1 245.2 215.2 244.8 216.1 240.6 219.3  90.2   9.3 999.0 188.6 180.0  30.3 238.5 192.6 225.2 174.9 259.0 192.9 164.7 225.6 148.1 149.8 206.8 213.6 254.2 235.7 247.7
 wrfout_d04_2016-06-13_01:00:00 999.0 230.2 237.1 236.3 246.0 229.7 248.8 217.0 246.8 221.5  58.1 350.4 999.0 187.7 185.0  33.4 241.6 194.9 223.2 176.8 261.5 193.4 164.7 217.5 151.6 169.2 210.6 218.6 250.7 235.9 251.2
 wrfout_d04_2016-06-13_02:00:00 999.0 230.4 242.8 245.6 251.3 234.8 253.1 214.8 249.6 220.7  89.2  24.3 999.0 190.2 186.4  37.0 243.3 195.5 224.6 174.9 257.6 187.0 163.5 211.8 170.6 186.0 203.9 222.2 246.9 234.8 253.2
 wrfout_d04_2016-06-13_03:00:00 999.0 240.6 245.5 252.3 250.4 243.7 251.1 216.5 247.5 221.5 139.3  42.1 999.0 183.0 177.4  40.5 240.8 194.7 224.0 176.1 258.8 185.8 169.8 210.6 190.9 188.4 198.9 230.5 246.8 234.9 253.2
 wrfout_d04_2016-06-13_04:00:00 999.0 246.3 240.7 242.6 246.5 248.6 250.7 215.7 246.0 221.0 103.0  60.4 999.0 182.2 173.9  40.0 236.4 193.9 225.3 175.3 260.4 183.3 181.4 210.0 198.3 195.8 200.8 237.0 245.6 236.4 255.5
 wrfout_d04_2016-06-13_05:00:00 999.0 247.1 238.2 236.9 242.8 245.6 249.5 218.5 246.4 218.6 114.4  85.4 999.0 178.3 169.4  37.6 243.3 195.4 223.9 172.7 262.4 181.9 186.5 203.2 231.9 228.2 202.9 240.8 246.6 237.4 254.6
 wrfout_d04_2016-06-13_06:00:00 999.0 249.9 235.8 232.5 238.7 246.0 248.2 215.2 251.3 221.9 112.0  81.5 999.0 178.0 166.1  36.4 344.0 195.6 225.7 175.3 264.4 177.8 187.1 186.8 238.8 234.6 202.0 243.4 246.1 238.1 257.6
 wrfout_d04_2016-06-13_07:00:00 999.0 250.4 239.9 238.1 245.9 245.5 256.5 216.1 248.9 219.7  96.5  65.6 999.0 179.3 171.4  40.8 210.2 193.8 226.2 187.9 266.6 185.2 195.4  46.7 239.0 232.9 201.8 242.4 248.2 238.6 259.2
 wrfout_d04_2016-06-13_08:00:00 999.0 252.6 237.5 236.3 243.9 247.2 253.6 215.9 249.8 220.4  76.9   5.6 999.0 177.6 173.6  37.3 274.3 195.6 227.6 186.7 267.8 181.1 199.3  43.4 240.3 234.2 210.2 244.1 254.5 239.0 263.0
 wrfout_d04_2016-06-13_09:00:00 999.0 250.3 236.3 234.0 242.2 248.3 250.1 216.3 246.2 221.3 107.7 335.9 999.0 183.4 175.7  39.9 256.6 190.8 224.5 215.8 267.6 178.1 192.5  34.5 234.1 227.6 204.8 248.9 255.3 240.1 265.0
 wrfout_d04_2016-06-13_10:00:00 999.0 250.5 239.9 241.0 249.6 247.2 254.6 223.8 246.4 221.4  99.4 336.2 999.0 183.1 168.7  30.8 206.5 185.2 227.7 208.4 264.9 180.5 173.0  41.4 223.1 206.7 205.7 247.1 253.1 240.0 264.4
 wrfout_d04_2016-06-13_11:00:00 999.0 249.7 238.6 235.0 248.9 237.9 263.3 223.5 258.4 220.1 327.5 289.0 999.0 185.6 159.8  21.2  94.8 185.1 224.2 191.7 265.5 177.5 162.6  23.1 194.6 185.2 188.5 244.1 249.8 239.7 263.9
 wrfout_d04_2016-06-13_12:00:00 999.0 245.8 240.4 233.9 249.6 235.7 277.7 225.5 254.0 226.3 322.2 291.3 999.0 188.4 163.1  60.0  61.4 182.8 223.4 189.4 263.7 172.0 159.7  27.0 178.3 176.0 201.2 228.4 250.2 239.6 262.7
 wrfout_d04_2016-06-13_13:00:00 999.0 239.9 242.7 238.6 252.3 236.8 268.8 226.4 254.2 236.7 300.2 307.0 999.0 184.4 160.0 240.5  50.4 179.5 221.7 175.5 263.2 169.3 156.1  30.5 167.9 164.5 202.3 217.0 252.0 237.7 262.0
 wrfout_d04_2016-06-13_14:00:00 999.0 236.8 242.9 248.1 251.5 231.1 261.1 227.4 258.2 228.5 314.1 317.6 999.0 180.5 159.8 342.4  61.2 175.7 219.2 171.0 262.2 169.1 157.3  49.5 155.6 156.7 215.0 202.7 251.5 236.4 260.4
 wrfout_d04_2016-06-13_15:00:00 999.0 242.9 242.4 246.0 252.6 232.7 263.6 228.6 256.7 230.5 318.4 316.3 999.0 177.8 150.3  31.3  57.5 174.4 218.1 175.5 260.8 170.0 159.0  64.9 157.6 156.0  55.7 189.0 238.1 236.5 259.8
 wrfout_d04_2016-06-13_16:00:00 999.0 249.8 243.6 252.8 256.8 242.3 265.5 235.6 247.6 232.8 295.1 315.8 999.0 179.8 152.6  41.8  47.5 177.6 217.8 181.0 257.8 176.0 160.9  77.6 157.4 157.0 114.2 189.5 237.3 235.9 261.7
 wrfout_d04_2016-06-13_17:00:00 999.0 244.4 238.7 238.7 251.0 239.8 253.1 233.2 213.0 228.8 279.8 321.0 999.0 185.3 161.5 178.7  47.8 182.6 215.9 185.6 254.7 177.1 160.5  79.2 159.0 156.5  74.3 191.2 230.9 237.5 260.0
 wrfout_d04_2016-06-13_18:00:00 999.0 254.3 238.9 242.2 253.3 235.5 265.0 221.4 203.6 235.6  39.6 308.5 999.0 186.8 168.7 160.4  39.5 186.6 215.0 185.1 250.4 174.5 163.0 277.8 154.6 147.0  45.2 184.4 235.9 237.9 261.3
 wrfout_d04_2016-06-13_19:00:00 999.0 293.7 240.2 248.1 255.7 231.8 225.9 224.2 208.0 239.7 212.1 276.8 999.0 184.9 175.0 152.9  32.2 187.1 216.1 184.0 247.7 175.9 156.3 246.0 149.8 142.5  46.1 185.8 238.7 238.5 262.3
 wrfout_d04_2016-06-13_20:00:00 999.0 306.7 235.1 233.0 247.8 225.7 207.0 222.3 216.8 235.3 243.5 257.6 999.0 188.0 167.3 114.2  21.6 186.5 214.5 183.9 247.8 173.6 151.6 299.0 150.5 137.9  42.2 187.0 234.9 238.4 261.9
 wrfout_d04_2016-06-13_21:00:00 999.0 310.7 234.3 237.3 245.7 209.0 176.7 225.0 198.8 228.6 319.3 214.9 999.0 187.2 165.9  72.1  28.0 184.7 214.5 185.8 246.4 173.4 153.1 338.2 149.2 141.3  40.2 184.6 235.2 238.1 261.9
 wrfout_d04_2016-06-13_22:00:00 999.0 274.0 235.8 241.1 247.9 194.7 110.1 227.3 190.6 232.1  74.8 241.2 999.0 186.7 164.8  18.0  19.2 182.4 217.2 176.4 246.1 175.4 151.3   2.2 145.1 138.6  38.6 191.7 236.8 238.3 261.6
 wrfout_d04_2016-06-13_23:00:00 999.0 247.8 231.6 221.0 238.0 199.5 222.9 219.2 220.7 228.6  31.6 330.8 999.0 188.2 170.4  77.9  21.0 184.7 220.6 182.5 245.9 175.1 157.2  54.4 154.0 156.2 210.6 208.8 242.3 237.0 264.3
