 wrfout_d04_2016-06-06_00:00:00 999.0 155.1 254.0 297.3 252.5 225.1 259.5 263.2 102.5 258.0 111.0  98.7 999.0 218.8 205.9 207.9  19.0 207.8 223.7 197.1 242.4 191.1 196.8 225.5 172.4 196.7 150.5 193.2 174.2 225.2 191.5
 wrfout_d04_2016-06-06_01:00:00 999.0 177.3 257.7 300.8 258.7 231.2 285.2 287.0 204.8 263.8 107.8 102.5 999.0 245.8 205.8 153.8 316.4 213.1 230.8 202.8 243.6 196.6 205.8 177.2 210.4 200.5 152.2 202.6 196.0 213.5 211.1
 wrfout_d04_2016-06-06_02:00:00 999.0 231.5 269.7 312.9 269.6   8.8 301.9 310.8  48.6 278.9 100.3 109.9 999.0 259.0 203.3 109.4 258.2 215.7 234.8 211.3 251.6 207.8 221.7 159.2 219.1 216.1 154.2 207.3 203.4 207.0 213.9
 wrfout_d04_2016-06-06_03:00:00 999.0 342.3 274.5 322.4 284.8  30.5 327.9 316.2 326.5 282.4 106.6 121.3 999.0 257.1 251.2 105.2 259.4 224.8 237.2 230.2 258.1 209.0 219.4 160.2 232.0 226.0 157.2 210.2 209.0 207.9 222.1
 wrfout_d04_2016-06-06_04:00:00 999.0  12.0 283.5 331.7 283.6  43.5 306.8 317.9 314.0 288.6  92.2 125.5 999.0 258.4 270.3 118.3 242.5 226.5 229.1 251.1 245.6 214.1 217.3 186.1 240.1 236.8 157.6 215.7 217.3 207.1 227.7
 wrfout_d04_2016-06-06_05:00:00 999.0  15.2 290.3 338.7 289.3  45.4  90.7   3.7 349.5 327.1  68.6  86.3 999.0 272.6 269.5 116.9 233.7 234.2 238.3 257.4 260.5 217.0 232.2 178.8 236.4 229.5 151.6 222.2 229.1 203.8 239.8
 wrfout_d04_2016-06-06_06:00:00 999.0  21.9 299.1 349.1 298.2   9.3 330.6 358.0 341.3 337.5 339.5  45.8 999.0 282.3 270.8  71.7 224.2 236.4 218.4 251.4 330.4 222.4 225.1 176.9 243.1 235.7 148.1 219.6 237.3 206.6 252.7
 wrfout_d04_2016-06-06_07:00:00 999.0 354.9 259.6   6.5 160.3 156.6 102.8  32.3 111.6 322.2 354.0 336.1 999.0 285.1 276.5  10.9 234.9 227.6 224.8 260.1 249.0 235.7 219.5 169.0 239.8 236.5 139.4 230.8 233.4 212.8 247.7
 wrfout_d04_2016-06-06_08:00:00 999.0  14.4   3.0 349.0   9.1  52.0 170.3  39.6 249.4 328.8 317.5 243.3 999.0 305.2 288.5 250.2 201.0 219.9 220.9 262.9 236.4 226.8 223.6 180.6 233.2 227.9 168.6 232.3 237.4 216.3 247.7
 wrfout_d04_2016-06-06_09:00:00 999.0  72.6 149.0 130.5 103.1 320.0  82.2  48.0  69.6 302.1 268.0 249.8 999.0 330.9 279.0  75.4 350.3 238.2 224.7 268.2 247.1 212.8 218.9 185.4 243.9 238.8 187.2 244.1 236.2 217.4 257.0
 wrfout_d04_2016-06-06_10:00:00 999.0  62.5  82.2 184.2  74.7 121.6  76.3  94.2  97.9 358.3 219.0 306.7 999.0   5.0 285.3   8.0 275.1 188.5 224.2 258.2 251.0 219.0 231.4 121.9 237.0 226.0 200.8 238.0 231.1 216.4 261.2
 wrfout_d04_2016-06-06_11:00:00 999.0 328.8 118.4 133.9  89.1  91.5  69.2  87.6  63.7 311.5 247.5 120.4 999.0  34.6 306.9  16.2  33.7 193.3 224.8 267.0 237.2 193.6 237.3 341.6 253.6 251.2 221.5 227.5 229.9 221.0 266.8
 wrfout_d04_2016-06-06_12:00:00 999.0 138.4  91.8 165.4  84.6  45.4 110.5 115.4  91.4 318.9   5.9 333.0 999.0 154.2  22.4  38.2 178.2 178.3 224.0 216.2 242.9 179.7 201.7 314.8 231.3 227.5  10.8 249.8 225.0 226.6 269.1
 wrfout_d04_2016-06-06_13:00:00 999.0 135.8 112.5 155.7  93.1  99.6  90.0 112.8  89.9 118.1  57.2   5.8 999.0 153.9 100.1 329.2 298.7 192.7 226.9 214.4 240.3 186.9 192.1  38.2 206.0 191.5  19.1 248.8 263.3 224.9 261.0
 wrfout_d04_2016-06-06_14:00:00 999.0 111.4 138.1 154.1  98.2  87.1  91.4 105.5  83.3  70.4 305.8 310.5 999.0 162.6 120.7 275.7 121.6 189.5 220.1 257.3 243.2 197.8 170.1  14.6 174.4 178.3  14.7 237.0 336.7 220.0 247.3
 wrfout_d04_2016-06-06_15:00:00 999.0 120.6 159.3 146.8 129.7  39.7  65.5 108.5  82.3 119.0 279.3 310.2 999.0 147.5 127.1   0.3 179.5 191.6 204.9 270.4 251.5 177.9 195.0  20.7 206.4 199.7   0.2 236.7 317.3 220.7 251.6
 wrfout_d04_2016-06-06_16:00:00 999.0 130.4 213.1 165.5 118.9 294.6  82.4 135.3   3.0 118.7 299.4 302.4 999.0 241.4 163.3  12.2 111.4 202.9 210.9 232.9 247.2 188.0 207.8  33.8 223.8 224.7 355.0 232.9 278.9 224.9 265.5
 wrfout_d04_2016-06-06_17:00:00 999.0 130.3 209.7 108.0 215.1  31.4  57.2 150.1  59.5  51.0 246.8 304.5 999.0 265.9 159.3 358.1  76.0 221.4 208.5 262.9 255.0 203.6 207.9  26.4 253.2 218.2  46.9 227.1 230.9 235.7 256.6
 wrfout_d04_2016-06-06_18:00:00 999.0 130.4 260.3 154.8 239.5  97.6 148.5 168.8  54.5 125.5 256.4 295.8 999.0 224.1 104.2  18.7  67.2 216.5 207.5 282.0 264.0 199.5 221.7  24.5 320.7 263.2 357.2 235.1 112.9 234.2 255.3
 wrfout_d04_2016-06-06_19:00:00 999.0 122.9 286.6 160.4 327.6 201.3 340.6 131.4 338.1 100.2 279.4 318.4 999.0 336.6 127.8 346.9 142.8 220.4 199.0 226.4 253.4 215.8 250.0  18.4  34.6 266.0   3.3 248.8  63.0 239.4 250.5
 wrfout_d04_2016-06-06_20:00:00 999.0 133.9 283.1 171.7 334.5 309.5 339.7 163.3 307.5 164.8  55.7 337.1 999.0 341.4 108.5 303.4 355.2 232.7 206.8 258.6 253.1 216.5 223.0  19.8  44.5 274.9 307.0 242.7  20.0 243.9 272.8
 wrfout_d04_2016-06-06_21:00:00 999.0 150.1 325.7 152.2 346.6   2.9  24.0 153.1  85.0   9.4  17.1 266.3 999.0 353.1 180.2 322.0 316.4 244.4 209.3 221.9 248.5 237.7 167.9  18.0  71.5 250.7 303.7 248.6 325.6 248.6 277.5
 wrfout_d04_2016-06-06_22:00:00 999.0 151.2 331.8 190.3 326.6  13.5 318.2  42.7 340.7  89.8 258.5 341.8 999.0  60.5 151.2 348.6 254.5 260.5 194.7 171.0 249.9 250.5 152.3  25.4 156.5 195.6 287.5 254.2 256.2 249.7 271.4
 wrfout_d04_2016-06-06_23:00:00 999.0 130.8 304.8 270.8 254.8 233.5 275.4  24.5 161.4 193.5 250.7 348.9 999.0 292.5 198.1 358.1 292.9 304.7 216.9 105.9 263.1 276.7 125.3  32.4 171.6 210.7 358.9 247.4  96.8 243.3 283.3
