 wrfout_d04_2016-06-28_00:00:00 999.0 224.0 245.8 278.3 228.6 256.4 146.6 260.0 148.3 235.7  50.1 176.3 999.0 220.6 226.2 202.0  17.9 180.2 205.1 209.5 154.6 173.5 183.3 213.2 182.7 177.7 209.0 149.9  59.8 143.7 110.6
 wrfout_d04_2016-06-28_01:00:00 999.0 223.1 254.3 305.9 237.8  41.6 231.3 272.3 232.5 252.0  82.9 180.7 999.0 234.0 229.0 190.8  15.8 181.4 215.4 181.7 157.4 174.2 184.6 204.7 181.5 180.2 188.9 154.3  67.9 144.6 116.2
 wrfout_d04_2016-06-28_02:00:00 999.0 193.0 271.4 308.0 257.5  33.6 166.5 264.3 218.9 263.3  92.9 179.2 999.0 255.0 230.6 179.8 357.8 182.4 229.1 176.7 159.8 174.7 185.6 191.5 186.5 183.3 189.7 159.9  81.1 144.6 121.4
 wrfout_d04_2016-06-28_03:00:00 999.0 194.2 288.9 311.7 261.6  26.8  69.0 262.3 248.8 263.4  99.0 176.4 999.0 261.3 232.6 176.1 319.0 184.1 236.3 182.7 157.2 176.2 189.6 187.7 193.8 188.7 175.1 162.9  92.3 144.9 121.2
 wrfout_d04_2016-06-28_04:00:00 999.0 206.7 315.2 310.6 323.3  25.7 326.2 260.7 336.7 259.9 119.3 172.7 999.0 255.2 262.2 175.0 286.2 186.5 241.1 193.9 169.5 176.7 193.0 188.6 201.1 191.6 177.0 164.3  92.0 144.1 119.5
 wrfout_d04_2016-06-28_05:00:00 999.0 207.1 329.9 310.3 339.3  27.1 317.6 262.0 350.8 264.6 122.9 174.3 999.0 258.1 285.9 174.2 272.8 186.5 244.6 195.4 220.3 178.4 198.8 188.9 206.8 194.4 180.0 167.5  93.0 141.2 116.1
 wrfout_d04_2016-06-28_06:00:00 999.0 195.6 317.3 299.4 321.2  10.4 328.6 271.2 352.1 268.5 123.2 172.6 999.0 248.5 280.8 176.0 258.9 188.3 243.5 213.7 225.5 179.9 201.0 189.3 209.8 196.7 179.8 171.1  91.3 139.0 114.6
 wrfout_d04_2016-06-28_07:00:00 999.0 212.6 307.6 310.7 321.8   4.5 328.9 261.9 337.7 249.4 118.4 172.9 999.0 248.5 280.7 175.5 253.3 192.4 229.8 243.1 197.1 183.0 201.7 191.1 208.1 198.7 182.6 173.2  90.0 137.9 113.1
 wrfout_d04_2016-06-28_08:00:00 999.0 214.6 307.5 296.6 300.7  12.9 314.0 235.7 230.0 259.8 120.6 175.4 999.0 250.8 274.4 176.9 205.7 195.4 233.8 244.3 208.9 185.2 204.0 195.9 208.0 198.6 188.2 176.6  87.3 136.2 109.9
 wrfout_d04_2016-06-28_09:00:00 999.0 200.0 235.7 306.0 212.3 229.6  55.7 245.6 223.7 242.0  61.6 171.4 999.0 254.3 293.4 180.4 171.1 194.7 240.3 244.3 167.7 184.0 202.1 202.8 205.8 197.7 193.8 173.0  74.5 133.6 107.5
 wrfout_d04_2016-06-28_10:00:00 999.0 190.0 224.7 193.0 207.5 245.1 119.0 194.5  62.0 197.8 326.9 179.5 999.0 238.9 251.7 187.0 190.9 191.7 234.6 246.5 124.6 182.0 199.8 215.6 205.1 197.4 200.8 167.3  60.7 127.1 103.7
 wrfout_d04_2016-06-28_11:00:00 999.0 173.5 235.2 143.0 330.5 236.8 350.1 201.9  53.8 114.7 252.8 175.7 999.0 226.2  24.6 197.1  27.4 192.8 206.4 239.3 154.1 180.6 195.7 225.9 202.2 195.1 204.1 162.7  26.8 125.5  99.8
 wrfout_d04_2016-06-28_12:00:00 999.0 185.5 204.8 101.2 342.9 211.6 111.3 199.8 124.5 141.6 114.8 170.2 999.0 227.8 282.9 201.8  72.7 185.0 175.5 227.3 159.4 176.5 190.2 249.9 197.6 192.7 229.9 164.2   9.1 122.9  99.5
 wrfout_d04_2016-06-28_13:00:00 999.0 187.7 108.0 102.8  55.8 210.6  55.2 156.5  52.5  70.1  88.0 172.4 999.0 215.4 241.3 202.0 312.0 180.7 197.1 240.5 163.2 174.0 185.5 249.3 195.9 190.7 252.1 168.1   5.3 117.6  97.1
 wrfout_d04_2016-06-28_14:00:00 999.0 184.5  28.4  77.6 335.0  93.1 253.5 165.7 238.7 117.3   4.6 170.1 999.0 204.0 230.3 205.3 206.2 181.0 202.9 302.4 158.2 175.0 187.7 256.2 192.7 188.6 244.3 170.4 355.8 118.0  98.8
 wrfout_d04_2016-06-28_15:00:00 999.0 183.9  88.4 148.9  58.2 315.5  48.6 183.5 167.4 115.3  29.2 170.8 999.0 207.8 235.5 210.2 196.0 180.2 195.4 323.6 158.8 172.9 187.2 251.7 178.1 185.5 249.7 170.0 346.6 124.5  95.7
 wrfout_d04_2016-06-28_16:00:00 999.0 184.7  92.3 145.6  47.9  24.1 245.7 159.4 182.0 120.1  66.6 167.7 999.0 198.5 243.9 211.3 196.3 178.9 193.0  16.9 157.4 171.3 184.8 257.3 157.0 180.1 300.0 169.7 351.9 122.4  93.8
 wrfout_d04_2016-06-28_17:00:00 999.0 170.3 253.7 123.5 349.6 191.9 137.6 156.7 187.1 125.3  45.1 168.3 999.0 179.4 202.0 208.0 106.1 178.5 191.4  18.2 159.6 171.7 181.3 255.2 125.7 175.9 303.8 170.2 350.0 126.0  94.3
 wrfout_d04_2016-06-28_18:00:00 999.0 161.3 279.5 128.7 307.4 240.0 132.9 175.1 118.3  73.4  21.7 171.1 999.0 172.0 222.5 208.9  39.9 177.2 192.0  55.3 161.0 172.1 178.9 253.4 148.1 186.9 287.9 171.8 356.7 127.9  93.2
 wrfout_d04_2016-06-28_19:00:00 999.0 162.6 271.3 145.7 292.3 220.2  96.3 178.6  16.9 155.1  25.0 169.4 999.0 181.1 195.6 212.1  33.4 178.6 190.4  50.1 160.2 173.3 181.3 251.1 153.1 183.1 288.4 167.2 354.5 126.4  95.5
 wrfout_d04_2016-06-28_20:00:00 999.0 166.8 250.5 127.3 283.0 191.2  80.2 183.5 133.5 126.5   4.9 171.5 999.0 188.3 219.0 211.9  45.8 177.7 184.6  23.0 160.1 172.3 182.6 252.8 139.0 181.5 296.8 163.9 355.6 126.0  97.4
 wrfout_d04_2016-06-28_21:00:00 999.0 175.5 241.9 131.9 280.0 190.2  70.9 169.6  36.3 115.4  14.8 173.1 999.0 171.0  54.0 214.8  55.1 179.9 181.9 106.0 160.8 171.7 183.3 254.9  41.3 169.4 293.1 163.8   4.3 126.0  99.7
 wrfout_d04_2016-06-28_22:00:00 999.0 180.4 232.9 140.6 273.8 191.6  66.5 163.1  23.4 111.7   7.4 174.8 999.0 181.0  72.1 213.8  24.6 180.1 182.6 126.8 163.0 170.5 183.8 247.6  47.8  92.7 294.6 164.4  14.5 128.0 102.9
 wrfout_d04_2016-06-28_23:00:00 999.0 184.0 238.6 154.4 262.7 227.5  63.7 207.0  23.1 181.3  24.9 173.8 999.0  33.0  56.6 210.3  15.9 180.1 193.7 275.4 165.5 170.6 186.4 230.1  61.4 174.9 261.0 162.9  22.9 131.5 108.6
