 wrfout_d04_2016-06-18_00:00:00 999.0 207.3 259.3 283.5 243.4 309.3 279.0 240.1 221.2 245.9  65.7 174.6 999.0 199.6 201.3 181.6 355.2 196.0 218.4 200.5 230.7 190.3 189.9 197.8 192.8 193.6 191.5 173.3 118.1 138.1 109.3
 wrfout_d04_2016-06-18_01:00:00 999.0 217.1 253.1 295.1 242.7  11.0 132.4 235.2 176.6 254.1  59.1 171.5 999.0 225.4 207.3 172.7 326.0 200.6 231.3 202.4 253.9 193.6 195.3 188.0 204.7 198.1 183.9 178.7 127.9 144.4 112.8
 wrfout_d04_2016-06-18_02:00:00 999.0 200.3 253.4 296.3 265.8  22.0 221.4 244.5 230.8 253.1  66.7 164.6 999.0 241.0 215.8 167.5 271.9 202.1 239.9 212.0 268.7 193.3 203.2 185.4 210.2 200.9 176.3 186.7 134.9 143.0 111.8
 wrfout_d04_2016-06-18_03:00:00 999.0 218.6 265.8 309.3 260.4  25.4 282.9 241.5 257.3 261.5  78.7 160.7 999.0 244.0 223.1 161.9 259.2 206.5 268.7 228.9 285.1 195.5 212.4 180.7 214.0 205.1 172.4 196.6 131.4 137.0 112.9
 wrfout_d04_2016-06-18_04:00:00 999.0 223.9 275.0 309.3 285.7  25.3 325.5 252.8 239.0 253.7  91.6 158.6 999.0 246.5 253.2 159.9 255.4 211.4 296.4 244.9 302.6 198.6 221.3 180.1 221.7 213.8 176.0 204.6 130.7 130.9 113.0
 wrfout_d04_2016-06-18_05:00:00 999.0 240.3 272.8 311.0 285.6  53.0 331.8 260.6  14.9 260.0  89.7 156.7 999.0 259.2 268.5 161.8 262.9 218.1 304.5 252.8 313.5 198.8 229.6 181.9 228.0 220.0 178.1 205.4 129.1 123.6 108.1
 wrfout_d04_2016-06-18_06:00:00 999.0 208.0 289.4 315.6 307.8  51.2 335.8 264.7 341.4 262.2  97.3 166.9 999.0 270.6 286.2 160.8 278.6 223.9 347.5 260.8 329.5 199.0 238.9 183.9 230.4 223.3 176.3 206.4 133.7 114.1 110.9
 wrfout_d04_2016-06-18_07:00:00 999.0 165.2 271.2 325.3 296.1  71.9 348.0 260.8  55.7 268.7  51.5 169.5 999.0 287.2 296.7 164.8 291.6 227.4 290.6 262.8 270.5 207.7 247.1 186.0 229.0 221.8 174.1 207.9 122.9 112.1 109.5
 wrfout_d04_2016-06-18_08:00:00 999.0 154.5 220.0 273.3 226.5 110.5 352.1 235.0 118.6 272.3 218.2 273.2 999.0 291.7 291.1 180.2 286.5 225.8 133.8 274.5 270.0 222.6 262.9 193.2 235.3 231.5 173.0 207.9 117.9 109.5 105.8
 wrfout_d04_2016-06-18_09:00:00 999.0 163.2 173.5 153.2 165.3 110.7 136.4 224.3 133.6 220.0 257.6  18.8 999.0 306.2 276.7 144.6 105.9 225.9  55.0 271.9  73.4 228.0 256.4 179.5 235.7 234.5 165.9 201.1  97.4 107.5 102.2
 wrfout_d04_2016-06-18_10:00:00 999.0 161.6 154.9 137.4 106.5  61.1 125.3 237.2  97.5 208.1 146.0 133.6 999.0 231.0 243.0 180.5  30.0 186.2  57.7 312.3  99.6 140.0 331.2 210.6 245.2 250.0 141.8 198.7  62.3  98.1  94.7
 wrfout_d04_2016-06-18_11:00:00 999.0 156.8 157.5 133.6 105.2  95.1  94.1 245.1 105.9 246.0 340.0 124.6 999.0 261.1 251.2 196.0 266.8 187.4 199.1 277.0 149.7 160.7  23.1 232.4 234.1 220.8 142.0 189.6  25.9  82.4  89.7
 wrfout_d04_2016-06-18_12:00:00 999.0 150.8 147.8 154.5 125.5 215.5 106.3 166.1  99.0 259.0 347.5 148.6 999.0 239.5 234.8 224.2 172.8 156.3 199.4 267.1 149.3 136.0 271.0 239.1 227.3 229.6 185.3 184.0  16.2  76.8  90.1
 wrfout_d04_2016-06-18_13:00:00 999.0 151.6 154.0 132.0 124.4 227.8  93.2 130.4  42.4 116.6 351.4 171.0 999.0 228.7 232.3 221.1 204.4 191.2 173.6 230.6 152.5 188.6 222.3 246.9 227.5 231.4 238.1 157.9   5.4  94.3  87.4
 wrfout_d04_2016-06-18_14:00:00 999.0 160.7 155.1 124.0 117.4 276.0  69.2 238.0  26.8 259.4  13.1 164.7 999.0 210.7 206.8 205.1 238.6 202.8 132.5 216.5 154.6 188.8 221.9 254.3 244.9 244.9 234.9 160.1   8.1  90.1  90.2
 wrfout_d04_2016-06-18_15:00:00 999.0 156.2 157.5 119.4 114.6 174.2  79.1 233.4 184.3 273.4  30.3 166.3 999.0 206.4 216.6 211.4 186.4 185.4 120.2 242.9 154.9 190.2 212.8 265.4 241.6 232.1 306.5 152.5   6.5  83.0  83.5
 wrfout_d04_2016-06-18_16:00:00 999.0 158.5 158.8 124.1 123.3 294.8 154.5 216.1 241.0 163.8  34.4 156.6 999.0 184.7 208.3 218.2 210.4 191.2 104.5 248.5 155.1 203.1 213.0 259.3 292.2 304.8 345.1 161.9  12.9  83.4  82.0
 wrfout_d04_2016-06-18_17:00:00 999.0 157.8 161.7 273.7 115.9 249.4 215.9 181.4 225.7 147.3  36.9 154.9 999.0 189.0 169.0 213.4 174.2 196.0 115.0 260.9 155.1 198.9 241.4 260.1 349.2   1.5 317.9 167.0  15.7  69.7  80.2
 wrfout_d04_2016-06-18_18:00:00 999.0 158.7 236.8 297.9 292.2 225.2 245.5 170.4 234.9  97.2  22.6 163.8 999.0 173.4 184.9 210.2 105.0 205.9 165.4 285.1 158.4 194.1 293.1 252.7  23.3  19.5 323.6  84.1  13.4  66.3  80.2
 wrfout_d04_2016-06-18_19:00:00 999.0 162.6 243.5  83.6 334.0 219.1 303.7 167.7 187.1 122.5  27.7 159.6 999.0 167.6 163.3 208.8  29.4 210.8 202.0 304.6 159.9 192.5  62.6 257.4  29.0  26.8 302.9  41.6   7.3  77.6  72.7
 wrfout_d04_2016-06-18_20:00:00 999.0 170.8 263.5 113.1 317.3 213.1  50.4 146.6 129.4 115.3  32.1 167.6 999.0 159.8  31.3 205.4 259.8 205.7 184.0 335.9 158.8 190.1  33.1 262.6  29.4  29.2 312.2  79.5   1.8  78.2  75.2
 wrfout_d04_2016-06-18_21:00:00 999.0 174.1 268.4  99.9 323.8 234.4  21.2 160.4  96.5 116.8  51.6 172.3 999.0 199.6 225.7 212.6  29.6 203.4 190.2 355.7 159.4 187.3  39.3 261.8  21.9  24.0 325.2  50.8 356.9  85.9  80.5
 wrfout_d04_2016-06-18_22:00:00 999.0 177.6 221.0 141.5 296.7 220.8  70.5 174.4  37.4 121.8  40.2 168.2 999.0 211.5 222.5 212.7   6.3 204.6 190.7   5.3 160.3 186.9  49.6 256.8  23.0  21.7 330.2  12.9 350.5  87.8  78.4
 wrfout_d04_2016-06-18_23:00:00 999.0 189.0 273.2 158.3 237.3 232.8  91.6 212.6 124.8 202.8  35.3 167.9 999.0 252.4 290.0 197.4 358.7 206.7 203.1   6.1 158.9 182.7  37.2 235.8  13.5  12.6 311.0 347.7  15.5  87.3  78.7
