 wrfout_d04_2016-06-09_00:00:00 999.0 163.0 247.2 283.0 241.8 252.2 281.6 279.9 249.2 284.6  97.9  34.9 999.0 307.7 142.1  67.5 305.6 123.2 226.3 225.3 257.0 145.8 115.3  90.1 107.2 198.6 341.4  98.9  49.9 251.7 238.6
 wrfout_d04_2016-06-09_01:00:00 999.0 170.8 244.7 297.2 232.0 323.1 228.9 320.0 230.7 313.7  95.9  60.9 999.0 309.2 211.5  60.3 296.3 141.5 236.0 257.6 271.6 150.4 106.1  72.2 130.5 147.8   1.6 307.2  65.7 237.2 215.9
 wrfout_d04_2016-06-09_02:00:00 999.0 143.5 252.8 315.0 238.4  39.6 230.1 335.0  90.0 317.3  89.3  73.1 999.0 310.5 234.3  76.1 251.1 147.3 242.2 206.5 270.0 179.2 177.8 126.1 155.8 165.7 142.0 107.0  12.4 242.6 235.8
 wrfout_d04_2016-06-09_03:00:00 999.0 136.5 284.4 312.5 218.1  38.2  58.7 339.7  99.4 312.0 101.8 104.0 999.0 327.4 222.1  88.3 258.9 139.7 228.8 231.1 277.0 196.6 189.4  84.2 201.3 182.0 119.7 211.3 107.3 238.6 235.0
 wrfout_d04_2016-06-09_04:00:00 999.0 128.8 353.9 321.4 309.3  36.1 360.0 348.2  14.9 317.7 101.3  93.5 999.0 341.1 281.7  86.4 252.3 187.7 241.7 202.2 281.0 137.7 218.6 100.8 210.0 203.3 152.7 216.4 114.0 289.2 234.8
 wrfout_d04_2016-06-09_05:00:00 999.0  93.4  30.5 334.3  28.1  45.6  16.4 347.8 353.1 316.2  87.7 123.1 999.0 350.5 269.3 107.3 278.2 214.8 190.9 186.3 297.8 158.8 156.0  74.4 185.8 190.4 198.7 214.6 174.2 266.9 234.3
 wrfout_d04_2016-06-09_06:00:00 999.0  88.2  53.7 326.0  49.8  50.5 155.6  11.2 104.9 329.6   4.8 130.0 999.0 322.6 266.9 132.5 217.2 148.0 214.3 194.1 254.8 131.6 180.5 164.2 188.9 198.9 196.5 187.9 212.6 239.4 220.6
 wrfout_d04_2016-06-09_07:00:00 999.0  84.3 125.5 278.6 131.6  38.3 109.2  16.6 102.9 340.4 339.1  57.0 999.0 339.9 255.8 106.3 235.0 150.5 233.3 196.7 317.8 145.6 173.9 135.0 202.6 191.8 191.8 187.7 226.6 235.4 222.1
 wrfout_d04_2016-06-09_08:00:00 999.0  77.2  79.8 192.7 138.1 165.6  73.2  22.8  95.1 287.7 231.0 359.6 999.0 344.0 214.8  45.7 340.9 164.2 168.9 216.1 296.6 154.0 183.3  97.6 172.2 178.8 185.8 176.4 209.9 227.0 195.5
 wrfout_d04_2016-06-09_09:00:00 999.0  93.1 111.3 149.3 136.8  83.3 144.3  18.9 229.9  86.9 257.6 308.3 999.0 351.9 320.5  49.4 128.9 165.1 218.9 205.4 207.0 146.7 170.7 185.8 152.3 147.8  28.6 194.8 193.2 230.5 217.0
 wrfout_d04_2016-06-09_10:00:00 999.0  96.4  85.8 283.3  79.9  53.4 102.3  42.1 201.3 101.4 198.3 326.2 999.0  11.3  76.9  32.6  40.5 147.1 226.1 221.8 196.7 170.2 200.3  75.6 224.1 188.8 241.3 224.9 166.6 216.2 226.2
 wrfout_d04_2016-06-09_11:00:00 999.0  89.0  76.1  98.3  56.7  78.2  75.6  23.0  66.8  59.1 224.3 340.9 999.0 359.9 351.0  16.1 173.1 119.3 211.4 197.9 190.9 221.2 191.6 126.4 159.6 135.0 327.0 220.3 318.7 223.2 223.5
 wrfout_d04_2016-06-09_12:00:00 999.0  89.4  89.8 139.5  62.2  98.5  67.4  25.8  55.0 199.6   8.4 111.3 999.0 285.5 197.8   8.9  30.1 329.6 215.3 181.2 227.5 227.6 122.8  67.1  95.6  95.5 232.3 223.1 181.8 225.7 224.0
 wrfout_d04_2016-06-09_13:00:00 999.0  91.7 100.6 122.4  78.3  90.7  72.7 195.7  66.3 193.4 294.3 191.5 999.0 327.7 103.1 339.2 359.8 222.5 156.3 139.7 157.0 276.0 135.5  24.9 107.6 117.4 163.9 211.4 206.0 217.9 224.7
 wrfout_d04_2016-06-09_14:00:00 999.0  98.4 112.0 135.3  90.5  86.8  72.1 197.1  69.1 231.2 334.8  35.0 999.0 208.2 236.3 298.3 279.8 173.7 228.5 185.6 253.4 277.7 103.1  45.2 103.6 101.2 117.1 202.3  10.3 224.4 222.9
 wrfout_d04_2016-06-09_15:00:00 999.0  88.1 111.7 114.4  82.0  58.8  84.2 252.1  99.8 209.5 334.6 305.7 999.0 188.2 205.6 124.0 181.7 107.0 185.7 289.4 162.3 194.8 139.7 106.9 151.5 133.6 298.5 211.2  68.3 222.9 229.0
 wrfout_d04_2016-06-09_16:00:00 999.0  80.5 105.9 148.7  80.3 108.1  94.2 131.3  77.8 146.3 249.2 286.9 999.0 197.0 181.7 332.2 261.5 158.1 195.0 207.7 174.7 191.8 129.2  16.5 110.5  64.9  20.3 199.2  69.0 225.2 228.8
 wrfout_d04_2016-06-09_17:00:00 999.0  84.3 110.0 129.5  88.1 104.9  90.3 149.4  59.4 149.1 294.5 319.8 999.0 270.6  59.4 325.7  47.9 168.1 180.3 171.5 196.5 195.6 138.2 274.0 114.6  39.9   8.8 195.5  22.9 219.7 219.4
 wrfout_d04_2016-06-09_18:00:00 999.0  85.2 115.6 129.6  92.1  77.5  81.3 264.8  72.7 359.9   2.6  11.7 999.0 224.0 194.6 302.6  15.7 146.7 180.4 187.8 191.6 220.4 109.1 260.1  25.9  16.6 349.0 195.9  45.2 225.4 215.9
 wrfout_d04_2016-06-09_19:00:00 999.0  87.5 110.3 132.4  90.9  49.6  94.7 309.0  74.3  42.4 298.3 335.1 999.0 241.8 225.0 348.8 291.2 205.6 203.0 184.4 208.4 222.2 104.0 347.0 199.4 185.6 346.7 192.1 296.0 228.3 231.7
 wrfout_d04_2016-06-09_20:00:00 999.0  81.0 116.6 128.0  90.3  73.7  89.4 170.7  75.2  27.7 307.7 317.0 999.0 265.1 129.0 306.4  42.7 226.1 198.5 200.5 197.5 238.6  90.9  40.4  97.7  62.6  68.3 190.0 133.9 240.1 232.3
 wrfout_d04_2016-06-09_21:00:00 999.0  73.2 122.6 134.2  98.0  70.8 103.9 149.0 124.1 112.7 326.6 294.9 999.0 208.2 165.8 288.8  34.5 215.6 200.5 190.9 201.2 230.3 118.6 288.5 124.7  48.0 355.3 185.4  91.3 230.8 246.2
 wrfout_d04_2016-06-09_22:00:00 999.0  62.0 113.2 204.2  97.5 315.7  99.1 277.9   6.5 140.6 280.0 292.2 999.0 175.6 178.1 276.4  39.8  42.6 204.4 243.6 214.8 160.9  91.0 284.4  96.1  95.8 317.8 183.9 177.6 230.2 217.9
 wrfout_d04_2016-06-09_23:00:00 999.0  71.7 122.9 174.8 114.0  71.3  96.9 120.0  91.8  76.2 239.9 319.5 999.0 167.8 200.8 274.7  24.8 140.7 203.4 185.5 214.0 200.2 106.9 251.0 135.3 107.9 337.9 176.6 195.0 224.1 234.6
