 wrfout_d04_2016-06-21_00:00:00 999.00  27.62  25.05  29.46  25.97  29.89  30.28  29.39  29.97  30.23  30.01  30.21 999.00  30.12  29.95  30.38  27.31  29.98  19.51  29.02  13.35  28.89  29.17  28.91  30.40  30.63  30.25  31.54  29.28  29.32  30.76
 wrfout_d04_2016-06-21_01:00:00 999.00  27.64  25.58  30.66  27.20  31.14  31.44  29.69  31.32  30.69  31.22  31.03 999.00  30.88  31.25  30.94  29.57  30.71  20.36  30.17  14.05  29.00  29.53  29.78  31.79  31.73  30.94  32.21  29.93  29.84  30.86
 wrfout_d04_2016-06-21_02:00:00 999.00  27.61  26.19  30.07  28.21  32.18  32.49  30.06  32.84  31.69  32.04  31.94 999.00  31.61  32.73  31.16  28.99  31.24  21.09  31.56  14.65  29.04  29.78  30.21  33.08  33.00  31.49  32.89  30.31  30.48  31.93
 wrfout_d04_2016-06-21_03:00:00 999.00  27.65  27.26  29.01  28.81  31.63  33.53  30.12  33.76  31.89  32.66  32.41 999.00  32.07  33.89  31.42  29.07  31.72  21.55  32.36  14.98  29.20  29.68  30.31  33.98  33.28  31.69  33.34  30.56  30.82  32.95
 wrfout_d04_2016-06-21_04:00:00 999.00  27.72  27.47  30.24  29.26  31.32  33.76  30.10  34.53  32.08  33.06  32.42 999.00  32.33  33.81  31.45  30.12  31.86  21.79  32.87  14.66  29.17  29.63  30.19  34.48  33.61  31.81  33.57  30.87  31.00  33.01
 wrfout_d04_2016-06-21_05:00:00 999.00  27.70  26.98  31.07  29.40  31.21  33.97  30.07  33.92  32.10  33.07  32.59 999.00  32.53  34.77  31.45  30.26  31.80  21.65  33.26  12.30  29.16  29.43  30.31  34.31  33.52  32.01  33.62  30.70  30.99  32.68
 wrfout_d04_2016-06-21_06:00:00 999.00  27.89  26.78  31.05  29.10  31.35  34.11  30.01  34.46  32.25  33.26  32.92 999.00  32.65  34.44  31.28  29.99  31.50  21.01  33.00  12.67  29.14  29.28  30.15  33.82  33.03  31.85  33.40  30.35  30.81  33.17
 wrfout_d04_2016-06-21_07:00:00 999.00  27.92  26.91  30.81  28.81  31.22  33.67  29.91  33.01  31.69  33.06  31.68 999.00  32.15  33.92  31.38  27.85  31.39  19.20  32.54  11.97  29.17  29.29  29.88  33.32  32.64  31.59  33.08  29.49  30.44  32.71
 wrfout_d04_2016-06-21_08:00:00 999.00  27.77  24.58  30.74  24.05  31.13  27.74  29.47  28.77  30.79  32.50  31.76 999.00  31.63  33.03  30.44  24.80  31.03  17.53  31.94  11.06  29.10  29.30  29.86  32.84  32.33  31.24  32.71  29.11  29.97  32.16
 wrfout_d04_2016-06-21_09:00:00 999.00  27.73  25.10  29.81  25.60  30.88  28.82  28.89  28.93  30.24  31.66  30.32 999.00  31.06  32.25  30.03  24.16  30.66  17.66  31.13  11.32  29.07  29.29  29.36  31.93  31.33  30.86  32.17  28.46  29.30  31.13
 wrfout_d04_2016-06-21_10:00:00 999.00  27.72  24.52  29.30  25.38  30.30  30.19  28.27  29.61  29.73  30.53  29.28 999.00  30.43  31.31  29.56  24.85  29.86  18.52  30.34  11.93  28.98  29.28  28.44  31.07  30.46  30.26  31.85  27.91  28.27  30.29
 wrfout_d04_2016-06-21_11:00:00 999.00  27.78  22.80  27.52  23.56  29.41  30.05  27.73  29.74  29.42  29.18  28.89 999.00  29.87  30.52  29.26  23.79  29.22  16.90  29.45  10.14  28.93  29.21  27.85  30.46  30.03  29.43  31.25  26.30  26.99  29.58
 wrfout_d04_2016-06-21_12:00:00 999.00  27.78  22.23  27.22  22.90  29.09  30.08  27.29  29.64  29.31  28.58  28.77 999.00  29.56  29.93  29.11  23.21  28.97  15.64  29.11   9.88  28.88  29.21  27.66  30.09  29.68  29.04  30.96  25.75  26.89  29.34
 wrfout_d04_2016-06-21_13:00:00 999.00  27.73  22.00  26.91  22.80  28.68  30.07  27.08  29.43  29.01  28.29  28.44 999.00  29.38  29.35  28.93  22.67  28.81  15.02  28.79   9.18  28.84  29.13  27.47  29.79  29.48  28.86  30.70  25.36  26.72  29.05
 wrfout_d04_2016-06-21_14:00:00 999.00  27.69  21.80  26.67  22.63  28.34  29.68  26.75  29.13  28.48  28.04  28.33 999.00  29.22  29.45  28.76  22.11  28.70  14.98  28.42   8.62  28.80  29.17  27.24  29.71  29.33  28.61  30.39  25.12  26.27  28.79
 wrfout_d04_2016-06-21_15:00:00 999.00  27.71  21.61  26.41  22.43  28.07  29.45  26.49  28.68  28.13  27.68  28.08 999.00  28.96  29.23  28.45  21.75  28.53  14.65  28.09   8.57  28.79  29.09  26.98  29.56  29.14  28.26  29.93  24.98  25.47  28.49
 wrfout_d04_2016-06-21_16:00:00 999.00  27.69  21.51  26.15  22.32  27.80  29.01  26.33  29.30  27.66  27.43  27.89 999.00  28.60  28.86  28.23  21.59  28.38  14.48  27.77   8.67  28.89  29.03  26.72  29.50  28.96  28.00  29.56  24.76  25.25  28.17
 wrfout_d04_2016-06-21_17:00:00 999.00  27.69  21.31  25.92  22.09  27.48  28.59  26.00  28.94  27.74  27.33  27.75 999.00  28.44  28.40  28.03  21.40  28.44  14.27  27.71   8.21  28.84  28.94  26.58  29.03  28.72  27.82  29.50  24.52  25.06  28.07
 wrfout_d04_2016-06-21_18:00:00 999.00  27.66  21.09  25.73  21.86  27.24  28.16  25.75  28.31  27.60  27.18  27.57 999.00  28.16  28.00  27.87  21.21  28.47  13.90  27.54   7.91  28.82  28.89  26.41  28.76  28.54  27.70  29.24  24.24  24.99  27.81
 wrfout_d04_2016-06-21_19:00:00 999.00  27.62  22.28  25.65  21.89  27.04  27.81  26.43  27.94  27.40  27.08  27.50 999.00  27.93  27.78  27.73  21.04  28.43  13.67  27.26   7.57  28.81  28.82  26.29  28.63  28.48  27.60  29.15  23.93  24.71  27.67
 wrfout_d04_2016-06-21_20:00:00 999.00  27.55  22.41  25.50  21.89  26.92  27.47  26.62  27.36  27.21  26.85  27.43 999.00  27.92  27.91  27.63  20.91  28.54  13.36  26.86   7.16  28.80  28.75  26.17  28.51  28.32  27.52  29.05  23.71  24.55  27.36
 wrfout_d04_2016-06-21_21:00:00 999.00  27.59  22.42  25.24  22.93  27.44  27.58  26.76  27.00  27.11  26.63  27.28 999.00  28.31  27.93  27.55  20.80  28.27  13.14  26.66   6.91  28.82  28.70  26.03  28.56  28.09  27.46  28.99  23.53  24.44  27.21
 wrfout_d04_2016-06-21_22:00:00 999.00  27.58  22.89  27.58  23.70  27.53  28.00  27.66  27.59  27.97  27.46  28.15 999.00  28.46  27.91  28.03  23.47  28.60  16.22  26.93  10.20  28.78  28.61  27.10  28.54  28.57  27.89  29.31  26.14  26.92  27.80
 wrfout_d04_2016-06-21_23:00:00 999.00  27.66  23.76  28.82  24.64  28.90  29.08  28.41  28.99  29.20  29.05  29.34 999.00  29.51  28.36  29.22  24.77  29.29  18.90  27.96  13.07  28.81  28.90  28.13  29.64  29.57  29.07  30.18  27.80  28.34  29.17
