 wrfout_d04_2016-06-11_00:00:00 999.00  27.14  21.73  25.13  22.74  25.30  26.58  25.53  26.21  28.19  26.48  26.28 999.00  26.04  25.31  27.63  21.68  26.30  15.54  24.22  11.16  26.65  28.16  27.24  28.07  28.07  29.09  29.35  26.10  27.38  28.78
 wrfout_d04_2016-06-11_01:00:00 999.00  26.79  22.00  26.45  23.68  28.28  29.28  26.95  29.33  28.03  27.41  28.77 999.00  26.00  25.21  25.98  20.97  26.20  15.49  24.17  10.47  26.35  26.98  26.42  26.75  26.85  28.06  28.31  25.32  26.89  28.08
 wrfout_d04_2016-06-11_02:00:00 999.00  26.67  21.99  26.49  23.70  28.32  28.83  28.25  29.33  29.44  28.09  28.60 999.00  25.85  25.70  25.72  21.64  26.53  15.57  24.54  10.63  26.92  27.07  26.37  27.39  27.36  28.19  28.58  25.58  26.82  28.44
 wrfout_d04_2016-06-11_03:00:00 999.00  26.59  22.20  26.94  24.01  28.44  28.77  28.53  29.69  29.38  29.13  28.92 999.00  26.03  24.74  25.68  21.35  27.01  15.52  24.51  10.78  27.09  27.27  26.43  27.22  27.40  28.23  28.80  25.69  26.94  28.63
 wrfout_d04_2016-06-11_04:00:00 999.00  26.59  22.80  27.02  24.43  28.72  28.95  27.56  30.03  30.00  29.75  29.17 999.00  25.87  24.55  25.68  20.53  27.01  15.53  25.12  10.85  27.34  27.22  26.46  27.38  27.32  28.42  29.15  25.99  27.44  28.90
 wrfout_d04_2016-06-11_05:00:00 999.00  26.60  24.79  26.82  26.73  28.53  28.68  28.58  29.02  30.39  30.62  29.56 999.00  26.22  24.70  25.51  20.96  27.12  15.08  25.42  10.68  27.57  27.46  26.51  27.75  27.55  28.39  29.36  26.45  27.81  28.95
 wrfout_d04_2016-06-11_06:00:00 999.00  26.75  24.33  27.28  26.48  27.57  28.30  27.38  29.36  28.82  29.36  29.89 999.00  25.28  23.11  26.78  20.51  27.14  14.97  25.94  10.58  27.54  27.43  26.57  27.58  27.63  28.57  29.53  26.27  27.68  29.48
 wrfout_d04_2016-06-11_07:00:00 999.00  26.90  24.11  27.55  24.23  27.48  28.62  27.53  28.68  27.61  28.08  28.59 999.00  24.50  24.60  26.89  21.13  27.32  14.94  26.70  10.30  27.76  27.49  26.71  27.48  27.68  29.29  29.60  26.45  27.23  29.39
 wrfout_d04_2016-06-11_08:00:00 999.00  26.97  23.00  27.77  24.46  27.37  28.77  26.23  28.70  27.64  27.63  28.34 999.00  26.62  25.29  26.62  20.67  27.33  15.01  27.11  10.43  27.70  27.60  26.98  26.67  27.00  29.16  29.75  26.55  26.99  29.06
 wrfout_d04_2016-06-11_09:00:00 999.00  26.81  22.04  26.30  23.20  27.38  28.79  25.88  28.56  27.05  28.56  27.92 999.00  25.74  24.66  26.13  20.96  27.36  15.00  27.62  10.20  27.64  27.34  27.25  26.94  27.18  29.09  29.51  26.50  26.83  28.79
 wrfout_d04_2016-06-11_10:00:00 999.00  26.87  21.03  25.01  21.70  27.03  27.74  25.44  27.86  25.73  27.28  27.95 999.00  25.88  26.05  26.17  20.99  27.39  14.90  27.90  10.22  27.74  27.52  27.16  27.27  27.31  29.03  29.61  25.91  26.65  28.64
 wrfout_d04_2016-06-11_11:00:00 999.00  26.28  21.12  25.43  21.94  26.17  27.79  25.15  27.58  26.44  26.99  27.31 999.00  27.11  25.57  25.71  20.85  27.57  14.69  27.87  10.17  27.76  27.55  26.88  26.91  26.30  28.80  29.40  25.43  26.46  28.34
 wrfout_d04_2016-06-11_12:00:00 999.00  26.54  21.19  25.45  22.13  26.21  28.32  25.91  27.48  27.35  26.81  27.02 999.00  26.33  25.63  25.67  20.83  27.55  14.83  27.61  10.23  27.91  27.45  26.86  26.00  25.97  28.65  29.19  25.40  26.35  28.16
 wrfout_d04_2016-06-11_13:00:00 999.00  26.20  21.20  25.34  22.06  25.88  27.56  26.08  26.99  27.14  26.72  26.75 999.00  27.53  25.47  25.34  21.15  27.72  15.00  27.85  10.07  27.87  27.41  26.82  26.09  25.85  28.70  29.13  25.35  26.38  27.98
 wrfout_d04_2016-06-11_14:00:00 999.00  27.06  21.47  25.41  22.36  25.92  27.13  26.23  27.01  27.15  26.84  26.27 999.00  27.74  26.06  25.21  21.45  27.66  15.01  27.69  10.13  27.90  27.49  26.76  25.85  25.60  28.63  28.93  24.90  26.30  27.71
 wrfout_d04_2016-06-11_15:00:00 999.00  27.19  21.67  25.44  22.45  25.88  26.84  25.94  26.89  27.14  26.47  25.94 999.00  27.96  26.09  25.10  21.56  27.55  15.00  27.29   9.99  27.85  27.34  26.77  25.71  25.50  28.57  28.55  24.94  26.26  27.67
 wrfout_d04_2016-06-11_16:00:00 999.00  26.95  21.63  25.20  22.40  25.76  26.50  25.80  26.34  27.01  25.98  25.87 999.00  28.40  26.01  25.01  21.33  27.47  15.05  27.16  10.05  27.85  27.16  26.58  25.65  25.43  28.49  28.24  25.00  26.26  27.42
 wrfout_d04_2016-06-11_17:00:00 999.00  26.82  21.43  25.23  22.25  25.70  26.27  25.97  26.35  27.03  25.87  25.81 999.00  28.41  25.85  25.19  21.40  27.61  15.14  27.20  10.12  27.76  27.21  26.40  26.32  25.41  28.37  28.25  25.06  26.28  27.29
 wrfout_d04_2016-06-11_18:00:00 999.00  26.85  21.46  25.24  22.19  25.62  26.33  26.31  26.20  27.28  25.75  25.70 999.00  27.17  26.47  24.86  21.53  27.49  15.05  26.84  10.24  27.76  27.07  26.49  26.31  25.48  28.19  28.00  24.85  26.20  27.12
 wrfout_d04_2016-06-11_19:00:00 999.00  26.58  21.46  25.11  22.28  25.44  26.21  25.13  25.99  25.81  25.66  25.68 999.00  28.24  26.00  25.19  21.52  27.62  15.12  26.60  10.19  27.74  27.03  26.30  25.64  25.41  28.16  28.02  24.78  26.17  27.12
 wrfout_d04_2016-06-11_20:00:00 999.00  26.67  21.54  25.27  22.43  25.47  26.33  26.41  26.33  26.55  25.47  26.14 999.00  28.17  26.47  24.64  21.64  27.53  15.16  26.75  10.25  27.73  27.04  26.27  26.08  25.24  27.91  27.96  24.99  26.13  27.02
 wrfout_d04_2016-06-11_21:00:00 999.00  26.95  21.70  25.09  22.48  25.47  25.70  25.79  26.16  26.25  25.39  26.08 999.00  27.98  25.94  24.92  21.73  27.49  15.08  26.90  10.09  27.70  27.02  26.26  26.25  25.23  28.00  27.89  25.14  26.15  27.08
 wrfout_d04_2016-06-11_22:00:00 999.00  26.96  22.32  26.57  23.65  25.66  25.92  26.68  26.76  27.13  26.46  26.40 999.00  28.22  26.48  25.33  22.08  27.49  15.03  27.06  10.13  27.77  27.00  26.79  26.34  25.45  28.37  28.13  25.40  26.39  27.39
 wrfout_d04_2016-06-11_23:00:00 999.00  26.99  22.53  26.84  24.04  26.14  26.59  27.05  26.72  27.92  26.48  26.33 999.00  27.69  27.19  26.93  22.93  27.45  15.46  27.18  10.31  27.81  27.06  27.61  26.90  26.62  29.01  28.49  26.09  26.81  27.85
