 wrfout_d04_2016-06-03_00:00:00 999.00  27.21  23.46  28.15  24.63  28.48  29.59  27.83  29.78  29.79  28.33  29.18 999.00  30.76  30.15  29.69  26.08  29.03  19.28  28.66  12.62  28.43  28.75  28.53  29.88  29.88  30.14  30.55  31.08  28.64  29.61
 wrfout_d04_2016-06-03_01:00:00 999.00  27.33  24.07  27.67  25.37  29.34  30.28  29.21  30.92  32.09  29.45  30.20 999.00  31.92  31.65  29.68  28.03  29.33  20.14  29.70  13.16  28.52  28.80  29.45  31.18  30.78  31.33  31.36  32.40  29.33  30.21
 wrfout_d04_2016-06-03_02:00:00 999.00  27.09  25.30  29.51  26.44  31.67  32.92  29.87  33.40  33.36  30.44  31.07 999.00  32.32  33.00  30.80  29.06  29.82  20.86  30.75  13.42  28.59  28.84  29.82  32.22  31.54  31.92  31.95  32.74  29.83  30.75
 wrfout_d04_2016-06-03_03:00:00 999.00  27.33  25.99  31.13  27.34  30.92  34.27  30.49  34.89  32.47  30.62  31.21 999.00  32.91  34.17  31.10  29.49  30.74  21.44  32.16  13.66  28.65  28.89  30.13  32.96  32.20  32.22  32.32  33.39  30.17  31.06
 wrfout_d04_2016-06-03_04:00:00 999.00  27.29  26.40  31.67  27.89  29.89  35.01  30.28  34.79  32.40  30.74  31.14 999.00  33.05  35.32  31.23  29.97  31.14  21.80  32.91  13.97  28.66  28.87  30.37  33.49  32.60  32.10  32.52  34.16  30.38  31.30
 wrfout_d04_2016-06-03_05:00:00 999.00  27.27  26.28  31.89  27.77  30.26  34.62  30.24  34.67  32.44  31.16  31.50 999.00  32.84  35.68  31.25  30.25  31.11  21.95  33.36  14.02  28.68  28.88  30.28  33.87  32.83  32.20  32.66  34.17  30.43  31.49
 wrfout_d04_2016-06-03_06:00:00 999.00  27.23  25.65  30.79  27.18  30.29  34.33  29.90  34.41  32.14  31.24  31.88 999.00  32.52  35.79  31.34  30.20  31.03  21.87  33.57  13.79  28.71  28.92  30.26  33.91  32.84  32.44  32.51  33.93  30.27  31.47
 wrfout_d04_2016-06-03_07:00:00 999.00  27.36  25.12  30.07  26.58  29.72  33.34  29.49  33.52  31.33  30.73  31.51 999.00  32.16  35.55  31.23  29.66  30.92  21.23  33.26  13.42  28.78  28.90  30.17  33.56  32.54  32.39  32.22  33.44  29.83  31.15
 wrfout_d04_2016-06-03_08:00:00 999.00  27.29  24.54  29.38  25.88  29.26  32.38  29.03  32.55  30.48  30.05  31.12 999.00  31.78  34.57  31.02  28.74  30.64  20.51  32.25  13.14  28.80  28.88  30.09  32.83  32.08  32.05  31.91  32.60  29.19  30.72
 wrfout_d04_2016-06-03_09:00:00 999.00  27.04  23.66  28.68  24.82  28.60  31.40  28.32  31.68  29.70  29.33  30.21 999.00  30.93  33.27  30.51  27.62  30.09  19.73  31.12  12.62  28.80  28.90  29.55  32.03  31.24  31.40  31.52  31.08  28.41  30.31
 wrfout_d04_2016-06-03_10:00:00 999.00  27.10  23.03  27.96  24.04  27.98  30.70  27.87  30.76  29.07  28.30  28.93 999.00  30.24  31.94  29.69  26.13  29.47  18.39  30.20  11.63  28.91  28.87  28.71  30.80  30.31  30.39  30.86  29.13  27.47  29.71
 wrfout_d04_2016-06-03_11:00:00 999.00  27.20  22.66  26.80  23.52  27.70  30.40  27.69  29.90  28.86  27.81  28.08 999.00  29.82  30.87  29.17  23.99  29.05  15.97  29.51  11.15  28.88  28.79  28.27  30.05  29.60  29.52  30.47  27.06  27.04  29.28
 wrfout_d04_2016-06-03_12:00:00 999.00  27.15  22.65  26.61  22.67  27.68  29.88  27.71  29.40  29.16  28.03  27.91 999.00  29.44  30.06  28.88  23.37  28.79  15.81  29.01  11.01  28.80  28.74  27.99  29.63  29.16  29.19  30.27  26.40  26.94  29.08
 wrfout_d04_2016-06-03_13:00:00 999.00  27.13  22.57  26.47  22.45  27.38  29.33  27.78  29.12  29.16  28.02  27.94 999.00  28.81  29.41  28.51  22.87  28.50  15.34  28.44  10.95  28.70  28.71  27.67  29.17  28.93  28.86  30.04  25.84  26.86  28.90
 wrfout_d04_2016-06-03_14:00:00 999.00  27.10  22.51  26.24  22.26  27.16  28.82  27.91  28.88  29.19  28.01  28.01 999.00  28.50  28.67  28.28  22.44  28.29  15.02  27.81  10.81  28.53  28.67  27.21  28.96  28.83  28.44  29.91  25.37  26.78  28.65
 wrfout_d04_2016-06-03_15:00:00 999.00  27.07  22.61  26.04  22.21  27.01  28.60  27.82  28.48  29.04  27.61  27.89 999.00  28.28  28.23  28.07  22.04  28.35  14.74  27.45  10.90  28.57  28.66  26.91  28.83  28.72  28.40  29.62  24.93  26.69  28.24
 wrfout_d04_2016-06-03_16:00:00 999.00  27.09  22.48  25.87  22.12  26.81  28.36  27.67  28.11  28.71  27.31  28.11 999.00  28.05  27.91  27.89  21.61  28.30  14.80  26.80  10.82  28.54  28.67  26.63  28.62  28.54  28.33  29.25  24.54  26.60  27.97
 wrfout_d04_2016-06-03_17:00:00 999.00  27.02  22.34  25.61  21.91  26.70  28.22  27.49  27.84  28.47  27.22  27.90 999.00  27.75  27.58  27.67  21.23  28.11  13.92  26.70  10.49  28.29  28.58  26.36  28.46  28.38  28.14  29.18  24.19  26.58  27.89
 wrfout_d04_2016-06-03_18:00:00 999.00  26.99  22.18  25.41  22.72  26.41  27.91  27.41  27.37  28.33  27.10  27.34 999.00  27.45  27.44  27.53  20.86  27.99  13.53  26.53  10.20  28.29  28.51  26.09  28.22  28.24  27.72  29.01  23.92  26.53  27.75
 wrfout_d04_2016-06-03_19:00:00 999.00  27.10  22.07  25.25  22.73  26.46  27.77  27.41  27.02  28.30  26.93  26.99 999.00  27.25  27.32  27.48  20.57  27.87  13.31  26.36  10.14  28.25  28.46  25.85  27.65  27.91  27.34  28.96  23.74  26.54  27.69
 wrfout_d04_2016-06-03_20:00:00 999.00  27.49  22.01  25.10  22.66  25.71  27.15  27.36  26.87  28.13  26.61  26.52 999.00  27.20  27.12  27.46  20.37  27.78  14.48  26.01  10.14  28.24  28.39  25.64  27.26  27.33  27.31  28.82  23.60  26.52  27.56
 wrfout_d04_2016-06-03_21:00:00 999.00  27.53  22.04  24.99  22.73  25.81  26.81  27.28  26.63  27.99  26.28  26.31 999.00  27.14  26.96  27.46  20.23  27.73  14.93  26.06  10.09  28.22  28.09  25.42  26.97  26.86  27.14  28.79  23.82  26.50  27.55
 wrfout_d04_2016-06-03_22:00:00 999.00  27.47  22.46  27.59  23.32  27.01  28.24  27.52  27.92  28.36  27.40  27.62 999.00  27.64  27.35  27.73  23.62  28.12  16.91  26.56  11.13  28.27  28.34  27.43  27.33  27.09  27.36  29.23  26.93  27.08  27.88
 wrfout_d04_2016-06-03_23:00:00 999.00  27.54  23.40  28.82  24.48  28.55  29.53  28.16  29.40  29.45  28.92  28.94 999.00  28.95  28.69  28.81  26.00  28.92  19.00  27.64  12.55  28.35  28.60  27.97  29.05  28.96  27.91  30.00  29.64  27.99  28.47
