165650.0 2546050.0    0.0    1.4
166150.0 2546050.0   -0.1    1.4
166650.0 2546050.0   -0.1    1.4
167150.0 2546050.0   -0.1    1.4
167650.0 2546050.0   -0.1    1.4
168150.0 2546050.0   -0.1    1.4
168650.0 2546050.0   -0.1    1.4
169150.0 2546050.0   -0.1    1.4
169650.0 2546050.0   -0.1    1.4
170150.0 2546050.0   -0.1    1.4
170650.0 2546050.0   -0.1    1.4
171150.0 2546050.0   -0.1    1.4
171650.0 2546050.0   -0.1    1.4
172150.0 2546050.0   -0.1    1.4
172650.0 2546050.0   -0.2    1.3
173150.0 2546050.0   -0.2    1.3
173650.0 2546050.0   -0.2    1.3
174150.0 2546050.0   -0.2    1.2
174650.0 2546050.0   -0.2    1.2
175150.0 2546050.0   -0.3    1.2
175650.0 2546050.0   -0.3    1.2
176150.0 2546050.0   -0.3    1.2
176650.0 2546050.0   -0.3    1.2
177150.0 2546050.0   -0.3    1.2
177650.0 2546050.0   -0.3    1.2
178150.0 2546050.0   -0.3    1.2
178650.0 2546050.0   -0.3    1.2
179150.0 2546050.0   -0.3    1.2
179650.0 2546050.0   -0.3    1.1
180150.0 2546050.0   -0.3    1.1
180650.0 2546050.0   -0.3    1.1
181150.0 2546050.0   -0.3    1.1
181650.0 2546050.0   -0.3    1.0
182150.0 2546050.0   -0.3    1.0
182650.0 2546050.0   -0.2    1.0
183150.0 2546050.0   -0.2    1.0
183650.0 2546050.0   -0.2    1.0
184150.0 2546050.0   -0.2    0.9
184650.0 2546050.0   -0.2    0.9
185150.0 2546050.0   -0.2    0.9
165650.0 2546550.0    0.0    1.4
166150.0 2546550.0   -0.1    1.4
166650.0 2546550.0   -0.1    1.4
167150.0 2546550.0   -0.1    1.4
167650.0 2546550.0   -0.1    1.4
168150.0 2546550.0   -0.1    1.4
168650.0 2546550.0   -0.1    1.4
169150.0 2546550.0   -0.1    1.4
169650.0 2546550.0   -0.1    1.4
170150.0 2546550.0   -0.1    1.4
170650.0 2546550.0   -0.1    1.4
171150.0 2546550.0   -0.1    1.4
171650.0 2546550.0   -0.1    1.4
172150.0 2546550.0   -0.1    1.4
172650.0 2546550.0   -0.1    1.4
173150.0 2546550.0   -0.2    1.3
173650.0 2546550.0   -0.2    1.3
174150.0 2546550.0   -0.2    1.3
174650.0 2546550.0   -0.2    1.2
175150.0 2546550.0   -0.3    1.2
175650.0 2546550.0   -0.3    1.2
176150.0 2546550.0   -0.3    1.2
176650.0 2546550.0   -0.3    1.2
177150.0 2546550.0   -0.3    1.2
177650.0 2546550.0   -0.3    1.2
178150.0 2546550.0   -0.3    1.2
178650.0 2546550.0   -0.3    1.2
179150.0 2546550.0   -0.3    1.2
179650.0 2546550.0   -0.3    1.2
180150.0 2546550.0   -0.3    1.1
180650.0 2546550.0   -0.3    1.1
181150.0 2546550.0   -0.3    1.1
181650.0 2546550.0   -0.3    1.1
182150.0 2546550.0   -0.3    1.0
182650.0 2546550.0   -0.2    1.0
183150.0 2546550.0   -0.2    1.0
183650.0 2546550.0   -0.2    1.0
184150.0 2546550.0   -0.2    0.9
184650.0 2546550.0   -0.2    0.9
185150.0 2546550.0   -0.2    0.9
165650.0 2547050.0   -0.1    1.4
166150.0 2547050.0   -0.1    1.4
166650.0 2547050.0   -0.1    1.4
167150.0 2547050.0   -0.1    1.4
167650.0 2547050.0   -0.1    1.4
168150.0 2547050.0   -0.1    1.4
168650.0 2547050.0   -0.1    1.4
169150.0 2547050.0   -0.1    1.4
169650.0 2547050.0   -0.1    1.5
170150.0 2547050.0   -0.1    1.5
170650.0 2547050.0   -0.1    1.5
171150.0 2547050.0   -0.1    1.5
171650.0 2547050.0   -0.1    1.4
172150.0 2547050.0   -0.1    1.4
172650.0 2547050.0   -0.1    1.4
173150.0 2547050.0   -0.1    1.4
173650.0 2547050.0   -0.2    1.3
174150.0 2547050.0   -0.2    1.3
174650.0 2547050.0   -0.2    1.3
175150.0 2547050.0   -0.3    1.2
175650.0 2547050.0   -0.3    1.2
176150.0 2547050.0   -0.3    1.2
176650.0 2547050.0   -0.3    1.2
177150.0 2547050.0   -0.3    1.2
177650.0 2547050.0   -0.3    1.2
178150.0 2547050.0   -0.3    1.2
178650.0 2547050.0   -0.3    1.2
179150.0 2547050.0   -0.3    1.2
179650.0 2547050.0   -0.3    1.2
180150.0 2547050.0   -0.3    1.2
180650.0 2547050.0   -0.3    1.1
181150.0 2547050.0   -0.3    1.1
181650.0 2547050.0   -0.3    1.1
182150.0 2547050.0   -0.3    1.0
182650.0 2547050.0   -0.3    1.0
183150.0 2547050.0   -0.3    1.0
183650.0 2547050.0   -0.3    1.0
184150.0 2547050.0   -0.3    0.9
184650.0 2547050.0   -0.2    0.9
185150.0 2547050.0   -0.2    0.9
165650.0 2547550.0   -0.1    1.4
166150.0 2547550.0   -0.1    1.4
166650.0 2547550.0   -0.1    1.4
167150.0 2547550.0   -0.1    1.4
167650.0 2547550.0   -0.1    1.4
168150.0 2547550.0   -0.1    1.4
168650.0 2547550.0   -0.1    1.4
169150.0 2547550.0   -0.1    1.5
169650.0 2547550.0   -0.1    1.5
170150.0 2547550.0   -0.1    1.5
170650.0 2547550.0   -0.1    1.5
171150.0 2547550.0    0.0    1.5
171650.0 2547550.0    0.0    1.5
172150.0 2547550.0   -0.1    1.5
172650.0 2547550.0   -0.1    1.4
173150.0 2547550.0   -0.1    1.4
173650.0 2547550.0   -0.2    1.4
174150.0 2547550.0   -0.2    1.3
174650.0 2547550.0   -0.2    1.3
175150.0 2547550.0   -0.3    1.3
175650.0 2547550.0   -0.3    1.3
176150.0 2547550.0   -0.3    1.2
176650.0 2547550.0   -0.3    1.2
177150.0 2547550.0   -0.3    1.2
177650.0 2547550.0   -0.3    1.2
178150.0 2547550.0   -0.3    1.2
178650.0 2547550.0   -0.3    1.2
179150.0 2547550.0   -0.3    1.2
179650.0 2547550.0   -0.3    1.2
180150.0 2547550.0   -0.3    1.2
180650.0 2547550.0   -0.3    1.1
181150.0 2547550.0   -0.3    1.1
181650.0 2547550.0   -0.3    1.1
182150.0 2547550.0   -0.3    1.1
182650.0 2547550.0   -0.3    1.0
183150.0 2547550.0   -0.3    1.0
183650.0 2547550.0   -0.3    1.0
184150.0 2547550.0   -0.3    1.0
184650.0 2547550.0   -0.3    0.9
185150.0 2547550.0   -0.3    0.9
165650.0 2548050.0   -0.1    1.4
166150.0 2548050.0   -0.1    1.4
166650.0 2548050.0   -0.1    1.4
167150.0 2548050.0   -0.1    1.4
167650.0 2548050.0   -0.1    1.4
168150.0 2548050.0   -0.1    1.4
168650.0 2548050.0   -0.1    1.4
169150.0 2548050.0   -0.1    1.5
169650.0 2548050.0   -0.1    1.5
170150.0 2548050.0   -0.1    1.5
170650.0 2548050.0    0.0    1.5
171150.0 2548050.0    0.0    1.5
171650.0 2548050.0    0.0    1.5
172150.0 2548050.0    0.0    1.5
172650.0 2548050.0   -0.1    1.5
173150.0 2548050.0   -0.1    1.4
173650.0 2548050.0   -0.1    1.4
174150.0 2548050.0   -0.2    1.4
174650.0 2548050.0   -0.2    1.3
175150.0 2548050.0   -0.2    1.3
175650.0 2548050.0   -0.3    1.3
176150.0 2548050.0   -0.3    1.3
176650.0 2548050.0   -0.3    1.2
177150.0 2548050.0   -0.3    1.2
177650.0 2548050.0   -0.3    1.2
178150.0 2548050.0   -0.3    1.2
178650.0 2548050.0   -0.3    1.2
179150.0 2548050.0   -0.3    1.2
179650.0 2548050.0   -0.3    1.2
180150.0 2548050.0   -0.3    1.2
180650.0 2548050.0   -0.3    1.2
181150.0 2548050.0   -0.2    1.2
181650.0 2548050.0   -0.2    1.1
182150.0 2548050.0   -0.3    1.1
182650.0 2548050.0   -0.3    1.1
183150.0 2548050.0   -0.3    1.0
183650.0 2548050.0   -0.3    1.0
184150.0 2548050.0   -0.3    1.0
184650.0 2548050.0   -0.3    0.9
185150.0 2548050.0   -0.3    0.9
165650.0 2548550.0   -0.1    1.4
166150.0 2548550.0   -0.1    1.4
166650.0 2548550.0   -0.1    1.4
167150.0 2548550.0   -0.1    1.4
167650.0 2548550.0   -0.1    1.4
168150.0 2548550.0   -0.1    1.4
168650.0 2548550.0   -0.1    1.4
169150.0 2548550.0   -0.1    1.5
169650.0 2548550.0   -0.1    1.5
170150.0 2548550.0   -0.1    1.5
170650.0 2548550.0    0.0    1.5
171150.0 2548550.0    0.0    1.5
171650.0 2548550.0    0.0    1.5
172150.0 2548550.0    0.0    1.5
172650.0 2548550.0    0.0    1.5
173150.0 2548550.0   -0.1    1.5
173650.0 2548550.0   -0.1    1.4
174150.0 2548550.0   -0.2    1.4
174650.0 2548550.0   -0.2    1.4
175150.0 2548550.0   -0.2    1.3
175650.0 2548550.0   -0.3    1.3
176150.0 2548550.0   -0.3    1.3
176650.0 2548550.0   -0.3    1.3
177150.0 2548550.0   -0.3    1.2
177650.0 2548550.0   -0.3    1.2
178150.0 2548550.0   -0.3    1.2
178650.0 2548550.0   -0.3    1.2
179150.0 2548550.0   -0.3    1.2
179650.0 2548550.0   -0.3    1.2
180150.0 2548550.0   -0.3    1.2
180650.0 2548550.0   -0.3    1.2
181150.0 2548550.0   -0.2    1.2
181650.0 2548550.0   -0.2    1.2
182150.0 2548550.0   -0.2    1.1
182650.0 2548550.0   -0.3    1.1
183150.0 2548550.0   -0.3    1.1
183650.0 2548550.0   -0.3    1.0
184150.0 2548550.0   -0.3    1.0
184650.0 2548550.0   -0.3    0.9
185150.0 2548550.0   -0.3    0.9
165650.0 2549050.0   -0.1    1.4
166150.0 2549050.0   -0.1    1.4
166650.0 2549050.0   -0.1    1.4
167150.0 2549050.0   -0.1    1.4
167650.0 2549050.0   -0.1    1.4
168150.0 2549050.0   -0.1    1.4
168650.0 2549050.0   -0.1    1.4
169150.0 2549050.0   -0.1    1.5
169650.0 2549050.0   -0.1    1.5
170150.0 2549050.0   -0.1    1.5
170650.0 2549050.0    0.0    1.5
171150.0 2549050.0    0.0    1.5
171650.0 2549050.0    0.0    1.5
172150.0 2549050.0    0.0    1.5
172650.0 2549050.0    0.0    1.5
173150.0 2549050.0   -0.1    1.5
173650.0 2549050.0   -0.1    1.4
174150.0 2549050.0   -0.2    1.4
174650.0 2549050.0   -0.2    1.4
175150.0 2549050.0   -0.3    1.4
175650.0 2549050.0   -0.3    1.3
176150.0 2549050.0   -0.3    1.3
176650.0 2549050.0   -0.3    1.3
177150.0 2549050.0   -0.3    1.3
177650.0 2549050.0   -0.3    1.3
178150.0 2549050.0   -0.3    1.3
178650.0 2549050.0   -0.3    1.2
179150.0 2549050.0   -0.3    1.2
179650.0 2549050.0   -0.3    1.2
180150.0 2549050.0   -0.3    1.2
180650.0 2549050.0   -0.3    1.2
181150.0 2549050.0   -0.3    1.2
181650.0 2549050.0   -0.3    1.2
182150.0 2549050.0   -0.2    1.2
182650.0 2549050.0   -0.3    1.1
183150.0 2549050.0   -0.3    1.1
183650.0 2549050.0   -0.3    1.0
184150.0 2549050.0   -0.3    1.0
184650.0 2549050.0   -0.3    0.9
185150.0 2549050.0   -0.3    0.9
165650.0 2549550.0   -0.1    1.4
166150.0 2549550.0   -0.1    1.4
166650.0 2549550.0   -0.1    1.4
167150.0 2549550.0   -0.1    1.4
167650.0 2549550.0   -0.1    1.4
168150.0 2549550.0   -0.1    1.4
168650.0 2549550.0   -0.1    1.4
169150.0 2549550.0   -0.1    1.4
169650.0 2549550.0   -0.1    1.5
170150.0 2549550.0   -0.1    1.5
170650.0 2549550.0   -0.1    1.5
171150.0 2549550.0    0.0    1.5
171650.0 2549550.0    0.0    1.5
172150.0 2549550.0    0.0    1.5
172650.0 2549550.0   -0.1    1.5
173150.0 2549550.0   -0.1    1.5
173650.0 2549550.0   -0.1    1.4
174150.0 2549550.0   -0.2    1.4
174650.0 2549550.0   -0.2    1.4
175150.0 2549550.0   -0.3    1.4
175650.0 2549550.0   -0.3    1.4
176150.0 2549550.0   -0.3    1.3
176650.0 2549550.0   -0.3    1.3
177150.0 2549550.0   -0.4    1.3
177650.0 2549550.0   -0.4    1.3
178150.0 2549550.0   -0.4    1.3
178650.0 2549550.0   -0.3    1.3
179150.0 2549550.0   -0.3    1.3
179650.0 2549550.0   -0.3    1.3
180150.0 2549550.0   -0.3    1.2
180650.0 2549550.0   -0.3    1.2
181150.0 2549550.0   -0.3    1.2
181650.0 2549550.0   -0.3    1.2
182150.0 2549550.0   -0.3    1.2
182650.0 2549550.0   -0.3    1.1
183150.0 2549550.0   -0.3    1.1
183650.0 2549550.0   -0.3    1.1
184150.0 2549550.0   -0.3    1.0
184650.0 2549550.0   -0.3    1.0
185150.0 2549550.0   -0.3    0.9
165650.0 2550050.0   -0.1    1.4
166150.0 2550050.0   -0.1    1.4
166650.0 2550050.0   -0.1    1.4
167150.0 2550050.0   -0.1    1.4
167650.0 2550050.0   -0.1    1.4
168150.0 2550050.0   -0.1    1.4
168650.0 2550050.0   -0.1    1.4
169150.0 2550050.0   -0.1    1.4
169650.0 2550050.0   -0.1    1.5
170150.0 2550050.0   -0.1    1.5
170650.0 2550050.0   -0.1    1.5
171150.0 2550050.0   -0.1    1.5
171650.0 2550050.0   -0.1    1.5
172150.0 2550050.0   -0.1    1.5
172650.0 2550050.0   -0.1    1.5
173150.0 2550050.0   -0.1    1.5
173650.0 2550050.0   -0.2    1.4
174150.0 2550050.0   -0.2    1.4
174650.0 2550050.0   -0.3    1.4
175150.0 2550050.0   -0.3    1.4
175650.0 2550050.0   -0.3    1.4
176150.0 2550050.0   -0.4    1.4
176650.0 2550050.0   -0.4    1.3
177150.0 2550050.0   -0.4    1.3
177650.0 2550050.0   -0.4    1.3
178150.0 2550050.0   -0.4    1.3
178650.0 2550050.0   -0.4    1.3
179150.0 2550050.0   -0.3    1.3
179650.0 2550050.0   -0.3    1.3
180150.0 2550050.0   -0.3    1.3
180650.0 2550050.0   -0.3    1.3
181150.0 2550050.0   -0.3    1.2
181650.0 2550050.0   -0.3    1.2
182150.0 2550050.0   -0.3    1.2
182650.0 2550050.0   -0.3    1.2
183150.0 2550050.0   -0.3    1.1
183650.0 2550050.0   -0.3    1.1
184150.0 2550050.0   -0.3    1.1
184650.0 2550050.0   -0.3    1.0
185150.0 2550050.0   -0.3    1.0
165650.0 2550550.0   -0.1    1.4
166150.0 2550550.0   -0.1    1.4
166650.0 2550550.0   -0.1    1.4
167150.0 2550550.0   -0.1    1.4
167650.0 2550550.0   -0.2    1.4
168150.0 2550550.0   -0.2    1.4
168650.0 2550550.0   -0.2    1.4
169150.0 2550550.0   -0.2    1.4
169650.0 2550550.0   -0.2    1.4
170150.0 2550550.0   -0.1    1.5
170650.0 2550550.0   -0.1    1.5
171150.0 2550550.0   -0.1    1.5
171650.0 2550550.0   -0.1    1.5
172150.0 2550550.0   -0.1    1.5
172650.0 2550550.0   -0.1    1.5
173150.0 2550550.0   -0.2    1.5
173650.0 2550550.0   -0.2    1.5
174150.0 2550550.0   -0.3    1.4
174650.0 2550550.0   -0.3    1.4
175150.0 2550550.0   -0.3    1.4
175650.0 2550550.0   -0.4    1.4
176150.0 2550550.0   -0.4    1.4
176650.0 2550550.0   -0.4    1.4
177150.0 2550550.0   -0.4    1.4
177650.0 2550550.0   -0.4    1.4
178150.0 2550550.0   -0.4    1.3
178650.0 2550550.0   -0.4    1.3
179150.0 2550550.0   -0.4    1.3
179650.0 2550550.0   -0.3    1.3
180150.0 2550550.0   -0.3    1.3
180650.0 2550550.0   -0.3    1.3
181150.0 2550550.0   -0.3    1.3
181650.0 2550550.0   -0.3    1.2
182150.0 2550550.0   -0.3    1.2
182650.0 2550550.0   -0.3    1.2
183150.0 2550550.0   -0.3    1.1
183650.0 2550550.0   -0.3    1.1
184150.0 2550550.0   -0.3    1.1
184650.0 2550550.0   -0.3    1.0
185150.0 2550550.0   -0.3    1.0
165650.0 2551050.0   -0.2    1.4
166150.0 2551050.0   -0.2    1.4
166650.0 2551050.0   -0.2    1.4
167150.0 2551050.0   -0.2    1.4
167650.0 2551050.0   -0.2    1.4
168150.0 2551050.0   -0.2    1.4
168650.0 2551050.0   -0.2    1.4
169150.0 2551050.0   -0.2    1.4
169650.0 2551050.0   -0.2    1.4
170150.0 2551050.0   -0.2    1.4
170650.0 2551050.0   -0.2    1.5
171150.0 2551050.0   -0.2    1.5
171650.0 2551050.0   -0.2    1.5
172150.0 2551050.0   -0.2    1.5
172650.0 2551050.0   -0.2    1.5
173150.0 2551050.0   -0.2    1.5
173650.0 2551050.0   -0.3    1.5
174150.0 2551050.0   -0.3    1.4
174650.0 2551050.0   -0.3    1.4
175150.0 2551050.0   -0.4    1.4
175650.0 2551050.0   -0.4    1.4
176150.0 2551050.0   -0.4    1.4
176650.0 2551050.0   -0.4    1.4
177150.0 2551050.0   -0.4    1.4
177650.0 2551050.0   -0.4    1.4
178150.0 2551050.0   -0.4    1.4
178650.0 2551050.0   -0.4    1.4
179150.0 2551050.0   -0.4    1.4
179650.0 2551050.0   -0.3    1.3
180150.0 2551050.0   -0.3    1.3
180650.0 2551050.0   -0.3    1.3
181150.0 2551050.0   -0.3    1.3
181650.0 2551050.0   -0.3    1.3
182150.0 2551050.0   -0.3    1.2
182650.0 2551050.0   -0.3    1.2
183150.0 2551050.0   -0.3    1.2
183650.0 2551050.0   -0.3    1.1
184150.0 2551050.0   -0.3    1.1
184650.0 2551050.0   -0.3    1.1
185150.0 2551050.0   -0.3    1.0
165650.0 2551550.0   -0.2    1.5
166150.0 2551550.0   -0.2    1.5
166650.0 2551550.0   -0.2    1.4
167150.0 2551550.0   -0.2    1.4
167650.0 2551550.0   -0.2    1.4
168150.0 2551550.0   -0.2    1.4
168650.0 2551550.0   -0.2    1.4
169150.0 2551550.0   -0.2    1.4
169650.0 2551550.0   -0.2    1.4
170150.0 2551550.0   -0.2    1.4
170650.0 2551550.0   -0.2    1.5
171150.0 2551550.0   -0.2    1.5
171650.0 2551550.0   -0.2    1.5
172150.0 2551550.0   -0.2    1.5
172650.0 2551550.0   -0.2    1.5
173150.0 2551550.0   -0.3    1.5
173650.0 2551550.0   -0.3    1.5
174150.0 2551550.0   -0.3    1.5
174650.0 2551550.0   -0.4    1.5
175150.0 2551550.0   -0.4    1.5
175650.0 2551550.0   -0.5    1.5
176150.0 2551550.0   -0.5    1.5
176650.0 2551550.0   -0.5    1.5
177150.0 2551550.0   -0.5    1.4
177650.0 2551550.0   -0.5    1.4
178150.0 2551550.0   -0.4    1.4
178650.0 2551550.0   -0.4    1.4
179150.0 2551550.0   -0.4    1.4
179650.0 2551550.0   -0.3    1.4
180150.0 2551550.0   -0.3    1.4
180650.0 2551550.0   -0.3    1.3
181150.0 2551550.0   -0.3    1.3
181650.0 2551550.0   -0.3    1.3
182150.0 2551550.0   -0.3    1.2
182650.0 2551550.0   -0.3    1.2
183150.0 2551550.0   -0.3    1.2
183650.0 2551550.0   -0.3    1.2
184150.0 2551550.0   -0.3    1.1
184650.0 2551550.0   -0.3    1.1
185150.0 2551550.0   -0.3    1.1
165650.0 2552050.0   -0.2    1.5
166150.0 2552050.0   -0.2    1.5
166650.0 2552050.0   -0.2    1.5
167150.0 2552050.0   -0.2    1.4
167650.0 2552050.0   -0.2    1.4
168150.0 2552050.0   -0.2    1.4
168650.0 2552050.0   -0.3    1.4
169150.0 2552050.0   -0.2    1.4
169650.0 2552050.0   -0.2    1.4
170150.0 2552050.0   -0.2    1.4
170650.0 2552050.0   -0.2    1.5
171150.0 2552050.0   -0.2    1.5
171650.0 2552050.0   -0.3    1.5
172150.0 2552050.0   -0.3    1.5
172650.0 2552050.0   -0.3    1.5
173150.0 2552050.0   -0.3    1.5
173650.0 2552050.0   -0.4    1.5
174150.0 2552050.0   -0.4    1.5
174650.0 2552050.0   -0.4    1.5
175150.0 2552050.0   -0.5    1.5
175650.0 2552050.0   -0.5    1.5
176150.0 2552050.0   -0.5    1.5
176650.0 2552050.0   -0.5    1.5
177150.0 2552050.0   -0.5    1.5
177650.0 2552050.0   -0.5    1.5
178150.0 2552050.0   -0.5    1.5
178650.0 2552050.0   -0.4    1.4
179150.0 2552050.0   -0.4    1.4
179650.0 2552050.0   -0.3    1.4
180150.0 2552050.0   -0.3    1.4
180650.0 2552050.0   -0.3    1.4
181150.0 2552050.0   -0.3    1.3
181650.0 2552050.0   -0.3    1.3
182150.0 2552050.0   -0.3    1.3
182650.0 2552050.0   -0.3    1.2
183150.0 2552050.0   -0.3    1.2
183650.0 2552050.0   -0.3    1.2
184150.0 2552050.0   -0.3    1.1
184650.0 2552050.0   -0.3    1.1
185150.0 2552050.0   -0.3    1.1
165650.0 2552550.0   -0.2    1.5
166150.0 2552550.0   -0.2    1.5
166650.0 2552550.0   -0.2    1.5
167150.0 2552550.0   -0.3    1.5
167650.0 2552550.0   -0.3    1.4
168150.0 2552550.0   -0.3    1.4
168650.0 2552550.0   -0.3    1.4
169150.0 2552550.0   -0.3    1.4
169650.0 2552550.0   -0.3    1.4
170150.0 2552550.0   -0.3    1.4
170650.0 2552550.0   -0.3    1.5
171150.0 2552550.0   -0.3    1.5
171650.0 2552550.0   -0.3    1.5
172150.0 2552550.0   -0.3    1.5
172650.0 2552550.0   -0.3    1.5
173150.0 2552550.0   -0.4    1.5
173650.0 2552550.0   -0.4    1.5
174150.0 2552550.0   -0.4    1.5
174650.0 2552550.0   -0.5    1.5
175150.0 2552550.0   -0.5    1.5
175650.0 2552550.0   -0.6    1.5
176150.0 2552550.0   -0.6    1.5
176650.0 2552550.0   -0.6    1.6
177150.0 2552550.0   -0.6    1.5
177650.0 2552550.0   -0.5    1.5
178150.0 2552550.0   -0.5    1.5
178650.0 2552550.0   -0.4    1.5
179150.0 2552550.0   -0.4    1.5
179650.0 2552550.0   -0.3    1.4
180150.0 2552550.0   -0.3    1.4
180650.0 2552550.0   -0.3    1.4
181150.0 2552550.0   -0.3    1.4
181650.0 2552550.0   -0.3    1.3
182150.0 2552550.0   -0.3    1.3
182650.0 2552550.0   -0.3    1.3
183150.0 2552550.0   -0.3    1.2
183650.0 2552550.0   -0.3    1.2
184150.0 2552550.0   -0.3    1.2
184650.0 2552550.0   -0.3    1.1
185150.0 2552550.0   -0.3    1.1
165650.0 2553050.0   -0.2    1.5
166150.0 2553050.0   -0.3    1.5
166650.0 2553050.0   -0.3    1.5
167150.0 2553050.0   -0.3    1.5
167650.0 2553050.0   -0.3    1.5
168150.0 2553050.0   -0.3    1.5
168650.0 2553050.0   -0.3    1.4
169150.0 2553050.0   -0.3    1.4
169650.0 2553050.0   -0.3    1.4
170150.0 2553050.0   -0.3    1.4
170650.0 2553050.0   -0.3    1.5
171150.0 2553050.0   -0.3    1.5
171650.0 2553050.0   -0.3    1.5
172150.0 2553050.0   -0.3    1.4
172650.0 2553050.0   -0.4    1.4
173150.0 2553050.0   -0.4    1.4
173650.0 2553050.0   -0.4    1.4
174150.0 2553050.0   -0.5    1.5
174650.0 2553050.0   -0.5    1.5
175150.0 2553050.0   -0.6    1.5
175650.0 2553050.0   -0.6    1.5
176150.0 2553050.0   -0.7    1.6
176650.0 2553050.0   -0.7    1.6
177150.0 2553050.0   -0.7    1.6
177650.0 2553050.0   -0.6    1.6
178150.0 2553050.0   -0.5    1.5
178650.0 2553050.0   -0.4    1.5
179150.0 2553050.0   -0.4    1.5
179650.0 2553050.0   -0.3    1.5
180150.0 2553050.0   -0.3    1.4
180650.0 2553050.0   -0.3    1.4
181150.0 2553050.0   -0.2    1.4
181650.0 2553050.0   -0.2    1.3
182150.0 2553050.0   -0.2    1.3
182650.0 2553050.0   -0.2    1.3
183150.0 2553050.0   -0.3    1.2
183650.0 2553050.0   -0.3    1.2
184150.0 2553050.0   -0.3    1.2
184650.0 2553050.0   -0.2    1.1
185150.0 2553050.0   -0.3    1.1
165650.0 2553550.0   -0.3    1.5
166150.0 2553550.0   -0.3    1.5
166650.0 2553550.0   -0.3    1.5
167150.0 2553550.0   -0.3    1.5
167650.0 2553550.0   -0.3    1.5
168150.0 2553550.0   -0.3    1.5
168650.0 2553550.0   -0.3    1.5
169150.0 2553550.0   -0.3    1.4
169650.0 2553550.0   -0.3    1.4
170150.0 2553550.0   -0.3    1.4
170650.0 2553550.0   -0.3    1.4
171150.0 2553550.0   -0.3    1.4
171650.0 2553550.0   -0.4    1.4
172150.0 2553550.0   -0.4    1.4
172650.0 2553550.0   -0.4    1.4
173150.0 2553550.0   -0.4    1.4
173650.0 2553550.0   -0.5    1.4
174150.0 2553550.0   -0.5    1.4
174650.0 2553550.0   -0.6    1.5
175150.0 2553550.0   -0.6    1.5
175650.0 2553550.0   -0.7    1.6
176150.0 2553550.0   -0.8    1.6
176650.0 2553550.0   -0.8    1.7
177150.0 2553550.0   -0.8    1.7
177650.0 2553550.0   -0.7    1.6
178150.0 2553550.0   -0.5    1.6
178650.0 2553550.0   -0.4    1.5
179150.0 2553550.0   -0.3    1.5
179650.0 2553550.0   -0.3    1.5
180150.0 2553550.0   -0.2    1.4
180650.0 2553550.0   -0.2    1.4
181150.0 2553550.0   -0.2    1.4
181650.0 2553550.0   -0.2    1.4
182150.0 2553550.0   -0.2    1.3
182650.0 2553550.0   -0.2    1.3
183150.0 2553550.0   -0.2    1.3
183650.0 2553550.0   -0.2    1.2
184150.0 2553550.0   -0.2    1.2
184650.0 2553550.0   -0.3    1.1
185150.0 2553550.0   -0.2    1.1
165650.0 2554050.0   -0.3    1.5
166150.0 2554050.0   -0.3    1.5
166650.0 2554050.0   -0.3    1.5
167150.0 2554050.0   -0.3    1.5
167650.0 2554050.0   -0.3    1.5
168150.0 2554050.0   -0.3    1.5
168650.0 2554050.0   -0.3    1.5
169150.0 2554050.0   -0.3    1.4
169650.0 2554050.0   -0.3    1.4
170150.0 2554050.0   -0.3    1.4
170650.0 2554050.0   -0.3    1.4
171150.0 2554050.0   -0.4    1.4
171650.0 2554050.0   -0.4    1.4
172150.0 2554050.0   -0.4    1.4
172650.0 2554050.0   -0.4    1.4
173150.0 2554050.0   -0.5    1.4
173650.0 2554050.0   -0.5    1.4
174150.0 2554050.0   -0.6    1.4
174650.0 2554050.0   -0.6    1.4
175150.0 2554050.0   -0.7    1.5
175650.0 2554050.0   -0.8    1.6
176150.0 2554050.0   -0.8    1.7
176650.0 2554050.0   -0.9    1.7
177150.0 2554050.0   -0.8    1.7
177650.0 2554050.0   -0.7    1.7
178150.0 2554050.0   -0.5    1.6
178650.0 2554050.0   -0.4    1.6
179150.0 2554050.0   -0.3    1.5
179650.0 2554050.0   -0.2    1.5
180150.0 2554050.0   -0.2    1.5
180650.0 2554050.0   -0.2    1.4
181150.0 2554050.0   -0.2    1.4
181650.0 2554050.0   -0.2    1.4
182150.0 2554050.0   -0.2    1.3
182650.0 2554050.0   -0.2    1.3
183150.0 2554050.0   -0.2    1.3
183650.0 2554050.0   -0.2    1.2
184150.0 2554050.0   -0.2    1.2
184650.0 2554050.0   -0.2    1.2
185150.0 2554050.0   -0.2    1.1
165650.0 2554550.0   -0.3    1.5
166150.0 2554550.0   -0.3    1.5
166650.0 2554550.0   -0.3    1.5
167150.0 2554550.0   -0.4    1.5
167650.0 2554550.0   -0.4    1.5
168150.0 2554550.0   -0.3    1.5
168650.0 2554550.0   -0.3    1.5
169150.0 2554550.0   -0.3    1.5
169650.0 2554550.0   -0.3    1.4
170150.0 2554550.0   -0.3    1.4
170650.0 2554550.0   -0.3    1.4
171150.0 2554550.0   -0.4    1.4
171650.0 2554550.0   -0.4    1.4
172150.0 2554550.0   -0.4    1.4
172650.0 2554550.0   -0.5    1.4
173150.0 2554550.0   -0.5    1.3
173650.0 2554550.0   -0.6    1.3
174150.0 2554550.0   -0.6    1.3
174650.0 2554550.0   -0.7    1.3
175150.0 2554550.0   -0.7    1.4
175650.0 2554550.0   -0.8    1.5
176150.0 2554550.0   -0.8    1.6
176650.0 2554550.0   -0.9    1.7
177150.0 2554550.0   -0.8    1.7
177650.0 2554550.0   -0.6    1.7
178150.0 2554550.0   -0.4    1.6
178650.0 2554550.0   -0.3    1.6
179150.0 2554550.0   -0.2    1.5
179650.0 2554550.0   -0.2    1.5
180150.0 2554550.0   -0.1    1.5
180650.0 2554550.0   -0.1    1.4
181150.0 2554550.0   -0.1    1.4
181650.0 2554550.0   -0.1    1.4
182150.0 2554550.0   -0.2    1.3
182650.0 2554550.0   -0.2    1.3
183150.0 2554550.0   -0.2    1.3
183650.0 2554550.0   -0.2    1.2
184150.0 2554550.0   -0.2    1.2
184650.0 2554550.0   -0.2    1.2
185150.0 2554550.0   -0.2    1.2
165650.0 2555050.0   -0.4    1.5
166150.0 2555050.0   -0.4    1.5
166650.0 2555050.0   -0.4    1.5
167150.0 2555050.0   -0.4    1.5
167650.0 2555050.0   -0.4    1.5
168150.0 2555050.0   -0.4    1.5
168650.0 2555050.0   -0.3    1.5
169150.0 2555050.0   -0.3    1.5
169650.0 2555050.0   -0.3    1.4
170150.0 2555050.0   -0.3    1.4
170650.0 2555050.0   -0.4    1.4
171150.0 2555050.0   -0.4    1.4
171650.0 2555050.0   -0.4    1.4
172150.0 2555050.0   -0.5    1.4
172650.0 2555050.0   -0.5    1.3
173150.0 2555050.0   -0.6    1.3
173650.0 2555050.0   -0.6    1.3
174150.0 2555050.0   -0.7    1.2
174650.0 2555050.0   -0.7    1.2
175150.0 2555050.0   -0.8    1.3
175650.0 2555050.0   -0.8    1.4
176150.0 2555050.0   -0.8    1.5
176650.0 2555050.0   -0.7    1.6
177150.0 2555050.0   -0.6    1.6
177650.0 2555050.0   -0.5    1.6
178150.0 2555050.0   -0.3    1.6
178650.0 2555050.0   -0.2    1.6
179150.0 2555050.0   -0.1    1.5
179650.0 2555050.0   -0.1    1.5
180150.0 2555050.0    0.0    1.5
180650.0 2555050.0   -0.1    1.5
181150.0 2555050.0   -0.1    1.4
181650.0 2555050.0   -0.1    1.4
182150.0 2555050.0   -0.1    1.3
182650.0 2555050.0   -0.2    1.3
183150.0 2555050.0   -0.2    1.3
183650.0 2555050.0   -0.2    1.2
184150.0 2555050.0   -0.2    1.2
184650.0 2555050.0   -0.2    1.2
185150.0 2555050.0   -0.2    1.2
165650.0 2555550.0   -0.4    1.5
166150.0 2555550.0   -0.4    1.5
166650.0 2555550.0   -0.4    1.5
167150.0 2555550.0   -0.4    1.5
167650.0 2555550.0   -0.4    1.5
168150.0 2555550.0   -0.4    1.5
168650.0 2555550.0   -0.3    1.5
169150.0 2555550.0   -0.3    1.5
169650.0 2555550.0   -0.3    1.4
170150.0 2555550.0   -0.4    1.4
170650.0 2555550.0   -0.4    1.4
171150.0 2555550.0   -0.4    1.4
171650.0 2555550.0   -0.4    1.4
172150.0 2555550.0   -0.5    1.3
172650.0 2555550.0   -0.5    1.3
173150.0 2555550.0   -0.6    1.3
173650.0 2555550.0   -0.6    1.2
174150.0 2555550.0   -0.7    1.2
174650.0 2555550.0   -0.8    1.1
175150.0 2555550.0   -0.8    1.1
175650.0 2555550.0   -0.8    1.2
176150.0 2555550.0   -0.7    1.4
176650.0 2555550.0   -0.6    1.5
177150.0 2555550.0   -0.5    1.6
177650.0 2555550.0   -0.3    1.6
178150.0 2555550.0   -0.1    1.6
178650.0 2555550.0    0.0    1.6
179150.0 2555550.0    0.1    1.6
179650.0 2555550.0    0.1    1.5
180150.0 2555550.0    0.1    1.5
180650.0 2555550.0    0.0    1.5
181150.0 2555550.0    0.0    1.4
181650.0 2555550.0   -0.1    1.4
182150.0 2555550.0   -0.1    1.4
182650.0 2555550.0   -0.1    1.3
183150.0 2555550.0   -0.2    1.3
183650.0 2555550.0   -0.2    1.3
184150.0 2555550.0   -0.2    1.2
184650.0 2555550.0   -0.2    1.2
185150.0 2555550.0   -0.2    1.2
165650.0 2556050.0   -0.4    1.5
166150.0 2556050.0   -0.4    1.5
166650.0 2556050.0   -0.4    1.5
167150.0 2556050.0   -0.4    1.5
167650.0 2556050.0   -0.4    1.5
168150.0 2556050.0   -0.4    1.5
168650.0 2556050.0   -0.4    1.5
169150.0 2556050.0   -0.4    1.5
169650.0 2556050.0   -0.4    1.4
170150.0 2556050.0   -0.4    1.4
170650.0 2556050.0   -0.4    1.4
171150.0 2556050.0   -0.4    1.4
171650.0 2556050.0   -0.4    1.4
172150.0 2556050.0   -0.5    1.3
172650.0 2556050.0   -0.5    1.3
173150.0 2556050.0   -0.6    1.2
173650.0 2556050.0   -0.7    1.2
174150.0 2556050.0   -0.8    1.1
174650.0 2556050.0   -0.8    1.0
175150.0 2556050.0   -0.9    1.0
175650.0 2556050.0   -0.8    1.1
176150.0 2556050.0   -0.6    1.3
176650.0 2556050.0   -0.5    1.5
177150.0 2556050.0   -0.4    1.6
177650.0 2556050.0   -0.1    1.6
178150.0 2556050.0    0.1    1.6
178650.0 2556050.0    0.3    1.6
179150.0 2556050.0    0.3    1.6
179650.0 2556050.0    0.2    1.5
180150.0 2556050.0    0.2    1.5
180650.0 2556050.0    0.1    1.5
181150.0 2556050.0    0.0    1.4
181650.0 2556050.0    0.0    1.4
182150.0 2556050.0   -0.1    1.4
182650.0 2556050.0   -0.1    1.3
183150.0 2556050.0   -0.2    1.3
183650.0 2556050.0   -0.2    1.3
184150.0 2556050.0   -0.2    1.2
184650.0 2556050.0   -0.2    1.2
185150.0 2556050.0   -0.2    1.2
165650.0 2556550.0   -0.4    1.5
166150.0 2556550.0   -0.4    1.5
166650.0 2556550.0   -0.4    1.5
167150.0 2556550.0   -0.4    1.5
167650.0 2556550.0   -0.4    1.5
168150.0 2556550.0   -0.4    1.5
168650.0 2556550.0   -0.4    1.5
169150.0 2556550.0   -0.4    1.5
169650.0 2556550.0   -0.4    1.4
170150.0 2556550.0   -0.4    1.4
170650.0 2556550.0   -0.4    1.4
171150.0 2556550.0   -0.4    1.4
171650.0 2556550.0   -0.4    1.4
172150.0 2556550.0   -0.5    1.3
172650.0 2556550.0   -0.5    1.3
173150.0 2556550.0   -0.6    1.2
173650.0 2556550.0   -0.6    1.2
174150.0 2556550.0   -0.7    1.1
174650.0 2556550.0   -0.8    1.1
175150.0 2556550.0   -0.8    1.0
175650.0 2556550.0   -0.7    1.1
176150.0 2556550.0   -0.5    1.3
176650.0 2556550.0   -0.3    1.5
177150.0 2556550.0   -0.1    1.6
177650.0 2556550.0    0.3    1.6
178150.0 2556550.0    0.6    1.6
178650.0 2556550.0    0.6    1.6
179150.0 2556550.0    0.5    1.6
179650.0 2556550.0    0.4    1.5
180150.0 2556550.0    0.3    1.5
180650.0 2556550.0    0.2    1.5
181150.0 2556550.0    0.1    1.4
181650.0 2556550.0    0.0    1.4
182150.0 2556550.0    0.0    1.4
182650.0 2556550.0   -0.1    1.3
183150.0 2556550.0   -0.1    1.3
183650.0 2556550.0   -0.2    1.3
184150.0 2556550.0   -0.2    1.2
184650.0 2556550.0   -0.2    1.2
185150.0 2556550.0   -0.2    1.2
165650.0 2557050.0   -0.5    1.6
166150.0 2557050.0   -0.4    1.5
166650.0 2557050.0   -0.4    1.5
167150.0 2557050.0   -0.4    1.5
167650.0 2557050.0   -0.4    1.5
168150.0 2557050.0   -0.4    1.5
168650.0 2557050.0   -0.4    1.5
169150.0 2557050.0   -0.4    1.5
169650.0 2557050.0   -0.4    1.4
170150.0 2557050.0   -0.4    1.4
170650.0 2557050.0   -0.4    1.4
171150.0 2557050.0   -0.4    1.4
171650.0 2557050.0   -0.4    1.3
172150.0 2557050.0   -0.5    1.3
172650.0 2557050.0   -0.5    1.3
173150.0 2557050.0   -0.5    1.3
173650.0 2557050.0   -0.6    1.2
174150.0 2557050.0   -0.6    1.2
174650.0 2557050.0   -0.7    1.1
175150.0 2557050.0   -0.7    1.1
175650.0 2557050.0   -0.6    1.2
176150.0 2557050.0   -0.3    1.3
176650.0 2557050.0   -0.1    1.5
177150.0 2557050.0    0.3    1.6
177650.0 2557050.0    0.8    1.6
178150.0 2557050.0    1.0    1.6
178650.0 2557050.0    0.9    1.6
179150.0 2557050.0    0.7    1.6
179650.0 2557050.0    0.5    1.5
180150.0 2557050.0    0.4    1.5
180650.0 2557050.0    0.2    1.5
181150.0 2557050.0    0.1    1.5
181650.0 2557050.0    0.1    1.4
182150.0 2557050.0    0.0    1.4
182650.0 2557050.0   -0.1    1.4
183150.0 2557050.0   -0.1    1.3
183650.0 2557050.0   -0.2    1.3
184150.0 2557050.0   -0.2    1.2
184650.0 2557050.0   -0.2    1.2
185150.0 2557050.0   -0.2    1.2
165650.0 2557550.0   -0.5    1.6
166150.0 2557550.0   -0.5    1.5
166650.0 2557550.0   -0.4    1.5
167150.0 2557550.0   -0.4    1.5
167650.0 2557550.0   -0.4    1.5
168150.0 2557550.0   -0.4    1.5
168650.0 2557550.0   -0.4    1.5
169150.0 2557550.0   -0.4    1.5
169650.0 2557550.0   -0.4    1.4
170150.0 2557550.0   -0.4    1.4
170650.0 2557550.0   -0.4    1.4
171150.0 2557550.0   -0.4    1.4
171650.0 2557550.0   -0.4    1.3
172150.0 2557550.0   -0.5    1.3
172650.0 2557550.0   -0.5    1.3
173150.0 2557550.0   -0.5    1.3
173650.0 2557550.0   -0.5    1.3
174150.0 2557550.0   -0.6    1.2
174650.0 2557550.0   -0.6    1.2
175150.0 2557550.0   -0.5    1.2
175650.0 2557550.0   -0.4    1.3
176150.0 2557550.0   -0.2    1.4
176650.0 2557550.0    0.1    1.5
177150.0 2557550.0    0.5    1.5
177650.0 2557550.0    0.9    1.6
178150.0 2557550.0    1.1    1.6
178650.0 2557550.0    1.0    1.6
179150.0 2557550.0    0.8    1.6
179650.0 2557550.0    0.6    1.5
180150.0 2557550.0    0.4    1.5
180650.0 2557550.0    0.3    1.5
181150.0 2557550.0    0.2    1.5
181650.0 2557550.0    0.1    1.4
182150.0 2557550.0    0.0    1.4
182650.0 2557550.0   -0.1    1.4
183150.0 2557550.0   -0.1    1.3
183650.0 2557550.0   -0.2    1.3
184150.0 2557550.0   -0.2    1.3
184650.0 2557550.0   -0.2    1.2
185150.0 2557550.0   -0.2    1.2
165650.0 2558050.0   -0.5    1.6
166150.0 2558050.0   -0.5    1.6
166650.0 2558050.0   -0.5    1.5
167150.0 2558050.0   -0.5    1.5
167650.0 2558050.0   -0.4    1.5
168150.0 2558050.0   -0.4    1.5
168650.0 2558050.0   -0.4    1.5
169150.0 2558050.0   -0.4    1.5
169650.0 2558050.0   -0.4    1.4
170150.0 2558050.0   -0.4    1.4
170650.0 2558050.0   -0.4    1.4
171150.0 2558050.0   -0.4    1.4
171650.0 2558050.0   -0.4    1.4
172150.0 2558050.0   -0.5    1.3
172650.0 2558050.0   -0.5    1.3
173150.0 2558050.0   -0.5    1.3
173650.0 2558050.0   -0.5    1.3
174150.0 2558050.0   -0.5    1.3
174650.0 2558050.0   -0.5    1.3
175150.0 2558050.0   -0.5    1.3
175650.0 2558050.0   -0.4    1.3
176150.0 2558050.0   -0.2    1.4
176650.0 2558050.0    0.1    1.4
177150.0 2558050.0    0.4    1.5
177650.0 2558050.0    0.8    1.6
178150.0 2558050.0    0.9    1.6
178650.0 2558050.0    0.9    1.6
179150.0 2558050.0    0.7    1.6
179650.0 2558050.0    0.5    1.5
180150.0 2558050.0    0.4    1.5
180650.0 2558050.0    0.3    1.5
181150.0 2558050.0    0.2    1.5
181650.0 2558050.0    0.1    1.4
182150.0 2558050.0    0.0    1.4
182650.0 2558050.0   -0.1    1.4
183150.0 2558050.0   -0.1    1.3
183650.0 2558050.0   -0.2    1.3
184150.0 2558050.0   -0.2    1.3
184650.0 2558050.0   -0.2    1.2
185150.0 2558050.0   -0.2    1.2
165650.0 2558550.0   -0.5    1.6
166150.0 2558550.0   -0.5    1.6
166650.0 2558550.0   -0.5    1.5
167150.0 2558550.0   -0.5    1.5
167650.0 2558550.0   -0.4    1.5
168150.0 2558550.0   -0.4    1.5
168650.0 2558550.0   -0.4    1.5
169150.0 2558550.0   -0.4    1.5
169650.0 2558550.0   -0.4    1.5
170150.0 2558550.0   -0.4    1.4
170650.0 2558550.0   -0.4    1.4
171150.0 2558550.0   -0.4    1.4
171650.0 2558550.0   -0.4    1.4
172150.0 2558550.0   -0.4    1.3
172650.0 2558550.0   -0.4    1.3
173150.0 2558550.0   -0.5    1.3
173650.0 2558550.0   -0.5    1.3
174150.0 2558550.0   -0.5    1.3
174650.0 2558550.0   -0.5    1.3
175150.0 2558550.0   -0.4    1.3
175650.0 2558550.0   -0.3    1.3
176150.0 2558550.0   -0.2    1.4
176650.0 2558550.0    0.0    1.4
177150.0 2558550.0    0.3    1.5
177650.0 2558550.0    0.5    1.5
178150.0 2558550.0    0.7    1.5
178650.0 2558550.0    0.7    1.5
179150.0 2558550.0    0.6    1.5
179650.0 2558550.0    0.5    1.5
180150.0 2558550.0    0.3    1.5
180650.0 2558550.0    0.2    1.5
181150.0 2558550.0    0.1    1.5
181650.0 2558550.0    0.1    1.4
182150.0 2558550.0    0.0    1.4
182650.0 2558550.0   -0.1    1.4
183150.0 2558550.0   -0.1    1.4
183650.0 2558550.0   -0.2    1.3
184150.0 2558550.0   -0.2    1.3
184650.0 2558550.0   -0.2    1.2
185150.0 2558550.0   -0.2    1.2
165650.0 2559050.0   -0.5    1.6
166150.0 2559050.0   -0.5    1.6
166650.0 2559050.0   -0.5    1.6
167150.0 2559050.0   -0.5    1.5
167650.0 2559050.0   -0.5    1.5
168150.0 2559050.0   -0.4    1.5
168650.0 2559050.0   -0.4    1.5
169150.0 2559050.0   -0.4    1.5
169650.0 2559050.0   -0.4    1.5
170150.0 2559050.0   -0.4    1.4
170650.0 2559050.0   -0.4    1.4
171150.0 2559050.0   -0.4    1.4
171650.0 2559050.0   -0.4    1.4
172150.0 2559050.0   -0.4    1.4
172650.0 2559050.0   -0.4    1.3
173150.0 2559050.0   -0.4    1.3
173650.0 2559050.0   -0.4    1.3
174150.0 2559050.0   -0.4    1.3
174650.0 2559050.0   -0.4    1.3
175150.0 2559050.0   -0.4    1.3
175650.0 2559050.0   -0.3    1.4
176150.0 2559050.0   -0.2    1.4
176650.0 2559050.0    0.0    1.4
177150.0 2559050.0    0.2    1.5
177650.0 2559050.0    0.3    1.5
178150.0 2559050.0    0.4    1.5
178650.0 2559050.0    0.5    1.5
179150.0 2559050.0    0.4    1.5
179650.0 2559050.0    0.4    1.5
180150.0 2559050.0    0.3    1.5
180650.0 2559050.0    0.2    1.5
181150.0 2559050.0    0.1    1.5
181650.0 2559050.0    0.1    1.5
182150.0 2559050.0    0.0    1.4
182650.0 2559050.0   -0.1    1.4
183150.0 2559050.0   -0.1    1.4
183650.0 2559050.0   -0.1    1.3
184150.0 2559050.0   -0.2    1.3
184650.0 2559050.0   -0.2    1.3
185150.0 2559050.0   -0.2    1.2
165650.0 2559550.0   -0.5    1.6
166150.0 2559550.0   -0.5    1.6
166650.0 2559550.0   -0.5    1.6
167150.0 2559550.0   -0.5    1.5
167650.0 2559550.0   -0.5    1.5
168150.0 2559550.0   -0.5    1.5
168650.0 2559550.0   -0.4    1.5
169150.0 2559550.0   -0.4    1.5
169650.0 2559550.0   -0.4    1.5
170150.0 2559550.0   -0.4    1.5
170650.0 2559550.0   -0.4    1.4
171150.0 2559550.0   -0.4    1.4
171650.0 2559550.0   -0.4    1.4
172150.0 2559550.0   -0.4    1.4
172650.0 2559550.0   -0.4    1.4
173150.0 2559550.0   -0.4    1.4
173650.0 2559550.0   -0.4    1.3
174150.0 2559550.0   -0.4    1.3
174650.0 2559550.0   -0.4    1.3
175150.0 2559550.0   -0.3    1.4
175650.0 2559550.0   -0.3    1.4
176150.0 2559550.0   -0.2    1.4
176650.0 2559550.0    0.0    1.4
177150.0 2559550.0    0.1    1.5
177650.0 2559550.0    0.2    1.5
178150.0 2559550.0    0.3    1.5
178650.0 2559550.0    0.3    1.5
179150.0 2559550.0    0.3    1.5
179650.0 2559550.0    0.3    1.5
180150.0 2559550.0    0.2    1.5
180650.0 2559550.0    0.2    1.5
181150.0 2559550.0    0.1    1.5
181650.0 2559550.0    0.0    1.5
182150.0 2559550.0    0.0    1.4
182650.0 2559550.0   -0.1    1.4
183150.0 2559550.0   -0.1    1.4
183650.0 2559550.0   -0.2    1.3
184150.0 2559550.0   -0.2    1.3
184650.0 2559550.0   -0.2    1.3
185150.0 2559550.0   -0.2    1.3
165650.0 2560050.0   -0.6    1.6
166150.0 2560050.0   -0.5    1.6
166650.0 2560050.0   -0.5    1.6
167150.0 2560050.0   -0.5    1.6
167650.0 2560050.0   -0.5    1.6
168150.0 2560050.0   -0.5    1.5
168650.0 2560050.0   -0.4    1.5
169150.0 2560050.0   -0.4    1.5
169650.0 2560050.0   -0.4    1.5
170150.0 2560050.0   -0.4    1.5
170650.0 2560050.0   -0.4    1.4
171150.0 2560050.0   -0.4    1.4
171650.0 2560050.0   -0.4    1.4
172150.0 2560050.0   -0.4    1.4
172650.0 2560050.0   -0.4    1.4
173150.0 2560050.0   -0.4    1.4
173650.0 2560050.0   -0.4    1.4
174150.0 2560050.0   -0.4    1.4
174650.0 2560050.0   -0.3    1.4
175150.0 2560050.0   -0.3    1.4
175650.0 2560050.0   -0.2    1.4
176150.0 2560050.0   -0.2    1.4
176650.0 2560050.0   -0.1    1.4
177150.0 2560050.0    0.0    1.5
177650.0 2560050.0    0.1    1.5
178150.0 2560050.0    0.2    1.5
178650.0 2560050.0    0.2    1.5
179150.0 2560050.0    0.2    1.5
179650.0 2560050.0    0.2    1.5
180150.0 2560050.0    0.1    1.5
180650.0 2560050.0    0.1    1.5
181150.0 2560050.0    0.1    1.5
181650.0 2560050.0    0.0    1.5
182150.0 2560050.0    0.0    1.5
182650.0 2560050.0   -0.1    1.4
183150.0 2560050.0   -0.1    1.4
183650.0 2560050.0   -0.2    1.4
184150.0 2560050.0   -0.2    1.3
184650.0 2560050.0   -0.2    1.3
185150.0 2560050.0   -0.2    1.3
165650.0 2560550.0   -0.6    1.6
166150.0 2560550.0   -0.5    1.6
166650.0 2560550.0   -0.5    1.6
167150.0 2560550.0   -0.5    1.6
167650.0 2560550.0   -0.5    1.6
168150.0 2560550.0   -0.5    1.6
168650.0 2560550.0   -0.4    1.5
169150.0 2560550.0   -0.4    1.5
169650.0 2560550.0   -0.4    1.5
170150.0 2560550.0   -0.4    1.5
170650.0 2560550.0   -0.4    1.5
171150.0 2560550.0   -0.4    1.4
171650.0 2560550.0   -0.4    1.4
172150.0 2560550.0   -0.4    1.4
172650.0 2560550.0   -0.4    1.4
173150.0 2560550.0   -0.4    1.4
173650.0 2560550.0   -0.3    1.4
174150.0 2560550.0   -0.3    1.4
174650.0 2560550.0   -0.3    1.4
175150.0 2560550.0   -0.3    1.4
175650.0 2560550.0   -0.2    1.4
176150.0 2560550.0   -0.2    1.4
176650.0 2560550.0   -0.1    1.4
177150.0 2560550.0    0.0    1.5
177650.0 2560550.0    0.0    1.5
178150.0 2560550.0    0.1    1.5
178650.0 2560550.0    0.1    1.5
179150.0 2560550.0    0.1    1.5
179650.0 2560550.0    0.1    1.5
180150.0 2560550.0    0.1    1.5
180650.0 2560550.0    0.1    1.5
181150.0 2560550.0    0.0    1.5
181650.0 2560550.0    0.0    1.5
182150.0 2560550.0    0.0    1.5
182650.0 2560550.0   -0.1    1.4
183150.0 2560550.0   -0.1    1.4
183650.0 2560550.0   -0.2    1.4
184150.0 2560550.0   -0.2    1.3
184650.0 2560550.0   -0.2    1.3
185150.0 2560550.0   -0.2    1.3
165650.0 2561050.0   -0.6    1.6
166150.0 2561050.0   -0.5    1.6
166650.0 2561050.0   -0.5    1.6
167150.0 2561050.0   -0.5    1.6
167650.0 2561050.0   -0.5    1.6
168150.0 2561050.0   -0.5    1.6
168650.0 2561050.0   -0.5    1.6
169150.0 2561050.0   -0.4    1.5
169650.0 2561050.0   -0.4    1.5
170150.0 2561050.0   -0.4    1.5
170650.0 2561050.0   -0.4    1.5
171150.0 2561050.0   -0.4    1.5
171650.0 2561050.0   -0.4    1.5
172150.0 2561050.0   -0.4    1.4
172650.0 2561050.0   -0.4    1.4
173150.0 2561050.0   -0.3    1.4
173650.0 2561050.0   -0.3    1.4
174150.0 2561050.0   -0.3    1.4
174650.0 2561050.0   -0.3    1.4
175150.0 2561050.0   -0.3    1.4
175650.0 2561050.0   -0.2    1.4
176150.0 2561050.0   -0.2    1.4
176650.0 2561050.0   -0.1    1.5
177150.0 2561050.0   -0.1    1.5
177650.0 2561050.0    0.0    1.5
178150.0 2561050.0    0.0    1.5
178650.0 2561050.0    0.0    1.5
179150.0 2561050.0    0.1    1.5
179650.0 2561050.0    0.1    1.5
180150.0 2561050.0    0.0    1.5
180650.0 2561050.0    0.0    1.5
181150.0 2561050.0    0.0    1.5
181650.0 2561050.0    0.0    1.5
182150.0 2561050.0   -0.1    1.5
182650.0 2561050.0   -0.1    1.5
183150.0 2561050.0   -0.1    1.4
183650.0 2561050.0   -0.2    1.4
184150.0 2561050.0   -0.2    1.4
184650.0 2561050.0   -0.2    1.3
185150.0 2561050.0   -0.2    1.3
165650.0 2561550.0   -0.6    1.6
166150.0 2561550.0   -0.5    1.6
166650.0 2561550.0   -0.5    1.6
167150.0 2561550.0   -0.5    1.6
167650.0 2561550.0   -0.5    1.6
168150.0 2561550.0   -0.5    1.6
168650.0 2561550.0   -0.5    1.6
169150.0 2561550.0   -0.5    1.6
169650.0 2561550.0   -0.4    1.5
170150.0 2561550.0   -0.4    1.5
170650.0 2561550.0   -0.4    1.5
171150.0 2561550.0   -0.4    1.5
171650.0 2561550.0   -0.4    1.5
172150.0 2561550.0   -0.4    1.5
172650.0 2561550.0   -0.4    1.4
173150.0 2561550.0   -0.3    1.4
173650.0 2561550.0   -0.3    1.4
174150.0 2561550.0   -0.3    1.4
174650.0 2561550.0   -0.3    1.4
175150.0 2561550.0   -0.3    1.5
175650.0 2561550.0   -0.2    1.5
176150.0 2561550.0   -0.2    1.5
176650.0 2561550.0   -0.1    1.5
177150.0 2561550.0   -0.1    1.5
177650.0 2561550.0   -0.1    1.5
178150.0 2561550.0    0.0    1.5
178650.0 2561550.0    0.0    1.5
179150.0 2561550.0    0.0    1.5
179650.0 2561550.0    0.0    1.5
180150.0 2561550.0    0.0    1.5
180650.0 2561550.0    0.0    1.5
181150.0 2561550.0    0.0    1.5
181650.0 2561550.0   -0.1    1.5
182150.0 2561550.0   -0.1    1.5
182650.0 2561550.0   -0.1    1.5
183150.0 2561550.0   -0.1    1.4
183650.0 2561550.0   -0.1    1.4
184150.0 2561550.0   -0.2    1.4
184650.0 2561550.0   -0.2    1.3
185150.0 2561550.0   -0.2    1.3
165650.0 2562050.0   -0.6    1.6
166150.0 2562050.0   -0.5    1.6
166650.0 2562050.0   -0.5    1.6
167150.0 2562050.0   -0.5    1.6
167650.0 2562050.0   -0.5    1.6
168150.0 2562050.0   -0.5    1.6
168650.0 2562050.0   -0.5    1.6
169150.0 2562050.0   -0.5    1.6
169650.0 2562050.0   -0.4    1.6
170150.0 2562050.0   -0.4    1.5
170650.0 2562050.0   -0.4    1.5
171150.0 2562050.0   -0.4    1.5
171650.0 2562050.0   -0.4    1.5
172150.0 2562050.0   -0.4    1.5
172650.0 2562050.0   -0.4    1.5
173150.0 2562050.0   -0.3    1.5
173650.0 2562050.0   -0.3    1.5
174150.0 2562050.0   -0.3    1.5
174650.0 2562050.0   -0.3    1.5
175150.0 2562050.0   -0.3    1.5
175650.0 2562050.0   -0.2    1.5
176150.0 2562050.0   -0.2    1.5
176650.0 2562050.0   -0.2    1.5
177150.0 2562050.0   -0.1    1.5
177650.0 2562050.0   -0.1    1.5
178150.0 2562050.0   -0.1    1.5
178650.0 2562050.0   -0.1    1.5
179150.0 2562050.0    0.0    1.5
179650.0 2562050.0    0.0    1.5
180150.0 2562050.0    0.0    1.5
180650.0 2562050.0   -0.1    1.5
181150.0 2562050.0   -0.1    1.5
181650.0 2562050.0   -0.1    1.5
182150.0 2562050.0   -0.1    1.5
182650.0 2562050.0   -0.1    1.5
183150.0 2562050.0   -0.1    1.5
183650.0 2562050.0   -0.1    1.4
184150.0 2562050.0   -0.2    1.4
184650.0 2562050.0   -0.2    1.4
185150.0 2562050.0   -0.2    1.3
165650.0 2562550.0   -0.6    1.6
166150.0 2562550.0   -0.5    1.6
166650.0 2562550.0   -0.5    1.6
167150.0 2562550.0   -0.5    1.6
167650.0 2562550.0   -0.5    1.6
168150.0 2562550.0   -0.5    1.6
168650.0 2562550.0   -0.5    1.6
169150.0 2562550.0   -0.5    1.6
169650.0 2562550.0   -0.5    1.6
170150.0 2562550.0   -0.4    1.5
170650.0 2562550.0   -0.4    1.5
171150.0 2562550.0   -0.4    1.5
171650.0 2562550.0   -0.4    1.5
172150.0 2562550.0   -0.4    1.5
172650.0 2562550.0   -0.4    1.5
173150.0 2562550.0   -0.3    1.5
173650.0 2562550.0   -0.3    1.5
174150.0 2562550.0   -0.3    1.5
174650.0 2562550.0   -0.3    1.5
175150.0 2562550.0   -0.3    1.5
175650.0 2562550.0   -0.2    1.5
176150.0 2562550.0   -0.2    1.5
176650.0 2562550.0   -0.2    1.5
177150.0 2562550.0   -0.2    1.5
177650.0 2562550.0   -0.1    1.5
178150.0 2562550.0   -0.1    1.5
178650.0 2562550.0   -0.1    1.5
179150.0 2562550.0   -0.1    1.5
179650.0 2562550.0   -0.1    1.6
180150.0 2562550.0   -0.1    1.6
180650.0 2562550.0   -0.1    1.6
181150.0 2562550.0   -0.1    1.5
181650.0 2562550.0   -0.1    1.5
182150.0 2562550.0   -0.1    1.5
182650.0 2562550.0   -0.1    1.5
183150.0 2562550.0   -0.1    1.5
183650.0 2562550.0   -0.1    1.4
184150.0 2562550.0   -0.1    1.4
184650.0 2562550.0   -0.2    1.4
185150.0 2562550.0   -0.2    1.4
165650.0 2563050.0   -0.6    1.6
166150.0 2563050.0   -0.6    1.6
166650.0 2563050.0   -0.5    1.6
167150.0 2563050.0   -0.5    1.6
167650.0 2563050.0   -0.5    1.7
168150.0 2563050.0   -0.5    1.6
168650.0 2563050.0   -0.5    1.6
169150.0 2563050.0   -0.5    1.6
169650.0 2563050.0   -0.5    1.6
170150.0 2563050.0   -0.5    1.6
170650.0 2563050.0   -0.4    1.5
171150.0 2563050.0   -0.4    1.5
171650.0 2563050.0   -0.4    1.5
172150.0 2563050.0   -0.4    1.5
172650.0 2563050.0   -0.4    1.5
173150.0 2563050.0   -0.3    1.5
173650.0 2563050.0   -0.3    1.5
174150.0 2563050.0   -0.3    1.5
174650.0 2563050.0   -0.3    1.5
175150.0 2563050.0   -0.3    1.5
175650.0 2563050.0   -0.3    1.5
176150.0 2563050.0   -0.2    1.5
176650.0 2563050.0   -0.2    1.5
177150.0 2563050.0   -0.2    1.5
177650.0 2563050.0   -0.2    1.5
178150.0 2563050.0   -0.2    1.6
178650.0 2563050.0   -0.1    1.6
179150.0 2563050.0   -0.1    1.6
179650.0 2563050.0   -0.1    1.6
180150.0 2563050.0   -0.1    1.6
180650.0 2563050.0   -0.1    1.6
181150.0 2563050.0   -0.1    1.5
181650.0 2563050.0   -0.1    1.5
182150.0 2563050.0   -0.1    1.5
182650.0 2563050.0   -0.1    1.5
183150.0 2563050.0   -0.1    1.5
183650.0 2563050.0   -0.1    1.5
184150.0 2563050.0   -0.1    1.4
184650.0 2563050.0   -0.1    1.4
185150.0 2563050.0   -0.1    1.4
165650.0 2563550.0   -0.6    1.6
166150.0 2563550.0   -0.6    1.6
166650.0 2563550.0   -0.5    1.6
167150.0 2563550.0   -0.5    1.7
167650.0 2563550.0   -0.5    1.7
168150.0 2563550.0   -0.5    1.7
168650.0 2563550.0   -0.5    1.7
169150.0 2563550.0   -0.5    1.6
169650.0 2563550.0   -0.5    1.6
170150.0 2563550.0   -0.5    1.6
170650.0 2563550.0   -0.5    1.5
171150.0 2563550.0   -0.4    1.5
171650.0 2563550.0   -0.4    1.5
172150.0 2563550.0   -0.4    1.5
172650.0 2563550.0   -0.4    1.5
173150.0 2563550.0   -0.3    1.5
173650.0 2563550.0   -0.3    1.5
174150.0 2563550.0   -0.3    1.5
174650.0 2563550.0   -0.3    1.5
175150.0 2563550.0   -0.3    1.5
175650.0 2563550.0   -0.3    1.5
176150.0 2563550.0   -0.3    1.5
176650.0 2563550.0   -0.2    1.6
177150.0 2563550.0   -0.2    1.6
177650.0 2563550.0   -0.2    1.6
178150.0 2563550.0   -0.2    1.6
178650.0 2563550.0   -0.2    1.6
179150.0 2563550.0   -0.2    1.6
179650.0 2563550.0   -0.1    1.6
180150.0 2563550.0   -0.1    1.6
180650.0 2563550.0   -0.1    1.5
181150.0 2563550.0   -0.1    1.5
181650.0 2563550.0   -0.1    1.5
182150.0 2563550.0   -0.1    1.5
182650.0 2563550.0   -0.1    1.5
183150.0 2563550.0   -0.1    1.5
183650.0 2563550.0   -0.1    1.5
184150.0 2563550.0   -0.1    1.4
184650.0 2563550.0   -0.1    1.4
185150.0 2563550.0   -0.1    1.4
165650.0 2564050.0   -0.6    1.7
166150.0 2564050.0   -0.6    1.7
166650.0 2564050.0   -0.6    1.7
167150.0 2564050.0   -0.6    1.7
167650.0 2564050.0   -0.5    1.7
168150.0 2564050.0   -0.5    1.7
168650.0 2564050.0   -0.5    1.7
169150.0 2564050.0   -0.5    1.6
169650.0 2564050.0   -0.5    1.6
170150.0 2564050.0   -0.5    1.6
170650.0 2564050.0   -0.5    1.5
171150.0 2564050.0   -0.4    1.5
171650.0 2564050.0   -0.4    1.5
172150.0 2564050.0   -0.4    1.5
172650.0 2564050.0   -0.4    1.5
173150.0 2564050.0   -0.3    1.5
173650.0 2564050.0   -0.3    1.5
174150.0 2564050.0   -0.3    1.5
174650.0 2564050.0   -0.3    1.5
175150.0 2564050.0   -0.3    1.5
175650.0 2564050.0   -0.3    1.5
176150.0 2564050.0   -0.3    1.6
176650.0 2564050.0   -0.2    1.6
177150.0 2564050.0   -0.2    1.6
177650.0 2564050.0   -0.2    1.6
178150.0 2564050.0   -0.2    1.6
178650.0 2564050.0   -0.2    1.6
179150.0 2564050.0   -0.2    1.6
179650.0 2564050.0   -0.2    1.6
180150.0 2564050.0   -0.2    1.6
180650.0 2564050.0   -0.1    1.6
181150.0 2564050.0   -0.1    1.5
181650.0 2564050.0   -0.1    1.5
182150.0 2564050.0   -0.1    1.5
182650.0 2564050.0   -0.1    1.5
183150.0 2564050.0   -0.1    1.5
183650.0 2564050.0   -0.1    1.5
184150.0 2564050.0   -0.1    1.5
184650.0 2564050.0   -0.1    1.4
185150.0 2564050.0   -0.1    1.4
165650.0 2564550.0   -0.6    1.7
166150.0 2564550.0   -0.6    1.7
166650.0 2564550.0   -0.6    1.7
167150.0 2564550.0   -0.6    1.7
167650.0 2564550.0   -0.6    1.7
168150.0 2564550.0   -0.5    1.7
168650.0 2564550.0   -0.5    1.7
169150.0 2564550.0   -0.5    1.7
169650.0 2564550.0   -0.5    1.6
170150.0 2564550.0   -0.5    1.6
170650.0 2564550.0   -0.5    1.5
171150.0 2564550.0   -0.5    1.5
171650.0 2564550.0   -0.4    1.5
172150.0 2564550.0   -0.4    1.5
172650.0 2564550.0   -0.4    1.5
173150.0 2564550.0   -0.3    1.5
173650.0 2564550.0   -0.3    1.5
174150.0 2564550.0   -0.3    1.5
174650.0 2564550.0   -0.3    1.5
175150.0 2564550.0   -0.3    1.5
175650.0 2564550.0   -0.3    1.6
176150.0 2564550.0   -0.3    1.6
176650.0 2564550.0   -0.2    1.6
177150.0 2564550.0   -0.2    1.6
177650.0 2564550.0   -0.2    1.6
178150.0 2564550.0   -0.2    1.6
178650.0 2564550.0   -0.2    1.6
179150.0 2564550.0   -0.2    1.6
179650.0 2564550.0   -0.2    1.6
180150.0 2564550.0   -0.2    1.6
180650.0 2564550.0   -0.2    1.6
181150.0 2564550.0   -0.2    1.6
181650.0 2564550.0   -0.1    1.5
182150.0 2564550.0   -0.1    1.5
182650.0 2564550.0   -0.1    1.5
183150.0 2564550.0   -0.1    1.5
183650.0 2564550.0   -0.1    1.5
184150.0 2564550.0   -0.1    1.5
184650.0 2564550.0   -0.1    1.5
185150.0 2564550.0   -0.2    1.4
165650.0 2565050.0   -0.6    1.7
166150.0 2565050.0   -0.6    1.7
166650.0 2565050.0   -0.6    1.7
167150.0 2565050.0   -0.6    1.8
167650.0 2565050.0   -0.6    1.7
168150.0 2565050.0   -0.5    1.7
168650.0 2565050.0   -0.5    1.7
169150.0 2565050.0   -0.5    1.7
169650.0 2565050.0   -0.5    1.7
170150.0 2565050.0   -0.5    1.6
170650.0 2565050.0   -0.5    1.6
171150.0 2565050.0   -0.5    1.5
171650.0 2565050.0   -0.5    1.5
172150.0 2565050.0   -0.4    1.5
172650.0 2565050.0   -0.4    1.5
173150.0 2565050.0   -0.4    1.5
173650.0 2565050.0   -0.3    1.5
174150.0 2565050.0   -0.3    1.5
174650.0 2565050.0   -0.3    1.5
175150.0 2565050.0   -0.3    1.6
175650.0 2565050.0   -0.3    1.6
176150.0 2565050.0   -0.3    1.6
176650.0 2565050.0   -0.3    1.6
177150.0 2565050.0   -0.2    1.6
177650.0 2565050.0   -0.2    1.6
178150.0 2565050.0   -0.2    1.7
178650.0 2565050.0   -0.2    1.6
179150.0 2565050.0   -0.2    1.6
179650.0 2565050.0   -0.2    1.6
180150.0 2565050.0   -0.2    1.6
180650.0 2565050.0   -0.2    1.6
181150.0 2565050.0   -0.2    1.6
181650.0 2565050.0   -0.1    1.6
182150.0 2565050.0   -0.1    1.5
182650.0 2565050.0   -0.1    1.5
183150.0 2565050.0   -0.1    1.5
183650.0 2565050.0   -0.1    1.5
184150.0 2565050.0   -0.2    1.5
184650.0 2565050.0   -0.2    1.5
185150.0 2565050.0   -0.2    1.5
165650.0 2565550.0   -0.6    1.7
166150.0 2565550.0   -0.6    1.7
166650.0 2565550.0   -0.6    1.8
167150.0 2565550.0   -0.6    1.8
167650.0 2565550.0   -0.6    1.8
168150.0 2565550.0   -0.5    1.7
168650.0 2565550.0   -0.5    1.7
169150.0 2565550.0   -0.5    1.7
169650.0 2565550.0   -0.5    1.7
170150.0 2565550.0   -0.5    1.6
170650.0 2565550.0   -0.5    1.6
171150.0 2565550.0   -0.5    1.5
171650.0 2565550.0   -0.5    1.5
172150.0 2565550.0   -0.4    1.5
172650.0 2565550.0   -0.4    1.5
173150.0 2565550.0   -0.4    1.5
173650.0 2565550.0   -0.3    1.5
174150.0 2565550.0   -0.3    1.5
174650.0 2565550.0   -0.3    1.5
175150.0 2565550.0   -0.3    1.6
175650.0 2565550.0   -0.3    1.6
176150.0 2565550.0   -0.3    1.6
176650.0 2565550.0   -0.3    1.6
177150.0 2565550.0   -0.3    1.7
177650.0 2565550.0   -0.2    1.7
178150.0 2565550.0   -0.2    1.7
178650.0 2565550.0   -0.2    1.7
179150.0 2565550.0   -0.2    1.7
179650.0 2565550.0   -0.2    1.6
180150.0 2565550.0   -0.2    1.6
180650.0 2565550.0   -0.2    1.6
181150.0 2565550.0   -0.2    1.6
181650.0 2565550.0   -0.1    1.6
182150.0 2565550.0   -0.1    1.6
182650.0 2565550.0   -0.1    1.6
183150.0 2565550.0   -0.1    1.5
183650.0 2565550.0   -0.2    1.5
184150.0 2565550.0   -0.2    1.5
184650.0 2565550.0   -0.2    1.5
185150.0 2565550.0   -0.2    1.5
