165650.0 2546050.0    2.5    0.3
166150.0 2546050.0    2.6    0.3
166650.0 2546050.0    2.6    0.2
167150.0 2546050.0    2.6    0.2
167650.0 2546050.0    2.6    0.2
168150.0 2546050.0    2.6    0.2
168650.0 2546050.0    2.6    0.1
169150.0 2546050.0    2.7    0.1
169650.0 2546050.0    2.7    0.1
170150.0 2546050.0    2.7    0.1
170650.0 2546050.0    2.8    0.0
171150.0 2546050.0    2.8    0.0
171650.0 2546050.0    2.8    0.0
172150.0 2546050.0    2.8    0.0
172650.0 2546050.0    2.8    0.0
173150.0 2546050.0    2.8    0.0
173650.0 2546050.0    2.8    0.0
174150.0 2546050.0    2.8    0.0
174650.0 2546050.0    2.8    0.0
175150.0 2546050.0    2.8    0.0
175650.0 2546050.0    2.8    0.0
176150.0 2546050.0    2.8    0.0
176650.0 2546050.0    2.8    0.0
177150.0 2546050.0    2.8    0.0
177650.0 2546050.0    2.8   -0.1
178150.0 2546050.0    2.8   -0.1
178650.0 2546050.0    2.9   -0.1
179150.0 2546050.0    2.9   -0.1
179650.0 2546050.0    2.9   -0.1
180150.0 2546050.0    2.9   -0.1
180650.0 2546050.0    2.9   -0.1
181150.0 2546050.0    3.0   -0.1
181650.0 2546050.0    3.0   -0.1
182150.0 2546050.0    3.0   -0.1
182650.0 2546050.0    3.1   -0.1
183150.0 2546050.0    3.1   -0.1
183650.0 2546050.0    3.2   -0.1
184150.0 2546050.0    3.2    0.0
184650.0 2546050.0    3.2    0.0
185150.0 2546050.0    3.2    0.0
165650.0 2546550.0    2.6    0.3
166150.0 2546550.0    2.6    0.3
166650.0 2546550.0    2.6    0.3
167150.0 2546550.0    2.6    0.2
167650.0 2546550.0    2.6    0.2
168150.0 2546550.0    2.6    0.2
168650.0 2546550.0    2.6    0.2
169150.0 2546550.0    2.7    0.1
169650.0 2546550.0    2.7    0.1
170150.0 2546550.0    2.7    0.1
170650.0 2546550.0    2.8    0.1
171150.0 2546550.0    2.8    0.0
171650.0 2546550.0    2.8    0.0
172150.0 2546550.0    2.8    0.0
172650.0 2546550.0    2.8    0.0
173150.0 2546550.0    2.8    0.0
173650.0 2546550.0    2.8    0.0
174150.0 2546550.0    2.8    0.0
174650.0 2546550.0    2.8    0.0
175150.0 2546550.0    2.8    0.0
175650.0 2546550.0    2.8    0.0
176150.0 2546550.0    2.8    0.0
176650.0 2546550.0    2.8    0.0
177150.0 2546550.0    2.8    0.0
177650.0 2546550.0    2.8    0.0
178150.0 2546550.0    2.8    0.0
178650.0 2546550.0    2.8    0.0
179150.0 2546550.0    2.9    0.0
179650.0 2546550.0    2.9    0.0
180150.0 2546550.0    2.9   -0.1
180650.0 2546550.0    2.9   -0.1
181150.0 2546550.0    2.9   -0.1
181650.0 2546550.0    3.0   -0.1
182150.0 2546550.0    3.0   -0.1
182650.0 2546550.0    3.0   -0.1
183150.0 2546550.0    3.1   -0.1
183650.0 2546550.0    3.1   -0.1
184150.0 2546550.0    3.2    0.0
184650.0 2546550.0    3.2    0.0
185150.0 2546550.0    3.2    0.0
165650.0 2547050.0    2.6    0.3
166150.0 2547050.0    2.6    0.3
166650.0 2547050.0    2.6    0.3
167150.0 2547050.0    2.6    0.3
167650.0 2547050.0    2.6    0.2
168150.0 2547050.0    2.6    0.2
168650.0 2547050.0    2.6    0.2
169150.0 2547050.0    2.7    0.2
169650.0 2547050.0    2.7    0.2
170150.0 2547050.0    2.7    0.1
170650.0 2547050.0    2.7    0.1
171150.0 2547050.0    2.8    0.1
171650.0 2547050.0    2.8    0.1
172150.0 2547050.0    2.8    0.1
172650.0 2547050.0    2.8    0.1
173150.0 2547050.0    2.8    0.0
173650.0 2547050.0    2.8    0.0
174150.0 2547050.0    2.8    0.0
174650.0 2547050.0    2.8    0.0
175150.0 2547050.0    2.8    0.0
175650.0 2547050.0    2.7    0.0
176150.0 2547050.0    2.7    0.0
176650.0 2547050.0    2.7    0.0
177150.0 2547050.0    2.8    0.0
177650.0 2547050.0    2.8    0.0
178150.0 2547050.0    2.8    0.0
178650.0 2547050.0    2.8    0.0
179150.0 2547050.0    2.8    0.0
179650.0 2547050.0    2.8    0.0
180150.0 2547050.0    2.9   -0.1
180650.0 2547050.0    2.9   -0.1
181150.0 2547050.0    2.9   -0.1
181650.0 2547050.0    2.9   -0.1
182150.0 2547050.0    3.0   -0.1
182650.0 2547050.0    3.0   -0.1
183150.0 2547050.0    3.0   -0.1
183650.0 2547050.0    3.1   -0.1
184150.0 2547050.0    3.1   -0.1
184650.0 2547050.0    3.2    0.0
185150.0 2547050.0    3.2    0.0
165650.0 2547550.0    2.6    0.4
166150.0 2547550.0    2.6    0.4
166650.0 2547550.0    2.6    0.3
167150.0 2547550.0    2.6    0.3
167650.0 2547550.0    2.6    0.3
168150.0 2547550.0    2.6    0.3
168650.0 2547550.0    2.6    0.2
169150.0 2547550.0    2.7    0.2
169650.0 2547550.0    2.7    0.2
170150.0 2547550.0    2.7    0.2
170650.0 2547550.0    2.7    0.2
171150.0 2547550.0    2.8    0.1
171650.0 2547550.0    2.8    0.1
172150.0 2547550.0    2.8    0.1
172650.0 2547550.0    2.8    0.1
173150.0 2547550.0    2.8    0.1
173650.0 2547550.0    2.8    0.1
174150.0 2547550.0    2.8    0.0
174650.0 2547550.0    2.8    0.0
175150.0 2547550.0    2.7    0.0
175650.0 2547550.0    2.7    0.0
176150.0 2547550.0    2.7    0.0
176650.0 2547550.0    2.7    0.0
177150.0 2547550.0    2.7    0.0
177650.0 2547550.0    2.8    0.0
178150.0 2547550.0    2.8    0.0
178650.0 2547550.0    2.8    0.0
179150.0 2547550.0    2.8    0.0
179650.0 2547550.0    2.8   -0.1
180150.0 2547550.0    2.8   -0.1
180650.0 2547550.0    2.8   -0.1
181150.0 2547550.0    2.9   -0.1
181650.0 2547550.0    2.9   -0.1
182150.0 2547550.0    2.9   -0.1
182650.0 2547550.0    3.0   -0.1
183150.0 2547550.0    3.0   -0.1
183650.0 2547550.0    3.1   -0.1
184150.0 2547550.0    3.1   -0.1
184650.0 2547550.0    3.2   -0.1
185150.0 2547550.0    3.2   -0.1
165650.0 2548050.0    2.6    0.4
166150.0 2548050.0    2.6    0.4
166650.0 2548050.0    2.6    0.4
167150.0 2548050.0    2.6    0.4
167650.0 2548050.0    2.6    0.3
168150.0 2548050.0    2.6    0.3
168650.0 2548050.0    2.6    0.3
169150.0 2548050.0    2.7    0.3
169650.0 2548050.0    2.7    0.3
170150.0 2548050.0    2.7    0.2
170650.0 2548050.0    2.7    0.2
171150.0 2548050.0    2.8    0.2
171650.0 2548050.0    2.8    0.2
172150.0 2548050.0    2.8    0.1
172650.0 2548050.0    2.8    0.1
173150.0 2548050.0    2.8    0.1
173650.0 2548050.0    2.8    0.1
174150.0 2548050.0    2.8    0.1
174650.0 2548050.0    2.8    0.0
175150.0 2548050.0    2.7    0.0
175650.0 2548050.0    2.7    0.0
176150.0 2548050.0    2.7    0.0
176650.0 2548050.0    2.7    0.0
177150.0 2548050.0    2.7    0.0
177650.0 2548050.0    2.7   -0.1
178150.0 2548050.0    2.7   -0.1
178650.0 2548050.0    2.7   -0.1
179150.0 2548050.0    2.8   -0.1
179650.0 2548050.0    2.8   -0.1
180150.0 2548050.0    2.8   -0.1
180650.0 2548050.0    2.8   -0.1
181150.0 2548050.0    2.8   -0.1
181650.0 2548050.0    2.9   -0.2
182150.0 2548050.0    2.9   -0.2
182650.0 2548050.0    3.0   -0.2
183150.0 2548050.0    3.0   -0.2
183650.0 2548050.0    3.1   -0.2
184150.0 2548050.0    3.1   -0.1
184650.0 2548050.0    3.2   -0.1
185150.0 2548050.0    3.2   -0.1
165650.0 2548550.0    2.6    0.4
166150.0 2548550.0    2.6    0.4
166650.0 2548550.0    2.6    0.4
167150.0 2548550.0    2.6    0.4
167650.0 2548550.0    2.6    0.4
168150.0 2548550.0    2.6    0.3
168650.0 2548550.0    2.6    0.3
169150.0 2548550.0    2.7    0.3
169650.0 2548550.0    2.7    0.3
170150.0 2548550.0    2.7    0.3
170650.0 2548550.0    2.7    0.2
171150.0 2548550.0    2.7    0.2
171650.0 2548550.0    2.8    0.2
172150.0 2548550.0    2.8    0.1
172650.0 2548550.0    2.8    0.1
173150.0 2548550.0    2.8    0.1
173650.0 2548550.0    2.8    0.1
174150.0 2548550.0    2.7    0.0
174650.0 2548550.0    2.7    0.0
175150.0 2548550.0    2.7    0.0
175650.0 2548550.0    2.7    0.0
176150.0 2548550.0    2.7   -0.1
176650.0 2548550.0    2.7   -0.1
177150.0 2548550.0    2.7   -0.1
177650.0 2548550.0    2.7   -0.1
178150.0 2548550.0    2.7   -0.1
178650.0 2548550.0    2.7   -0.1
179150.0 2548550.0    2.7   -0.1
179650.0 2548550.0    2.7   -0.1
180150.0 2548550.0    2.8   -0.1
180650.0 2548550.0    2.8   -0.2
181150.0 2548550.0    2.8   -0.2
181650.0 2548550.0    2.9   -0.2
182150.0 2548550.0    2.9   -0.2
182650.0 2548550.0    3.0   -0.2
183150.0 2548550.0    3.0   -0.2
183650.0 2548550.0    3.1   -0.2
184150.0 2548550.0    3.1   -0.2
184650.0 2548550.0    3.2   -0.2
185150.0 2548550.0    3.2   -0.2
165650.0 2549050.0    2.6    0.4
166150.0 2549050.0    2.6    0.4
166650.0 2549050.0    2.6    0.4
167150.0 2549050.0    2.6    0.4
167650.0 2549050.0    2.6    0.4
168150.0 2549050.0    2.6    0.4
168650.0 2549050.0    2.7    0.3
169150.0 2549050.0    2.7    0.3
169650.0 2549050.0    2.7    0.3
170150.0 2549050.0    2.7    0.3
170650.0 2549050.0    2.7    0.2
171150.0 2549050.0    2.7    0.2
171650.0 2549050.0    2.7    0.2
172150.0 2549050.0    2.7    0.1
172650.0 2549050.0    2.7    0.1
173150.0 2549050.0    2.7    0.1
173650.0 2549050.0    2.7    0.0
174150.0 2549050.0    2.7    0.0
174650.0 2549050.0    2.7    0.0
175150.0 2549050.0    2.7    0.0
175650.0 2549050.0    2.7   -0.1
176150.0 2549050.0    2.7   -0.1
176650.0 2549050.0    2.7   -0.1
177150.0 2549050.0    2.7   -0.1
177650.0 2549050.0    2.7   -0.2
178150.0 2549050.0    2.7   -0.2
178650.0 2549050.0    2.7   -0.2
179150.0 2549050.0    2.7   -0.2
179650.0 2549050.0    2.8   -0.2
180150.0 2549050.0    2.8   -0.2
180650.0 2549050.0    2.8   -0.2
181150.0 2549050.0    2.8   -0.2
181650.0 2549050.0    2.9   -0.2
182150.0 2549050.0    2.9   -0.2
182650.0 2549050.0    3.0   -0.2
183150.0 2549050.0    3.0   -0.3
183650.0 2549050.0    3.1   -0.3
184150.0 2549050.0    3.1   -0.3
184650.0 2549050.0    3.2   -0.3
185150.0 2549050.0    3.2   -0.3
165650.0 2549550.0    2.6    0.4
166150.0 2549550.0    2.6    0.4
166650.0 2549550.0    2.6    0.4
167150.0 2549550.0    2.6    0.4
167650.0 2549550.0    2.6    0.4
168150.0 2549550.0    2.6    0.4
168650.0 2549550.0    2.7    0.3
169150.0 2549550.0    2.7    0.3
169650.0 2549550.0    2.7    0.3
170150.0 2549550.0    2.7    0.2
170650.0 2549550.0    2.7    0.2
171150.0 2549550.0    2.7    0.2
171650.0 2549550.0    2.7    0.2
172150.0 2549550.0    2.8    0.1
172650.0 2549550.0    2.7    0.1
173150.0 2549550.0    2.7    0.1
173650.0 2549550.0    2.7    0.0
174150.0 2549550.0    2.7    0.0
174650.0 2549550.0    2.7    0.0
175150.0 2549550.0    2.7   -0.1
175650.0 2549550.0    2.7   -0.1
176150.0 2549550.0    2.7   -0.1
176650.0 2549550.0    2.7   -0.1
177150.0 2549550.0    2.7   -0.2
177650.0 2549550.0    2.7   -0.2
178150.0 2549550.0    2.7   -0.2
178650.0 2549550.0    2.7   -0.2
179150.0 2549550.0    2.7   -0.2
179650.0 2549550.0    2.8   -0.2
180150.0 2549550.0    2.8   -0.2
180650.0 2549550.0    2.8   -0.2
181150.0 2549550.0    2.9   -0.2
181650.0 2549550.0    2.9   -0.2
182150.0 2549550.0    2.9   -0.3
182650.0 2549550.0    3.0   -0.3
183150.0 2549550.0    3.0   -0.3
183650.0 2549550.0    3.1   -0.3
184150.0 2549550.0    3.1   -0.3
184650.0 2549550.0    3.2   -0.3
185150.0 2549550.0    3.2   -0.3
165650.0 2550050.0    2.6    0.4
166150.0 2550050.0    2.6    0.4
166650.0 2550050.0    2.6    0.4
167150.0 2550050.0    2.6    0.4
167650.0 2550050.0    2.7    0.4
168150.0 2550050.0    2.7    0.4
168650.0 2550050.0    2.7    0.3
169150.0 2550050.0    2.7    0.3
169650.0 2550050.0    2.7    0.2
170150.0 2550050.0    2.7    0.2
170650.0 2550050.0    2.7    0.2
171150.0 2550050.0    2.7    0.2
171650.0 2550050.0    2.7    0.1
172150.0 2550050.0    2.8    0.1
172650.0 2550050.0    2.8    0.1
173150.0 2550050.0    2.7    0.1
173650.0 2550050.0    2.7    0.0
174150.0 2550050.0    2.7    0.0
174650.0 2550050.0    2.7    0.0
175150.0 2550050.0    2.7   -0.1
175650.0 2550050.0    2.7   -0.1
176150.0 2550050.0    2.7   -0.1
176650.0 2550050.0    2.7   -0.2
177150.0 2550050.0    2.7   -0.2
177650.0 2550050.0    2.7   -0.2
178150.0 2550050.0    2.7   -0.2
178650.0 2550050.0    2.8   -0.2
179150.0 2550050.0    2.8   -0.3
179650.0 2550050.0    2.8   -0.3
180150.0 2550050.0    2.8   -0.3
180650.0 2550050.0    2.8   -0.3
181150.0 2550050.0    2.9   -0.3
181650.0 2550050.0    2.9   -0.3
182150.0 2550050.0    2.9   -0.3
182650.0 2550050.0    3.0   -0.3
183150.0 2550050.0    3.0   -0.3
183650.0 2550050.0    3.1   -0.3
184150.0 2550050.0    3.1   -0.3
184650.0 2550050.0    3.2   -0.3
185150.0 2550050.0    3.2   -0.4
165650.0 2550550.0    2.6    0.4
166150.0 2550550.0    2.6    0.4
166650.0 2550550.0    2.7    0.4
167150.0 2550550.0    2.7    0.4
167650.0 2550550.0    2.7    0.4
168150.0 2550550.0    2.7    0.3
168650.0 2550550.0    2.7    0.3
169150.0 2550550.0    2.7    0.2
169650.0 2550550.0    2.7    0.2
170150.0 2550550.0    2.7    0.2
170650.0 2550550.0    2.7    0.2
171150.0 2550550.0    2.7    0.1
171650.0 2550550.0    2.8    0.1
172150.0 2550550.0    2.8    0.1
172650.0 2550550.0    2.8    0.1
173150.0 2550550.0    2.7    0.0
173650.0 2550550.0    2.7    0.0
174150.0 2550550.0    2.7    0.0
174650.0 2550550.0    2.7   -0.1
175150.0 2550550.0    2.7   -0.1
175650.0 2550550.0    2.7   -0.1
176150.0 2550550.0    2.7   -0.2
176650.0 2550550.0    2.7   -0.2
177150.0 2550550.0    2.7   -0.2
177650.0 2550550.0    2.7   -0.2
178150.0 2550550.0    2.8   -0.2
178650.0 2550550.0    2.8   -0.2
179150.0 2550550.0    2.8   -0.3
179650.0 2550550.0    2.8   -0.3
180150.0 2550550.0    2.8   -0.3
180650.0 2550550.0    2.9   -0.3
181150.0 2550550.0    2.9   -0.3
181650.0 2550550.0    2.9   -0.3
182150.0 2550550.0    2.9   -0.3
182650.0 2550550.0    3.0   -0.3
183150.0 2550550.0    3.0   -0.3
183650.0 2550550.0    3.1   -0.3
184150.0 2550550.0    3.1   -0.3
184650.0 2550550.0    3.2   -0.4
185150.0 2550550.0    3.2   -0.4
165650.0 2551050.0    2.7    0.4
166150.0 2551050.0    2.7    0.4
166650.0 2551050.0    2.7    0.4
167150.0 2551050.0    2.7    0.4
167650.0 2551050.0    2.7    0.3
168150.0 2551050.0    2.7    0.3
168650.0 2551050.0    2.7    0.2
169150.0 2551050.0    2.7    0.2
169650.0 2551050.0    2.7    0.2
170150.0 2551050.0    2.7    0.2
170650.0 2551050.0    2.7    0.1
171150.0 2551050.0    2.7    0.1
171650.0 2551050.0    2.8    0.1
172150.0 2551050.0    2.8    0.1
172650.0 2551050.0    2.8    0.0
173150.0 2551050.0    2.8    0.0
173650.0 2551050.0    2.7    0.0
174150.0 2551050.0    2.7   -0.1
174650.0 2551050.0    2.7   -0.1
175150.0 2551050.0    2.7   -0.1
175650.0 2551050.0    2.7   -0.1
176150.0 2551050.0    2.7   -0.2
176650.0 2551050.0    2.7   -0.2
177150.0 2551050.0    2.7   -0.2
177650.0 2551050.0    2.8   -0.2
178150.0 2551050.0    2.8   -0.2
178650.0 2551050.0    2.8   -0.2
179150.0 2551050.0    2.8   -0.2
179650.0 2551050.0    2.8   -0.3
180150.0 2551050.0    2.9   -0.3
180650.0 2551050.0    2.9   -0.3
181150.0 2551050.0    2.9   -0.3
181650.0 2551050.0    2.9   -0.3
182150.0 2551050.0    2.9   -0.3
182650.0 2551050.0    3.0   -0.2
183150.0 2551050.0    3.0   -0.2
183650.0 2551050.0    3.1   -0.3
184150.0 2551050.0    3.1   -0.3
184650.0 2551050.0    3.2   -0.4
185150.0 2551050.0    3.2   -0.4
165650.0 2551550.0    2.7    0.4
166150.0 2551550.0    2.7    0.4
166650.0 2551550.0    2.7    0.4
167150.0 2551550.0    2.7    0.4
167650.0 2551550.0    2.7    0.3
168150.0 2551550.0    2.7    0.3
168650.0 2551550.0    2.7    0.2
169150.0 2551550.0    2.7    0.2
169650.0 2551550.0    2.7    0.2
170150.0 2551550.0    2.7    0.1
170650.0 2551550.0    2.7    0.1
171150.0 2551550.0    2.7    0.1
171650.0 2551550.0    2.8    0.1
172150.0 2551550.0    2.8    0.0
172650.0 2551550.0    2.8    0.0
173150.0 2551550.0    2.8    0.0
173650.0 2551550.0    2.7    0.0
174150.0 2551550.0    2.7   -0.1
174650.0 2551550.0    2.7   -0.1
175150.0 2551550.0    2.7   -0.1
175650.0 2551550.0    2.7   -0.1
176150.0 2551550.0    2.7   -0.2
176650.0 2551550.0    2.7   -0.2
177150.0 2551550.0    2.7   -0.2
177650.0 2551550.0    2.8   -0.2
178150.0 2551550.0    2.8   -0.2
178650.0 2551550.0    2.8   -0.2
179150.0 2551550.0    2.8   -0.2
179650.0 2551550.0    2.9   -0.2
180150.0 2551550.0    2.9   -0.2
180650.0 2551550.0    2.9   -0.2
181150.0 2551550.0    2.9   -0.2
181650.0 2551550.0    2.9   -0.2
182150.0 2551550.0    3.0   -0.2
182650.0 2551550.0    3.0   -0.2
183150.0 2551550.0    3.0   -0.2
183650.0 2551550.0    3.1   -0.3
184150.0 2551550.0    3.1   -0.3
184650.0 2551550.0    3.2   -0.3
185150.0 2551550.0    3.2   -0.4
165650.0 2552050.0    2.8    0.4
166150.0 2552050.0    2.8    0.4
166650.0 2552050.0    2.8    0.4
167150.0 2552050.0    2.8    0.3
167650.0 2552050.0    2.8    0.3
168150.0 2552050.0    2.8    0.3
168650.0 2552050.0    2.7    0.2
169150.0 2552050.0    2.7    0.2
169650.0 2552050.0    2.7    0.1
170150.0 2552050.0    2.7    0.1
170650.0 2552050.0    2.7    0.1
171150.0 2552050.0    2.7    0.1
171650.0 2552050.0    2.8    0.0
172150.0 2552050.0    2.8    0.0
172650.0 2552050.0    2.8    0.0
173150.0 2552050.0    2.8    0.0
173650.0 2552050.0    2.7    0.0
174150.0 2552050.0    2.7   -0.1
174650.0 2552050.0    2.7   -0.1
175150.0 2552050.0    2.7   -0.1
175650.0 2552050.0    2.7   -0.1
176150.0 2552050.0    2.7   -0.2
176650.0 2552050.0    2.7   -0.2
177150.0 2552050.0    2.7   -0.2
177650.0 2552050.0    2.8   -0.2
178150.0 2552050.0    2.8   -0.2
178650.0 2552050.0    2.8   -0.2
179150.0 2552050.0    2.8   -0.2
179650.0 2552050.0    2.9   -0.2
180150.0 2552050.0    2.9   -0.2
180650.0 2552050.0    2.9   -0.2
181150.0 2552050.0    2.9   -0.2
181650.0 2552050.0    3.0   -0.2
182150.0 2552050.0    3.0   -0.2
182650.0 2552050.0    3.0   -0.2
183150.0 2552050.0    3.0   -0.2
183650.0 2552050.0    3.1   -0.2
184150.0 2552050.0    3.1   -0.3
184650.0 2552050.0    3.2   -0.3
185150.0 2552050.0    3.2   -0.3
165650.0 2552550.0    2.8    0.4
166150.0 2552550.0    2.8    0.4
166650.0 2552550.0    2.8    0.4
167150.0 2552550.0    2.8    0.3
167650.0 2552550.0    2.8    0.3
168150.0 2552550.0    2.8    0.2
168650.0 2552550.0    2.8    0.2
169150.0 2552550.0    2.7    0.2
169650.0 2552550.0    2.7    0.1
170150.0 2552550.0    2.7    0.1
170650.0 2552550.0    2.7    0.1
171150.0 2552550.0    2.7    0.0
171650.0 2552550.0    2.7    0.0
172150.0 2552550.0    2.7    0.0
172650.0 2552550.0    2.7    0.0
173150.0 2552550.0    2.7    0.0
173650.0 2552550.0    2.7    0.0
174150.0 2552550.0    2.7   -0.1
174650.0 2552550.0    2.7   -0.1
175150.0 2552550.0    2.7   -0.1
175650.0 2552550.0    2.7   -0.1
176150.0 2552550.0    2.7   -0.2
176650.0 2552550.0    2.7   -0.2
177150.0 2552550.0    2.7   -0.2
177650.0 2552550.0    2.8   -0.2
178150.0 2552550.0    2.8   -0.2
178650.0 2552550.0    2.8   -0.2
179150.0 2552550.0    2.8   -0.2
179650.0 2552550.0    2.9   -0.2
180150.0 2552550.0    2.9   -0.2
180650.0 2552550.0    2.9   -0.2
181150.0 2552550.0    2.9   -0.2
181650.0 2552550.0    3.0   -0.2
182150.0 2552550.0    3.0   -0.2
182650.0 2552550.0    3.0   -0.2
183150.0 2552550.0    3.0   -0.2
183650.0 2552550.0    3.1   -0.2
184150.0 2552550.0    3.1   -0.2
184650.0 2552550.0    3.2   -0.3
185150.0 2552550.0    3.2   -0.3
165650.0 2553050.0    2.8    0.4
166150.0 2553050.0    2.8    0.4
166650.0 2553050.0    2.8    0.4
167150.0 2553050.0    2.8    0.3
167650.0 2553050.0    2.8    0.3
168150.0 2553050.0    2.8    0.2
168650.0 2553050.0    2.8    0.2
169150.0 2553050.0    2.8    0.2
169650.0 2553050.0    2.7    0.1
170150.0 2553050.0    2.7    0.1
170650.0 2553050.0    2.7    0.1
171150.0 2553050.0    2.7    0.0
171650.0 2553050.0    2.7    0.0
172150.0 2553050.0    2.7    0.0
172650.0 2553050.0    2.7    0.0
173150.0 2553050.0    2.7    0.0
173650.0 2553050.0    2.7    0.0
174150.0 2553050.0    2.7    0.0
174650.0 2553050.0    2.7   -0.1
175150.0 2553050.0    2.7   -0.1
175650.0 2553050.0    2.7   -0.1
176150.0 2553050.0    2.7   -0.1
176650.0 2553050.0    2.7   -0.2
177150.0 2553050.0    2.7   -0.2
177650.0 2553050.0    2.8   -0.2
178150.0 2553050.0    2.8   -0.2
178650.0 2553050.0    2.8   -0.2
179150.0 2553050.0    2.8   -0.2
179650.0 2553050.0    2.9   -0.2
180150.0 2553050.0    2.9   -0.2
180650.0 2553050.0    2.9   -0.2
181150.0 2553050.0    2.9   -0.2
181650.0 2553050.0    3.0   -0.2
182150.0 2553050.0    3.0   -0.2
182650.0 2553050.0    3.0   -0.2
183150.0 2553050.0    3.0   -0.2
183650.0 2553050.0    3.1   -0.2
184150.0 2553050.0    3.1   -0.2
184650.0 2553050.0    3.2   -0.2
185150.0 2553050.0    3.2   -0.2
165650.0 2553550.0    2.8    0.4
166150.0 2553550.0    2.8    0.4
166650.0 2553550.0    2.8    0.3
167150.0 2553550.0    2.8    0.3
167650.0 2553550.0    2.8    0.3
168150.0 2553550.0    2.8    0.2
168650.0 2553550.0    2.8    0.2
169150.0 2553550.0    2.8    0.2
169650.0 2553550.0    2.7    0.1
170150.0 2553550.0    2.7    0.1
170650.0 2553550.0    2.7    0.1
171150.0 2553550.0    2.7    0.0
171650.0 2553550.0    2.7    0.0
172150.0 2553550.0    2.7    0.0
172650.0 2553550.0    2.7    0.0
173150.0 2553550.0    2.7    0.0
173650.0 2553550.0    2.7    0.0
174150.0 2553550.0    2.7    0.0
174650.0 2553550.0    2.7    0.0
175150.0 2553550.0    2.7   -0.1
175650.0 2553550.0    2.7   -0.1
176150.0 2553550.0    2.7   -0.1
176650.0 2553550.0    2.7   -0.2
177150.0 2553550.0    2.7   -0.2
177650.0 2553550.0    2.7   -0.2
178150.0 2553550.0    2.8   -0.2
178650.0 2553550.0    2.8   -0.2
179150.0 2553550.0    2.8   -0.2
179650.0 2553550.0    2.9   -0.2
180150.0 2553550.0    2.9   -0.2
180650.0 2553550.0    2.9   -0.2
181150.0 2553550.0    2.9   -0.2
181650.0 2553550.0    3.0   -0.2
182150.0 2553550.0    3.0   -0.2
182650.0 2553550.0    3.0   -0.2
183150.0 2553550.0    3.1   -0.2
183650.0 2553550.0    3.1   -0.2
184150.0 2553550.0    3.1   -0.1
184650.0 2553550.0    3.2   -0.1
185150.0 2553550.0    3.2   -0.2
165650.0 2554050.0    2.8    0.4
166150.0 2554050.0    2.8    0.3
166650.0 2554050.0    2.8    0.3
167150.0 2554050.0    2.8    0.3
167650.0 2554050.0    2.8    0.2
168150.0 2554050.0    2.8    0.2
168650.0 2554050.0    2.8    0.2
169150.0 2554050.0    2.8    0.1
169650.0 2554050.0    2.7    0.1
170150.0 2554050.0    2.7    0.1
170650.0 2554050.0    2.7    0.1
171150.0 2554050.0    2.7    0.0
171650.0 2554050.0    2.7    0.0
172150.0 2554050.0    2.7    0.0
172650.0 2554050.0    2.7    0.0
173150.0 2554050.0    2.7    0.0
173650.0 2554050.0    2.7    0.0
174150.0 2554050.0    2.7    0.0
174650.0 2554050.0    2.7    0.0
175150.0 2554050.0    2.7    0.0
175650.0 2554050.0    2.7   -0.1
176150.0 2554050.0    2.7   -0.1
176650.0 2554050.0    2.7   -0.2
177150.0 2554050.0    2.7   -0.2
177650.0 2554050.0    2.8   -0.2
178150.0 2554050.0    2.8   -0.2
178650.0 2554050.0    2.8   -0.2
179150.0 2554050.0    2.8   -0.2
179650.0 2554050.0    2.9   -0.2
180150.0 2554050.0    2.9   -0.2
180650.0 2554050.0    2.9   -0.2
181150.0 2554050.0    2.9   -0.2
181650.0 2554050.0    3.0   -0.2
182150.0 2554050.0    3.0   -0.2
182650.0 2554050.0    3.0   -0.1
183150.0 2554050.0    3.1   -0.1
183650.0 2554050.0    3.1   -0.1
184150.0 2554050.0    3.1   -0.1
184650.0 2554050.0    3.2   -0.1
185150.0 2554050.0    3.2   -0.1
165650.0 2554550.0    2.8    0.3
166150.0 2554550.0    2.8    0.3
166650.0 2554550.0    2.8    0.3
167150.0 2554550.0    2.8    0.2
167650.0 2554550.0    2.8    0.2
168150.0 2554550.0    2.8    0.2
168650.0 2554550.0    2.8    0.2
169150.0 2554550.0    2.8    0.1
169650.0 2554550.0    2.7    0.1
170150.0 2554550.0    2.7    0.1
170650.0 2554550.0    2.7    0.0
171150.0 2554550.0    2.7    0.0
171650.0 2554550.0    2.7    0.0
172150.0 2554550.0    2.7    0.0
172650.0 2554550.0    2.7    0.0
173150.0 2554550.0    2.7    0.1
173650.0 2554550.0    2.7    0.1
174150.0 2554550.0    2.7    0.1
174650.0 2554550.0    2.7    0.1
175150.0 2554550.0    2.7    0.1
175650.0 2554550.0    2.7    0.0
176150.0 2554550.0    2.7   -0.1
176650.0 2554550.0    2.7   -0.2
177150.0 2554550.0    2.7   -0.2
177650.0 2554550.0    2.8   -0.2
178150.0 2554550.0    2.8   -0.2
178650.0 2554550.0    2.8   -0.2
179150.0 2554550.0    2.8   -0.2
179650.0 2554550.0    2.9   -0.2
180150.0 2554550.0    2.9   -0.2
180650.0 2554550.0    2.9   -0.2
181150.0 2554550.0    2.9   -0.2
181650.0 2554550.0    3.0   -0.2
182150.0 2554550.0    3.0   -0.2
182650.0 2554550.0    3.0   -0.1
183150.0 2554550.0    3.1   -0.1
183650.0 2554550.0    3.1   -0.1
184150.0 2554550.0    3.1   -0.1
184650.0 2554550.0    3.2   -0.1
185150.0 2554550.0    3.2   -0.1
165650.0 2555050.0    2.8    0.3
166150.0 2555050.0    2.8    0.3
166650.0 2555050.0    2.8    0.2
167150.0 2555050.0    2.8    0.2
167650.0 2555050.0    2.8    0.2
168150.0 2555050.0    2.8    0.2
168650.0 2555050.0    2.8    0.1
169150.0 2555050.0    2.8    0.1
169650.0 2555050.0    2.7    0.1
170150.0 2555050.0    2.7    0.1
170650.0 2555050.0    2.7    0.0
171150.0 2555050.0    2.7    0.0
171650.0 2555050.0    2.7    0.0
172150.0 2555050.0    2.7    0.0
172650.0 2555050.0    2.7    0.0
173150.0 2555050.0    2.7    0.1
173650.0 2555050.0    2.7    0.1
174150.0 2555050.0    2.7    0.2
174650.0 2555050.0    2.7    0.3
175150.0 2555050.0    2.7    0.3
175650.0 2555050.0    2.7    0.2
176150.0 2555050.0    2.7    0.0
176650.0 2555050.0    2.8   -0.1
177150.0 2555050.0    2.8   -0.2
177650.0 2555050.0    2.8   -0.2
178150.0 2555050.0    2.8   -0.2
178650.0 2555050.0    2.9   -0.2
179150.0 2555050.0    2.9   -0.2
179650.0 2555050.0    2.9   -0.2
180150.0 2555050.0    2.9   -0.2
180650.0 2555050.0    2.9   -0.2
181150.0 2555050.0    2.9   -0.2
181650.0 2555050.0    3.0   -0.2
182150.0 2555050.0    3.0   -0.2
182650.0 2555050.0    3.0   -0.1
183150.0 2555050.0    3.1   -0.1
183650.0 2555050.0    3.1   -0.1
184150.0 2555050.0    3.1   -0.1
184650.0 2555050.0    3.2    0.0
185150.0 2555050.0    3.2    0.0
165650.0 2555550.0    2.8    0.2
166150.0 2555550.0    2.8    0.2
166650.0 2555550.0    2.8    0.2
167150.0 2555550.0    2.8    0.2
167650.0 2555550.0    2.8    0.1
168150.0 2555550.0    2.8    0.1
168650.0 2555550.0    2.8    0.1
169150.0 2555550.0    2.7    0.1
169650.0 2555550.0    2.7    0.1
170150.0 2555550.0    2.7    0.0
170650.0 2555550.0    2.7    0.0
171150.0 2555550.0    2.7    0.0
171650.0 2555550.0    2.6    0.0
172150.0 2555550.0    2.6    0.0
172650.0 2555550.0    2.6    0.0
173150.0 2555550.0    2.6    0.1
173650.0 2555550.0    2.6    0.2
174150.0 2555550.0    2.7    0.3
174650.0 2555550.0    2.7    0.5
175150.0 2555550.0    2.8    0.5
175650.0 2555550.0    2.8    0.3
176150.0 2555550.0    2.8    0.1
176650.0 2555550.0    2.8   -0.1
177150.0 2555550.0    2.9   -0.2
177650.0 2555550.0    2.9   -0.2
178150.0 2555550.0    2.9   -0.2
178650.0 2555550.0    2.9   -0.2
179150.0 2555550.0    2.9   -0.2
179650.0 2555550.0    2.9   -0.2
180150.0 2555550.0    2.9   -0.2
180650.0 2555550.0    2.9   -0.2
181150.0 2555550.0    2.9   -0.2
181650.0 2555550.0    3.0   -0.2
182150.0 2555550.0    3.0   -0.2
182650.0 2555550.0    3.0   -0.1
183150.0 2555550.0    3.1   -0.1
183650.0 2555550.0    3.1   -0.1
184150.0 2555550.0    3.1   -0.1
184650.0 2555550.0    3.2    0.0
185150.0 2555550.0    3.2    0.0
165650.0 2556050.0    2.8    0.2
166150.0 2556050.0    2.8    0.2
166650.0 2556050.0    2.8    0.2
167150.0 2556050.0    2.8    0.1
167650.0 2556050.0    2.8    0.1
168150.0 2556050.0    2.8    0.1
168650.0 2556050.0    2.8    0.1
169150.0 2556050.0    2.7    0.0
169650.0 2556050.0    2.7    0.0
170150.0 2556050.0    2.7    0.0
170650.0 2556050.0    2.7    0.0
171150.0 2556050.0    2.6   -0.1
171650.0 2556050.0    2.6   -0.1
172150.0 2556050.0    2.6   -0.1
172650.0 2556050.0    2.6    0.0
173150.0 2556050.0    2.6    0.0
173650.0 2556050.0    2.6    0.1
174150.0 2556050.0    2.6    0.3
174650.0 2556050.0    2.7    0.5
175150.0 2556050.0    2.7    0.6
175650.0 2556050.0    2.7    0.4
176150.0 2556050.0    2.8    0.1
176650.0 2556050.0    2.9   -0.1
177150.0 2556050.0    2.9   -0.2
177650.0 2556050.0    3.0   -0.3
178150.0 2556050.0    2.9   -0.3
178650.0 2556050.0    2.9   -0.3
179150.0 2556050.0    2.9   -0.2
179650.0 2556050.0    2.9   -0.2
180150.0 2556050.0    2.9   -0.2
180650.0 2556050.0    2.9   -0.2
181150.0 2556050.0    2.9   -0.2
181650.0 2556050.0    3.0   -0.2
182150.0 2556050.0    3.0   -0.2
182650.0 2556050.0    3.0   -0.1
183150.0 2556050.0    3.0   -0.1
183650.0 2556050.0    3.1   -0.1
184150.0 2556050.0    3.1   -0.1
184650.0 2556050.0    3.1   -0.1
185150.0 2556050.0    3.2    0.0
165650.0 2556550.0    2.8    0.2
166150.0 2556550.0    2.8    0.1
166650.0 2556550.0    2.8    0.1
167150.0 2556550.0    2.8    0.1
167650.0 2556550.0    2.8    0.1
168150.0 2556550.0    2.8    0.0
168650.0 2556550.0    2.7    0.0
169150.0 2556550.0    2.7    0.0
169650.0 2556550.0    2.7    0.0
170150.0 2556550.0    2.7    0.0
170650.0 2556550.0    2.6   -0.1
171150.0 2556550.0    2.6   -0.1
171650.0 2556550.0    2.6   -0.1
172150.0 2556550.0    2.5   -0.1
172650.0 2556550.0    2.5   -0.1
173150.0 2556550.0    2.5   -0.1
173650.0 2556550.0    2.5    0.0
174150.0 2556550.0    2.5    0.1
174650.0 2556550.0    2.6    0.3
175150.0 2556550.0    2.6    0.3
175650.0 2556550.0    2.6    0.2
176150.0 2556550.0    2.7    0.0
176650.0 2556550.0    2.8   -0.2
177150.0 2556550.0    2.9   -0.3
177650.0 2556550.0    3.0   -0.3
178150.0 2556550.0    2.9   -0.3
178650.0 2556550.0    2.9   -0.3
179150.0 2556550.0    2.9   -0.3
179650.0 2556550.0    2.9   -0.2
180150.0 2556550.0    2.9   -0.2
180650.0 2556550.0    2.9   -0.2
181150.0 2556550.0    2.9   -0.2
181650.0 2556550.0    2.9   -0.2
182150.0 2556550.0    3.0   -0.2
182650.0 2556550.0    3.0   -0.1
183150.0 2556550.0    3.0   -0.1
183650.0 2556550.0    3.1   -0.1
184150.0 2556550.0    3.1   -0.1
184650.0 2556550.0    3.1   -0.1
185150.0 2556550.0    3.2   -0.1
165650.0 2557050.0    2.8    0.1
166150.0 2557050.0    2.8    0.1
166650.0 2557050.0    2.8    0.1
167150.0 2557050.0    2.8    0.1
167650.0 2557050.0    2.8    0.0
168150.0 2557050.0    2.8    0.0
168650.0 2557050.0    2.7    0.0
169150.0 2557050.0    2.7    0.0
169650.0 2557050.0    2.7   -0.1
170150.0 2557050.0    2.7   -0.1
170650.0 2557050.0    2.6   -0.1
171150.0 2557050.0    2.6   -0.2
171650.0 2557050.0    2.5   -0.2
172150.0 2557050.0    2.5   -0.2
172650.0 2557050.0    2.5   -0.3
173150.0 2557050.0    2.4   -0.3
173650.0 2557050.0    2.4   -0.3
174150.0 2557050.0    2.3   -0.3
174650.0 2557050.0    2.3   -0.3
175150.0 2557050.0    2.4   -0.3
175650.0 2557050.0    2.4   -0.2
176150.0 2557050.0    2.6   -0.3
176650.0 2557050.0    2.7   -0.3
177150.0 2557050.0    2.8   -0.3
177650.0 2557050.0    2.9   -0.3
178150.0 2557050.0    2.9   -0.3
178650.0 2557050.0    2.9   -0.3
179150.0 2557050.0    2.9   -0.3
179650.0 2557050.0    2.9   -0.2
180150.0 2557050.0    2.9   -0.2
180650.0 2557050.0    2.9   -0.2
181150.0 2557050.0    2.9   -0.2
181650.0 2557050.0    2.9   -0.2
182150.0 2557050.0    3.0   -0.2
182650.0 2557050.0    3.0   -0.2
183150.0 2557050.0    3.0   -0.1
183650.0 2557050.0    3.1   -0.1
184150.0 2557050.0    3.1   -0.1
184650.0 2557050.0    3.1   -0.1
185150.0 2557050.0    3.1   -0.1
165650.0 2557550.0    2.8    0.1
166150.0 2557550.0    2.8    0.1
166650.0 2557550.0    2.8    0.1
167150.0 2557550.0    2.8    0.0
167650.0 2557550.0    2.8    0.0
168150.0 2557550.0    2.8    0.0
168650.0 2557550.0    2.7   -0.1
169150.0 2557550.0    2.7   -0.1
169650.0 2557550.0    2.7   -0.1
170150.0 2557550.0    2.7   -0.1
170650.0 2557550.0    2.6   -0.2
171150.0 2557550.0    2.6   -0.2
171650.0 2557550.0    2.5   -0.3
172150.0 2557550.0    2.5   -0.3
172650.0 2557550.0    2.4   -0.4
173150.0 2557550.0    2.3   -0.5
173650.0 2557550.0    2.2   -0.6
174150.0 2557550.0    2.1   -0.8
174650.0 2557550.0    2.0   -0.9
175150.0 2557550.0    2.0   -0.9
175650.0 2557550.0    2.2   -0.8
176150.0 2557550.0    2.4   -0.6
176650.0 2557550.0    2.6   -0.5
177150.0 2557550.0    2.7   -0.4
177650.0 2557550.0    2.8   -0.3
178150.0 2557550.0    2.8   -0.3
178650.0 2557550.0    2.8   -0.3
179150.0 2557550.0    2.8   -0.3
179650.0 2557550.0    2.8   -0.3
180150.0 2557550.0    2.9   -0.2
180650.0 2557550.0    2.9   -0.2
181150.0 2557550.0    2.9   -0.2
181650.0 2557550.0    2.9   -0.2
182150.0 2557550.0    3.0   -0.2
182650.0 2557550.0    3.0   -0.2
183150.0 2557550.0    3.0   -0.2
183650.0 2557550.0    3.1   -0.2
184150.0 2557550.0    3.1   -0.2
184650.0 2557550.0    3.1   -0.2
185150.0 2557550.0    3.1   -0.1
165650.0 2558050.0    2.8    0.1
166150.0 2558050.0    2.8    0.1
166650.0 2558050.0    2.8    0.0
167150.0 2558050.0    2.8    0.0
167650.0 2558050.0    2.8    0.0
168150.0 2558050.0    2.8   -0.1
168650.0 2558050.0    2.8   -0.1
169150.0 2558050.0    2.7   -0.1
169650.0 2558050.0    2.7   -0.2
170150.0 2558050.0    2.7   -0.2
170650.0 2558050.0    2.6   -0.2
171150.0 2558050.0    2.6   -0.3
171650.0 2558050.0    2.5   -0.3
172150.0 2558050.0    2.4   -0.4
172650.0 2558050.0    2.4   -0.5
173150.0 2558050.0    2.3   -0.6
173650.0 2558050.0    2.1   -0.8
174150.0 2558050.0    2.0   -1.1
174650.0 2558050.0    1.9   -1.3
175150.0 2558050.0    1.9   -1.3
175650.0 2558050.0    2.0   -1.1
176150.0 2558050.0    2.2   -0.8
176650.0 2558050.0    2.4   -0.6
177150.0 2558050.0    2.6   -0.5
177650.0 2558050.0    2.7   -0.4
178150.0 2558050.0    2.7   -0.4
178650.0 2558050.0    2.8   -0.3
179150.0 2558050.0    2.8   -0.3
179650.0 2558050.0    2.8   -0.3
180150.0 2558050.0    2.8   -0.3
180650.0 2558050.0    2.9   -0.2
181150.0 2558050.0    2.9   -0.2
181650.0 2558050.0    2.9   -0.2
182150.0 2558050.0    3.0   -0.2
182650.0 2558050.0    3.0   -0.2
183150.0 2558050.0    3.0   -0.2
183650.0 2558050.0    3.0   -0.2
184150.0 2558050.0    3.1   -0.2
184650.0 2558050.0    3.1   -0.2
185150.0 2558050.0    3.1   -0.2
165650.0 2558550.0    2.8    0.1
166150.0 2558550.0    2.8    0.0
166650.0 2558550.0    2.8    0.0
167150.0 2558550.0    2.8    0.0
167650.0 2558550.0    2.8   -0.1
168150.0 2558550.0    2.8   -0.1
168650.0 2558550.0    2.8   -0.1
169150.0 2558550.0    2.7   -0.1
169650.0 2558550.0    2.7   -0.2
170150.0 2558550.0    2.7   -0.2
170650.0 2558550.0    2.6   -0.3
171150.0 2558550.0    2.6   -0.3
171650.0 2558550.0    2.5   -0.4
172150.0 2558550.0    2.4   -0.5
172650.0 2558550.0    2.3   -0.6
173150.0 2558550.0    2.2   -0.7
173650.0 2558550.0    2.1   -0.9
174150.0 2558550.0    2.0   -1.1
174650.0 2558550.0    1.9   -1.3
175150.0 2558550.0    1.9   -1.3
175650.0 2558550.0    2.0   -1.1
176150.0 2558550.0    2.2   -0.9
176650.0 2558550.0    2.4   -0.7
177150.0 2558550.0    2.5   -0.5
177650.0 2558550.0    2.6   -0.4
178150.0 2558550.0    2.7   -0.4
178650.0 2558550.0    2.7   -0.3
179150.0 2558550.0    2.8   -0.3
179650.0 2558550.0    2.8   -0.3
180150.0 2558550.0    2.8   -0.3
180650.0 2558550.0    2.9   -0.3
181150.0 2558550.0    2.9   -0.2
181650.0 2558550.0    2.9   -0.2
182150.0 2558550.0    3.0   -0.2
182650.0 2558550.0    3.0   -0.2
183150.0 2558550.0    3.0   -0.2
183650.0 2558550.0    3.0   -0.2
184150.0 2558550.0    3.1   -0.2
184650.0 2558550.0    3.1   -0.3
185150.0 2558550.0    3.1   -0.3
165650.0 2559050.0    2.8    0.0
166150.0 2559050.0    2.8    0.0
166650.0 2559050.0    2.8    0.0
167150.0 2559050.0    2.8    0.0
167650.0 2559050.0    2.8   -0.1
168150.0 2559050.0    2.8   -0.1
168650.0 2559050.0    2.8   -0.1
169150.0 2559050.0    2.8   -0.2
169650.0 2559050.0    2.7   -0.2
170150.0 2559050.0    2.7   -0.2
170650.0 2559050.0    2.6   -0.3
171150.0 2559050.0    2.6   -0.3
171650.0 2559050.0    2.5   -0.4
172150.0 2559050.0    2.4   -0.5
172650.0 2559050.0    2.4   -0.6
173150.0 2559050.0    2.3   -0.7
173650.0 2559050.0    2.1   -0.9
174150.0 2559050.0    2.0   -1.0
174650.0 2559050.0    2.0   -1.1
175150.0 2559050.0    2.0   -1.1
175650.0 2559050.0    2.1   -1.0
176150.0 2559050.0    2.2   -0.9
176650.0 2559050.0    2.3   -0.7
177150.0 2559050.0    2.5   -0.6
177650.0 2559050.0    2.6   -0.5
178150.0 2559050.0    2.6   -0.4
178650.0 2559050.0    2.7   -0.4
179150.0 2559050.0    2.8   -0.3
179650.0 2559050.0    2.8   -0.3
180150.0 2559050.0    2.8   -0.3
180650.0 2559050.0    2.9   -0.3
181150.0 2559050.0    2.9   -0.3
181650.0 2559050.0    3.0   -0.2
182150.0 2559050.0    3.0   -0.2
182650.0 2559050.0    3.0   -0.2
183150.0 2559050.0    3.0   -0.3
183650.0 2559050.0    3.0   -0.3
184150.0 2559050.0    3.1   -0.3
184650.0 2559050.0    3.1   -0.3
185150.0 2559050.0    3.1   -0.3
165650.0 2559550.0    2.8    0.0
166150.0 2559550.0    2.8    0.0
166650.0 2559550.0    2.8    0.0
167150.0 2559550.0    2.8    0.0
167650.0 2559550.0    2.8   -0.1
168150.0 2559550.0    2.8   -0.1
168650.0 2559550.0    2.8   -0.1
169150.0 2559550.0    2.8   -0.2
169650.0 2559550.0    2.7   -0.2
170150.0 2559550.0    2.7   -0.2
170650.0 2559550.0    2.7   -0.3
171150.0 2559550.0    2.6   -0.3
171650.0 2559550.0    2.5   -0.4
172150.0 2559550.0    2.5   -0.5
172650.0 2559550.0    2.4   -0.6
173150.0 2559550.0    2.3   -0.7
173650.0 2559550.0    2.2   -0.8
174150.0 2559550.0    2.1   -0.9
174650.0 2559550.0    2.1   -1.0
175150.0 2559550.0    2.1   -1.0
175650.0 2559550.0    2.2   -0.9
176150.0 2559550.0    2.3   -0.8
176650.0 2559550.0    2.4   -0.7
177150.0 2559550.0    2.5   -0.6
177650.0 2559550.0    2.6   -0.5
178150.0 2559550.0    2.6   -0.4
178650.0 2559550.0    2.7   -0.4
179150.0 2559550.0    2.8   -0.3
179650.0 2559550.0    2.8   -0.3
180150.0 2559550.0    2.9   -0.3
180650.0 2559550.0    2.9   -0.3
181150.0 2559550.0    2.9   -0.3
181650.0 2559550.0    3.0   -0.3
182150.0 2559550.0    3.0   -0.3
182650.0 2559550.0    3.0   -0.3
183150.0 2559550.0    3.0   -0.3
183650.0 2559550.0    3.1   -0.3
184150.0 2559550.0    3.1   -0.3
184650.0 2559550.0    3.1   -0.4
185150.0 2559550.0    3.1   -0.4
165650.0 2560050.0    2.8    0.0
166150.0 2560050.0    2.8    0.0
166650.0 2560050.0    2.8    0.0
167150.0 2560050.0    2.8    0.0
167650.0 2560050.0    2.8   -0.1
168150.0 2560050.0    2.8   -0.1
168650.0 2560050.0    2.8   -0.1
169150.0 2560050.0    2.8   -0.2
169650.0 2560050.0    2.8   -0.2
170150.0 2560050.0    2.7   -0.2
170650.0 2560050.0    2.7   -0.3
171150.0 2560050.0    2.6   -0.3
171650.0 2560050.0    2.6   -0.4
172150.0 2560050.0    2.5   -0.5
172650.0 2560050.0    2.4   -0.5
173150.0 2560050.0    2.4   -0.6
173650.0 2560050.0    2.3   -0.7
174150.0 2560050.0    2.2   -0.8
174650.0 2560050.0    2.2   -0.8
175150.0 2560050.0    2.2   -0.8
175650.0 2560050.0    2.3   -0.8
176150.0 2560050.0    2.3   -0.7
176650.0 2560050.0    2.4   -0.6
177150.0 2560050.0    2.5   -0.5
177650.0 2560050.0    2.6   -0.5
178150.0 2560050.0    2.6   -0.4
178650.0 2560050.0    2.7   -0.4
179150.0 2560050.0    2.8   -0.3
179650.0 2560050.0    2.8   -0.3
180150.0 2560050.0    2.9   -0.3
180650.0 2560050.0    2.9   -0.3
181150.0 2560050.0    3.0   -0.3
181650.0 2560050.0    3.0   -0.3
182150.0 2560050.0    3.0   -0.3
182650.0 2560050.0    3.0   -0.3
183150.0 2560050.0    3.1   -0.3
183650.0 2560050.0    3.1   -0.3
184150.0 2560050.0    3.1   -0.4
184650.0 2560050.0    3.1   -0.4
185150.0 2560050.0    3.1   -0.4
165650.0 2560550.0    2.8    0.0
166150.0 2560550.0    2.8    0.0
166650.0 2560550.0    2.8    0.0
167150.0 2560550.0    2.8    0.0
167650.0 2560550.0    2.8    0.0
168150.0 2560550.0    2.8   -0.1
168650.0 2560550.0    2.8   -0.1
169150.0 2560550.0    2.8   -0.1
169650.0 2560550.0    2.8   -0.2
170150.0 2560550.0    2.7   -0.2
170650.0 2560550.0    2.7   -0.3
171150.0 2560550.0    2.7   -0.3
171650.0 2560550.0    2.6   -0.4
172150.0 2560550.0    2.5   -0.4
172650.0 2560550.0    2.5   -0.5
173150.0 2560550.0    2.4   -0.6
173650.0 2560550.0    2.4   -0.6
174150.0 2560550.0    2.3   -0.7
174650.0 2560550.0    2.3   -0.7
175150.0 2560550.0    2.3   -0.7
175650.0 2560550.0    2.3   -0.7
176150.0 2560550.0    2.4   -0.6
176650.0 2560550.0    2.5   -0.6
177150.0 2560550.0    2.5   -0.5
177650.0 2560550.0    2.6   -0.4
178150.0 2560550.0    2.7   -0.4
178650.0 2560550.0    2.7   -0.4
179150.0 2560550.0    2.8   -0.3
179650.0 2560550.0    2.9   -0.3
180150.0 2560550.0    2.9   -0.3
180650.0 2560550.0    3.0   -0.3
181150.0 2560550.0    3.0   -0.3
181650.0 2560550.0    3.0   -0.3
182150.0 2560550.0    3.1   -0.3
182650.0 2560550.0    3.1   -0.3
183150.0 2560550.0    3.1   -0.3
183650.0 2560550.0    3.1   -0.4
184150.0 2560550.0    3.1   -0.4
184650.0 2560550.0    3.1   -0.5
185150.0 2560550.0    3.1   -0.5
165650.0 2561050.0    2.8    0.0
166150.0 2561050.0    2.8    0.0
166650.0 2561050.0    2.8    0.0
167150.0 2561050.0    2.8    0.0
167650.0 2561050.0    2.8    0.0
168150.0 2561050.0    2.8   -0.1
168650.0 2561050.0    2.8   -0.1
169150.0 2561050.0    2.8   -0.1
169650.0 2561050.0    2.8   -0.2
170150.0 2561050.0    2.8   -0.2
170650.0 2561050.0    2.7   -0.2
171150.0 2561050.0    2.7   -0.3
171650.0 2561050.0    2.6   -0.3
172150.0 2561050.0    2.6   -0.4
172650.0 2561050.0    2.5   -0.4
173150.0 2561050.0    2.5   -0.5
173650.0 2561050.0    2.4   -0.5
174150.0 2561050.0    2.4   -0.6
174650.0 2561050.0    2.4   -0.6
175150.0 2561050.0    2.4   -0.6
175650.0 2561050.0    2.4   -0.6
176150.0 2561050.0    2.5   -0.5
176650.0 2561050.0    2.5   -0.5
177150.0 2561050.0    2.6   -0.4
177650.0 2561050.0    2.6   -0.4
178150.0 2561050.0    2.7   -0.4
178650.0 2561050.0    2.8   -0.3
179150.0 2561050.0    2.8   -0.3
179650.0 2561050.0    2.9   -0.3
180150.0 2561050.0    3.0   -0.3
180650.0 2561050.0    3.0   -0.3
181150.0 2561050.0    3.0   -0.3
181650.0 2561050.0    3.1   -0.3
182150.0 2561050.0    3.1   -0.3
182650.0 2561050.0    3.1   -0.3
183150.0 2561050.0    3.1   -0.3
183650.0 2561050.0    3.1   -0.4
184150.0 2561050.0    3.1   -0.4
184650.0 2561050.0    3.2   -0.4
185150.0 2561050.0    3.2   -0.5
165650.0 2561550.0    2.7    0.0
166150.0 2561550.0    2.8    0.0
166650.0 2561550.0    2.8    0.0
167150.0 2561550.0    2.8    0.0
167650.0 2561550.0    2.8    0.0
168150.0 2561550.0    2.8    0.0
168650.0 2561550.0    2.8   -0.1
169150.0 2561550.0    2.8   -0.1
169650.0 2561550.0    2.8   -0.1
170150.0 2561550.0    2.8   -0.2
170650.0 2561550.0    2.7   -0.2
171150.0 2561550.0    2.7   -0.3
171650.0 2561550.0    2.7   -0.3
172150.0 2561550.0    2.6   -0.3
172650.0 2561550.0    2.6   -0.4
173150.0 2561550.0    2.5   -0.4
173650.0 2561550.0    2.5   -0.5
174150.0 2561550.0    2.5   -0.5
174650.0 2561550.0    2.5   -0.5
175150.0 2561550.0    2.5   -0.5
175650.0 2561550.0    2.5   -0.5
176150.0 2561550.0    2.5   -0.5
176650.0 2561550.0    2.6   -0.4
177150.0 2561550.0    2.6   -0.4
177650.0 2561550.0    2.7   -0.3
178150.0 2561550.0    2.7   -0.3
178650.0 2561550.0    2.8   -0.3
179150.0 2561550.0    2.9   -0.3
179650.0 2561550.0    2.9   -0.2
180150.0 2561550.0    3.0   -0.2
180650.0 2561550.0    3.0   -0.2
181150.0 2561550.0    3.1   -0.2
181650.0 2561550.0    3.1   -0.3
182150.0 2561550.0    3.1   -0.3
182650.0 2561550.0    3.1   -0.3
183150.0 2561550.0    3.1   -0.3
183650.0 2561550.0    3.1   -0.4
184150.0 2561550.0    3.2   -0.4
184650.0 2561550.0    3.2   -0.4
185150.0 2561550.0    3.2   -0.4
165650.0 2562050.0    2.7    0.1
166150.0 2562050.0    2.7    0.0
166650.0 2562050.0    2.8    0.0
167150.0 2562050.0    2.8    0.0
167650.0 2562050.0    2.8    0.0
168150.0 2562050.0    2.8    0.0
168650.0 2562050.0    2.8   -0.1
169150.0 2562050.0    2.8   -0.1
169650.0 2562050.0    2.8   -0.1
170150.0 2562050.0    2.8   -0.2
170650.0 2562050.0    2.8   -0.2
171150.0 2562050.0    2.7   -0.2
171650.0 2562050.0    2.7   -0.3
172150.0 2562050.0    2.7   -0.3
172650.0 2562050.0    2.6   -0.3
173150.0 2562050.0    2.6   -0.4
173650.0 2562050.0    2.6   -0.4
174150.0 2562050.0    2.5   -0.4
174650.0 2562050.0    2.5   -0.4
175150.0 2562050.0    2.5   -0.4
175650.0 2562050.0    2.5   -0.4
176150.0 2562050.0    2.6   -0.4
176650.0 2562050.0    2.6   -0.4
177150.0 2562050.0    2.7   -0.3
177650.0 2562050.0    2.7   -0.3
178150.0 2562050.0    2.8   -0.3
178650.0 2562050.0    2.8   -0.2
179150.0 2562050.0    2.9   -0.2
179650.0 2562050.0    2.9   -0.2
180150.0 2562050.0    3.0   -0.2
180650.0 2562050.0    3.1   -0.2
181150.0 2562050.0    3.1   -0.2
181650.0 2562050.0    3.1   -0.2
182150.0 2562050.0    3.1   -0.2
182650.0 2562050.0    3.1   -0.3
183150.0 2562050.0    3.2   -0.3
183650.0 2562050.0    3.2   -0.3
184150.0 2562050.0    3.2   -0.4
184650.0 2562050.0    3.2   -0.4
185150.0 2562050.0    3.2   -0.4
165650.0 2562550.0    2.7    0.1
166150.0 2562550.0    2.7    0.1
166650.0 2562550.0    2.8    0.0
167150.0 2562550.0    2.8    0.0
167650.0 2562550.0    2.8    0.0
168150.0 2562550.0    2.8    0.0
168650.0 2562550.0    2.8    0.0
169150.0 2562550.0    2.8   -0.1
169650.0 2562550.0    2.8   -0.1
170150.0 2562550.0    2.8   -0.1
170650.0 2562550.0    2.8   -0.2
171150.0 2562550.0    2.8   -0.2
171650.0 2562550.0    2.7   -0.2
172150.0 2562550.0    2.7   -0.3
172650.0 2562550.0    2.7   -0.3
173150.0 2562550.0    2.6   -0.3
173650.0 2562550.0    2.6   -0.3
174150.0 2562550.0    2.6   -0.4
174650.0 2562550.0    2.6   -0.4
175150.0 2562550.0    2.6   -0.3
175650.0 2562550.0    2.6   -0.3
176150.0 2562550.0    2.6   -0.3
176650.0 2562550.0    2.7   -0.3
177150.0 2562550.0    2.7   -0.3
177650.0 2562550.0    2.7   -0.2
178150.0 2562550.0    2.8   -0.2
178650.0 2562550.0    2.8   -0.2
179150.0 2562550.0    2.9   -0.2
179650.0 2562550.0    3.0   -0.1
180150.0 2562550.0    3.0   -0.2
180650.0 2562550.0    3.1   -0.2
181150.0 2562550.0    3.1   -0.2
181650.0 2562550.0    3.1   -0.2
182150.0 2562550.0    3.1   -0.2
182650.0 2562550.0    3.2   -0.2
183150.0 2562550.0    3.2   -0.3
183650.0 2562550.0    3.2   -0.3
184150.0 2562550.0    3.2   -0.3
184650.0 2562550.0    3.2   -0.3
185150.0 2562550.0    3.2   -0.3
165650.0 2563050.0    2.7    0.1
166150.0 2563050.0    2.7    0.1
166650.0 2563050.0    2.8    0.1
167150.0 2563050.0    2.8    0.0
167650.0 2563050.0    2.8    0.0
168150.0 2563050.0    2.8    0.0
168650.0 2563050.0    2.9    0.0
169150.0 2563050.0    2.9   -0.1
169650.0 2563050.0    2.8   -0.1
170150.0 2563050.0    2.8   -0.1
170650.0 2563050.0    2.8   -0.2
171150.0 2563050.0    2.8   -0.2
171650.0 2563050.0    2.7   -0.2
172150.0 2563050.0    2.7   -0.3
172650.0 2563050.0    2.7   -0.3
173150.0 2563050.0    2.7   -0.3
173650.0 2563050.0    2.6   -0.3
174150.0 2563050.0    2.6   -0.3
174650.0 2563050.0    2.6   -0.3
175150.0 2563050.0    2.6   -0.3
175650.0 2563050.0    2.6   -0.3
176150.0 2563050.0    2.7   -0.3
176650.0 2563050.0    2.7   -0.2
177150.0 2563050.0    2.7   -0.2
177650.0 2563050.0    2.8   -0.2
178150.0 2563050.0    2.8   -0.1
178650.0 2563050.0    2.9   -0.1
179150.0 2563050.0    2.9   -0.1
179650.0 2563050.0    3.0   -0.1
180150.0 2563050.0    3.0   -0.1
180650.0 2563050.0    3.1   -0.1
181150.0 2563050.0    3.1   -0.1
181650.0 2563050.0    3.1   -0.2
182150.0 2563050.0    3.2   -0.2
182650.0 2563050.0    3.2   -0.2
183150.0 2563050.0    3.2   -0.2
183650.0 2563050.0    3.2   -0.2
184150.0 2563050.0    3.2   -0.2
184650.0 2563050.0    3.2   -0.2
185150.0 2563050.0    3.2   -0.3
165650.0 2563550.0    2.8    0.2
166150.0 2563550.0    2.8    0.1
166650.0 2563550.0    2.8    0.1
167150.0 2563550.0    2.8    0.1
167650.0 2563550.0    2.9    0.0
168150.0 2563550.0    2.9    0.0
168650.0 2563550.0    2.9    0.0
169150.0 2563550.0    2.9   -0.1
169650.0 2563550.0    2.9   -0.1
170150.0 2563550.0    2.8   -0.1
170650.0 2563550.0    2.8   -0.2
171150.0 2563550.0    2.8   -0.2
171650.0 2563550.0    2.8   -0.2
172150.0 2563550.0    2.7   -0.2
172650.0 2563550.0    2.7   -0.3
173150.0 2563550.0    2.7   -0.3
173650.0 2563550.0    2.7   -0.3
174150.0 2563550.0    2.7   -0.3
174650.0 2563550.0    2.7   -0.3
175150.0 2563550.0    2.7   -0.2
175650.0 2563550.0    2.7   -0.2
176150.0 2563550.0    2.7   -0.2
176650.0 2563550.0    2.7   -0.2
177150.0 2563550.0    2.8   -0.2
177650.0 2563550.0    2.8   -0.1
178150.0 2563550.0    2.8   -0.1
178650.0 2563550.0    2.9   -0.1
179150.0 2563550.0    2.9   -0.1
179650.0 2563550.0    2.9   -0.1
180150.0 2563550.0    3.0   -0.1
180650.0 2563550.0    3.0   -0.1
181150.0 2563550.0    3.1   -0.1
181650.0 2563550.0    3.1   -0.1
182150.0 2563550.0    3.2   -0.2
182650.0 2563550.0    3.2   -0.2
183150.0 2563550.0    3.2   -0.2
183650.0 2563550.0    3.2   -0.2
184150.0 2563550.0    3.2   -0.2
184650.0 2563550.0    3.2   -0.2
185150.0 2563550.0    3.2   -0.2
165650.0 2564050.0    2.8    0.2
166150.0 2564050.0    2.8    0.2
166650.0 2564050.0    2.8    0.1
167150.0 2564050.0    2.9    0.1
167650.0 2564050.0    2.9    0.1
168150.0 2564050.0    2.9    0.0
168650.0 2564050.0    2.9    0.0
169150.0 2564050.0    2.9   -0.1
169650.0 2564050.0    2.9   -0.1
170150.0 2564050.0    2.9   -0.1
170650.0 2564050.0    2.8   -0.2
171150.0 2564050.0    2.8   -0.2
171650.0 2564050.0    2.8   -0.2
172150.0 2564050.0    2.8   -0.2
172650.0 2564050.0    2.7   -0.2
173150.0 2564050.0    2.7   -0.2
173650.0 2564050.0    2.7   -0.2
174150.0 2564050.0    2.7   -0.2
174650.0 2564050.0    2.7   -0.2
175150.0 2564050.0    2.7   -0.2
175650.0 2564050.0    2.7   -0.2
176150.0 2564050.0    2.7   -0.2
176650.0 2564050.0    2.8   -0.2
177150.0 2564050.0    2.8   -0.1
177650.0 2564050.0    2.8   -0.1
178150.0 2564050.0    2.8   -0.1
178650.0 2564050.0    2.9   -0.1
179150.0 2564050.0    2.9   -0.1
179650.0 2564050.0    2.9   -0.1
180150.0 2564050.0    3.0   -0.1
180650.0 2564050.0    3.0   -0.1
181150.0 2564050.0    3.1   -0.1
181650.0 2564050.0    3.1   -0.1
182150.0 2564050.0    3.1   -0.1
182650.0 2564050.0    3.2   -0.1
183150.0 2564050.0    3.2   -0.1
183650.0 2564050.0    3.2   -0.1
184150.0 2564050.0    3.2   -0.1
184650.0 2564050.0    3.2   -0.1
185150.0 2564050.0    3.2   -0.1
165650.0 2564550.0    2.8    0.3
166150.0 2564550.0    2.8    0.2
166650.0 2564550.0    2.9    0.2
167150.0 2564550.0    2.9    0.1
167650.0 2564550.0    2.9    0.1
168150.0 2564550.0    2.9    0.0
168650.0 2564550.0    2.9    0.0
169150.0 2564550.0    2.9   -0.1
169650.0 2564550.0    2.9   -0.1
170150.0 2564550.0    2.9   -0.1
170650.0 2564550.0    2.9   -0.1
171150.0 2564550.0    2.8   -0.2
171650.0 2564550.0    2.8   -0.2
172150.0 2564550.0    2.8   -0.2
172650.0 2564550.0    2.8   -0.2
173150.0 2564550.0    2.7   -0.2
173650.0 2564550.0    2.7   -0.2
174150.0 2564550.0    2.7   -0.2
174650.0 2564550.0    2.7   -0.2
175150.0 2564550.0    2.7   -0.2
175650.0 2564550.0    2.7   -0.2
176150.0 2564550.0    2.8   -0.2
176650.0 2564550.0    2.8   -0.2
177150.0 2564550.0    2.8   -0.1
177650.0 2564550.0    2.8   -0.1
178150.0 2564550.0    2.8   -0.1
178650.0 2564550.0    2.9   -0.1
179150.0 2564550.0    2.9   -0.1
179650.0 2564550.0    2.9   -0.1
180150.0 2564550.0    3.0   -0.1
180650.0 2564550.0    3.0   -0.1
181150.0 2564550.0    3.1   -0.1
181650.0 2564550.0    3.1   -0.1
182150.0 2564550.0    3.1   -0.1
182650.0 2564550.0    3.2   -0.1
183150.0 2564550.0    3.2   -0.1
183650.0 2564550.0    3.2   -0.1
184150.0 2564550.0    3.2   -0.1
184650.0 2564550.0    3.2   -0.1
185150.0 2564550.0    3.2   -0.1
165650.0 2565050.0    2.8    0.3
166150.0 2565050.0    2.9    0.3
166650.0 2565050.0    2.9    0.2
167150.0 2565050.0    2.9    0.2
167650.0 2565050.0    2.9    0.1
168150.0 2565050.0    3.0    0.1
168650.0 2565050.0    3.0    0.0
169150.0 2565050.0    3.0    0.0
169650.0 2565050.0    3.0   -0.1
170150.0 2565050.0    2.9   -0.1
170650.0 2565050.0    2.9   -0.1
171150.0 2565050.0    2.9   -0.2
171650.0 2565050.0    2.8   -0.2
172150.0 2565050.0    2.8   -0.2
172650.0 2565050.0    2.8   -0.2
173150.0 2565050.0    2.8   -0.2
173650.0 2565050.0    2.8   -0.2
174150.0 2565050.0    2.7   -0.2
174650.0 2565050.0    2.7   -0.2
175150.0 2565050.0    2.8   -0.2
175650.0 2565050.0    2.8   -0.2
176150.0 2565050.0    2.8   -0.2
176650.0 2565050.0    2.8   -0.2
177150.0 2565050.0    2.8   -0.1
177650.0 2565050.0    2.8   -0.1
178150.0 2565050.0    2.8   -0.1
178650.0 2565050.0    2.9   -0.1
179150.0 2565050.0    2.9   -0.1
179650.0 2565050.0    2.9   -0.1
180150.0 2565050.0    3.0   -0.1
180650.0 2565050.0    3.0   -0.1
181150.0 2565050.0    3.1   -0.1
181650.0 2565050.0    3.1   -0.1
182150.0 2565050.0    3.1   -0.1
182650.0 2565050.0    3.2   -0.1
183150.0 2565050.0    3.2   -0.1
183650.0 2565050.0    3.2   -0.1
184150.0 2565050.0    3.2   -0.1
184650.0 2565050.0    3.2   -0.1
185150.0 2565050.0    3.2   -0.1
165650.0 2565550.0    2.9    0.3
166150.0 2565550.0    2.9    0.3
166650.0 2565550.0    2.9    0.3
167150.0 2565550.0    2.9    0.2
167650.0 2565550.0    3.0    0.2
168150.0 2565550.0    3.0    0.1
168650.0 2565550.0    3.0    0.0
169150.0 2565550.0    3.0    0.0
169650.0 2565550.0    3.0   -0.1
170150.0 2565550.0    3.0   -0.1
170650.0 2565550.0    2.9   -0.1
171150.0 2565550.0    2.9   -0.2
171650.0 2565550.0    2.9   -0.2
172150.0 2565550.0    2.8   -0.2
172650.0 2565550.0    2.8   -0.2
173150.0 2565550.0    2.8   -0.2
173650.0 2565550.0    2.8   -0.2
174150.0 2565550.0    2.8   -0.2
174650.0 2565550.0    2.8   -0.2
175150.0 2565550.0    2.8   -0.2
175650.0 2565550.0    2.8   -0.2
176150.0 2565550.0    2.8   -0.2
176650.0 2565550.0    2.8   -0.2
177150.0 2565550.0    2.8   -0.2
177650.0 2565550.0    2.9   -0.2
178150.0 2565550.0    2.9   -0.2
178650.0 2565550.0    2.9   -0.2
179150.0 2565550.0    2.9   -0.2
179650.0 2565550.0    2.9   -0.2
180150.0 2565550.0    3.0   -0.2
180650.0 2565550.0    3.0   -0.2
181150.0 2565550.0    3.0   -0.2
181650.0 2565550.0    3.1   -0.1
182150.0 2565550.0    3.1   -0.1
182650.0 2565550.0    3.2   -0.1
183150.0 2565550.0    3.2   -0.1
183650.0 2565550.0    3.2   -0.1
184150.0 2565550.0    3.2   -0.1
184650.0 2565550.0    3.2   -0.1
185150.0 2565550.0    3.2   -0.1
