165650.0 2546050.0   -1.9    2.3
166150.0 2546050.0   -1.9    2.3
166650.0 2546050.0   -1.9    2.3
167150.0 2546050.0   -1.9    2.3
167650.0 2546050.0   -1.9    2.3
168150.0 2546050.0   -1.9    2.3
168650.0 2546050.0   -1.9    2.3
169150.0 2546050.0   -1.8    2.3
169650.0 2546050.0   -1.8    2.2
170150.0 2546050.0   -1.8    2.2
170650.0 2546050.0   -1.8    2.1
171150.0 2546050.0   -1.7    2.1
171650.0 2546050.0   -1.7    2.0
172150.0 2546050.0   -1.7    2.0
172650.0 2546050.0   -1.6    1.9
173150.0 2546050.0   -1.6    1.9
173650.0 2546050.0   -1.6    1.9
174150.0 2546050.0   -1.6    1.9
174650.0 2546050.0   -1.6    1.9
175150.0 2546050.0   -1.7    2.0
175650.0 2546050.0   -1.7    2.0
176150.0 2546050.0   -1.7    2.0
176650.0 2546050.0   -1.7    2.0
177150.0 2546050.0   -1.7    2.0
177650.0 2546050.0   -1.7    2.0
178150.0 2546050.0   -1.7    2.0
178650.0 2546050.0   -1.7    2.0
179150.0 2546050.0   -1.7    2.0
179650.0 2546050.0   -1.8    2.0
180150.0 2546050.0   -1.7    2.0
180650.0 2546050.0   -1.7    2.0
181150.0 2546050.0   -1.7    2.0
181650.0 2546050.0   -1.7    2.0
182150.0 2546050.0   -1.7    1.9
182650.0 2546050.0   -1.7    1.9
183150.0 2546050.0   -1.7    1.9
183650.0 2546050.0   -1.7    1.9
184150.0 2546050.0   -1.7    1.9
184650.0 2546050.0   -1.7    1.9
185150.0 2546050.0   -1.6    1.9
165650.0 2546550.0   -1.8    2.2
166150.0 2546550.0   -1.9    2.2
166650.0 2546550.0   -1.9    2.2
167150.0 2546550.0   -1.9    2.2
167650.0 2546550.0   -1.9    2.2
168150.0 2546550.0   -1.9    2.3
168650.0 2546550.0   -1.8    2.3
169150.0 2546550.0   -1.8    2.2
169650.0 2546550.0   -1.8    2.2
170150.0 2546550.0   -1.8    2.2
170650.0 2546550.0   -1.7    2.1
171150.0 2546550.0   -1.7    2.1
171650.0 2546550.0   -1.7    2.0
172150.0 2546550.0   -1.6    2.0
172650.0 2546550.0   -1.6    1.9
173150.0 2546550.0   -1.6    1.9
173650.0 2546550.0   -1.6    1.9
174150.0 2546550.0   -1.6    1.9
174650.0 2546550.0   -1.6    1.9
175150.0 2546550.0   -1.6    1.9
175650.0 2546550.0   -1.6    1.9
176150.0 2546550.0   -1.6    1.9
176650.0 2546550.0   -1.6    2.0
177150.0 2546550.0   -1.6    2.0
177650.0 2546550.0   -1.7    2.0
178150.0 2546550.0   -1.7    2.0
178650.0 2546550.0   -1.7    2.0
179150.0 2546550.0   -1.7    2.0
179650.0 2546550.0   -1.7    2.0
180150.0 2546550.0   -1.7    2.0
180650.0 2546550.0   -1.7    2.0
181150.0 2546550.0   -1.7    2.0
181650.0 2546550.0   -1.7    2.0
182150.0 2546550.0   -1.7    1.9
182650.0 2546550.0   -1.7    1.9
183150.0 2546550.0   -1.7    1.9
183650.0 2546550.0   -1.7    1.9
184150.0 2546550.0   -1.7    1.9
184650.0 2546550.0   -1.7    1.9
185150.0 2546550.0   -1.6    1.9
165650.0 2547050.0   -1.8    2.1
166150.0 2547050.0   -1.8    2.1
166650.0 2547050.0   -1.8    2.1
167150.0 2547050.0   -1.8    2.1
167650.0 2547050.0   -1.8    2.1
168150.0 2547050.0   -1.8    2.2
168650.0 2547050.0   -1.8    2.2
169150.0 2547050.0   -1.8    2.2
169650.0 2547050.0   -1.8    2.2
170150.0 2547050.0   -1.8    2.1
170650.0 2547050.0   -1.7    2.1
171150.0 2547050.0   -1.7    2.1
171650.0 2547050.0   -1.6    2.0
172150.0 2547050.0   -1.6    2.0
172650.0 2547050.0   -1.6    1.9
173150.0 2547050.0   -1.6    1.9
173650.0 2547050.0   -1.5    1.9
174150.0 2547050.0   -1.5    1.9
174650.0 2547050.0   -1.6    1.9
175150.0 2547050.0   -1.6    1.9
175650.0 2547050.0   -1.6    1.9
176150.0 2547050.0   -1.6    1.9
176650.0 2547050.0   -1.6    1.9
177150.0 2547050.0   -1.6    1.9
177650.0 2547050.0   -1.6    1.9
178150.0 2547050.0   -1.6    1.9
178650.0 2547050.0   -1.6    1.9
179150.0 2547050.0   -1.7    1.9
179650.0 2547050.0   -1.7    1.9
180150.0 2547050.0   -1.7    1.9
180650.0 2547050.0   -1.7    1.9
181150.0 2547050.0   -1.7    1.9
181650.0 2547050.0   -1.7    1.9
182150.0 2547050.0   -1.7    1.9
182650.0 2547050.0   -1.7    1.9
183150.0 2547050.0   -1.7    1.9
183650.0 2547050.0   -1.7    1.9
184150.0 2547050.0   -1.7    1.9
184650.0 2547050.0   -1.6    1.9
185150.0 2547050.0   -1.6    1.9
165650.0 2547550.0   -1.8    2.0
166150.0 2547550.0   -1.8    2.0
166650.0 2547550.0   -1.8    2.0
167150.0 2547550.0   -1.8    2.0
167650.0 2547550.0   -1.8    2.0
168150.0 2547550.0   -1.8    2.0
168650.0 2547550.0   -1.8    2.1
169150.0 2547550.0   -1.8    2.1
169650.0 2547550.0   -1.7    2.1
170150.0 2547550.0   -1.7    2.1
170650.0 2547550.0   -1.7    2.0
171150.0 2547550.0   -1.7    2.0
171650.0 2547550.0   -1.6    2.0
172150.0 2547550.0   -1.6    1.9
172650.0 2547550.0   -1.5    1.9
173150.0 2547550.0   -1.5    1.9
173650.0 2547550.0   -1.5    1.8
174150.0 2547550.0   -1.5    1.8
174650.0 2547550.0   -1.5    1.8
175150.0 2547550.0   -1.5    1.9
175650.0 2547550.0   -1.6    1.9
176150.0 2547550.0   -1.6    1.9
176650.0 2547550.0   -1.6    1.9
177150.0 2547550.0   -1.6    1.9
177650.0 2547550.0   -1.6    1.9
178150.0 2547550.0   -1.6    1.9
178650.0 2547550.0   -1.6    1.9
179150.0 2547550.0   -1.6    1.9
179650.0 2547550.0   -1.6    1.9
180150.0 2547550.0   -1.6    1.9
180650.0 2547550.0   -1.6    1.9
181150.0 2547550.0   -1.7    1.9
181650.0 2547550.0   -1.7    1.9
182150.0 2547550.0   -1.7    1.9
182650.0 2547550.0   -1.7    1.9
183150.0 2547550.0   -1.7    1.9
183650.0 2547550.0   -1.7    1.9
184150.0 2547550.0   -1.7    1.9
184650.0 2547550.0   -1.6    1.9
185150.0 2547550.0   -1.6    1.9
165650.0 2548050.0   -1.7    1.9
166150.0 2548050.0   -1.7    1.9
166650.0 2548050.0   -1.7    1.9
167150.0 2548050.0   -1.7    1.9
167650.0 2548050.0   -1.7    1.9
168150.0 2548050.0   -1.7    1.9
168650.0 2548050.0   -1.7    1.9
169150.0 2548050.0   -1.7    1.9
169650.0 2548050.0   -1.7    1.9
170150.0 2548050.0   -1.7    2.0
170650.0 2548050.0   -1.6    1.9
171150.0 2548050.0   -1.6    1.9
171650.0 2548050.0   -1.6    1.9
172150.0 2548050.0   -1.5    1.9
172650.0 2548050.0   -1.5    1.8
173150.0 2548050.0   -1.5    1.8
173650.0 2548050.0   -1.5    1.8
174150.0 2548050.0   -1.5    1.8
174650.0 2548050.0   -1.5    1.8
175150.0 2548050.0   -1.5    1.8
175650.0 2548050.0   -1.5    1.8
176150.0 2548050.0   -1.5    1.8
176650.0 2548050.0   -1.6    1.8
177150.0 2548050.0   -1.6    1.9
177650.0 2548050.0   -1.6    1.9
178150.0 2548050.0   -1.6    1.9
178650.0 2548050.0   -1.6    1.9
179150.0 2548050.0   -1.6    1.9
179650.0 2548050.0   -1.6    1.9
180150.0 2548050.0   -1.6    1.9
180650.0 2548050.0   -1.6    1.9
181150.0 2548050.0   -1.6    1.9
181650.0 2548050.0   -1.6    1.9
182150.0 2548050.0   -1.6    1.9
182650.0 2548050.0   -1.7    1.9
183150.0 2548050.0   -1.7    1.9
183650.0 2548050.0   -1.7    1.9
184150.0 2548050.0   -1.7    1.9
184650.0 2548050.0   -1.7    1.9
185150.0 2548050.0   -1.7    1.9
165650.0 2548550.0   -1.7    1.8
166150.0 2548550.0   -1.7    1.8
166650.0 2548550.0   -1.7    1.8
167150.0 2548550.0   -1.7    1.8
167650.0 2548550.0   -1.7    1.8
168150.0 2548550.0   -1.7    1.8
168650.0 2548550.0   -1.7    1.8
169150.0 2548550.0   -1.6    1.8
169650.0 2548550.0   -1.6    1.8
170150.0 2548550.0   -1.6    1.8
170650.0 2548550.0   -1.6    1.8
171150.0 2548550.0   -1.6    1.8
171650.0 2548550.0   -1.5    1.8
172150.0 2548550.0   -1.5    1.8
172650.0 2548550.0   -1.5    1.8
173150.0 2548550.0   -1.5    1.8
173650.0 2548550.0   -1.5    1.7
174150.0 2548550.0   -1.5    1.7
174650.0 2548550.0   -1.5    1.7
175150.0 2548550.0   -1.5    1.8
175650.0 2548550.0   -1.5    1.8
176150.0 2548550.0   -1.5    1.8
176650.0 2548550.0   -1.5    1.8
177150.0 2548550.0   -1.5    1.8
177650.0 2548550.0   -1.6    1.8
178150.0 2548550.0   -1.6    1.8
178650.0 2548550.0   -1.6    1.8
179150.0 2548550.0   -1.6    1.8
179650.0 2548550.0   -1.6    1.8
180150.0 2548550.0   -1.6    1.8
180650.0 2548550.0   -1.6    1.8
181150.0 2548550.0   -1.6    1.9
181650.0 2548550.0   -1.6    1.9
182150.0 2548550.0   -1.6    1.9
182650.0 2548550.0   -1.6    1.9
183150.0 2548550.0   -1.6    1.9
183650.0 2548550.0   -1.7    1.9
184150.0 2548550.0   -1.7    1.9
184650.0 2548550.0   -1.7    1.9
185150.0 2548550.0   -1.7    1.9
165650.0 2549050.0   -1.6    1.8
166150.0 2549050.0   -1.6    1.8
166650.0 2549050.0   -1.6    1.7
167150.0 2549050.0   -1.6    1.7
167650.0 2549050.0   -1.6    1.7
168150.0 2549050.0   -1.6    1.7
168650.0 2549050.0   -1.6    1.7
169150.0 2549050.0   -1.6    1.7
169650.0 2549050.0   -1.6    1.7
170150.0 2549050.0   -1.6    1.7
170650.0 2549050.0   -1.5    1.7
171150.0 2549050.0   -1.5    1.7
171650.0 2549050.0   -1.5    1.7
172150.0 2549050.0   -1.5    1.7
172650.0 2549050.0   -1.5    1.7
173150.0 2549050.0   -1.4    1.7
173650.0 2549050.0   -1.4    1.7
174150.0 2549050.0   -1.4    1.7
174650.0 2549050.0   -1.5    1.7
175150.0 2549050.0   -1.5    1.7
175650.0 2549050.0   -1.5    1.7
176150.0 2549050.0   -1.5    1.7
176650.0 2549050.0   -1.5    1.7
177150.0 2549050.0   -1.5    1.7
177650.0 2549050.0   -1.5    1.8
178150.0 2549050.0   -1.6    1.8
178650.0 2549050.0   -1.6    1.8
179150.0 2549050.0   -1.6    1.8
179650.0 2549050.0   -1.6    1.8
180150.0 2549050.0   -1.6    1.8
180650.0 2549050.0   -1.6    1.8
181150.0 2549050.0   -1.6    1.8
181650.0 2549050.0   -1.6    1.8
182150.0 2549050.0   -1.6    1.8
182650.0 2549050.0   -1.6    1.9
183150.0 2549050.0   -1.6    1.9
183650.0 2549050.0   -1.7    1.9
184150.0 2549050.0   -1.7    1.9
184650.0 2549050.0   -1.7    1.9
185150.0 2549050.0   -1.7    1.9
165650.0 2549550.0   -1.6    1.8
166150.0 2549550.0   -1.6    1.8
166650.0 2549550.0   -1.6    1.7
167150.0 2549550.0   -1.6    1.7
167650.0 2549550.0   -1.6    1.7
168150.0 2549550.0   -1.6    1.7
168650.0 2549550.0   -1.6    1.6
169150.0 2549550.0   -1.5    1.6
169650.0 2549550.0   -1.5    1.6
170150.0 2549550.0   -1.5    1.6
170650.0 2549550.0   -1.5    1.6
171150.0 2549550.0   -1.5    1.6
171650.0 2549550.0   -1.5    1.6
172150.0 2549550.0   -1.4    1.6
172650.0 2549550.0   -1.4    1.6
173150.0 2549550.0   -1.4    1.6
173650.0 2549550.0   -1.4    1.6
174150.0 2549550.0   -1.4    1.6
174650.0 2549550.0   -1.4    1.6
175150.0 2549550.0   -1.5    1.6
175650.0 2549550.0   -1.5    1.7
176150.0 2549550.0   -1.5    1.7
176650.0 2549550.0   -1.5    1.7
177150.0 2549550.0   -1.5    1.7
177650.0 2549550.0   -1.5    1.7
178150.0 2549550.0   -1.6    1.7
178650.0 2549550.0   -1.6    1.7
179150.0 2549550.0   -1.6    1.7
179650.0 2549550.0   -1.6    1.7
180150.0 2549550.0   -1.6    1.8
180650.0 2549550.0   -1.6    1.8
181150.0 2549550.0   -1.6    1.8
181650.0 2549550.0   -1.6    1.8
182150.0 2549550.0   -1.6    1.8
182650.0 2549550.0   -1.6    1.8
183150.0 2549550.0   -1.7    1.8
183650.0 2549550.0   -1.7    1.9
184150.0 2549550.0   -1.7    1.9
184650.0 2549550.0   -1.7    1.9
185150.0 2549550.0   -1.7    1.9
165650.0 2550050.0   -1.6    1.8
166150.0 2550050.0   -1.6    1.8
166650.0 2550050.0   -1.6    1.7
167150.0 2550050.0   -1.6    1.7
167650.0 2550050.0   -1.5    1.7
168150.0 2550050.0   -1.5    1.6
168650.0 2550050.0   -1.5    1.6
169150.0 2550050.0   -1.5    1.6
169650.0 2550050.0   -1.5    1.6
170150.0 2550050.0   -1.4    1.6
170650.0 2550050.0   -1.4    1.6
171150.0 2550050.0   -1.4    1.6
171650.0 2550050.0   -1.4    1.6
172150.0 2550050.0   -1.4    1.6
172650.0 2550050.0   -1.4    1.6
173150.0 2550050.0   -1.4    1.6
173650.0 2550050.0   -1.4    1.6
174150.0 2550050.0   -1.4    1.6
174650.0 2550050.0   -1.4    1.6
175150.0 2550050.0   -1.5    1.6
175650.0 2550050.0   -1.5    1.6
176150.0 2550050.0   -1.5    1.6
176650.0 2550050.0   -1.5    1.6
177150.0 2550050.0   -1.5    1.6
177650.0 2550050.0   -1.6    1.6
178150.0 2550050.0   -1.6    1.7
178650.0 2550050.0   -1.6    1.7
179150.0 2550050.0   -1.6    1.7
179650.0 2550050.0   -1.6    1.7
180150.0 2550050.0   -1.6    1.7
180650.0 2550050.0   -1.6    1.7
181150.0 2550050.0   -1.6    1.7
181650.0 2550050.0   -1.6    1.8
182150.0 2550050.0   -1.6    1.8
182650.0 2550050.0   -1.6    1.8
183150.0 2550050.0   -1.7    1.8
183650.0 2550050.0   -1.7    1.8
184150.0 2550050.0   -1.7    1.9
184650.0 2550050.0   -1.7    1.9
185150.0 2550050.0   -1.8    1.9
165650.0 2550550.0   -1.6    1.8
166150.0 2550550.0   -1.6    1.8
166650.0 2550550.0   -1.6    1.8
167150.0 2550550.0   -1.5    1.7
167650.0 2550550.0   -1.5    1.7
168150.0 2550550.0   -1.5    1.6
168650.0 2550550.0   -1.5    1.6
169150.0 2550550.0   -1.5    1.6
169650.0 2550550.0   -1.4    1.5
170150.0 2550550.0   -1.4    1.5
170650.0 2550550.0   -1.4    1.5
171150.0 2550550.0   -1.4    1.5
171650.0 2550550.0   -1.4    1.5
172150.0 2550550.0   -1.4    1.5
172650.0 2550550.0   -1.4    1.5
173150.0 2550550.0   -1.4    1.5
173650.0 2550550.0   -1.4    1.5
174150.0 2550550.0   -1.4    1.5
174650.0 2550550.0   -1.4    1.5
175150.0 2550550.0   -1.5    1.5
175650.0 2550550.0   -1.5    1.5
176150.0 2550550.0   -1.5    1.5
176650.0 2550550.0   -1.5    1.6
177150.0 2550550.0   -1.5    1.6
177650.0 2550550.0   -1.6    1.6
178150.0 2550550.0   -1.6    1.6
178650.0 2550550.0   -1.6    1.6
179150.0 2550550.0   -1.6    1.6
179650.0 2550550.0   -1.6    1.7
180150.0 2550550.0   -1.6    1.7
180650.0 2550550.0   -1.6    1.7
181150.0 2550550.0   -1.6    1.7
181650.0 2550550.0   -1.6    1.7
182150.0 2550550.0   -1.6    1.8
182650.0 2550550.0   -1.6    1.8
183150.0 2550550.0   -1.7    1.8
183650.0 2550550.0   -1.7    1.8
184150.0 2550550.0   -1.8    1.8
184650.0 2550550.0   -1.8    1.9
185150.0 2550550.0   -1.8    1.9
165650.0 2551050.0   -1.6    1.9
166150.0 2551050.0   -1.6    1.8
166650.0 2551050.0   -1.5    1.8
167150.0 2551050.0   -1.5    1.7
167650.0 2551050.0   -1.5    1.7
168150.0 2551050.0   -1.5    1.7
168650.0 2551050.0   -1.5    1.6
169150.0 2551050.0   -1.4    1.6
169650.0 2551050.0   -1.4    1.5
170150.0 2551050.0   -1.4    1.5
170650.0 2551050.0   -1.4    1.5
171150.0 2551050.0   -1.4    1.5
171650.0 2551050.0   -1.4    1.5
172150.0 2551050.0   -1.4    1.4
172650.0 2551050.0   -1.4    1.4
173150.0 2551050.0   -1.4    1.4
173650.0 2551050.0   -1.4    1.4
174150.0 2551050.0   -1.4    1.4
174650.0 2551050.0   -1.4    1.5
175150.0 2551050.0   -1.5    1.5
175650.0 2551050.0   -1.5    1.5
176150.0 2551050.0   -1.5    1.5
176650.0 2551050.0   -1.5    1.5
177150.0 2551050.0   -1.6    1.5
177650.0 2551050.0   -1.6    1.5
178150.0 2551050.0   -1.6    1.5
178650.0 2551050.0   -1.6    1.6
179150.0 2551050.0   -1.6    1.6
179650.0 2551050.0   -1.6    1.6
180150.0 2551050.0   -1.6    1.6
180650.0 2551050.0   -1.6    1.7
181150.0 2551050.0   -1.6    1.7
181650.0 2551050.0   -1.6    1.7
182150.0 2551050.0   -1.6    1.7
182650.0 2551050.0   -1.7    1.8
183150.0 2551050.0   -1.7    1.8
183650.0 2551050.0   -1.7    1.8
184150.0 2551050.0   -1.8    1.8
184650.0 2551050.0   -1.8    1.8
185150.0 2551050.0   -1.9    1.8
165650.0 2551550.0   -1.6    1.9
166150.0 2551550.0   -1.6    1.9
166650.0 2551550.0   -1.5    1.8
167150.0 2551550.0   -1.5    1.8
167650.0 2551550.0   -1.5    1.7
168150.0 2551550.0   -1.5    1.7
168650.0 2551550.0   -1.4    1.6
169150.0 2551550.0   -1.4    1.6
169650.0 2551550.0   -1.4    1.5
170150.0 2551550.0   -1.4    1.5
170650.0 2551550.0   -1.4    1.5
171150.0 2551550.0   -1.3    1.4
171650.0 2551550.0   -1.3    1.4
172150.0 2551550.0   -1.3    1.4
172650.0 2551550.0   -1.3    1.4
173150.0 2551550.0   -1.3    1.4
173650.0 2551550.0   -1.4    1.4
174150.0 2551550.0   -1.4    1.4
174650.0 2551550.0   -1.4    1.4
175150.0 2551550.0   -1.5    1.4
175650.0 2551550.0   -1.5    1.4
176150.0 2551550.0   -1.5    1.4
176650.0 2551550.0   -1.6    1.4
177150.0 2551550.0   -1.6    1.4
177650.0 2551550.0   -1.6    1.5
178150.0 2551550.0   -1.6    1.5
178650.0 2551550.0   -1.6    1.5
179150.0 2551550.0   -1.6    1.5
179650.0 2551550.0   -1.6    1.6
180150.0 2551550.0   -1.6    1.6
180650.0 2551550.0   -1.6    1.6
181150.0 2551550.0   -1.6    1.7
181650.0 2551550.0   -1.6    1.7
182150.0 2551550.0   -1.6    1.7
182650.0 2551550.0   -1.7    1.7
183150.0 2551550.0   -1.7    1.8
183650.0 2551550.0   -1.8    1.8
184150.0 2551550.0   -1.8    1.8
184650.0 2551550.0   -1.9    1.8
185150.0 2551550.0   -1.9    1.8
165650.0 2552050.0   -1.6    1.9
166150.0 2552050.0   -1.5    1.9
166650.0 2552050.0   -1.5    1.9
167150.0 2552050.0   -1.5    1.8
167650.0 2552050.0   -1.5    1.8
168150.0 2552050.0   -1.4    1.7
168650.0 2552050.0   -1.4    1.7
169150.0 2552050.0   -1.4    1.6
169650.0 2552050.0   -1.4    1.6
170150.0 2552050.0   -1.4    1.5
170650.0 2552050.0   -1.3    1.5
171150.0 2552050.0   -1.3    1.5
171650.0 2552050.0   -1.3    1.4
172150.0 2552050.0   -1.3    1.4
172650.0 2552050.0   -1.3    1.4
173150.0 2552050.0   -1.3    1.4
173650.0 2552050.0   -1.4    1.4
174150.0 2552050.0   -1.4    1.4
174650.0 2552050.0   -1.4    1.4
175150.0 2552050.0   -1.5    1.4
175650.0 2552050.0   -1.5    1.4
176150.0 2552050.0   -1.6    1.3
176650.0 2552050.0   -1.6    1.4
177150.0 2552050.0   -1.6    1.4
177650.0 2552050.0   -1.6    1.4
178150.0 2552050.0   -1.6    1.4
178650.0 2552050.0   -1.6    1.5
179150.0 2552050.0   -1.6    1.5
179650.0 2552050.0   -1.6    1.5
180150.0 2552050.0   -1.6    1.6
180650.0 2552050.0   -1.6    1.6
181150.0 2552050.0   -1.6    1.6
181650.0 2552050.0   -1.6    1.7
182150.0 2552050.0   -1.6    1.7
182650.0 2552050.0   -1.7    1.7
183150.0 2552050.0   -1.7    1.8
183650.0 2552050.0   -1.8    1.8
184150.0 2552050.0   -1.9    1.8
184650.0 2552050.0   -1.9    1.8
185150.0 2552050.0   -1.9    1.8
165650.0 2552550.0   -1.5    2.0
166150.0 2552550.0   -1.5    1.9
166650.0 2552550.0   -1.5    1.9
167150.0 2552550.0   -1.5    1.8
167650.0 2552550.0   -1.5    1.8
168150.0 2552550.0   -1.4    1.7
168650.0 2552550.0   -1.4    1.7
169150.0 2552550.0   -1.4    1.6
169650.0 2552550.0   -1.4    1.6
170150.0 2552550.0   -1.3    1.5
170650.0 2552550.0   -1.3    1.5
171150.0 2552550.0   -1.3    1.5
171650.0 2552550.0   -1.3    1.4
172150.0 2552550.0   -1.3    1.4
172650.0 2552550.0   -1.3    1.4
173150.0 2552550.0   -1.3    1.4
173650.0 2552550.0   -1.3    1.4
174150.0 2552550.0   -1.4    1.4
174650.0 2552550.0   -1.4    1.3
175150.0 2552550.0   -1.5    1.3
175650.0 2552550.0   -1.5    1.3
176150.0 2552550.0   -1.6    1.3
176650.0 2552550.0   -1.6    1.3
177150.0 2552550.0   -1.6    1.3
177650.0 2552550.0   -1.6    1.3
178150.0 2552550.0   -1.6    1.4
178650.0 2552550.0   -1.6    1.4
179150.0 2552550.0   -1.6    1.5
179650.0 2552550.0   -1.6    1.5
180150.0 2552550.0   -1.5    1.5
180650.0 2552550.0   -1.6    1.6
181150.0 2552550.0   -1.6    1.6
181650.0 2552550.0   -1.6    1.6
182150.0 2552550.0   -1.6    1.7
182650.0 2552550.0   -1.7    1.7
183150.0 2552550.0   -1.8    1.7
183650.0 2552550.0   -1.8    1.8
184150.0 2552550.0   -1.9    1.8
184650.0 2552550.0   -1.9    1.8
185150.0 2552550.0   -2.0    1.8
165650.0 2553050.0   -1.5    2.0
166150.0 2553050.0   -1.5    2.0
166650.0 2553050.0   -1.5    1.9
167150.0 2553050.0   -1.5    1.8
167650.0 2553050.0   -1.4    1.8
168150.0 2553050.0   -1.4    1.7
168650.0 2553050.0   -1.4    1.7
169150.0 2553050.0   -1.4    1.6
169650.0 2553050.0   -1.4    1.6
170150.0 2553050.0   -1.3    1.6
170650.0 2553050.0   -1.3    1.5
171150.0 2553050.0   -1.3    1.5
171650.0 2553050.0   -1.3    1.4
172150.0 2553050.0   -1.3    1.4
172650.0 2553050.0   -1.3    1.4
173150.0 2553050.0   -1.3    1.4
173650.0 2553050.0   -1.3    1.4
174150.0 2553050.0   -1.4    1.4
174650.0 2553050.0   -1.4    1.3
175150.0 2553050.0   -1.5    1.3
175650.0 2553050.0   -1.6    1.2
176150.0 2553050.0   -1.6    1.2
176650.0 2553050.0   -1.7    1.2
177150.0 2553050.0   -1.7    1.2
177650.0 2553050.0   -1.7    1.3
178150.0 2553050.0   -1.6    1.3
178650.0 2553050.0   -1.6    1.4
179150.0 2553050.0   -1.6    1.4
179650.0 2553050.0   -1.5    1.5
180150.0 2553050.0   -1.5    1.5
180650.0 2553050.0   -1.5    1.5
181150.0 2553050.0   -1.6    1.6
181650.0 2553050.0   -1.6    1.6
182150.0 2553050.0   -1.7    1.7
182650.0 2553050.0   -1.7    1.7
183150.0 2553050.0   -1.8    1.7
183650.0 2553050.0   -1.8    1.7
184150.0 2553050.0   -1.9    1.8
184650.0 2553050.0   -1.9    1.8
185150.0 2553050.0   -2.0    1.8
165650.0 2553550.0   -1.5    2.0
166150.0 2553550.0   -1.5    2.0
166650.0 2553550.0   -1.5    1.9
167150.0 2553550.0   -1.5    1.9
167650.0 2553550.0   -1.4    1.8
168150.0 2553550.0   -1.4    1.8
168650.0 2553550.0   -1.4    1.7
169150.0 2553550.0   -1.4    1.7
169650.0 2553550.0   -1.3    1.6
170150.0 2553550.0   -1.3    1.6
170650.0 2553550.0   -1.3    1.5
171150.0 2553550.0   -1.3    1.5
171650.0 2553550.0   -1.3    1.5
172150.0 2553550.0   -1.3    1.4
172650.0 2553550.0   -1.3    1.4
173150.0 2553550.0   -1.3    1.4
173650.0 2553550.0   -1.3    1.4
174150.0 2553550.0   -1.4    1.4
174650.0 2553550.0   -1.4    1.3
175150.0 2553550.0   -1.5    1.3
175650.0 2553550.0   -1.6    1.2
176150.0 2553550.0   -1.7    1.1
176650.0 2553550.0   -1.7    1.1
177150.0 2553550.0   -1.7    1.1
177650.0 2553550.0   -1.7    1.2
178150.0 2553550.0   -1.6    1.3
178650.0 2553550.0   -1.6    1.3
179150.0 2553550.0   -1.6    1.4
179650.0 2553550.0   -1.5    1.4
180150.0 2553550.0   -1.5    1.5
180650.0 2553550.0   -1.5    1.5
181150.0 2553550.0   -1.6    1.6
181650.0 2553550.0   -1.6    1.6
182150.0 2553550.0   -1.7    1.7
182650.0 2553550.0   -1.7    1.7
183150.0 2553550.0   -1.8    1.7
183650.0 2553550.0   -1.8    1.7
184150.0 2553550.0   -1.9    1.7
184650.0 2553550.0   -1.9    1.8
185150.0 2553550.0   -2.0    1.8
165650.0 2554050.0   -1.5    2.0
166150.0 2554050.0   -1.5    2.0
166650.0 2554050.0   -1.5    1.9
167150.0 2554050.0   -1.4    1.9
167650.0 2554050.0   -1.4    1.8
168150.0 2554050.0   -1.4    1.8
168650.0 2554050.0   -1.4    1.7
169150.0 2554050.0   -1.4    1.7
169650.0 2554050.0   -1.3    1.6
170150.0 2554050.0   -1.3    1.6
170650.0 2554050.0   -1.3    1.5
171150.0 2554050.0   -1.3    1.5
171650.0 2554050.0   -1.3    1.5
172150.0 2554050.0   -1.3    1.5
172650.0 2554050.0   -1.3    1.4
173150.0 2554050.0   -1.3    1.4
173650.0 2554050.0   -1.3    1.4
174150.0 2554050.0   -1.3    1.4
174650.0 2554050.0   -1.4    1.3
175150.0 2554050.0   -1.5    1.3
175650.0 2554050.0   -1.6    1.2
176150.0 2554050.0   -1.7    1.1
176650.0 2554050.0   -1.8    1.1
177150.0 2554050.0   -1.8    1.1
177650.0 2554050.0   -1.7    1.2
178150.0 2554050.0   -1.6    1.2
178650.0 2554050.0   -1.6    1.3
179150.0 2554050.0   -1.5    1.4
179650.0 2554050.0   -1.5    1.4
180150.0 2554050.0   -1.5    1.5
180650.0 2554050.0   -1.5    1.5
181150.0 2554050.0   -1.6    1.6
181650.0 2554050.0   -1.6    1.6
182150.0 2554050.0   -1.7    1.6
182650.0 2554050.0   -1.7    1.7
183150.0 2554050.0   -1.8    1.7
183650.0 2554050.0   -1.9    1.7
184150.0 2554050.0   -1.9    1.7
184650.0 2554050.0   -1.9    1.7
185150.0 2554050.0   -2.0    1.7
165650.0 2554550.0   -1.5    2.0
166150.0 2554550.0   -1.5    2.0
166650.0 2554550.0   -1.5    1.9
167150.0 2554550.0   -1.4    1.9
167650.0 2554550.0   -1.4    1.8
168150.0 2554550.0   -1.4    1.8
168650.0 2554550.0   -1.4    1.7
169150.0 2554550.0   -1.4    1.7
169650.0 2554550.0   -1.3    1.6
170150.0 2554550.0   -1.3    1.6
170650.0 2554550.0   -1.3    1.6
171150.0 2554550.0   -1.3    1.5
171650.0 2554550.0   -1.2    1.5
172150.0 2554550.0   -1.2    1.5
172650.0 2554550.0   -1.2    1.5
173150.0 2554550.0   -1.2    1.5
173650.0 2554550.0   -1.2    1.4
174150.0 2554550.0   -1.3    1.4
174650.0 2554550.0   -1.3    1.4
175150.0 2554550.0   -1.4    1.3
175650.0 2554550.0   -1.5    1.2
176150.0 2554550.0   -1.7    1.1
176650.0 2554550.0   -1.7    1.1
177150.0 2554550.0   -1.7    1.1
177650.0 2554550.0   -1.7    1.2
178150.0 2554550.0   -1.6    1.3
178650.0 2554550.0   -1.6    1.3
179150.0 2554550.0   -1.5    1.4
179650.0 2554550.0   -1.5    1.4
180150.0 2554550.0   -1.5    1.5
180650.0 2554550.0   -1.5    1.5
181150.0 2554550.0   -1.6    1.6
181650.0 2554550.0   -1.6    1.6
182150.0 2554550.0   -1.7    1.6
182650.0 2554550.0   -1.8    1.7
183150.0 2554550.0   -1.8    1.7
183650.0 2554550.0   -1.9    1.7
184150.0 2554550.0   -1.9    1.7
184650.0 2554550.0   -2.0    1.7
185150.0 2554550.0   -2.0    1.7
165650.0 2555050.0   -1.5    2.1
166150.0 2555050.0   -1.5    2.0
166650.0 2555050.0   -1.5    2.0
167150.0 2555050.0   -1.4    1.9
167650.0 2555050.0   -1.4    1.8
168150.0 2555050.0   -1.4    1.8
168650.0 2555050.0   -1.4    1.7
169150.0 2555050.0   -1.3    1.7
169650.0 2555050.0   -1.3    1.6
170150.0 2555050.0   -1.3    1.6
170650.0 2555050.0   -1.3    1.6
171150.0 2555050.0   -1.2    1.5
171650.0 2555050.0   -1.2    1.5
172150.0 2555050.0   -1.2    1.5
172650.0 2555050.0   -1.2    1.5
173150.0 2555050.0   -1.2    1.5
173650.0 2555050.0   -1.2    1.5
174150.0 2555050.0   -1.2    1.5
174650.0 2555050.0   -1.2    1.5
175150.0 2555050.0   -1.3    1.4
175650.0 2555050.0   -1.4    1.3
176150.0 2555050.0   -1.6    1.2
176650.0 2555050.0   -1.6    1.2
177150.0 2555050.0   -1.6    1.2
177650.0 2555050.0   -1.6    1.3
178150.0 2555050.0   -1.6    1.3
178650.0 2555050.0   -1.5    1.4
179150.0 2555050.0   -1.5    1.4
179650.0 2555050.0   -1.5    1.4
180150.0 2555050.0   -1.5    1.5
180650.0 2555050.0   -1.5    1.5
181150.0 2555050.0   -1.6    1.5
181650.0 2555050.0   -1.6    1.6
182150.0 2555050.0   -1.7    1.6
182650.0 2555050.0   -1.8    1.6
183150.0 2555050.0   -1.8    1.7
183650.0 2555050.0   -1.9    1.7
184150.0 2555050.0   -1.9    1.7
184650.0 2555050.0   -2.0    1.7
185150.0 2555050.0   -2.0    1.7
165650.0 2555550.0   -1.5    2.1
166150.0 2555550.0   -1.5    2.0
166650.0 2555550.0   -1.5    2.0
167150.0 2555550.0   -1.4    1.9
167650.0 2555550.0   -1.4    1.9
168150.0 2555550.0   -1.4    1.8
168650.0 2555550.0   -1.4    1.7
169150.0 2555550.0   -1.3    1.7
169650.0 2555550.0   -1.3    1.7
170150.0 2555550.0   -1.3    1.6
170650.0 2555550.0   -1.3    1.6
171150.0 2555550.0   -1.2    1.6
171650.0 2555550.0   -1.2    1.5
172150.0 2555550.0   -1.2    1.5
172650.0 2555550.0   -1.2    1.5
173150.0 2555550.0   -1.1    1.5
173650.0 2555550.0   -1.1    1.5
174150.0 2555550.0   -1.1    1.5
174650.0 2555550.0   -1.2    1.5
175150.0 2555550.0   -1.2    1.5
175650.0 2555550.0   -1.3    1.4
176150.0 2555550.0   -1.4    1.4
176650.0 2555550.0   -1.5    1.3
177150.0 2555550.0   -1.5    1.3
177650.0 2555550.0   -1.5    1.4
178150.0 2555550.0   -1.5    1.4
178650.0 2555550.0   -1.5    1.4
179150.0 2555550.0   -1.5    1.4
179650.0 2555550.0   -1.5    1.4
180150.0 2555550.0   -1.5    1.5
180650.0 2555550.0   -1.5    1.5
181150.0 2555550.0   -1.6    1.5
181650.0 2555550.0   -1.7    1.6
182150.0 2555550.0   -1.7    1.6
182650.0 2555550.0   -1.8    1.6
183150.0 2555550.0   -1.8    1.6
183650.0 2555550.0   -1.9    1.7
184150.0 2555550.0   -1.9    1.7
184650.0 2555550.0   -2.0    1.7
185150.0 2555550.0   -2.0    1.7
165650.0 2556050.0   -1.5    2.1
166150.0 2556050.0   -1.5    2.1
166650.0 2556050.0   -1.5    2.0
167150.0 2556050.0   -1.4    1.9
167650.0 2556050.0   -1.4    1.9
168150.0 2556050.0   -1.4    1.8
168650.0 2556050.0   -1.4    1.8
169150.0 2556050.0   -1.3    1.7
169650.0 2556050.0   -1.3    1.7
170150.0 2556050.0   -1.3    1.6
170650.0 2556050.0   -1.2    1.6
171150.0 2556050.0   -1.2    1.6
171650.0 2556050.0   -1.2    1.6
172150.0 2556050.0   -1.1    1.5
172650.0 2556050.0   -1.1    1.5
173150.0 2556050.0   -1.1    1.5
173650.0 2556050.0   -1.1    1.5
174150.0 2556050.0   -1.1    1.5
174650.0 2556050.0   -1.1    1.6
175150.0 2556050.0   -1.1    1.6
175650.0 2556050.0   -1.2    1.5
176150.0 2556050.0   -1.3    1.5
176650.0 2556050.0   -1.4    1.4
177150.0 2556050.0   -1.4    1.4
177650.0 2556050.0   -1.4    1.4
178150.0 2556050.0   -1.4    1.4
178650.0 2556050.0   -1.4    1.4
179150.0 2556050.0   -1.5    1.4
179650.0 2556050.0   -1.5    1.5
180150.0 2556050.0   -1.5    1.5
180650.0 2556050.0   -1.6    1.5
181150.0 2556050.0   -1.6    1.5
181650.0 2556050.0   -1.7    1.6
182150.0 2556050.0   -1.7    1.6
182650.0 2556050.0   -1.8    1.6
183150.0 2556050.0   -1.8    1.6
183650.0 2556050.0   -1.9    1.6
184150.0 2556050.0   -1.9    1.6
184650.0 2556050.0   -2.0    1.6
185150.0 2556050.0   -2.1    1.6
165650.0 2556550.0   -1.5    2.1
166150.0 2556550.0   -1.5    2.1
166650.0 2556550.0   -1.5    2.0
167150.0 2556550.0   -1.5    2.0
167650.0 2556550.0   -1.4    1.9
168150.0 2556550.0   -1.4    1.8
168650.0 2556550.0   -1.4    1.8
169150.0 2556550.0   -1.3    1.7
169650.0 2556550.0   -1.3    1.7
170150.0 2556550.0   -1.3    1.7
170650.0 2556550.0   -1.2    1.6
171150.0 2556550.0   -1.2    1.6
171650.0 2556550.0   -1.2    1.6
172150.0 2556550.0   -1.1    1.6
172650.0 2556550.0   -1.1    1.5
173150.0 2556550.0   -1.0    1.5
173650.0 2556550.0   -1.0    1.5
174150.0 2556550.0   -1.0    1.6
174650.0 2556550.0   -1.0    1.6
175150.0 2556550.0   -1.0    1.6
175650.0 2556550.0   -1.1    1.5
176150.0 2556550.0   -1.2    1.5
176650.0 2556550.0   -1.3    1.5
177150.0 2556550.0   -1.4    1.5
177650.0 2556550.0   -1.4    1.5
178150.0 2556550.0   -1.4    1.5
178650.0 2556550.0   -1.4    1.5
179150.0 2556550.0   -1.4    1.5
179650.0 2556550.0   -1.5    1.5
180150.0 2556550.0   -1.5    1.5
180650.0 2556550.0   -1.6    1.5
181150.0 2556550.0   -1.6    1.5
181650.0 2556550.0   -1.7    1.6
182150.0 2556550.0   -1.7    1.6
182650.0 2556550.0   -1.8    1.6
183150.0 2556550.0   -1.9    1.6
183650.0 2556550.0   -1.9    1.6
184150.0 2556550.0   -1.9    1.6
184650.0 2556550.0   -2.0    1.6
185150.0 2556550.0   -2.1    1.6
165650.0 2557050.0   -1.5    2.1
166150.0 2557050.0   -1.5    2.1
166650.0 2557050.0   -1.5    2.1
167150.0 2557050.0   -1.5    2.0
167650.0 2557050.0   -1.4    1.9
168150.0 2557050.0   -1.4    1.9
168650.0 2557050.0   -1.4    1.8
169150.0 2557050.0   -1.3    1.8
169650.0 2557050.0   -1.3    1.7
170150.0 2557050.0   -1.3    1.7
170650.0 2557050.0   -1.2    1.7
171150.0 2557050.0   -1.2    1.6
171650.0 2557050.0   -1.1    1.6
172150.0 2557050.0   -1.1    1.6
172650.0 2557050.0   -1.0    1.6
173150.0 2557050.0   -0.9    1.5
173650.0 2557050.0   -0.9    1.5
174150.0 2557050.0   -0.8    1.5
174650.0 2557050.0   -0.8    1.6
175150.0 2557050.0   -0.8    1.5
175650.0 2557050.0   -0.9    1.5
176150.0 2557050.0   -1.0    1.5
176650.0 2557050.0   -1.2    1.5
177150.0 2557050.0   -1.3    1.5
177650.0 2557050.0   -1.3    1.5
178150.0 2557050.0   -1.4    1.5
178650.0 2557050.0   -1.4    1.5
179150.0 2557050.0   -1.4    1.5
179650.0 2557050.0   -1.5    1.5
180150.0 2557050.0   -1.5    1.5
180650.0 2557050.0   -1.6    1.5
181150.0 2557050.0   -1.6    1.6
181650.0 2557050.0   -1.7    1.6
182150.0 2557050.0   -1.7    1.6
182650.0 2557050.0   -1.8    1.6
183150.0 2557050.0   -1.9    1.6
183650.0 2557050.0   -1.9    1.6
184150.0 2557050.0   -2.0    1.6
184650.0 2557050.0   -2.0    1.6
185150.0 2557050.0   -2.1    1.6
165650.0 2557550.0   -1.5    2.2
166150.0 2557550.0   -1.5    2.1
166650.0 2557550.0   -1.5    2.1
167150.0 2557550.0   -1.5    2.0
167650.0 2557550.0   -1.4    2.0
168150.0 2557550.0   -1.4    1.9
168650.0 2557550.0   -1.4    1.9
169150.0 2557550.0   -1.4    1.8
169650.0 2557550.0   -1.3    1.8
170150.0 2557550.0   -1.3    1.7
170650.0 2557550.0   -1.2    1.7
171150.0 2557550.0   -1.2    1.6
171650.0 2557550.0   -1.1    1.6
172150.0 2557550.0   -1.1    1.6
172650.0 2557550.0   -1.0    1.6
173150.0 2557550.0   -0.9    1.6
173650.0 2557550.0   -0.8    1.5
174150.0 2557550.0   -0.7    1.5
174650.0 2557550.0   -0.6    1.5
175150.0 2557550.0   -0.6    1.5
175650.0 2557550.0   -0.7    1.5
176150.0 2557550.0   -0.9    1.5
176650.0 2557550.0   -1.1    1.5
177150.0 2557550.0   -1.2    1.5
177650.0 2557550.0   -1.3    1.5
178150.0 2557550.0   -1.3    1.5
178650.0 2557550.0   -1.4    1.5
179150.0 2557550.0   -1.4    1.5
179650.0 2557550.0   -1.5    1.5
180150.0 2557550.0   -1.5    1.5
180650.0 2557550.0   -1.6    1.5
181150.0 2557550.0   -1.6    1.6
181650.0 2557550.0   -1.7    1.6
182150.0 2557550.0   -1.8    1.6
182650.0 2557550.0   -1.8    1.6
183150.0 2557550.0   -1.9    1.6
183650.0 2557550.0   -1.9    1.6
184150.0 2557550.0   -2.0    1.6
184650.0 2557550.0   -2.0    1.5
185150.0 2557550.0   -2.1    1.5
165650.0 2558050.0   -1.5    2.2
166150.0 2558050.0   -1.5    2.2
166650.0 2558050.0   -1.5    2.1
167150.0 2558050.0   -1.5    2.1
167650.0 2558050.0   -1.5    2.0
168150.0 2558050.0   -1.4    1.9
168650.0 2558050.0   -1.4    1.9
169150.0 2558050.0   -1.4    1.8
169650.0 2558050.0   -1.3    1.8
170150.0 2558050.0   -1.3    1.7
170650.0 2558050.0   -1.2    1.7
171150.0 2558050.0   -1.2    1.7
171650.0 2558050.0   -1.1    1.6
172150.0 2558050.0   -1.0    1.6
172650.0 2558050.0   -0.9    1.6
173150.0 2558050.0   -0.8    1.6
173650.0 2558050.0   -0.7    1.6
174150.0 2558050.0   -0.6    1.5
174650.0 2558050.0   -0.5    1.5
175150.0 2558050.0   -0.5    1.5
175650.0 2558050.0   -0.6    1.5
176150.0 2558050.0   -0.8    1.5
176650.0 2558050.0   -1.0    1.5
177150.0 2558050.0   -1.1    1.5
177650.0 2558050.0   -1.2    1.5
178150.0 2558050.0   -1.3    1.5
178650.0 2558050.0   -1.3    1.5
179150.0 2558050.0   -1.4    1.5
179650.0 2558050.0   -1.5    1.5
180150.0 2558050.0   -1.5    1.5
180650.0 2558050.0   -1.6    1.6
181150.0 2558050.0   -1.6    1.6
181650.0 2558050.0   -1.7    1.6
182150.0 2558050.0   -1.8    1.6
182650.0 2558050.0   -1.8    1.6
183150.0 2558050.0   -1.9    1.6
183650.0 2558050.0   -2.0    1.6
184150.0 2558050.0   -2.0    1.6
184650.0 2558050.0   -2.1    1.5
185150.0 2558050.0   -2.1    1.5
165650.0 2558550.0   -1.5    2.2
166150.0 2558550.0   -1.5    2.2
166650.0 2558550.0   -1.5    2.2
167150.0 2558550.0   -1.5    2.1
167650.0 2558550.0   -1.5    2.1
168150.0 2558550.0   -1.5    2.0
168650.0 2558550.0   -1.4    1.9
169150.0 2558550.0   -1.4    1.9
169650.0 2558550.0   -1.3    1.8
170150.0 2558550.0   -1.3    1.8
170650.0 2558550.0   -1.3    1.7
171150.0 2558550.0   -1.2    1.7
171650.0 2558550.0   -1.1    1.7
172150.0 2558550.0   -1.0    1.6
172650.0 2558550.0   -0.9    1.6
173150.0 2558550.0   -0.8    1.6
173650.0 2558550.0   -0.7    1.6
174150.0 2558550.0   -0.6    1.5
174650.0 2558550.0   -0.5    1.5
175150.0 2558550.0   -0.5    1.5
175650.0 2558550.0   -0.6    1.5
176150.0 2558550.0   -0.8    1.5
176650.0 2558550.0   -0.9    1.5
177150.0 2558550.0   -1.1    1.5
177650.0 2558550.0   -1.2    1.5
178150.0 2558550.0   -1.3    1.5
178650.0 2558550.0   -1.3    1.5
179150.0 2558550.0   -1.4    1.5
179650.0 2558550.0   -1.5    1.6
180150.0 2558550.0   -1.5    1.6
180650.0 2558550.0   -1.6    1.6
181150.0 2558550.0   -1.6    1.6
181650.0 2558550.0   -1.7    1.6
182150.0 2558550.0   -1.8    1.6
182650.0 2558550.0   -1.9    1.6
183150.0 2558550.0   -1.9    1.6
183650.0 2558550.0   -2.0    1.6
184150.0 2558550.0   -2.0    1.6
184650.0 2558550.0   -2.1    1.5
185150.0 2558550.0   -2.2    1.5
165650.0 2559050.0   -1.6    2.3
166150.0 2559050.0   -1.6    2.2
166650.0 2559050.0   -1.5    2.2
167150.0 2559050.0   -1.5    2.2
167650.0 2559050.0   -1.5    2.1
168150.0 2559050.0   -1.5    2.0
168650.0 2559050.0   -1.4    2.0
169150.0 2559050.0   -1.4    1.9
169650.0 2559050.0   -1.4    1.9
170150.0 2559050.0   -1.3    1.8
170650.0 2559050.0   -1.3    1.8
171150.0 2559050.0   -1.2    1.7
171650.0 2559050.0   -1.1    1.7
172150.0 2559050.0   -1.0    1.7
172650.0 2559050.0   -1.0    1.6
173150.0 2559050.0   -0.9    1.6
173650.0 2559050.0   -0.7    1.6
174150.0 2559050.0   -0.6    1.6
174650.0 2559050.0   -0.6    1.5
175150.0 2559050.0   -0.6    1.5
175650.0 2559050.0   -0.7    1.5
176150.0 2559050.0   -0.8    1.5
176650.0 2559050.0   -0.9    1.5
177150.0 2559050.0   -1.1    1.5
177650.0 2559050.0   -1.2    1.5
178150.0 2559050.0   -1.3    1.6
178650.0 2559050.0   -1.3    1.6
179150.0 2559050.0   -1.4    1.6
179650.0 2559050.0   -1.5    1.6
180150.0 2559050.0   -1.5    1.6
180650.0 2559050.0   -1.6    1.6
181150.0 2559050.0   -1.7    1.6
181650.0 2559050.0   -1.7    1.6
182150.0 2559050.0   -1.8    1.6
182650.0 2559050.0   -1.9    1.6
183150.0 2559050.0   -2.0    1.6
183650.0 2559050.0   -2.0    1.6
184150.0 2559050.0   -2.1    1.6
184650.0 2559050.0   -2.1    1.6
185150.0 2559050.0   -2.2    1.5
165650.0 2559550.0   -1.6    2.3
166150.0 2559550.0   -1.6    2.3
166650.0 2559550.0   -1.6    2.2
167150.0 2559550.0   -1.5    2.2
167650.0 2559550.0   -1.5    2.2
168150.0 2559550.0   -1.5    2.1
168650.0 2559550.0   -1.5    2.0
169150.0 2559550.0   -1.4    2.0
169650.0 2559550.0   -1.4    1.9
170150.0 2559550.0   -1.3    1.9
170650.0 2559550.0   -1.3    1.8
171150.0 2559550.0   -1.2    1.8
171650.0 2559550.0   -1.2    1.7
172150.0 2559550.0   -1.1    1.7
172650.0 2559550.0   -1.0    1.7
173150.0 2559550.0   -0.9    1.6
173650.0 2559550.0   -0.8    1.6
174150.0 2559550.0   -0.7    1.6
174650.0 2559550.0   -0.7    1.6
175150.0 2559550.0   -0.7    1.6
175650.0 2559550.0   -0.8    1.6
176150.0 2559550.0   -0.9    1.6
176650.0 2559550.0   -1.0    1.6
177150.0 2559550.0   -1.1    1.6
177650.0 2559550.0   -1.2    1.6
178150.0 2559550.0   -1.3    1.6
178650.0 2559550.0   -1.4    1.6
179150.0 2559550.0   -1.4    1.6
179650.0 2559550.0   -1.5    1.6
180150.0 2559550.0   -1.5    1.6
180650.0 2559550.0   -1.6    1.6
181150.0 2559550.0   -1.7    1.6
181650.0 2559550.0   -1.8    1.6
182150.0 2559550.0   -1.8    1.6
182650.0 2559550.0   -1.9    1.6
183150.0 2559550.0   -2.0    1.6
183650.0 2559550.0   -2.1    1.6
184150.0 2559550.0   -2.1    1.6
184650.0 2559550.0   -2.2    1.6
185150.0 2559550.0   -2.2    1.6
165650.0 2560050.0   -1.6    2.4
166150.0 2560050.0   -1.6    2.3
166650.0 2560050.0   -1.6    2.3
167150.0 2560050.0   -1.6    2.2
167650.0 2560050.0   -1.5    2.2
168150.0 2560050.0   -1.5    2.1
168650.0 2560050.0   -1.5    2.1
169150.0 2560050.0   -1.5    2.0
169650.0 2560050.0   -1.4    2.0
170150.0 2560050.0   -1.4    1.9
170650.0 2560050.0   -1.3    1.9
171150.0 2560050.0   -1.3    1.8
171650.0 2560050.0   -1.2    1.8
172150.0 2560050.0   -1.1    1.7
172650.0 2560050.0   -1.0    1.7
173150.0 2560050.0   -1.0    1.7
173650.0 2560050.0   -0.9    1.6
174150.0 2560050.0   -0.9    1.6
174650.0 2560050.0   -0.8    1.6
175150.0 2560050.0   -0.8    1.6
175650.0 2560050.0   -0.9    1.6
176150.0 2560050.0   -1.0    1.6
176650.0 2560050.0   -1.0    1.6
177150.0 2560050.0   -1.1    1.6
177650.0 2560050.0   -1.2    1.6
178150.0 2560050.0   -1.3    1.6
178650.0 2560050.0   -1.4    1.6
179150.0 2560050.0   -1.4    1.6
179650.0 2560050.0   -1.5    1.7
180150.0 2560050.0   -1.6    1.7
180650.0 2560050.0   -1.6    1.7
181150.0 2560050.0   -1.7    1.7
181650.0 2560050.0   -1.8    1.7
182150.0 2560050.0   -1.9    1.7
182650.0 2560050.0   -1.9    1.7
183150.0 2560050.0   -2.0    1.7
183650.0 2560050.0   -2.1    1.6
184150.0 2560050.0   -2.1    1.6
184650.0 2560050.0   -2.2    1.6
185150.0 2560050.0   -2.3    1.6
165650.0 2560550.0   -1.6    2.4
166150.0 2560550.0   -1.6    2.4
166650.0 2560550.0   -1.6    2.3
167150.0 2560550.0   -1.6    2.3
167650.0 2560550.0   -1.6    2.2
168150.0 2560550.0   -1.5    2.2
168650.0 2560550.0   -1.5    2.1
169150.0 2560550.0   -1.5    2.1
169650.0 2560550.0   -1.4    2.0
170150.0 2560550.0   -1.4    2.0
170650.0 2560550.0   -1.3    1.9
171150.0 2560550.0   -1.3    1.9
171650.0 2560550.0   -1.2    1.8
172150.0 2560550.0   -1.2    1.8
172650.0 2560550.0   -1.1    1.7
173150.0 2560550.0   -1.0    1.7
173650.0 2560550.0   -1.0    1.7
174150.0 2560550.0   -1.0    1.7
174650.0 2560550.0   -0.9    1.7
175150.0 2560550.0   -1.0    1.6
175650.0 2560550.0   -1.0    1.6
176150.0 2560550.0   -1.0    1.6
176650.0 2560550.0   -1.1    1.7
177150.0 2560550.0   -1.2    1.7
177650.0 2560550.0   -1.3    1.7
178150.0 2560550.0   -1.3    1.7
178650.0 2560550.0   -1.4    1.7
179150.0 2560550.0   -1.5    1.7
179650.0 2560550.0   -1.5    1.7
180150.0 2560550.0   -1.6    1.7
180650.0 2560550.0   -1.7    1.7
181150.0 2560550.0   -1.7    1.7
181650.0 2560550.0   -1.8    1.7
182150.0 2560550.0   -1.9    1.7
182650.0 2560550.0   -2.0    1.7
183150.0 2560550.0   -2.0    1.7
183650.0 2560550.0   -2.1    1.7
184150.0 2560550.0   -2.2    1.7
184650.0 2560550.0   -2.2    1.7
185150.0 2560550.0   -2.3    1.6
165650.0 2561050.0   -1.6    2.4
166150.0 2561050.0   -1.6    2.4
166650.0 2561050.0   -1.6    2.4
167150.0 2561050.0   -1.6    2.3
167650.0 2561050.0   -1.6    2.3
168150.0 2561050.0   -1.6    2.3
168650.0 2561050.0   -1.5    2.2
169150.0 2561050.0   -1.5    2.1
169650.0 2561050.0   -1.5    2.1
170150.0 2561050.0   -1.4    2.0
170650.0 2561050.0   -1.4    2.0
171150.0 2561050.0   -1.3    1.9
171650.0 2561050.0   -1.3    1.9
172150.0 2561050.0   -1.2    1.8
172650.0 2561050.0   -1.2    1.8
173150.0 2561050.0   -1.1    1.8
173650.0 2561050.0   -1.1    1.7
174150.0 2561050.0   -1.0    1.7
174650.0 2561050.0   -1.0    1.7
175150.0 2561050.0   -1.1    1.7
175650.0 2561050.0   -1.1    1.7
176150.0 2561050.0   -1.1    1.7
176650.0 2561050.0   -1.2    1.7
177150.0 2561050.0   -1.3    1.7
177650.0 2561050.0   -1.3    1.7
178150.0 2561050.0   -1.4    1.7
178650.0 2561050.0   -1.5    1.7
179150.0 2561050.0   -1.5    1.7
179650.0 2561050.0   -1.6    1.7
180150.0 2561050.0   -1.6    1.7
180650.0 2561050.0   -1.7    1.7
181150.0 2561050.0   -1.8    1.7
181650.0 2561050.0   -1.8    1.7
182150.0 2561050.0   -1.9    1.7
182650.0 2561050.0   -2.0    1.7
183150.0 2561050.0   -2.1    1.7
183650.0 2561050.0   -2.1    1.7
184150.0 2561050.0   -2.2    1.7
184650.0 2561050.0   -2.3    1.7
185150.0 2561050.0   -2.3    1.7
165650.0 2561550.0   -1.7    2.5
166150.0 2561550.0   -1.7    2.5
166650.0 2561550.0   -1.6    2.4
167150.0 2561550.0   -1.6    2.4
167650.0 2561550.0   -1.6    2.3
168150.0 2561550.0   -1.6    2.3
168650.0 2561550.0   -1.6    2.3
169150.0 2561550.0   -1.5    2.2
169650.0 2561550.0   -1.5    2.1
170150.0 2561550.0   -1.4    2.1
170650.0 2561550.0   -1.4    2.0
171150.0 2561550.0   -1.4    2.0
171650.0 2561550.0   -1.3    1.9
172150.0 2561550.0   -1.2    1.9
172650.0 2561550.0   -1.2    1.8
173150.0 2561550.0   -1.2    1.8
173650.0 2561550.0   -1.1    1.8
174150.0 2561550.0   -1.1    1.8
174650.0 2561550.0   -1.1    1.8
175150.0 2561550.0   -1.2    1.8
175650.0 2561550.0   -1.2    1.8
176150.0 2561550.0   -1.2    1.8
176650.0 2561550.0   -1.3    1.8
177150.0 2561550.0   -1.3    1.8
177650.0 2561550.0   -1.4    1.8
178150.0 2561550.0   -1.4    1.8
178650.0 2561550.0   -1.5    1.8
179150.0 2561550.0   -1.5    1.8
179650.0 2561550.0   -1.6    1.8
180150.0 2561550.0   -1.7    1.8
180650.0 2561550.0   -1.7    1.8
181150.0 2561550.0   -1.8    1.8
181650.0 2561550.0   -1.9    1.7
182150.0 2561550.0   -1.9    1.7
182650.0 2561550.0   -2.0    1.7
183150.0 2561550.0   -2.1    1.7
183650.0 2561550.0   -2.2    1.8
184150.0 2561550.0   -2.3    1.8
184650.0 2561550.0   -2.3    1.7
185150.0 2561550.0   -2.3    1.7
165650.0 2562050.0   -1.7    2.5
166150.0 2562050.0   -1.7    2.5
166650.0 2562050.0   -1.7    2.5
167150.0 2562050.0   -1.6    2.4
167650.0 2562050.0   -1.6    2.4
168150.0 2562050.0   -1.6    2.4
168650.0 2562050.0   -1.6    2.3
169150.0 2562050.0   -1.6    2.3
169650.0 2562050.0   -1.5    2.2
170150.0 2562050.0   -1.5    2.1
170650.0 2562050.0   -1.4    2.1
171150.0 2562050.0   -1.4    2.0
171650.0 2562050.0   -1.3    2.0
172150.0 2562050.0   -1.3    1.9
172650.0 2562050.0   -1.3    1.9
173150.0 2562050.0   -1.2    1.9
173650.0 2562050.0   -1.2    1.8
174150.0 2562050.0   -1.2    1.8
174650.0 2562050.0   -1.2    1.8
175150.0 2562050.0   -1.2    1.8
175650.0 2562050.0   -1.3    1.8
176150.0 2562050.0   -1.3    1.8
176650.0 2562050.0   -1.4    1.8
177150.0 2562050.0   -1.4    1.8
177650.0 2562050.0   -1.5    1.8
178150.0 2562050.0   -1.5    1.8
178650.0 2562050.0   -1.5    1.8
179150.0 2562050.0   -1.6    1.8
179650.0 2562050.0   -1.6    1.8
180150.0 2562050.0   -1.7    1.8
180650.0 2562050.0   -1.8    1.8
181150.0 2562050.0   -1.8    1.8
181650.0 2562050.0   -1.9    1.8
182150.0 2562050.0   -2.0    1.8
182650.0 2562050.0   -2.0    1.8
183150.0 2562050.0   -2.1    1.8
183650.0 2562050.0   -2.2    1.8
184150.0 2562050.0   -2.3    1.8
184650.0 2562050.0   -2.3    1.8
185150.0 2562050.0   -2.4    1.8
165650.0 2562550.0   -1.7    2.6
166150.0 2562550.0   -1.7    2.6
166650.0 2562550.0   -1.7    2.5
167150.0 2562550.0   -1.7    2.5
167650.0 2562550.0   -1.6    2.5
168150.0 2562550.0   -1.6    2.4
168650.0 2562550.0   -1.6    2.4
169150.0 2562550.0   -1.6    2.3
169650.0 2562550.0   -1.5    2.3
170150.0 2562550.0   -1.5    2.2
170650.0 2562550.0   -1.5    2.1
171150.0 2562550.0   -1.4    2.1
171650.0 2562550.0   -1.4    2.0
172150.0 2562550.0   -1.3    2.0
172650.0 2562550.0   -1.3    1.9
173150.0 2562550.0   -1.3    1.9
173650.0 2562550.0   -1.3    1.9
174150.0 2562550.0   -1.3    1.9
174650.0 2562550.0   -1.3    1.9
175150.0 2562550.0   -1.3    1.9
175650.0 2562550.0   -1.4    1.9
176150.0 2562550.0   -1.4    1.9
176650.0 2562550.0   -1.4    1.9
177150.0 2562550.0   -1.5    1.9
177650.0 2562550.0   -1.5    1.9
178150.0 2562550.0   -1.6    1.9
178650.0 2562550.0   -1.6    1.9
179150.0 2562550.0   -1.6    1.9
179650.0 2562550.0   -1.7    1.9
180150.0 2562550.0   -1.7    1.8
180650.0 2562550.0   -1.8    1.8
181150.0 2562550.0   -1.9    1.8
181650.0 2562550.0   -1.9    1.8
182150.0 2562550.0   -2.0    1.8
182650.0 2562550.0   -2.1    1.8
183150.0 2562550.0   -2.2    1.8
183650.0 2562550.0   -2.2    1.8
184150.0 2562550.0   -2.3    1.8
184650.0 2562550.0   -2.3    1.8
185150.0 2562550.0   -2.4    1.8
165650.0 2563050.0   -1.7    2.6
166150.0 2563050.0   -1.7    2.6
166650.0 2563050.0   -1.7    2.6
167150.0 2563050.0   -1.7    2.6
167650.0 2563050.0   -1.7    2.5
168150.0 2563050.0   -1.6    2.5
168650.0 2563050.0   -1.6    2.4
169150.0 2563050.0   -1.6    2.4
169650.0 2563050.0   -1.6    2.3
170150.0 2563050.0   -1.5    2.3
170650.0 2563050.0   -1.5    2.2
171150.0 2563050.0   -1.5    2.1
171650.0 2563050.0   -1.4    2.1
172150.0 2563050.0   -1.4    2.0
172650.0 2563050.0   -1.4    2.0
173150.0 2563050.0   -1.4    2.0
173650.0 2563050.0   -1.4    2.0
174150.0 2563050.0   -1.4    1.9
174650.0 2563050.0   -1.4    1.9
175150.0 2563050.0   -1.4    1.9
175650.0 2563050.0   -1.4    1.9
176150.0 2563050.0   -1.5    1.9
176650.0 2563050.0   -1.5    1.9
177150.0 2563050.0   -1.5    1.9
177650.0 2563050.0   -1.6    1.9
178150.0 2563050.0   -1.6    1.9
178650.0 2563050.0   -1.6    1.9
179150.0 2563050.0   -1.7    1.9
179650.0 2563050.0   -1.7    1.9
180150.0 2563050.0   -1.8    1.9
180650.0 2563050.0   -1.8    1.9
181150.0 2563050.0   -1.9    1.9
181650.0 2563050.0   -1.9    1.9
182150.0 2563050.0   -2.0    1.9
182650.0 2563050.0   -2.1    1.9
183150.0 2563050.0   -2.2    1.9
183650.0 2563050.0   -2.3    1.9
184150.0 2563050.0   -2.3    1.9
184650.0 2563050.0   -2.3    1.9
185150.0 2563050.0   -2.4    1.9
165650.0 2563550.0   -1.7    2.7
166150.0 2563550.0   -1.7    2.7
166650.0 2563550.0   -1.7    2.6
167150.0 2563550.0   -1.7    2.6
167650.0 2563550.0   -1.7    2.6
168150.0 2563550.0   -1.6    2.5
168650.0 2563550.0   -1.6    2.5
169150.0 2563550.0   -1.6    2.4
169650.0 2563550.0   -1.6    2.4
170150.0 2563550.0   -1.6    2.3
170650.0 2563550.0   -1.5    2.3
171150.0 2563550.0   -1.5    2.2
171650.0 2563550.0   -1.5    2.2
172150.0 2563550.0   -1.4    2.1
172650.0 2563550.0   -1.4    2.1
173150.0 2563550.0   -1.4    2.0
173650.0 2563550.0   -1.4    2.0
174150.0 2563550.0   -1.4    2.0
174650.0 2563550.0   -1.5    2.0
175150.0 2563550.0   -1.5    2.0
175650.0 2563550.0   -1.5    2.0
176150.0 2563550.0   -1.5    2.0
176650.0 2563550.0   -1.6    2.0
177150.0 2563550.0   -1.6    2.0
177650.0 2563550.0   -1.6    2.0
178150.0 2563550.0   -1.6    2.0
178650.0 2563550.0   -1.7    2.0
179150.0 2563550.0   -1.7    2.0
179650.0 2563550.0   -1.8    2.0
180150.0 2563550.0   -1.8    1.9
180650.0 2563550.0   -1.8    1.9
181150.0 2563550.0   -1.9    1.9
181650.0 2563550.0   -2.0    1.9
182150.0 2563550.0   -2.1    1.9
182650.0 2563550.0   -2.1    1.9
183150.0 2563550.0   -2.2    1.9
183650.0 2563550.0   -2.3    1.9
184150.0 2563550.0   -2.3    1.9
184650.0 2563550.0   -2.3    1.9
185150.0 2563550.0   -2.3    1.9
165650.0 2564050.0   -1.7    2.7
166150.0 2564050.0   -1.7    2.7
166650.0 2564050.0   -1.7    2.7
167150.0 2564050.0   -1.7    2.6
167650.0 2564050.0   -1.7    2.6
168150.0 2564050.0   -1.7    2.6
168650.0 2564050.0   -1.6    2.5
169150.0 2564050.0   -1.6    2.5
169650.0 2564050.0   -1.6    2.4
170150.0 2564050.0   -1.6    2.4
170650.0 2564050.0   -1.6    2.3
171150.0 2564050.0   -1.5    2.3
171650.0 2564050.0   -1.5    2.2
172150.0 2564050.0   -1.5    2.2
172650.0 2564050.0   -1.5    2.1
173150.0 2564050.0   -1.5    2.1
173650.0 2564050.0   -1.5    2.1
174150.0 2564050.0   -1.5    2.1
174650.0 2564050.0   -1.5    2.1
175150.0 2564050.0   -1.5    2.1
175650.0 2564050.0   -1.6    2.1
176150.0 2564050.0   -1.6    2.1
176650.0 2564050.0   -1.6    2.1
177150.0 2564050.0   -1.6    2.1
177650.0 2564050.0   -1.6    2.1
178150.0 2564050.0   -1.7    2.1
178650.0 2564050.0   -1.7    2.0
179150.0 2564050.0   -1.7    2.0
179650.0 2564050.0   -1.8    2.0
180150.0 2564050.0   -1.8    2.0
180650.0 2564050.0   -1.9    2.0
181150.0 2564050.0   -1.9    2.0
181650.0 2564050.0   -2.0    2.0
182150.0 2564050.0   -2.1    2.0
182650.0 2564050.0   -2.2    2.0
183150.0 2564050.0   -2.2    2.0
183650.0 2564050.0   -2.3    2.0
184150.0 2564050.0   -2.3    2.0
184650.0 2564050.0   -2.3    2.0
185150.0 2564050.0   -2.3    2.0
165650.0 2564550.0   -1.7    2.8
166150.0 2564550.0   -1.7    2.8
166650.0 2564550.0   -1.7    2.7
167150.0 2564550.0   -1.7    2.7
167650.0 2564550.0   -1.7    2.7
168150.0 2564550.0   -1.7    2.6
168650.0 2564550.0   -1.7    2.6
169150.0 2564550.0   -1.6    2.5
169650.0 2564550.0   -1.6    2.5
170150.0 2564550.0   -1.6    2.4
170650.0 2564550.0   -1.6    2.4
171150.0 2564550.0   -1.6    2.3
171650.0 2564550.0   -1.6    2.3
172150.0 2564550.0   -1.6    2.3
172650.0 2564550.0   -1.6    2.2
173150.0 2564550.0   -1.6    2.2
173650.0 2564550.0   -1.6    2.2
174150.0 2564550.0   -1.6    2.2
174650.0 2564550.0   -1.6    2.2
175150.0 2564550.0   -1.6    2.2
175650.0 2564550.0   -1.6    2.2
176150.0 2564550.0   -1.6    2.2
176650.0 2564550.0   -1.6    2.2
177150.0 2564550.0   -1.7    2.2
177650.0 2564550.0   -1.7    2.2
178150.0 2564550.0   -1.7    2.1
178650.0 2564550.0   -1.7    2.1
179150.0 2564550.0   -1.8    2.1
179650.0 2564550.0   -1.8    2.1
180150.0 2564550.0   -1.9    2.1
180650.0 2564550.0   -1.9    2.1
181150.0 2564550.0   -2.0    2.1
181650.0 2564550.0   -2.0    2.1
182150.0 2564550.0   -2.1    2.1
182650.0 2564550.0   -2.2    2.1
183150.0 2564550.0   -2.2    2.1
183650.0 2564550.0   -2.3    2.0
184150.0 2564550.0   -2.3    2.0
184650.0 2564550.0   -2.3    2.0
185150.0 2564550.0   -2.3    2.0
165650.0 2565050.0   -1.7    2.8
166150.0 2565050.0   -1.7    2.8
166650.0 2565050.0   -1.7    2.8
167150.0 2565050.0   -1.7    2.7
167650.0 2565050.0   -1.7    2.7
168150.0 2565050.0   -1.7    2.7
168650.0 2565050.0   -1.7    2.6
169150.0 2565050.0   -1.7    2.6
169650.0 2565050.0   -1.6    2.5
170150.0 2565050.0   -1.6    2.5
170650.0 2565050.0   -1.6    2.5
171150.0 2565050.0   -1.6    2.4
171650.0 2565050.0   -1.6    2.4
172150.0 2565050.0   -1.6    2.3
172650.0 2565050.0   -1.6    2.3
173150.0 2565050.0   -1.6    2.3
173650.0 2565050.0   -1.6    2.3
174150.0 2565050.0   -1.6    2.3
174650.0 2565050.0   -1.6    2.3
175150.0 2565050.0   -1.6    2.3
175650.0 2565050.0   -1.6    2.3
176150.0 2565050.0   -1.7    2.3
176650.0 2565050.0   -1.7    2.2
177150.0 2565050.0   -1.7    2.2
177650.0 2565050.0   -1.7    2.2
178150.0 2565050.0   -1.7    2.2
178650.0 2565050.0   -1.8    2.2
179150.0 2565050.0   -1.8    2.2
179650.0 2565050.0   -1.9    2.2
180150.0 2565050.0   -1.9    2.2
180650.0 2565050.0   -2.0    2.2
181150.0 2565050.0   -2.0    2.2
181650.0 2565050.0   -2.0    2.1
182150.0 2565050.0   -2.1    2.1
182650.0 2565050.0   -2.2    2.1
183150.0 2565050.0   -2.2    2.1
183650.0 2565050.0   -2.3    2.1
184150.0 2565050.0   -2.3    2.1
184650.0 2565050.0   -2.3    2.1
185150.0 2565050.0   -2.3    2.1
165650.0 2565550.0   -1.7    2.8
166150.0 2565550.0   -1.7    2.8
166650.0 2565550.0   -1.7    2.8
167150.0 2565550.0   -1.7    2.8
167650.0 2565550.0   -1.7    2.7
168150.0 2565550.0   -1.7    2.7
168650.0 2565550.0   -1.7    2.7
169150.0 2565550.0   -1.7    2.6
169650.0 2565550.0   -1.7    2.6
170150.0 2565550.0   -1.7    2.6
170650.0 2565550.0   -1.7    2.5
171150.0 2565550.0   -1.7    2.5
171650.0 2565550.0   -1.6    2.4
172150.0 2565550.0   -1.6    2.4
172650.0 2565550.0   -1.6    2.4
173150.0 2565550.0   -1.6    2.4
173650.0 2565550.0   -1.6    2.3
174150.0 2565550.0   -1.6    2.3
174650.0 2565550.0   -1.7    2.3
175150.0 2565550.0   -1.7    2.3
175650.0 2565550.0   -1.7    2.3
176150.0 2565550.0   -1.7    2.3
176650.0 2565550.0   -1.7    2.3
177150.0 2565550.0   -1.7    2.3
177650.0 2565550.0   -1.7    2.3
178150.0 2565550.0   -1.7    2.3
178650.0 2565550.0   -1.8    2.3
179150.0 2565550.0   -1.8    2.3
179650.0 2565550.0   -1.9    2.3
180150.0 2565550.0   -1.9    2.3
180650.0 2565550.0   -2.0    2.3
181150.0 2565550.0   -2.0    2.2
181650.0 2565550.0   -2.1    2.2
182150.0 2565550.0   -2.1    2.2
182650.0 2565550.0   -2.2    2.2
183150.0 2565550.0   -2.3    2.2
183650.0 2565550.0   -2.3    2.2
184150.0 2565550.0   -2.3    2.1
184650.0 2565550.0   -2.3    2.1
185150.0 2565550.0   -2.4    2.1
