 wrfout_d04_2016-06-13_00:00:00 999.00  27.91  21.98  26.47  22.85  28.05  29.06  26.88  29.61  27.45  27.37  27.02 999.00  27.47  26.53  28.84  23.38  27.89  15.66  26.75  11.20  27.93  27.51  29.43  26.86  26.82  30.22  29.41  27.33  27.49  28.96
 wrfout_d04_2016-06-13_01:00:00 999.00  27.60  22.28  26.81  23.15  28.79  29.41  27.07  29.74  27.77  28.90  27.25 999.00  27.54  26.89  29.39  23.71  28.08  15.59  27.23  11.32  27.93  27.70  30.84  27.44  27.74  31.68  30.14  27.83  27.94  29.60
 wrfout_d04_2016-06-13_02:00:00 999.00  27.45  22.76  27.01  23.95  29.14  29.56  27.28  30.12  27.96  29.66  27.69 999.00  27.63  26.95  29.94  23.84  28.71  15.70  27.57  11.32  27.96  27.77  31.22  27.95  28.08  31.19  30.98  28.12  28.27  29.85
 wrfout_d04_2016-06-13_03:00:00 999.00  27.98  22.94  27.39  24.51  29.40  29.96  27.39  30.50  28.11  30.80  28.35 999.00  27.87  27.06  30.39  24.14  28.93  15.60  27.61  11.40  27.93  27.96  32.09  28.50  28.31  30.78  31.25  28.49  28.56  30.09
 wrfout_d04_2016-06-13_04:00:00 999.00  28.16  23.22  27.98  24.75  29.21  30.33  27.42  30.64  28.14  31.80  28.20 999.00  28.04  27.17  31.00  23.50  28.70  15.66  27.88  11.49  27.91  28.25  32.41  28.85  28.67  31.62  31.36  29.16  28.87  30.31
 wrfout_d04_2016-06-13_05:00:00 999.00  28.18  23.63  27.96  25.46  28.95  30.05  27.78  30.61  28.57  31.96  29.17 999.00  28.05  27.15  31.38  23.37  28.97  15.61  28.12  11.30  27.92  28.39  32.47  30.58  30.56  32.96  31.47  29.46  28.95  30.53
 wrfout_d04_2016-06-13_06:00:00 999.00  28.33  23.48  28.62  24.87  28.99  31.18  27.97  30.88  28.74  32.10  29.69 999.00  28.03  27.20  31.70  23.46  29.17  15.64  28.43  11.30  27.94  28.35  32.26  31.32  31.58  33.45  31.56  29.44  28.77  30.38
 wrfout_d04_2016-06-13_07:00:00 999.00  28.29  23.34  27.85  25.03  28.97  30.54  28.04  30.44  28.80  31.09  29.08 999.00  28.28  27.54  31.72  23.23  29.21  15.77  28.24  11.38  27.93  28.39  30.30  31.94  31.45  32.08  31.32  29.13  28.41  30.22
 wrfout_d04_2016-06-13_08:00:00 999.00  28.33  23.14  27.77  24.70  28.96  30.49  27.96  30.53  29.04  29.85  28.31 999.00  28.45  27.81  32.23  23.27  28.70  15.68  29.24  11.23  27.91  28.33  29.41  31.49  31.04  32.45  31.05  28.60  27.97  29.88
 wrfout_d04_2016-06-13_09:00:00 999.00  28.40  23.09  27.88  24.54  29.05  30.62  27.93  30.44  29.11  29.61  28.96 999.00  28.54  27.80  31.43  24.11  28.52  15.73  30.19  10.98  27.91  28.31  28.71  30.98  30.60  32.25  30.74  27.88  27.46  29.48
 wrfout_d04_2016-06-13_10:00:00 999.00  28.42  22.92  27.58  24.12  29.17  30.48  28.01  30.35  28.94  29.19  28.80 999.00  28.54  27.48  30.65  23.32  28.23  15.78  29.39  10.73  27.95  28.14  28.12  30.24  29.70  31.45  30.38  26.95  26.92  29.09
 wrfout_d04_2016-06-13_11:00:00 999.00  28.42  22.74  27.82  23.79  28.95  30.27  28.01  30.28  28.91  28.34  28.62 999.00  28.64  26.38  30.17  21.89  28.05  15.44  29.02  10.50  27.95  27.93  27.70  29.51  29.01  31.13  30.04  26.32  26.70  28.75
 wrfout_d04_2016-06-13_12:00:00 999.00  28.59  22.70  27.73  23.79  28.98  29.99  27.93  30.18  28.95  28.25  28.56 999.00  28.47  26.28  30.06  22.53  27.99  15.29  28.74  10.27  27.92  27.94  27.59  29.02  28.75  30.88  29.77  26.18  26.65  28.57
 wrfout_d04_2016-06-13_13:00:00 999.00  28.47  22.57  27.52  23.70  28.83  29.95  27.95  30.07  28.75  28.25  28.28 999.00  28.28  26.12  29.83  21.74  27.90  15.23  27.97  10.14  27.89  27.93  27.23  28.65  28.45  30.50  29.52  26.11  26.61  28.35
 wrfout_d04_2016-06-13_14:00:00 999.00  28.43  22.58  27.20  23.70  28.72  29.93  27.84  29.88  28.65  28.26  27.97 999.00  28.19  25.87  29.81  21.17  27.82  15.23  27.48   9.97  27.89  27.85  26.81  28.29  28.19  29.86  29.29  26.07  26.55  28.10
 wrfout_d04_2016-06-13_15:00:00 999.00  28.20  22.45  27.42  23.53  28.51  29.54  27.63  29.52  28.61  28.22  27.66 999.00  27.83  25.31  29.67  20.96  27.76  15.24  27.14   9.80  27.85  27.71  26.51  27.91  27.87  29.12  29.05  26.01  26.49  27.86
 wrfout_d04_2016-06-13_16:00:00 999.00  27.82  22.32  26.99  23.27  28.22  29.03  27.55  28.96  28.45  28.14  27.59 999.00  27.91  25.48  29.50  20.80  27.73  15.25  26.75   9.71  27.82  27.61  26.28  27.51  27.59  28.72  28.86  25.92  26.46  27.66
 wrfout_d04_2016-06-13_17:00:00 999.00  27.91  22.08  26.95  23.12  28.00  28.69  27.46  28.46  28.38  28.09  27.64 999.00  27.81  25.50  29.23  21.28  27.68  15.28  26.45   9.75  27.81  27.52  26.04  27.27  27.35  28.46  28.83  25.91  26.41  27.60
 wrfout_d04_2016-06-13_18:00:00 999.00  27.50  21.99  26.63  23.00  27.84  28.28  27.57  28.05  28.10  28.35  27.35 999.00  27.67  25.55  28.83  20.96  27.69  15.31  25.99   9.79  27.78  27.50  25.84  26.80  26.86  27.97  28.69  25.92  26.37  27.44
 wrfout_d04_2016-06-13_19:00:00 999.00  27.06  21.78  26.38  22.70  27.47  28.54  27.33  27.76  28.07  28.29  26.99 999.00  27.53  25.44  28.45  20.45  27.68  15.30  25.87   9.84  27.78  27.43  25.74  26.52  26.57  27.55  28.68  25.90  26.35  27.30
 wrfout_d04_2016-06-13_20:00:00 999.00  27.24  21.87  26.78  22.75  27.42  27.89  27.33  27.64  28.16  27.69  27.21 999.00  27.47  25.30  28.19  20.26  27.69  15.27  25.83   9.96  27.77  27.37  25.59  26.21  26.26  27.26  28.51  25.89  26.34  27.15
 wrfout_d04_2016-06-13_21:00:00 999.00  27.20  21.89  26.97  22.81  27.15  27.01  27.39  27.33  28.42  27.16  27.36 999.00  27.34  25.10  28.13  20.18  27.61  15.17  25.86   9.97  27.77  27.29  25.49  26.05  26.00  27.07  28.50  25.90  26.35  27.16
 wrfout_d04_2016-06-13_22:00:00 999.00  27.56  22.33  26.98  23.33  27.00  28.82  27.30  28.00  28.24  27.89  28.12 999.00  27.60  26.10  28.35  21.99  27.81  15.62  26.15  10.29  27.79  27.39  27.50  27.36  27.21  28.10  28.81  26.11  26.57  27.45
 wrfout_d04_2016-06-13_23:00:00 999.00  28.45  23.09  27.45  24.01  27.74  29.21  27.37  29.19  28.31  28.12  28.88 999.00  28.13  27.08  28.94  22.72  28.36  16.41  27.64  10.81  27.80  27.82  28.67  28.73  28.69  29.40  29.60  26.62  26.99  28.15
