 wrfout_d04_2016-06-23_00:00:00 999.00  27.52  25.68  30.13  26.51  30.58  30.67  29.04  30.57  30.18  30.44  30.70 999.00  30.76  30.24  30.34  26.47  29.46  19.46  29.08  13.99  28.90  29.15  28.96  30.79  30.61  29.96  31.17  29.08  29.43  30.65
 wrfout_d04_2016-06-23_01:00:00 999.00  28.12  26.71  31.39  28.10  32.14  32.09  29.95  32.35  31.38  32.47  32.06 999.00  30.98  31.81  31.12  27.90  30.42  21.07  30.10  15.14  28.93  29.28  29.79  31.14  31.34  30.91  31.80  29.53  29.81  31.49
 wrfout_d04_2016-06-23_02:00:00 999.00  28.18  26.86  31.62  29.21  32.76  33.72  30.23  33.86  31.94  32.99  32.42 999.00  31.78  32.62  31.56  27.89  30.88  21.03  31.17  15.64  28.99  29.54  30.09  32.65  31.63  31.37  32.48  29.97  30.23  32.22
 wrfout_d04_2016-06-23_03:00:00 999.00  28.14  28.24  31.93  30.00  32.40  34.62  30.41  34.66  32.22  33.49  32.73 999.00  32.08  33.72  31.89  27.97  31.22  20.17  32.26  15.07  29.03  29.53  30.26  33.43  32.23  31.62  32.99  30.34  30.56  32.77
 wrfout_d04_2016-06-23_04:00:00 999.00  28.09  28.57  31.86  30.50  32.07  35.51  30.53  35.81  32.50  33.77  32.86 999.00  32.18  33.12  32.03  29.81  31.42  19.62  32.70  13.17  29.05  29.50  30.32  33.89  33.03  31.83  33.24  30.54  30.74  33.04
 wrfout_d04_2016-06-23_05:00:00 999.00  28.09  28.48  31.88  30.65  32.07  33.67  30.64  35.61  32.64  33.73  32.98 999.00  32.22  33.17  32.06  28.79  31.47  21.04  32.67  13.32  29.08  29.49  30.40  33.93  33.28  31.91  33.20  30.55  30.76  33.12
 wrfout_d04_2016-06-23_06:00:00 999.00  28.12  28.04  31.64  30.42  31.68  34.58  30.58  35.10  32.42  33.63  32.60 999.00  32.13  33.96  31.92  26.74  31.34  18.39  32.29  13.95  29.04  29.43  30.34  33.87  33.17  31.86  33.11  30.39  30.63  33.03
 wrfout_d04_2016-06-23_07:00:00 999.00  28.16  27.31  31.48  29.60  31.76  34.09  30.25  35.22  31.98  33.29  32.11 999.00  32.13  33.87  31.76  25.01  31.14  17.74  30.82  12.88  29.02  29.48  30.19  33.52  32.80  31.66  32.90  30.08  30.28  32.78
 wrfout_d04_2016-06-23_08:00:00 999.00  28.13  26.92  31.21  28.63  31.38  34.11  30.06  34.64  30.80  32.97  31.78 999.00  31.75  33.47  31.61  25.76  30.45  16.29  29.63  12.61  28.96  29.34  29.78  32.51  32.21  31.32  32.51  29.61  29.84  32.36
 wrfout_d04_2016-06-23_09:00:00 999.00  28.22  26.26  30.85  27.77  30.73  33.44  29.49  33.29  30.64  32.75  30.94 999.00  31.08  31.74  31.10  26.56  30.16  17.73  29.48  12.92  28.99  29.55  29.31  31.50  31.26  30.83  32.23  28.97  29.21  31.75
 wrfout_d04_2016-06-23_10:00:00 999.00  28.32  25.10  30.05  26.49  29.91  32.20  28.67  31.38  29.94  32.00  30.26 999.00  30.42  30.95  30.47  25.48  29.70  16.62  29.45  11.32  29.04  29.57  28.56  31.24  30.74  30.23  31.87  27.99  28.39  30.76
 wrfout_d04_2016-06-23_11:00:00 999.00  28.25  23.69  28.30  24.53  28.92  31.79  28.01  31.19  29.22  30.59  29.20 999.00  29.93  30.27  29.98  23.41  29.18  15.03  28.88   9.57  29.03  29.54  27.82  30.53  30.04  29.62  31.30  26.03  26.54  29.90
 wrfout_d04_2016-06-23_12:00:00 999.00  28.20  23.48  28.16  23.99  28.83  30.91  28.02  30.05  28.97  29.95  29.05 999.00  29.46  29.50  29.69  23.43  28.87  14.01  28.81   8.73  29.05  29.47  27.52  29.94  29.76  29.24  31.04  25.46  26.29  29.58
 wrfout_d04_2016-06-23_13:00:00 999.00  28.21  23.37  27.93  23.64  28.63  30.32  27.83  29.88  28.91  29.43  29.02 999.00  29.37  29.04  29.44  22.39  28.72  14.00  28.50   8.57  29.08  29.38  27.30  29.85  29.64  28.91  30.85  25.40  26.14  29.26
 wrfout_d04_2016-06-23_14:00:00 999.00  28.26  23.21  27.50  23.42  28.60  30.08  27.91  29.68  28.49  29.21  28.73 999.00  29.15  28.62  29.18  22.09  28.59  13.87  27.96   8.34  29.07  29.33  27.05  29.57  29.34  28.67  30.44  25.21  26.16  28.98
 wrfout_d04_2016-06-23_15:00:00 999.00  28.21  23.13  27.10  23.06  28.33  29.57  27.56  28.74  28.25  28.84  28.52 999.00  28.79  28.20  28.94  21.83  28.50  13.58  28.06   8.97  29.06  29.24  26.82  29.26  29.06  28.38  29.97  24.97  25.82  28.73
 wrfout_d04_2016-06-23_16:00:00 999.00  28.18  22.85  26.87  22.81  28.03  28.74  27.56  28.42  28.03  28.34  28.36 999.00  28.56  27.97  28.67  21.64  28.44  13.39  27.41   7.83  29.12  29.12  26.60  28.90  28.88  28.14  29.63  24.70  25.64  28.39
 wrfout_d04_2016-06-23_17:00:00 999.00  28.14  22.63  26.43  22.56  27.95  28.64  27.40  28.62  27.89  27.97  28.11 999.00  28.29  27.71  28.47  21.36  28.50  13.26  27.31   7.45  29.06  28.95  26.46  28.42  28.62  28.06  29.55  24.69  25.27  28.29
 wrfout_d04_2016-06-23_18:00:00 999.00  28.14  22.55  26.22  22.41  27.68  28.46  27.38  28.40  27.65  27.82  27.98 999.00  28.23  27.57  28.29  21.11  28.49  13.11  27.06   7.16  28.99  28.59  26.35  28.00  28.35  27.94  29.42  24.46  25.11  28.07
 wrfout_d04_2016-06-23_19:00:00 999.00  28.14  22.53  26.05  22.29  27.54  28.26  27.32  28.13  27.52  27.74  27.90 999.00  28.12  27.41  28.14  20.87  28.49  12.90  26.72   6.93  28.95  28.11  26.24  27.56  27.94  27.80  29.38  24.18  25.02  27.92
 wrfout_d04_2016-06-23_20:00:00 999.00  28.06  22.37  25.80  22.03  27.27  27.99  27.21  27.72  27.27  27.64  27.69 999.00  28.13  27.48  27.98  20.72  28.39  12.69  26.49   6.74  28.98  27.87  26.15  27.01  27.53  27.65  29.25  24.07  24.91  27.71
 wrfout_d04_2016-06-23_21:00:00 999.00  28.00  22.38  25.54  21.88  27.03  27.92  27.15  27.35  27.06  27.46  27.49 999.00  28.06  27.35  27.80  20.60  28.69  12.58  26.35   6.57  28.98  27.66  26.09  26.56  27.10  27.49  29.28  23.99  24.84  27.61
 wrfout_d04_2016-06-23_22:00:00 999.00  28.00  22.97  27.73  23.94  27.74  28.21  28.05  27.93  27.94  27.98  28.47 999.00  28.04  27.40  28.35  23.01  28.75  15.56  26.78  10.22  29.03  27.20  27.16  26.88  27.39  28.02  29.71  26.55  27.34  28.23
 wrfout_d04_2016-06-23_23:00:00 999.00  28.17  23.99  29.10  24.94  29.10  29.21  28.51  29.22  29.29  29.42  29.68 999.00  29.16  28.45  29.59  24.36  29.54  19.21  27.86  13.29  29.05  27.83  28.30  29.02  29.24  29.60  30.62  29.32  28.70  29.64
