 wrfout_d04_2016-06-29_00:00:00 999.00  28.51  25.12  31.14  26.31  29.82  30.21  29.70  29.92  29.87  29.41  29.80 999.00  30.94  30.73  30.52  25.19  30.33  20.14  29.47  13.57  29.59  30.13  29.86  31.21  31.60  31.41  31.91  28.25  29.98  30.53
 wrfout_d04_2016-06-29_01:00:00 999.00  28.42  25.98  30.51  27.08  31.04  31.29  29.92  31.00  30.88  30.75  30.49 999.00  30.77  30.79  30.94  27.28  30.33  21.10  30.16  14.69  28.99  29.87  29.82  31.96  32.16  31.35  32.47  28.85  29.82  30.74
 wrfout_d04_2016-06-29_02:00:00 999.00  28.41  26.38  30.94  27.87  31.45  32.21  30.39  31.81  31.85  31.57  31.03 999.00  31.59  32.36  31.21  28.28  30.77  21.66  31.62  15.24  29.00  29.93  30.06  33.88  33.30  31.44  33.22  29.36  30.39  31.35
 wrfout_d04_2016-06-29_03:00:00 999.00  28.49  26.59  30.88  28.41  31.75  33.14  30.54  32.78  32.23  32.36  31.40 999.00  32.21  33.53  30.97  29.07  31.03  21.88  32.71  15.61  29.02  29.97  30.08  34.91  33.79  31.60  33.61  30.01  30.74  31.90
 wrfout_d04_2016-06-29_04:00:00 999.00  28.53  25.86  30.99  28.55  31.59  33.71  30.52  33.55  32.45  32.68  31.83 999.00  32.23  34.27  31.48  29.30  31.14  21.94  33.51  15.63  29.07  30.00  30.12  34.98  33.87  31.77  33.79  30.81  30.90  32.31
 wrfout_d04_2016-06-29_05:00:00 999.00  28.45  25.90  30.80  28.25  31.63  33.82  30.39  33.92  32.26  32.85  32.13 999.00  32.26  34.74  31.54  29.14  31.21  21.58  34.26  15.26  29.10  29.93  30.23  34.80  33.72  31.78  33.78  30.70  30.91  32.51
 wrfout_d04_2016-06-29_06:00:00 999.00  28.46  25.81  30.59  27.64  31.19  32.56  30.33  33.46  31.91  32.89  31.71 999.00  32.03  34.24  31.46  28.75  31.13  20.97  34.52  14.17  29.08  29.75  30.14  34.36  33.23  31.70  33.51  30.51  30.75  32.50
 wrfout_d04_2016-06-29_07:00:00 999.00  28.46  25.74  30.10  27.24  30.85  32.58  29.88  32.78  31.53  32.51  31.47 999.00  31.78  33.25  31.29  28.39  30.88  19.95  34.03  13.22  29.03  29.68  29.90  33.62  32.62  31.43  33.04  30.13  30.39  32.20
 wrfout_d04_2016-06-29_08:00:00 999.00  28.47  24.97  29.44  26.32  30.50  31.51  29.52  31.82  30.97  31.56  31.01 999.00  31.38  32.30  30.95  27.95  30.47  19.05  32.65  12.58  28.96  29.60  29.50  32.66  31.91  31.05  32.41  29.59  29.91  31.66
 wrfout_d04_2016-06-29_09:00:00 999.00  28.48  24.42  28.81  25.67  30.13  30.66  29.03  31.30  30.40  30.57  30.35 999.00  30.95  31.43  30.53  26.73  29.87  17.91  31.53  12.12  28.92  29.53  29.00  31.89  31.14  30.46  31.88  28.89  29.21  31.09
 wrfout_d04_2016-06-29_10:00:00 999.00  28.51  23.86  28.23  24.99  29.56  30.01  28.43  30.37  29.63  30.10  29.50 999.00  30.39  30.54  29.96  25.53  29.44  17.33  30.43  12.01  28.90  29.40  28.15  30.81  30.31  29.77  31.41  27.97  28.24  30.15
 wrfout_d04_2016-06-29_11:00:00 999.00  28.54  23.45  27.46  24.19  29.27  28.78  28.06  28.35  29.46  29.12  29.29 999.00  30.10  29.73  29.50  23.96  29.03  15.42  29.18  10.04  28.89  29.26  27.36  30.02  29.68  29.17  30.91  25.86  26.29  29.35
 wrfout_d04_2016-06-29_12:00:00 999.00  28.48  23.33  27.36  23.68  29.05  29.08  27.88  28.73  29.29  29.15  28.98 999.00  29.90  29.42  29.10  23.63  28.84  15.04  28.79  11.08  28.86  29.16  27.11  29.64  29.33  28.81  30.69  25.52  25.86  29.03
 wrfout_d04_2016-06-29_13:00:00 999.00  28.49  22.78  27.31  23.54  28.62  29.16  27.81  29.01  28.99  28.94  28.57 999.00  29.71  29.26  28.79  23.48  28.68  14.57  28.39   9.58  28.84  29.05  26.87  29.36  29.05  28.52  30.25  25.08  25.54  28.74
 wrfout_d04_2016-06-29_14:00:00 999.00  28.49  22.58  28.06  23.32  28.14  29.11  27.57  29.09  28.45  28.46  28.48 999.00  29.50  29.09  28.55  22.70  28.52  14.51  28.03   8.78  28.80  28.92  26.71  29.12  28.90  28.18  29.94  24.79  25.31  28.46
 wrfout_d04_2016-06-29_15:00:00 999.00  28.44  22.47  27.88  23.25  27.82  28.77  27.29  28.81  28.07  28.04  28.30 999.00  29.49  28.67  28.34  22.40  28.38  14.16  27.84   8.30  28.75  28.75  26.47  28.95  28.61  27.82  29.66  24.46  25.07  28.15
 wrfout_d04_2016-06-29_16:00:00 999.00  28.41  22.39  26.92  23.17  27.63  28.62  27.33  28.68  28.01  27.69  28.12 999.00  29.27  28.38  28.13  22.11  28.25  13.91  27.67   8.43  28.72  28.55  26.22  28.49  28.30  27.56  29.40  24.57  24.88  27.75
 wrfout_d04_2016-06-29_17:00:00 999.00  28.35  22.32  26.71  23.10  27.50  28.57  27.28  28.49  27.92  27.48  27.99 999.00  28.85  28.13  27.93  22.75  28.21  13.55  27.47   7.69  28.67  28.40  26.04  28.28  27.81  27.36  29.37  24.14  24.71  27.63
 wrfout_d04_2016-06-29_18:00:00 999.00  28.29  21.99  26.46  22.75  27.30  29.10  27.05  28.28  27.84  27.28  27.66 999.00  28.51  27.81  27.74  21.65  28.11  13.18  27.26   7.57  28.65  28.20  25.81  27.61  27.60  27.11  29.33  23.97  24.57  27.29
 wrfout_d04_2016-06-29_19:00:00 999.00  28.25  21.79  26.28  22.63  27.26  28.81  26.96  28.04  27.53  27.12  27.60 999.00  28.23  27.65  27.57  21.49  28.05  13.04  26.96   7.13  28.65  27.93  25.69  27.27  27.00  26.98  29.33  23.83  24.45  27.17
 wrfout_d04_2016-06-29_20:00:00 999.00  28.23  22.00  26.39  22.77  27.19  28.33  26.90  27.81  28.06  26.96  27.37 999.00  27.87  27.30  27.41  21.40  28.01  12.77  26.78   6.92  28.52  27.88  25.57  26.93  26.83  26.81  29.12  23.69  24.40  27.18
 wrfout_d04_2016-06-29_21:00:00 999.00  28.21  22.22  26.32  22.80  27.16  28.11  26.59  27.63  27.80  26.95  27.36 999.00  27.63  27.10  27.21  21.29  27.95  12.39  26.60   6.70  28.54  28.07  25.35  26.60  26.67  26.71  28.81  23.61  24.38  26.91
 wrfout_d04_2016-06-29_22:00:00 999.00  28.20  23.30  27.86  24.40  27.43  28.04  27.63  27.91  27.68  27.17  27.34 999.00  27.71  27.20  27.54  22.65  28.20  14.54  26.65   8.55  28.52  28.38  26.41  27.37  27.80  26.94  29.03  25.02  25.84  27.15
 wrfout_d04_2016-06-29_23:00:00 999.00  28.16  23.82  29.85  25.15  28.33  29.06  28.64  28.77  28.67  27.85  28.05 999.00  28.15  28.00  28.13  25.15  28.92  18.89  27.56  11.99  28.53  28.75  27.47  28.43  28.79  28.09  29.85  27.40  27.85  28.13
