 wrfout_d04_2016-06-27_00:00:00 999.00  28.08  25.86  30.40  27.31  30.45  30.40  29.93  30.58  30.11  29.66  30.10 999.00  30.28  29.55  30.04  25.68  30.38  20.61  28.87  13.68  29.46  28.43  28.64  29.93  30.36  29.26  31.48  28.22  29.25  29.93
 wrfout_d04_2016-06-27_01:00:00 999.00  28.05  26.27  31.71  28.68  31.32  31.90  30.40  32.10  31.56  30.82  30.75 999.00  30.93  31.02  30.90  27.48  30.87  21.80  29.85  15.02  29.40  28.96  29.45  31.40  31.54  30.45  32.13  28.87  29.90  30.84
 wrfout_d04_2016-06-27_02:00:00 999.00  28.24  27.21  32.59  29.57  31.85  33.22  30.88  33.42  32.59  31.99  31.21 999.00  32.01  32.07  31.43  29.27  31.29  22.78  30.88  16.17  29.44  29.03  29.90  32.78  33.00  31.27  32.96  30.18  30.55  31.40
 wrfout_d04_2016-06-27_03:00:00 999.00  28.36  27.55  32.99  29.24  32.82  34.34  31.12  34.31  33.39  32.80  31.53 999.00  32.06  33.67  31.63  30.23  31.72  23.25  31.94  16.67  29.44  29.07  30.17  33.52  33.50  31.74  33.49  30.60  31.04  32.20
 wrfout_d04_2016-06-27_04:00:00 999.00  28.36  26.80  32.69  29.87  33.82  35.21  30.75  35.04  33.68  33.03  31.70 999.00  32.05  34.57  31.82  29.65  32.05  23.17  33.29  16.85  29.50  29.15  30.28  34.20  33.44  31.96  35.15  31.00  31.25  32.46
 wrfout_d04_2016-06-27_05:00:00 999.00  28.32  28.70  32.27  31.17  34.33  35.62  30.48  35.73  33.47  33.32  31.85 999.00  32.02  34.45  31.89  30.01  32.12  22.89  33.03  16.76  29.44  29.22  30.36  34.28  33.14  32.02  36.25  31.23  31.43  32.68
 wrfout_d04_2016-06-27_06:00:00 999.00  28.42  27.91  31.43  30.56  34.37  34.98  30.17  35.51  32.94  33.51  31.82 999.00  31.77  33.91  31.87  30.60  32.03  21.19  32.91  16.28  29.40  29.24  30.53  33.97  33.07  32.64  36.17  31.37  31.29  32.63
 wrfout_d04_2016-06-27_07:00:00 999.00  28.42  27.63  30.92  30.29  34.18  33.46  29.97  34.22  32.28  33.24  31.49 999.00  31.60  32.68  31.68  29.62  31.74  20.08  32.21  15.37  29.34  29.32  30.84  33.74  33.45  32.51  35.87  30.29  30.98  31.86
 wrfout_d04_2016-06-27_08:00:00 999.00  28.44  26.80  30.45  29.28  32.95  32.47  29.78  33.36  31.68  32.87  31.18 999.00  31.19  32.52  31.45  28.22  31.34  20.56  31.74  15.12  29.34  29.46  30.44  33.26  33.68  32.03  35.45  29.89  30.34  31.60
 wrfout_d04_2016-06-27_09:00:00 999.00  28.48  25.83  29.59  27.79  32.08  31.91  29.34  32.63  31.00  32.23  30.48 999.00  30.69  32.00  31.10  26.21  30.94  20.19  31.15  13.83  29.42  29.65  29.75  32.74  33.08  31.69  34.63  30.04  29.61  31.00
 wrfout_d04_2016-06-27_10:00:00 999.00  28.56  24.54  28.62  26.14  30.97  31.06  28.51  31.82  30.38  31.35  29.84 999.00  30.17  31.04  30.68  24.77  30.73  18.17  30.31  12.15  29.56  29.81  29.00  31.65  32.35  31.11  34.04  28.50  28.82  30.48
 wrfout_d04_2016-06-27_11:00:00 999.00  28.58  23.43  27.53  24.30  30.18  30.30  27.83  31.20  29.90  30.17  29.37 999.00  29.81  30.32  30.17  24.42  30.54  16.61  29.17  11.13  29.78  29.62  28.48  30.67  31.19  30.70  33.54  27.91  27.91  30.15
 wrfout_d04_2016-06-27_12:00:00 999.00  28.53  23.19  27.42  24.06  29.65  30.23  27.88  30.94  29.85  29.77  29.27 999.00  29.69  29.96  29.90  23.78  30.45  15.96  29.08  11.33  29.67  29.61  28.19  30.31  30.61  30.30  33.25  27.61  27.63  30.02
 wrfout_d04_2016-06-27_13:00:00 999.00  28.45  23.19  27.29  24.14  29.04  30.28  27.60  30.54  29.68  29.46  29.08 999.00  29.61  29.57  29.61  23.20  29.97  16.83  28.83  11.86  29.83  29.42  28.03  30.06  30.40  29.99  32.78  27.36  27.83  29.82
 wrfout_d04_2016-06-27_14:00:00 999.00  28.44  22.89  27.25  23.76  28.74  30.28  27.31  30.19  29.30  29.08  28.81 999.00  29.56  29.43  29.46  22.90  29.72  16.88  28.46  12.00  30.07  29.22  27.89  29.82  30.21  29.81  32.23  27.23  27.63  29.59
 wrfout_d04_2016-06-27_15:00:00 999.00  28.40  22.80  27.11  23.74  28.52  29.86  27.08  29.98  29.22  28.57  28.66 999.00  29.50  29.28  29.29  22.67  29.89  16.26  28.23  11.96  30.10  29.02  27.68  29.77  30.20  29.53  31.51  26.93  27.56  29.29
 wrfout_d04_2016-06-27_16:00:00 999.00  28.41  22.75  26.91  23.80  28.19  29.51  26.86  29.64  28.96  28.23  28.48 999.00  29.52  29.15  29.15  22.55  30.04  15.08  28.06  11.87  30.07  28.68  27.50  29.51  29.89  29.26  31.09  26.83  27.51  28.91
 wrfout_d04_2016-06-27_17:00:00 999.00  28.47  22.63  26.81  23.61  27.96  29.43  26.71  29.43  28.56  28.06  28.44 999.00  29.50  28.82  29.16  22.42  29.80  14.77  28.09  11.87  29.95  29.26  27.33  29.15  29.91  29.05  31.09  26.69  27.44  28.73
 wrfout_d04_2016-06-27_18:00:00 999.00  28.54  22.50  26.17  23.26  27.90  29.26  26.56  29.17  28.22  27.82  28.46 999.00  29.36  28.54  29.24  22.27  29.70  14.71  27.99  11.97  29.63  29.72  27.24  28.61  30.04  29.00  30.84  26.60  27.16  28.55
 wrfout_d04_2016-06-27_19:00:00 999.00  28.56  22.12  25.96  22.87  27.95  28.64  26.39  28.85  27.82  27.73  28.49 999.00  29.14  28.45  29.03  22.00  29.36  14.70  27.19  11.76  29.55  29.57  27.18  28.25  29.26  28.84  30.80  26.56  27.06  28.70
 wrfout_d04_2016-06-27_20:00:00 999.00  28.64  22.03  25.77  22.71  27.83  28.11  26.04  28.34  27.37  27.66  28.46 999.00  28.87  28.42  28.94  21.64  29.24  14.64  27.27  11.94  29.60  28.73  27.28  28.00  29.08  28.76  30.88  26.09  27.20  28.41
 wrfout_d04_2016-06-27_21:00:00 999.00  28.71  21.83  25.71  22.52  27.43  27.97  25.85  27.98  27.00  27.58  28.41 999.00  28.55  28.28  28.90  21.50  29.26  14.46  27.33  11.96  29.66  29.87  27.38  28.69  29.30  28.82  30.85  26.10  27.31  28.38
 wrfout_d04_2016-06-27_22:00:00 999.00  28.69  24.00  27.50  24.97  27.76  28.30  27.13  28.27  27.20  28.01  28.51 999.00  28.75  28.41  29.28  23.18  29.45  16.90  27.63  12.12  29.67  30.43  28.02  29.94  30.93  29.25  30.87  27.04  28.16  28.82
 wrfout_d04_2016-06-27_23:00:00 999.00  28.38  26.06  28.77  26.32  29.00  29.19  28.93  29.31  28.84  29.33  29.33 999.00  30.15  29.45  29.94  24.20  29.81  19.56  28.61  12.98  29.68  30.47  29.24  32.05  31.67  30.51  31.70  28.79  29.23  29.58
