 wrfout_d04_2016-06-08_00:00:00 999.00  27.10  23.85  27.97  24.85  28.59  29.04  27.13  29.14  28.39  28.79  28.56 999.00  29.46  28.91  29.73  27.46  29.21  17.56  28.45  11.85  28.01  27.86  28.28  29.69  30.08  29.97  30.68  27.84  29.61  30.17
 wrfout_d04_2016-06-08_01:00:00 999.00  27.21  24.90  29.38  26.23  30.12  30.52  28.02  30.41  29.87  29.96  29.59 999.00  30.31  30.09  30.20  27.99  29.78  19.31  29.35  12.88  28.22  28.33  29.00  30.78  30.72  30.54  31.13  28.86  28.75  30.55
 wrfout_d04_2016-06-08_02:00:00 999.00  27.19  25.48  29.70  27.02  30.23  31.60  28.49  31.59  30.55  30.50  30.00 999.00  30.64  31.84  30.63  29.11  30.32  20.04  30.50  13.30  28.32  28.42  29.29  32.22  32.01  30.89  31.63  29.30  29.38  31.19
 wrfout_d04_2016-06-08_03:00:00 999.00  27.15  25.84  30.11  27.82  29.66  32.55  28.86  32.57  31.18  30.73  30.24 999.00  30.82  33.42  31.04  29.91  30.75  20.44  31.63  13.40  28.39  28.35  29.57  33.12  32.57  31.19  32.07  29.56  29.77  31.54
 wrfout_d04_2016-06-08_04:00:00 999.00  27.10  25.21  30.35  28.51  29.75  33.40  28.83  33.59  31.52  30.61  29.33 999.00  30.84  34.03  31.19  30.27  30.95  20.65  32.25  13.55  28.45  28.36  29.75  33.56  32.53  31.37  32.12  29.81  29.93  31.74
 wrfout_d04_2016-06-08_05:00:00 999.00  27.06  25.85  30.06  28.42  29.72  33.70  28.60  33.76  31.56  30.66  27.59 999.00  30.76  33.99  30.74  30.68  30.96  20.89  32.66  13.10  28.49  28.38  29.68  33.53  32.49  31.49  32.06  30.14  29.93  31.88
 wrfout_d04_2016-06-08_06:00:00 999.00  27.07  25.58  29.89  27.74  28.49  32.92  28.41  33.20  31.22  28.86  28.91 999.00  30.51  33.51  30.53  30.51  30.80  20.51  32.26  11.65  28.53  28.49  27.53  33.07  32.18  30.93  31.98  30.91  29.75  31.84
 wrfout_d04_2016-06-08_07:00:00 999.00  27.08  23.23  28.57  25.98  29.10  30.11  27.38  31.73  31.02  28.76  29.43 999.00  30.55  32.42  29.90  29.42  30.63  20.00  31.40  12.03  28.54  28.69  28.67  32.39  31.65  29.90  31.84  31.09  29.42  31.60
 wrfout_d04_2016-06-08_08:00:00 999.00  27.09  23.00  27.42  25.38  29.81  29.69  27.82  28.90  30.47  26.69  28.28 999.00  30.36  32.34  27.15  26.79  30.29  18.35  30.42  12.23  28.55  28.74  28.43  31.66  31.24  29.43  31.56  30.26  28.95  31.14
 wrfout_d04_2016-06-08_09:00:00 999.00  27.18  22.01  28.24  23.49  29.43  29.34  27.57  29.09  29.31  26.00  27.66 999.00  29.17  31.40  27.82  25.76  29.79  16.24  29.86  10.99  28.57  28.81  27.54  31.04  30.68  29.37  31.19  28.88  28.14  30.62
 wrfout_d04_2016-06-08_10:00:00 999.00  27.04  22.34  27.33  23.52  27.98  28.95  27.45  28.83  29.69  27.25  26.58 999.00  28.99  30.66  27.14  24.79  29.16  16.07  28.90  10.78  28.63  28.87  27.32  30.32  30.00  29.61  30.76  27.20  27.22  29.96
 wrfout_d04_2016-06-08_11:00:00 999.00  27.12  21.52  26.75  22.47  27.69  28.45  27.00  28.52  29.09  26.99  26.16 999.00  27.87  29.92  27.64  23.50  28.87  15.26  28.12  10.10  28.67  28.86  27.21  29.82  29.47  29.19  30.39  26.16  26.74  29.52
 wrfout_d04_2016-06-08_12:00:00 999.00  27.23  21.38  26.82  22.43  27.20  28.00  26.33  28.06  28.25  26.59  26.60 999.00  28.19  28.30  27.60  22.75  28.71  15.07  27.95  10.15  28.69  28.79  25.86  29.54  29.22  28.60  30.30  26.25  26.62  29.39
 wrfout_d04_2016-06-08_13:00:00 999.00  27.31  20.88  26.46  21.84  26.90  27.92  25.91  28.06  28.03  26.21  26.56 999.00  28.23  28.19  27.28  22.19  28.51  14.40  27.77   8.88  28.72  28.61  26.06  29.36  29.09  27.54  30.28  25.68  26.42  29.26
 wrfout_d04_2016-06-08_14:00:00 999.00  27.31  20.80  25.40  21.42  26.92  28.04  25.50  28.18  27.67  26.44  26.34 999.00  28.23  28.27  27.45  21.69  28.39  14.10  27.24   8.26  28.72  28.27  25.24  29.15  28.92  27.85  30.00  25.85  26.45  29.08
 wrfout_d04_2016-06-08_15:00:00 999.00  27.29  20.23  25.17  21.28  26.70  27.72  26.15  27.69  27.37  25.99  25.86 999.00  28.21  28.20  27.48  22.04  28.24  13.78  26.81   7.91  28.73  28.37  25.39  28.98  28.80  27.39  29.88  25.57  26.50  28.94
 wrfout_d04_2016-06-08_16:00:00 999.00  27.31  19.98  24.93  21.02  26.09  27.09  25.07  27.33  26.83  25.45  25.90 999.00  27.97  28.07  27.19  20.93  28.05  13.67  26.65   7.67  28.70  26.72  25.64  28.53  28.58  27.50  29.60  25.00  26.36  28.74
 wrfout_d04_2016-06-08_17:00:00 999.00  27.26  19.79  24.59  20.80  25.64  26.68  24.85  28.00  26.51  25.52  26.74 999.00  27.95  27.91  27.04  20.75  27.03  13.99  26.80   7.69  28.56  26.30  25.06  28.04  28.03  27.44  29.82  24.81  26.17  28.38
 wrfout_d04_2016-06-08_18:00:00 999.00  27.18  19.60  24.27  20.51  25.49  26.40  24.66  27.31  26.21  25.55  26.06 999.00  27.95  27.70  26.81  20.46  26.91  14.14  26.68   7.31  28.19  26.79  24.91  27.85  27.92  27.63  29.53  24.49  25.86  28.14
 wrfout_d04_2016-06-08_19:00:00 999.00  27.20  19.39  24.12  20.25  26.02  26.23  24.58  26.95  25.84  25.31  25.42 999.00  27.77  27.36  26.78  21.47  27.16  14.10  26.10   8.86  27.52  27.05  24.84  27.69  27.85  27.53  29.58  24.34  25.58  28.15
 wrfout_d04_2016-06-08_20:00:00 999.00  27.21  19.45  24.03  20.34  25.47  25.92  24.45  26.39  25.51  25.19  25.33 999.00  27.55  27.11  26.64  20.51  27.03  13.43  25.80   7.39  27.88  26.50  24.91  27.58  27.73  27.32  29.43  24.13  25.20  28.02
 wrfout_d04_2016-06-08_21:00:00 999.00  27.23  19.40  23.89  20.25  25.20  25.95  24.19  26.03  24.97  24.87  25.09 999.00  27.39  26.97  26.43  20.36  27.08  14.76  26.21   9.82  28.47  26.46  24.67  27.30  27.33  26.96  26.97  23.97  24.91  28.30
 wrfout_d04_2016-06-08_22:00:00 999.00  27.16  21.94  26.44  23.12  26.35  26.52  25.71  26.54  25.73  25.61  26.58 999.00  27.50  27.40  27.21  21.83  27.33  15.10  25.91  10.03  28.63  26.61  26.12  27.43  27.22  27.04  27.82  25.36  25.44  28.59
 wrfout_d04_2016-06-08_23:00:00 999.00  27.10  23.07  27.66  23.96  28.03  27.89  26.92  28.01  27.41  27.37  27.71 999.00  28.08  28.60  28.41  23.39  27.79  16.64  27.43  11.01  28.56  26.34  27.45  27.29  28.14  27.62  28.81  25.68  26.86  28.95
