 wrfout_d04_2016-06-06_00:00:00 999.00  27.37  22.84  27.56  24.48  28.80  29.04  27.50  28.54  28.65  28.80  28.73 999.00  30.35  29.90  29.38  25.46  29.65  18.51  28.96  12.60  28.47  28.93  28.03  30.66  30.18  29.29  30.78  29.11  29.00  30.37
 wrfout_d04_2016-06-06_01:00:00 999.00  27.32  23.30  28.34  25.33  30.00  29.35  27.83  29.18  29.75  29.82  29.77 999.00  30.75  31.40  30.39  27.08  30.15  19.27  30.35  13.26  28.53  29.00  28.73  32.16  31.50  30.19  31.49  30.82  29.75  31.22
 wrfout_d04_2016-06-06_02:00:00 999.00  27.13  23.74  28.38  26.21  29.89  30.24  27.55  29.88  29.26  30.63  30.47 999.00  30.69  32.22  30.87  28.28  29.34  19.66  31.58  13.58  28.57  28.96  29.04  32.87  32.26  30.69  32.05  31.88  30.33  31.79
 wrfout_d04_2016-06-06_03:00:00 999.00  26.78  24.65  28.60  26.74  28.85  30.46  28.13  30.46  30.20  30.11  30.39 999.00  30.47  31.35  31.08  27.51  29.23  19.94  32.16  13.45  28.59  28.99  28.69  33.39  32.54  30.92  32.36  32.57  30.77  32.23
 wrfout_d04_2016-06-06_04:00:00 999.00  26.12  25.08  28.97  26.86  27.67  31.13  26.50  30.29  29.66  29.22  30.49 999.00  31.08  32.14  31.25  26.16  28.92  19.31  31.11  14.06  28.57  29.00  28.50  33.46  32.53  31.29  32.50  33.28  31.08  32.55
 wrfout_d04_2016-06-06_05:00:00 999.00  25.45  24.73  27.38  26.56  25.24  28.65  26.38  30.16  27.77  27.65  28.45 999.00  30.23  32.49  29.77  25.17  28.73  19.92  31.12  12.46  28.53  28.83  28.66  33.78  32.90  31.40  32.36  33.59  31.17  32.63
 wrfout_d04_2016-06-06_06:00:00 999.00  25.40  23.84  26.62  25.41  25.39  27.64  26.32  27.05  27.42  24.79  26.92 999.00  30.05  31.33  28.64  24.67  28.52  16.54  30.76  10.70  28.48  28.74  28.91  32.65  31.72  31.63  32.46  33.18  31.14  32.37
 wrfout_d04_2016-06-06_07:00:00 999.00  25.16  22.12  26.67  23.02  24.72  25.66  26.36  26.20  27.44  25.41  25.63 999.00  29.16  29.84  28.87  25.14  28.31  16.59  30.09  11.42  28.34  28.80  28.93  32.20  31.10  31.78  32.05  32.59  30.76  32.01
 wrfout_d04_2016-06-06_08:00:00 999.00  25.21  21.84  26.45  22.91  25.03  24.91  26.41  24.40  27.17  25.69  25.36 999.00  28.67  29.17  27.26  22.71  28.35  16.24  30.21  11.32  28.27  28.81  28.82  32.22  31.43  32.16  31.68  31.80  30.14  31.69
 wrfout_d04_2016-06-06_09:00:00 999.00  25.25  21.26  24.72  21.95  24.74  25.22  25.81  25.67  27.01  24.72  25.50 999.00  28.27  28.74  27.64  22.91  28.25  15.78  28.80  11.51  28.28  28.79  29.07  31.06  30.42  32.55  31.33  30.40  29.34  31.11
 wrfout_d04_2016-06-06_10:00:00 999.00  24.84  20.90  24.68  21.81  25.06  25.45  25.43  25.77  26.51  24.93  25.02 999.00  27.93  28.49  27.16  22.66  28.14  15.41  28.80  10.79  28.33  28.81  28.58  30.38  29.81  31.80  30.86  28.46  28.22  30.36
 wrfout_d04_2016-06-06_11:00:00 999.00  24.35  20.81  24.12  21.54  24.75  24.71  25.33  25.03  26.13  24.54  25.11 999.00  27.83  28.19  26.26  22.48  28.05  14.96  28.21  10.41  28.44  28.79  26.71  29.80  29.45  30.85  30.73  27.46  27.64  29.82
 wrfout_d04_2016-06-06_12:00:00 999.00  24.48  20.94  24.37  21.87  24.82  24.56  25.16  24.52  26.36  24.93  25.25 999.00  27.48  26.52  25.81  22.37  28.06  15.03  28.50   9.95  28.52  28.80  26.84  29.68  29.30  29.28  30.58  27.53  27.44  29.75
 wrfout_d04_2016-06-06_13:00:00 999.00  25.43  21.04  24.48  21.92  24.50  25.03  25.22  24.86  26.41  24.77  25.04 999.00  27.75  27.06  25.40  22.13  28.01  15.05  28.22   9.76  28.63  28.81  26.83  29.58  29.30  29.08  30.41  26.96  27.23  29.54
 wrfout_d04_2016-06-06_14:00:00 999.00  25.55  20.99  24.47  21.78  24.66  25.11  25.11  25.12  26.44  24.42  24.94 999.00  27.98  27.55  25.54  21.98  27.98  15.12  27.98   9.59  28.66  28.79  26.46  29.73  29.42  28.99  30.19  26.63  27.29  29.22
 wrfout_d04_2016-06-06_15:00:00 999.00  25.87  20.89  24.40  21.50  24.94  25.31  25.10  25.46  26.21  24.39  24.50 999.00  28.07  27.42  25.41  22.07  28.03  15.13  27.54   9.67  28.63  28.70  26.36  29.74  29.33  28.40  30.03  26.19  27.18  29.06
 wrfout_d04_2016-06-06_16:00:00 999.00  25.92  20.92  24.41  21.54  24.96  25.34  24.97  25.35  25.83  24.58  24.19 999.00  27.96  27.34  25.76  21.98  27.90  14.69  27.53   9.17  28.57  28.87  26.12  29.76  29.21  28.30  29.65  25.87  27.09  28.83
 wrfout_d04_2016-06-06_17:00:00 999.00  25.93  20.91  24.35  21.41  24.95  25.45  25.21  25.34  25.95  24.39  25.00 999.00  27.94  27.38  26.03  21.05  27.72  14.46  27.33   9.60  28.44  28.83  25.47  29.41  29.02  28.29  29.66  24.96  26.91  28.72
 wrfout_d04_2016-06-06_18:00:00 999.00  26.44  20.66  24.53  21.45  24.82  25.56  25.17  25.29  25.88  24.32  24.62 999.00  27.85  27.42  26.19  21.84  27.79  14.20  27.03   9.40  28.44  28.70  26.01  28.98  28.85  28.02  29.57  25.22  26.80  28.46
 wrfout_d04_2016-06-06_19:00:00 999.00  26.45  19.86  24.54  20.61  24.87  25.37  25.24  25.39  25.79  24.31  24.73 999.00  27.74  27.36  26.26  21.78  27.58  14.22  26.83   8.89  28.39  28.71  25.85  28.66  28.91  27.89  29.58  25.15  26.51  28.55
 wrfout_d04_2016-06-06_20:00:00 999.00  26.67  19.60  23.45  20.39  24.44  25.27  25.13  25.31  25.83  24.44  24.37 999.00  27.58  27.27  25.99  21.60  26.73  14.83  26.48   9.18  28.36  28.54  25.19  28.55  28.76  27.56  29.43  24.92  26.32  28.42
 wrfout_d04_2016-06-06_21:00:00 999.00  26.79  19.46  24.17  20.30  24.20  24.93  24.60  26.02  25.60  24.29  24.23 999.00  27.42  27.16  25.77  21.38  27.07  13.95  26.71   9.36  28.32  28.20  24.95  28.50  28.69  27.34  29.45  24.26  26.14  28.39
 wrfout_d04_2016-06-06_22:00:00 999.00  26.90  21.23  25.07  22.58  25.17  25.55  25.88  25.70  26.12  24.79  25.46 999.00  27.66  26.94  26.80  22.17  27.85  15.11  26.51   9.48  28.30  27.87  26.50  28.67  28.65  27.79  29.45  26.41  26.52  28.43
 wrfout_d04_2016-06-06_23:00:00 999.00  26.88  22.46  27.58  24.52  26.57  27.28  26.88  26.89  27.07  26.16  26.47 999.00  27.46  27.95  27.72  24.21  28.61  16.79  27.17  10.90  28.25  28.12  27.42  29.32  29.56  28.99  30.21  27.91  27.67  28.74
