 wrfout_d04_2016-06-22_00:00:00 999.00  27.83  24.89  29.83  25.83  30.15  30.57  28.99  30.50  30.39  30.44  30.49 999.00  30.87  29.43  30.18  26.31  30.08  19.99  29.19  13.89  28.83  29.08  28.88  31.05  30.72  29.89  31.10  28.89  29.16  30.52
 wrfout_d04_2016-06-22_01:00:00 999.00  27.77  26.27  31.11  27.26  31.65  32.01  29.47  32.20  31.28  31.51  31.29 999.00  31.70  31.79  30.57  26.98  30.65  20.76  30.42  14.49  28.83  29.20  29.30  32.13  31.59  30.52  31.79  29.62  29.77  31.48
 wrfout_d04_2016-06-22_02:00:00 999.00  27.68  27.38  31.57  28.56  32.92  33.43  29.89  33.54  31.86  32.18  31.84 999.00  32.14  33.14  30.93  28.89  31.05  20.91  31.69  14.96  28.89  29.22  29.65  32.92  32.41  30.98  32.22  30.05  30.31  32.36
 wrfout_d04_2016-06-22_03:00:00 999.00  27.66  28.02  31.95  29.29  32.87  34.52  30.09  34.65  32.21  32.55  32.24 999.00  32.37  34.20  31.15  29.68  31.27  21.72  31.92  13.46  28.92  29.19  29.83  33.73  33.04  31.25  32.45  30.49  30.69  32.93
 wrfout_d04_2016-06-22_04:00:00 999.00  27.74  28.35  31.99  29.56  32.42  35.42  30.17  34.95  32.36  32.87  32.39 999.00  32.47  35.38  31.29  30.30  31.38  20.38  32.45  12.18  28.89  29.17  29.93  34.20  33.46  31.40  32.54  30.64  30.86  33.18
 wrfout_d04_2016-06-22_05:00:00 999.00  27.69  28.48  31.90  29.69  32.11  35.95  30.30  35.76  32.38  32.97  32.51 999.00  32.54  34.77  31.27  30.57  31.40  19.61  33.19  12.32  28.86  29.13  29.95  34.37  33.56  31.46  32.61  30.65  30.85  33.23
 wrfout_d04_2016-06-22_06:00:00 999.00  27.64  28.24  31.91  29.51  31.81  35.84  30.09  35.62  32.18  33.19  32.60 999.00  32.26  35.13  31.22  29.96  31.30  18.00  32.91  12.93  28.80  29.02  29.90  34.20  33.29  31.37  32.68  30.47  30.64  33.17
 wrfout_d04_2016-06-22_07:00:00 999.00  27.71  27.82  31.64  29.14  31.59  35.34  29.87  35.22  31.93  33.22  32.74 999.00  32.27  34.14  30.93  30.42  31.11  16.72  31.81  11.05  28.73  28.98  29.75  33.74  32.90  31.05  32.51  30.18  30.30  32.87
 wrfout_d04_2016-06-22_08:00:00 999.00  27.74  26.85  31.27  28.10  31.52  34.84  29.50  34.68  30.97  32.49  31.43 999.00  31.44  33.57  30.94  26.52  30.65  17.72  31.18  12.25  28.74  29.11  29.47  33.17  32.37  30.75  32.34  29.03  29.78  32.49
 wrfout_d04_2016-06-22_09:00:00 999.00  27.73  26.07  30.55  27.29  30.87  34.07  28.80  33.56  29.88  31.73  30.86 999.00  31.26  32.87  30.30  26.35  30.42  19.38  30.38  13.75  28.74  29.00  28.91  32.37  31.90  30.49  31.99  28.76  29.12  31.89
 wrfout_d04_2016-06-22_10:00:00 999.00  27.70  25.07  29.81  26.18  30.23  32.75  28.33  31.96  29.68  30.68  30.15 999.00  30.50  31.71  29.53  25.79  29.72  18.17  30.00  12.07  28.72  28.93  28.24  31.21  30.68  29.82  31.43  27.97  28.13  31.17
 wrfout_d04_2016-06-22_11:00:00 999.00  27.68  23.20  27.95  24.01  29.53  31.83  27.56  31.18  29.19  29.53  29.17 999.00  29.87  30.77  29.37  24.25  29.12  15.16  29.25   9.50  28.71  28.90  27.96  30.43  30.01  29.44  30.82  26.71  26.94  30.20
 wrfout_d04_2016-06-22_12:00:00 999.00  27.64  23.32  27.56  23.54  29.33  31.27  27.63  30.74  29.03  28.95  29.09 999.00  29.64  30.18  29.20  23.67  28.87  14.80  28.78   8.84  28.64  28.79  27.59  30.11  29.69  29.34  30.72  26.04  26.60  29.78
 wrfout_d04_2016-06-22_13:00:00 999.00  27.66  23.05  27.33  23.24  29.06  30.75  27.42  30.16  28.95  28.69  28.76 999.00  29.52  29.57  29.08  23.03  28.68  14.56  28.40   8.55  28.55  28.73  27.45  29.89  29.50  28.97  30.53  25.59  25.95  29.35
 wrfout_d04_2016-06-22_14:00:00 999.00  27.71  23.00  27.15  23.05  28.63  30.40  26.78  29.77  28.64  28.62  28.52 999.00  29.31  29.21  28.94  22.68  28.45  14.40  28.10   8.11  28.48  28.83  27.26  29.74  29.38  29.14  30.33  25.18  25.64  28.91
 wrfout_d04_2016-06-22_15:00:00 999.00  27.65  22.23  26.90  22.96  28.32  30.09  26.27  29.50  28.22  28.29  28.41 999.00  28.91  28.90  28.74  22.37  28.25  14.22  27.65   7.61  28.41  28.80  27.09  29.53  29.13  28.97  29.95  24.84  25.40  28.51
 wrfout_d04_2016-06-22_16:00:00 999.00  27.65  22.07  26.45  22.85  28.17  29.75  26.03  29.20  27.91  28.00  28.19 999.00  28.51  28.48  28.47  22.10  28.11  13.98  27.19   7.14  28.55  28.78  26.85  29.23  28.97  28.51  29.56  24.56  25.24  28.17
 wrfout_d04_2016-06-22_17:00:00 999.00  27.61  21.85  25.95  22.69  28.14  29.48  25.85  28.95  27.72  27.82  28.07 999.00  28.20  28.00  28.24  21.85  27.99  13.72  26.98   6.84  28.56  28.83  26.71  28.98  28.83  28.24  29.40  24.32  25.12  28.05
 wrfout_d04_2016-06-22_18:00:00 999.00  27.64  21.56  25.62  22.44  27.72  29.12  25.81  28.71  27.43  27.58  27.94 999.00  27.95  27.60  28.04  21.61  28.09  13.41  26.71   6.59  28.50  28.77  26.39  28.75  28.67  28.12  29.18  24.06  25.02  27.82
 wrfout_d04_2016-06-22_19:00:00 999.00  27.59  21.21  25.44  22.12  27.34  28.59  26.38  28.48  27.20  27.41  27.82 999.00  27.72  27.40  27.91  21.35  28.08  13.13  26.49   6.37  28.50  28.73  26.16  28.61  28.35  27.93  29.09  23.87  25.08  27.71
 wrfout_d04_2016-06-22_20:00:00 999.00  27.51  22.32  25.29  21.99  27.00  28.20  26.48  28.12  26.92  27.32  27.65 999.00  27.56  27.20  27.78  21.13  28.00  12.87  26.26   6.21  28.46  28.45  26.04  27.89  28.01  27.73  28.90  23.73  24.87  27.53
 wrfout_d04_2016-06-22_21:00:00 999.00  27.45  22.46  25.19  22.96  26.77  27.95  26.42  27.85  26.73  27.09  27.47 999.00  27.47  26.92  27.71  20.93  27.85  12.66  26.27   6.09  28.47  28.11  26.00  27.54  27.75  27.55  28.83  23.65  24.94  27.47
 wrfout_d04_2016-06-22_22:00:00 999.00  27.40  23.26  27.52  24.18  27.63  28.41  27.55  28.39  27.51  27.65  28.42 999.00  27.82  27.26  28.19  23.75  28.23  15.79  26.76   9.69  28.51  27.74  27.24  27.71  27.84  27.95  29.26  26.41  27.41  28.08
 wrfout_d04_2016-06-22_23:00:00 999.00  27.47  24.39  28.82  25.29  29.12  29.45  28.44  29.41  29.00  29.07  29.59 999.00  29.23  28.21  29.29  25.85  29.04  18.79  27.74  12.97  28.57  28.44  28.21  29.15  29.17  29.08  30.20  28.01  28.62  29.42
