 wrfout_d04_2016-02-02_00:00:00 999.0  10.5   7.1   2.8   6.6   5.2   0.7   9.1   1.3   5.8   1.9   3.5 999.0   5.6   3.7   5.6   0.7   8.8   5.5   2.8   7.2  13.5  10.3   7.1   2.6   2.7   3.2   1.6   4.4   6.5   6.7
 wrfout_d04_2016-02-02_01:00:00 999.0  10.8   6.9   2.5   6.7   5.3   0.3   8.6   1.4   5.5   1.5   4.0 999.0   5.9   3.5   5.5   1.1   8.8   5.8   2.9   8.0  13.5   9.1   7.6   2.4   2.5   3.7   1.3   4.6   6.3   6.8
 wrfout_d04_2016-02-02_02:00:00 999.0  10.5   6.9   2.6   6.5   5.4   1.0   8.5   1.6   5.7   1.3   3.8 999.0   5.9   3.5   5.5   1.3   8.9   5.4   3.0   8.0  13.5   9.6   8.0   2.6   2.6   4.1   1.1   4.7   5.9   7.5
 wrfout_d04_2016-02-02_03:00:00 999.0  10.5   6.9   2.7   6.4   4.9   1.2   8.4   1.6   5.8   0.9   4.0 999.0   5.7   3.5   5.1   1.7   9.0   5.2   3.0   8.0  13.5  10.3   8.0   2.9   3.0   4.6   1.7   5.1   5.8   6.8
 wrfout_d04_2016-02-02_04:00:00 999.0  10.1   6.5   2.2   5.8   5.1   2.5   8.1   1.7   5.9   1.0   4.1 999.0   5.7   3.1   4.9   0.8   9.0   4.8   2.9   7.7  13.1  10.3   7.8   2.8   3.0   4.6   2.7   4.8   5.7   6.3
 wrfout_d04_2016-02-02_05:00:00 999.0   9.9   6.3   2.3   5.9   5.2   2.7   8.8   2.1   5.6   1.0   3.9 999.0   5.6   3.2   5.0   1.5   9.0   5.1   3.1   7.4  13.3   9.1   7.5   3.0   3.2   4.4   3.0   4.9   5.8   6.4
 wrfout_d04_2016-02-02_06:00:00 999.0   9.3   6.3   2.3   6.4   4.9   2.5   8.7   2.4   5.6   1.1   3.7 999.0   5.5   2.9   5.2   1.4   8.2   4.8   2.8   7.4  13.0  10.3   7.5   2.8   3.0   4.6   3.1   4.8   6.1   6.8
 wrfout_d04_2016-02-02_07:00:00 999.0   9.5   6.2   2.3   6.7   4.7   2.4   8.3   2.6   5.4   1.5   3.6 999.0   5.4   3.0   5.2   0.8   8.1   4.0   2.7   6.6  12.9   9.3   7.2   2.8   2.9   4.6   3.7   4.7   5.9   6.6
 wrfout_d04_2016-02-02_08:00:00 999.0   9.6   5.9   2.1   6.5   4.5   2.5   8.3   3.0   5.3   1.8   4.1 999.0   5.4   3.2   5.0   0.8   8.4   3.4   3.6   5.7  12.9   8.7   6.6   3.1   3.3   4.1   3.0   4.1   5.9   6.4
 wrfout_d04_2016-02-02_09:00:00 999.0   9.5   6.1   2.1   6.6   4.4   2.3   8.3   2.7   5.1   1.5   3.8 999.0   5.3   3.3   4.9   2.1   8.4   3.4   3.3   5.0  13.0   9.1   5.7   2.7   3.1   3.7   2.7   3.7   5.7   6.1
 wrfout_d04_2016-02-02_10:00:00 999.0   9.6   6.4   1.4   6.8   4.7   2.9   8.3   2.6   5.6   1.6   3.9 999.0   5.3   3.1   4.6   0.4   8.3   2.8   2.9   4.7  12.1   9.3   5.6   3.0   3.4   3.5   2.3   3.4   6.1   5.4
 wrfout_d04_2016-02-02_11:00:00 999.0   9.7   6.3   1.2   6.7   4.6   2.7   7.8   2.9   5.7   2.2   4.0 999.0   5.1   3.0   4.5   0.2   8.2   2.6   2.8   4.4  12.7   9.6   5.7   3.0   2.7   3.6   2.4   3.6   6.2   5.5
 wrfout_d04_2016-02-02_12:00:00 999.0   9.3   6.1   1.5   6.6   4.7   2.3   8.1   2.7   5.5   2.1   3.4 999.0   4.9   2.7   4.4   1.3   7.9   2.6   2.8   5.1  12.6   8.7   5.7   2.4   3.2   3.4   2.4   3.8   5.9   5.4
 wrfout_d04_2016-02-02_13:00:00 999.0   9.3   6.1   1.4   6.3   4.7   2.4   8.1   2.3   5.5   1.9   3.0 999.0   4.6   2.5   4.2   1.1   7.7   2.9   2.6   5.2  12.7   8.7   5.4   3.2   3.3   3.5   2.5   3.7   5.5   5.2
 wrfout_d04_2016-02-02_14:00:00 999.0   9.2   6.2   1.4   6.2   4.8   2.6   8.2   2.4   5.7   2.3   3.0 999.0   4.7   2.1   3.7   0.2   7.7   3.0   2.4   5.3  12.4   8.9   5.2   2.5   2.9   3.5   2.3   3.6   5.3   5.0
 wrfout_d04_2016-02-02_15:00:00 999.0   9.2   6.1   1.3   5.9   4.4   2.7   8.2   2.7   5.9   2.2   2.9 999.0   4.7   2.2   3.4   0.1   7.6   3.0   2.1   5.3  11.6  10.0   5.1   2.5   2.7   3.5   2.1   3.4   5.8   4.9
 wrfout_d04_2016-02-02_16:00:00 999.0   9.2   6.0   1.4   5.7   4.4   2.0   8.0   2.4   5.3   1.7   3.0 999.0   4.5   2.4   3.3   0.9   7.6   3.3   1.8   4.9  11.8   9.0   4.7   2.8   3.0   3.5   2.1   3.6   5.5   4.8
 wrfout_d04_2016-02-02_17:00:00 999.0   9.2   5.8   1.5   5.1   4.1   0.9   7.6   2.3   4.5   0.7   2.9 999.0   4.6   2.0   3.2   0.6   7.7   3.6   2.2   5.1  11.1   8.2   4.5   2.6   2.9   3.5   2.0   3.3   5.5   4.8
 wrfout_d04_2016-02-02_18:00:00 999.0   9.6   5.7   1.7   5.1   4.1   0.3   7.7   2.3   4.8   0.5   3.1 999.0   4.6   1.7   3.1   0.8   7.3   3.1   1.8   5.5  11.0   8.1   4.1   2.0   2.6   3.6   1.9   3.6   5.8   4.4
 wrfout_d04_2016-02-02_19:00:00 999.0  10.0   5.8   1.2   5.2   4.1   0.2   7.6   2.2   5.1   1.1   3.4 999.0   4.3   1.7   3.0   0.4   7.1   3.5   1.8   5.5  10.8   8.1   3.9   2.7   3.0   3.5   2.0   3.3   5.3   3.1
 wrfout_d04_2016-02-02_20:00:00 999.0   9.7   5.9   1.0   5.9   4.0   1.0   7.5   2.6   5.2   1.3   3.4 999.0   4.3   1.8   3.0   0.7   7.2   3.3   1.9   5.6  10.8   8.5   3.9   2.5   2.9   3.3   1.7   3.2   5.4   2.6
 wrfout_d04_2016-02-02_21:00:00 999.0   9.2   5.9   1.1   6.4   4.2   1.9   7.2   3.0   5.1   1.9   3.6 999.0   4.3   1.8   3.1   0.4   6.9   3.7   2.2   6.4  10.6   8.2   3.9   2.5   2.8   3.2   1.8   3.5   4.9   3.6
 wrfout_d04_2016-02-02_22:00:00 999.0   8.9   6.0   0.5   6.6   4.3   2.5   7.1   3.4   5.3   2.5   3.7 999.0   4.0   2.1   3.3   0.5   7.1   4.1   2.4   6.4  10.5   8.0   4.0   2.3   2.6   3.5   2.2   3.6   5.0   4.7
 wrfout_d04_2016-02-02_23:00:00 999.0   8.8   5.7   1.2   6.4   4.6   1.8   7.3   2.9   5.4   3.1   3.3 999.0   4.0   1.9   3.1   0.6   7.1   4.4   2.5   6.7  10.5   8.0   4.0   2.3   2.4   3.2   2.1   3.3   5.6   4.1
