 wrfout_d04_2016-12-15_00:00:00 999.0  11.3   6.2   3.4   5.0   5.4   0.4   7.4   1.0   5.4   2.1   3.5 999.0   6.0   4.4   5.5   0.6   8.6   2.0   3.1   6.2  13.3  10.7   6.1   2.9   3.2   4.0   2.1   5.0   6.4   3.5
 wrfout_d04_2016-12-15_01:00:00 999.0  11.5   6.5   3.5   5.3   5.5   0.6   7.7   0.8   5.5   1.4   4.0 999.0   6.3   4.3   5.8   0.5   9.0   3.2   3.1   7.1  13.1  11.8   7.2   3.2   3.4   3.4   2.0   5.2   6.2   4.8
 wrfout_d04_2016-12-15_02:00:00 999.0  10.5   6.3   3.4   5.8   5.5   0.4   7.4   1.5   5.7   0.3   3.9 999.0   6.5   4.2   5.6   0.9   8.6   3.5   3.4   6.0  13.5  11.0   7.8   3.5   3.8   3.7   2.1   6.0   6.9   4.7
 wrfout_d04_2016-12-15_03:00:00 999.0  10.5   6.4   3.6   5.9   5.9   0.2   7.7   1.0   5.8   0.3   3.5 999.0   6.9   4.3   5.6   0.4   8.9   4.1   3.8   7.0  13.1  10.7   7.7   3.2   3.4   4.2   1.9   5.6   6.8   4.4
 wrfout_d04_2016-12-15_04:00:00 999.0  10.1   6.4   3.9   6.3   5.4   0.1   7.6   0.8   5.6   0.4   3.4 999.0   7.2   4.4   5.9   0.9   8.7   4.0   4.1   5.7  13.2  11.4   7.8   4.1   4.4   4.2   2.3   5.3   6.3   4.6
 wrfout_d04_2016-12-15_05:00:00 999.0  10.1   6.2   4.3   6.7   5.8   1.0   7.7   1.0   5.9   1.7   3.2 999.0   7.2   4.6   6.0   2.1   8.7   4.8   4.4   6.2  13.3  11.7   7.5   4.5   4.6   3.6   2.8   5.5   6.7   5.7
 wrfout_d04_2016-12-15_06:00:00 999.0  10.5   5.7   4.4   6.5   5.7   0.9   7.8   1.2   6.0   1.5   3.4 999.0   7.1   4.7   6.3   1.2   8.9   4.3   4.6   6.1  13.4  12.2   7.0   4.6   4.7   3.9   3.1   5.2   6.7   5.6
 wrfout_d04_2016-12-15_07:00:00 999.0  10.6   5.5   4.7   6.3   5.7   0.5   7.8   1.3   5.9   1.4   3.6 999.0   7.1   4.7   6.2   1.9   8.9   3.9   4.6   5.9  13.5  12.4   7.1   4.5   4.6   3.8   3.1   5.2   6.6   6.1
 wrfout_d04_2016-12-15_08:00:00 999.0  10.7   5.5   4.8   6.2   6.0   0.4   8.0   1.2   5.7   1.5   3.8 999.0   7.0   4.8   6.5   2.0   8.6   3.4   4.8   6.0  13.6  12.7   7.4   4.3   4.5   3.9   3.2   5.0   6.7   6.6
 wrfout_d04_2016-12-15_09:00:00 999.0  10.7   5.6   4.7   6.2   6.1   0.6   8.1   1.6   5.4   1.4   3.8 999.0   6.9   4.8   6.5   1.9   8.6   2.8   4.3   6.0  13.6  12.4   7.4   4.4   4.6   4.0   3.5   5.0   6.6   5.7
 wrfout_d04_2016-12-15_10:00:00 999.0  10.7   5.5   4.7   6.2   6.1   1.0   8.2   1.4   5.5   0.8   3.8 999.0   6.8   4.5   6.3   1.8   8.5   3.0   4.7   6.2  14.0  12.6   7.5   5.0   5.4   4.0   3.4   4.5   6.7   6.4
 wrfout_d04_2016-12-15_11:00:00 999.0  10.4   5.6   4.5   6.3   5.9   1.3   8.5   1.5   5.3   1.5   4.0 999.0   6.5   4.4   6.1   2.4   8.5   3.1   4.3   5.8  13.4  13.3   7.2   4.4   4.9   4.2   3.6   5.1   5.9   6.6
 wrfout_d04_2016-12-15_12:00:00 999.0  10.4   5.9   4.3   6.4   6.3   1.1   8.0   1.8   5.4   1.9   4.3 999.0   6.1   4.1   5.8   1.5   8.5   3.3   4.0   5.3  13.4  12.5   7.2   4.7   5.1   4.4   3.6   4.6   6.5   6.4
 wrfout_d04_2016-12-15_13:00:00 999.0  10.4   6.0   4.5   6.7   6.3   2.4   8.6   2.0   5.6   2.5   4.9 999.0   6.1   4.1   5.6   0.4   8.7   3.4   4.0   5.0  13.1  12.1   7.1   4.2   4.5   4.5   3.7   5.4   8.1   5.6
 wrfout_d04_2016-12-15_14:00:00 999.0  10.5   6.0   4.9   6.6   6.2   2.0   8.8   1.8   5.9   2.3   4.7 999.0   6.0   3.7   5.4   0.4   8.6   3.5   3.7   5.1  13.0  11.6   7.1   4.4   4.5   4.6   3.4   5.6   8.0   4.3
 wrfout_d04_2016-12-15_15:00:00 999.0  10.3   6.0   5.1   6.8   6.1   1.7   8.4   2.0   5.9   1.6   4.5 999.0   6.3   3.6   4.9   1.0   8.7   3.3   3.1   5.1  12.9  12.0   7.4   4.1   4.3   4.7   3.1   5.3   7.3   3.6
 wrfout_d04_2016-12-15_16:00:00 999.0  10.3   5.9   5.2   6.8   5.9   1.2   8.5   1.6   6.0   2.2   4.7 999.0   6.5   3.6   4.8   0.7   8.9   3.3   2.8   4.8  13.0  12.7   8.2   3.7   4.1   4.7   2.6   4.5   7.5   3.3
 wrfout_d04_2016-12-15_17:00:00 999.0  10.3   5.7   5.3   6.8   6.0   1.8   8.4   2.0   6.3   2.5   4.9 999.0   6.3   3.8   4.9   0.4   9.0   3.6   2.9   4.7  13.2  12.6   8.1   3.2   3.6   4.2   2.3   4.8   7.2   2.8
 wrfout_d04_2016-12-15_18:00:00 999.0  10.5   5.9   5.7   6.9   6.3   1.3   8.7   1.4   6.1   2.2   4.7 999.0   6.4   3.9   5.0   0.5   9.2   3.3   2.8   4.7  13.5  11.7   8.2   3.3   3.9   3.8   2.2   5.2   8.2   3.2
 wrfout_d04_2016-12-15_19:00:00 999.0  10.6   6.1   5.6   7.2   6.8   1.0   8.8   0.9   5.8   1.3   4.5 999.0   6.5   3.7   5.1   1.0   9.1   3.4   2.7   4.7  13.6  11.7   7.6   3.4   3.6   3.5   2.1   4.9   7.0   3.2
 wrfout_d04_2016-12-15_20:00:00 999.0  10.5   6.0   5.8   7.1   6.1   0.4   8.8   0.7   5.7   1.6   4.5 999.0   6.5   3.7   5.3   0.9   9.2   3.0   2.7   4.4  14.0  11.8   7.4   3.0   3.4   3.7   1.6   4.4   6.9   2.7
 wrfout_d04_2016-12-15_21:00:00 999.0  10.2   6.0   5.7   7.1   6.2   0.7   9.0   0.4   5.7   2.1   4.7 999.0   6.5   3.7   5.7   0.5   9.3   3.3   2.6   4.6  14.1  12.0   7.4   3.1   3.4   3.8   2.0   4.6   6.7   3.3
 wrfout_d04_2016-12-15_22:00:00 999.0   9.9   5.7   5.7   6.9   6.0   0.8   9.6   0.1   5.9   2.3   4.7 999.0   6.4   3.6   5.8   0.3   9.5   3.3   2.8   4.6  14.4  12.1   8.0   3.3   3.5   3.7   2.1   4.7   6.6   2.8
 wrfout_d04_2016-12-15_23:00:00 999.0   9.9   5.6   5.5   7.0   6.1   0.8   9.0   0.2   5.8   2.7   4.9 999.0   6.4   3.5   6.0   0.7   9.5   3.6   2.6   4.5  14.6  12.0   8.1   3.1   3.3   3.7   1.9   4.8   6.5   3.2
