 wrfout_d04_2016-01-03_00:00:00 999.0   1.1   0.9   0.9   0.6   0.9   1.1   3.0   0.5   1.0   1.6   0.9 999.0   1.7   1.0   1.5   1.0   2.7   4.3   1.6   5.1   4.4   3.8   0.4   1.3   1.5   1.2   2.0   1.1   2.4   2.8
 wrfout_d04_2016-01-03_01:00:00 999.0   1.9   0.8   2.3   1.3   1.7   1.8   2.5   1.4   1.5   1.0   0.3 999.0   1.5   1.2   1.4   0.4   2.1   4.6   0.3   5.7   3.2   3.6   0.9   1.0   1.5   1.9   2.1   1.2   2.2   3.6
 wrfout_d04_2016-01-03_02:00:00 999.0   4.3   2.3   2.6   2.1   1.7   1.0   3.7   1.1   2.6   0.8   1.1 999.0   1.8   0.2   0.7   0.4   3.6   4.4   1.4   5.4   4.5   2.6   1.7   1.6   1.5   1.0   1.4   1.5   2.7   2.3
 wrfout_d04_2016-01-03_03:00:00 999.0   5.4   2.0   1.9   1.4   0.7   1.9   1.7   1.2   0.5   1.3   1.0 999.0   1.3   1.3   0.7   0.3   3.0   4.4   1.7   5.8   4.1   3.4   1.0   0.8   1.0   1.1   2.7   0.5   2.2   2.7
 wrfout_d04_2016-01-03_04:00:00 999.0   0.8   1.6   1.2   1.8   1.8   0.5   4.2   1.3   1.7   0.7   1.7 999.0   2.3   1.8   1.1   0.7   2.4   4.3   2.5   5.0   6.4   2.5   0.8   1.6   0.9   1.4   1.3   0.7   1.3   2.8
 wrfout_d04_2016-01-03_05:00:00 999.0   4.0   1.2   2.0   1.5   1.0   0.6   2.9   1.2   2.5   1.2   0.9 999.0   1.7   1.5   0.3   0.4   2.4   4.0   1.0   4.9   4.4   3.5   1.6   1.3   0.5   1.7   1.5   0.7   1.4   1.0
 wrfout_d04_2016-01-03_06:00:00 999.0   2.7   0.9   1.7   1.0   1.1   0.2   2.3   1.0   1.5   1.7   1.6 999.0   1.3   1.0   0.8   0.5   2.8   4.3   1.9   4.8   5.0   3.9   1.2   1.2   0.9   1.5   1.4   0.7   1.7   2.1
 wrfout_d04_2016-01-03_07:00:00 999.0   3.5   2.1   1.0   2.4   0.3   0.4   2.9   1.3   0.6   0.4   1.7 999.0   1.4   0.3   0.3   0.5   2.2   4.3   1.4   5.1   4.7   3.8   1.3   1.5   1.8   1.8   1.6   1.2   0.5   2.4
 wrfout_d04_2016-01-03_08:00:00 999.0   2.3   2.0   1.1   1.6   0.8   1.8   2.9   1.2   1.5   0.9   1.8 999.0   1.5   0.6   0.7   0.4   2.8   4.4   1.9   4.9   4.7   1.8   0.9   1.0   2.1   2.1   2.0   1.1   0.1   2.1
 wrfout_d04_2016-01-03_09:00:00 999.0   2.8   0.9   0.9   0.1   1.2   0.9   2.9   1.6   0.6   0.7   1.6 999.0   1.1   0.6   0.4   0.5   2.4   4.1   1.7   5.4   3.8   4.6   0.8   1.9   1.9   1.8   1.9   1.1   1.5   2.9
 wrfout_d04_2016-01-03_10:00:00 999.0   4.1   1.7   0.7   2.0   1.1   1.3   2.6   1.2   0.8   0.9   1.0 999.0   1.3   0.7   1.5   0.7   2.7   4.1   2.2   5.3   4.2   4.4   1.1   1.8   1.7   1.0   1.2   0.9   1.3   3.2
 wrfout_d04_2016-01-03_11:00:00 999.0   3.7   0.6   0.6   1.0   0.8   2.3   2.0   1.8   0.4   0.7   1.2 999.0   1.3   1.6   1.0   0.8   2.4   3.7   1.7   5.1   4.4   2.8   1.6   1.5   2.1   1.7   0.7   0.3   1.5   2.8
 wrfout_d04_2016-01-03_12:00:00 999.0   2.7   2.2   0.4   3.2   0.6   2.6   2.4   1.6   0.3   0.5   1.7 999.0   1.2   0.4   1.6   0.9   2.4   3.8   0.9   5.5   3.3   2.3   2.1   1.6   1.5   1.2   1.8   1.5   1.7   3.1
 wrfout_d04_2016-01-03_13:00:00 999.0   3.1   2.2   0.4   2.5   1.0   1.6   1.3   1.4   0.4   0.4   0.9 999.0   1.7   0.6   1.3   1.2   2.2   3.8   1.6   5.1   3.9   4.5   1.0   0.8   1.4   1.6   2.1   1.4   2.5   3.6
 wrfout_d04_2016-01-03_14:00:00 999.0   3.6   1.9   0.4   2.2   1.0   2.7   2.0   1.3   0.3   0.8   1.1 999.0   1.2   0.5   1.6   0.7   2.3   3.8   1.4   4.9   4.6   3.6   0.9   1.6   1.8   1.2   1.2   1.3   2.1   3.6
 wrfout_d04_2016-01-03_15:00:00 999.0   3.1   2.0   1.5   2.2   2.5   2.0   1.9   1.5   0.4   0.6   1.1 999.0   1.6   1.5   1.6   0.9   2.4   3.5   1.6   3.7   3.8   4.1   1.9   1.9   2.0   1.5   1.4   1.0   1.3   3.8
 wrfout_d04_2016-01-03_16:00:00 999.0   2.5   2.3   0.1   2.8   1.2   3.9   1.1   0.9   0.9   1.7   0.9 999.0   1.2   1.4   0.8   0.4   2.4   3.4   1.6   4.5   4.0   3.4   1.4   1.3   1.7   1.4   1.8   0.8   1.4   3.4
 wrfout_d04_2016-01-03_17:00:00 999.0   1.5   2.3   0.7   3.0   2.0   1.9   1.4   0.3   0.5   1.9   1.3 999.0   1.4   1.1   1.4   0.1   2.8   3.3   2.0   4.7   4.5   3.9   0.7   1.8   1.6   1.0   1.4   1.1   1.7   3.4
 wrfout_d04_2016-01-03_18:00:00 999.0   2.4   1.7   0.6   2.2   1.0   1.9   1.9   0.4   0.8   1.7   1.0 999.0   1.9   1.4   0.5   0.3   3.0   2.6   1.6   4.7   4.7   3.9   1.1   1.5   1.5   1.2   1.3   1.4   1.0   3.5
 wrfout_d04_2016-01-03_19:00:00 999.0   2.9   1.6   0.5   1.8   1.3   0.8   1.2   0.7   0.8   0.4   1.5 999.0   1.2   1.4   0.3   0.7   3.1   2.6   1.3   4.8   4.3   3.2   0.5   1.6   1.6   0.9   1.3   1.3   1.3   2.9
 wrfout_d04_2016-01-03_20:00:00 999.0   2.3   1.6   0.4   1.4   0.5   0.7   0.6   0.2   0.2   0.1   1.3 999.0   2.1   0.7   0.3   0.4   2.6   2.8   1.2   5.0   4.8   4.5   1.1   1.2   1.4   0.9   1.4   2.0   0.7   3.2
 wrfout_d04_2016-01-03_21:00:00 999.0   1.9   1.3   0.6   0.9   0.1   1.2   1.0   0.7   0.6   0.4   1.4 999.0   1.8   0.1   0.6   0.4   2.0   2.2   1.4   4.9   3.8   2.7   0.4   1.2   1.3   1.3   1.3   1.5   0.1   2.9
 wrfout_d04_2016-01-03_22:00:00 999.0   1.4   1.7   0.6   1.0   0.3   0.6   0.4   0.3   0.5   1.3   1.0 999.0   1.9   0.4   1.2   0.3   2.1   2.3   1.6   4.9   3.8   3.5   0.6   0.8   1.2   1.4   1.3   1.0   0.6   3.1
 wrfout_d04_2016-01-03_23:00:00 999.0   1.5   1.3   1.0   0.3   0.9   0.1   0.5   0.6   0.3   0.1   0.4 999.0   2.1   0.9   0.7   0.7   2.6   1.9   1.4   4.6   4.1   3.5   1.1   1.4   1.4   1.2   1.3   1.3   0.5   2.8
