 wrfout_d04_2016-11-27_00:00:00 999.0   9.7   5.7   2.7   4.5   5.1   0.6   6.7   1.2   4.7   2.0   3.7 999.0   4.8   3.8   4.8   1.1   7.9   2.1   3.4   3.1  13.4  11.8   7.3   3.9   4.5   3.9   2.7   5.2   7.4   3.5
 wrfout_d04_2016-11-27_01:00:00 999.0   9.5   5.5   2.3   4.0   4.7   0.5   6.0   1.2   4.4   2.6   3.2 999.0   5.5   3.4   5.6   1.3   8.1   0.3   3.4   2.7  14.0  11.7   7.4   3.6   4.2   3.9   2.0   3.7   7.6   3.3
 wrfout_d04_2016-11-27_02:00:00 999.0   9.2   5.6   1.2   4.1   4.2   0.5   6.2   1.7   4.4   2.1   3.4 999.0   4.9   3.4   6.0   1.3   8.3   0.3   3.1   2.4  12.4  11.3   7.2   3.4   3.8   3.8   2.3   4.5   7.8   4.8
 wrfout_d04_2016-11-27_03:00:00 999.0   9.0   5.4   2.8   4.1   4.7   0.6   7.0   1.7   4.4   1.9   3.8 999.0   6.2   3.1   6.2   1.0   8.3   2.2   3.0   2.4  12.4  11.1   7.3   3.2   3.6   3.0   2.7   4.3   7.4   4.8
 wrfout_d04_2016-11-27_04:00:00 999.0  10.0   5.6   2.3   4.4   4.6   0.1   6.3   1.2   4.4   1.8   3.9 999.0   5.9   3.7   6.4   0.7   7.9   0.2   4.4   2.8  12.8  11.9   8.5   2.5   2.8   3.4   0.8   4.9   9.0   4.5
 wrfout_d04_2016-11-27_05:00:00 999.0  10.6   5.3   2.6   3.3   4.6   1.7   7.2   1.4   4.6   2.3   3.9 999.0   5.8   3.4   6.3   1.7   7.9   0.6   2.9   3.0  13.8  12.9   8.5   3.0   3.3   5.2   2.9   4.9   8.8   4.0
 wrfout_d04_2016-11-27_06:00:00 999.0  10.9   5.8   3.7   4.3   5.2   0.5   7.0   0.9   4.6   1.8   4.5 999.0   5.5   3.2   6.4   0.6   8.3   1.3   3.4   3.0  14.4  10.4   8.3   2.8   2.9   3.7   2.2   5.5   8.8   4.1
 wrfout_d04_2016-11-27_07:00:00 999.0  10.6   6.7   3.5   6.0   6.2   1.5   8.3   1.1   4.6   2.1   3.6 999.0   5.9   2.8   6.1   0.6   8.1   0.5   3.5   2.2  14.1   8.4   8.1   2.5   2.8   3.8   1.7   5.1   8.9   4.1
 wrfout_d04_2016-11-27_08:00:00 999.0  11.7   7.0   3.9   6.7   6.0   1.4   8.2   1.5   5.6   1.8   3.1 999.0   6.2   3.5   6.3   0.5   9.0   2.2   3.2   2.5  14.6  10.1   8.0   2.3   2.5   3.0   1.7   5.1   8.7   5.3
 wrfout_d04_2016-11-27_09:00:00 999.0  11.9   6.7   3.5   7.5   6.3   2.3   8.8   2.0   6.5   2.4   3.1 999.0   6.2   3.8   6.1   1.8   8.8   3.1   3.6   2.8  13.9  11.0   7.7   2.7   2.8   2.9   1.9   4.8   6.8   7.3
 wrfout_d04_2016-11-27_10:00:00 999.0  11.9   6.9   3.8   7.6   6.5   1.6   8.1   2.5   7.0   2.3   2.8 999.0   5.9   3.7   6.1   2.1   8.8   2.1   3.1   1.8  13.6   9.5   7.5   2.8   3.0   2.6   2.0   4.1   7.5   7.8
 wrfout_d04_2016-11-27_11:00:00 999.0  11.0   7.0   3.6   8.0   5.8   2.3   9.2   3.0   7.3   2.3   3.2 999.0   6.1   4.5   6.8   1.5   9.3   2.0   3.0   1.8  14.1   9.4   7.8   2.6   3.0   3.0   2.1   4.6   7.5   7.1
 wrfout_d04_2016-11-27_12:00:00 999.0  11.2   6.7   2.8   7.8   5.8   2.0   8.7   2.8   6.7   2.7   2.7 999.0   6.3   4.0   6.6   0.7   8.9   1.8   2.5   0.9  14.5  10.4   7.3   2.6   2.8   3.4   2.0   5.4   8.7   6.8
 wrfout_d04_2016-11-27_13:00:00 999.0  11.6   6.3   2.8   6.7   5.9   2.1   9.2   3.1   7.1   2.8   2.5 999.0   6.5   4.5   5.8   0.5   9.6   2.1   2.3   1.0  14.4  11.3   9.1   2.3   2.6   3.2   2.0   5.4   7.7   7.2
 wrfout_d04_2016-11-27_14:00:00 999.0  10.3   6.7   3.5   6.8   6.7   2.8   9.3   3.4   7.5   2.4   3.1 999.0   6.7   4.4   5.6   1.1   9.5   0.5   2.2   1.3  14.5  11.1   7.7   2.5   2.7   4.2   1.9   6.2   8.0   7.4
 wrfout_d04_2016-11-27_15:00:00 999.0  10.5   6.2   3.6   6.2   6.9   4.0   9.5   3.6   7.4   2.5   2.4 999.0   6.9   3.9   5.5   1.4   9.8   1.2   2.3   0.5  14.9  10.9   7.5   2.3   2.6   3.4   1.8   6.1   7.2   7.9
 wrfout_d04_2016-11-27_16:00:00 999.0  10.1   6.6   3.4   6.5   7.0   3.9   9.8   5.0   7.4   0.5   2.0 999.0   6.5   3.4   5.0   1.0  10.1   0.9   2.0   0.8  14.4   9.9   7.5   2.2   2.6   3.2   1.5   5.5   8.5   9.3
 wrfout_d04_2016-11-27_17:00:00 999.0  10.4   6.9   3.3   7.2   7.2   4.4  10.2   4.7   7.5   1.4   2.4 999.0   6.9   3.4   5.2   0.1  10.2   0.7   2.2   0.9  14.3  10.3   7.2   2.5   2.9   3.5   1.2   5.1   7.3   9.2
 wrfout_d04_2016-11-27_18:00:00 999.0  10.3   6.5   2.6   6.9   7.2   4.2  10.5   4.9   7.7   2.6   2.0 999.0   6.5   3.0   4.8   2.3   9.4   0.6   2.0   1.7  14.4  10.0   6.8   2.4   2.6   3.4   1.5   5.4   8.3   8.1
 wrfout_d04_2016-11-27_19:00:00 999.0  10.5   7.0   2.8   7.3   7.4   4.1   9.9   5.0   7.8   4.9   1.9 999.0   5.8   2.7   4.4   2.1   9.5   0.7   1.7   2.5  15.4   9.4   6.7   2.0   2.2   3.4   1.5   6.1   6.5   7.6
 wrfout_d04_2016-11-27_20:00:00 999.0  10.6   6.7   3.2   7.4   7.3   4.1   9.6   5.5   8.0   3.9   1.4 999.0   6.0   2.8   4.1   1.9   9.9   1.1   1.6   2.8  15.0   9.2   6.8   2.3   2.5   3.3   1.8   5.8   8.4   8.7
 wrfout_d04_2016-11-27_21:00:00 999.0  10.1   6.7   2.9   7.4   6.6   4.8   9.4   5.3   8.1   4.0   3.0 999.0   5.6   2.9   4.4   1.4  10.2   0.5   2.1   3.0  15.0   7.8   6.5   1.5   1.7   3.4   1.5   5.9   8.3   8.8
 wrfout_d04_2016-11-27_22:00:00 999.0  10.3   7.5   1.4   8.0   6.4   5.2   9.4   5.4   8.2   1.2   1.0 999.0   5.8   3.2   4.0   0.9  10.1   0.8   1.5   3.3  14.4   7.9   6.7   2.1   2.2   3.7   1.4   6.2   7.5   8.0
 wrfout_d04_2016-11-27_23:00:00 999.0   9.7   7.6   1.2   7.7   6.6   4.6   9.4   5.8   8.0   1.7   2.0 999.0   5.6   2.7   4.6   0.9   9.9   1.0   2.2   2.8  14.7   7.9   7.3   1.4   1.6   4.6   1.3   5.6   7.7   7.7
