 wrfout_d04_2016-03-09_00:00:00 999.0  11.9   4.1   4.7   5.0   4.5   1.0   7.3   2.2   3.6   0.6   2.5 999.0   1.1   0.4   3.7   0.4   1.2   3.3   0.8   5.0   0.8   2.9   0.5   1.3   1.3   2.2   0.8   1.9   4.4   3.5
 wrfout_d04_2016-03-09_01:00:00 999.0  12.7   5.4   5.8   6.5   4.6   3.6   8.0   2.5   5.8   4.7   7.2 999.0   2.7   1.2   3.5   1.1   1.8   3.5   1.5   5.8   0.7   2.9   4.7   1.3   1.7   2.2   2.1   1.6   4.5   3.8
 wrfout_d04_2016-03-09_02:00:00 999.0  11.9   6.2   5.4   7.4   4.8   3.0   8.7   3.0   6.1   4.7   7.2 999.0   3.5   2.7   3.8   0.9   1.6   3.5   2.1   5.7   1.0   3.9   7.1   2.1   2.3   4.5   2.3   1.4   5.1   4.0
 wrfout_d04_2016-03-09_03:00:00 999.0  11.7   6.1   5.3   7.4   4.8   3.9   9.3   4.6   6.7   5.0   7.0 999.0   4.5   2.0   5.6   1.6   2.7   3.7   2.3   6.2   2.8   5.2   6.9   2.7   2.6   6.4   2.7   2.1   5.6   3.9
 wrfout_d04_2016-03-09_04:00:00 999.0  12.0   6.1   5.5   7.4   5.3   3.9   9.7   4.2   7.0   3.7   7.3 999.0   5.6   3.1   5.8   2.6   4.8   5.7   3.4   5.5   3.9   5.3   7.1   3.4   3.5   6.1   3.1   5.8   5.4   3.9
 wrfout_d04_2016-03-09_05:00:00 999.0  11.9   6.2   5.3   7.5   5.6   4.4   9.4   4.4   7.2   3.6   5.7 999.0   5.8   3.3   5.8   3.4   5.9   6.4   3.1   6.1   8.2   6.5   8.1   3.6   3.2   6.3   3.5   5.4   5.2   3.1
 wrfout_d04_2016-03-09_06:00:00 999.0  12.2   6.4   5.4   7.5   6.2   4.5   9.7   4.2   7.2   3.1   4.6 999.0   5.7   3.2   6.1   3.5   6.7   6.4   3.0   6.3   9.3   7.4   9.2   3.1   2.7   6.2   3.4   5.4   4.5   3.1
 wrfout_d04_2016-03-09_07:00:00 999.0  11.8   6.7   5.5   8.0   6.2   4.8   9.7   4.7   6.5   3.5   5.0 999.0   5.8   3.1   5.6   3.5   6.4   6.5   3.4   6.9   8.3   7.8   9.2   3.3   3.1   7.6   3.5   6.3   3.8   2.7
 wrfout_d04_2016-03-09_08:00:00 999.0  12.5   6.7   4.9   7.8   5.8   4.6   9.9   4.6   7.3   2.4   4.1 999.0   5.6   2.6   5.6   2.2   7.4   5.8   2.5   7.1   8.5   7.8   8.2   3.4   3.2   6.5   3.2   5.9   3.0   1.7
 wrfout_d04_2016-03-09_09:00:00 999.0  12.4   6.9   4.3   8.2   5.4   3.8   9.2   4.6   6.5   2.6   2.6 999.0   5.9   4.5   5.4   2.1   7.4   4.8   2.3   6.8  10.0   7.9   7.9   2.7   2.9   5.8   2.6   5.1   6.0   3.7
 wrfout_d04_2016-03-09_10:00:00 999.0  11.1   6.9   3.0   8.2   4.9   3.7   8.7   4.2   6.2   1.8   2.6 999.0   4.6   3.1   4.8   2.0   6.7   5.5   2.6   7.2   9.6   8.2   7.5   2.4   2.7   5.2   2.6   5.0   5.9   5.1
 wrfout_d04_2016-03-09_11:00:00 999.0  11.1   7.1   3.5   8.3   5.1   3.6   8.8   4.1   6.3   1.7   2.7 999.0   4.9   3.1   4.4   1.3   7.1   5.0   2.5   7.0   9.7   7.7   6.8   2.4   2.6   4.2   2.4   4.4   5.7   5.1
 wrfout_d04_2016-03-09_12:00:00 999.0  10.9   7.2   1.5   8.4   5.0   3.6   8.6   4.1   6.4   0.6   3.2 999.0   4.0   2.2   4.8   0.9   7.2   6.1   2.8   7.5   9.7   6.8   6.5   2.3   2.2   3.7   2.2   4.1   6.8   6.3
 wrfout_d04_2016-03-09_13:00:00 999.0  10.9   7.1   0.3   8.2   5.3   3.0   9.1   3.8   6.4   1.8   1.8 999.0   4.9   2.1   3.9   1.1   6.8   5.2   2.6   7.7   9.4   6.1   6.4   2.0   2.1   3.4   2.3   4.0   5.8   6.3
 wrfout_d04_2016-03-09_14:00:00 999.0  10.1   7.1   0.8   7.9   5.3   3.6   8.7   4.6   6.5   1.5   3.6 999.0   4.5   2.4   3.7   0.1   7.1   4.7   1.6   7.2   8.4   6.9   6.7   1.8   1.5   2.7   2.2   4.3   5.4   6.2
 wrfout_d04_2016-03-09_15:00:00 999.0  10.3   6.9   1.1   7.9   5.2   2.4   8.1   2.8   5.8   1.3   3.1 999.0   4.1   1.9   3.5   0.5   7.5   3.7   2.0   7.3   8.9   4.2   6.5   2.0   1.9   2.6   2.2   4.0   4.9   6.0
 wrfout_d04_2016-03-09_16:00:00 999.0   9.8   6.4   2.1   7.6   4.9   2.8   8.6   3.1   6.0   1.6   3.3 999.0   4.9   2.0   3.1   0.6   7.3   5.3   2.2   7.4   8.9   4.6   5.7   1.6   1.8   2.5   1.8   3.4   5.1   5.6
 wrfout_d04_2016-03-09_17:00:00 999.0  10.2   6.4   2.1   7.5   4.8   2.6   8.7   3.2   5.0   1.3   3.2 999.0   5.0   2.0   2.8   0.1   7.6   3.6   1.9   5.4   8.7   4.7   5.4   2.0   2.2   2.1   1.9   3.0   5.2   5.2
 wrfout_d04_2016-03-09_18:00:00 999.0  11.4   6.3   3.2   7.1   5.3   1.6   9.1   2.8   5.5   1.3   2.7 999.0   5.2   3.1   3.5   1.5   7.4   4.8   1.8   7.0   9.6   6.1   4.5   1.8   2.0   2.3   2.3   2.7   5.0   5.0
 wrfout_d04_2016-03-09_19:00:00 999.0  10.3   6.6   3.4   7.5   5.7   1.7  10.0   2.5   5.0   1.3   3.1 999.0   5.0   2.5   3.4   0.6   8.5   3.4   2.2   6.9  10.5   5.8   4.9   2.2   2.3   2.2   1.5   2.3   4.9   4.6
 wrfout_d04_2016-03-09_20:00:00 999.0  10.7   6.3   3.9   7.5   5.2   0.7   9.7   2.0   5.2   0.8   2.7 999.0   5.8   2.6   3.3   0.5   8.3   4.3   2.2   7.2  11.0   6.3   4.8   2.0   2.1   2.3   2.0   2.0   4.5   4.2
 wrfout_d04_2016-03-09_21:00:00 999.0  11.4   6.5   3.9   7.6   5.5   0.9   9.4   2.1   5.5   1.3   3.0 999.0   5.9   3.3   3.6   0.1   8.7   3.8   2.1   7.5  11.0   7.7   5.0   2.2   2.3   2.7   1.9   2.4   4.7   4.3
 wrfout_d04_2016-03-09_22:00:00 999.0  11.5   6.5   4.3   7.5   5.5   1.0   9.3   1.6   5.5   1.6   2.7 999.0   6.3   3.6   4.5   0.1   8.4   3.7   2.2   7.2  12.1   7.5   4.5   2.3   2.4   2.8   1.7   2.5   4.5   4.4
 wrfout_d04_2016-03-09_23:00:00 999.0  11.2   6.9   4.1   7.9   5.6   1.8   8.9   2.2   5.6   1.6   3.1 999.0   6.0   4.1   4.3   0.8   8.2   4.0   2.5   7.6  12.5   7.2   5.5   2.5   2.7   3.0   1.8   2.6   4.7   4.2
