 wrfout_d04_2016-04-09_00:00:00 999.0   4.2   4.1   1.4   3.3   1.4   1.3   2.0   1.0   1.0   0.7   1.5 999.0   1.3   0.5   1.5   1.2   0.4   4.1   0.9   7.6   0.8   3.4   1.5   0.6   0.9   1.0   1.3   1.4   3.6   2.0
 wrfout_d04_2016-04-09_01:00:00 999.0   3.0   3.8   1.9   3.5   2.3   1.7   3.3   1.1   2.1   1.8   2.1 999.0   1.8   1.1   2.2   1.5   1.6   4.5   0.8   7.1   2.4   2.0   2.2   0.7   0.8   1.3   1.2   1.6   4.2   2.0
 wrfout_d04_2016-04-09_02:00:00 999.0   3.5   4.3   2.1   3.7   3.3   1.8   3.4   2.3   2.3   2.2   2.5 999.0   2.2   1.3   2.5   2.3   1.9   4.8   1.4   6.7   1.9   3.0   2.5   0.8   1.3   1.9   2.1   2.0   4.4   2.6
 wrfout_d04_2016-04-09_03:00:00 999.0   2.8   4.4   2.4   3.9   4.1   2.3   3.5   2.0   2.7   2.6   3.1 999.0   2.3   1.8   2.8   3.0   2.3   4.8   2.0   6.5   2.2   3.4   2.8   2.0   2.4   2.2   2.6   2.5   4.5   2.8
 wrfout_d04_2016-04-09_04:00:00 999.0   3.4   4.4   2.4   4.0   3.1   3.1   3.6   2.0   3.0   3.2   3.5 999.0   2.5   2.3   2.7   3.4   2.5   4.8   2.3   6.6   2.3   3.5   2.7   2.6   2.8   3.3   2.8   3.1   4.3   2.9
 wrfout_d04_2016-04-09_05:00:00 999.0   2.6   4.4   2.4   3.7   2.5   2.1   3.2   1.1   2.8   3.9   3.3 999.0   2.6   2.8   2.4   3.5   2.6   4.9   3.2   6.7   2.5   3.4   3.6   3.0   2.9   3.1   3.0   3.5   4.3   3.0
 wrfout_d04_2016-04-09_06:00:00 999.0   2.2   3.6   2.7   2.9   2.7   1.7   3.2   0.7   2.6   3.7   2.7 999.0   2.6   2.9   2.4   3.6   2.4   4.7   3.3   6.4   2.2   3.7   4.1   3.1   2.8   3.4   3.0   3.7   4.3   3.1
 wrfout_d04_2016-04-09_07:00:00 999.0   2.3   2.8   2.8   2.7   2.4   3.7   3.2   1.5   2.5   3.4   2.6 999.0   2.4   2.7   2.3   3.3   2.0   4.7   3.1   6.2   2.1   3.6   4.7   2.8   2.5   3.5   2.9   3.6   4.1   3.0
 wrfout_d04_2016-04-09_08:00:00 999.0   3.3   2.3   2.5   2.1   2.0   3.8   2.4   1.9   2.2   2.4   2.7 999.0   2.1   2.5   2.1   3.3   1.6   4.5   3.0   6.2   1.7   3.4   4.5   2.4   2.3   3.3   2.7   3.2   3.9   2.8
 wrfout_d04_2016-04-09_09:00:00 999.0   3.2   1.3   2.6   1.5   2.1   2.8   3.1   0.8   2.1   1.7   1.8 999.0   1.6   1.9   1.6   2.8   1.4   3.8   2.8   6.1   1.5   3.1   3.6   2.2   2.0   3.1   2.4   2.5   3.7   2.6
 wrfout_d04_2016-04-09_10:00:00 999.0   3.0   2.3   2.3   1.6   0.8   1.6   2.8   1.7   1.6   1.5   1.7 999.0   1.0   1.6   1.1   1.8   1.0   2.6   2.1   6.4   1.1   2.8   2.7   1.7   1.5   2.8   2.1   1.2   3.0   2.4
 wrfout_d04_2016-04-09_11:00:00 999.0   2.6   1.9   1.6   0.9   1.5   1.6   1.9   1.0   1.5   1.0   1.5 999.0   0.6   1.1   0.6   0.9   0.4   3.5   1.5   7.0   1.1   2.3   2.4   1.2   1.2   2.3   1.6   0.3   3.0   2.4
 wrfout_d04_2016-04-09_12:00:00 999.0   1.0   2.0   1.5   0.7   0.8   1.9   1.3   0.8   1.4   0.9   1.5 999.0   1.0   1.3   1.4   0.1   1.1   3.9   0.9   7.4   1.1   1.6   2.1   0.6   0.5   1.6   1.4   0.2   3.1   2.4
 wrfout_d04_2016-04-09_13:00:00 999.0   1.2   3.3   0.3   1.0   0.7   0.7   1.2   0.7   0.4   0.8   1.9 999.0   1.0   1.2   0.8   0.2   1.1   4.1   0.8   7.5   1.3   0.6   2.5   0.2   0.1   0.8   1.3   0.2   3.2   2.3
 wrfout_d04_2016-04-09_14:00:00 999.0   0.6   3.5   0.7   1.6   0.1   0.6   1.2   0.2   1.0   0.6   1.9 999.0   0.7   0.9   0.4   0.3   1.0   4.2   1.1   7.7   1.5   0.1   2.3   0.2   0.2   0.6   1.2   0.4   3.3   2.0
 wrfout_d04_2016-04-09_15:00:00 999.0   1.4   3.5   1.6   2.2   0.7   0.5   1.3   0.1   0.7   0.6   2.0 999.0   0.8   0.6   0.1   0.3   0.9   4.4   0.9   7.8   1.8   0.3   1.3   0.1   0.1   0.2   1.1   0.8   3.4   1.7
 wrfout_d04_2016-04-09_16:00:00 999.0   1.4   4.4   0.3   2.4   0.8   0.4   0.5   0.3   0.2   0.6   1.9 999.0   0.2   0.6   0.1   0.3   1.2   4.7   0.8   7.9   2.0   0.4   0.8   0.0   0.1   0.1   1.0   1.3   3.4   1.3
 wrfout_d04_2016-04-09_17:00:00 999.0   1.9   4.2   1.2   2.6   0.2   0.3   0.4   0.2   1.0   0.4   1.8 999.0   0.1   0.2   0.4   0.5   1.5   4.9   0.8   7.7   2.2   0.5   0.5   0.0   0.1   0.3   0.8   0.9   3.6   1.0
 wrfout_d04_2016-04-09_18:00:00 999.0   2.6   4.4   1.7   2.6   0.8   0.5   1.5   0.2   1.3   0.4   1.8 999.0   0.1   0.1   0.3   0.6   1.4   4.9   0.4   7.6   2.3   0.9   1.0   0.0   0.1   1.2   0.5   0.7   3.7   0.6
 wrfout_d04_2016-04-09_19:00:00 999.0   2.7   4.8   0.8   3.5   0.4   0.5   0.4   0.8   0.8   0.5   2.7 999.0   0.1   0.3   0.4   0.9   1.1   4.6   0.1   7.3   1.9   1.2   1.1   0.0   0.0   1.0   0.3   0.4   3.6   0.5
 wrfout_d04_2016-04-09_20:00:00 999.0   1.9   4.6   1.7   2.6   0.9   1.1   1.1   1.5   0.4   0.7   1.7 999.0   0.1   0.3   1.0   0.7   0.6   4.6   0.4   6.9   1.6   1.2   0.6   0.1   0.0   0.4   0.2   0.4   4.4   0.6
 wrfout_d04_2016-04-09_21:00:00 999.0   0.9   5.0   2.0   2.7   3.0   0.4   0.7   0.4   0.3   0.9   1.3 999.0   0.2   0.4   0.9   0.6   0.7   4.2   0.0   6.2   1.4   1.4   0.1   0.1   0.1   0.7   0.2   1.4   4.2   0.4
 wrfout_d04_2016-04-09_22:00:00 999.0   2.2   4.1   0.8   2.3   2.6   0.1   0.3   0.3   1.7   0.7   0.8 999.0   0.3   0.3   1.3   0.4   1.0   4.3   0.6   5.9   2.0   0.7   1.6   0.0   0.1   1.4   0.1   1.8   4.0   0.4
 wrfout_d04_2016-04-09_23:00:00 999.0   4.1   4.4   1.1   3.0   1.6   1.2   0.9   0.5   0.4   0.9   1.3 999.0   1.4   0.8   2.3   0.1   1.3   4.2   0.2   5.8   2.1   1.4   2.5   0.4   0.2   1.6   0.5   2.5   4.4   1.0
