 wrfout_d04_2016-12-28_00:00:00 999.0  10.1   8.0   0.7   7.6   6.2   3.1   9.1   3.9   7.0   1.5   3.9 999.0   5.7   2.7   5.1   0.9   9.3   1.2   2.3   3.6  14.0   9.6   7.9   2.2   2.2   3.6   1.9   5.6   8.5   6.7
 wrfout_d04_2016-12-28_01:00:00 999.0   9.7   7.8   0.9   7.6   5.5   3.9   8.8   4.3   6.3   1.4   4.0 999.0   5.4   2.8   5.1   0.6   8.9   0.8   2.6   3.5  14.0   9.7   7.7   2.5   2.8   3.9   2.3   5.2   8.2   5.6
 wrfout_d04_2016-12-28_02:00:00 999.0   9.7   7.6   0.8   7.5   5.5   3.8   8.7   4.1   7.0   1.2   3.6 999.0   5.5   2.7   4.9   0.5   8.8   1.8   2.5   3.9  13.8   8.8   7.3   2.5   2.6   4.1   1.9   5.4   8.4   5.4
 wrfout_d04_2016-12-28_03:00:00 999.0   9.7   7.7   1.0   7.9   5.6   3.6   8.3   3.7   6.9   1.3   3.4 999.0   5.2   2.6   4.8   1.1   8.8   1.7   2.6   3.7  14.1   9.8   7.6   2.5   2.4   3.8   2.4   6.0   8.3   4.9
 wrfout_d04_2016-12-28_04:00:00 999.0   9.2   7.3   0.6   7.7   5.7   3.7   8.0   3.7   6.5   0.6   3.7 999.0   5.4   2.7   5.1   1.7   8.9   1.3   2.7   3.3  13.9  10.6   8.0   2.7   2.8   4.0   2.5   6.2   7.6   5.0
 wrfout_d04_2016-12-28_05:00:00 999.0   9.2   7.2   0.3   7.5   5.2   3.9   7.7   4.0   6.7   0.4   3.6 999.0   5.3   2.7   4.8   1.1   8.8   1.0   2.8   2.7  13.5   9.3   7.9   2.7   3.2   3.7   2.1   5.4   7.7   4.4
 wrfout_d04_2016-12-28_06:00:00 999.0   9.3   7.0   0.5   7.2   5.0   3.9   8.0   3.8   5.9   0.7   3.7 999.0   5.3   2.7   4.7   1.0   8.9   0.7   2.7   2.7  13.2   8.9   7.4   3.3   3.1   4.3   2.3   5.0   7.8   4.6
 wrfout_d04_2016-12-28_07:00:00 999.0   8.9   6.6   0.2   6.9   5.0   3.4   8.0   3.5   6.5   0.9   3.6 999.0   5.2   2.6   4.7   1.2   8.8   1.1   2.5   2.8  12.8   8.8   7.3   2.7   2.8   4.0   2.5   4.3   6.9   4.5
 wrfout_d04_2016-12-28_08:00:00 999.0   8.5   6.9   0.5   7.2   5.0   3.1   7.4   3.6   6.3   0.9   3.8 999.0   5.0   2.5   4.4   0.7   8.5   0.7   2.4   2.5  12.7   8.3   6.9   2.6   2.8   3.2   2.3   4.3   7.4   4.4
 wrfout_d04_2016-12-28_09:00:00 999.0   8.6   6.8   1.4   7.0   4.8   3.1   7.0   3.3   5.8   1.0   3.7 999.0   5.1   2.4   4.1   0.4   8.4   0.2   2.6   2.2  12.8   8.0   6.6   2.8   3.0   3.4   2.1   4.0   6.7   4.1
 wrfout_d04_2016-12-28_10:00:00 999.0   8.3   6.2   1.3   6.4   4.3   2.9   6.6   3.0   5.8   1.3   3.5 999.0   4.8   2.4   4.0   1.2   8.3   0.8   2.5   2.0  12.2   8.3   6.4   2.8   3.0   3.6   2.2   4.1   6.5   4.0
 wrfout_d04_2016-12-28_11:00:00 999.0   8.3   5.7   0.7   5.7   3.8   2.7   6.4   2.6   5.8   1.4   3.4 999.0   4.7   2.6   3.9   1.0   8.3   0.9   2.8   2.2  12.1   9.0   6.3   2.8   3.0   3.0   2.0   4.4   6.0   4.2
 wrfout_d04_2016-12-28_12:00:00 999.0   9.0   5.5   0.5   5.2   3.6   2.6   6.7   2.5   5.7   2.0   3.5 999.0   4.8   2.2   4.0   0.4   8.3   0.9   2.7   2.1  11.9   8.6   6.4   2.8   3.2   3.6   2.5   4.5   6.3   4.0
 wrfout_d04_2016-12-28_13:00:00 999.0   9.1   5.1   0.3   4.6   3.5   2.1   6.6   2.2   5.3   2.8   3.8 999.0   4.5   2.2   3.9   0.5   8.4   0.2   2.5   2.3  12.0   9.3   6.0   3.0   3.1   3.6   2.2   4.5   6.3   3.6
 wrfout_d04_2016-12-28_14:00:00 999.0   9.2   4.8   0.9   4.2   4.2   1.7   6.1   2.1   5.3   2.9   3.7 999.0   4.3   2.4   3.9   0.0   8.2   0.0   2.6   2.4  12.0   9.7   6.1   3.2   3.2   3.7   2.3   4.7   6.3   3.8
 wrfout_d04_2016-12-28_15:00:00 999.0   9.9   4.7   1.5   4.4   5.3   1.3   6.1   1.8   4.9   2.5   3.7 999.0   4.5   2.7   4.3   0.2   8.3   0.3   2.4   2.9  12.3   9.6   6.0   2.6   3.0   3.6   2.4   4.6   6.7   3.7
 wrfout_d04_2016-12-28_16:00:00 999.0  10.7   4.9   2.2   5.0   5.0   0.4   7.4   1.8   5.0   2.2   3.4 999.0   4.9   2.9   4.3   0.2   7.8   0.6   2.7   3.3  12.4   9.7   6.4   2.6   3.1   4.0   1.9   4.1   7.0   3.0
 wrfout_d04_2016-12-28_17:00:00 999.0  10.6   5.3   3.6   6.0   5.5   0.1   7.7   1.2   5.1   2.4   3.8 999.0   5.1   3.4   4.2   0.6   8.1   0.6   2.6   3.2  12.3  10.8   6.5   3.1   3.5   4.0   2.3   3.6   7.3   2.5
 wrfout_d04_2016-12-28_18:00:00 999.0  10.6   5.2   4.1   5.7   6.0   0.3   8.1   1.7   4.9   1.9   4.6 999.0   5.3   3.5   4.2   1.2   8.5   0.9   2.6   3.0  12.2  11.3   6.6   3.2   3.4   4.1   2.7   3.7   6.6   2.6
 wrfout_d04_2016-12-28_19:00:00 999.0  10.3   5.5   4.5   5.7   6.5   0.6   8.3   1.6   5.4   2.2   4.5 999.0   5.3   3.5   5.0   0.8   8.1   1.8   2.9   3.2  12.4  11.1   6.8   3.3   3.4   4.2   2.2   4.0   6.8   3.1
 wrfout_d04_2016-12-28_20:00:00 999.0  10.6   5.8   5.2   6.3   6.4   1.6   7.9   1.2   5.5   2.0   4.5 999.0   5.6   3.7   5.2   0.6   8.3   2.0   3.5   3.3  12.8  11.6   7.2   3.2   3.4   3.8   2.1   4.8   7.3   2.7
 wrfout_d04_2016-12-28_21:00:00 999.0  10.1   6.0   5.2   6.6   6.1   2.2   8.5   1.9   6.4   1.1   4.0 999.0   6.0   3.5   5.5   1.5   8.9   2.8   2.9   3.3  14.2  11.9   7.2   3.5   3.8   4.0   1.9   4.7   7.7   2.5
 wrfout_d04_2016-12-28_22:00:00 999.0  10.4   5.9   4.8   6.5   6.3   2.2   8.8   2.2   6.4   1.6   3.4 999.0   6.3   3.9   5.5   0.5   9.3   3.2   3.2   3.5  14.5  11.7   7.3   4.2   4.1   3.7   2.2   4.8   7.2   2.3
 wrfout_d04_2016-12-28_23:00:00 999.0  10.6   6.2   4.6   6.6   6.3   2.2   8.6   2.3   6.7   1.2   3.0 999.0   6.4   3.7   5.6   0.7   9.3   3.2   3.3   3.8  14.3  12.4   7.4   3.7   3.8   4.1   2.2   4.7   7.2   3.2
