 wrfout_d04_2016-12-06_00:00:00 999.0  11.3   6.9   5.1   7.5   6.6   4.1   9.8   4.1   7.0   2.5   3.4 999.0   7.4   4.6   7.5   0.8   9.8   1.6   3.5   2.8  14.9  12.0   8.6   3.6   3.8   3.3   1.5   4.9   8.8   7.0
 wrfout_d04_2016-12-06_01:00:00 999.0  11.1   7.2   6.1   7.8   7.2   5.7  10.2   5.3   7.8   4.8   3.6 999.0   7.3   4.4   7.4   0.8  10.0   1.2   3.5   3.4  15.0  11.1   9.4   3.7   4.1   4.2   1.3   5.6   8.8   8.3
 wrfout_d04_2016-12-06_02:00:00 999.0  10.9   7.6   6.1   8.0   7.2   6.0  10.3   6.0   8.5   3.9   3.9 999.0   7.8   4.7   7.1   1.4  10.2   1.3   3.5   3.9  14.9   9.8   9.6   3.4   3.5   5.7   1.0   6.1   8.0   8.7
 wrfout_d04_2016-12-06_03:00:00 999.0  10.3   7.6   6.2   8.0   7.7   6.2  10.4   5.4   8.5   3.5   4.0 999.0   7.7   4.9   7.0   2.3  10.3   2.1   3.4   4.4  14.6  10.5   9.6   3.0   3.0   6.0   1.9   6.8   7.9   8.7
 wrfout_d04_2016-12-06_04:00:00 999.0   9.8   7.7   6.1   8.0   7.2   6.3  10.2   5.3   8.4   4.5   4.1 999.0   7.5   4.5   6.6   2.8  10.2   2.0   3.2   4.4  14.6   9.2   9.6   2.5   2.7   6.3   2.3   7.2   7.9   8.7
 wrfout_d04_2016-12-06_05:00:00 999.0   9.2   7.4   5.8   7.6   7.1   6.4  10.6   5.5   8.3   4.5   4.7 999.0   7.4   4.4   6.2   2.5  10.2   2.3   3.4   4.4  14.7  10.5   9.3   2.5   2.6   6.7   2.6   7.6   8.3   8.8
 wrfout_d04_2016-12-06_06:00:00 999.0   8.6   7.2   5.1   7.4   6.4   6.2  10.0   5.4   8.0   4.0   4.4 999.0   7.3   4.3   5.7   2.7  10.0   1.8   3.9   4.0  14.9  10.9   8.7   2.4   2.5   5.5   2.4   6.8   7.8   8.4
 wrfout_d04_2016-12-06_07:00:00 999.0   8.0   6.9   4.1   7.0   5.8   6.1  10.1   5.1   7.8   3.5   3.9 999.0   7.0   3.9   5.6   2.3   9.8   1.3   4.0   3.7  14.6  10.6   8.1   2.9   3.1   5.0   2.3   5.6   7.2   8.5
 wrfout_d04_2016-12-06_08:00:00 999.0   7.8   6.6   2.7   6.6   5.6   6.2   9.3   4.7   7.6   2.7   4.0 999.0   5.9   3.7   5.3   2.0   9.5   0.8   3.5   3.0  14.2   9.8   7.4   3.2   3.4   4.4   2.4   4.7   7.5   7.9
 wrfout_d04_2016-12-06_09:00:00 999.0   7.8   6.4   1.0   6.4   5.8   5.0   8.6   4.6   6.6   3.0   3.6 999.0   5.4   3.2   5.0   2.0   9.2   0.1   4.0   1.8  14.1   9.1   6.9   3.1   3.4   3.6   2.6   4.0   7.1   7.7
 wrfout_d04_2016-12-06_10:00:00 999.0   7.8   6.5   0.7   6.4   5.0   3.6   8.6   4.0   6.8   4.4   2.6 999.0   5.6   3.0   4.4   1.6   8.9   1.5   3.6   2.4  13.4   8.8   6.4   3.2   3.6   3.4   2.3   4.5   7.0   7.1
 wrfout_d04_2016-12-06_11:00:00 999.0   8.2   6.2   0.4   6.3   5.5   4.2   8.3   3.8   6.8   2.8   2.0 999.0   5.5   2.8   4.5   1.2   8.5   1.7   2.8   2.4  12.4   8.7   5.9   2.9   3.1   3.3   2.7   4.3   6.8   6.9
 wrfout_d04_2016-12-06_12:00:00 999.0   8.6   6.6   0.6   6.6   4.9   3.5   8.3   3.4   6.9   1.2   3.2 999.0   5.1   2.5   4.3   1.4   8.2   1.7   2.5   2.5  11.5   7.6   5.5   2.8   3.0   3.5   2.5   4.0   6.8   6.7
 wrfout_d04_2016-12-06_13:00:00 999.0   8.2   6.3   0.4   6.3   4.1   3.5   8.1   4.2   6.8   1.2   3.5 999.0   4.6   2.1   3.9   1.2   8.0   1.5   2.1   2.4  11.1   7.0   5.4   2.4   2.6   3.0   2.4   4.0   6.5   6.3
 wrfout_d04_2016-12-06_14:00:00 999.0   8.1   7.0   1.2   6.5   5.0   4.2   8.0   3.7   6.7   2.5   2.8 999.0   3.9   1.8   3.5   0.8   7.6   1.7   1.7   2.3  10.5   6.2   5.3   2.2   2.4   3.0   2.3   3.5   6.4   5.9
 wrfout_d04_2016-12-06_15:00:00 999.0   7.9   7.1   1.0   6.4   5.3   3.6   7.8   3.9   6.6   2.1   2.8 999.0   3.3   1.7   3.1   0.3   7.5   1.9   1.6   2.3  10.7   5.8   4.8   1.8   2.0   3.3   2.3   4.0   6.0   5.5
 wrfout_d04_2016-12-06_16:00:00 999.0   7.7   6.0   0.3   5.9   5.0   3.6   7.9   4.1   6.4   2.2   2.2 999.0   3.1   1.4   3.1   0.2   7.3   1.8   1.3   2.1  10.8   5.9   4.5   1.5   1.6   3.6   2.3   4.3   5.6   5.8
 wrfout_d04_2016-12-06_17:00:00 999.0   7.5   6.8   0.6   6.3   5.1   4.8   7.8   4.3   6.1   1.8   2.1 999.0   3.0   1.5   3.2   0.2   6.9   1.6   1.3   2.2  11.2   6.3   4.2   1.5   1.6   3.4   1.7   3.4   5.3   5.6
 wrfout_d04_2016-12-06_18:00:00 999.0   6.8   6.3   0.6   5.8   4.4   4.8   7.9   4.5   5.9   1.8   2.5 999.0   3.0   1.3   2.3   0.4   6.8   1.6   0.9   2.3  10.5   5.8   4.0   1.1   1.2   3.3   1.8   3.5   5.6   6.0
 wrfout_d04_2016-12-06_19:00:00 999.0   6.7   6.0   0.4   6.1   4.6   4.3   8.0   4.4   5.4   2.2   2.8 999.0   2.9   1.2   1.9   0.4   6.6   1.4   0.4   2.3  10.4   5.3   3.8   1.0   1.1   3.5   1.8   3.1   5.4   6.3
 wrfout_d04_2016-12-06_20:00:00 999.0   6.6   5.6   0.2   5.8   4.4   5.1   8.0   3.7   5.2   1.6   3.0 999.0   2.8   0.9   1.7   0.3   6.6   1.1   0.5   2.0  10.4   4.2   3.5   0.2   0.4   3.3   1.8   2.9   5.4   6.3
 wrfout_d04_2016-12-06_21:00:00 999.0   6.6   5.7   0.4   5.9   3.8   4.3   7.6   3.4   4.9   1.2   2.8 999.0   2.7   0.8   1.8   0.4   6.7   1.1   0.3   2.0  10.1   3.2   3.8   0.1   0.2   2.9   1.8   2.6   6.0   6.1
 wrfout_d04_2016-12-06_22:00:00 999.0   6.2   5.6   0.4   5.5   3.4   4.4   7.2   3.4   5.0   0.4   2.7 999.0   2.9   0.8   1.8   0.4   6.6   1.0   0.7   1.9  10.2   3.2   3.6   0.3   0.9   3.1   1.7   2.8   5.8   5.8
 wrfout_d04_2016-12-06_23:00:00 999.0   7.0   5.5   0.8   5.5   3.4   4.5   7.3   3.3   4.8   0.6   3.3 999.0   2.9   0.8   2.1   0.4   6.9   0.9   1.3   1.9   9.9   3.9   4.1   0.8   1.4   3.3   1.8   2.7   5.8   4.9
