 wrfout_d04_2016-09-26_00:00:00 999.0   7.0   5.4   3.0   5.3   4.0   3.3   6.5   3.2   5.7   1.0   4.5 999.0   3.9   1.2   5.2   1.1   7.2   2.4   1.7   4.0   9.5   4.3   7.5   1.2   1.0   2.5   1.0   0.9   6.3   1.9
 wrfout_d04_2016-09-26_01:00:00 999.0   7.2   5.7   4.0   5.7   3.9   4.5   8.0   4.2   6.1   1.2   4.4 999.0   4.7   1.1   6.3   1.1   7.2   2.7   1.8   4.5   9.7   4.9   8.6   1.9   1.4   3.5   1.2   1.5   6.7   2.3
 wrfout_d04_2016-09-26_02:00:00 999.0   7.3   5.8   4.6   6.0   4.6   4.7   8.0   4.1   6.7   3.7   4.7 999.0   5.4   1.3   6.6   1.3   6.7   3.4   1.3   5.0  10.7   4.6   8.8   1.8   1.8   4.6   1.9   2.1   7.1   2.6
 wrfout_d04_2016-09-26_03:00:00 999.0   7.5   5.8   5.0   6.2   4.9   5.2   8.1   4.3   7.1   4.9   5.8 999.0   5.9   2.3   7.0   1.9   7.1   3.8   1.3   4.9  10.4   5.2   9.4   2.0   2.2   5.1   2.9   2.4   7.4   3.1
 wrfout_d04_2016-09-26_04:00:00 999.0   7.7   5.7   5.3   6.0   5.3   5.5   8.5   5.2   7.3   5.4   6.5 999.0   6.5   4.2   7.5   1.7   7.7   4.2   1.8   4.9  10.2   6.6   9.6   1.6   1.8   5.7   3.3   3.0   6.8   3.1
 wrfout_d04_2016-09-26_05:00:00 999.0   7.9   5.4   5.4   6.0   5.6   5.7   8.6   5.5   7.4   5.6   6.7 999.0   6.1   4.7   7.4   2.0   7.8   4.2   2.8   4.8  10.7   8.7   9.6   2.1   2.3   5.8   3.5   3.4   7.1   3.2
 wrfout_d04_2016-09-26_06:00:00 999.0   8.2   5.4   5.0   5.9   5.4   5.1   8.0   4.9   7.5   4.8   6.1 999.0   6.4   5.0   7.8   2.4   7.9   3.9   2.9   4.6  10.7   9.9   9.4   2.4   2.8   5.2   3.7   3.1   7.5   3.0
 wrfout_d04_2016-09-26_07:00:00 999.0   8.6   5.6   4.9   5.7   5.5   4.8   7.7   4.8   6.5   4.8   6.9 999.0   6.7   5.3   8.0   2.5   7.9   3.7   2.9   3.6  11.2   9.8   9.1   3.6   3.7   4.0   3.7   2.2   7.4   2.8
 wrfout_d04_2016-09-26_08:00:00 999.0   8.9   5.9   4.6   5.1   5.4   4.1   7.9   3.9   6.3   2.9   5.9 999.0   6.7   4.9   8.0   2.7   8.5   3.2   3.9   3.6  11.3   9.5   8.9   3.8   3.9   3.3   3.5   1.0   7.3   2.5
 wrfout_d04_2016-09-26_09:00:00 999.0   9.3   6.3   3.9   5.4   5.4   3.2   6.8   3.3   6.0   1.3   5.0 999.0   6.8   4.7   6.4   2.2   8.7   2.9   4.1   3.6  11.5  10.1   8.3   3.4   3.6   2.1   3.1   0.3   7.8   2.5
 wrfout_d04_2016-09-26_10:00:00 999.0   9.6   6.5   3.5   5.4   5.3   2.9   6.9   3.1   5.5   0.4   4.9 999.0   6.6   4.8   6.2   2.2   8.7   3.7   3.2   4.4  12.3  10.6   8.8   3.2   3.3   2.0   2.6   0.6   7.8   2.3
 wrfout_d04_2016-09-26_11:00:00 999.0   9.7   7.0   3.5   6.1   5.5   2.2   7.0   2.8   5.2   0.8   4.7 999.0   7.0   4.9   6.1   1.7   8.9   4.5   2.6   5.5  13.5   9.6   8.6   3.0   3.2   2.8   2.8   1.0   8.2   2.1
 wrfout_d04_2016-09-26_12:00:00 999.0  10.0   7.2   3.2   7.0   5.9   1.8   7.5   2.5   5.1   2.5   5.2 999.0   7.0   5.3   6.2   1.3   8.9   4.7   2.8   5.5  13.5  10.9   8.2   2.8   3.0   3.6   2.7   1.1   8.5   1.8
 wrfout_d04_2016-09-26_13:00:00 999.0  10.0   7.0   3.5   6.7   6.0   2.2   7.0   2.4   5.5   3.1   5.2 999.0   7.0   5.6   6.8   0.5   8.7   5.5   3.7   6.4  14.1  10.2   8.2   3.0   3.1   3.4   2.3   1.5   7.7   1.9
 wrfout_d04_2016-09-26_14:00:00 999.0  10.3   7.1   4.2   6.7   6.3   2.7   7.3   2.7   5.4   3.2   5.9 999.0   7.0   5.7   7.2   0.2   8.9   6.3   4.7   7.7  13.6  10.3   8.4   3.3   3.6   3.5   2.1   0.9   7.6   2.3
 wrfout_d04_2016-09-26_15:00:00 999.0  10.4   7.1   4.7   6.6   6.3   2.9   8.0   2.5   6.0   4.0   6.3 999.0   7.1   5.4   7.3   0.5   9.4   7.0   4.9   8.9  14.0  10.8   7.9   3.3   3.4   3.9   2.0   1.0   7.6   3.1
 wrfout_d04_2016-09-26_16:00:00 999.0  10.8   7.2   4.6   6.6   6.5   3.5   8.0   2.8   6.5   4.6   6.9 999.0   7.1   6.0   7.4   0.6   9.4   7.3   4.5   9.4  13.1  12.1   8.5   3.7   3.8   3.6   2.2   1.4   7.3   3.4
 wrfout_d04_2016-09-26_17:00:00 999.0  11.7   7.8   4.5   6.9   7.4   3.8   7.8   3.2   6.3   5.8   8.2 999.0   7.7   6.1   7.4   1.2   9.6   7.3   4.4   9.6  14.1  13.6   9.7   4.3   4.5   0.6   2.9   3.4   5.2   4.1
 wrfout_d04_2016-09-26_18:00:00 999.0  12.3   8.2   4.5   7.3   7.8   4.6   8.2   4.0   6.7   7.5   8.6 999.0   7.7   6.1   8.7   2.6   9.8   7.5   4.4   9.4  14.4  14.1  10.0   5.4   5.5   0.4   3.5   3.7   5.4   4.2
 wrfout_d04_2016-09-26_19:00:00 999.0  13.1   8.8   5.0   7.8   8.7   4.9   8.9   4.9   7.3   7.7   9.2 999.0   8.2   6.9   9.9   2.6   9.3   6.4   4.2   9.8  13.9  13.6  10.9   5.5   5.9   0.1   3.9   4.1   5.9   4.2
 wrfout_d04_2016-09-26_20:00:00 999.0  14.0   9.4   5.5   8.4   9.5   5.6   9.4   5.4   7.4   8.9  10.5 999.0   8.5   7.0  10.5   2.6   9.7   6.3   4.7   9.8  13.8  13.7   9.9   5.7   5.9   1.0   4.3   3.1   6.6   4.9
 wrfout_d04_2016-09-26_21:00:00 999.0  15.3  10.1   6.6   9.3  10.9   6.6  10.2   6.0   8.1   9.8  10.5 999.0   8.7   7.6  11.6   2.8  10.1   6.8   5.3   9.0  14.3  13.9  11.0   6.3   6.7   0.8   4.9   3.6   6.7   5.6
 wrfout_d04_2016-09-26_22:00:00 999.0  15.9  10.8   8.0  10.1  11.5   8.8  11.4   7.1   8.9  10.7  10.6 999.0   9.5   8.0  12.6   3.4  10.5   7.8   5.7   8.5  14.6  14.6  11.5   6.9   7.2   2.4   5.1   3.4   7.9   6.7
 wrfout_d04_2016-09-26_23:00:00 999.0  16.7  11.0   8.1   9.6  12.8   9.4  12.7   8.1   9.8  11.5  10.8 999.0  10.0   8.9  13.5   2.3  10.6   8.7   6.9   8.7  14.7  15.0  11.9   6.8   6.9   2.4   5.6   3.5   9.1   7.0
