 wrfout_d04_2016-03-24_00:00:00 999.0  12.5   6.2   5.3   7.6   5.8   0.8   8.6   1.9   5.5   0.3   4.5 999.0   6.9   4.2   6.7   0.3   9.1   4.1   2.9   5.7  12.8  10.1   8.1   2.8   2.8   3.0   1.0   3.2   6.7   6.7
 wrfout_d04_2016-03-24_01:00:00 999.0  12.1   6.2   5.0   7.5   5.7   1.2   8.8   2.2   6.4   0.7   4.4 999.0   7.1   4.4   6.9   1.1   9.0   4.2   2.6   5.3  12.7  11.7   8.7   2.9   3.1   3.0   1.4   3.7   5.9   6.5
 wrfout_d04_2016-03-24_02:00:00 999.0  11.7   6.3   5.1   7.8   5.8   1.6   9.7   2.5   7.1   0.7   4.1 999.0   6.9   4.3   6.5   1.1   8.8   4.5   2.9   4.5  12.5  11.5   8.6   2.2   2.4   2.9   1.2   3.9   6.4   6.9
 wrfout_d04_2016-03-24_03:00:00 999.0  11.7   6.2   5.2   7.5   5.6   1.4   9.8   2.5   7.0   1.2   3.9 999.0   6.6   4.0   6.4   2.2   8.3   4.2   3.0   4.4  13.0   9.7   8.5   2.6   2.8   3.0   1.6   3.6   6.3   6.8
 wrfout_d04_2016-03-24_04:00:00 999.0  11.5   6.6   5.3   7.7   5.7   1.7  10.2   2.1   7.4   1.4   3.8 999.0   6.5   3.9   6.0   2.1   7.9   3.3   2.6   4.1  12.5  10.2   8.5   2.3   2.6   2.6   2.1   3.1   5.2   6.5
 wrfout_d04_2016-03-24_05:00:00 999.0  11.4   6.4   5.2   7.5   5.7   2.4  10.4   2.5   7.1   1.7   3.6 999.0   6.1   3.6   6.0   2.8   8.4   3.1   2.6   3.8  12.3   9.4   8.5   2.3   2.6   2.8   2.0   3.5   5.5   6.2
 wrfout_d04_2016-03-24_06:00:00 999.0  11.8   6.5   5.1   7.5   5.5   2.3   9.6   2.1   6.1   1.9   3.8 999.0   5.7   3.5   5.8   2.6   8.4   3.4   2.9   3.8  13.5   9.6   8.3   2.4   2.0   2.9   2.1   3.3   5.7   5.6
 wrfout_d04_2016-03-24_07:00:00 999.0  11.2   6.2   4.7   7.2   5.5   2.1   9.5   2.5   6.2   1.6   4.0 999.0   6.0   3.5   5.8   2.1   8.5   3.7   2.8   4.0  12.9   9.2   7.8   2.4   2.5   2.9   1.4   3.2   5.4   5.6
 wrfout_d04_2016-03-24_08:00:00 999.0  11.3   6.2   4.5   7.1   5.4   1.9   9.3   2.3   6.0   1.0   4.2 999.0   5.7   3.4   5.4   1.9   8.8   3.5   3.1   4.0  13.0   9.7   7.3   2.5   2.6   3.0   1.5   3.2   6.1   5.6
 wrfout_d04_2016-03-24_09:00:00 999.0  11.2   6.0   4.4   6.9   5.2   1.4   8.7   1.7   5.6   0.8   4.0 999.0   5.6   3.3   5.3   1.7   8.5   2.9   2.9   4.1  12.5   9.7   7.1   2.7   2.8   2.9   1.5   3.1   5.1   5.9
 wrfout_d04_2016-03-24_10:00:00 999.0  11.0   6.0   4.4   7.0   5.3   1.3   8.6   1.7   5.5   1.0   4.4 999.0   5.2   3.0   5.1   1.3   8.1   2.7   2.6   4.2  11.9   9.7   7.0   2.4   2.5   3.0   1.9   3.2   5.3   6.0
 wrfout_d04_2016-03-24_11:00:00 999.0  10.7   5.8   4.5   6.8   4.8   1.0   8.7   1.8   6.0   1.3   4.5 999.0   5.2   2.7   4.8   0.8   7.8   2.3   2.3   4.3  11.9   9.1   6.8   2.4   2.5   3.1   1.7   3.9   5.4   6.6
 wrfout_d04_2016-03-24_12:00:00 999.0  10.5   5.9   4.1   6.9   4.9   0.9   9.0   1.9   6.1   1.7   4.6 999.0   5.2   2.6   4.8   0.3   7.8   2.2   2.2   4.1  12.2   8.1   6.7   2.1   2.2   3.4   1.9   3.4   5.4   6.1
 wrfout_d04_2016-03-24_13:00:00 999.0  10.2   5.9   3.9   7.0   4.7   0.8   8.5   1.5   5.7   2.0   4.7 999.0   5.2   2.6   4.7   0.6   8.1   1.9   2.4   3.8  11.8   8.2   6.7   2.2   2.3   3.3   1.5   3.3   5.4   6.0
 wrfout_d04_2016-03-24_14:00:00 999.0  10.1   6.2   2.8   7.3   4.9   1.3   8.6   1.5   5.2   2.3   4.8 999.0   5.1   3.2   4.6   1.1   8.4   1.9   2.2   3.6  11.6   8.8   6.5   2.4   2.5   3.2   1.7   3.6   5.7   6.2
 wrfout_d04_2016-03-24_15:00:00 999.0   9.9   6.4   2.7   7.4   4.8   1.6   8.8   2.2   5.3   2.3   4.9 999.0   4.9   3.0   4.5   1.4   8.5   1.9   2.4   3.5  11.7   9.5   6.4   2.3   2.5   3.3   1.7   3.3   5.3   5.8
 wrfout_d04_2016-03-24_16:00:00 999.0  10.4   6.1   3.0   6.9   4.9   0.5   7.8   1.1   4.9   2.6   4.9 999.0   5.0   3.4   4.2   1.5   8.3   1.8   2.6   3.6  12.1  10.8   6.2   2.6   2.7   3.4   1.9   3.1   5.2   6.0
 wrfout_d04_2016-03-24_17:00:00 999.0  10.5   6.1   3.2   5.8   5.0   1.3   8.5   0.7   4.8   2.5   5.0 999.0   4.9   3.5   4.2   0.9   8.3   2.3   2.6   3.7  12.3  11.3   6.0   2.7   2.8   3.4   1.9   3.0   4.9   5.8
 wrfout_d04_2016-03-24_18:00:00 999.0  10.3   6.3   3.1   5.7   5.2   1.9   8.1   0.0   4.4   2.5   5.1 999.0   4.8   3.6   4.1   0.1   7.7   3.0   2.6   4.2  12.1  11.2   5.8   2.7   3.1   3.4   1.9   2.9   4.8   5.6
 wrfout_d04_2016-03-24_19:00:00 999.0   9.7   5.9   3.2   4.2   4.9   1.6   7.9   0.1   4.1   2.7   5.0 999.0   4.8   3.3   4.2   0.4   7.4   3.2   2.5   4.7  12.1  11.6   5.6   2.6   2.9   3.2   1.7   3.0   4.6   5.7
 wrfout_d04_2016-03-24_20:00:00 999.0   9.4   5.8   3.3   4.1   5.0   1.4   8.0   0.4   4.1   2.7   4.6 999.0   4.7   3.3   4.4   0.7   7.3   3.6   2.6   5.0  11.8  10.6   5.4   2.6   2.8   3.5   1.7   2.8   5.2   5.5
 wrfout_d04_2016-03-24_21:00:00 999.0   9.4   5.9   3.3   4.0   5.1   1.5   7.5   0.6   4.1   2.6   4.7 999.0   4.6   2.9   4.3   1.4   7.1   4.3   2.5   5.4  11.5  10.2   4.7   2.5   2.8   3.5   2.0   2.4   5.1   4.9
 wrfout_d04_2016-03-24_22:00:00 999.0   9.1   6.0   2.9   4.0   5.1   1.5   7.2   0.7   3.9   2.6   5.0 999.0   4.4   2.9   4.2   1.5   7.0   4.8   2.2   5.8  11.4  10.0   4.3   2.3   2.5   3.4   2.1   2.4   4.9   3.4
 wrfout_d04_2016-03-24_23:00:00 999.0   8.8   5.7   2.5   3.7   4.9   1.5   6.9   0.7   3.9   2.5   4.8 999.0   4.2   2.6   4.1   0.3   7.0   4.8   2.0   6.0  11.3   9.5   4.3   2.1   2.2   3.5   1.8   2.5   5.0   4.1
