 wrfout_d04_2016-02-05_00:00:00 999.0   9.2   5.3   4.0   6.4   4.9   1.1   7.3   0.7   5.4   2.0   4.0 999.0   5.3   3.7   6.6   1.1   7.5   4.3   4.5   6.8  12.4  11.5   7.5   4.5   5.1   2.9   3.1   3.0   6.8   2.0
 wrfout_d04_2016-02-05_01:00:00 999.0   9.8   5.0   4.3   6.2   4.5   0.6   7.1   0.6   4.8   0.2   4.4 999.0   5.9   3.8   6.7   1.0   7.3   4.9   4.8   7.0  12.2  11.3   8.2   5.0   5.1   4.6   2.7   3.9   6.8   3.2
 wrfout_d04_2016-02-05_02:00:00 999.0  10.6   5.0   4.8   6.1   4.7   0.7   7.7   0.6   5.3   1.2   4.0 999.0   6.2   4.2   6.7   1.0   7.6   5.1   4.3   6.8  12.8  11.5   8.5   4.9   5.0   5.4   3.2   5.2   7.0   4.9
 wrfout_d04_2016-02-05_03:00:00 999.0  10.1   5.2   5.3   6.1   5.3   0.2   7.7   0.3   5.2   2.1   4.7 999.0   6.2   4.4   6.0   1.4   7.8   5.2   4.6   6.5  12.7  11.1   8.7   4.5   4.5   5.1   2.5   5.7   8.3   5.3
 wrfout_d04_2016-02-05_04:00:00 999.0   9.6   5.4   5.4   6.4   5.5   1.7   7.7   0.7   5.3   2.7   5.0 999.0   6.3   4.5   5.9   1.5   8.1   5.1   5.2   7.0  12.8  12.1   8.6   4.7   4.6   5.8   2.1   5.2   6.3   5.6
 wrfout_d04_2016-02-05_05:00:00 999.0   9.8   5.3   5.1   6.3   5.5   2.7   7.7   1.2   5.9   3.3   5.2 999.0   6.7   4.7   6.3   2.8   8.4   5.5   5.1   7.1  12.8  12.0   8.6   4.5   4.6   6.1   2.5   4.9   6.9   5.9
 wrfout_d04_2016-02-05_06:00:00 999.0  10.7   5.0   4.8   5.9   5.1   2.8   8.1   1.5   5.7   3.0   5.2 999.0   7.0   4.9   6.9   2.6   8.4   4.8   5.2   6.8  13.0  11.9   8.1   4.8   4.9   6.2   3.1   4.7   6.8   6.2
 wrfout_d04_2016-02-05_07:00:00 999.0  10.5   5.0   4.4   5.7   4.7   2.4   8.1   1.4   5.4   2.8   4.9 999.0   6.9   5.0   6.5   2.2   8.4   3.7   5.0   5.7  13.4  11.9   7.8   4.6   4.7   5.9   3.3   4.6   6.8   6.2
 wrfout_d04_2016-02-05_08:00:00 999.0  10.0   5.0   4.0   5.7   4.6   1.8   7.8   1.8   5.2   2.3   4.6 999.0   6.5   5.0   6.5   2.0   8.6   2.0   5.1   4.5  13.3  12.2   7.6   4.6   4.6   4.8   3.2   4.6   6.8   5.9
 wrfout_d04_2016-02-05_09:00:00 999.0  10.5   5.0   4.0   5.7   5.3   1.0   8.3   1.9   5.1   1.5   4.0 999.0   6.7   5.1   5.8   2.0   9.0   1.3   5.1   3.4  13.4  12.8   6.9   4.7   4.8   3.6   3.5   4.4   6.5   5.4
 wrfout_d04_2016-02-05_10:00:00 999.0  11.1   5.9   4.3   6.7   5.9   0.1   8.3   0.9   5.1   1.1   3.7 999.0   6.8   4.8   5.8   2.4   9.6   1.6   5.2   4.5  14.3  13.4   6.5   5.0   5.2   3.5   3.7   3.5   6.3   5.6
 wrfout_d04_2016-02-05_11:00:00 999.0  11.3   5.9   4.6   6.9   5.5   0.8   7.8   1.2   4.9   1.4   3.6 999.0   6.9   5.1   6.5   2.7   9.2   2.0   5.3   4.9  14.7  13.8   6.5   5.2   5.4   3.3   3.6   3.3   6.3   5.1
 wrfout_d04_2016-02-05_12:00:00 999.0  11.2   6.1   4.9   7.3   6.1   0.2   7.6   0.5   4.7   0.7   3.5 999.0   6.9   4.9   6.8   2.5   9.1   2.9   4.8   5.4  14.5  13.7   6.6   5.4   5.7   3.2   3.8   3.7   5.9   5.2
 wrfout_d04_2016-02-05_13:00:00 999.0  10.8   6.4   5.0   7.5   6.4   1.2   8.1   0.6   4.9   1.0   3.2 999.0   6.3   4.4   7.1   2.5   8.7   2.9   4.4   4.9  14.0  13.6   6.4   5.4   5.5   3.7   3.2   3.9   6.6   5.8
 wrfout_d04_2016-02-05_14:00:00 999.0  10.8   6.2   5.5   7.5   6.6   1.0   8.1   0.5   5.3   0.6   3.3 999.0   6.4   4.5   6.7   2.2   8.4   3.3   3.7   5.6  13.1  12.4   6.7   4.9   5.1   3.7   3.4   4.0   6.0   5.9
 wrfout_d04_2016-02-05_15:00:00 999.0  10.9   5.8   5.4   7.0   6.4   0.4   8.3   0.6   5.1   0.7   3.6 999.0   6.7   4.5   6.6   2.0   8.7   3.2   3.5   6.4  13.5  11.9   6.1   4.6   4.9   3.9   3.5   3.7   5.6   5.5
 wrfout_d04_2016-02-05_16:00:00 999.0  10.8   5.8   5.3   6.9   6.2   0.3   8.2   0.6   5.2   0.7   3.5 999.0   6.7   4.4   6.6   2.2   8.8   3.1   3.6   6.8  13.3  12.3   6.2   4.1   4.4   3.6   3.4   3.6   5.9   5.3
 wrfout_d04_2016-02-05_17:00:00 999.0  10.7   5.7   5.2   6.8   6.4   0.5   8.1   0.4   5.3   0.9   3.4 999.0   6.6   4.7   6.8   1.8   8.5   3.4   4.0   6.9  13.6  12.0   6.8   4.4   4.5   3.9   3.3   4.0   5.7   5.1
 wrfout_d04_2016-02-05_18:00:00 999.0  10.9   5.7   5.1   6.6   6.2   1.3   8.3   0.2   5.2   1.0   3.7 999.0   6.2   4.9   6.8   1.8   8.8   3.5   4.1   7.0  13.5  12.8   7.0   4.1   4.7   3.9   3.1   4.3   6.1   3.0
 wrfout_d04_2016-02-05_19:00:00 999.0  11.1   5.5   5.3   6.4   6.2   1.8   8.8   0.2   5.2   1.3   4.3 999.0   6.4   5.1   6.6   1.7   9.0   3.4   4.4   6.8  13.9  13.9   7.0   5.1   5.4   3.7   3.2   4.4   6.5   3.4
 wrfout_d04_2016-02-05_20:00:00 999.0  11.0   5.4   4.9   6.1   5.9   1.6   8.9   0.6   4.7   1.1   4.6 999.0   6.4   5.6   6.8   2.0   9.4   3.6   4.5   6.7  14.4  13.9   6.5   5.2   5.6   4.0   3.8   3.9   7.4   3.2
 wrfout_d04_2016-02-05_21:00:00 999.0  10.5   5.2   4.6   5.7   5.3   1.0   8.1   2.2   4.7   0.7   4.7 999.0   6.4   5.8   7.0   2.3   9.3   3.3   4.9   6.6  14.9  14.4   6.5   5.1   5.2   4.6   3.5   4.3   6.9   3.6
 wrfout_d04_2016-02-05_22:00:00 999.0  10.2   5.2   4.2   5.7   5.2   2.1   7.3   2.9   4.6   1.0   4.7 999.0   6.3   5.5   7.1   2.4   9.6   2.8   5.1   6.1  14.7  14.2   6.6   5.3   5.4   4.3   3.8   5.1   6.4   4.4
 wrfout_d04_2016-02-05_23:00:00 999.0  10.4   4.8   3.9   5.3   4.9   1.5   7.0   2.4   4.3   2.6   4.2 999.0   6.2   5.1   6.5   1.8   9.5   3.5   5.0   6.3  14.5  14.1   7.3   5.4   5.3   4.1   3.7   5.8   7.5   5.1
