 wrfout_d04_2016-07-08_00:00:00 999.0   9.5   7.4   5.8   6.9   6.6   7.0   9.2   5.8   9.7   8.6   6.9 999.0   6.0   4.7   6.0   9.7  12.8  14.6   8.8  23.9  17.6  18.2  18.5   9.9   9.8  14.2   9.5  13.2  12.8   9.9
 wrfout_d04_2016-07-08_01:00:00 999.0   8.8   8.2   5.2   8.3   6.7   7.7  10.4   7.0  10.2   8.8   8.7 999.0   5.7   3.2   6.0   6.8  12.3  12.2   9.3  16.8  18.1  21.3  12.6   8.7   8.7  14.9  10.0   9.7  10.1   9.8
 wrfout_d04_2016-07-08_02:00:00 999.0   8.7   8.7   6.0   8.7   7.6   8.4  11.3   7.3  10.4   9.7   9.1 999.0   5.2   2.5   6.2   5.5  13.2  13.9   7.0  17.6  21.0  22.2  13.4  11.7  11.6  12.6  10.5   7.4  10.0   8.8
 wrfout_d04_2016-07-08_03:00:00 999.0   9.2   8.8   6.9   8.6   7.5   8.7  11.0   7.6   9.9  10.0  10.1 999.0   3.0   1.6   4.5   7.7  13.8   8.7   7.4  18.1  20.9  20.1  10.3   9.2   8.7  12.3  13.6   6.6   9.3   9.1
 wrfout_d04_2016-07-08_04:00:00 999.0   9.3   9.3   7.4   9.1   8.3   8.8  10.3   7.9  10.3   9.4  10.0 999.0   5.3   3.3   6.2   3.2  14.3   4.4   5.4  14.2  20.9  15.7  10.1   4.0   2.7   9.8  10.7   6.8   8.7   7.8
 wrfout_d04_2016-07-08_05:00:00 999.0   9.1   8.8   7.8   8.6   8.0   9.4  10.3   8.5   9.4   9.8   8.7 999.0   3.7   0.7   6.7   5.7  14.4   7.5   4.3  13.9  21.3  10.1  11.3   5.7   5.0   9.3  11.4   6.4   8.1   7.5
 wrfout_d04_2016-07-08_06:00:00 999.0   9.2   9.8   7.2   9.7   8.4   9.5  10.6   8.0  10.6   9.8   9.7 999.0   5.5   2.6   5.9   2.1  13.3   8.6   4.6  14.7  19.1   7.5  10.9   6.0   5.8   8.9  10.5   6.9   8.3   6.6
 wrfout_d04_2016-07-08_07:00:00 999.0   9.1   9.6   7.3   9.5   7.7   9.7  11.0   8.9   9.9   9.2   8.9 999.0   2.4   2.6   6.4   1.4  12.9   8.7   5.9  13.2  20.2   5.8  11.1   6.3   6.3   9.0  10.8   5.5   8.6   5.5
 wrfout_d04_2016-07-08_08:00:00 999.0   9.8   9.0   7.3   8.5   7.5   8.7  10.6   8.0   7.8   8.6   8.8 999.0   2.5   2.4   5.0   2.0  13.5   8.3   7.2  11.9  18.0  11.8  10.1   8.3   8.8   7.9  10.0   5.4   5.1   5.6
 wrfout_d04_2016-07-08_09:00:00 999.0   9.4   9.8   6.5   9.4   7.3   8.1  10.2   6.8   7.0   9.7   9.3 999.0   1.0   2.6   6.5   2.2  13.5  10.4   7.7  13.4   7.7  17.0   8.2   8.2   8.3   7.5   9.7   6.7   3.3   5.5
 wrfout_d04_2016-07-08_10:00:00 999.0  10.0   9.7   6.4   9.5   6.6   7.5   8.5   6.7   8.4   9.6   7.8 999.0   1.5   1.8   5.1   1.9  11.1  10.6   8.3  11.1   7.9  17.5   9.2   9.0   9.4   8.0   9.1   3.2   7.2   5.9
 wrfout_d04_2016-07-08_11:00:00 999.0   9.2   9.1   6.1   8.7   6.4   6.5   9.6   6.5   9.7   9.7   7.4 999.0   3.2   1.8   5.1   0.6   4.1  12.0   8.6  12.5  14.3  17.9   8.3   9.2  10.2   9.0   8.4   4.1   8.4   5.6
 wrfout_d04_2016-07-08_12:00:00 999.0   8.7   9.2   6.1   8.9   6.4   7.8   9.9   6.7   9.3   9.3  10.3 999.0   3.0   1.5   5.8   1.9   2.7  12.3   8.4   9.6  10.2  19.0   6.8   8.7   9.2   8.7   6.8   3.1   7.8   5.6
 wrfout_d04_2016-07-08_13:00:00 999.0   8.8   9.5   6.4   8.9   6.2   7.3  10.4   6.5  10.4   8.8  10.6 999.0   3.3   3.3   4.9   2.7   2.4  10.3   8.4   7.6  11.9  19.5  10.3   8.0   8.4   9.3   7.6   3.7   7.4   5.6
 wrfout_d04_2016-07-08_14:00:00 999.0   9.2  10.0   6.4   9.6   5.3   7.5   9.7   6.6   7.1  10.4   7.9 999.0   2.9   2.9   6.9   3.9   3.2  12.2   7.5  10.9  14.5  18.7   9.1   7.7   8.3   8.8   8.2   4.5   7.3   5.0
 wrfout_d04_2016-07-08_15:00:00 999.0   9.2   8.0   5.9   7.6   5.1   7.3   9.4   5.5   2.7   7.5   9.5 999.0   3.0   2.8   7.4   1.8   3.5  10.4   6.2   8.0  12.7  18.7   9.8   7.8   8.5   8.5   8.1   5.1   7.1   5.0
 wrfout_d04_2016-07-08_16:00:00 999.0  10.3   9.5   7.4   8.5   5.3   6.6   8.9   6.7   2.6   9.1   9.8 999.0   3.0   3.3   7.1   1.8   4.9   8.2   8.8   9.5  19.4  21.2  10.4   8.2   8.9   8.8   7.3   4.7   7.7   4.7
 wrfout_d04_2016-07-08_17:00:00 999.0  11.2   9.4   8.0   8.3   4.4   6.7   8.7   5.4   1.6   8.4  10.5 999.0   3.5   3.3   6.7   2.2   5.9  11.3   8.1  11.8  22.2  19.3   9.9   6.9   7.6   8.0   6.5   4.5   6.9   4.3
 wrfout_d04_2016-07-08_18:00:00 999.0  11.0  10.0   8.8   8.7   5.0   6.9   6.9   5.7   1.5  10.3   9.9 999.0   2.4   1.3   6.7   0.4   5.3  11.3   7.7  13.2  24.0  17.8  10.0   7.5   8.1   7.2   6.9   3.8   6.3   5.0
 wrfout_d04_2016-07-08_19:00:00 999.0  10.4   9.3   8.0   8.6   5.9   7.1   9.8   7.3   0.0  11.2   9.3 999.0   5.3   2.6   7.7   3.0  13.2  10.5   8.4  11.1  20.6  17.5  10.6   7.6   7.8   8.5   6.4   4.1   6.7   4.5
 wrfout_d04_2016-07-08_20:00:00 999.0   9.4  11.1   9.4  10.1   6.2   9.3   8.3   5.0   4.8   9.3  10.2 999.0   7.3   5.6   6.9   1.5  15.1   6.3   7.6  10.3  17.9  14.7   9.7   5.9   6.6   6.9   5.4   4.3   6.5   4.1
 wrfout_d04_2016-07-08_21:00:00 999.0   9.5   9.8   7.8   8.7   4.2   8.4   2.9   4.8   3.1   6.8   9.6 999.0   6.2   4.2   6.7   2.3  13.8   8.7   6.0  10.8  16.8  14.3   8.7   6.5   5.9   6.6   5.4   3.4   6.3   3.7
 wrfout_d04_2016-07-08_22:00:00 999.0   9.5   8.6   6.4   8.2   4.4   7.0   4.6   4.2   3.8   6.8   8.7 999.0   7.2   4.9   8.5   0.7  13.4   9.6   5.8  11.8  16.5  13.4   7.2   5.1   5.5   6.0   5.1   2.7   6.2   4.0
 wrfout_d04_2016-07-08_23:00:00 999.0   9.5   9.1   7.5   8.9   5.5   5.5   2.7   4.2   2.7   8.0   8.1 999.0   6.5   4.9   6.5   3.0  12.3   8.0   5.2  10.5  15.2  11.7   7.0   4.7   4.9   5.9   5.1   3.4   6.8   4.1
