 wrfout_d04_2016-12-27_00:00:00 999.0  14.4   6.6   6.8   7.8   6.8   1.4   9.9   1.7   6.7   1.9   4.9 999.0   7.5   5.2   7.9   1.5   8.9   2.7   4.5   3.3  14.9  12.6   7.9   4.9   5.1   4.1   3.7   5.2   7.8   2.8
 wrfout_d04_2016-12-27_01:00:00 999.0  15.0   6.6   6.8   7.7   6.4   1.5   9.5   1.9   6.9   1.3   5.2 999.0   8.0   5.1   8.1   2.1   9.9   2.2   4.9   3.7  15.3  12.6   8.4   5.4   5.6   3.8   3.5   6.2   6.7   3.9
 wrfout_d04_2016-12-27_02:00:00 999.0  15.7   6.9   6.6   7.8   6.6   1.4  10.1   1.9   6.9   1.8   5.4 999.0   8.4   5.9   8.2   2.4  10.2   1.8   5.0   2.9  15.6  14.1   8.8   5.2   5.4   3.7   3.4   5.8   7.1   3.7
 wrfout_d04_2016-12-27_03:00:00 999.0  15.0   7.1   6.9   8.0   6.9   0.8  10.9   1.6   6.5   1.4   5.7 999.0   8.7   6.2   8.9   3.2  10.7   2.5   5.2   2.8  16.2  15.0   9.8   5.1   5.4   5.3   3.5   5.9   9.0   3.5
 wrfout_d04_2016-12-27_04:00:00 999.0  14.7   7.0   7.0   7.9   7.0   1.1  10.8   1.8   6.6   1.3   6.1 999.0   8.7   6.5   8.8   3.1  10.9   2.1   5.7   2.5  16.7  15.1   9.3   5.6   5.8   5.4   3.3   5.3   8.6   5.2
 wrfout_d04_2016-12-27_05:00:00 999.0  14.3   7.1   6.8   8.0   7.1   1.2  10.6   1.7   6.6   1.2   5.8 999.0   8.9   6.5   8.4   2.6  11.0   2.3   5.9   2.8  16.4  15.9   9.8   6.4   6.1   5.8   3.1   6.1   8.8   6.2
 wrfout_d04_2016-12-27_06:00:00 999.0  14.4   7.3   6.5   7.9   7.3   2.2  10.9   2.3   6.8   0.8   5.2 999.0   8.8   6.4   8.6   3.1  10.8   1.9   5.8   1.8  16.7  14.5   9.9   5.7   6.1   4.9   3.3   6.4   9.0   6.3
 wrfout_d04_2016-12-27_07:00:00 999.0  13.8   7.2   6.6   8.2   7.4   2.2  10.6   2.7   6.2   0.6   4.4 999.0   8.6   6.3   8.9   3.0  10.9   1.3   5.6   2.3  16.5  14.7   9.9   5.4   5.6   5.1   3.6   6.2   9.3   4.9
 wrfout_d04_2016-12-27_08:00:00 999.0  13.7   7.4   6.9   8.5   7.4   1.3  10.2   2.4   6.1   0.5   4.3 999.0   8.7   5.7   8.7   2.9  10.7   2.1   5.4   2.5  16.6  14.4   9.7   5.2   5.4   5.1   3.6   5.6   9.8   4.9
 wrfout_d04_2016-12-27_09:00:00 999.0  13.4   7.3   6.8   8.4   7.3   1.2  10.3   2.4   6.5   0.9   4.1 999.0   8.6   5.5   8.9   2.4  10.7   2.4   5.4   3.4  17.3  14.1  10.0   4.8   5.5   4.3   3.0   5.9   9.6   5.6
 wrfout_d04_2016-12-27_10:00:00 999.0  13.3   7.2   6.6   8.2   7.1   1.2  10.3   2.7   6.7   0.3   3.8 999.0   8.3   5.4   8.7   1.5  10.8   2.8   5.2   3.2  16.5  13.6   9.5   4.5   5.0   4.5   3.1   5.8   9.4   7.2
 wrfout_d04_2016-12-27_11:00:00 999.0  13.3   7.3   6.5   8.3   6.9   1.4  10.6   3.1   6.9   0.6   3.8 999.0   8.6   5.7   8.7   1.0  11.0   4.0   4.6   5.0  16.8  13.5   9.1   4.3   4.6   4.7   3.2   6.7   9.8   8.0
 wrfout_d04_2016-12-27_12:00:00 999.0  13.4   7.5   6.5   8.7   6.9   1.6  10.5   3.2   7.0   0.7   3.6 999.0   8.3   5.5   8.4   2.8  11.2   1.7   4.5   3.5  17.1  13.1   9.4   4.2   4.9   4.4   3.1   6.2   9.9   7.9
 wrfout_d04_2016-12-27_13:00:00 999.0  13.3   7.5   6.5   8.8   6.9   2.3  10.5   3.6   7.3   1.1   3.5 999.0   8.1   5.2   8.3   0.9  11.2   2.7   4.6   4.0  17.8  13.2   9.5   3.4   4.1   4.7   2.5   5.8   9.3   8.5
 wrfout_d04_2016-12-27_14:00:00 999.0  13.1   7.7   6.2   8.9   6.8   2.9  10.4   4.0   7.6   1.1   3.4 999.0   8.1   5.3   8.0   1.5  11.3   2.7   4.1   3.7  16.8  12.7   9.8   4.2   4.4   4.6   2.4   6.0   9.5   8.4
 wrfout_d04_2016-12-27_15:00:00 999.0  12.8   7.9   5.6   8.8   6.7   3.0  10.4   4.2   7.6   0.5   3.4 999.0   8.2   5.1   7.5   1.8  11.0   3.5   3.7   4.7  17.1  12.7  10.2   3.7   4.1   4.3   2.6   5.9   9.6   8.3
 wrfout_d04_2016-12-27_16:00:00 999.0  12.5   7.9   5.3   8.7   6.5   3.0  10.3   4.2   7.6   0.3   3.3 999.0   8.1   4.9   7.0   2.5  10.9   3.4   3.9   4.4  17.1  13.1   9.5   3.6   4.1   4.0   2.0   6.5   9.2   7.8
 wrfout_d04_2016-12-27_17:00:00 999.0  12.5   8.0   4.7   8.7   6.8   2.7  10.0   4.1   7.4   0.5   3.3 999.0   7.9   4.6   6.7   1.0  11.2   3.8   3.8   4.9  16.2  12.6   9.0   3.4   3.7   3.7   1.9   6.1   8.8   7.7
 wrfout_d04_2016-12-27_18:00:00 999.0  12.2   7.7   3.7   8.3   6.0   2.0   9.7   3.3   7.4   1.2   3.5 999.0   7.2   4.1   6.2   1.2  10.3   2.7   3.3   5.4  15.6  12.1   8.7   3.5   3.8   4.1   2.1   5.6   8.5   7.5
 wrfout_d04_2016-12-27_19:00:00 999.0  11.5   7.8   2.7   8.1   6.2   2.7   8.9   3.3   7.2   1.9   4.2 999.0   6.4   4.0   6.2   1.6   9.9   2.9   2.9   4.5  16.2  12.8   8.7   3.4   3.5   4.3   1.6   5.4   8.4   6.6
 wrfout_d04_2016-12-27_20:00:00 999.0  11.4   8.0   1.8   7.7   6.6   2.8   8.9   2.7   6.8   1.9   4.2 999.0   6.2   3.7   6.3   0.7  10.5   3.9   2.8   4.6  16.0  11.7   9.0   2.7   2.6   4.1   1.3   5.6   8.7   6.6
 wrfout_d04_2016-12-27_21:00:00 999.0  11.1   7.8   1.5   6.7   6.4   2.2   9.4   2.8   6.3   2.2   4.1 999.0   6.1   3.7   6.0   0.4  10.0   2.6   2.2   3.9  14.8  11.3   8.6   2.2   2.4   3.9   1.9   5.8   8.7   7.4
 wrfout_d04_2016-12-27_22:00:00 999.0  10.6   7.7   1.2   7.0   6.1   2.5   9.4   3.1   6.8   1.9   3.9 999.0   6.0   3.0   5.7   0.6   9.8   2.6   2.5   2.7  14.7   9.8   8.5   2.4   2.5   3.7   2.0   5.9   8.4   8.0
 wrfout_d04_2016-12-27_23:00:00 999.0  10.5   7.6   0.3   7.0   5.6   2.9   9.3   3.6   6.6   1.9   4.0 999.0   5.7   2.9   5.4   0.4   9.2   0.8   2.6   3.4  14.3   9.0   7.9   2.4   2.7   3.5   2.4   5.4   8.5   7.4
