 wrfout_d04_2016-08-07_00:00:00 999.0   2.1   2.0   2.5   0.6   2.2   0.3   2.1   0.7   1.8   0.8   2.5 999.0   2.2   0.2   1.8   0.6   2.6   1.6   1.9   2.0   3.6   3.0   0.9   1.8   2.0   0.4   2.0   0.6   2.2   2.8
 wrfout_d04_2016-08-07_01:00:00 999.0   2.4   1.6   3.6   1.0   2.6   1.3   3.9   1.2   1.5   2.2   3.0 999.0   1.4   0.4   2.0   1.2   2.9   1.7   1.4   2.7   3.5   1.4   1.6   1.0   1.4   1.2   2.5   1.7   1.0   3.7
 wrfout_d04_2016-08-07_02:00:00 999.0   2.3   2.1   4.1   0.9   3.3   1.2   4.3   0.9   2.2   3.8   3.3 999.0   2.5   0.5   2.3   1.5   3.0   1.7   1.8   3.0   3.4   2.6   2.2   1.4   1.7   2.0   3.1   2.2   1.5   3.9
 wrfout_d04_2016-08-07_03:00:00 999.0   2.1   2.6   4.2   0.1   3.7   3.3   4.5   2.0   3.7   4.6   3.6 999.0   3.5   0.5   2.6   1.9   3.0   2.7   1.6   3.2   3.8   2.9   2.5   1.5   2.4   2.2   3.6   2.4   1.1   3.8
 wrfout_d04_2016-08-07_04:00:00 999.0   2.2   3.4   4.3   1.5   3.7   4.6   4.7   3.6   4.1   4.8   3.6 999.0   3.6   0.6   2.7   2.1   2.7   2.6   1.9   3.4   3.8   3.4   3.0   3.0   3.3   2.5   3.8   2.4   1.2   3.8
 wrfout_d04_2016-08-07_05:00:00 999.0   2.5   3.5   4.5   2.2   3.7   4.8   4.6   4.1   4.5   5.0   3.4 999.0   3.7   2.7   2.7   2.4   2.5   3.1   1.8   3.4   4.0   4.2   3.1   3.0   3.5   2.6   3.9   2.2   1.4   3.7
 wrfout_d04_2016-08-07_06:00:00 999.0   2.8   3.4   4.6   2.6   3.8   4.8   4.6   4.1   4.5   4.6   3.3 999.0   4.0   4.0   2.8   2.8   2.7   3.3   3.2   3.2   3.9   4.9   2.8   3.4   3.7   2.0   4.0   2.1   2.1   3.8
 wrfout_d04_2016-08-07_07:00:00 999.0   3.1   3.3   4.5   2.7   3.7   4.1   4.5   3.9   4.0   4.5   2.9 999.0   4.0   3.5   2.9   2.7   3.0   2.6   4.5   3.1   3.6   5.0   2.3   3.6   3.8   1.2   4.0   2.0   2.0   3.9
 wrfout_d04_2016-08-07_08:00:00 999.0   3.2   3.4   4.4   2.7   3.6   2.6   4.4   3.7   3.6   3.9   2.7 999.0   3.6   3.4   2.6   2.7   2.7   2.1   4.1   2.6   4.1   5.4   1.1   3.8   3.8   1.7   3.8   1.8   1.9   3.8
 wrfout_d04_2016-08-07_09:00:00 999.0   3.6   3.2   4.0   3.1   3.3   1.1   4.1   3.2   3.0   2.8   1.8 999.0   3.5   2.9   3.0   2.7   2.4   1.3   3.9   1.2   3.8   5.2   0.2   2.8   2.5   1.8   3.3   0.9   1.3   3.7
 wrfout_d04_2016-08-07_10:00:00 999.0   3.7   2.6   3.3   2.6   2.4   2.8   3.6   2.5   2.9   1.3   1.7 999.0   3.5   2.8   2.2   1.2   2.3   1.1   3.1   1.1   3.1   4.2   1.1   2.6   2.5   1.3   3.3   0.7   0.9   3.4
 wrfout_d04_2016-08-07_11:00:00 999.0   3.6   2.3   1.9   2.7   2.1   2.7   3.1   1.4   2.6   0.6   0.5 999.0   2.4   2.1   1.7   0.7   1.7   0.9   2.6   1.3   2.9   4.0   0.4   1.7   1.7   0.3   2.7   0.4   0.9   3.3
 wrfout_d04_2016-08-07_12:00:00 999.0   3.4   1.8   1.3   2.0   2.0   2.2   2.9   2.1   2.0   1.7   1.1 999.0   2.6   2.1   1.2   1.1   2.4   0.4   2.4   1.4   2.8   4.3   1.1   2.0   1.8   1.0   3.1   0.3   0.8   3.2
 wrfout_d04_2016-08-07_13:00:00 999.0   3.0   1.2   0.6   1.0   1.3   2.0   2.1   1.7   2.4   0.5   2.0 999.0   2.3   1.2   2.3   0.1   2.5   0.7   2.1   0.9   3.5   3.3   0.4   1.5   1.6   0.6   2.5   0.5   0.8   3.1
 wrfout_d04_2016-08-07_14:00:00 999.0   3.1   0.8   0.6   0.7   1.3   1.5   2.3   1.4   1.6   0.5   1.8 999.0   2.3   1.9   1.7   0.1   2.0   0.3   1.7   1.3   2.9   3.9   0.8   2.0   1.9   0.2   2.5   0.5   0.8   3.1
 wrfout_d04_2016-08-07_15:00:00 999.0   3.2   0.9   0.6   0.8   1.0   1.0   2.2   0.9   1.9   0.4   1.7 999.0   2.2   1.7   1.4   0.8   1.6   0.7   2.0   1.3   2.8   3.6   0.4   1.9   1.6   0.7   2.3   0.3   0.9   3.3
 wrfout_d04_2016-08-07_16:00:00 999.0   3.3   1.0   0.7   0.8   1.7   0.3   1.8   0.4   1.3   0.5   1.6 999.0   1.9   1.2   1.3   0.6   1.3   0.4   1.3   1.2   2.6   3.1   0.4   1.4   1.2   0.2   2.2   0.4   0.7   3.1
 wrfout_d04_2016-08-07_17:00:00 999.0   3.9   2.1   0.7   1.3   1.6   0.8   1.0   0.3   1.3   0.2   1.1 999.0   1.7   1.2   1.1   0.2   0.9   0.5   1.3   1.0   2.3   2.5   0.5   1.2   1.2   0.6   2.0   0.2   0.6   3.2
 wrfout_d04_2016-08-07_18:00:00 999.0   3.7   2.0   0.5   1.1   1.5   0.5   0.7   0.5   0.6   0.3   1.2 999.0   1.4   0.4   1.0   0.4   1.4   0.5   1.3   1.0   2.5   2.2   0.6   1.1   1.2   0.3   1.9   0.7   0.8   3.3
 wrfout_d04_2016-08-07_19:00:00 999.0   3.8   2.2   0.4   1.1   1.7   0.8   0.4   1.4   0.2   0.8   1.3 999.0   1.2   0.1   0.7   0.5   1.6   0.2   1.2   1.0   3.1   2.1   0.6   0.8   0.9   0.4   1.9   0.5   2.5   3.3
 wrfout_d04_2016-08-07_20:00:00 999.0   4.1   2.7   0.2   1.4   2.6   1.0   0.5   1.7   0.1   0.4   1.6 999.0   0.9   0.6   0.6   0.6   1.6   0.5   1.1   0.9   2.9   2.0   0.7   1.0   1.3   0.7   1.7   0.7   2.9   3.2
 wrfout_d04_2016-08-07_21:00:00 999.0   4.6   3.1   0.2   2.2   2.5   1.5   0.8   1.8   0.2   0.8   1.4 999.0   0.7   0.5   0.6   0.5   1.5   0.3   0.6   0.7   2.3   1.9   1.0   1.2   1.3   0.7   1.5   0.6   3.1   3.2
 wrfout_d04_2016-08-07_22:00:00 999.0   5.0   3.2   1.0   2.5   2.4   1.7   0.9   2.0   0.9   1.2   1.2 999.0   0.6   0.6   0.6   0.8   2.4   0.4   0.2   0.8   3.0   1.5   1.0   1.1   1.1   0.9   1.4   0.5   3.4   3.4
 wrfout_d04_2016-08-07_23:00:00 999.0   5.1   3.6   2.8   3.2   2.1   2.0   1.4   2.0   0.2   0.5   0.8 999.0   1.4   0.4   0.6   0.5   1.4   0.2   1.0   1.9   3.0   2.1   0.4   1.3   1.5   0.7   1.8   0.2   4.1   3.9
