 wrfout_d04_2016-09-14_00:00:00 999.0   8.9   9.0   6.2   8.4   6.5   8.3  10.9   7.2  11.8   8.0   6.5 999.0   2.9   2.0   3.2   5.2   9.4  14.4   1.3  25.5  14.8  15.2  14.7   8.0   8.0  14.9   8.9  21.1  23.5  14.2
 wrfout_d04_2016-09-14_01:00:00 999.0   9.2   9.3   6.5   8.9   7.0   8.9  11.5   7.7  11.2   9.5   8.1 999.0   3.5   2.3   4.0   8.2  12.1   9.4   4.4  21.0  17.7  16.5  13.0   2.9   4.1  16.7   9.0  22.7  22.7  10.6
 wrfout_d04_2016-09-14_02:00:00 999.0   9.1   9.2   6.8   8.8   7.4   9.0  12.3   7.4  12.8  10.6   9.3 999.0   4.2   3.3   4.6   9.5  11.5   9.4   5.2  26.3  17.3  14.9  12.5   7.3   7.5  16.7  10.0  22.0  18.9  13.5
 wrfout_d04_2016-09-14_03:00:00 999.0   8.6   8.9   6.8   8.7   7.7   9.6  12.2   7.9  11.9  10.8  10.4 999.0   3.2   3.3   4.5   5.7  12.4  12.5   5.6  27.8  20.5  15.1  13.3   8.0   8.0  15.4  10.1  17.7  18.7  15.4
 wrfout_d04_2016-09-14_04:00:00 999.0   8.3   9.0   7.2   8.8   7.9   9.6  13.1   6.4  13.4  10.6  10.5 999.0   3.3   3.7   5.2   7.6  13.6   1.9   5.0  27.2  19.4  14.1  12.8   7.9   8.0  13.7  12.8  12.9  16.8  10.9
 wrfout_d04_2016-09-14_05:00:00 999.0   8.1   8.6   8.2   7.3   7.5   6.2  12.4   7.3  13.4  10.8   9.6 999.0   3.2   4.4   6.6   5.8  13.0   4.2   4.0  26.5  20.6  12.9  12.2  11.1  11.0  11.6  14.1  11.5  15.5   9.6
 wrfout_d04_2016-09-14_06:00:00 999.0   8.9   8.9   6.9   7.9   7.6   8.2  12.7   7.3  13.1  11.3  10.0 999.0   4.1   2.6   7.9   4.2  13.3   5.3   3.2  23.6  21.1  18.5  12.3  11.9  11.3  11.8  11.1  10.7  13.0   8.5
 wrfout_d04_2016-09-14_07:00:00 999.0   8.8   9.9   7.4   9.7   8.1  10.8  12.5   8.6  13.2  11.8  12.2 999.0   3.4   2.3   7.9   6.2  10.1   8.8   3.1  20.9  20.7  18.8  12.7  11.6  11.6  11.5  10.7  10.8  11.8   9.1
 wrfout_d04_2016-09-14_08:00:00 999.0  10.1   9.8   8.7  10.0   9.2   9.6  11.8   9.3  14.6  12.6  12.1 999.0   4.0   2.1   8.5   7.7  11.1  10.4   4.1  16.8  22.8  17.9  11.0  10.5   9.8   9.9  10.1   9.3  10.8   8.6
 wrfout_d04_2016-09-14_09:00:00 999.0  11.1  10.4   8.9   9.7   9.8  11.4  12.9   8.9  15.6  13.0  12.8 999.0   3.9   1.4   8.9   4.2  11.8  12.5   6.8  17.2  23.4  18.9  10.3  10.6  10.9   8.8  10.2   6.8   9.8   7.9
 wrfout_d04_2016-09-14_10:00:00 999.0  12.2  11.3   8.4  10.9   9.2  10.8  11.4   9.4  13.6  14.4  13.9 999.0   2.5   0.4   8.8   5.5  14.2  13.3   9.1  16.5  26.2  20.4  10.0  10.7  10.4   8.9  11.6   6.3   8.9   7.0
 wrfout_d04_2016-09-14_11:00:00 999.0  11.9  10.7   9.9  10.1   9.7  10.7  13.9   9.3  12.4  12.0  12.9 999.0   0.6   0.6   8.4   2.9  16.3  10.5   9.7  17.1  23.9  20.3   9.4  10.4   9.3   8.7  10.6   5.5   7.6   6.4
 wrfout_d04_2016-09-14_12:00:00 999.0  12.3  11.0   9.2  11.1  11.2  10.5  13.4   8.5  10.9  12.6  12.0 999.0   3.2   0.3   8.2   1.9  16.2  11.3  10.2  16.6  22.7  18.8   9.8  11.0  11.8   8.4   9.6   4.8   7.3   5.8
 wrfout_d04_2016-09-14_13:00:00 999.0  11.7  11.6   9.6  11.2   9.5  11.4  12.9   7.8  10.3  13.2  11.8 999.0   1.3   0.5   7.7   1.4  15.3   9.3   9.5  17.9  21.3  19.7   9.8   7.7   8.9   7.6   8.8   3.6   6.9   5.3
 wrfout_d04_2016-09-14_14:00:00 999.0  12.1  11.9   9.9  11.0   9.5  10.0  12.2   7.5   2.2  13.5  12.3 999.0   1.7   1.8   7.3   1.2  15.7   9.0   8.9  17.4  23.1  19.7   9.4   8.7   9.0   7.3   8.1   2.9   6.4   4.9
 wrfout_d04_2016-09-14_15:00:00 999.0  12.6  11.7   9.1  10.7   9.2  10.1   8.7   6.5   2.3  12.3  11.4 999.0   1.7   2.2   6.4   4.2  16.0   9.0   8.6  13.8  25.1  18.4   8.4   9.0   9.4   7.1   6.6   2.7   5.5   4.7
 wrfout_d04_2016-09-14_16:00:00 999.0  12.1  11.8   9.2  10.6   8.6  10.1   2.5   7.6   2.7  11.7  11.3 999.0   2.0   2.3   6.6   3.7  13.3  10.1   8.7  14.3  27.0  17.8   7.7   8.1   8.5   6.6   6.2   2.5   4.7   4.4
 wrfout_d04_2016-09-14_17:00:00 999.0  12.1  11.9   9.7  10.6   9.0   9.3   2.4   7.1   1.4  12.1  11.4 999.0   0.3   1.2   7.1   1.6  16.8   9.4   8.8  12.7  20.7  16.5   7.5   6.8   7.3   5.5   5.9   2.3   4.8   4.1
 wrfout_d04_2016-09-14_18:00:00 999.0  12.4  10.9   8.7   9.3   7.9   7.6   4.1   5.3   0.7  10.6  11.8 999.0   4.0   0.7   8.7   1.6  12.6   9.5   7.8  12.0  18.5  15.1   6.2   5.8   6.0   5.1   5.9   1.9   4.8   3.9
 wrfout_d04_2016-09-14_19:00:00 999.0  11.6  11.0   9.5   9.2   7.2   8.1   1.4   6.3   0.9   9.1  11.7 999.0   6.0   0.9   8.4   0.7  14.2   9.8   7.1  12.0  17.6  13.8   6.1   5.8   6.0   5.4   5.4   2.3   5.0   4.0
 wrfout_d04_2016-09-14_20:00:00 999.0  10.9  10.9   9.3   9.2   6.4   7.8   3.0   5.2   1.3   9.6  11.2 999.0   6.3   3.6   6.8   1.7  12.5   8.2   6.3  11.8  15.7  13.3   5.5   5.7   6.2   5.2   5.9   3.1   5.0   3.9
 wrfout_d04_2016-09-14_21:00:00 999.0  10.4  10.6   9.5   8.7   6.7   5.4   1.1   3.8   2.0   8.7  10.7 999.0   6.0   2.6   5.5   2.2  10.6   8.4   6.2  12.6  15.5  12.5   5.0   6.1   6.2   5.2   5.6   4.6   5.2   3.9
 wrfout_d04_2016-09-14_22:00:00 999.0  11.6  10.0   8.9   8.4   5.0   4.4   2.4   4.6   1.8   7.2  10.1 999.0   6.0   2.5   5.3   1.2   9.8   9.7   5.8  11.5  14.8  12.8   5.0   4.9   5.5   4.9   5.9   4.2   5.0   4.1
 wrfout_d04_2016-09-14_23:00:00 999.0  11.7   9.8   9.0   8.2   6.1   4.1   1.3   3.9   1.3   7.8   9.2 999.0   6.2   4.3   5.1   2.1   9.9   9.5   5.9  12.0  14.7  12.2   5.6   5.2   5.8   3.8   5.2   3.4   5.2   4.4
