 wrfout_d04_2016-12-29_00:00:00 999.0  10.5   6.2   5.0   7.1   6.5   2.9   8.8   2.7   6.4   1.5   2.6 999.0   7.5   4.0   6.3   0.7   9.4   2.2   3.6   3.6  15.2  11.9   7.8   3.8   3.9   4.0   2.2   4.1   7.5   4.7
 wrfout_d04_2016-12-29_01:00:00 999.0  11.2   6.4   5.7   7.3   6.2   4.4   9.4   3.7   7.2   2.2   2.9 999.0   7.7   4.5   7.0   1.0   9.6   1.0   4.1   3.3  14.9  12.5   8.5   3.7   3.7   3.6   2.6   5.7   6.8   6.6
 wrfout_d04_2016-12-29_02:00:00 999.0  11.3   6.5   6.4   7.3   6.2   4.8   9.7   4.3   7.4   3.5   3.5 999.0   7.6   4.8   7.5   1.1   9.8   2.0   4.1   3.1  14.8  12.4   9.1   4.0   4.3   4.0   2.7   5.6   7.1   7.8
 wrfout_d04_2016-12-29_03:00:00 999.0  11.3   6.7   6.3   7.6   6.4   5.2  10.2   4.3   7.6   4.6   4.2 999.0   7.9   4.4   7.5   2.3  10.4   0.6   3.9   3.1  15.5  12.4   9.7   4.0   4.2   3.9   2.7   5.3   7.7   7.5
 wrfout_d04_2016-12-29_04:00:00 999.0  11.2   6.7   6.4   7.7   6.4   5.4  10.6   4.8   8.0   4.9   4.1 999.0   7.9   4.3   7.3   3.2  10.2   1.8   4.4   3.1  15.2  12.4   9.5   4.0   4.3   4.0   2.6   5.5   7.5   8.1
 wrfout_d04_2016-12-29_05:00:00 999.0  10.9   6.8   6.0   7.9   6.1   5.6  10.3   5.0   8.0   5.3   4.2 999.0   7.7   4.6   7.0   2.3  10.0   1.9   4.1   3.1  14.7  12.3   9.1   3.9   4.3   4.2   2.0   5.5   7.7   8.1
 wrfout_d04_2016-12-29_06:00:00 999.0  10.6   7.1   6.0   8.1   6.1   5.7  10.2   5.1   7.6   5.3   4.1 999.0   7.6   4.5   6.8   2.4  10.4   1.9   4.1   3.1  15.6  11.8   8.8   4.0   4.1   4.2   2.8   5.6   8.6   8.3
 wrfout_d04_2016-12-29_07:00:00 999.0  10.5   7.0   5.5   8.0   6.0   5.9   9.7   5.4   7.8   5.0   3.5 999.0   7.3   4.4   6.6   2.5  10.5   0.8   3.8   3.1  14.8  11.0   8.3   3.4   3.5   4.3   2.2   5.6   7.8   8.1
 wrfout_d04_2016-12-29_08:00:00 999.0  10.5   7.0   4.6   7.7   6.0   5.4   9.6   5.1   7.3   3.9   3.3 999.0   7.0   4.3   6.6   0.3  10.1   0.6   4.0   3.2  14.7   9.9   8.3   3.9   4.1   4.1   2.1   5.5   8.2   8.0
 wrfout_d04_2016-12-29_09:00:00 999.0  10.5   7.4   3.1   7.8   6.1   4.6   9.2   4.3   6.7   3.6   2.8 999.0   6.5   4.1   6.3   0.9  10.0   1.2   3.2   1.8  14.8  10.0   8.6   3.1   3.2   3.8   2.0   5.5   7.9   7.6
 wrfout_d04_2016-12-29_10:00:00 999.0  10.5   7.7   2.0   7.7   5.9   4.3   9.4   4.2   7.1   3.5   2.3 999.0   6.2   3.7   6.2   1.2   9.9   1.7   3.2   2.1  14.3   9.6   8.6   2.6   2.8   3.9   1.9   5.6   7.8   7.7
 wrfout_d04_2016-12-29_11:00:00 999.0  10.2   7.9   1.3   7.9   6.2   4.7   9.1   4.2   7.6   3.0   2.2 999.0   5.8   3.1   5.7   0.3   9.8   2.4   2.8   3.0  13.9   9.1   8.3   2.4   2.5   3.7   2.1   5.3   7.4   7.9
 wrfout_d04_2016-12-29_12:00:00 999.0  10.2   7.8   0.6   7.4   5.9   4.8   9.6   4.1   8.1   1.0   2.9 999.0   5.6   2.6   5.7   0.6   9.5   2.4   2.4   2.9  13.8   9.1   8.2   2.4   2.5   3.5   2.1   5.3   7.9   8.1
 wrfout_d04_2016-12-29_13:00:00 999.0   9.9   7.8   0.4   7.1   5.8   4.8  10.0   4.5   8.5   0.4   2.8 999.0   5.5   2.2   5.1   0.6   9.3   2.3   2.3   3.3  13.8   7.4   8.2   2.1   2.2   3.5   2.2   5.3   7.7   8.1
 wrfout_d04_2016-12-29_14:00:00 999.0   9.9   7.7   0.7   7.2   6.3   4.7   9.9   4.7   8.8   0.9   2.8 999.0   5.3   2.1   4.7   0.6   9.2   2.4   2.1   3.3  13.8   6.8   7.9   1.8   2.0   3.8   1.9   5.3   8.1   8.0
 wrfout_d04_2016-12-29_15:00:00 999.0   9.7   7.8   0.6   7.2   6.3   4.5   9.8   4.7   9.0   0.9   1.3 999.0   5.1   2.0   4.2   0.3   9.2   2.3   1.9   3.4  13.5   6.3   8.1   1.8   1.8   3.9   1.7   5.4   7.9   7.9
 wrfout_d04_2016-12-29_16:00:00 999.0   9.5   7.7   0.5   7.2   6.2   4.7   9.8   4.5   9.2   1.8   1.2 999.0   4.4   1.7   4.0   0.0   9.0   2.9   1.5   3.5  13.2   6.2   7.6   1.7   1.6   3.7   1.7   5.3   7.7   7.9
 wrfout_d04_2016-12-29_17:00:00 999.0   8.9   7.8   0.6   7.0   6.1   5.0   9.6   4.2   9.1   1.3   0.1 999.0   4.1   1.5   4.3   0.0   8.9   3.0   1.4   3.6  13.1   6.5   7.3   1.5   1.3   3.1   1.8   5.0   7.4   7.6
 wrfout_d04_2016-12-29_18:00:00 999.0   8.3   7.6   0.9   6.7   5.9   4.9   9.6   3.9   9.1   2.0   1.0 999.0   3.4   1.3   3.7   0.4   8.7   2.8   1.0   3.6  12.6   5.2   6.9   0.9   0.7   3.3   1.6   5.0   7.2   7.8
 wrfout_d04_2016-12-29_19:00:00 999.0   8.8   7.4   1.0   6.4   5.6   4.7   9.3   4.7   8.5   1.7   1.0 999.0   2.8   0.9   3.3   0.7   8.5   2.6   0.8   3.6  12.4   4.8   6.5   0.8   0.6   3.1   1.8   4.8   6.8   7.8
 wrfout_d04_2016-12-29_20:00:00 999.0   8.5   7.3   1.1   6.3   5.4   4.4   9.1   4.5   8.3   2.4   0.5 999.0   2.5   0.5   3.0   0.6   8.4   2.9   0.2   3.7  12.6   4.0   6.6   0.3   0.4   3.6   1.6   4.7   6.6   7.8
 wrfout_d04_2016-12-29_21:00:00 999.0   8.7   7.0   1.2   6.1   5.3   3.8   9.5   4.5   8.2   2.8   1.0 999.0   2.5   0.4   3.3   0.5   8.2   2.8   0.3   3.9  12.2   3.6   5.9   0.2   0.2   3.4   1.5   4.9   6.4   7.7
 wrfout_d04_2016-12-29_22:00:00 999.0   8.9   7.1   0.9   6.4   5.1   3.6   9.2   4.6   8.0   1.8   3.0 999.0   2.4   0.3   3.1   0.7   8.4   2.0   0.7   4.3  11.5   3.3   5.7   0.6   0.8   3.4   1.4   4.7   6.3   7.8
 wrfout_d04_2016-12-29_23:00:00 999.0   8.6   7.2   0.9   6.6   5.1   4.2   9.1   5.1   7.9   1.5   3.4 999.0   2.5   0.5   2.9   0.4   8.4   1.8   0.7   4.3  11.0   3.4   5.7   0.6   0.8   3.6   1.6   4.7   6.9   7.0
