 wrfout_d04_2016-03-27_00:00:00 999.0   5.3   3.8   0.7   2.2   2.0   0.7   1.8   0.5   1.8   1.1   4.0 999.0   3.5   2.6   2.8   0.7   5.6   1.6   3.2   5.9   8.7   8.2   3.8   3.1   3.2   3.1   2.4   2.3   2.8   2.7
 wrfout_d04_2016-03-27_01:00:00 999.0   6.3   4.1   4.3   2.7   0.7   0.3   5.6   1.5   3.1   2.6   4.1 999.0   4.0   3.4   3.1   1.0   5.7   2.9   3.8   6.9   8.6   7.7   3.6   4.0   4.2   2.0   3.1   1.7   2.9   1.8
 wrfout_d04_2016-03-27_02:00:00 999.0   6.7   4.5   4.8   3.7   2.7   1.0   6.5   1.1   4.1   2.8   3.3 999.0   4.5   3.7   3.5   1.9   5.9   3.2   4.0   7.2   8.6   7.2   4.1   4.3   4.4   2.0   3.4   2.0   2.4   1.3
 wrfout_d04_2016-03-27_03:00:00 999.0   7.0   4.5   5.1   4.2   4.3   1.9   6.8   1.0   4.8   3.5   5.3 999.0   5.0   3.9   3.7   2.7   6.0   3.4   4.2   7.2   8.6   8.4   3.8   4.1   4.1   2.7   3.3   2.5   3.2   1.6
 wrfout_d04_2016-03-27_04:00:00 999.0   6.7   4.6   5.2   4.4   5.4   0.5   6.7   3.1   5.4   5.0   6.1 999.0   5.4   4.2   4.0   2.8   6.2   3.4   4.2   7.4   8.7   8.7   4.8   4.2   4.4   3.2   3.0   2.5   3.7   2.3
 wrfout_d04_2016-03-27_05:00:00 999.0   7.5   4.8   5.4   5.1   5.1   1.6   6.9   4.0   5.3   5.2   7.1 999.0   5.7   4.6   4.3   3.1   6.1   3.6   4.3   7.4   8.9   8.7   4.9   4.5   4.5   3.1   3.4   2.3   3.6   2.8
 wrfout_d04_2016-03-27_06:00:00 999.0   6.8   4.6   5.5   5.0   5.6   1.2   7.0   3.7   5.1   4.0   7.8 999.0   5.8   4.9   5.3   3.2   5.9   3.4   4.5   7.0   9.0   8.7   5.1   4.7   4.8   3.3   4.1   2.6   3.5   2.9
 wrfout_d04_2016-03-27_07:00:00 999.0   6.2   4.4   5.1   4.9   4.6   1.6   6.6   4.3   4.9   2.6   7.2 999.0   5.7   4.6   5.7   3.1   5.9   3.1   5.4   6.2   8.8   9.2   5.7   4.9   4.9   2.9   4.7   2.3   3.5   2.9
 wrfout_d04_2016-03-27_08:00:00 999.0   6.4   4.4   4.7   4.4   4.9   2.9   6.3   4.3   4.7   4.0   6.8 999.0   5.2   4.5   5.6   3.2   6.0   1.9   4.8   5.2   8.8   9.6   5.7   4.9   4.9   3.6   4.8   2.1   3.0   2.3
 wrfout_d04_2016-03-27_09:00:00 999.0   6.3   4.2   4.0   4.5   4.0   1.8   5.9   3.7   4.3   4.5   5.4 999.0   4.9   4.2   5.1   2.7   5.5   0.8   4.4   3.6   8.7   9.5   5.4   4.7   4.8   3.7   4.3   1.6   2.6   1.4
 wrfout_d04_2016-03-27_10:00:00 999.0   6.2   3.6   2.8   4.1   3.7   1.4   4.9   2.3   3.3   2.9   5.3 999.0   4.5   3.7   4.4   1.6   5.5   1.5   4.2   2.1   8.9   9.3   5.9   4.0   4.1   3.2   4.0   1.8   2.5   2.5
 wrfout_d04_2016-03-27_11:00:00 999.0   6.3   3.3   2.4   3.8   3.8   0.9   4.7   1.3   3.2   1.8   3.6 999.0   4.0   3.1   4.1   0.1   5.4   1.1   3.9   3.6   9.0   8.8   5.7   3.6   3.7   3.0   3.5   2.9   4.1   2.2
 wrfout_d04_2016-03-27_12:00:00 999.0   6.2   3.3   2.3   3.8   3.5   0.9   4.6   0.9   2.7   1.1   3.2 999.0   3.4   2.7   3.5   0.8   5.3   1.6   3.5   4.1   9.2   9.0   4.7   3.5   3.6   3.6   3.5   2.9   3.6   2.3
 wrfout_d04_2016-03-27_13:00:00 999.0   6.0   3.2   1.9   3.7   3.4   0.8   4.2   1.1   2.3   0.6   4.2 999.0   3.1   2.3   3.4   0.7   5.3   2.5   3.4   4.0   9.2   8.9   4.9   3.2   3.4   3.3   3.1   3.0   3.0   3.5
 wrfout_d04_2016-03-27_14:00:00 999.0   5.9   3.2   1.3   3.7   3.3   0.4   3.3   1.1   2.9   2.2   4.3 999.0   3.3   2.3   3.5   0.4   5.5   1.9   3.1   3.6   9.2   9.1   4.3   3.2   3.2   3.4   2.7   3.4   4.8   3.3
 wrfout_d04_2016-03-27_15:00:00 999.0   5.7   3.1   0.7   3.7   2.4   0.2   3.1   1.2   3.2   2.5   4.7 999.0   3.3   2.4   3.6   0.2   5.8   1.4   2.7   3.7   9.1   9.2   4.4   3.1   3.2   3.4   2.6   3.2   5.5   2.7
 wrfout_d04_2016-03-27_16:00:00 999.0   5.4   3.1   1.2   3.5   1.5   0.4   3.5   1.0   3.3   2.4   4.6 999.0   3.2   2.3   3.1   0.3   6.0   1.8   2.5   4.2   9.3   9.1   3.9   2.9   3.0   3.2   2.5   3.2   5.3   2.6
 wrfout_d04_2016-03-27_17:00:00 999.0   5.2   3.1   1.3   3.5   0.8   0.6   3.5   0.5   3.3   2.4   4.6 999.0   3.2   2.3   2.9   0.3   6.2   2.3   2.5   4.4   9.6   9.0   3.5   2.7   2.8   3.2   2.5   3.0   5.4   3.8
 wrfout_d04_2016-03-27_18:00:00 999.0   5.2   3.0   1.3   3.5   1.3   0.5   3.5   0.3   3.2   2.5   4.3 999.0   3.4   2.2   2.7   0.3   6.1   2.4   2.4   4.4   9.7   9.0   2.9   2.4   2.6   3.3   2.5   2.9   5.9   4.8
 wrfout_d04_2016-03-27_19:00:00 999.0   5.5   3.1   1.2   3.6   1.5   0.4   3.7   0.2   3.2   2.4   4.3 999.0   3.5   2.3   2.2   0.3   6.1   2.3   2.2   4.2   9.7   9.3   3.1   2.3   2.5   3.3   2.5   3.4   5.6   4.7
 wrfout_d04_2016-03-27_20:00:00 999.0   5.6   3.4   1.2   3.9   1.6   0.5   3.8   0.3   3.3   1.6   4.2 999.0   3.6   2.2   2.1   0.3   6.0   1.8   2.1   3.5   9.5   9.4   3.3   2.3   2.6   3.4   2.0   3.6   6.1   4.4
 wrfout_d04_2016-03-27_21:00:00 999.0   5.6   3.5   1.4   4.1   2.0   0.5   3.9   0.7   3.4   1.3   4.3 999.0   3.7   2.2   2.2   0.2   6.0   1.8   2.0   3.0   9.4   9.3   3.9   2.2   2.4   3.7   1.5   3.6   5.2   4.9
 wrfout_d04_2016-03-27_22:00:00 999.0   5.4   3.7   1.6   4.2   2.0   0.8   4.1   0.4   3.6   1.9   4.2 999.0   3.6   2.0   2.4   0.3   6.0   1.5   2.0   2.5   9.4   9.7   4.0   2.1   2.3   3.7   1.4   3.9   5.2   4.8
 wrfout_d04_2016-03-27_23:00:00 999.0   5.1   4.0   2.2   3.7   1.4   0.4   4.5   0.7   4.0   1.8   3.2 999.0   3.4   2.0   2.4   0.1   5.8   0.9   1.8   2.6   9.4   9.3   4.8   1.9   2.2   3.4   1.6   3.7   5.2   4.2
