 wrfout_d04_2016-01-22_00:00:00 999.0   9.5   5.4   1.5   5.5   4.5   1.8   6.9   2.4   4.0   1.8   1.9 999.0   3.7   2.0   3.3   0.6   5.9   4.8   1.7   6.9   8.6   7.3   3.6   2.9   3.2   2.5   2.1   2.0   4.6   3.5
 wrfout_d04_2016-01-22_01:00:00 999.0   9.0   5.3   1.0   5.8   4.3   2.8   7.2   2.7   3.8   2.0   2.5 999.0   3.6   1.5   2.7   2.1   5.9   4.5   1.7   6.8   7.9   6.2   4.1   2.5   2.7   2.5   1.9   2.9   4.3   4.0
 wrfout_d04_2016-01-22_02:00:00 999.0   9.5   5.3   1.2   5.8   4.1   2.7   7.2   2.5   3.8   1.8   2.2 999.0   3.5   1.2   2.3   2.3   5.9   4.4   2.1   6.6   7.9   4.8   3.9   1.7   1.8   2.2   1.4   2.6   3.8   3.4
 wrfout_d04_2016-01-22_03:00:00 999.0  10.1   5.3   1.5   5.6   3.8   2.5   6.8   2.4   3.9   1.6   1.8 999.0   4.5   1.9   2.4   1.0   5.3   4.2   1.5   6.8   7.0   4.5   3.8   1.7   1.8   2.8   1.2   2.6   4.2   2.8
 wrfout_d04_2016-01-22_04:00:00 999.0  10.3   5.5   2.3   6.0   4.2   1.8   7.1   2.4   4.5   1.6   1.8 999.0   3.8   2.4   2.7   0.8   5.9   3.9   2.3   7.2   7.4   4.6   3.3   2.0   2.3   3.0   1.6   2.8   4.4   3.2
 wrfout_d04_2016-01-22_05:00:00 999.0   9.9   5.3   2.1   6.6   4.7   1.0   7.0   1.2   4.0   0.9   2.7 999.0   3.9   2.8   2.7   1.7   6.7   4.3   2.6   6.9   8.3   5.5   3.0   1.9   2.1   3.2   1.8   2.9   4.3   2.5
 wrfout_d04_2016-01-22_06:00:00 999.0  10.3   5.1   3.0   6.3   4.9   0.9   7.5   1.1   4.0   1.6   3.6 999.0   3.7   1.7   2.7   0.7   6.1   4.1   3.1   7.1   8.3   7.1   3.2   3.0   3.0   3.1   2.5   2.7   3.5   1.5
 wrfout_d04_2016-01-22_07:00:00 999.0  10.6   5.7   3.1   7.0   5.3   0.9   7.5   0.8   3.9   1.6   2.7 999.0   4.2   3.1   3.1   1.6   6.3   3.7   2.6   6.8   8.0   5.9   3.2   2.6   2.5   2.8   2.5   2.6   2.9   0.9
 wrfout_d04_2016-01-22_08:00:00 999.0  11.1   5.7   3.2   7.0   5.2   1.3   7.3   0.1   4.1   1.0   3.4 999.0   4.3   2.9   2.7   0.7   6.7   4.0   2.7   6.7   9.3   5.8   3.3   2.5   2.5   2.7   2.3   1.4   2.0   1.1
 wrfout_d04_2016-01-22_09:00:00 999.0  10.4   5.8   3.0   6.6   4.8   0.8   7.1   0.9   4.1   1.5   3.3 999.0   4.5   3.1   3.3   1.1   6.3   5.2   2.7   8.2   8.7   6.1   2.2   2.5   2.8   2.2   1.9   0.8   1.3   1.2
 wrfout_d04_2016-01-22_10:00:00 999.0  10.0   5.8   3.5   6.2   5.0   1.5   7.1   0.3   4.1   2.0   3.4 999.0   4.3   3.0   3.2   1.4   6.7   5.4   2.6   8.4   8.9   5.8   2.8   2.8   2.8   0.9   2.1   0.9   1.0   2.2
 wrfout_d04_2016-01-22_11:00:00 999.0   9.8   5.6   3.4   5.6   4.8   1.6   7.0   0.5   4.0   2.5   3.6 999.0   4.6   3.1   4.0   1.2   6.7   5.6   2.9   8.9  11.0   6.1   3.0   2.5   2.6   1.4   2.2   1.4   0.9   1.6
 wrfout_d04_2016-01-22_12:00:00 999.0  10.1   5.2   3.8   5.2   4.5   1.7   7.1   0.2   4.0   2.0   3.3 999.0   4.9   3.5   4.5   0.3   7.3   5.5   2.9   8.2  11.3   7.5   3.5   2.9   3.1   1.1   2.7   0.8   0.8   1.7
 wrfout_d04_2016-01-22_13:00:00 999.0   9.9   5.2   3.7   4.5   4.5   1.6   7.2   0.5   3.6   1.6   3.6 999.0   5.3   3.5   4.6   0.4   7.6   5.5   3.4   8.0  12.0   8.2   4.0   3.1   3.2   2.0   2.9   0.6   1.4   1.2
 wrfout_d04_2016-01-22_14:00:00 999.0   9.9   5.1   3.5   4.2   4.6   1.3   7.4   0.9   3.7   1.7   3.8 999.0   5.4   4.0   4.7   0.3   8.4   5.4   3.4   8.4  12.6   8.8   5.0   3.3   3.5   1.9   2.6   1.7   1.6   3.2
 wrfout_d04_2016-01-22_15:00:00 999.0  10.3   5.4   3.6   4.2   4.9   1.3   8.8   1.1   3.3   1.9   4.1 999.0   5.8   4.7   5.0   0.9   9.2   5.1   3.7   8.5  13.0   9.3   6.3   3.2   3.4   2.4   2.6   1.8   1.6   3.2
 wrfout_d04_2016-01-22_16:00:00 999.0  10.9   6.1   4.7   5.0   5.3   1.2   9.7   1.6   4.5   1.9   4.1 999.0   6.4   4.8   4.7   2.2   9.4   4.9   5.0   8.6  14.3  12.5   6.5   3.3   3.7   2.4   3.3   2.0   2.9   3.0
 wrfout_d04_2016-01-22_17:00:00 999.0  11.7   5.7   4.9   4.7   5.8   2.6   9.4   3.1   5.2   2.0   4.2 999.0   6.1   5.4   4.3   2.1   9.6   4.3   4.7   8.8  15.0  13.9   6.8   4.6   4.5   2.9   3.7   1.1   3.2   3.2
 wrfout_d04_2016-01-22_18:00:00 999.0  12.4   6.3   5.6   4.9   6.1   2.3  10.6   3.6   4.7   2.1   4.5 999.0   6.5   5.1   4.5   2.1   9.7   3.0   5.1   8.7  15.0  14.0   6.6   5.1   5.5   2.8   4.1   3.3   4.5   3.9
 wrfout_d04_2016-01-22_19:00:00 999.0  13.9   7.4   5.6   6.8   6.8   4.2  11.3   4.9   5.2   1.5   4.6 999.0   6.9   5.5   4.7   2.9   9.6   3.1   5.6   8.2  15.5  14.3   7.4   5.8   6.3   3.2   3.9   3.8   4.8   3.0
 wrfout_d04_2016-01-22_20:00:00 999.0  14.9   7.6   5.6   6.9   7.0   4.0  10.6   4.2   5.2   2.4   4.5 999.0   7.1   5.5   5.1   2.7   9.8   3.4   5.5   8.5  15.8  14.4   8.0   6.1   6.4   3.2   4.2   4.2   7.0   3.0
 wrfout_d04_2016-01-22_21:00:00 999.0  15.0   7.6   5.6   7.0   7.4   3.8  10.4   4.0   5.4   1.8   5.0 999.0   7.4   5.9   6.3   2.5  10.2   2.7   5.3   8.0  16.1  14.8   8.2   5.6   5.9   3.2   4.1   3.6   5.9   2.7
 wrfout_d04_2016-01-22_22:00:00 999.0  15.1   7.6   5.7   7.6   7.4   3.2  10.1   3.8   5.4   1.9   4.4 999.0   7.7   6.7   7.7   2.8  10.4   2.8   4.7   8.0  16.5  15.0   8.8   5.7   5.9   4.0   4.0   3.4   6.8   2.7
 wrfout_d04_2016-01-22_23:00:00 999.0  14.9   7.6   5.7   7.7   7.5   2.7  10.1   3.7   5.6   1.8   4.6 999.0   7.7   6.5   8.7   1.4  10.3   3.5   5.3   7.5  16.1  15.1   9.6   5.7   5.9   4.0   4.0   4.2   7.1   2.8
