 wrfout_d04_2016-06-02_00:00:00 999.00  25.59  22.43  26.33  23.67  29.06  30.71  28.62  31.19  30.51  28.83  28.85 999.00  29.02  28.82  29.83  25.90  28.65  19.64  28.45  13.26  28.52  28.93  29.63  29.08  29.12  30.27  30.68  30.86  29.18  29.18
 wrfout_d04_2016-06-02_01:00:00 999.00  25.91  22.21  25.71  23.06  25.70  25.69  25.48  26.32  30.44  28.27  29.22 999.00  29.69  29.75  29.71  27.80  28.76  21.08  29.50  14.03  28.69  29.00  29.97  31.07  30.92  31.49  31.35  30.37  29.27  30.04
 wrfout_d04_2016-06-02_02:00:00 999.00  25.75  20.93  25.31  21.87  26.12  25.68  25.57  26.07  26.28  27.61  28.08 999.00  31.68  30.74  30.10  28.99  29.58  21.34  30.15  13.58  28.81  29.16  30.29  31.91  31.17  31.85  31.96  32.50  29.77  29.72
 wrfout_d04_2016-06-02_03:00:00 999.00  25.66  21.69  25.25  22.29  25.52  25.99  26.00  26.53  26.35  26.30  27.84 999.00  31.41  31.73  29.71  28.65  30.22  21.51  31.30  14.93  28.87  29.24  30.11  32.38  32.01  32.12  32.49  31.96  30.81  31.18
 wrfout_d04_2016-06-02_04:00:00 999.00  25.41  20.86  25.75  21.89  25.78  26.88  27.31  26.98  26.44  28.57  28.65 999.00  30.64  31.97  29.52  28.39  30.93  20.76  32.33  12.35  28.82  29.12  29.71  32.13  31.48  31.91  32.54  32.04  31.88  31.84
 wrfout_d04_2016-06-02_05:00:00 999.00  25.35  21.69  24.74  22.50  26.01  26.69  27.24  26.90  28.24  28.37  29.36 999.00  30.45  31.82  29.81  27.63  30.66  19.92  32.39  12.42  28.78  29.20  29.62  32.40  32.23  31.63  32.35  31.18  32.04  31.97
 wrfout_d04_2016-06-02_06:00:00 999.00  25.36  22.43  25.56  23.19  25.96  26.17  26.99  26.14  28.29  27.30  28.69 999.00  30.75  31.63  29.69  27.38  30.28  19.48  31.68  12.31  28.78  29.10  28.94  31.76  31.86  31.26  32.35  30.35  31.28  31.59
 wrfout_d04_2016-06-02_07:00:00 999.00  25.21  22.72  26.55  23.71  26.63  27.45  27.38  26.95  28.78  27.13  27.84 999.00  30.80  31.67  29.15  27.06  29.94  18.97  30.71  12.15  28.71  29.12  28.34  31.35  31.15  30.45  31.72  29.71  30.62  31.18
 wrfout_d04_2016-06-02_08:00:00 999.00  25.20  22.64  26.24  23.42  26.72  27.37  27.65  27.17  28.77  27.57  27.11 999.00  30.61  31.31  28.87  26.48  29.65  18.68  29.88  11.99  28.68  29.11  27.81  30.74  30.47  29.87  31.40  28.93  29.61  30.62
 wrfout_d04_2016-06-02_09:00:00 999.00  25.16  22.77  26.27  23.40  25.95  27.06  27.18  27.42  28.42  27.67  27.28 999.00  30.13  30.67  28.83  25.42  29.18  18.20  29.36  11.44  28.63  29.08  27.78  30.31  30.05  29.45  30.94  27.98  28.67  30.04
 wrfout_d04_2016-06-02_10:00:00 999.00  25.13  22.47  25.85  23.53  25.41  27.46  26.89  28.03  28.34  27.25  27.05 999.00  29.43  29.96  28.58  24.58  28.82  17.67  28.96  10.91  28.62  29.04  27.45  29.75  29.56  29.06  30.71  27.23  27.82  29.67
 wrfout_d04_2016-06-02_11:00:00 999.00  25.34  22.34  25.36  23.21  25.21  27.62  26.54  27.39  27.79  26.97  26.73 999.00  29.00  28.94  28.41  23.62  28.58  16.45  28.54  10.53  28.62  28.98  27.05  29.25  29.10  29.04  30.43  26.33  26.69  29.29
 wrfout_d04_2016-06-02_12:00:00 999.00  25.45  22.37  25.89  23.40  25.52  26.38  26.04  27.07  27.51  26.08  26.89 999.00  28.90  28.38  28.38  23.20  28.48  15.68  28.29  10.49  28.61  28.97  27.33  29.02  28.90  28.96  30.26  25.98  26.90  29.16
 wrfout_d04_2016-06-02_13:00:00 999.00  25.51  22.44  25.89  23.31  25.59  26.20  26.06  26.43  27.60  25.54  27.04 999.00  28.70  27.98  28.15  22.94  28.42  15.55  28.06  10.61  28.58  28.88  27.36  28.86  28.76  28.56  30.04  25.54  26.81  28.97
 wrfout_d04_2016-06-02_14:00:00 999.00  25.61  22.55  25.22  23.24  25.75  26.62  25.57  26.66  27.93  25.81  26.96 999.00  28.26  27.66  27.95  22.34  28.31  14.97  27.73  10.65  28.59  28.74  27.28  28.66  28.58  28.49  29.83  25.24  26.79  28.73
 wrfout_d04_2016-06-02_15:00:00 999.00  25.53  22.74  25.86  23.40  25.73  27.09  26.39  26.58  27.64  25.90  26.94 999.00  28.24  27.48  27.74  22.13  28.19  14.89  27.34  10.73  28.57  28.59  26.43  28.33  28.41  28.28  29.52  24.97  26.67  28.42
 wrfout_d04_2016-06-02_16:00:00 999.00  25.79  22.80  26.18  23.43  25.61  27.43  26.86  26.62  27.56  26.47  27.22 999.00  28.13  27.31  27.72  21.84  28.09  14.68  26.85  10.85  28.53  28.52  26.94  27.90  28.00  28.27  29.27  24.75  26.54  28.15
 wrfout_d04_2016-06-02_17:00:00 999.00  26.05  22.85  26.35  23.49  26.19  27.42  26.83  26.74  28.18  26.45  26.44 999.00  27.97  27.07  27.80  21.57  27.99  14.34  26.58  10.90  28.48  28.45  26.83  27.48  27.69  28.15  29.21  24.52  26.56  28.03
 wrfout_d04_2016-06-02_18:00:00 999.00  26.26  22.80  25.95  23.47  25.83  27.18  26.89  27.12  27.98  25.84  26.30 999.00  27.71  26.81  27.72  21.42  27.95  14.14  26.17  10.83  28.56  28.45  26.69  27.07  27.25  27.99  29.03  24.38  26.46  27.80
 wrfout_d04_2016-06-02_19:00:00 999.00  26.54  22.86  26.05  23.44  26.44  26.89  27.25  27.17  28.12  25.95  26.39 999.00  27.54  26.64  27.65  21.48  27.89  14.82  26.13  10.69  28.48  28.55  26.71  26.68  26.93  27.59  28.96  24.19  26.44  27.69
 wrfout_d04_2016-06-02_20:00:00 999.00  26.78  22.68  25.41  23.23  26.09  26.51  27.21  26.77  27.98  25.65  26.12 999.00  27.35  26.33  27.55  21.00  27.81  15.55  25.89  10.75  28.41  28.23  26.69  26.33  26.56  27.34  28.79  24.02  26.41  27.52
 wrfout_d04_2016-06-02_21:00:00 999.00  26.94  22.60  25.77  23.21  26.36  26.63  27.30  26.46  27.43  25.55  26.01 999.00  27.05  25.96  27.53  20.81  27.69  15.63  25.74  10.70  28.38  27.99  26.63  25.93  26.18  27.09  28.76  23.77  26.39  27.49
 wrfout_d04_2016-06-02_22:00:00 999.00  26.84  22.53  26.13  23.18  26.23  26.76  27.43  27.08  28.10  26.55  26.58 999.00  27.76  27.05  27.80  22.80  27.98  16.70  26.08  11.12  28.41  27.78  27.12  26.51  26.54  27.48  29.08  26.42  27.04  27.86
 wrfout_d04_2016-06-02_23:00:00 999.00  27.22  22.81  26.90  23.71  27.23  27.91  28.14  27.98  28.67  27.37  27.72 999.00  29.14  28.40  28.86  24.45  28.83  18.00  27.32  11.79  28.43  28.54  27.82  28.24  28.30  29.00  29.72  28.33  27.93  28.65
 wrfout_d04_2016-06-03_00:00:00 999.00  27.21  23.46  28.15  24.63  28.48  29.59  27.83  29.78  29.79  28.33  29.18 999.00  30.76  30.15  29.69  26.08  29.03  19.28  28.66  12.62  28.43  28.75  28.53  29.88  29.88  30.14  30.55  31.08  28.64  29.61
 wrfout_d04_2016-06-03_01:00:00 999.00  27.33  24.07  27.67  25.37  29.34  30.28  29.21  30.92  32.09  29.45  30.20 999.00  31.92  31.65  29.68  28.03  29.33  20.14  29.70  13.16  28.52  28.80  29.45  31.18  30.78  31.33  31.36  32.40  29.33  30.21
 wrfout_d04_2016-06-03_02:00:00 999.00  27.09  25.30  29.51  26.44  31.67  32.92  29.87  33.40  33.36  30.44  31.07 999.00  32.32  33.00  30.80  29.06  29.82  20.86  30.75  13.42  28.59  28.84  29.82  32.22  31.54  31.92  31.95  32.74  29.83  30.75
 wrfout_d04_2016-06-03_03:00:00 999.00  27.33  25.99  31.13  27.34  30.92  34.27  30.49  34.89  32.47  30.62  31.21 999.00  32.91  34.17  31.10  29.49  30.74  21.44  32.16  13.66  28.65  28.89  30.13  32.96  32.20  32.22  32.32  33.39  30.17  31.06
 wrfout_d04_2016-06-03_04:00:00 999.00  27.29  26.40  31.67  27.89  29.89  35.01  30.28  34.79  32.40  30.74  31.14 999.00  33.05  35.32  31.23  29.97  31.14  21.80  32.91  13.97  28.66  28.87  30.37  33.49  32.60  32.10  32.52  34.16  30.38  31.30
 wrfout_d04_2016-06-03_05:00:00 999.00  27.27  26.28  31.89  27.77  30.26  34.62  30.24  34.67  32.44  31.16  31.50 999.00  32.84  35.68  31.25  30.25  31.11  21.95  33.36  14.02  28.68  28.88  30.28  33.87  32.83  32.20  32.66  34.17  30.43  31.49
 wrfout_d04_2016-06-03_06:00:00 999.00  27.23  25.65  30.79  27.18  30.29  34.33  29.90  34.41  32.14  31.24  31.88 999.00  32.52  35.79  31.34  30.20  31.03  21.87  33.57  13.79  28.71  28.92  30.26  33.91  32.84  32.44  32.51  33.93  30.27  31.47
 wrfout_d04_2016-06-03_07:00:00 999.00  27.36  25.12  30.07  26.58  29.72  33.34  29.49  33.52  31.33  30.73  31.51 999.00  32.16  35.55  31.23  29.66  30.92  21.23  33.26  13.42  28.78  28.90  30.17  33.56  32.54  32.39  32.22  33.44  29.83  31.15
 wrfout_d04_2016-06-03_08:00:00 999.00  27.29  24.54  29.38  25.88  29.26  32.38  29.03  32.55  30.48  30.05  31.12 999.00  31.78  34.57  31.02  28.74  30.64  20.51  32.25  13.14  28.80  28.88  30.09  32.83  32.08  32.05  31.91  32.60  29.19  30.72
 wrfout_d04_2016-06-03_09:00:00 999.00  27.04  23.66  28.68  24.82  28.60  31.40  28.32  31.68  29.70  29.33  30.21 999.00  30.93  33.27  30.51  27.62  30.09  19.73  31.12  12.62  28.80  28.90  29.55  32.03  31.24  31.40  31.52  31.08  28.41  30.31
 wrfout_d04_2016-06-03_10:00:00 999.00  27.10  23.03  27.96  24.04  27.98  30.70  27.87  30.76  29.07  28.30  28.93 999.00  30.24  31.94  29.69  26.13  29.47  18.39  30.20  11.63  28.91  28.87  28.71  30.80  30.31  30.39  30.86  29.13  27.47  29.71
 wrfout_d04_2016-06-03_11:00:00 999.00  27.20  22.66  26.80  23.52  27.70  30.40  27.69  29.90  28.86  27.81  28.08 999.00  29.82  30.87  29.17  23.99  29.05  15.97  29.51  11.15  28.88  28.79  28.27  30.05  29.60  29.52  30.47  27.06  27.04  29.28
 wrfout_d04_2016-06-03_12:00:00 999.00  27.15  22.65  26.61  22.67  27.68  29.88  27.71  29.40  29.16  28.03  27.91 999.00  29.44  30.06  28.88  23.37  28.79  15.81  29.01  11.01  28.80  28.74  27.99  29.63  29.16  29.19  30.27  26.40  26.94  29.08
 wrfout_d04_2016-06-03_13:00:00 999.00  27.13  22.57  26.47  22.45  27.38  29.33  27.78  29.12  29.16  28.02  27.94 999.00  28.81  29.41  28.51  22.87  28.50  15.34  28.44  10.95  28.70  28.71  27.67  29.17  28.93  28.86  30.04  25.84  26.86  28.90
 wrfout_d04_2016-06-03_14:00:00 999.00  27.10  22.51  26.24  22.26  27.16  28.82  27.91  28.88  29.19  28.01  28.01 999.00  28.50  28.67  28.28  22.44  28.29  15.02  27.81  10.81  28.53  28.67  27.21  28.96  28.83  28.44  29.91  25.37  26.78  28.65
 wrfout_d04_2016-06-03_15:00:00 999.00  27.07  22.61  26.04  22.21  27.01  28.60  27.82  28.48  29.04  27.61  27.89 999.00  28.28  28.23  28.07  22.04  28.35  14.74  27.45  10.90  28.57  28.66  26.91  28.83  28.72  28.40  29.62  24.93  26.69  28.24
 wrfout_d04_2016-06-03_16:00:00 999.00  27.09  22.48  25.87  22.12  26.81  28.36  27.67  28.11  28.71  27.31  28.11 999.00  28.05  27.91  27.89  21.61  28.30  14.80  26.80  10.82  28.54  28.67  26.63  28.62  28.54  28.33  29.25  24.54  26.60  27.97
 wrfout_d04_2016-06-03_17:00:00 999.00  27.02  22.34  25.61  21.91  26.70  28.22  27.49  27.84  28.47  27.22  27.90 999.00  27.75  27.58  27.67  21.23  28.11  13.92  26.70  10.49  28.29  28.58  26.36  28.46  28.38  28.14  29.18  24.19  26.58  27.89
 wrfout_d04_2016-06-03_18:00:00 999.00  26.99  22.18  25.41  22.72  26.41  27.91  27.41  27.37  28.33  27.10  27.34 999.00  27.45  27.44  27.53  20.86  27.99  13.53  26.53  10.20  28.29  28.51  26.09  28.22  28.24  27.72  29.01  23.92  26.53  27.75
 wrfout_d04_2016-06-03_19:00:00 999.00  27.10  22.07  25.25  22.73  26.46  27.77  27.41  27.02  28.30  26.93  26.99 999.00  27.25  27.32  27.48  20.57  27.87  13.31  26.36  10.14  28.25  28.46  25.85  27.65  27.91  27.34  28.96  23.74  26.54  27.69
 wrfout_d04_2016-06-03_20:00:00 999.00  27.49  22.01  25.10  22.66  25.71  27.15  27.36  26.87  28.13  26.61  26.52 999.00  27.20  27.12  27.46  20.37  27.78  14.48  26.01  10.14  28.24  28.39  25.64  27.26  27.33  27.31  28.82  23.60  26.52  27.56
 wrfout_d04_2016-06-03_21:00:00 999.00  27.53  22.04  24.99  22.73  25.81  26.81  27.28  26.63  27.99  26.28  26.31 999.00  27.14  26.96  27.46  20.23  27.73  14.93  26.06  10.09  28.22  28.09  25.42  26.97  26.86  27.14  28.79  23.82  26.50  27.55
 wrfout_d04_2016-06-03_22:00:00 999.00  27.47  22.46  27.59  23.32  27.01  28.24  27.52  27.92  28.36  27.40  27.62 999.00  27.64  27.35  27.73  23.62  28.12  16.91  26.56  11.13  28.27  28.34  27.43  27.33  27.09  27.36  29.23  26.93  27.08  27.88
 wrfout_d04_2016-06-03_23:00:00 999.00  27.54  23.40  28.82  24.48  28.55  29.53  28.16  29.40  29.45  28.92  28.94 999.00  28.95  28.69  28.81  26.00  28.92  19.00  27.64  12.55  28.35  28.60  27.97  29.05  28.96  27.91  30.00  29.64  27.99  28.47
 wrfout_d04_2016-06-04_00:00:00 999.00  27.61  24.56  29.86  25.71  30.24  31.20  28.68  31.07  30.63  30.26  30.16 999.00  30.53  30.52  29.67  28.02  29.66  20.38  29.11  13.55  28.41  28.72  28.75  30.70  30.44  29.25  30.75  31.28  28.79  29.19
 wrfout_d04_2016-06-04_01:00:00 999.00  27.63  25.58  30.66  26.83  31.94  33.01  29.04  32.95  31.57  31.04  30.86 999.00  32.11  32.20  30.27  29.34  30.30  21.28  30.62  14.23  28.50  28.83  29.15  31.82  31.37  30.50  31.46  32.83  29.43  29.85
 wrfout_d04_2016-06-04_02:00:00 999.00  27.68  26.33  31.22  27.64  33.54  34.22  29.58  34.30  32.03  31.65  31.49 999.00  32.32  33.91  30.77  29.96  30.75  21.99  31.93  14.62  28.58  28.91  29.35  32.72  31.93  31.13  31.91  34.08  30.05  30.52
 wrfout_d04_2016-06-04_03:00:00 999.00  27.81  27.05  32.04  28.44  34.57  35.14  30.05  35.20  32.33  31.96  31.80 999.00  32.77  35.22  31.31  30.69  30.97  22.38  32.89  14.82  28.64  28.94  29.66  33.29  32.39  31.52  32.27  34.74  30.49  30.99
 wrfout_d04_2016-06-04_04:00:00 999.00  27.81  27.53  32.48  28.92  34.85  35.59  30.18  35.50  32.56  31.87  32.24 999.00  33.11  35.73  31.46  31.29  31.05  22.43  33.31  14.85  28.67  28.95  29.90  33.60  32.63  31.68  32.53  35.19  30.73  31.23
 wrfout_d04_2016-06-04_05:00:00 999.00  27.87  27.49  32.37  28.93  34.27  35.68  30.24  35.60  32.64  31.60  32.50 999.00  33.18  35.96  31.44  31.67  31.25  22.30  33.59  14.69  28.66  28.94  30.08  33.72  32.70  31.79  32.66  35.24  30.72  31.35
 wrfout_d04_2016-06-04_06:00:00 999.00  27.91  27.13  31.90  28.56  33.78  35.52  30.06  35.36  32.57  31.59  32.50 999.00  33.00  35.88  31.51  31.46  31.11  21.97  33.53  14.32  28.64  28.92  30.13  33.66  32.67  31.88  32.65  34.78  30.55  31.35
 wrfout_d04_2016-06-04_07:00:00 999.00  27.88  26.31  30.97  27.69  32.29  34.77  29.64  34.72  32.04  31.37  32.25 999.00  32.60  35.52  31.30  30.91  30.90  21.37  33.14  13.68  28.65  28.92  30.15  33.39  32.46  31.77  32.55  33.74  30.15  31.20
 wrfout_d04_2016-06-04_08:00:00 999.00  27.80  25.64  30.59  26.95  30.82  33.77  29.26  33.69  31.24  31.08  31.56 999.00  32.03  34.86  31.13  29.98  30.55  20.59  32.30  12.99  28.64  28.89  29.89  32.80  32.05  31.38  32.20  31.99  29.58  30.77
 wrfout_d04_2016-06-04_09:00:00 999.00  27.71  25.10  30.17  26.38  30.77  33.10  28.86  32.97  30.66  30.60  30.70 999.00  31.43  33.76  30.85  28.61  30.10  19.58  31.63  12.02  28.63  28.89  29.35  32.17  31.40  30.68  31.74  30.46  28.79  30.40
 wrfout_d04_2016-06-04_10:00:00 999.00  27.61  23.94  28.73  25.10  29.95  32.20  28.19  31.97  29.89  29.55  29.47 999.00  30.87  32.35  29.89  26.70  29.55  18.17  30.52  10.96  28.62  28.89  28.54  31.08  30.37  29.90  31.27  28.54  27.88  29.75
 wrfout_d04_2016-06-04_11:00:00 999.00  27.29  23.27  27.20  24.29  28.87  31.05  27.83  31.04  29.43  28.83  28.67 999.00  30.29  31.24  29.32  24.76  29.08  16.19  29.65  10.33  28.61  28.85  28.22  30.16  29.76  29.25  30.72  27.06  27.37  29.25
 wrfout_d04_2016-06-04_12:00:00 999.00  27.17  23.14  26.94  24.10  28.55  30.37  27.75  30.32  29.24  28.63  28.44 999.00  29.92  30.35  29.18  23.95  28.87  15.66  29.26  10.39  28.60  28.82  28.10  29.89  29.53  28.96  30.43  26.59  27.26  29.03
 wrfout_d04_2016-06-04_13:00:00 999.00  27.18  23.02  26.70  23.92  28.47  30.00  27.72  29.82  29.04  28.42  28.26 999.00  29.38  29.75  28.97  23.15  28.72  15.34  28.94  10.47  28.59  28.76  27.72  29.67  29.33  28.62  30.18  26.04  27.13  28.80
 wrfout_d04_2016-06-04_14:00:00 999.00  27.22  22.92  26.51  23.74  28.27  29.72  27.70  29.46  29.00  28.25  28.08 999.00  29.03  29.24  28.77  22.65  28.59  14.90  28.53  10.28  28.56  28.67  27.33  29.47  29.12  28.28  29.91  25.68  27.02  28.57
 wrfout_d04_2016-06-04_15:00:00 999.00  27.33  22.82  26.30  23.65  27.82  29.40  27.53  29.08  28.73  27.96  27.82 999.00  28.66  28.78  28.63  22.20  28.44  14.62  27.95  10.13  28.52  28.62  26.99  29.24  28.87  28.20  29.63  25.35  26.89  28.34
 wrfout_d04_2016-06-04_16:00:00 999.00  27.28  22.71  26.09  23.32  27.45  29.11  27.17  28.68  28.31  27.75  27.81 999.00  28.36  28.40  28.51  21.83  28.31  14.38  27.29   9.91  28.45  28.63  26.68  28.98  28.74  28.13  29.33  25.07  26.74  28.10
 wrfout_d04_2016-06-04_17:00:00 999.00  27.16  22.54  25.89  22.74  27.18  28.76  26.72  28.41  28.55  27.53  27.62 999.00  27.99  28.04  28.36  21.43  28.21  14.07  27.01   9.48  28.37  28.64  26.40  28.88  28.68  27.97  29.33  24.81  26.60  28.03
 wrfout_d04_2016-06-04_18:00:00 999.00  27.10  22.32  25.69  22.57  26.89  28.44  26.57  28.10  28.34  27.42  27.43 999.00  27.70  27.68  28.23  21.17  28.11  13.74  26.64   8.94  28.34  28.65  26.14  28.75  28.57  27.81  29.18  24.56  26.51  27.92
 wrfout_d04_2016-06-04_19:00:00 999.00  26.93  22.18  25.42  22.51  26.69  28.25  26.17  27.78  28.03  27.32  27.33 999.00  27.61  27.31  28.22  20.91  28.01  13.39  26.41   8.41  28.35  28.62  25.94  28.57  28.49  27.63  29.12  24.32  26.44  27.85
 wrfout_d04_2016-06-04_20:00:00 999.00  26.77  22.03  25.24  22.57  26.53  27.90  26.11  27.28  27.38  27.09  27.18 999.00  27.60  27.11  28.21  20.66  27.92  13.07  26.19   7.67  28.40  28.57  25.78  28.34  28.40  27.44  28.98  24.17  26.38  27.70
 wrfout_d04_2016-06-04_21:00:00 999.00  26.60  21.94  25.15  22.50  26.43  27.57  26.21  27.09  26.28  26.77  27.26 999.00  27.57  27.04  28.14  20.44  27.89  12.75  26.18   7.18  28.40  28.57  25.58  28.02  28.26  27.29  28.97  23.99  26.35  27.66
 wrfout_d04_2016-06-04_22:00:00 999.00  26.59  22.73  28.02  23.78  27.36  28.14  27.60  27.92  27.33  27.52  27.63 999.00  28.03  27.51  28.44  23.05  28.31  16.17  26.63  10.45  28.40  28.38  27.55  28.24  28.45  27.70  29.29  27.19  27.38  28.15
 wrfout_d04_2016-06-04_23:00:00 999.00  26.39  23.70  28.88  24.74  29.10  29.22  28.72  29.17  29.10  28.62  28.63 999.00  29.38  28.73  29.38  25.08  29.04  18.44  27.99  12.13  28.41  28.62  28.09  29.20  28.99  28.95  30.14  28.26  28.60  29.05
 wrfout_d04_2016-06-05_00:00:00 999.00  26.06  24.81  30.33  25.76  30.24  30.63  29.60  30.66  30.37  29.93  29.75 999.00  31.00  30.45  30.13  26.90  29.71  19.44  29.29  13.08  28.42  28.85  28.91  31.01  30.30  30.05  31.11  30.04  29.61  29.85
 wrfout_d04_2016-06-05_01:00:00 999.00  27.52  25.66  30.56  26.98  31.25  31.73  29.48  31.80  30.64  31.38  30.67 999.00  31.25  31.48  31.19  28.54  29.98  20.45  30.20  13.95  28.43  28.73  30.14  31.63  31.34  31.61  31.47  30.26  29.74  30.50
 wrfout_d04_2016-06-05_02:00:00 999.00  27.34  26.56  30.96  28.02  32.34  32.73  29.66  32.74  31.06  31.83  30.66 999.00  31.69  32.93  31.68  29.62  30.48  21.28  31.44  14.27  28.44  28.80  30.45  32.86  32.22  31.95  32.17  30.75  30.32  31.04
 wrfout_d04_2016-06-05_03:00:00 999.00  27.03  26.95  31.12  28.53  33.06  32.95  29.61  34.02  31.57  31.85  30.77 999.00  31.81  34.58  31.84  30.28  30.80  21.80  32.70  14.17  28.43  28.71  30.47  33.66  32.69  32.31  32.42  31.05  30.81  31.49
 wrfout_d04_2016-06-05_04:00:00 999.00  26.93  26.60  30.65  28.40  30.38  31.17  29.34  34.55  31.60  29.83  28.82 999.00  31.67  34.88  31.86  30.41  30.94  21.95  33.34  14.32  28.39  28.70  30.47  33.92  32.81  32.42  32.46  31.18  31.14  32.00
 wrfout_d04_2016-06-05_05:00:00 999.00  26.78  25.90  30.01  27.69  29.75  32.15  28.95  33.71  31.31  28.03  27.95 999.00  31.45  34.13  31.58  31.21  30.96  21.50  33.30  14.55  28.40  28.72  30.41  33.82  32.66  32.28  32.57  31.09  31.22  32.03
 wrfout_d04_2016-06-05_06:00:00 999.00  26.78  25.79  30.05  27.35  28.35  32.04  28.57  33.22  30.98  26.44  26.99 999.00  31.22  33.39  30.14  31.27  30.80  21.30  32.69  14.41  28.37  28.62  30.09  33.53  32.38  32.13  32.40  30.88  30.99  31.91
 wrfout_d04_2016-06-05_07:00:00 999.00  26.86  25.43  29.41  27.29  26.50  31.04  28.14  31.74  29.77  25.61  26.24 999.00  30.95  32.61  28.90  29.77  30.43  20.38  31.95  13.95  28.31  28.58  29.17  32.94  31.86  31.80  32.04  30.51  30.43  31.54
 wrfout_d04_2016-06-05_08:00:00 999.00  26.92  24.60  29.28  25.75  25.71  28.29  27.90  30.16  30.06  25.12  25.15 999.00  30.49  31.91  27.92  27.93  30.06  19.19  31.18  12.95  28.28  28.58  29.18  32.19  31.33  31.13  31.68  29.95  29.72  31.08
 wrfout_d04_2016-06-05_09:00:00 999.00  25.88  22.16  27.81  23.05  25.70  26.54  28.20  26.80  29.61  25.30  24.79 999.00  29.77  31.17  27.73  25.68  29.60  17.16  30.45  12.73  28.27  28.58  27.42  31.42  30.73  30.87  31.29  29.77  28.91  30.57
 wrfout_d04_2016-06-05_10:00:00 999.00  25.54  21.92  27.05  23.04  25.79  26.81  28.23  26.99  29.40  23.98  24.80 999.00  29.31  30.30  26.31  24.88  29.01  16.40  29.71  11.15  28.29  28.59  26.72  30.57  29.97  30.28  30.92  28.78  27.89  30.04
 wrfout_d04_2016-06-05_11:00:00 999.00  26.42  21.30  26.36  22.24  25.60  26.62  27.27  26.99  29.14  24.27  25.58 999.00  28.43  29.53  25.96  23.57  28.46  15.91  28.87  10.55  28.26  28.56  25.10  29.70  29.24  29.98  30.47  26.86  27.25  29.50
 wrfout_d04_2016-06-05_12:00:00 999.00  26.71  21.17  26.03  21.90  25.78  26.49  27.36  26.94  28.54  25.16  24.73 999.00  28.45  29.18  26.10  23.04  28.31  15.55  28.44  10.35  28.18  28.58  24.91  29.34  29.08  27.82  30.36  26.78  27.13  29.30
 wrfout_d04_2016-06-05_13:00:00 999.00  25.14  20.96  26.21  22.34  25.75  26.52  27.03  26.59  28.40  25.05  25.28 999.00  28.91  29.22  27.50  22.43  28.13  15.45  28.02   9.36  28.14  28.51  25.06  29.24  29.09  27.50  30.29  26.68  26.90  29.23
 wrfout_d04_2016-06-05_14:00:00 999.00  25.74  20.89  25.85  22.15  25.46  26.84  26.79  26.94  28.30  25.35  25.51 999.00  28.84  28.73  27.63  22.10  27.89  14.50  27.64   9.68  28.18  28.32  25.69  29.05  28.96  27.49  29.93  25.52  26.76  29.16
 wrfout_d04_2016-06-05_15:00:00 999.00  26.23  21.31  25.96  22.40  25.47  26.45  26.53  26.78  28.23  25.18  25.39 999.00  28.55  28.23  27.54  21.80  27.71  15.60  27.30   9.91  28.24  28.19  25.43  28.87  28.77  27.48  29.62  25.56  26.38  28.71
 wrfout_d04_2016-06-05_16:00:00 999.00  26.59  21.18  26.23  21.53  25.27  26.17  25.91  27.55  27.11  25.08  25.31 999.00  28.22  28.12  26.97  21.54  27.75  15.33  26.91   9.41  28.26  28.11  25.26  28.70  28.59  27.36  29.37  24.98  25.40  27.68
 wrfout_d04_2016-06-05_17:00:00 999.00  26.70  21.15  26.09  21.23  25.34  26.06  25.41  27.25  26.72  25.08  25.17 999.00  27.98  27.85  26.71  21.22  27.72  15.08  26.77   9.06  28.28  27.80  24.94  28.44  28.33  27.46  29.33  24.20  25.15  27.29
 wrfout_d04_2016-06-05_18:00:00 999.00  26.87  21.11  25.47  20.85  25.19  26.05  25.87  26.73  26.32  25.04  25.08 999.00  27.75  27.47  26.47  20.95  27.67  14.83  26.37   8.96  28.31  27.91  24.82  28.25  28.12  27.29  29.15  24.01  25.39  27.04
 wrfout_d04_2016-06-05_19:00:00 999.00  27.07  20.90  25.59  20.57  25.34  26.03  25.67  26.51  26.03  25.13  24.99 999.00  27.40  27.07  25.81  20.67  27.64  14.78  26.06   9.11  28.32  27.87  24.58  27.98  27.92  27.07  29.00  23.78  25.23  26.92
 wrfout_d04_2016-06-05_20:00:00 999.00  27.18  20.72  25.40  20.58  24.80  25.60  25.68  25.79  25.90  24.70  24.67 999.00  26.98  26.70  25.68  20.45  27.71  14.55  25.90   8.93  28.32  27.76  24.54  27.35  27.58  26.60  28.89  23.54  24.38  26.94
 wrfout_d04_2016-06-05_21:00:00 999.00  27.21  20.76  25.33  20.70  24.94  26.32  25.78  26.12  25.93  24.77  24.57 999.00  26.81  26.46  25.44  20.27  27.67  14.50  25.79   8.89  28.36  27.36  24.55  26.87  26.94  26.39  28.81  23.37  24.22  27.50
 wrfout_d04_2016-06-05_22:00:00 999.00  27.35  22.15  26.54  23.25  26.10  26.38  26.17  26.59  26.42  26.56  26.30 999.00  27.47  26.85  27.10  22.75  28.16  15.99  26.37  10.13  28.39  26.95  26.40  27.30  27.29  26.75  29.09  25.74  26.79  27.63
 wrfout_d04_2016-06-05_23:00:00 999.00  27.41  22.79  27.09  23.79  27.61  28.06  26.77  28.10  27.60  27.87  27.44 999.00  28.93  28.28  28.29  24.05  29.03  17.56  27.71  11.63  28.42  28.02  27.48  28.92  28.93  28.19  29.93  27.08  27.21  29.09
 wrfout_d04_2016-06-06_00:00:00 999.00  27.37  22.84  27.56  24.48  28.80  29.04  27.50  28.54  28.65  28.80  28.73 999.00  30.35  29.90  29.38  25.46  29.65  18.51  28.96  12.60  28.47  28.93  28.03  30.66  30.18  29.29  30.78  29.11  29.00  30.37
 wrfout_d04_2016-06-06_01:00:00 999.00  27.32  23.30  28.34  25.33  30.00  29.35  27.83  29.18  29.75  29.82  29.77 999.00  30.75  31.40  30.39  27.08  30.15  19.27  30.35  13.26  28.53  29.00  28.73  32.16  31.50  30.19  31.49  30.82  29.75  31.22
 wrfout_d04_2016-06-06_02:00:00 999.00  27.13  23.74  28.38  26.21  29.89  30.24  27.55  29.88  29.26  30.63  30.47 999.00  30.69  32.22  30.87  28.28  29.34  19.66  31.58  13.58  28.57  28.96  29.04  32.87  32.26  30.69  32.05  31.88  30.33  31.79
 wrfout_d04_2016-06-06_03:00:00 999.00  26.78  24.65  28.60  26.74  28.85  30.46  28.13  30.46  30.20  30.11  30.39 999.00  30.47  31.35  31.08  27.51  29.23  19.94  32.16  13.45  28.59  28.99  28.69  33.39  32.54  30.92  32.36  32.57  30.77  32.23
 wrfout_d04_2016-06-06_04:00:00 999.00  26.12  25.08  28.97  26.86  27.67  31.13  26.50  30.29  29.66  29.22  30.49 999.00  31.08  32.14  31.25  26.16  28.92  19.31  31.11  14.06  28.57  29.00  28.50  33.46  32.53  31.29  32.50  33.28  31.08  32.55
 wrfout_d04_2016-06-06_05:00:00 999.00  25.45  24.73  27.38  26.56  25.24  28.65  26.38  30.16  27.77  27.65  28.45 999.00  30.23  32.49  29.77  25.17  28.73  19.92  31.12  12.46  28.53  28.83  28.66  33.78  32.90  31.40  32.36  33.59  31.17  32.63
 wrfout_d04_2016-06-06_06:00:00 999.00  25.40  23.84  26.62  25.41  25.39  27.64  26.32  27.05  27.42  24.79  26.92 999.00  30.05  31.33  28.64  24.67  28.52  16.54  30.76  10.70  28.48  28.74  28.91  32.65  31.72  31.63  32.46  33.18  31.14  32.37
 wrfout_d04_2016-06-06_07:00:00 999.00  25.16  22.12  26.67  23.02  24.72  25.66  26.36  26.20  27.44  25.41  25.63 999.00  29.16  29.84  28.87  25.14  28.31  16.59  30.09  11.42  28.34  28.80  28.93  32.20  31.10  31.78  32.05  32.59  30.76  32.01
 wrfout_d04_2016-06-06_08:00:00 999.00  25.21  21.84  26.45  22.91  25.03  24.91  26.41  24.40  27.17  25.69  25.36 999.00  28.67  29.17  27.26  22.71  28.35  16.24  30.21  11.32  28.27  28.81  28.82  32.22  31.43  32.16  31.68  31.80  30.14  31.69
 wrfout_d04_2016-06-06_09:00:00 999.00  25.25  21.26  24.72  21.95  24.74  25.22  25.81  25.67  27.01  24.72  25.50 999.00  28.27  28.74  27.64  22.91  28.25  15.78  28.80  11.51  28.28  28.79  29.07  31.06  30.42  32.55  31.33  30.40  29.34  31.11
 wrfout_d04_2016-06-06_10:00:00 999.00  24.84  20.90  24.68  21.81  25.06  25.45  25.43  25.77  26.51  24.93  25.02 999.00  27.93  28.49  27.16  22.66  28.14  15.41  28.80  10.79  28.33  28.81  28.58  30.38  29.81  31.80  30.86  28.46  28.22  30.36
 wrfout_d04_2016-06-06_11:00:00 999.00  24.35  20.81  24.12  21.54  24.75  24.71  25.33  25.03  26.13  24.54  25.11 999.00  27.83  28.19  26.26  22.48  28.05  14.96  28.21  10.41  28.44  28.79  26.71  29.80  29.45  30.85  30.73  27.46  27.64  29.82
 wrfout_d04_2016-06-06_12:00:00 999.00  24.48  20.94  24.37  21.87  24.82  24.56  25.16  24.52  26.36  24.93  25.25 999.00  27.48  26.52  25.81  22.37  28.06  15.03  28.50   9.95  28.52  28.80  26.84  29.68  29.30  29.28  30.58  27.53  27.44  29.75
 wrfout_d04_2016-06-06_13:00:00 999.00  25.43  21.04  24.48  21.92  24.50  25.03  25.22  24.86  26.41  24.77  25.04 999.00  27.75  27.06  25.40  22.13  28.01  15.05  28.22   9.76  28.63  28.81  26.83  29.58  29.30  29.08  30.41  26.96  27.23  29.54
 wrfout_d04_2016-06-06_14:00:00 999.00  25.55  20.99  24.47  21.78  24.66  25.11  25.11  25.12  26.44  24.42  24.94 999.00  27.98  27.55  25.54  21.98  27.98  15.12  27.98   9.59  28.66  28.79  26.46  29.73  29.42  28.99  30.19  26.63  27.29  29.22
 wrfout_d04_2016-06-06_15:00:00 999.00  25.87  20.89  24.40  21.50  24.94  25.31  25.10  25.46  26.21  24.39  24.50 999.00  28.07  27.42  25.41  22.07  28.03  15.13  27.54   9.67  28.63  28.70  26.36  29.74  29.33  28.40  30.03  26.19  27.18  29.06
 wrfout_d04_2016-06-06_16:00:00 999.00  25.92  20.92  24.41  21.54  24.96  25.34  24.97  25.35  25.83  24.58  24.19 999.00  27.96  27.34  25.76  21.98  27.90  14.69  27.53   9.17  28.57  28.87  26.12  29.76  29.21  28.30  29.65  25.87  27.09  28.83
 wrfout_d04_2016-06-06_17:00:00 999.00  25.93  20.91  24.35  21.41  24.95  25.45  25.21  25.34  25.95  24.39  25.00 999.00  27.94  27.38  26.03  21.05  27.72  14.46  27.33   9.60  28.44  28.83  25.47  29.41  29.02  28.29  29.66  24.96  26.91  28.72
 wrfout_d04_2016-06-06_18:00:00 999.00  26.44  20.66  24.53  21.45  24.82  25.56  25.17  25.29  25.88  24.32  24.62 999.00  27.85  27.42  26.19  21.84  27.79  14.20  27.03   9.40  28.44  28.70  26.01  28.98  28.85  28.02  29.57  25.22  26.80  28.46
 wrfout_d04_2016-06-06_19:00:00 999.00  26.45  19.86  24.54  20.61  24.87  25.37  25.24  25.39  25.79  24.31  24.73 999.00  27.74  27.36  26.26  21.78  27.58  14.22  26.83   8.89  28.39  28.71  25.85  28.66  28.91  27.89  29.58  25.15  26.51  28.55
 wrfout_d04_2016-06-06_20:00:00 999.00  26.67  19.60  23.45  20.39  24.44  25.27  25.13  25.31  25.83  24.44  24.37 999.00  27.58  27.27  25.99  21.60  26.73  14.83  26.48   9.18  28.36  28.54  25.19  28.55  28.76  27.56  29.43  24.92  26.32  28.42
 wrfout_d04_2016-06-06_21:00:00 999.00  26.79  19.46  24.17  20.30  24.20  24.93  24.60  26.02  25.60  24.29  24.23 999.00  27.42  27.16  25.77  21.38  27.07  13.95  26.71   9.36  28.32  28.20  24.95  28.50  28.69  27.34  29.45  24.26  26.14  28.39
 wrfout_d04_2016-06-06_22:00:00 999.00  26.90  21.23  25.07  22.58  25.17  25.55  25.88  25.70  26.12  24.79  25.46 999.00  27.66  26.94  26.80  22.17  27.85  15.11  26.51   9.48  28.30  27.87  26.50  28.67  28.65  27.79  29.45  26.41  26.52  28.43
 wrfout_d04_2016-06-06_23:00:00 999.00  26.88  22.46  27.58  24.52  26.57  27.28  26.88  26.89  27.07  26.16  26.47 999.00  27.46  27.95  27.72  24.21  28.61  16.79  27.17  10.90  28.25  28.12  27.42  29.32  29.56  28.99  30.21  27.91  27.67  28.74
 wrfout_d04_2016-06-07_00:00:00 999.00  26.88  23.44  27.84  24.35  28.27  28.63  26.59  28.00  27.14  27.51  27.56 999.00  27.60  28.36  28.89  24.40  29.43  17.63  27.66  11.53  28.21  28.78  28.21  29.54  30.15  30.08  30.61  28.64  28.15  29.23
 wrfout_d04_2016-06-07_01:00:00 999.00  26.90  24.54  28.99  25.84  29.03  29.41  27.07  29.14  27.71  28.49  28.16 999.00  28.15  30.06  29.71  23.58  30.03  15.94  26.79  11.13  28.18  25.73  28.89  29.96  29.87  30.99  31.35  29.35  30.33  30.05
 wrfout_d04_2016-06-07_02:00:00 999.00  26.94  24.89  27.93  26.83  29.51  29.77  27.12  29.44  29.89  29.71  29.28 999.00  30.08  27.70  29.82  24.88  30.42  17.74  29.13  10.98  28.22  26.66  29.41  27.72  28.33  31.22  31.86  29.79  31.12  31.25
 wrfout_d04_2016-06-07_03:00:00 999.00  26.90  24.83  29.42  27.27  29.39  29.75  28.32  31.09  31.09  30.23  29.93 999.00  31.07  29.99  30.74  25.53  30.68  18.72  30.17  11.76  28.22  27.16  28.96  29.31  29.65  30.19  31.99  30.35  29.59  31.01
 wrfout_d04_2016-06-07_04:00:00 999.00  26.86  25.35  29.64  27.54  29.65  31.73  28.23  32.13  31.30  28.48  30.20 999.00  30.80  32.22  30.79  26.61  30.86  19.55  29.87  10.84  28.24  27.97  28.39  32.05  31.76  31.12  32.21  29.59  31.04  31.85
 wrfout_d04_2016-06-07_05:00:00 999.00  26.78  26.42  29.77  28.01  29.61  32.05  28.33  32.47  31.32  27.10  28.80 999.00  31.06  33.76  30.37  28.71  30.96  18.78  28.95  11.96  28.19  27.91  29.46  32.41  32.37  30.59  32.04  30.52  30.80  31.71
 wrfout_d04_2016-06-07_06:00:00 999.00  26.79  25.85  29.70  27.54  29.11  32.08  27.89  32.22  30.94  26.30  28.62 999.00  30.78  33.67  30.57  28.69  30.84  16.12  30.27  11.25  28.17  28.02  29.48  33.22  32.31  29.17  32.32  30.46  29.18  31.44
 wrfout_d04_2016-06-07_07:00:00 999.00  26.85  26.04  29.68  27.43  29.03  31.90  28.00  32.03  30.92  25.44  26.82 999.00  30.28  33.09  28.73  24.76  30.92  18.27  31.22  11.34  28.18  28.09  28.96  32.85  31.85  27.97  31.98  30.16  30.29  31.35
 wrfout_d04_2016-06-07_08:00:00 999.00  26.78  25.15  29.40  25.85  29.03  31.49  27.91  31.89  30.61  25.14  26.74 999.00  29.75  32.15  29.32  23.95  30.67  17.94  30.89  11.56  28.19  28.49  26.64  32.06  31.20  29.57  31.62  29.68  29.30  30.65
 wrfout_d04_2016-06-07_09:00:00 999.00  27.00  24.69  28.48  25.83  28.24  31.43  27.81  31.72  30.61  26.68  26.58 999.00  29.25  31.31  28.99  24.80  29.95  16.53  30.02  11.12  28.12  28.56  26.78  31.23  30.56  29.98  31.24  29.07  28.63  30.27
 wrfout_d04_2016-06-07_10:00:00 999.00  27.02  23.38  28.01  24.68  27.88  30.24  26.67  30.98  29.71  27.38  27.22 999.00  29.26  30.67  29.13  23.89  29.17  15.95  28.87  10.70  28.14  28.67  26.95  30.20  29.74  29.50  30.76  27.43  27.82  29.91
 wrfout_d04_2016-06-07_11:00:00 999.00  27.06  21.58  26.11  22.25  27.50  28.49  25.86  29.10  28.21  26.73  26.69 999.00  28.32  30.10  28.64  22.37  28.64  15.26  27.82  10.10  28.18  28.61  26.84  29.24  28.99  28.94  30.35  26.40  27.33  29.55
 wrfout_d04_2016-06-07_12:00:00 999.00  27.14  21.30  25.97  22.14  27.12  28.39  25.74  28.53  27.56  26.44  26.74 999.00  28.14  29.67  28.54  21.80  28.22  15.53  27.70  10.15  28.17  28.68  26.25  28.91  28.78  27.96  30.13  25.88  27.24  29.41
 wrfout_d04_2016-06-07_13:00:00 999.00  27.03  21.20  25.82  22.12  26.74  28.05  25.44  28.08  27.43  26.44  26.75 999.00  28.14  29.32  28.44  22.21  28.17  15.46  27.56  10.18  28.01  28.61  26.06  28.78  28.64  27.88  30.01  25.47  27.07  29.21
 wrfout_d04_2016-06-07_14:00:00 999.00  26.95  20.91  25.55  21.77  26.47  27.66  25.15  27.89  27.50  26.09  26.45 999.00  28.15  28.37  27.87  21.49  27.91  13.62  27.33   8.92  27.97  28.50  25.81  28.61  28.51  27.95  29.98  25.13  26.82  28.96
 wrfout_d04_2016-06-07_15:00:00 999.00  26.90  20.52  25.04  21.45  26.16  27.41  24.84  27.62  27.05  26.65  26.24 999.00  27.96  27.15  27.94  20.77  27.67  13.24  26.85   7.43  27.87  28.32  25.62  28.37  28.37  27.73  29.76  24.84  26.71  28.75
 wrfout_d04_2016-06-07_16:00:00 999.00  26.94  20.23  24.71  21.20  25.89  27.14  24.76  27.32  26.72  25.30  26.07 999.00  27.84  27.12  27.83  20.65  27.54  12.74  26.45   6.64  27.93  28.10  25.69  28.19  28.18  27.65  29.42  24.49  26.52  28.40
 wrfout_d04_2016-06-07_17:00:00 999.00  26.98  20.02  24.45  20.92  25.59  26.95  24.50  27.02  26.08  25.41  25.93 999.00  27.66  27.05  27.36  20.35  27.41  12.54  26.24   6.08  27.87  27.96  25.19  27.72  28.04  27.39  29.29  24.31  25.69  28.30
 wrfout_d04_2016-06-07_18:00:00 999.00  26.96  19.88  24.28  20.79  25.59  26.67  24.35  26.75  25.82  25.10  26.22 999.00  27.51  26.82  27.56  20.13  27.29  12.20  25.99   5.72  27.82  27.65  25.23  27.13  27.70  27.21  29.09  24.13  25.98  28.06
 wrfout_d04_2016-06-07_19:00:00 999.00  26.91  19.67  24.12  20.59  25.28  26.44  24.19  26.49  25.52  24.97  25.88 999.00  27.39  26.65  27.22  19.85  27.23  11.95  25.70   5.48  27.80  27.28  25.04  26.76  27.28  27.21  28.99  23.93  26.06  27.93
 wrfout_d04_2016-06-07_20:00:00 999.00  26.96  19.51  23.91  20.40  25.02  26.13  24.11  26.19  25.18  24.56  25.32 999.00  27.14  26.44  27.19  19.67  27.16  11.65  25.40   5.10  27.75  26.52  24.95  26.52  26.96  27.05  28.87  23.78  26.11  27.71
 wrfout_d04_2016-06-07_21:00:00 999.00  27.03  19.50  23.74  20.35  25.05  25.88  23.90  25.94  24.96  24.38  25.34 999.00  26.94  26.25  27.10  19.47  27.19  11.56  25.24   5.13  27.79  26.89  24.72  26.22  26.82  26.82  28.82  23.73  26.08  27.64
 wrfout_d04_2016-06-07_22:00:00 999.00  27.09  21.70  26.33  23.04  25.93  26.60  25.43  26.70  25.52  26.08  26.29 999.00  27.20  26.55  27.49  22.10  27.51  14.69  25.58   8.76  27.84  26.02  26.99  26.52  26.89  27.26  28.80  26.45  27.21  27.90
 wrfout_d04_2016-06-07_23:00:00 999.00  27.13  22.75  27.34  23.83  27.53  27.79  26.52  27.92  26.94  27.50  27.52 999.00  28.15  27.56  28.67  25.05  28.34  16.38  27.00  10.49  27.92  26.93  27.92  28.19  28.48  28.80  29.89  27.72  28.47  29.05
 wrfout_d04_2016-06-08_00:00:00 999.00  27.10  23.85  27.97  24.85  28.59  29.04  27.13  29.14  28.39  28.79  28.56 999.00  29.46  28.91  29.73  27.46  29.21  17.56  28.45  11.85  28.01  27.86  28.28  29.69  30.08  29.97  30.68  27.84  29.61  30.17
 wrfout_d04_2016-06-08_01:00:00 999.00  27.21  24.90  29.38  26.23  30.12  30.52  28.02  30.41  29.87  29.96  29.59 999.00  30.31  30.09  30.20  27.99  29.78  19.31  29.35  12.88  28.22  28.33  29.00  30.78  30.72  30.54  31.13  28.86  28.75  30.55
 wrfout_d04_2016-06-08_02:00:00 999.00  27.19  25.48  29.70  27.02  30.23  31.60  28.49  31.59  30.55  30.50  30.00 999.00  30.64  31.84  30.63  29.11  30.32  20.04  30.50  13.30  28.32  28.42  29.29  32.22  32.01  30.89  31.63  29.30  29.38  31.19
 wrfout_d04_2016-06-08_03:00:00 999.00  27.15  25.84  30.11  27.82  29.66  32.55  28.86  32.57  31.18  30.73  30.24 999.00  30.82  33.42  31.04  29.91  30.75  20.44  31.63  13.40  28.39  28.35  29.57  33.12  32.57  31.19  32.07  29.56  29.77  31.54
 wrfout_d04_2016-06-08_04:00:00 999.00  27.10  25.21  30.35  28.51  29.75  33.40  28.83  33.59  31.52  30.61  29.33 999.00  30.84  34.03  31.19  30.27  30.95  20.65  32.25  13.55  28.45  28.36  29.75  33.56  32.53  31.37  32.12  29.81  29.93  31.74
 wrfout_d04_2016-06-08_05:00:00 999.00  27.06  25.85  30.06  28.42  29.72  33.70  28.60  33.76  31.56  30.66  27.59 999.00  30.76  33.99  30.74  30.68  30.96  20.89  32.66  13.10  28.49  28.38  29.68  33.53  32.49  31.49  32.06  30.14  29.93  31.88
 wrfout_d04_2016-06-08_06:00:00 999.00  27.07  25.58  29.89  27.74  28.49  32.92  28.41  33.20  31.22  28.86  28.91 999.00  30.51  33.51  30.53  30.51  30.80  20.51  32.26  11.65  28.53  28.49  27.53  33.07  32.18  30.93  31.98  30.91  29.75  31.84
 wrfout_d04_2016-06-08_07:00:00 999.00  27.08  23.23  28.57  25.98  29.10  30.11  27.38  31.73  31.02  28.76  29.43 999.00  30.55  32.42  29.90  29.42  30.63  20.00  31.40  12.03  28.54  28.69  28.67  32.39  31.65  29.90  31.84  31.09  29.42  31.60
 wrfout_d04_2016-06-08_08:00:00 999.00  27.09  23.00  27.42  25.38  29.81  29.69  27.82  28.90  30.47  26.69  28.28 999.00  30.36  32.34  27.15  26.79  30.29  18.35  30.42  12.23  28.55  28.74  28.43  31.66  31.24  29.43  31.56  30.26  28.95  31.14
 wrfout_d04_2016-06-08_09:00:00 999.00  27.18  22.01  28.24  23.49  29.43  29.34  27.57  29.09  29.31  26.00  27.66 999.00  29.17  31.40  27.82  25.76  29.79  16.24  29.86  10.99  28.57  28.81  27.54  31.04  30.68  29.37  31.19  28.88  28.14  30.62
 wrfout_d04_2016-06-08_10:00:00 999.00  27.04  22.34  27.33  23.52  27.98  28.95  27.45  28.83  29.69  27.25  26.58 999.00  28.99  30.66  27.14  24.79  29.16  16.07  28.90  10.78  28.63  28.87  27.32  30.32  30.00  29.61  30.76  27.20  27.22  29.96
 wrfout_d04_2016-06-08_11:00:00 999.00  27.12  21.52  26.75  22.47  27.69  28.45  27.00  28.52  29.09  26.99  26.16 999.00  27.87  29.92  27.64  23.50  28.87  15.26  28.12  10.10  28.67  28.86  27.21  29.82  29.47  29.19  30.39  26.16  26.74  29.52
 wrfout_d04_2016-06-08_12:00:00 999.00  27.23  21.38  26.82  22.43  27.20  28.00  26.33  28.06  28.25  26.59  26.60 999.00  28.19  28.30  27.60  22.75  28.71  15.07  27.95  10.15  28.69  28.79  25.86  29.54  29.22  28.60  30.30  26.25  26.62  29.39
 wrfout_d04_2016-06-08_13:00:00 999.00  27.31  20.88  26.46  21.84  26.90  27.92  25.91  28.06  28.03  26.21  26.56 999.00  28.23  28.19  27.28  22.19  28.51  14.40  27.77   8.88  28.72  28.61  26.06  29.36  29.09  27.54  30.28  25.68  26.42  29.26
 wrfout_d04_2016-06-08_14:00:00 999.00  27.31  20.80  25.40  21.42  26.92  28.04  25.50  28.18  27.67  26.44  26.34 999.00  28.23  28.27  27.45  21.69  28.39  14.10  27.24   8.26  28.72  28.27  25.24  29.15  28.92  27.85  30.00  25.85  26.45  29.08
 wrfout_d04_2016-06-08_15:00:00 999.00  27.29  20.23  25.17  21.28  26.70  27.72  26.15  27.69  27.37  25.99  25.86 999.00  28.21  28.20  27.48  22.04  28.24  13.78  26.81   7.91  28.73  28.37  25.39  28.98  28.80  27.39  29.88  25.57  26.50  28.94
 wrfout_d04_2016-06-08_16:00:00 999.00  27.31  19.98  24.93  21.02  26.09  27.09  25.07  27.33  26.83  25.45  25.90 999.00  27.97  28.07  27.19  20.93  28.05  13.67  26.65   7.67  28.70  26.72  25.64  28.53  28.58  27.50  29.60  25.00  26.36  28.74
 wrfout_d04_2016-06-08_17:00:00 999.00  27.26  19.79  24.59  20.80  25.64  26.68  24.85  28.00  26.51  25.52  26.74 999.00  27.95  27.91  27.04  20.75  27.03  13.99  26.80   7.69  28.56  26.30  25.06  28.04  28.03  27.44  29.82  24.81  26.17  28.38
 wrfout_d04_2016-06-08_18:00:00 999.00  27.18  19.60  24.27  20.51  25.49  26.40  24.66  27.31  26.21  25.55  26.06 999.00  27.95  27.70  26.81  20.46  26.91  14.14  26.68   7.31  28.19  26.79  24.91  27.85  27.92  27.63  29.53  24.49  25.86  28.14
 wrfout_d04_2016-06-08_19:00:00 999.00  27.20  19.39  24.12  20.25  26.02  26.23  24.58  26.95  25.84  25.31  25.42 999.00  27.77  27.36  26.78  21.47  27.16  14.10  26.10   8.86  27.52  27.05  24.84  27.69  27.85  27.53  29.58  24.34  25.58  28.15
 wrfout_d04_2016-06-08_20:00:00 999.00  27.21  19.45  24.03  20.34  25.47  25.92  24.45  26.39  25.51  25.19  25.33 999.00  27.55  27.11  26.64  20.51  27.03  13.43  25.80   7.39  27.88  26.50  24.91  27.58  27.73  27.32  29.43  24.13  25.20  28.02
 wrfout_d04_2016-06-08_21:00:00 999.00  27.23  19.40  23.89  20.25  25.20  25.95  24.19  26.03  24.97  24.87  25.09 999.00  27.39  26.97  26.43  20.36  27.08  14.76  26.21   9.82  28.47  26.46  24.67  27.30  27.33  26.96  26.97  23.97  24.91  28.30
 wrfout_d04_2016-06-08_22:00:00 999.00  27.16  21.94  26.44  23.12  26.35  26.52  25.71  26.54  25.73  25.61  26.58 999.00  27.50  27.40  27.21  21.83  27.33  15.10  25.91  10.03  28.63  26.61  26.12  27.43  27.22  27.04  27.82  25.36  25.44  28.59
 wrfout_d04_2016-06-08_23:00:00 999.00  27.10  23.07  27.66  23.96  28.03  27.89  26.92  28.01  27.41  27.37  27.71 999.00  28.08  28.60  28.41  23.39  27.79  16.64  27.43  11.01  28.56  26.34  27.45  27.29  28.14  27.62  28.81  25.68  26.86  28.95
 wrfout_d04_2016-06-09_00:00:00 999.00  27.08  24.12  28.89  25.09  29.39  29.38  27.77  29.50  29.01  29.14  28.76 999.00  29.53  30.03  29.32  27.44  28.33  17.61  28.69  11.94  28.32  27.59  28.22  28.57  28.79  28.50  29.76  26.35  27.77  29.21
 wrfout_d04_2016-06-09_01:00:00 999.00  27.06  25.12  29.86  26.35  30.44  30.83  28.38  30.85  30.28  30.15  30.05 999.00  30.13  31.35  30.30  27.69  28.40  18.50  29.71  12.89  28.33  28.33  28.44  30.42  29.69  29.77  27.79  26.44  27.51  29.72
 wrfout_d04_2016-06-09_02:00:00 999.00  27.10  26.16  30.50  27.56  30.81  31.93  28.93  32.01  31.56  30.96  30.68 999.00  29.44  32.42  30.87  29.29  28.60  18.86  30.45  12.06  28.28  28.54  29.00  29.82  28.74  30.17  28.85  26.47  28.11  29.60
 wrfout_d04_2016-06-09_03:00:00 999.00  27.12  26.46  30.86  28.53  30.14  33.22  29.04  33.28  32.17  31.17  31.00 999.00  28.25  30.56  31.00  27.39  28.67  18.88  30.64  11.18  28.33  28.53  29.20  28.96  28.95  29.63  29.59  26.72  28.15  29.37
 wrfout_d04_2016-06-09_04:00:00 999.00  27.09  27.09  31.25  29.19  30.27  34.17  29.02  34.21  31.85  31.22  31.20 999.00  28.45  29.97  31.09  29.22  28.55  19.41  29.51  11.22  27.64  26.37  28.79  27.85  27.86  30.00  31.15  27.59  27.80  29.73
 wrfout_d04_2016-06-09_05:00:00 999.00  27.19  26.94  31.03  28.87  30.38  34.30  29.03  34.47  31.83  29.49  30.88 999.00  28.69  32.05  30.93  28.39  29.27  16.86  29.90  11.60  27.55  27.37  28.25  30.56  31.15  31.21  30.61  28.82  27.61  29.19
 wrfout_d04_2016-06-09_06:00:00 999.00  27.23  26.60  31.33  28.42  30.42  30.15  29.18  31.95  30.75  27.50  28.40 999.00  28.71  31.85  29.68  25.80  27.87  17.18  29.14  11.58  27.76  28.52  28.85  32.19  30.10  29.33  30.83  27.87  29.02  28.97
 wrfout_d04_2016-06-09_07:00:00 999.00  27.23  23.85  31.46  26.41  29.62  29.89  29.32  31.10  30.75  26.89  27.72 999.00  27.96  30.52  29.49  23.12  27.29  17.03  29.25  11.56  27.98  27.42  29.03  29.74  29.11  29.64  30.81  28.25  28.49  29.20
 wrfout_d04_2016-06-09_08:00:00 999.00  27.18  24.47  30.70  26.18  28.08  30.80  29.54  31.18  30.12  26.96  27.29 999.00  28.19  29.76  28.81  24.95  28.13  17.48  29.86  11.48  26.72  28.12  28.40  29.88  29.34  29.30  30.46  27.56  26.86  29.07
 wrfout_d04_2016-06-09_09:00:00 999.00  27.17  22.81  29.93  24.98  28.63  30.47  27.79  28.57  28.79  27.26  26.78 999.00  27.66  27.15  28.93  22.94  27.90  16.80  29.21  11.40  27.66  28.24  28.03  29.32  28.95  28.90  30.12  26.79  26.50  28.93
 wrfout_d04_2016-06-09_10:00:00 999.00  27.14  22.12  26.81  23.59  28.51  30.01  27.53  28.96  28.64  27.34  26.66 999.00  27.78  28.05  28.49  22.65  26.09  16.17  28.46  10.91  27.61  28.00  27.62  28.92  27.02  28.86  29.43  25.88  26.55  28.96
 wrfout_d04_2016-06-09_11:00:00 999.00  27.05  21.68  27.12  22.87  27.63  28.87  27.29  29.22  29.12  26.78  26.73 999.00  27.52  28.34  28.20  22.13  25.52  16.00  28.05  10.11  26.86  27.40  27.26  26.98  27.02  27.41  29.81  25.48  26.31  28.62
 wrfout_d04_2016-06-09_12:00:00 999.00  26.99  21.24  26.66  22.36  27.13  28.03  27.33  28.23  28.50  26.34  26.63 999.00  28.07  28.04  28.07  22.02  26.08  15.42  26.05  10.30  25.68  27.13  26.27  26.76  26.69  27.38  29.83  25.67  26.16  28.52
 wrfout_d04_2016-06-09_13:00:00 999.00  26.97  21.22  26.22  22.30  26.86  27.71  27.26  27.64  27.83  26.09  26.69 999.00  27.68  27.15  27.70  22.08  26.09  16.01  26.94  10.41  26.24  26.58  25.29  25.89  25.93  27.26  29.54  25.30  26.15  28.53
 wrfout_d04_2016-06-09_14:00:00 999.00  26.92  21.10  25.98  22.10  26.57  27.32  27.15  27.57  26.37  26.02  26.88 999.00  27.25  27.08  27.12  22.15  25.55  15.48  27.41  10.30  26.87  26.15  25.82  25.63  25.43  26.61  29.45  25.08  26.12  28.44
 wrfout_d04_2016-06-09_15:00:00 999.00  26.88  21.13  25.89  22.17  26.40  27.39  25.70  27.10  26.68  26.80  26.15 999.00  26.61  26.71  27.46  21.97  25.91  15.25  25.94  10.35  27.40  26.10  25.83  25.02  24.79  26.79  29.48  25.05  26.09  28.09
 wrfout_d04_2016-06-09_16:00:00 999.00  26.85  21.20  25.81  22.26  26.31  27.37  25.79  27.10  26.33  26.16  26.13 999.00  26.68  26.53  27.50  21.86  26.12  15.57  25.98  10.30  27.33  25.77  25.61  24.94  24.78  26.15  29.16  24.83  25.96  28.01
 wrfout_d04_2016-06-09_17:00:00 999.00  26.77  21.39  25.82  22.48  26.33  27.09  25.74  26.99  26.42  26.15  26.19 999.00  26.60  26.63  27.50  21.61  26.26  16.01  26.15  10.45  27.35  25.62  25.52  25.13  24.89  25.95  29.10  24.82  25.91  27.77
 wrfout_d04_2016-06-09_18:00:00 999.00  26.79  21.45  26.02  22.52  26.24  27.20  25.68  26.85  26.20  26.21  26.03 999.00  26.51  26.78  27.36  21.57  25.84  15.66  24.37  10.11  27.90  25.27  25.16  24.96  25.03  26.08  28.90  24.73  26.00  27.62
 wrfout_d04_2016-06-09_19:00:00 999.00  26.89  21.42  25.97  22.51  26.14  27.08  25.70  26.77  26.38  25.99  26.00 999.00  26.55  26.73  27.22  21.63  26.92  15.84  24.54  10.34  28.03  25.69  25.11  25.02  24.82  26.00  28.88  24.47  25.98  27.59
 wrfout_d04_2016-06-09_20:00:00 999.00  26.91  21.37  25.99  22.36  26.07  27.06  25.63  26.81  26.30  26.28  25.54 999.00  26.57  26.79  27.23  21.65  27.25  15.52  24.27  10.54  27.70  25.48  24.92  24.85  24.73  26.45  28.51  24.46  25.89  27.46
 wrfout_d04_2016-06-09_21:00:00 999.00  26.91  21.32  25.58  22.05  25.99  27.10  25.68  26.72  26.19  25.97  25.88 999.00  26.72  26.56  26.96  21.42  27.02  15.48  23.94  10.81  27.70  25.39  24.91  25.17  25.09  26.20  28.25  24.47  25.91  27.54
 wrfout_d04_2016-06-09_22:00:00 999.00  26.82  21.81  25.86  22.98  26.27  27.08  25.89  26.84  26.10  26.59  26.35 999.00  26.14  26.08  26.90  21.50  26.47  15.49  24.85  10.72  28.20  26.06  25.26  25.56  25.44  26.34  28.26  24.82  25.91  27.80
 wrfout_d04_2016-06-09_23:00:00 999.00  26.70  21.89  26.64  23.07  26.60  27.27  26.05  27.14  26.61  27.57  26.85 999.00  25.75  25.66  27.53  21.97  26.67  15.77  25.13  10.66  28.37  25.83  25.53  25.74  26.63  25.85  28.77  26.13  26.14  28.29
