 wrfout_d04_2016-06-26_00:00:00 999.0 217.9 221.4 306.5 216.2  52.2 151.3 264.2  60.6 226.5  66.0  64.7 999.0 213.0 206.4 179.1 347.8 194.2 225.7 200.5  53.2 183.2 172.9 196.4 177.7 197.6 195.0 168.5 134.2 147.8 114.5
 wrfout_d04_2016-06-26_01:00:00 999.0 233.2 201.8 289.3 199.6 275.5 233.6 261.9 241.8 269.1  87.0 138.9 999.0 236.5 307.6 169.4 319.5 201.7 273.2 208.4 320.6 178.8 210.2 197.9 194.4 205.4 184.7 177.0 157.7 156.2 124.3
 wrfout_d04_2016-06-26_02:00:00 999.0 245.2 228.6 297.7 217.2  41.9 223.0 271.9 226.7 264.2  93.2 150.1 999.0 267.7 324.8 167.2 275.1 202.7 316.7 214.4 319.3 178.6 216.0 187.0 221.1 214.7 176.1 188.9 141.2 152.8 122.3
 wrfout_d04_2016-06-26_03:00:00 999.0 267.6 221.9 300.9 222.4  46.1 326.5 275.5 302.3 269.9  93.6 153.4 999.0 281.9 317.0 162.8 259.1 208.7 350.5 235.8 326.4 187.5 229.7 183.5 229.7 224.3 174.3 203.0 133.2 150.6 124.0
 wrfout_d04_2016-06-26_04:00:00 999.0 276.6 310.7 301.9 293.3  38.9 321.9 282.2 327.8 278.1  93.7 151.4 999.0 295.2 312.0 161.2 274.6 220.2 281.1 246.6 255.6 211.3 248.2 181.3 233.5 228.1 177.6 207.2 134.2 148.5 122.7
 wrfout_d04_2016-06-26_05:00:00 999.0 238.0 336.0 311.5   6.5  28.9   1.3 292.9 332.6 289.3  96.2 152.4 999.0 294.9 302.1 166.2 268.3 229.4 261.2 263.6  12.2 218.2 246.2 180.4 235.2 232.6 174.7 210.7 133.4 146.3 120.3
 wrfout_d04_2016-06-26_06:00:00 999.0 236.0 353.3 318.5 357.1  37.7 341.1 300.6 347.8 292.5  96.5 160.3 999.0 290.6 283.3 167.4 230.0 231.0 243.5 267.6 149.0 237.7 244.6 181.5 241.1 239.1 172.1 213.7 137.6 146.6 117.5
 wrfout_d04_2016-06-26_07:00:00 999.0 193.8 343.6 315.2 334.0  47.1 327.7 275.9 332.6 282.9  88.6 174.2 999.0 284.5 272.0 179.4 208.3 220.8 231.3 259.6 260.7 237.9 254.5 190.9 247.0 244.7 173.8 214.4 133.2 141.0 112.8
 wrfout_d04_2016-06-26_08:00:00 999.0 189.4 316.8 299.4 227.6  24.6 141.8 292.3  63.4 281.5 290.3 334.0 999.0 300.8 287.7 171.9 202.1 225.5 238.2 258.3 205.2 263.7 258.4 191.4 244.7 240.3 178.9 214.0 134.3 131.2 113.1
 wrfout_d04_2016-06-26_09:00:00 999.0 206.4 176.8 120.1 153.3 194.2 189.0 271.1 183.8 262.1 178.3 151.0 999.0 323.6 303.9 176.3 299.9 228.2  62.2 268.5 335.0 256.8 269.4 193.9 250.1 246.8 179.8 214.9 147.0 132.6 110.1
 wrfout_d04_2016-06-26_10:00:00 999.0  70.8 290.1 317.1 287.8 200.6 271.0 293.3 262.2 258.3  49.3 134.3 999.0 316.4 295.2 196.9  65.1 237.5 194.8 282.1 277.1 250.3 283.9 221.7 251.1 250.5 185.3 217.4 169.6 130.2 111.8
 wrfout_d04_2016-06-26_11:00:00 999.0 128.9  17.1   8.8  33.9  97.0  32.2 287.7  10.4 269.9 351.8 172.3 999.0 247.7 225.3 197.1 282.3 208.4  40.7 293.5 107.6 187.6 248.8 242.3 239.7 226.9 192.5 205.8 323.6 120.6 104.4
 wrfout_d04_2016-06-26_12:00:00 999.0 137.6 192.1 177.1 162.0 197.5 116.2  83.0  65.7 231.0 358.1 179.5 999.0 196.0 163.6 202.7 218.8 166.7 145.0 281.8 157.7 148.2 120.7 238.3 259.3 236.8 257.0 196.2 330.4 107.8  91.2
 wrfout_d04_2016-06-26_13:00:00 999.0 154.2 147.7 150.9 106.1 210.7  98.7 114.5  45.9 128.4   1.2 347.3 999.0 194.3 179.1 205.8 210.3 169.0 171.7 243.1 178.1 157.6 150.1 237.0 195.6 201.4 242.4 189.2 342.9  97.7  84.2
 wrfout_d04_2016-06-26_14:00:00 999.0 189.0 157.6 140.9  98.5 199.1  71.9  47.7  35.3 316.4  42.6 130.1 999.0 214.5 180.8 221.3 153.0 191.8 152.9 227.4 140.3 176.3 211.1 254.6 215.7 204.2 238.1 183.0 341.5 103.9  88.5
 wrfout_d04_2016-06-26_15:00:00 999.0 185.8 188.3 146.6 148.1 221.8  81.2 306.2 340.3 298.6  36.3 153.9 999.0 201.4 185.5 236.1 198.5 204.7  98.9 216.7 152.6 191.8 193.2 261.2 230.6 216.4 273.4 168.8 343.6 103.7  95.1
 wrfout_d04_2016-06-26_16:00:00 999.0 186.5 201.5 193.3 191.6 223.1 224.5 299.9 228.0 309.5  46.0 332.9 999.0 189.8 146.8 227.9 167.4 193.3 132.4 253.7 164.5 183.0 160.7 251.9 199.1 201.6 317.7 169.6 349.0 100.0  84.9
 wrfout_d04_2016-06-26_17:00:00 999.0 183.2 220.8 222.8 254.2 214.0 252.8 165.5 225.8 208.8 262.1 134.4 999.0 175.2 113.6 229.7  86.6 167.8  80.6 228.7 167.7 174.9 155.1 257.3 281.4 249.4 317.9 151.5 354.9  92.6  82.6
 wrfout_d04_2016-06-26_18:00:00 999.0 187.8 215.8  18.0 262.6 238.7 144.2 158.3 216.5 155.3 301.5 152.5 999.0 198.8 139.7 230.5  10.4 175.6 134.5 209.3 175.6 170.7 187.8 261.8 322.3 254.2 311.1  39.9 351.9  79.3  80.7
 wrfout_d04_2016-06-26_19:00:00 999.0 185.1 229.1  36.8 298.7 275.6   4.1 155.1  70.7 112.6 221.0 321.8 999.0 189.7 176.1 227.6 354.9 184.4 178.9 284.4 164.3 175.4 181.1 261.4  34.4   6.4 321.2  53.8 350.4  81.4  77.7
 wrfout_d04_2016-06-26_20:00:00 999.0 189.3 237.0  71.6 297.5 334.3  44.3 137.9 143.9 119.0 245.0 162.2 999.0 186.3 194.1 221.2 177.8 188.9 207.2 264.0 163.2 182.2 109.6 259.0  34.0  25.2 327.5  76.0 354.0  87.3  72.2
 wrfout_d04_2016-06-26_21:00:00 999.0 187.7 227.3 118.0 275.2 160.9 115.8 138.6 143.8 112.3 349.3 170.4 999.0 178.9 144.5 221.1 236.0 188.0 197.1 114.4 162.4 186.3  92.8 256.6  41.3  34.7 331.1  59.3 352.6  91.0  77.8
 wrfout_d04_2016-06-26_22:00:00 999.0 191.8 227.4 147.8 271.0 239.5  95.0 148.0 100.9 108.7 102.8 166.0 999.0 178.1 109.3 218.5 231.6 194.4 194.2  91.7 163.3 198.1  69.9 255.5  74.5  61.8 326.1  71.6 356.2  91.7  78.9
 wrfout_d04_2016-06-26_23:00:00 999.0 194.7 214.4 157.7 217.7 213.3 106.2 184.7  81.0 168.5  71.3 179.1 999.0 192.4 141.7 209.9   0.8 206.1 208.1 347.0 161.3 198.9  60.3 244.0  44.6  43.7 299.2  75.6  19.0  96.6  83.3
