 wrfout_d04_2016-06-02_00:00:00 999.0  75.3 293.3 326.1 290.4 154.0 235.7 223.0  94.4 224.2 130.9 117.7 999.0 179.1 178.0  32.7 288.1 215.1 228.0 200.9 258.7 213.3 200.7  65.9 186.1 193.3  86.3 280.5  84.8 257.2 299.6
 wrfout_d04_2016-06-02_01:00:00 999.0 196.8 111.2 142.7  74.0  54.5  46.9  52.8  57.5 266.3  67.9 114.5 999.0 172.0 181.2  45.2 261.8 214.0 236.3 206.8 266.0 217.7 202.3  39.7 212.9 226.1  92.1 275.3  82.3 264.9 297.8
 wrfout_d04_2016-06-02_02:00:00 999.0 215.4 259.8 348.1 280.1 205.7 117.9 115.1 120.4  25.0  29.3  56.0 999.0 194.3 198.9  84.6 210.3 205.8 248.6 193.2 286.7 214.8 180.5  43.0 260.6 247.6  64.0 275.7  66.2 268.7 298.1
 wrfout_d04_2016-06-02_03:00:00 999.0 245.0 239.4 128.0 247.6 276.5 263.5 184.1 273.8 271.3 266.7  12.4 999.0 214.7 202.8  87.2 245.3 213.6 243.3 206.0 270.0 200.4 201.3  47.6 244.1 230.9  67.0 281.1  57.7 276.4 300.0
 wrfout_d04_2016-06-02_04:00:00 999.0 283.8 254.3 326.8 264.5 270.5 328.2 188.2 319.5 158.4 235.7   0.1 999.0 245.1 247.1  84.4 233.3 216.6 246.7 204.7 299.0 211.1 215.4  42.8 242.9 231.2  57.5 261.1  79.4 311.4 291.7
 wrfout_d04_2016-06-02_05:00:00 999.0 330.6 254.8   2.5 273.3 351.1 306.7  86.9 342.3 212.4  38.6 123.9 999.0 225.0 253.2 116.7 264.1 230.1 244.3 225.6 290.7 222.4 211.7  50.0 249.3 243.5  62.6 256.0  84.6 297.8 285.2
 wrfout_d04_2016-06-02_06:00:00 999.0 353.3 263.7 359.4 275.7  24.9   6.9 279.3 114.2 270.3  68.7  76.3 999.0 216.7 239.2 144.1 249.8 223.9 234.6 234.9 288.8 222.8 220.3  47.3 251.4 252.8  66.1 264.3  77.7 334.9 278.6
 wrfout_d04_2016-06-02_07:00:00 999.0  43.3 276.5 347.9 282.3  22.7 158.4 276.1 103.0 264.9  65.7  67.0 999.0 223.6 234.9 160.9 226.7 220.9 230.4 241.2 283.3 218.1 223.2  54.0 244.2 241.4  71.1 261.1  84.0 309.0 284.9
 wrfout_d04_2016-06-02_08:00:00 999.0  47.9 255.9  15.5 262.1  48.3 147.3 260.2 115.1 261.7  82.1  51.6 999.0 218.5 223.6 139.7 234.9 219.4 228.8 237.5 279.5 223.3 232.9  55.1 249.8 245.8  78.2 265.7 107.1 250.1 280.6
 wrfout_d04_2016-06-02_09:00:00 999.0  37.5 249.1 323.8 256.0  39.1 108.1 310.8  81.1 257.7 154.2 109.2 999.0 222.4 214.6 135.7 231.7 218.4 217.9 225.7 279.1 216.6 221.7  76.1 245.7 243.3  97.6 269.2  69.1 266.6 282.0
 wrfout_d04_2016-06-02_10:00:00 999.0  36.3 312.7  18.8 310.0  24.6  20.7 300.0  30.8 264.3 116.5 125.2 999.0 224.9 225.2 148.4 227.8 218.0 203.1 219.1 277.2 216.9 221.3  32.9 236.8 231.9  82.4 265.4  84.3 269.7 280.5
 wrfout_d04_2016-06-02_11:00:00 999.0  46.3 294.9   5.2 302.1  82.9 102.7   1.2  35.9 274.1  72.8 134.8 999.0 200.5 235.0 166.3 204.7 216.9 190.0 216.4 276.5 216.6 213.4 359.2 227.6 222.3  57.6 263.8  56.1 270.1 277.2
 wrfout_d04_2016-06-02_12:00:00 999.0  58.5 283.5  49.6 284.9  82.4  89.1  20.8  90.4 281.4  63.3 127.2 999.0 189.4 197.2 187.3 182.1 213.5 192.9 213.7 274.9 214.1 204.9 344.8 211.5 214.0  73.9 257.3  41.8 266.0 280.4
 wrfout_d04_2016-06-02_13:00:00 999.0  71.7 257.3 159.2 276.0  43.6 110.1  85.8 103.1 269.5   0.0 112.5 999.0 182.3 180.3 198.1 194.2 208.0 178.0 207.2 267.8 210.2 190.3 308.9 196.1 201.1  75.5 248.0  24.0 257.6 277.7
 wrfout_d04_2016-06-02_14:00:00 999.0  61.0 228.4 135.2 248.6  38.6  62.2 112.9 117.9 257.5  77.0  75.4 999.0 187.2 171.6 205.7 212.0 196.7 169.9 203.1 271.0 194.6 190.4 215.6 199.9 198.3 101.4 241.3 308.8 256.1 279.4
 wrfout_d04_2016-06-02_15:00:00 999.0  83.7 238.2 100.9 249.2 345.0  58.9 288.2  43.8 254.5 334.1  53.3 999.0 179.9 170.5 232.4  96.8 195.9 171.6 195.8 271.9 198.4 178.6 275.9 168.9 178.7 129.8 234.2 325.7 259.7 271.7
 wrfout_d04_2016-06-02_16:00:00 999.0  84.0 236.0 114.7 246.2  57.1 105.9 258.8 155.5 243.0 331.6   5.3 999.0 181.7 171.7 241.9  84.6 200.6 183.8 194.9 268.9 196.9 186.5 286.8 172.0 182.5 167.0 232.4   8.2 261.9 277.0
 wrfout_d04_2016-06-02_17:00:00 999.0 103.5 237.3 155.7 248.6 285.6 153.5 249.0 156.3 247.7 319.1   6.6 999.0 184.1 176.5 241.5 101.3 202.9 191.2 193.0 264.4 205.1 184.4 296.7 153.9 170.8 183.2 234.6  39.4 253.6 271.1
 wrfout_d04_2016-06-02_18:00:00 999.0  74.2 241.7  38.0 252.5 211.5 154.3 252.4 134.8 243.2 231.8 334.6 999.0 179.0 167.1 243.3  79.4 199.6 192.2 184.2 261.5 204.1 186.6 307.3 143.1 212.3 241.1 243.4  17.1 251.0 272.1
 wrfout_d04_2016-06-02_19:00:00 999.0 110.9 238.6 152.2 244.7 206.1   7.8 232.1 137.1 226.6  63.7  12.5 999.0 176.9 164.0 239.0  56.8 206.6 191.9 188.4 261.7 211.4 192.1 322.1 117.1 123.8 321.4 243.8  29.3 247.2 271.5
 wrfout_d04_2016-06-02_20:00:00 999.0 143.5 239.0  61.2 250.6 194.1  66.6 222.7  53.9 243.7  43.7   0.8 999.0 178.0 164.1 244.2  57.9 201.0 202.8 186.9 258.9 211.1 183.1 329.1 156.3 140.4 352.6 247.8  11.8 243.4 274.1
 wrfout_d04_2016-06-02_21:00:00 999.0 172.6 244.4  16.1 255.0 214.3 268.2 228.8 118.6 251.2 314.9  14.0 999.0 172.2 163.2 250.2  48.8 205.0 202.8 190.9 256.6 214.4 177.7 322.0 129.1 129.8 357.9 246.8  28.3 243.4 274.8
 wrfout_d04_2016-06-02_22:00:00 999.0 205.6 245.4  36.4 258.1 210.5 169.2 233.5 125.9 228.2  58.6 349.0 999.0 172.3 166.5 243.6  33.8 200.2 210.7 191.1 257.7 209.4 172.7 318.8 158.9 128.6 346.8 253.7  12.0 243.7 277.8
 wrfout_d04_2016-06-02_23:00:00 999.0 237.4 248.6 323.7 261.9 219.4 312.5 234.4  11.6 233.9 106.6   7.0 999.0 188.9 178.0 229.6  19.3 189.8 218.5 201.9 257.9 201.4 191.9   2.7 186.2 171.8  49.4 264.4 124.1 243.6 280.4
