 wrfout_d04_2016-06-04_00:00:00 999.0 249.9 244.0 258.0 255.1 224.1 241.4 234.0 230.8 241.4 105.3  54.7 999.0 193.8 192.6  62.8 305.5 205.8 229.8 200.8 254.5 203.3 200.8  97.9 214.6 212.0  87.4 259.7 247.7 247.8 282.2
 wrfout_d04_2016-06-04_01:00:00 999.0 252.1 246.9 264.0 254.8 231.5 249.6 239.4 241.0 245.3  93.1  54.8 999.0 210.9 199.2  74.7 258.3 205.6 234.6 203.9 260.4 203.9 207.6  92.6 230.5 227.3 101.6 267.8 254.5 246.5 283.9
 wrfout_d04_2016-06-04_02:00:00 999.0 251.8 248.7 265.2 256.6 242.5 259.4 240.0 248.0 246.9  99.4  64.9 999.0 225.1 205.1  77.9 245.2 205.8 237.2 214.4 268.6 204.9 212.8  81.2 243.7 237.6  93.2 262.8 261.9 245.4 284.6
 wrfout_d04_2016-06-04_03:00:00 999.0 258.9 250.3 267.9 257.5 256.1 264.6 240.6 254.5 247.2 101.3  74.5 999.0 227.0 217.9  76.5 246.7 203.4 238.7 226.1 276.1 206.1 215.8  79.3 249.8 245.9  84.2 266.8 270.6 245.7 285.5
 wrfout_d04_2016-06-04_04:00:00 999.0 261.9 252.8 272.1 260.4 310.5 268.7 242.2 260.2 247.6 104.7  90.8 999.0 228.6 224.5  68.5 248.0 205.1 240.3 235.9 281.6 209.2 217.8  75.7 248.4 246.8  79.6 268.6 281.4 245.3 285.9
 wrfout_d04_2016-06-04_05:00:00 999.0 266.1 254.2 276.4 264.2 355.0 272.3 241.3 262.0 247.2 100.7 103.5 999.0 229.6 232.5  64.9 249.2 206.6 242.9 244.2 286.0 208.4 220.6  69.9 250.3 249.2  76.7 271.4 286.7 244.3 284.8
 wrfout_d04_2016-06-04_06:00:00 999.0 266.7 257.4 280.1 270.4   0.8 272.9 242.4 263.0 246.8  98.0 117.9 999.0 230.7 236.9  63.6 249.3 208.6 240.5 247.2 288.3 208.0 222.6  65.0 254.0 254.1  74.8 274.7 302.7 244.5 283.2
 wrfout_d04_2016-06-04_07:00:00 999.0 255.8 261.5 284.8 276.7  27.1 277.5 243.3 264.7 248.3  97.8 104.8 999.0 229.4 238.3  63.3 251.8 210.3 239.6 249.1 287.1 210.5 223.2  61.8 255.8 254.6  72.6 277.4  54.2 245.2 282.1
 wrfout_d04_2016-06-04_08:00:00 999.0 244.3 260.4 280.4 275.9  37.9 274.2 240.8 263.7 247.8 101.5 100.5 999.0 227.2 238.3  62.2 251.3 213.0 244.0 251.9 287.9 214.3 224.3  59.3 257.0 256.4  71.6 276.9  92.7 245.9 280.9
 wrfout_d04_2016-06-04_09:00:00 999.0 237.9 256.3 292.4 271.8  20.0 266.6 237.4 255.0 244.3 103.4  94.7 999.0 223.6 237.7  58.9 243.1 211.0 244.5 247.8 286.1 216.4 224.9  57.0 259.7 256.0  76.3 277.5  87.4 247.1 281.7
 wrfout_d04_2016-06-04_10:00:00 999.0 242.1 256.5 315.0 277.3 353.4 276.5 238.7 248.8 243.3  98.1  80.2 999.0 216.1 231.7  49.1 232.9 207.8 233.2 239.2 276.6 211.4 219.1  58.1 251.0 245.7  81.9 278.7  75.5 251.5 283.8
 wrfout_d04_2016-06-04_11:00:00 999.0 214.0 250.9 323.5 275.0 330.6 297.8 237.7 253.4 242.2  56.0  67.0 999.0 205.2 216.7  40.7 204.1 203.5 175.9 232.7 264.3 207.7 210.1  60.0 242.4 237.5  91.0 278.2  50.7 254.6 286.0
 wrfout_d04_2016-06-04_12:00:00 999.0 187.1 246.3 310.5 270.3 311.6 294.8 237.3 237.6 247.9  59.3  52.7 999.0 192.9 205.6  38.2 203.1 201.2 159.3 216.6 257.6 205.1 203.0  62.9 235.5 229.8  96.0 271.7  35.2 255.5 285.6
 wrfout_d04_2016-06-04_13:00:00 999.0 184.5 242.9 344.0 267.9 299.4 289.0 236.6 202.4 253.7 236.0  52.2 999.0 190.6 191.6  38.3 213.8 199.9 164.6 211.8 252.0 203.6 197.7  75.9 223.6 214.8 304.9 264.4  17.7 256.2 284.0
 wrfout_d04_2016-06-04_14:00:00 999.0 193.5 242.1  88.5 270.5 346.6 278.9 236.3 202.1 246.6 268.3  42.7 999.0 192.6 183.9  35.4  65.2 198.8 169.3 205.3 246.9 201.8 189.4  92.8 213.4 202.7 310.5 256.7 350.9 257.0 281.9
 wrfout_d04_2016-06-04_15:00:00 999.0 219.8 244.6  61.6 272.7 338.0 340.7 237.4 193.3 247.1   2.9  17.5 999.0 194.4 187.9  32.1 232.5 196.5 179.2 202.9 243.8 197.2 187.9 138.4 210.8 201.5 290.1 245.2 313.5 258.9 282.9
 wrfout_d04_2016-06-04_16:00:00 999.0 252.0 244.0  66.2 270.4   2.2  93.3 234.7 169.0 242.7  97.2 332.2 999.0 193.3 194.6  25.3 241.5 197.9 185.7 200.8 241.7 197.3 197.1 150.6 208.3 206.4 263.5 237.5 322.4 261.7 283.9
 wrfout_d04_2016-06-04_17:00:00 999.0 291.1 239.8  81.5 263.0 334.1  81.8 222.1 133.1 234.0  98.4 325.3 999.0 194.0 195.0  12.4 251.1 201.6 189.2 195.9 240.3 200.7 200.5 143.1 206.6 205.5 262.7 235.0 343.0 262.9 282.8
 wrfout_d04_2016-06-04_18:00:00 999.0 299.0 241.3  63.4 257.5  26.6  69.7 215.0 161.6 237.9 168.2 316.8 999.0 191.4 192.4  12.6 249.0 204.3 192.8 195.4 238.2 209.3 201.6 173.2 205.4 203.7 265.0 231.4 349.3 261.5 283.5
 wrfout_d04_2016-06-04_19:00:00 999.0 313.0 236.9  90.5 252.1 169.7 112.3 216.8 201.7 222.7 184.3 312.6 999.0 183.2 186.8  16.1 259.7 205.9 193.0 192.1 234.7 216.2 200.5 193.6 199.9 202.0 269.9 232.1 324.2 258.0 281.6
 wrfout_d04_2016-06-04_20:00:00 999.0 314.6 235.6  92.7 253.0 212.7 182.5 210.1 187.2 185.4 186.1 330.8 999.0 181.8 171.8  31.1 285.2 208.7 187.4 185.5 231.7 220.0 196.7 107.5 185.3 199.6 288.6 235.1 315.4 255.3 278.3
 wrfout_d04_2016-06-04_21:00:00 999.0 311.8 233.0 105.2 250.9 194.0 139.1 203.4 167.3 139.9 251.7 310.3 999.0 174.9 149.4  30.6 349.8 213.3 194.0 183.5 225.9 223.8 199.6  87.8 161.5 184.7 286.1 229.2 322.0 252.8 277.0
 wrfout_d04_2016-06-04_22:00:00 999.0 295.7 239.4 122.8 254.9 213.4 139.7 200.3 145.2 170.0 319.7 316.9 999.0 172.2 155.8  24.9   1.0 218.1 201.8 180.8 226.6 226.8 196.6  91.6 151.7 178.9 291.4 243.0  11.8 253.2 282.0
 wrfout_d04_2016-06-04_23:00:00 999.0 331.7 238.3 213.9 247.2 220.2 242.7 208.9 215.8 215.8  51.1 321.9 999.0 182.3 186.2  30.6 328.2 222.2 220.9 197.3 238.2 228.4 203.1  97.1 170.7 203.7 161.7 248.9  87.7 255.0 285.6
