 wrfout_d04_2016-06-22_00:00:00 999.0 211.2 232.1 244.1 235.9 222.4 235.5 234.5 220.7 244.0  59.7 161.6 999.0 202.2 176.5 175.1 261.3 206.1 249.8 201.7  65.0 199.0 190.4 197.4 202.3 200.5 193.6 179.8 179.1 157.2 132.9
 wrfout_d04_2016-06-22_01:00:00 999.0 220.0 233.9 268.0 233.0 220.7 234.7 236.6 228.1 247.8  82.2 165.0 999.0 220.1 204.1 167.5 259.0 206.2 264.9 205.8 316.9 202.7 199.2 188.0 214.2 208.1 183.6 195.9 148.1 158.7 147.6
 wrfout_d04_2016-06-22_02:00:00 999.0 203.7 237.8 283.9 236.8 248.1 234.0 238.4 226.7 249.7  80.7 165.7 999.0 229.7 211.8 165.5 239.6 208.5 279.2 213.1 304.5 207.6 204.4 183.5 221.0 216.0 180.1 205.6 141.3 154.4 155.5
 wrfout_d04_2016-06-22_03:00:00 999.0 189.5 245.6 284.1 253.1   6.6 226.5 239.6 241.9 250.7  92.6 165.5 999.0 235.9 219.0 163.5 245.5 214.9 297.7 244.3 314.4 213.7 215.8 181.2 224.2 221.7 178.6 211.7 134.5 157.0 171.3
 wrfout_d04_2016-06-22_04:00:00 999.0 170.0 247.3 288.1 262.5  26.1 262.0 240.1 266.7 251.5  96.9 164.6 999.0 238.4 225.2 161.5 247.6 216.4 331.3 243.4 354.1 215.3 221.8 180.6 230.5 228.9 178.5 217.5 137.7 158.9 178.8
 wrfout_d04_2016-06-22_05:00:00 999.0 187.1 255.9 287.3 268.7  17.1 276.4 234.5 271.2 246.6  98.8 166.3 999.0 238.6 246.2 161.1 256.1 218.2 291.7 250.8 331.5 224.1 226.4 181.4 237.1 234.2 176.3 220.7 135.8 160.6 184.9
 wrfout_d04_2016-06-22_06:00:00 999.0 205.2 262.5 287.8 273.0  10.2 280.0 235.5 271.3 247.6  93.9 169.2 999.0 241.2 257.5 157.2 247.7 220.9 270.6 251.3 280.7 229.1 227.0 183.7 236.7 234.0 173.1 222.0 139.5 163.7 189.9
 wrfout_d04_2016-06-22_07:00:00 999.0 188.1 269.0 287.0 276.6   9.0 273.4 230.7 265.1 245.9  89.4 169.3 999.0 235.6 257.5 168.8 243.6 217.6  64.5 261.1 356.9 224.3 227.4 183.3 240.8 237.8 170.0 228.0 139.9 163.4 197.6
 wrfout_d04_2016-06-22_08:00:00 999.0 172.3 264.2 294.8 281.6   2.1 263.0 231.1 262.9 245.1  79.3 171.3 999.0 233.2 252.7 166.2 216.0 218.6 160.1 255.3 243.9 220.2 222.8 190.4 247.8 243.7 163.2 230.9 135.9 161.3 204.7
 wrfout_d04_2016-06-22_09:00:00 999.0 170.5 261.7 296.7 282.8 360.0 262.7 222.0 246.6 242.2  52.2 171.9 999.0 231.3 248.3 164.9 216.7 208.6 181.4 250.2 288.4 207.3 225.7 200.8 242.4 239.9 172.3 227.0 141.3 157.7 217.0
 wrfout_d04_2016-06-22_10:00:00 999.0 170.4 246.6 298.9 273.8   2.8 236.7 212.0 233.5 241.7  93.9 170.5 999.0 228.2 247.6 167.1 241.5 212.8 152.9 244.5 162.4 220.5 223.4 207.0 236.2 225.7 179.9 227.6 143.7 154.0 190.8
 wrfout_d04_2016-06-22_11:00:00 999.0 177.1 234.7 351.9 261.2 352.0 219.7 201.3 229.2 223.1  45.6 175.1 999.0 211.7 240.4 177.6 215.7 215.0 196.1 232.9 155.0 221.9 211.0 214.5 236.6 222.6 198.9 216.9 173.5 153.1 154.2
 wrfout_d04_2016-06-22_12:00:00 999.0 170.3 221.5   0.9 240.4 358.1 137.6 205.0 213.0 201.6  12.2 169.7 999.0 205.9 235.2 180.0 218.0 214.9 177.9 227.4 144.9 212.5 208.1 226.4 224.4 214.9 194.0 203.4 186.7 153.3 144.8
 wrfout_d04_2016-06-22_13:00:00 999.0 171.2 210.3  64.6 215.2  69.3 130.8 199.5 221.5 204.3   3.1 162.7 999.0 198.3 211.5 187.1 205.4 202.6 190.9 219.6 151.4 198.8 203.2 218.7 217.4 205.0 196.2 197.1 193.5 155.2 129.5
 wrfout_d04_2016-06-22_14:00:00 999.0 172.6 199.9 132.9 191.4 194.3 126.1 197.0 218.3 183.4  24.5 158.7 999.0 192.0 195.2 192.5 200.3 191.5 203.5 205.5 152.7 192.3 196.3 221.5 207.9 203.0 197.8 186.3 236.1 149.9 115.3
 wrfout_d04_2016-06-22_15:00:00 999.0 176.6 202.1 142.4 210.5 159.7  80.1 199.7 216.4 189.6  33.4 165.0 999.0 192.9 191.5 196.5 212.5 190.9 200.8 207.0 155.7 191.2 198.2 227.9 197.9 195.6 203.0 177.7 294.4 136.9 107.5
 wrfout_d04_2016-06-22_16:00:00 999.0 175.0 207.0 101.3 262.7 216.2 344.3 214.9 200.1 188.4  19.8 162.7 999.0 189.5 189.9 193.3 210.2 193.7 202.1 206.1 161.0 195.5 195.3 229.0 190.5 190.0 220.1 175.0 301.6 132.2 105.9
 wrfout_d04_2016-06-22_17:00:00 999.0 178.6 224.6 352.9 309.9 322.6 312.6 219.4 177.6 205.3  33.1 156.4 999.0 188.6 184.7 193.6 215.3 195.2 196.3 199.8 158.4 197.5 190.5 232.0 188.1 186.0 223.9 175.4 302.2 136.9 106.1
 wrfout_d04_2016-06-22_18:00:00 999.0 180.9 252.1   3.1 314.2 357.3 302.1 216.9 166.8 210.6   0.6 160.0 999.0 186.4 182.4 195.3 201.6 198.3 199.9 202.2 157.8 195.8 187.6 230.3 179.1 183.5 246.8 170.6 293.9 145.3 106.2
 wrfout_d04_2016-06-22_19:00:00 999.0 188.3 254.5  10.2 298.9 345.6 312.6 217.7 148.8 200.5  13.0 161.0 999.0 184.9 192.7 197.2 113.6 202.2 202.9 197.8 156.9 193.0 186.8 244.5 163.2 165.1 242.7 171.1 300.4 145.6 105.6
 wrfout_d04_2016-06-22_20:00:00 999.0 191.1 246.6  18.4 291.2 118.0 322.6 221.6 123.0 200.8  45.3 154.5 999.0 183.5 203.0 200.4 230.5 201.2 204.1 195.7 156.2 195.4 178.4 247.6 133.4 135.7 245.7 172.8 304.0 155.2 101.9
 wrfout_d04_2016-06-22_21:00:00 999.0 199.9 242.6  27.4 284.2 180.0 325.9 223.9 109.6 203.1  92.6 160.5 999.0 180.7 197.0 201.1 282.0 203.9 194.9 186.1 156.4 195.2 168.8 256.1 121.8 121.0 240.4 170.5 303.6 162.0  99.3
 wrfout_d04_2016-06-22_22:00:00 999.0 211.0 239.1 295.5 272.0 176.5 305.8 224.1 191.3 224.6 255.2 160.4 999.0 184.5 191.5 200.2 315.2 200.6 194.9 187.4 155.4 196.0 147.7 247.3 128.0 129.0 238.2 168.1 298.6 159.1 106.3
 wrfout_d04_2016-06-22_23:00:00 999.0 220.0 235.2 241.6 251.6 203.9 253.3 226.5 226.9 231.3  33.0 169.4 999.0 192.7 178.1 190.0 347.6 201.7  27.3 201.1 139.8 192.6 158.7 216.4 174.4 174.9 210.8 167.6 238.9 157.4 118.2
