   165.6    2546.1   -0.4   -4.0
   166.1    2546.1   -0.4   -4.1
   166.6    2546.1   -0.4   -4.1
   167.1    2546.1   -0.4   -4.1
   167.6    2546.1   -0.4   -4.2
   168.1    2546.1   -0.4   -4.2
   168.6    2546.1   -0.4   -4.3
   169.1    2546.1   -0.4   -4.3
   169.6    2546.1   -0.4   -4.4
   170.1    2546.1   -0.3   -4.4
   170.6    2546.1   -0.3   -4.4
   171.1    2546.1   -0.2   -4.4
   171.6    2546.1   -0.1   -4.4
   172.1    2546.1    0.0   -4.4
   172.6    2546.1    0.1   -4.4
   173.1    2546.1    0.2   -4.4
   173.6    2546.1    0.3   -4.4
   174.1    2546.1    0.3   -4.4
   174.6    2546.1    0.4   -4.4
   175.1    2546.1    0.4   -4.4
   175.6    2546.1    0.4   -4.4
   176.1    2546.1    0.5   -4.5
   176.6    2546.1    0.5   -4.5
   177.1    2546.1    0.5   -4.5
   177.6    2546.1    0.5   -4.6
   178.1    2546.1    0.5   -4.5
   178.6    2546.1    0.6   -4.5
   179.1    2546.1    0.6   -4.5
   179.6    2546.1    0.6   -4.4
   180.1    2546.1    0.7   -4.3
   180.6    2546.1    0.7   -4.3
   181.1    2546.1    0.7   -4.2
   181.6    2546.1    0.7   -4.1
   182.1    2546.1    0.6   -4.0
   182.6    2546.1    0.5   -4.0
   183.1    2546.1    0.3   -3.9
   183.6    2546.1    0.2   -3.9
   184.1    2546.1    0.0   -3.9
   184.6    2546.1    0.0   -3.9
   185.1    2546.1   -0.1   -3.9
   165.6    2546.6   -0.5   -4.1
   166.1    2546.6   -0.5   -4.1
   166.6    2546.6   -0.5   -4.1
   167.1    2546.6   -0.5   -4.1
   167.6    2546.6   -0.5   -4.2
   168.1    2546.6   -0.5   -4.2
   168.6    2546.6   -0.4   -4.3
   169.1    2546.6   -0.4   -4.3
   169.6    2546.6   -0.4   -4.3
   170.1    2546.6   -0.3   -4.4
   170.6    2546.6   -0.3   -4.4
   171.1    2546.6   -0.2   -4.4
   171.6    2546.6   -0.1   -4.4
   172.1    2546.6    0.0   -4.4
   172.6    2546.6    0.1   -4.4
   173.1    2546.6    0.2   -4.4
   173.6    2546.6    0.2   -4.4
   174.1    2546.6    0.3   -4.4
   174.6    2546.6    0.4   -4.4
   175.1    2546.6    0.4   -4.4
   175.6    2546.6    0.4   -4.5
   176.1    2546.6    0.5   -4.5
   176.6    2546.6    0.5   -4.6
   177.1    2546.6    0.5   -4.6
   177.6    2546.6    0.5   -4.6
   178.1    2546.6    0.5   -4.6
   178.6    2546.6    0.6   -4.5
   179.1    2546.6    0.6   -4.5
   179.6    2546.6    0.6   -4.4
   180.1    2546.6    0.7   -4.4
   180.6    2546.6    0.7   -4.3
   181.1    2546.6    0.7   -4.2
   181.6    2546.6    0.7   -4.1
   182.1    2546.6    0.6   -4.0
   182.6    2546.6    0.5   -4.0
   183.1    2546.6    0.3   -3.9
   183.6    2546.6    0.1   -3.9
   184.1    2546.6    0.0   -3.9
   184.6    2546.6   -0.1   -3.9
   185.1    2546.6   -0.1   -3.8
   165.6    2547.1   -0.5   -4.1
   166.1    2547.1   -0.5   -4.1
   166.6    2547.1   -0.5   -4.1
   167.1    2547.1   -0.5   -4.1
   167.6    2547.1   -0.5   -4.2
   168.1    2547.1   -0.5   -4.2
   168.6    2547.1   -0.5   -4.2
   169.1    2547.1   -0.4   -4.3
   169.6    2547.1   -0.4   -4.3
   170.1    2547.1   -0.3   -4.3
   170.6    2547.1   -0.3   -4.4
   171.1    2547.1   -0.2   -4.4
   171.6    2547.1   -0.1   -4.4
   172.1    2547.1    0.0   -4.4
   172.6    2547.1    0.1   -4.4
   173.1    2547.1    0.2   -4.4
   173.6    2547.1    0.2   -4.4
   174.1    2547.1    0.3   -4.4
   174.6    2547.1    0.3   -4.5
   175.1    2547.1    0.4   -4.5
   175.6    2547.1    0.4   -4.5
   176.1    2547.1    0.4   -4.6
   176.6    2547.1    0.5   -4.6
   177.1    2547.1    0.5   -4.6
   177.6    2547.1    0.5   -4.6
   178.1    2547.1    0.5   -4.6
   178.6    2547.1    0.6   -4.5
   179.1    2547.1    0.6   -4.5
   179.6    2547.1    0.6   -4.4
   180.1    2547.1    0.7   -4.4
   180.6    2547.1    0.7   -4.3
   181.1    2547.1    0.7   -4.2
   181.6    2547.1    0.7   -4.1
   182.1    2547.1    0.6   -4.1
   182.6    2547.1    0.4   -4.0
   183.1    2547.1    0.3   -3.9
   183.6    2547.1    0.1   -3.9
   184.1    2547.1    0.0   -3.9
   184.6    2547.1   -0.1   -3.8
   185.1    2547.1   -0.1   -3.8
   165.6    2547.6   -0.5   -4.1
   166.1    2547.6   -0.6   -4.1
   166.6    2547.6   -0.6   -4.1
   167.1    2547.6   -0.5   -4.1
   167.6    2547.6   -0.5   -4.2
   168.1    2547.6   -0.5   -4.2
   168.6    2547.6   -0.5   -4.2
   169.1    2547.6   -0.4   -4.2
   169.6    2547.6   -0.4   -4.3
   170.1    2547.6   -0.3   -4.3
   170.6    2547.6   -0.3   -4.3
   171.1    2547.6   -0.2   -4.3
   171.6    2547.6   -0.1   -4.4
   172.1    2547.6    0.0   -4.4
   172.6    2547.6    0.1   -4.4
   173.1    2547.6    0.1   -4.4
   173.6    2547.6    0.2   -4.4
   174.1    2547.6    0.3   -4.5
   174.6    2547.6    0.3   -4.5
   175.1    2547.6    0.3   -4.5
   175.6    2547.6    0.4   -4.5
   176.1    2547.6    0.4   -4.6
   176.6    2547.6    0.4   -4.6
   177.1    2547.6    0.5   -4.6
   177.6    2547.6    0.5   -4.6
   178.1    2547.6    0.5   -4.6
   178.6    2547.6    0.6   -4.5
   179.1    2547.6    0.6   -4.5
   179.6    2547.6    0.6   -4.4
   180.1    2547.6    0.7   -4.4
   180.6    2547.6    0.7   -4.3
   181.1    2547.6    0.7   -4.2
   181.6    2547.6    0.7   -4.2
   182.1    2547.6    0.6   -4.1
   182.6    2547.6    0.4   -4.0
   183.1    2547.6    0.3   -3.9
   183.6    2547.6    0.1   -3.9
   184.1    2547.6    0.0   -3.9
   184.6    2547.6   -0.1   -3.8
   185.1    2547.6   -0.1   -3.8
   165.6    2548.1   -0.6   -4.1
   166.1    2548.1   -0.6   -4.1
   166.6    2548.1   -0.6   -4.1
   167.1    2548.1   -0.6   -4.1
   167.6    2548.1   -0.5   -4.1
   168.1    2548.1   -0.5   -4.2
   168.6    2548.1   -0.5   -4.2
   169.1    2548.1   -0.4   -4.2
   169.6    2548.1   -0.4   -4.2
   170.1    2548.1   -0.3   -4.3
   170.6    2548.1   -0.3   -4.3
   171.1    2548.1   -0.2   -4.3
   171.6    2548.1   -0.1   -4.3
   172.1    2548.1    0.0   -4.4
   172.6    2548.1    0.0   -4.4
   173.1    2548.1    0.1   -4.4
   173.6    2548.1    0.2   -4.4
   174.1    2548.1    0.2   -4.5
   174.6    2548.1    0.3   -4.5
   175.1    2548.1    0.3   -4.5
   175.6    2548.1    0.3   -4.6
   176.1    2548.1    0.4   -4.6
   176.6    2548.1    0.4   -4.6
   177.1    2548.1    0.5   -4.6
   177.6    2548.1    0.5   -4.6
   178.1    2548.1    0.5   -4.6
   178.6    2548.1    0.6   -4.5
   179.1    2548.1    0.6   -4.5
   179.6    2548.1    0.6   -4.5
   180.1    2548.1    0.7   -4.4
   180.6    2548.1    0.7   -4.3
   181.1    2548.1    0.7   -4.3
   181.6    2548.1    0.7   -4.2
   182.1    2548.1    0.6   -4.1
   182.6    2548.1    0.4   -4.0
   183.1    2548.1    0.2   -4.0
   183.6    2548.1    0.1   -3.9
   184.1    2548.1    0.0   -3.9
   184.6    2548.1   -0.1   -3.8
   185.1    2548.1   -0.1   -3.8
   165.6    2548.6   -0.6   -4.0
   166.1    2548.6   -0.6   -4.1
   166.6    2548.6   -0.6   -4.1
   167.1    2548.6   -0.6   -4.1
   167.6    2548.6   -0.5   -4.1
   168.1    2548.6   -0.5   -4.1
   168.6    2548.6   -0.5   -4.2
   169.1    2548.6   -0.4   -4.2
   169.6    2548.6   -0.4   -4.2
   170.1    2548.6   -0.3   -4.2
   170.6    2548.6   -0.3   -4.2
   171.1    2548.6   -0.2   -4.3
   171.6    2548.6   -0.2   -4.3
   172.1    2548.6   -0.1   -4.4
   172.6    2548.6    0.0   -4.4
   173.1    2548.6    0.1   -4.4
   173.6    2548.6    0.1   -4.4
   174.1    2548.6    0.2   -4.5
   174.6    2548.6    0.2   -4.5
   175.1    2548.6    0.3   -4.6
   175.6    2548.6    0.3   -4.6
   176.1    2548.6    0.3   -4.6
   176.6    2548.6    0.4   -4.7
   177.1    2548.6    0.4   -4.7
   177.6    2548.6    0.5   -4.6
   178.1    2548.6    0.5   -4.6
   178.6    2548.6    0.5   -4.5
   179.1    2548.6    0.6   -4.5
   179.6    2548.6    0.7   -4.5
   180.1    2548.6    0.7   -4.4
   180.6    2548.6    0.7   -4.4
   181.1    2548.6    0.7   -4.3
   181.6    2548.6    0.7   -4.2
   182.1    2548.6    0.5   -4.1
   182.6    2548.6    0.4   -4.0
   183.1    2548.6    0.2   -4.0
   183.6    2548.6    0.1   -3.9
   184.1    2548.6    0.0   -3.8
   184.6    2548.6   -0.1   -3.8
   185.1    2548.6   -0.1   -3.8
   165.6    2549.1   -0.6   -4.0
   166.1    2549.1   -0.6   -4.0
   166.6    2549.1   -0.6   -4.1
   167.1    2549.1   -0.6   -4.1
   167.6    2549.1   -0.5   -4.1
   168.1    2549.1   -0.5   -4.1
   168.6    2549.1   -0.4   -4.1
   169.1    2549.1   -0.4   -4.1
   169.6    2549.1   -0.4   -4.2
   170.1    2549.1   -0.3   -4.2
   170.6    2549.1   -0.3   -4.2
   171.1    2549.1   -0.2   -4.3
   171.6    2549.1   -0.2   -4.3
   172.1    2549.1   -0.1   -4.4
   172.6    2549.1    0.0   -4.4
   173.1    2549.1    0.0   -4.4
   173.6    2549.1    0.1   -4.5
   174.1    2549.1    0.1   -4.5
   174.6    2549.1    0.2   -4.5
   175.1    2549.1    0.2   -4.6
   175.6    2549.1    0.3   -4.6
   176.1    2549.1    0.3   -4.7
   176.6    2549.1    0.4   -4.7
   177.1    2549.1    0.4   -4.7
   177.6    2549.1    0.5   -4.6
   178.1    2549.1    0.5   -4.6
   178.6    2549.1    0.5   -4.6
   179.1    2549.1    0.6   -4.5
   179.6    2549.1    0.7   -4.5
   180.1    2549.1    0.7   -4.5
   180.6    2549.1    0.7   -4.4
   181.1    2549.1    0.7   -4.3
   181.6    2549.1    0.7   -4.2
   182.1    2549.1    0.5   -4.1
   182.6    2549.1    0.4   -4.0
   183.1    2549.1    0.2   -4.0
   183.6    2549.1    0.1   -3.9
   184.1    2549.1    0.0   -3.9
   184.6    2549.1   -0.1   -3.8
   185.1    2549.1   -0.1   -3.8
   165.6    2549.6   -0.6   -4.0
   166.1    2549.6   -0.6   -4.0
   166.6    2549.6   -0.6   -4.1
   167.1    2549.6   -0.5   -4.1
   167.6    2549.6   -0.5   -4.1
   168.1    2549.6   -0.5   -4.1
   168.6    2549.6   -0.4   -4.1
   169.1    2549.6   -0.4   -4.1
   169.6    2549.6   -0.4   -4.1
   170.1    2549.6   -0.3   -4.2
   170.6    2549.6   -0.3   -4.2
   171.1    2549.6   -0.3   -4.3
   171.6    2549.6   -0.2   -4.3
   172.1    2549.6   -0.2   -4.4
   172.6    2549.6   -0.1   -4.4
   173.1    2549.6    0.0   -4.4
   173.6    2549.6    0.0   -4.5
   174.1    2549.6    0.1   -4.5
   174.6    2549.6    0.1   -4.6
   175.1    2549.6    0.2   -4.6
   175.6    2549.6    0.2   -4.7
   176.1    2549.6    0.3   -4.7
   176.6    2549.6    0.3   -4.7
   177.1    2549.6    0.4   -4.7
   177.6    2549.6    0.4   -4.7
   178.1    2549.6    0.5   -4.6
   178.6    2549.6    0.5   -4.6
   179.1    2549.6    0.6   -4.6
   179.6    2549.6    0.7   -4.5
   180.1    2549.6    0.7   -4.5
   180.6    2549.6    0.7   -4.4
   181.1    2549.6    0.7   -4.4
   181.6    2549.6    0.6   -4.3
   182.1    2549.6    0.5   -4.1
   182.6    2549.6    0.4   -4.0
   183.1    2549.6    0.2   -4.0
   183.6    2549.6    0.1   -3.9
   184.1    2549.6    0.0   -3.9
   184.6    2549.6   -0.1   -3.8
   185.1    2549.6   -0.1   -3.8
   165.6    2550.1   -0.6   -4.0
   166.1    2550.1   -0.6   -4.0
   166.6    2550.1   -0.6   -4.1
   167.1    2550.1   -0.5   -4.1
   167.6    2550.1   -0.5   -4.1
   168.1    2550.1   -0.5   -4.1
   168.6    2550.1   -0.4   -4.1
   169.1    2550.1   -0.4   -4.1
   169.6    2550.1   -0.4   -4.1
   170.1    2550.1   -0.3   -4.2
   170.6    2550.1   -0.3   -4.2
   171.1    2550.1   -0.3   -4.3
   171.6    2550.1   -0.2   -4.3
   172.1    2550.1   -0.2   -4.4
   172.6    2550.1   -0.1   -4.4
   173.1    2550.1   -0.1   -4.5
   173.6    2550.1    0.0   -4.5
   174.1    2550.1    0.0   -4.6
   174.6    2550.1    0.1   -4.6
   175.1    2550.1    0.1   -4.6
   175.6    2550.1    0.2   -4.7
   176.1    2550.1    0.2   -4.7
   176.6    2550.1    0.3   -4.7
   177.1    2550.1    0.3   -4.7
   177.6    2550.1    0.4   -4.7
   178.1    2550.1    0.5   -4.7
   178.6    2550.1    0.5   -4.6
   179.1    2550.1    0.6   -4.6
   179.6    2550.1    0.7   -4.6
   180.1    2550.1    0.7   -4.5
   180.6    2550.1    0.7   -4.5
   181.1    2550.1    0.7   -4.4
   181.6    2550.1    0.6   -4.3
   182.1    2550.1    0.5   -4.2
   182.6    2550.1    0.4   -4.1
   183.1    2550.1    0.2   -4.0
   183.6    2550.1    0.1   -3.9
   184.1    2550.1    0.0   -3.9
   184.6    2550.1   -0.1   -3.8
   185.1    2550.1   -0.1   -3.8
   165.6    2550.6   -0.6   -4.0
   166.1    2550.6   -0.6   -4.1
   166.6    2550.6   -0.6   -4.1
   167.1    2550.6   -0.5   -4.1
   167.6    2550.6   -0.5   -4.1
   168.1    2550.6   -0.5   -4.1
   168.6    2550.6   -0.4   -4.1
   169.1    2550.6   -0.4   -4.1
   169.6    2550.6   -0.4   -4.1
   170.1    2550.6   -0.3   -4.2
   170.6    2550.6   -0.3   -4.2
   171.1    2550.6   -0.3   -4.3
   171.6    2550.6   -0.3   -4.4
   172.1    2550.6   -0.2   -4.4
   172.6    2550.6   -0.2   -4.5
   173.1    2550.6   -0.1   -4.5
   173.6    2550.6   -0.1   -4.5
   174.1    2550.6    0.0   -4.6
   174.6    2550.6    0.0   -4.6
   175.1    2550.6    0.1   -4.7
   175.6    2550.6    0.1   -4.7
   176.1    2550.6    0.2   -4.7
   176.6    2550.6    0.2   -4.7
   177.1    2550.6    0.3   -4.7
   177.6    2550.6    0.4   -4.7
   178.1    2550.6    0.4   -4.7
   178.6    2550.6    0.5   -4.7
   179.1    2550.6    0.6   -4.6
   179.6    2550.6    0.7   -4.6
   180.1    2550.6    0.7   -4.6
   180.6    2550.6    0.7   -4.5
   181.1    2550.6    0.7   -4.4
   181.6    2550.6    0.6   -4.3
   182.1    2550.6    0.5   -4.2
   182.6    2550.6    0.3   -4.1
   183.1    2550.6    0.2   -4.0
   183.6    2550.6    0.1   -3.9
   184.1    2550.6    0.0   -3.9
   184.6    2550.6    0.0   -3.8
   185.1    2550.6    0.0   -3.8
   165.6    2551.1   -0.6   -4.1
   166.1    2551.1   -0.6   -4.1
   166.6    2551.1   -0.6   -4.1
   167.1    2551.1   -0.5   -4.2
   167.6    2551.1   -0.5   -4.2
   168.1    2551.1   -0.5   -4.2
   168.6    2551.1   -0.4   -4.2
   169.1    2551.1   -0.4   -4.2
   169.6    2551.1   -0.4   -4.2
   170.1    2551.1   -0.4   -4.2
   170.6    2551.1   -0.3   -4.3
   171.1    2551.1   -0.3   -4.3
   171.6    2551.1   -0.3   -4.4
   172.1    2551.1   -0.3   -4.5
   172.6    2551.1   -0.2   -4.5
   173.1    2551.1   -0.2   -4.6
   173.6    2551.1   -0.1   -4.6
   174.1    2551.1   -0.1   -4.6
   174.6    2551.1    0.0   -4.7
   175.1    2551.1    0.0   -4.7
   175.6    2551.1    0.1   -4.7
   176.1    2551.1    0.1   -4.7
   176.6    2551.1    0.2   -4.7
   177.1    2551.1    0.2   -4.7
   177.6    2551.1    0.3   -4.7
   178.1    2551.1    0.4   -4.7
   178.6    2551.1    0.5   -4.7
   179.1    2551.1    0.6   -4.7
   179.6    2551.1    0.6   -4.6
   180.1    2551.1    0.7   -4.6
   180.6    2551.1    0.7   -4.5
   181.1    2551.1    0.7   -4.4
   181.6    2551.1    0.6   -4.3
   182.1    2551.1    0.5   -4.2
   182.6    2551.1    0.3   -4.1
   183.1    2551.1    0.2   -4.0
   183.6    2551.1    0.1   -3.9
   184.1    2551.1    0.0   -3.9
   184.6    2551.1    0.0   -3.8
   185.1    2551.1    0.0   -3.8
   165.6    2551.6   -0.5   -4.1
   166.1    2551.6   -0.5   -4.1
   166.6    2551.6   -0.5   -4.2
   167.1    2551.6   -0.5   -4.2
   167.6    2551.6   -0.5   -4.2
   168.1    2551.6   -0.5   -4.2
   168.6    2551.6   -0.4   -4.2
   169.1    2551.6   -0.4   -4.2
   169.6    2551.6   -0.4   -4.2
   170.1    2551.6   -0.4   -4.2
   170.6    2551.6   -0.4   -4.3
   171.1    2551.6   -0.4   -4.4
   171.6    2551.6   -0.3   -4.4
   172.1    2551.6   -0.3   -4.5
   172.6    2551.6   -0.3   -4.6
   173.1    2551.6   -0.2   -4.6
   173.6    2551.6   -0.2   -4.6
   174.1    2551.6   -0.1   -4.7
   174.6    2551.6   -0.1   -4.7
   175.1    2551.6    0.0   -4.7
   175.6    2551.6    0.0   -4.7
   176.1    2551.6    0.1   -4.7
   176.6    2551.6    0.1   -4.7
   177.1    2551.6    0.2   -4.6
   177.6    2551.6    0.2   -4.6
   178.1    2551.6    0.3   -4.7
   178.6    2551.6    0.4   -4.7
   179.1    2551.6    0.5   -4.7
   179.6    2551.6    0.6   -4.7
   180.1    2551.6    0.6   -4.6
   180.6    2551.6    0.7   -4.6
   181.1    2551.6    0.6   -4.5
   181.6    2551.6    0.6   -4.4
   182.1    2551.6    0.5   -4.2
   182.6    2551.6    0.3   -4.1
   183.1    2551.6    0.2   -4.0
   183.6    2551.6    0.1   -3.9
   184.1    2551.6    0.1   -3.9
   184.6    2551.6    0.0   -3.8
   185.1    2551.6    0.0   -3.8
   165.6    2552.1   -0.5   -4.1
   166.1    2552.1   -0.5   -4.1
   166.6    2552.1   -0.5   -4.2
   167.1    2552.1   -0.5   -4.2
   167.6    2552.1   -0.5   -4.2
   168.1    2552.1   -0.5   -4.2
   168.6    2552.1   -0.4   -4.2
   169.1    2552.1   -0.4   -4.2
   169.6    2552.1   -0.4   -4.2
   170.1    2552.1   -0.4   -4.3
   170.6    2552.1   -0.4   -4.3
   171.1    2552.1   -0.4   -4.4
   171.6    2552.1   -0.4   -4.5
   172.1    2552.1   -0.3   -4.6
   172.6    2552.1   -0.3   -4.6
   173.1    2552.1   -0.3   -4.6
   173.6    2552.1   -0.2   -4.7
   174.1    2552.1   -0.2   -4.7
   174.6    2552.1   -0.1   -4.7
   175.1    2552.1   -0.1   -4.7
   175.6    2552.1   -0.1   -4.7
   176.1    2552.1    0.0   -4.7
   176.6    2552.1    0.0   -4.6
   177.1    2552.1    0.1   -4.6
   177.6    2552.1    0.2   -4.6
   178.1    2552.1    0.3   -4.6
   178.6    2552.1    0.4   -4.7
   179.1    2552.1    0.5   -4.7
   179.6    2552.1    0.6   -4.7
   180.1    2552.1    0.6   -4.6
   180.6    2552.1    0.6   -4.6
   181.1    2552.1    0.6   -4.5
   181.6    2552.1    0.6   -4.4
   182.1    2552.1    0.5   -4.3
   182.6    2552.1    0.4   -4.2
   183.1    2552.1    0.2   -4.0
   183.6    2552.1    0.1   -3.9
   184.1    2552.1    0.1   -3.8
   184.6    2552.1    0.0   -3.8
   185.1    2552.1    0.0   -3.7
   165.6    2552.6   -0.5   -4.1
   166.1    2552.6   -0.5   -4.2
   166.6    2552.6   -0.5   -4.2
   167.1    2552.6   -0.5   -4.2
   167.6    2552.6   -0.5   -4.3
   168.1    2552.6   -0.5   -4.3
   168.6    2552.6   -0.4   -4.3
   169.1    2552.6   -0.4   -4.3
   169.6    2552.6   -0.4   -4.3
   170.1    2552.6   -0.4   -4.3
   170.6    2552.6   -0.4   -4.4
   171.1    2552.6   -0.4   -4.5
   171.6    2552.6   -0.4   -4.5
   172.1    2552.6   -0.4   -4.6
   172.6    2552.6   -0.3   -4.6
   173.1    2552.6   -0.3   -4.7
   173.6    2552.6   -0.3   -4.7
   174.1    2552.6   -0.2   -4.7
   174.6    2552.6   -0.2   -4.7
   175.1    2552.6   -0.2   -4.7
   175.6    2552.6   -0.1   -4.7
   176.1    2552.6   -0.1   -4.7
   176.6    2552.6    0.0   -4.6
   177.1    2552.6    0.0   -4.6
   177.6    2552.6    0.1   -4.6
   178.1    2552.6    0.2   -4.6
   178.6    2552.6    0.3   -4.7
   179.1    2552.6    0.4   -4.7
   179.6    2552.6    0.5   -4.7
   180.1    2552.6    0.6   -4.7
   180.6    2552.6    0.6   -4.6
   181.1    2552.6    0.6   -4.5
   181.6    2552.6    0.5   -4.4
   182.1    2552.6    0.5   -4.3
   182.6    2552.6    0.4   -4.2
   183.1    2552.6    0.3   -4.1
   183.6    2552.6    0.2   -3.9
   184.1    2552.6    0.1   -3.8
   184.6    2552.6    0.1   -3.7
   185.1    2552.6    0.1   -3.7
   165.6    2553.1   -0.5   -4.2
   166.1    2553.1   -0.5   -4.2
   166.6    2553.1   -0.5   -4.2
   167.1    2553.1   -0.5   -4.3
   167.6    2553.1   -0.5   -4.3
   168.1    2553.1   -0.5   -4.3
   168.6    2553.1   -0.5   -4.3
   169.1    2553.1   -0.4   -4.3
   169.6    2553.1   -0.4   -4.4
   170.1    2553.1   -0.4   -4.4
   170.6    2553.1   -0.4   -4.5
   171.1    2553.1   -0.4   -4.5
   171.6    2553.1   -0.4   -4.6
   172.1    2553.1   -0.4   -4.6
   172.6    2553.1   -0.4   -4.7
   173.1    2553.1   -0.3   -4.7
   173.6    2553.1   -0.3   -4.7
   174.1    2553.1   -0.3   -4.7
   174.6    2553.1   -0.3   -4.7
   175.1    2553.1   -0.2   -4.7
   175.6    2553.1   -0.2   -4.7
   176.1    2553.1   -0.1   -4.7
   176.6    2553.1   -0.1   -4.7
   177.1    2553.1    0.0   -4.7
   177.6    2553.1    0.1   -4.7
   178.1    2553.1    0.1   -4.7
   178.6    2553.1    0.2   -4.7
   179.1    2553.1    0.4   -4.7
   179.6    2553.1    0.5   -4.7
   180.1    2553.1    0.5   -4.7
   180.6    2553.1    0.6   -4.6
   181.1    2553.1    0.6   -4.6
   181.6    2553.1    0.6   -4.5
   182.1    2553.1    0.5   -4.4
   182.6    2553.1    0.4   -4.2
   183.1    2553.1    0.3   -4.1
   183.6    2553.1    0.2   -4.0
   184.1    2553.1    0.2   -3.8
   184.6    2553.1    0.1   -3.7
   185.1    2553.1    0.1   -3.6
   165.6    2553.6   -0.5   -4.2
   166.1    2553.6   -0.5   -4.2
   166.6    2553.6   -0.5   -4.3
   167.1    2553.6   -0.5   -4.3
   167.6    2553.6   -0.5   -4.3
   168.1    2553.6   -0.5   -4.4
   168.6    2553.6   -0.5   -4.4
   169.1    2553.6   -0.4   -4.4
   169.6    2553.6   -0.4   -4.4
   170.1    2553.6   -0.4   -4.5
   170.6    2553.6   -0.4   -4.5
   171.1    2553.6   -0.4   -4.6
   171.6    2553.6   -0.4   -4.6
   172.1    2553.6   -0.4   -4.7
   172.6    2553.6   -0.4   -4.7
   173.1    2553.6   -0.4   -4.7
   173.6    2553.6   -0.4   -4.8
   174.1    2553.6   -0.4   -4.8
   174.6    2553.6   -0.3   -4.7
   175.1    2553.6   -0.3   -4.7
   175.6    2553.6   -0.2   -4.7
   176.1    2553.6   -0.2   -4.8
   176.6    2553.6   -0.1   -4.8
   177.1    2553.6    0.0   -4.8
   177.6    2553.6    0.0   -4.8
   178.1    2553.6    0.1   -4.8
   178.6    2553.6    0.2   -4.8
   179.1    2553.6    0.3   -4.8
   179.6    2553.6    0.4   -4.8
   180.1    2553.6    0.5   -4.7
   180.6    2553.6    0.5   -4.7
   181.1    2553.6    0.6   -4.6
   181.6    2553.6    0.6   -4.5
   182.1    2553.6    0.5   -4.4
   182.6    2553.6    0.4   -4.3
   183.1    2553.6    0.3   -4.1
   183.6    2553.6    0.3   -4.0
   184.1    2553.6    0.2   -3.8
   184.6    2553.6    0.2   -3.7
   185.1    2553.6    0.2   -3.6
   165.6    2554.1   -0.5   -4.2
   166.1    2554.1   -0.5   -4.2
   166.6    2554.1   -0.5   -4.3
   167.1    2554.1   -0.5   -4.3
   167.6    2554.1   -0.5   -4.4
   168.1    2554.1   -0.5   -4.4
   168.6    2554.1   -0.5   -4.4
   169.1    2554.1   -0.5   -4.4
   169.6    2554.1   -0.5   -4.5
   170.1    2554.1   -0.4   -4.5
   170.6    2554.1   -0.4   -4.6
   171.1    2554.1   -0.4   -4.6
   171.6    2554.1   -0.4   -4.7
   172.1    2554.1   -0.4   -4.7
   172.6    2554.1   -0.4   -4.7
   173.1    2554.1   -0.4   -4.8
   173.6    2554.1   -0.4   -4.8
   174.1    2554.1   -0.4   -4.8
   174.6    2554.1   -0.4   -4.8
   175.1    2554.1   -0.3   -4.8
   175.6    2554.1   -0.3   -4.8
   176.1    2554.1   -0.2   -4.9
   176.6    2554.1   -0.2   -4.9
   177.1    2554.1   -0.1   -4.9
   177.6    2554.1    0.0   -4.9
   178.1    2554.1    0.1   -4.9
   178.6    2554.1    0.2   -4.8
   179.1    2554.1    0.3   -4.8
   179.6    2554.1    0.4   -4.8
   180.1    2554.1    0.4   -4.8
   180.6    2554.1    0.5   -4.7
   181.1    2554.1    0.5   -4.7
   181.6    2554.1    0.5   -4.6
   182.1    2554.1    0.5   -4.5
   182.6    2554.1    0.5   -4.3
   183.1    2554.1    0.4   -4.2
   183.6    2554.1    0.3   -4.0
   184.1    2554.1    0.3   -3.8
   184.6    2554.1    0.2   -3.7
   185.1    2554.1    0.2   -3.6
   165.6    2554.6   -0.5   -4.2
   166.1    2554.6   -0.5   -4.3
   166.6    2554.6   -0.5   -4.3
   167.1    2554.6   -0.5   -4.4
   167.6    2554.6   -0.5   -4.4
   168.1    2554.6   -0.5   -4.4
   168.6    2554.6   -0.5   -4.4
   169.1    2554.6   -0.5   -4.5
   169.6    2554.6   -0.5   -4.5
   170.1    2554.6   -0.4   -4.5
   170.6    2554.6   -0.4   -4.6
   171.1    2554.6   -0.4   -4.6
   171.6    2554.6   -0.4   -4.7
   172.1    2554.6   -0.5   -4.7
   172.6    2554.6   -0.5   -4.8
   173.1    2554.6   -0.5   -4.8
   173.6    2554.6   -0.5   -4.8
   174.1    2554.6   -0.5   -4.8
   174.6    2554.6   -0.4   -4.8
   175.1    2554.6   -0.4   -4.8
   175.6    2554.6   -0.3   -4.9
   176.1    2554.6   -0.3   -4.9
   176.6    2554.6   -0.2   -5.0
   177.1    2554.6   -0.1   -5.0
   177.6    2554.6    0.0   -5.0
   178.1    2554.6    0.1   -5.0
   178.6    2554.6    0.1   -4.9
   179.1    2554.6    0.2   -4.9
   179.6    2554.6    0.3   -4.9
   180.1    2554.6    0.4   -4.8
   180.6    2554.6    0.5   -4.8
   181.1    2554.6    0.5   -4.7
   181.6    2554.6    0.5   -4.6
   182.1    2554.6    0.5   -4.5
   182.6    2554.6    0.5   -4.4
   183.1    2554.6    0.4   -4.2
   183.6    2554.6    0.4   -4.0
   184.1    2554.6    0.3   -3.9
   184.6    2554.6    0.3   -3.7
   185.1    2554.6    0.3   -3.6
   165.6    2555.1   -0.5   -4.3
   166.1    2555.1   -0.5   -4.3
   166.6    2555.1   -0.5   -4.3
   167.1    2555.1   -0.5   -4.4
   167.6    2555.1   -0.5   -4.4
   168.1    2555.1   -0.5   -4.4
   168.6    2555.1   -0.5   -4.5
   169.1    2555.1   -0.5   -4.5
   169.6    2555.1   -0.5   -4.5
   170.1    2555.1   -0.4   -4.6
   170.6    2555.1   -0.4   -4.6
   171.1    2555.1   -0.4   -4.7
   171.6    2555.1   -0.5   -4.7
   172.1    2555.1   -0.5   -4.8
   172.6    2555.1   -0.5   -4.8
   173.1    2555.1   -0.5   -4.8
   173.6    2555.1   -0.5   -4.9
   174.1    2555.1   -0.5   -4.8
   174.6    2555.1   -0.4   -4.8
   175.1    2555.1   -0.4   -4.9
   175.6    2555.1   -0.3   -4.9
   176.1    2555.1   -0.3   -5.0
   176.6    2555.1   -0.2   -5.0
   177.1    2555.1   -0.2   -5.0
   177.6    2555.1   -0.1   -5.0
   178.1    2555.1    0.0   -5.0
   178.6    2555.1    0.1   -5.0
   179.1    2555.1    0.2   -5.0
   179.6    2555.1    0.3   -5.0
   180.1    2555.1    0.4   -4.9
   180.6    2555.1    0.4   -4.8
   181.1    2555.1    0.5   -4.8
   181.6    2555.1    0.5   -4.7
   182.1    2555.1    0.5   -4.6
   182.6    2555.1    0.5   -4.4
   183.1    2555.1    0.5   -4.3
   183.6    2555.1    0.4   -4.1
   184.1    2555.1    0.4   -3.9
   184.6    2555.1    0.4   -3.7
   185.1    2555.1    0.3   -3.6
   165.6    2555.6   -0.5   -4.3
   166.1    2555.6   -0.5   -4.3
   166.6    2555.6   -0.5   -4.3
   167.1    2555.6   -0.5   -4.4
   167.6    2555.6   -0.5   -4.4
   168.1    2555.6   -0.5   -4.4
   168.6    2555.6   -0.5   -4.5
   169.1    2555.6   -0.5   -4.5
   169.6    2555.6   -0.4   -4.5
   170.1    2555.6   -0.4   -4.6
   170.6    2555.6   -0.4   -4.6
   171.1    2555.6   -0.4   -4.7
   171.6    2555.6   -0.5   -4.7
   172.1    2555.6   -0.5   -4.8
   172.6    2555.6   -0.5   -4.8
   173.1    2555.6   -0.5   -4.8
   173.6    2555.6   -0.5   -4.9
   174.1    2555.6   -0.5   -4.9
   174.6    2555.6   -0.4   -4.9
   175.1    2555.6   -0.4   -4.9
   175.6    2555.6   -0.3   -4.9
   176.1    2555.6   -0.3   -5.0
   176.6    2555.6   -0.3   -5.0
   177.1    2555.6   -0.2   -5.0
   177.6    2555.6   -0.1   -5.0
   178.1    2555.6    0.0   -5.0
   178.6    2555.6    0.1   -5.1
   179.1    2555.6    0.2   -5.1
   179.6    2555.6    0.3   -5.0
   180.1    2555.6    0.3   -5.0
   180.6    2555.6    0.4   -4.9
   181.1    2555.6    0.5   -4.8
   181.6    2555.6    0.5   -4.7
   182.1    2555.6    0.5   -4.6
   182.6    2555.6    0.6   -4.5
   183.1    2555.6    0.5   -4.3
   183.6    2555.6    0.5   -4.1
   184.1    2555.6    0.5   -4.0
   184.6    2555.6    0.4   -3.8
   185.1    2555.6    0.4   -3.7
   165.6    2556.1   -0.5   -4.2
   166.1    2556.1   -0.5   -4.3
   166.6    2556.1   -0.5   -4.3
   167.1    2556.1   -0.5   -4.3
   167.6    2556.1   -0.5   -4.4
   168.1    2556.1   -0.5   -4.4
   168.6    2556.1   -0.5   -4.5
   169.1    2556.1   -0.5   -4.5
   169.6    2556.1   -0.4   -4.6
   170.1    2556.1   -0.4   -4.6
   170.6    2556.1   -0.4   -4.6
   171.1    2556.1   -0.4   -4.7
   171.6    2556.1   -0.5   -4.7
   172.1    2556.1   -0.5   -4.8
   172.6    2556.1   -0.5   -4.8
   173.1    2556.1   -0.6   -4.8
   173.6    2556.1   -0.5   -4.8
   174.1    2556.1   -0.5   -4.8
   174.6    2556.1   -0.5   -4.9
   175.1    2556.1   -0.4   -4.9
   175.6    2556.1   -0.4   -4.9
   176.1    2556.1   -0.3   -4.9
   176.6    2556.1   -0.3   -5.0
   177.1    2556.1   -0.2   -5.0
   177.6    2556.1   -0.1   -5.0
   178.1    2556.1    0.0   -5.1
   178.6    2556.1    0.1   -5.1
   179.1    2556.1    0.2   -5.1
   179.6    2556.1    0.2   -5.1
   180.1    2556.1    0.3   -5.0
   180.6    2556.1    0.4   -4.9
   181.1    2556.1    0.5   -4.8
   181.6    2556.1    0.5   -4.8
   182.1    2556.1    0.6   -4.6
   182.6    2556.1    0.6   -4.5
   183.1    2556.1    0.6   -4.3
   183.6    2556.1    0.6   -4.2
   184.1    2556.1    0.5   -4.0
   184.6    2556.1    0.5   -3.8
   185.1    2556.1    0.5   -3.7
   165.6    2556.6   -0.5   -4.2
   166.1    2556.6   -0.5   -4.3
   166.6    2556.6   -0.5   -4.3
   167.1    2556.6   -0.5   -4.3
   167.6    2556.6   -0.5   -4.4
   168.1    2556.6   -0.5   -4.4
   168.6    2556.6   -0.5   -4.5
   169.1    2556.6   -0.4   -4.5
   169.6    2556.6   -0.4   -4.6
   170.1    2556.6   -0.4   -4.6
   170.6    2556.6   -0.4   -4.6
   171.1    2556.6   -0.4   -4.7
   171.6    2556.6   -0.5   -4.7
   172.1    2556.6   -0.5   -4.7
   172.6    2556.6   -0.5   -4.8
   173.1    2556.6   -0.5   -4.8
   173.6    2556.6   -0.5   -4.8
   174.1    2556.6   -0.5   -4.8
   174.6    2556.6   -0.5   -4.9
   175.1    2556.6   -0.4   -4.9
   175.6    2556.6   -0.4   -4.9
   176.1    2556.6   -0.3   -4.9
   176.6    2556.6   -0.3   -5.0
   177.1    2556.6   -0.2   -5.0
   177.6    2556.6   -0.1   -5.0
   178.1    2556.6    0.0   -5.1
   178.6    2556.6    0.1   -5.1
   179.1    2556.6    0.2   -5.1
   179.6    2556.6    0.2   -5.1
   180.1    2556.6    0.3   -5.0
   180.6    2556.6    0.4   -4.9
   181.1    2556.6    0.5   -4.9
   181.6    2556.6    0.5   -4.8
   182.1    2556.6    0.6   -4.7
   182.6    2556.6    0.6   -4.5
   183.1    2556.6    0.6   -4.4
   183.6    2556.6    0.6   -4.2
   184.1    2556.6    0.6   -4.1
   184.6    2556.6    0.6   -3.9
   185.1    2556.6    0.6   -3.8
   165.6    2557.1   -0.5   -4.2
   166.1    2557.1   -0.5   -4.2
   166.6    2557.1   -0.5   -4.3
   167.1    2557.1   -0.5   -4.3
   167.6    2557.1   -0.5   -4.3
   168.1    2557.1   -0.5   -4.4
   168.6    2557.1   -0.5   -4.4
   169.1    2557.1   -0.4   -4.5
   169.6    2557.1   -0.4   -4.6
   170.1    2557.1   -0.4   -4.6
   170.6    2557.1   -0.4   -4.6
   171.1    2557.1   -0.4   -4.7
   171.6    2557.1   -0.4   -4.7
   172.1    2557.1   -0.5   -4.7
   172.6    2557.1   -0.5   -4.7
   173.1    2557.1   -0.5   -4.7
   173.6    2557.1   -0.5   -4.8
   174.1    2557.1   -0.5   -4.8
   174.6    2557.1   -0.5   -4.9
   175.1    2557.1   -0.4   -4.9
   175.6    2557.1   -0.4   -4.9
   176.1    2557.1   -0.3   -5.0
   176.6    2557.1   -0.3   -5.0
   177.1    2557.1   -0.2   -5.0
   177.6    2557.1   -0.1   -5.1
   178.1    2557.1    0.0   -5.1
   178.6    2557.1    0.1   -5.1
   179.1    2557.1    0.2   -5.1
   179.6    2557.1    0.2   -5.1
   180.1    2557.1    0.3   -5.0
   180.6    2557.1    0.4   -4.9
   181.1    2557.1    0.4   -4.9
   181.6    2557.1    0.5   -4.8
   182.1    2557.1    0.6   -4.7
   182.6    2557.1    0.6   -4.6
   183.1    2557.1    0.7   -4.4
   183.6    2557.1    0.7   -4.3
   184.1    2557.1    0.6   -4.1
   184.6    2557.1    0.6   -4.0
   185.1    2557.1    0.6   -3.9
   165.6    2557.6   -0.5   -4.2
   166.1    2557.6   -0.5   -4.2
   166.6    2557.6   -0.5   -4.2
   167.1    2557.6   -0.5   -4.3
   167.6    2557.6   -0.5   -4.3
   168.1    2557.6   -0.5   -4.4
   168.6    2557.6   -0.5   -4.4
   169.1    2557.6   -0.4   -4.5
   169.6    2557.6   -0.4   -4.5
   170.1    2557.6   -0.4   -4.6
   170.6    2557.6   -0.4   -4.6
   171.1    2557.6   -0.4   -4.6
   171.6    2557.6   -0.4   -4.7
   172.1    2557.6   -0.4   -4.7
   172.6    2557.6   -0.5   -4.7
   173.1    2557.6   -0.5   -4.7
   173.6    2557.6   -0.5   -4.7
   174.1    2557.6   -0.5   -4.8
   174.6    2557.6   -0.5   -4.8
   175.1    2557.6   -0.4   -4.9
   175.6    2557.6   -0.4   -4.9
   176.1    2557.6   -0.3   -5.0
   176.6    2557.6   -0.3   -5.0
   177.1    2557.6   -0.2   -5.0
   177.6    2557.6   -0.1   -5.1
   178.1    2557.6    0.0   -5.1
   178.6    2557.6    0.1   -5.1
   179.1    2557.6    0.2   -5.1
   179.6    2557.6    0.2   -5.0
   180.1    2557.6    0.3   -5.0
   180.6    2557.6    0.4   -4.9
   181.1    2557.6    0.4   -4.8
   181.6    2557.6    0.5   -4.8
   182.1    2557.6    0.6   -4.7
   182.6    2557.6    0.6   -4.6
   183.1    2557.6    0.7   -4.5
   183.6    2557.6    0.7   -4.3
   184.1    2557.6    0.7   -4.2
   184.6    2557.6    0.7   -4.1
   185.1    2557.6    0.7   -4.0
   165.6    2558.1   -0.5   -4.2
   166.1    2558.1   -0.5   -4.2
   166.6    2558.1   -0.5   -4.2
   167.1    2558.1   -0.5   -4.3
   167.6    2558.1   -0.5   -4.3
   168.1    2558.1   -0.5   -4.4
   168.6    2558.1   -0.5   -4.4
   169.1    2558.1   -0.4   -4.5
   169.6    2558.1   -0.4   -4.5
   170.1    2558.1   -0.4   -4.6
   170.6    2558.1   -0.4   -4.6
   171.1    2558.1   -0.4   -4.6
   171.6    2558.1   -0.4   -4.6
   172.1    2558.1   -0.4   -4.6
   172.6    2558.1   -0.5   -4.6
   173.1    2558.1   -0.5   -4.6
   173.6    2558.1   -0.5   -4.7
   174.1    2558.1   -0.5   -4.8
   174.6    2558.1   -0.5   -4.8
   175.1    2558.1   -0.4   -4.9
   175.6    2558.1   -0.4   -4.9
   176.1    2558.1   -0.3   -4.9
   176.6    2558.1   -0.2   -5.0
   177.1    2558.1   -0.2   -5.0
   177.6    2558.1   -0.1   -5.1
   178.1    2558.1    0.0   -5.1
   178.6    2558.1    0.1   -5.1
   179.1    2558.1    0.2   -5.0
   179.6    2558.1    0.2   -5.0
   180.1    2558.1    0.3   -4.9
   180.6    2558.1    0.4   -4.9
   181.1    2558.1    0.4   -4.8
   181.6    2558.1    0.5   -4.8
   182.1    2558.1    0.6   -4.7
   182.6    2558.1    0.7   -4.6
   183.1    2558.1    0.7   -4.5
   183.6    2558.1    0.7   -4.4
   184.1    2558.1    0.7   -4.3
   184.6    2558.1    0.7   -4.2
   185.1    2558.1    0.7   -4.1
   165.6    2558.6   -0.5   -4.2
   166.1    2558.6   -0.5   -4.2
   166.6    2558.6   -0.5   -4.2
   167.1    2558.6   -0.5   -4.3
   167.6    2558.6   -0.5   -4.3
   168.1    2558.6   -0.5   -4.4
   168.6    2558.6   -0.4   -4.4
   169.1    2558.6   -0.4   -4.5
   169.6    2558.6   -0.4   -4.5
   170.1    2558.6   -0.4   -4.6
   170.6    2558.6   -0.4   -4.6
   171.1    2558.6   -0.4   -4.6
   171.6    2558.6   -0.4   -4.6
   172.1    2558.6   -0.4   -4.6
   172.6    2558.6   -0.4   -4.6
   173.1    2558.6   -0.4   -4.6
   173.6    2558.6   -0.4   -4.6
   174.1    2558.6   -0.4   -4.7
   174.6    2558.6   -0.4   -4.7
   175.1    2558.6   -0.4   -4.8
   175.6    2558.6   -0.3   -4.8
   176.1    2558.6   -0.3   -4.9
   176.6    2558.6   -0.2   -4.9
   177.1    2558.6   -0.1   -4.9
   177.6    2558.6   -0.1   -5.0
   178.1    2558.6    0.0   -5.0
   178.6    2558.6    0.1   -5.0
   179.1    2558.6    0.2   -5.0
   179.6    2558.6    0.2   -4.9
   180.1    2558.6    0.3   -4.9
   180.6    2558.6    0.4   -4.8
   181.1    2558.6    0.5   -4.8
   181.6    2558.6    0.5   -4.8
   182.1    2558.6    0.6   -4.7
   182.6    2558.6    0.7   -4.6
   183.1    2558.6    0.7   -4.5
   183.6    2558.6    0.7   -4.4
   184.1    2558.6    0.7   -4.3
   184.6    2558.6    0.7   -4.2
   185.1    2558.6    0.7   -4.2
   165.6    2559.1   -0.5   -4.1
   166.1    2559.1   -0.5   -4.2
   166.6    2559.1   -0.5   -4.2
   167.1    2559.1   -0.5   -4.3
   167.6    2559.1   -0.5   -4.3
   168.1    2559.1   -0.5   -4.4
   168.6    2559.1   -0.4   -4.4
   169.1    2559.1   -0.4   -4.5
   169.6    2559.1   -0.4   -4.5
   170.1    2559.1   -0.4   -4.5
   170.6    2559.1   -0.4   -4.6
   171.1    2559.1   -0.4   -4.6
   171.6    2559.1   -0.4   -4.6
   172.1    2559.1   -0.4   -4.6
   172.6    2559.1   -0.4   -4.6
   173.1    2559.1   -0.4   -4.6
   173.6    2559.1   -0.4   -4.6
   174.1    2559.1   -0.4   -4.6
   174.6    2559.1   -0.4   -4.7
   175.1    2559.1   -0.4   -4.7
   175.6    2559.1   -0.3   -4.7
   176.1    2559.1   -0.3   -4.8
   176.6    2559.1   -0.2   -4.8
   177.1    2559.1   -0.1   -4.9
   177.6    2559.1    0.0   -4.9
   178.1    2559.1    0.0   -4.9
   178.6    2559.1    0.1   -4.9
   179.1    2559.1    0.2   -4.9
   179.6    2559.1    0.3   -4.9
   180.1    2559.1    0.3   -4.8
   180.6    2559.1    0.4   -4.8
   181.1    2559.1    0.5   -4.8
   181.6    2559.1    0.5   -4.8
   182.1    2559.1    0.6   -4.7
   182.6    2559.1    0.7   -4.7
   183.1    2559.1    0.7   -4.6
   183.6    2559.1    0.7   -4.5
   184.1    2559.1    0.7   -4.4
   184.6    2559.1    0.7   -4.3
   185.1    2559.1    0.7   -4.2
   165.6    2559.6   -0.4   -4.1
   166.1    2559.6   -0.5   -4.1
   166.6    2559.6   -0.5   -4.2
   167.1    2559.6   -0.5   -4.3
   167.6    2559.6   -0.5   -4.3
   168.1    2559.6   -0.5   -4.4
   168.6    2559.6   -0.4   -4.4
   169.1    2559.6   -0.4   -4.5
   169.6    2559.6   -0.4   -4.5
   170.1    2559.6   -0.4   -4.5
   170.6    2559.6   -0.4   -4.5
   171.1    2559.6   -0.4   -4.6
   171.6    2559.6   -0.4   -4.6
   172.1    2559.6   -0.4   -4.6
   172.6    2559.6   -0.4   -4.6
   173.1    2559.6   -0.4   -4.6
   173.6    2559.6   -0.4   -4.6
   174.1    2559.6   -0.4   -4.6
   174.6    2559.6   -0.3   -4.6
   175.1    2559.6   -0.3   -4.7
   175.6    2559.6   -0.3   -4.7
   176.1    2559.6   -0.2   -4.7
   176.6    2559.6   -0.2   -4.8
   177.1    2559.6   -0.1   -4.8
   177.6    2559.6    0.0   -4.8
   178.1    2559.6    0.1   -4.9
   178.6    2559.6    0.1   -4.9
   179.1    2559.6    0.2   -4.8
   179.6    2559.6    0.3   -4.8
   180.1    2559.6    0.3   -4.8
   180.6    2559.6    0.4   -4.8
   181.1    2559.6    0.5   -4.8
   181.6    2559.6    0.5   -4.8
   182.1    2559.6    0.6   -4.7
   182.6    2559.6    0.7   -4.7
   183.1    2559.6    0.7   -4.6
   183.6    2559.6    0.7   -4.5
   184.1    2559.6    0.7   -4.4
   184.6    2559.6    0.7   -4.3
   185.1    2559.6    0.7   -4.3
   165.6    2560.1   -0.4   -4.1
   166.1    2560.1   -0.5   -4.1
   166.6    2560.1   -0.5   -4.2
   167.1    2560.1   -0.5   -4.3
   167.6    2560.1   -0.5   -4.3
   168.1    2560.1   -0.5   -4.4
   168.6    2560.1   -0.4   -4.4
   169.1    2560.1   -0.4   -4.5
   169.6    2560.1   -0.4   -4.5
   170.1    2560.1   -0.4   -4.5
   170.6    2560.1   -0.4   -4.5
   171.1    2560.1   -0.4   -4.5
   171.6    2560.1   -0.4   -4.5
   172.1    2560.1   -0.3   -4.5
   172.6    2560.1   -0.3   -4.6
   173.1    2560.1   -0.3   -4.6
   173.6    2560.1   -0.3   -4.6
   174.1    2560.1   -0.3   -4.6
   174.6    2560.1   -0.3   -4.6
   175.1    2560.1   -0.3   -4.6
   175.6    2560.1   -0.2   -4.7
   176.1    2560.1   -0.2   -4.7
   176.6    2560.1   -0.1   -4.8
   177.1    2560.1    0.0   -4.8
   177.6    2560.1    0.0   -4.8
   178.1    2560.1    0.1   -4.8
   178.6    2560.1    0.2   -4.8
   179.1    2560.1    0.2   -4.8
   179.6    2560.1    0.3   -4.8
   180.1    2560.1    0.4   -4.8
   180.6    2560.1    0.4   -4.8
   181.1    2560.1    0.5   -4.8
   181.6    2560.1    0.6   -4.7
   182.1    2560.1    0.6   -4.7
   182.6    2560.1    0.7   -4.7
   183.1    2560.1    0.7   -4.6
   183.6    2560.1    0.7   -4.5
   184.1    2560.1    0.7   -4.5
   184.6    2560.1    0.7   -4.4
   185.1    2560.1    0.7   -4.4
   165.6    2560.6   -0.4   -4.1
   166.1    2560.6   -0.4   -4.1
   166.6    2560.6   -0.5   -4.2
   167.1    2560.6   -0.5   -4.2
   167.6    2560.6   -0.5   -4.3
   168.1    2560.6   -0.5   -4.4
   168.6    2560.6   -0.4   -4.4
   169.1    2560.6   -0.4   -4.5
   169.6    2560.6   -0.4   -4.5
   170.1    2560.6   -0.4   -4.5
   170.6    2560.6   -0.4   -4.5
   171.1    2560.6   -0.3   -4.5
   171.6    2560.6   -0.3   -4.5
   172.1    2560.6   -0.3   -4.5
   172.6    2560.6   -0.3   -4.5
   173.1    2560.6   -0.3   -4.6
   173.6    2560.6   -0.3   -4.6
   174.1    2560.6   -0.3   -4.6
   174.6    2560.6   -0.3   -4.6
   175.1    2560.6   -0.2   -4.7
   175.6    2560.6   -0.2   -4.7
   176.1    2560.6   -0.1   -4.7
   176.6    2560.6   -0.1   -4.8
   177.1    2560.6    0.0   -4.8
   177.6    2560.6    0.1   -4.8
   178.1    2560.6    0.1   -4.8
   178.6    2560.6    0.2   -4.8
   179.1    2560.6    0.3   -4.8
   179.6    2560.6    0.3   -4.8
   180.1    2560.6    0.4   -4.8
   180.6    2560.6    0.4   -4.8
   181.1    2560.6    0.5   -4.8
   181.6    2560.6    0.6   -4.7
   182.1    2560.6    0.6   -4.7
   182.6    2560.6    0.6   -4.7
   183.1    2560.6    0.7   -4.6
   183.6    2560.6    0.7   -4.5
   184.1    2560.6    0.7   -4.5
   184.6    2560.6    0.7   -4.4
   185.1    2560.6    0.7   -4.4
   165.6    2561.1   -0.3   -4.0
   166.1    2561.1   -0.4   -4.1
   166.6    2561.1   -0.4   -4.1
   167.1    2561.1   -0.5   -4.2
   167.6    2561.1   -0.5   -4.3
   168.1    2561.1   -0.4   -4.4
   168.6    2561.1   -0.4   -4.4
   169.1    2561.1   -0.4   -4.5
   169.6    2561.1   -0.4   -4.5
   170.1    2561.1   -0.4   -4.5
   170.6    2561.1   -0.4   -4.5
   171.1    2561.1   -0.3   -4.5
   171.6    2561.1   -0.3   -4.5
   172.1    2561.1   -0.3   -4.5
   172.6    2561.1   -0.3   -4.5
   173.1    2561.1   -0.3   -4.5
   173.6    2561.1   -0.3   -4.6
   174.1    2561.1   -0.3   -4.6
   174.6    2561.1   -0.2   -4.6
   175.1    2561.1   -0.2   -4.7
   175.6    2561.1   -0.2   -4.7
   176.1    2561.1   -0.1   -4.7
   176.6    2561.1   -0.1   -4.8
   177.1    2561.1    0.0   -4.8
   177.6    2561.1    0.1   -4.8
   178.1    2561.1    0.2   -4.8
   178.6    2561.1    0.2   -4.8
   179.1    2561.1    0.3   -4.8
   179.6    2561.1    0.4   -4.8
   180.1    2561.1    0.4   -4.8
   180.6    2561.1    0.5   -4.8
   181.1    2561.1    0.5   -4.7
   181.6    2561.1    0.6   -4.7
   182.1    2561.1    0.6   -4.7
   182.6    2561.1    0.6   -4.7
   183.1    2561.1    0.6   -4.6
   183.6    2561.1    0.7   -4.6
   184.1    2561.1    0.7   -4.5
   184.6    2561.1    0.7   -4.4
   185.1    2561.1    0.6   -4.4
   165.6    2561.6   -0.3   -4.0
   166.1    2561.6   -0.4   -4.1
   166.6    2561.6   -0.4   -4.1
   167.1    2561.6   -0.4   -4.2
   167.6    2561.6   -0.4   -4.3
   168.1    2561.6   -0.4   -4.3
   168.6    2561.6   -0.4   -4.4
   169.1    2561.6   -0.4   -4.4
   169.6    2561.6   -0.4   -4.5
   170.1    2561.6   -0.4   -4.5
   170.6    2561.6   -0.3   -4.5
   171.1    2561.6   -0.3   -4.5
   171.6    2561.6   -0.3   -4.5
   172.1    2561.6   -0.3   -4.5
   172.6    2561.6   -0.3   -4.5
   173.1    2561.6   -0.3   -4.5
   173.6    2561.6   -0.2   -4.5
   174.1    2561.6   -0.2   -4.6
   174.6    2561.6   -0.2   -4.6
   175.1    2561.6   -0.2   -4.7
   175.6    2561.6   -0.1   -4.7
   176.1    2561.6   -0.1   -4.8
   176.6    2561.6    0.0   -4.8
   177.1    2561.6    0.0   -4.8
   177.6    2561.6    0.1   -4.8
   178.1    2561.6    0.2   -4.8
   178.6    2561.6    0.3   -4.8
   179.1    2561.6    0.3   -4.8
   179.6    2561.6    0.4   -4.8
   180.1    2561.6    0.4   -4.8
   180.6    2561.6    0.5   -4.7
   181.1    2561.6    0.5   -4.7
   181.6    2561.6    0.5   -4.7
   182.1    2561.6    0.6   -4.7
   182.6    2561.6    0.6   -4.7
   183.1    2561.6    0.6   -4.6
   183.6    2561.6    0.6   -4.6
   184.1    2561.6    0.6   -4.5
   184.6    2561.6    0.6   -4.5
   185.1    2561.6    0.6   -4.5
   165.6    2562.1   -0.3   -4.0
   166.1    2562.1   -0.3   -4.0
   166.6    2562.1   -0.4   -4.1
   167.1    2562.1   -0.4   -4.2
   167.6    2562.1   -0.4   -4.3
   168.1    2562.1   -0.4   -4.3
   168.6    2562.1   -0.4   -4.4
   169.1    2562.1   -0.4   -4.4
   169.6    2562.1   -0.4   -4.4
   170.1    2562.1   -0.4   -4.4
   170.6    2562.1   -0.3   -4.4
   171.1    2562.1   -0.3   -4.4
   171.6    2562.1   -0.3   -4.4
   172.1    2562.1   -0.3   -4.4
   172.6    2562.1   -0.3   -4.4
   173.1    2562.1   -0.2   -4.5
   173.6    2562.1   -0.2   -4.5
   174.1    2562.1   -0.2   -4.6
   174.6    2562.1   -0.2   -4.6
   175.1    2562.1   -0.2   -4.7
   175.6    2562.1   -0.1   -4.7
   176.1    2562.1   -0.1   -4.8
   176.6    2562.1    0.0   -4.8
   177.1    2562.1    0.1   -4.8
   177.6    2562.1    0.1   -4.8
   178.1    2562.1    0.2   -4.8
   178.6    2562.1    0.3   -4.8
   179.1    2562.1    0.3   -4.8
   179.6    2562.1    0.4   -4.8
   180.1    2562.1    0.4   -4.8
   180.6    2562.1    0.5   -4.7
   181.1    2562.1    0.5   -4.7
   181.6    2562.1    0.5   -4.7
   182.1    2562.1    0.5   -4.7
   182.6    2562.1    0.6   -4.6
   183.1    2562.1    0.6   -4.6
   183.6    2562.1    0.6   -4.6
   184.1    2562.1    0.6   -4.5
   184.6    2562.1    0.6   -4.5
   185.1    2562.1    0.6   -4.5
   165.6    2562.6   -0.2   -4.0
   166.1    2562.6   -0.3   -4.0
   166.6    2562.6   -0.3   -4.1
   167.1    2562.6   -0.4   -4.2
   167.6    2562.6   -0.4   -4.2
   168.1    2562.6   -0.4   -4.3
   168.6    2562.6   -0.4   -4.3
   169.1    2562.6   -0.4   -4.4
   169.6    2562.6   -0.4   -4.4
   170.1    2562.6   -0.3   -4.4
   170.6    2562.6   -0.3   -4.4
   171.1    2562.6   -0.3   -4.4
   171.6    2562.6   -0.3   -4.4
   172.1    2562.6   -0.3   -4.4
   172.6    2562.6   -0.3   -4.4
   173.1    2562.6   -0.2   -4.4
   173.6    2562.6   -0.2   -4.5
   174.1    2562.6   -0.2   -4.6
   174.6    2562.6   -0.2   -4.6
   175.1    2562.6   -0.1   -4.7
   175.6    2562.6   -0.1   -4.7
   176.1    2562.6   -0.1   -4.8
   176.6    2562.6    0.0   -4.8
   177.1    2562.6    0.1   -4.8
   177.6    2562.6    0.1   -4.8
   178.1    2562.6    0.2   -4.8
   178.6    2562.6    0.3   -4.8
   179.1    2562.6    0.4   -4.8
   179.6    2562.6    0.4   -4.8
   180.1    2562.6    0.4   -4.7
   180.6    2562.6    0.4   -4.7
   181.1    2562.6    0.5   -4.7
   181.6    2562.6    0.5   -4.7
   182.1    2562.6    0.5   -4.7
   182.6    2562.6    0.5   -4.6
   183.1    2562.6    0.6   -4.6
   183.6    2562.6    0.6   -4.6
   184.1    2562.6    0.6   -4.6
   184.6    2562.6    0.6   -4.5
   185.1    2562.6    0.6   -4.5
   165.6    2563.1   -0.2   -4.0
   166.1    2563.1   -0.3   -4.0
   166.6    2563.1   -0.3   -4.1
   167.1    2563.1   -0.3   -4.1
   167.6    2563.1   -0.3   -4.2
   168.1    2563.1   -0.4   -4.3
   168.6    2563.1   -0.4   -4.3
   169.1    2563.1   -0.4   -4.3
   169.6    2563.1   -0.4   -4.4
   170.1    2563.1   -0.3   -4.4
   170.6    2563.1   -0.3   -4.4
   171.1    2563.1   -0.3   -4.4
   171.6    2563.1   -0.3   -4.4
   172.1    2563.1   -0.3   -4.4
   172.6    2563.1   -0.3   -4.4
   173.1    2563.1   -0.2   -4.4
   173.6    2563.1   -0.2   -4.5
   174.1    2563.1   -0.2   -4.5
   174.6    2563.1   -0.2   -4.6
   175.1    2563.1   -0.1   -4.7
   175.6    2563.1   -0.1   -4.7
   176.1    2563.1    0.0   -4.7
   176.6    2563.1    0.0   -4.8
   177.1    2563.1    0.1   -4.8
   177.6    2563.1    0.2   -4.8
   178.1    2563.1    0.2   -4.8
   178.6    2563.1    0.3   -4.8
   179.1    2563.1    0.4   -4.8
   179.6    2563.1    0.4   -4.8
   180.1    2563.1    0.4   -4.7
   180.6    2563.1    0.4   -4.7
   181.1    2563.1    0.4   -4.7
   181.6    2563.1    0.5   -4.7
   182.1    2563.1    0.5   -4.7
   182.6    2563.1    0.5   -4.6
   183.1    2563.1    0.5   -4.6
   183.6    2563.1    0.6   -4.6
   184.1    2563.1    0.6   -4.6
   184.6    2563.1    0.6   -4.6
   185.1    2563.1    0.6   -4.6
   165.6    2563.6   -0.2   -4.0
   166.1    2563.6   -0.2   -4.0
   166.6    2563.6   -0.3   -4.1
   167.1    2563.6   -0.3   -4.1
   167.6    2563.6   -0.3   -4.2
   168.1    2563.6   -0.3   -4.2
   168.6    2563.6   -0.3   -4.3
   169.1    2563.6   -0.3   -4.3
   169.6    2563.6   -0.3   -4.3
   170.1    2563.6   -0.3   -4.3
   170.6    2563.6   -0.3   -4.3
   171.1    2563.6   -0.3   -4.3
   171.6    2563.6   -0.3   -4.3
   172.1    2563.6   -0.3   -4.3
   172.6    2563.6   -0.3   -4.4
   173.1    2563.6   -0.2   -4.4
   173.6    2563.6   -0.2   -4.5
   174.1    2563.6   -0.2   -4.5
   174.6    2563.6   -0.2   -4.6
   175.1    2563.6   -0.1   -4.6
   175.6    2563.6   -0.1   -4.7
   176.1    2563.6    0.0   -4.7
   176.6    2563.6    0.0   -4.7
   177.1    2563.6    0.1   -4.8
   177.6    2563.6    0.2   -4.8
   178.1    2563.6    0.2   -4.8
   178.6    2563.6    0.3   -4.8
   179.1    2563.6    0.4   -4.8
   179.6    2563.6    0.4   -4.8
   180.1    2563.6    0.4   -4.7
   180.6    2563.6    0.4   -4.7
   181.1    2563.6    0.4   -4.7
   181.6    2563.6    0.4   -4.7
   182.1    2563.6    0.5   -4.6
   182.6    2563.6    0.5   -4.6
   183.1    2563.6    0.5   -4.6
   183.6    2563.6    0.6   -4.6
   184.1    2563.6    0.6   -4.6
   184.6    2563.6    0.6   -4.6
   185.1    2563.6    0.6   -4.6
   165.6    2564.1   -0.2   -4.0
   166.1    2564.1   -0.2   -4.0
   166.6    2564.1   -0.2   -4.1
   167.1    2564.1   -0.3   -4.1
   167.6    2564.1   -0.3   -4.1
   168.1    2564.1   -0.3   -4.2
   168.6    2564.1   -0.3   -4.2
   169.1    2564.1   -0.3   -4.3
   169.6    2564.1   -0.3   -4.3
   170.1    2564.1   -0.3   -4.3
   170.6    2564.1   -0.3   -4.3
   171.1    2564.1   -0.3   -4.3
   171.6    2564.1   -0.3   -4.3
   172.1    2564.1   -0.3   -4.3
   172.6    2564.1   -0.3   -4.4
   173.1    2564.1   -0.2   -4.4
   173.6    2564.1   -0.2   -4.4
   174.1    2564.1   -0.2   -4.5
   174.6    2564.1   -0.2   -4.5
   175.1    2564.1   -0.1   -4.6
   175.6    2564.1   -0.1   -4.6
   176.1    2564.1    0.0   -4.7
   176.6    2564.1    0.0   -4.7
   177.1    2564.1    0.1   -4.8
   177.6    2564.1    0.2   -4.8
   178.1    2564.1    0.2   -4.8
   178.6    2564.1    0.3   -4.8
   179.1    2564.1    0.3   -4.8
   179.6    2564.1    0.4   -4.8
   180.1    2564.1    0.4   -4.7
   180.6    2564.1    0.4   -4.7
   181.1    2564.1    0.4   -4.6
   181.6    2564.1    0.4   -4.6
   182.1    2564.1    0.5   -4.7
   182.6    2564.1    0.5   -4.7
   183.1    2564.1    0.5   -4.7
   183.6    2564.1    0.5   -4.7
   184.1    2564.1    0.6   -4.7
   184.6    2564.1    0.6   -4.6
   185.1    2564.1    0.6   -4.6
   165.6    2564.6   -0.1   -4.0
   166.1    2564.6   -0.2   -4.0
   166.6    2564.6   -0.2   -4.1
   167.1    2564.6   -0.3   -4.1
   167.6    2564.6   -0.3   -4.1
   168.1    2564.6   -0.3   -4.2
   168.6    2564.6   -0.3   -4.2
   169.1    2564.6   -0.3   -4.3
   169.6    2564.6   -0.3   -4.3
   170.1    2564.6   -0.3   -4.3
   170.6    2564.6   -0.3   -4.3
   171.1    2564.6   -0.3   -4.3
   171.6    2564.6   -0.3   -4.3
   172.1    2564.6   -0.3   -4.3
   172.6    2564.6   -0.3   -4.3
   173.1    2564.6   -0.2   -4.4
   173.6    2564.6   -0.2   -4.4
   174.1    2564.6   -0.2   -4.4
   174.6    2564.6   -0.2   -4.5
   175.1    2564.6   -0.1   -4.5
   175.6    2564.6   -0.1   -4.6
   176.1    2564.6    0.0   -4.6
   176.6    2564.6    0.0   -4.7
   177.1    2564.6    0.1   -4.7
   177.6    2564.6    0.2   -4.8
   178.1    2564.6    0.2   -4.8
   178.6    2564.6    0.3   -4.8
   179.1    2564.6    0.3   -4.8
   179.6    2564.6    0.4   -4.7
   180.1    2564.6    0.4   -4.7
   180.6    2564.6    0.4   -4.7
   181.1    2564.6    0.4   -4.6
   181.6    2564.6    0.4   -4.7
   182.1    2564.6    0.4   -4.7
   182.6    2564.6    0.5   -4.7
   183.1    2564.6    0.5   -4.7
   183.6    2564.6    0.5   -4.7
   184.1    2564.6    0.5   -4.7
   184.6    2564.6    0.5   -4.7
   185.1    2564.6    0.5   -4.7
   165.6    2565.1   -0.1   -4.0
   166.1    2565.1   -0.1   -4.1
   166.6    2565.1   -0.2   -4.1
   167.1    2565.1   -0.2   -4.1
   167.6    2565.1   -0.3   -4.1
   168.1    2565.1   -0.3   -4.2
   168.6    2565.1   -0.3   -4.2
   169.1    2565.1   -0.3   -4.2
   169.6    2565.1   -0.3   -4.3
   170.1    2565.1   -0.3   -4.3
   170.6    2565.1   -0.3   -4.3
   171.1    2565.1   -0.3   -4.3
   171.6    2565.1   -0.3   -4.3
   172.1    2565.1   -0.3   -4.3
   172.6    2565.1   -0.3   -4.3
   173.1    2565.1   -0.2   -4.3
   173.6    2565.1   -0.2   -4.4
   174.1    2565.1   -0.2   -4.4
   174.6    2565.1   -0.1   -4.5
   175.1    2565.1   -0.1   -4.5
   175.6    2565.1   -0.1   -4.6
   176.1    2565.1    0.0   -4.6
   176.6    2565.1    0.0   -4.7
   177.1    2565.1    0.1   -4.7
   177.6    2565.1    0.2   -4.8
   178.1    2565.1    0.2   -4.8
   178.6    2565.1    0.3   -4.8
   179.1    2565.1    0.3   -4.8
   179.6    2565.1    0.3   -4.7
   180.1    2565.1    0.4   -4.7
   180.6    2565.1    0.4   -4.7
   181.1    2565.1    0.4   -4.7
   181.6    2565.1    0.4   -4.7
   182.1    2565.1    0.4   -4.7
   182.6    2565.1    0.5   -4.8
   183.1    2565.1    0.5   -4.8
   183.6    2565.1    0.5   -4.8
   184.1    2565.1    0.5   -4.8
   184.6    2565.1    0.5   -4.7
   185.1    2565.1    0.5   -4.7
   165.6    2565.6    0.0   -4.0
   166.1    2565.6   -0.1   -4.1
   166.6    2565.6   -0.2   -4.1
   167.1    2565.6   -0.2   -4.1
   167.6    2565.6   -0.3   -4.1
   168.1    2565.6   -0.3   -4.1
   168.6    2565.6   -0.3   -4.2
   169.1    2565.6   -0.3   -4.2
   169.6    2565.6   -0.3   -4.2
   170.1    2565.6   -0.3   -4.2
   170.6    2565.6   -0.3   -4.2
   171.1    2565.6   -0.3   -4.2
   171.6    2565.6   -0.3   -4.2
   172.1    2565.6   -0.3   -4.3
   172.6    2565.6   -0.3   -4.3
   173.1    2565.6   -0.2   -4.3
   173.6    2565.6   -0.2   -4.4
   174.1    2565.6   -0.2   -4.4
   174.6    2565.6   -0.1   -4.4
   175.1    2565.6   -0.1   -4.5
   175.6    2565.6   -0.1   -4.5
   176.1    2565.6    0.0   -4.6
   176.6    2565.6    0.0   -4.6
   177.1    2565.6    0.1   -4.7
   177.6    2565.6    0.2   -4.7
   178.1    2565.6    0.2   -4.7
   178.6    2565.6    0.3   -4.7
   179.1    2565.6    0.3   -4.7
   179.6    2565.6    0.3   -4.7
   180.1    2565.6    0.3   -4.7
   180.6    2565.6    0.3   -4.6
   181.1    2565.6    0.4   -4.6
   181.6    2565.6    0.4   -4.7
   182.1    2565.6    0.4   -4.7
   182.6    2565.6    0.5   -4.8
   183.1    2565.6    0.5   -4.8
   183.6    2565.6    0.5   -4.8
   184.1    2565.6    0.5   -4.8
   184.6    2565.6    0.5   -4.8
   185.1    2565.6    0.5   -4.8
