 wrfout_d04_2016-03-23_00:00:00 999.00  20.11  14.85  17.79  15.51  17.82  17.55  18.04  17.77  17.81  20.65  21.60 999.00  20.42  20.27  23.51  21.23  21.57  13.50  19.77   6.81  22.66  19.18  23.14  19.00  19.68  23.71  22.09  23.40  22.98  24.46
 wrfout_d04_2016-03-23_01:00:00 999.00  20.06  15.23  18.25  16.15  18.08  17.89  18.11  18.41  18.26  21.46  22.11 999.00  22.42  22.94  23.93  20.59  23.75  14.13  22.26   6.03  22.76  21.40  23.27  23.63  24.04  24.64  24.99  24.80  23.53  24.74
 wrfout_d04_2016-03-23_02:00:00 999.00  20.05  15.29  18.45  16.51  18.55  18.20  18.19  18.88  19.18  22.26  23.07 999.00  21.41  23.39  24.39  20.61  23.59  14.32  24.79   6.35  22.54  23.05  23.59  26.75  26.87  25.13  26.93  25.81  24.83  25.91
 wrfout_d04_2016-03-23_03:00:00 999.00  19.90  15.73  18.69  16.72  18.95  18.88  17.99  19.42  18.90  23.50  22.67 999.00  21.43  23.80  24.58  21.59  24.50  12.36  24.74   6.63  22.30  22.79  23.66  28.34  27.69  25.15  27.55  26.52  25.26  26.21
 wrfout_d04_2016-03-23_04:00:00 999.00  19.78  15.25  18.48  16.40  18.99  18.97  18.05  19.14  18.60  22.58  22.92 999.00  21.51  24.20  23.82  22.26  24.08  13.40  26.41   6.71  22.48  23.24  23.87  28.86  28.03  25.01  27.31  27.16  25.35  25.43
 wrfout_d04_2016-03-23_05:00:00 999.00  19.73  14.99  18.35  16.03  18.91  18.80  17.73  18.82  18.32  22.61  21.80 999.00  20.86  23.34  23.13  23.36  24.12  12.03  26.88   6.67  22.61  23.21  24.49  29.40  28.35  25.20  27.25  27.76  25.67  27.10
 wrfout_d04_2016-03-23_06:00:00 999.00  19.56  14.80  17.99  15.89  18.70  18.60  17.46  18.78  17.65  21.72  21.55 999.00  19.82  22.60  23.11  21.19  22.54  12.21  26.18   6.77  22.77  23.24  24.18  28.88  27.98  25.54  26.97  28.31  25.64  26.97
 wrfout_d04_2016-03-23_07:00:00 999.00  19.30  14.30  17.50  15.38  18.53  18.53  17.19  18.55  17.32  20.66  20.38 999.00  19.21  20.66  23.09  20.29  21.10  12.13  23.94   6.83  22.64  23.56  24.63  26.36  25.42  25.36  27.28  27.96  24.64  27.20
 wrfout_d04_2016-03-23_08:00:00 999.00  18.98  13.58  17.02  14.55  17.96  18.29  17.11  18.04  17.29  20.37  19.91 999.00  17.91  19.38  22.54  19.08  19.70  11.98  22.72   6.74  22.64  23.44  24.21  25.27  25.42  25.55  26.91  27.06  24.88  26.70
 wrfout_d04_2016-03-23_09:00:00 999.00  18.89  13.08  16.64  14.07  17.48  17.77  16.84  17.62  16.92  19.91  19.60 999.00  17.69  18.30  21.95  18.12  19.55  11.59  20.35   6.71  21.11  23.52  23.61  24.68  24.55  25.44  25.79  25.61  24.08  25.96
 wrfout_d04_2016-03-23_10:00:00 999.00  18.35  12.59  16.27  13.51  17.17  17.37  16.65  17.28  16.81  19.23  18.92 999.00  17.76  18.30  21.53  17.64  19.49  11.61  19.39   6.82  20.68  22.37  23.38  24.20  24.13  25.09  25.61  23.11  22.83  25.07
 wrfout_d04_2016-03-23_11:00:00 999.00  18.01  12.05  15.83  13.00  16.99  16.94  16.37  16.82  16.52  18.76  18.49 999.00  17.42  17.96  21.24  17.28  19.30  11.52  17.70   6.84  20.72  21.04  23.48  23.23  23.58  24.95  25.48  22.35  22.71  24.62
 wrfout_d04_2016-03-23_12:00:00 999.00  17.41  11.52  15.31  12.42  16.49  16.62  16.07  16.39  16.14  18.35  17.97 999.00  17.29  17.47  21.09  16.79  18.60  11.42  17.18   6.70  20.51  20.44  23.43  20.88  21.66  24.40  25.39  21.83  22.65  24.38
 wrfout_d04_2016-03-23_13:00:00 999.00  16.72  10.98  14.85  11.88  15.95  16.16  15.66  15.99  15.73  18.08  17.51 999.00  17.18  17.44  20.40  16.40  18.75  11.43  16.42   6.51  20.25  19.75  20.41  20.16  20.59  24.48  24.82  21.40  22.59  24.15
 wrfout_d04_2016-03-23_14:00:00 999.00  16.31  10.38  14.20  11.21  15.29  15.67  15.16  15.49  15.28  17.27  17.02 999.00  16.90  16.80  20.07  16.41  18.76  11.23  16.22   6.50  20.23  19.62  20.01  18.89  19.31  22.04  24.16  21.00  22.73  23.94
 wrfout_d04_2016-03-23_15:00:00 999.00  16.17   9.91  13.72  10.70  14.71  15.13  14.59  14.81  14.74  16.67  16.61 999.00  16.29  16.56  19.44  16.30  18.32  11.02  15.95   6.37  20.16  19.76  19.54  18.11  18.26  21.66  23.14  21.26  22.60  23.70
 wrfout_d04_2016-03-23_16:00:00 999.00  16.12   9.33  13.32  10.12  14.24  14.72  14.30  14.52  14.31  16.03  15.81 999.00  15.78  16.42  18.77  16.68  17.26  10.97  15.60   5.89  19.54  19.65  19.13  17.57  17.79  21.54  21.53  20.23  22.12  22.50
 wrfout_d04_2016-03-23_17:00:00 999.00  15.92   9.11  13.17   9.84  14.04  14.29  14.21  14.19  14.06  15.51  15.34 999.00  15.13  15.42  18.42  16.03  17.47  10.51  15.18   5.01  18.54  19.03  18.94  17.32  17.48  20.92  20.40  20.11  21.12  21.86
 wrfout_d04_2016-03-23_18:00:00 999.00  15.83   9.03  13.11   9.83  14.06  14.20  14.13  14.05  13.87  15.20  14.71 999.00  14.57  14.60  17.93  16.21  16.93  10.34  14.36   4.65  18.37  18.93  18.34  17.12  17.32  20.70  20.12  19.40  20.78  21.50
 wrfout_d04_2016-03-23_19:00:00 999.00  15.77   8.83  12.90   9.55  13.95  13.84  13.94  13.61  13.72  15.07  14.36 999.00  14.44  14.78  17.47  15.98  16.79  10.39  13.69   4.37  18.15  18.09  17.81  16.71  16.84  20.15  19.53  18.84  20.54  20.90
 wrfout_d04_2016-03-23_20:00:00 999.00  15.61   8.66  12.77   9.39  13.98  13.90  13.89  13.61  13.64  15.02  13.89 999.00  14.26  14.78  17.22  15.93  16.37  10.31  13.21   4.20  18.88  18.04  17.31  15.90  16.11  19.65  18.89  18.36  20.15  20.51
 wrfout_d04_2016-03-23_21:00:00 999.00  15.42   8.57  12.71   9.37  13.84  13.69  13.83  13.45  13.47  14.87  13.83 999.00  13.96  14.76  17.24  14.59  16.03  10.00  12.74   4.08  18.20  17.89  16.83  15.63  15.78  19.31  18.77  18.01  19.77  20.20
 wrfout_d04_2016-03-23_22:00:00 999.00  15.38   8.51  12.76   9.33  13.72  13.78  13.86  13.33  13.49  15.01  13.70 999.00  14.11  14.66  17.15  14.26  15.80   9.71  12.68   4.19  18.32  17.86  16.63  15.37  15.47  18.81  18.07  17.54  19.62  19.83
 wrfout_d04_2016-03-23_23:00:00 999.00  15.37   8.42  12.73   9.48  13.69  14.01  13.88  13.49  13.52  14.75  13.70 999.00  14.27  14.48  17.23  16.96  16.43  11.14  12.71   5.28  18.36  17.67  16.83  15.27  15.34  18.57  17.41  17.24  19.58  19.68
