 wrfout_d04_2016-08-04_00:00:00 999.00  28.88  24.82  29.56  26.06  30.72  30.69  29.13  30.64  30.06  30.33  30.34 999.00  30.28  29.70  31.03  27.37  29.75  17.93  28.78  15.38  29.12  28.84  29.55  30.04  30.32  30.01  31.18  30.63  29.67  30.45
 wrfout_d04_2016-08-04_01:00:00 999.00  28.97  26.68  31.56  28.06  32.46  32.35  30.20  32.37  31.02  32.09  31.93 999.00  30.66  31.02  31.50  27.32  30.16  20.83  29.63  14.73  28.71  28.21  29.65  30.51  30.73  31.00  31.24  31.63  29.63  30.85
 wrfout_d04_2016-08-04_02:00:00 999.00  29.01  27.61  31.99  29.25  33.22  33.66  30.60  33.56  31.90  32.77  32.56 999.00  31.25  32.44  32.19  28.50  30.85  21.64  31.04  15.26  28.72  28.43  30.01  32.08  32.04  31.48  31.90  30.48  30.34  31.61
 wrfout_d04_2016-08-04_03:00:00 999.00  28.99  28.03  31.88  29.75  33.57  34.60  30.50  34.83  32.70  33.12  32.88 999.00  31.67  33.86  32.48  29.33  31.17  22.11  32.30  14.77  28.74  28.41  30.31  33.48  33.04  31.86  32.37  30.92  29.46  32.07
 wrfout_d04_2016-08-04_04:00:00 999.00  28.95  28.20  31.76  29.95  33.84  34.33  30.21  35.74  32.90  33.28  32.98 999.00  32.03  34.65  32.73  28.57  31.38  20.39  33.27  13.17  28.79  28.44  30.48  34.38  33.25  32.14  32.43  31.13  29.90  32.48
 wrfout_d04_2016-08-04_05:00:00 999.00  29.01  28.28  31.76  30.03  34.00  34.19  30.17  35.77  32.71  32.34  33.41 999.00  32.08  35.07  32.76  29.33  31.45  20.49  33.43  13.45  28.84  28.73  30.57  34.45  33.12  32.23  32.39  31.04  30.89  32.69
 wrfout_d04_2016-08-04_06:00:00 999.00  29.06  27.97  31.48  29.80  34.04  34.24  30.13  35.46  32.48  31.27  33.01 999.00  31.84  34.71  32.73  29.82  31.43  19.68  33.65  12.84  28.86  28.89  30.43  34.09  32.87  32.28  32.39  30.73  30.75  32.56
 wrfout_d04_2016-08-04_07:00:00 999.00  29.10  27.26  31.14  28.96  33.88  33.96  29.99  35.01  32.32  31.76  32.61 999.00  31.42  34.14  32.53  28.93  31.28  17.75  33.12  12.39  28.87  28.98  29.94  33.44  32.10  32.09  32.40  30.42  30.56  32.24
 wrfout_d04_2016-08-04_08:00:00 999.00  29.10  25.98  30.25  27.80  33.60  33.24  29.58  33.99  31.83  31.53  31.77 999.00  30.70  32.91  32.44  28.85  30.88  17.84  32.00  10.71  28.88  29.00  29.84  32.63  31.70  31.83  31.90  29.84  30.06  31.80
 wrfout_d04_2016-08-04_09:00:00 999.00  29.06  24.57  28.98  26.03  32.45  32.23  29.26  33.15  30.89  30.45  31.18 999.00  30.40  32.15  31.80  26.92  30.28  18.86  31.14  12.53  28.91  29.07  29.39  31.37  30.92  31.30  32.03  29.11  29.21  30.95
 wrfout_d04_2016-08-04_10:00:00 999.00  29.04  23.83  28.32  25.10  31.11  31.06  28.18  31.96  29.83  29.91  30.19 999.00  29.67  31.10  31.14  26.18  29.55  17.12  29.77  10.58  28.76  29.13  28.52  30.45  30.00  30.29  31.43  28.06  27.77  30.32
 wrfout_d04_2016-08-04_11:00:00 999.00  29.03  23.58  27.60  24.66  30.48  30.81  28.04  31.23  29.24  29.32  29.97 999.00  29.17  30.38  30.62  23.72  28.97  14.48  29.11   7.60  28.66  29.08  27.67  29.58  29.39  29.56  30.95  26.38  25.65  29.81
 wrfout_d04_2016-08-04_12:00:00 999.00  29.08  23.59  27.92  24.34  29.91  30.63  27.97  30.67  29.15  28.98  29.87 999.00  29.05  29.87  30.29  23.14  28.72  14.20  28.63   7.78  28.60  28.92  27.33  29.13  29.07  29.24  30.85  26.05  25.33  29.66
 wrfout_d04_2016-08-04_13:00:00 999.00  28.98  23.81  27.87  24.67  29.60  30.45  27.91  30.02  29.02  28.75  29.62 999.00  28.96  29.46  29.88  22.90  28.51  14.62  28.33   8.15  28.58  28.85  27.11  28.83  28.74  28.96  30.76  25.78  25.18  29.50
 wrfout_d04_2016-08-04_14:00:00 999.00  28.98  23.84  27.80  24.59  29.38  30.19  28.11  29.71  28.66  28.48  29.48 999.00  28.82  29.17  29.44  22.38  28.41  14.11  28.11   8.21  28.48  28.73  26.86  28.52  28.47  28.70  30.63  25.48  25.10  29.24
 wrfout_d04_2016-08-04_15:00:00 999.00  28.88  23.73  27.65  24.54  29.09  29.76  27.98  29.43  28.60  28.15  29.41 999.00  28.69  28.79  29.05  22.17  28.22  13.70  27.79   8.13  28.47  28.53  26.65  28.24  28.20  28.43  30.36  25.21  25.00  28.93
 wrfout_d04_2016-08-04_16:00:00 999.00  28.89  23.31  27.30  24.46  28.66  29.50  27.76  29.22  28.46  27.89  29.32 999.00  28.62  28.48  28.85  22.09  28.15  13.37  27.41   6.95  28.40  28.36  26.62  28.00  28.00  28.11  29.99  25.05  24.87  28.58
 wrfout_d04_2016-08-04_17:00:00 999.00  28.90  23.06  26.98  24.26  28.30  29.24  27.71  29.09  28.19  28.35  29.07 999.00  28.40  28.27  28.76  21.90  28.11  13.18  27.05   6.48  28.37  28.22  26.56  27.71  27.77  27.86  29.89  24.88  24.81  28.26
 wrfout_d04_2016-08-04_18:00:00 999.00  28.88  22.77  26.73  23.92  28.09  28.71  27.69  28.76  27.91  28.34  28.50 999.00  28.14  28.11  28.64  21.71  28.00  13.02  26.71   6.44  28.26  28.11  26.43  27.39  27.48  27.76  29.67  24.60  24.69  28.03
 wrfout_d04_2016-08-04_19:00:00 999.00  28.81  22.63  26.54  23.37  28.02  28.39  27.62  28.47  28.65  28.26  28.33 999.00  27.93  27.91  28.50  21.49  27.77  12.91  26.38   6.24  28.22  28.07  25.88  27.10  27.17  27.61  29.46  24.40  24.62  27.83
 wrfout_d04_2016-08-04_20:00:00 999.00  28.89  22.40  26.30  23.15  27.54  27.98  27.49  28.18  28.00  28.98  28.35 999.00  27.69  27.59  28.45  21.28  27.37  12.77  26.04   6.16  28.23  28.02  25.73  26.92  26.78  27.52  29.26  24.21  24.61  27.57
 wrfout_d04_2016-08-04_21:00:00 999.00  28.90  22.35  26.30  22.96  27.28  27.74  27.42  28.43  27.59  28.07  28.21 999.00  27.48  27.32  28.54  21.07  27.14  12.67  25.99   6.20  28.27  27.76  25.62  26.55  26.47  27.57  28.90  24.03  25.27  27.42
 wrfout_d04_2016-08-04_22:00:00 999.00  28.88  22.71  27.30  23.60  27.28  27.94  27.51  27.88  27.30  28.17  28.43 999.00  27.41  27.18  28.73  22.56  27.90  14.34  26.09   8.08  28.33  27.16  26.99  26.01  27.03  27.41  28.90  25.39  26.40  27.61
 wrfout_d04_2016-08-04_23:00:00 999.00  28.88  23.70  28.76  24.99  28.46  28.87  28.25  28.66  28.76  29.38  29.65 999.00  28.72  27.95  29.76  25.30  28.74  18.22  27.09  11.37  28.38  26.76  29.14  26.72  27.95  29.15  29.88  28.12  28.21  28.53
