 wrfout_d04_2016-05-13_00:00:00 999.00  26.07  23.25  28.96  24.64  28.66  29.37  26.79  28.91  27.80  28.03  27.79 999.00  27.16  28.29  29.18  24.14  27.56  16.65  27.36  10.77  27.35  27.28  27.01  28.18  28.48  28.71  29.69  26.57  27.28  27.24
 wrfout_d04_2016-05-13_01:00:00 999.00  26.01  24.11  30.10  25.72  29.18  30.71  27.36  31.05  29.49  28.91  28.70 999.00  28.39  30.23  30.10  26.44  28.13  17.71  29.27  11.49  27.33  28.03  27.71  30.34  30.40  29.45  30.83  27.37  27.83  28.48
 wrfout_d04_2016-05-13_02:00:00 999.00  25.93  24.44  31.16  26.24  29.45  31.66  27.98  31.90  30.73  29.49  29.11 999.00  28.80  31.63  30.32  28.23  28.26  18.10  30.69  11.08  27.10  28.68  28.69  31.90  32.08  30.59  31.53  28.43  28.19  29.70
 wrfout_d04_2016-05-13_03:00:00 999.00  25.81  24.50  31.67  26.37  29.03  32.07  29.00  32.49  31.66  29.91  29.37 999.00  29.17  32.76  30.65  29.00  28.98  18.79  31.82   9.95  27.21  28.32  28.89  33.13  33.29  30.83  31.64  28.48  28.83  30.63
 wrfout_d04_2016-05-13_04:00:00 999.00  25.75  24.42  31.66  26.19  29.29  32.05  29.16  32.98  32.25  30.11  29.56 999.00  29.78  33.25  30.75  29.43  29.09  18.12  32.61   9.54  26.95  28.27  28.77  34.01  33.63  31.40  31.76  28.80  28.84  31.04
 wrfout_d04_2016-05-13_05:00:00 999.00  25.76  24.24  31.50  26.03  28.97  31.61  29.35  32.90  34.29  30.01  29.59 999.00  29.70  33.57  30.72  27.88  29.13  18.72  33.03   9.85  27.08  28.14  29.13  33.79  33.60  31.33  31.83  29.12  29.04  31.38
 wrfout_d04_2016-05-13_06:00:00 999.00  25.71  23.66  31.07  25.45  27.82  30.75  28.84  31.54  34.30  29.04  28.42 999.00  29.07  33.34  30.54  27.81  29.12  16.61  31.12  10.06  27.04  27.97  29.06  33.43  33.21  30.87  31.62  28.94  29.11  31.43
 wrfout_d04_2016-05-13_07:00:00 999.00  25.65  22.92  30.11  24.61  27.50  29.99  28.83  30.79  33.09  27.74  28.32 999.00  28.90  32.25  30.40  28.70  28.59  16.71  30.89   9.85  27.10  27.95  28.93  32.56  32.46  30.55  31.53  28.63  28.94  31.23
 wrfout_d04_2016-05-13_08:00:00 999.00  25.55  22.09  29.18  23.67  27.46  29.10  28.13  29.99  31.65  27.34  27.66 999.00  27.77  31.15  29.94  26.53  27.90  15.03  30.52   9.98  26.97  27.56  28.18  31.70  31.79  29.82  31.20  27.15  28.52  30.65
 wrfout_d04_2016-05-13_09:00:00 999.00  25.45  21.22  27.92  22.72  26.79  28.18  27.83  29.03  30.40  27.76  27.51 999.00  27.45  30.52  28.89  26.22  27.55  15.25  29.24   9.32  26.68  27.92  26.85  31.04  30.97  29.46  30.72  27.16  27.50  29.88
 wrfout_d04_2016-05-13_10:00:00 999.00  25.39  20.20  26.21  21.58  26.06  26.85  27.04  27.50  28.90  26.75  27.09 999.00  28.07  30.15  26.95  24.01  26.90  14.44  28.24   9.23  26.75  27.87  26.63  30.45  30.51  28.45  30.35  26.15  26.43  28.85
 wrfout_d04_2016-05-13_11:00:00 999.00  25.31  19.79  25.14  21.18  25.61  26.09  26.28  26.70  27.74  26.14  26.70 999.00  27.34  29.79  27.96  23.27  26.53  14.03  27.38   8.78  27.30  28.14  26.17  29.46  29.62  27.35  30.17  25.26  26.07  28.20
 wrfout_d04_2016-05-13_12:00:00 999.00  25.35  19.72  24.49  21.11  25.40  25.73  25.74  26.01  26.76  25.63  26.44 999.00  27.45  28.41  27.51  22.28  26.46  14.61  26.21   8.69  26.92  28.13  26.20  28.08  28.79  27.06  30.18  24.83  25.88  27.51
 wrfout_d04_2016-05-13_13:00:00 999.00  25.41  19.71  24.53  21.10  25.26  25.68  25.87  25.90  26.49  25.53  26.34 999.00  27.86  27.65  27.18  22.80  26.50  12.93  24.96   8.84  27.08  27.84  25.32  27.86  27.90  25.54  29.94  24.99  25.68  27.34
 wrfout_d04_2016-05-13_14:00:00 999.00  25.52  19.75  24.03  21.16  25.20  25.59  25.86  25.88  26.59  25.54  26.43 999.00  27.81  27.99  27.23  22.50  26.42  12.45  24.95   8.62  27.03  27.37  25.86  28.17  28.24  26.65  29.74  24.27  25.56  27.12
 wrfout_d04_2016-05-13_15:00:00 999.00  25.62  19.94  23.98  21.29  25.17  25.60  25.78  25.88  26.64  25.15  26.80 999.00  27.37  27.95  27.31  22.42  26.27  12.15  25.37   8.54  26.91  27.26  25.24  27.71  28.11  24.86  29.35  24.02  25.44  27.01
 wrfout_d04_2016-05-13_16:00:00 999.00  25.82  20.02  24.49  21.37  25.10  25.52  25.56  25.69  26.65  25.24  26.06 999.00  27.18  27.34  27.22  22.17  26.12  12.07  24.96   8.53  27.03  26.82  25.14  27.12  27.73  24.54  29.04  23.57  25.38  26.40
 wrfout_d04_2016-05-13_17:00:00 999.00  25.91  20.15  24.06  21.43  24.98  25.56  25.50  25.65  26.29  25.00  26.04 999.00  26.76  26.46  27.11  21.95  25.97  11.85  24.56   8.29  26.93  26.48  25.16  26.69  27.36  26.47  29.05  23.83  25.33  26.37
 wrfout_d04_2016-05-13_18:00:00 999.00  25.90  20.20  23.86  21.49  25.07  25.61  25.51  25.63  26.13  25.40  25.78 999.00  26.41  26.33  27.21  20.71  26.02  11.74  24.55   6.23  26.85  26.53  24.53  26.48  26.90  26.33  28.85  23.82  25.23  25.92
 wrfout_d04_2016-05-13_19:00:00 999.00  25.86  20.15  23.59  21.46  24.95  25.61  25.47  25.43  25.75  26.09  25.75 999.00  26.47  26.18  27.11  20.30  25.82  11.54  24.73   5.79  26.78  26.18  24.27  26.51  26.81  26.73  28.72  23.73  25.13  25.98
 wrfout_d04_2016-05-13_20:00:00 999.00  25.77  20.26  24.90  21.50  25.54  25.56  25.34  25.47  25.80  25.77  25.90 999.00  26.39  26.08  26.67  19.99  25.95  11.36  24.68   5.54  26.72  26.15  24.32  26.11  27.00  26.77  28.70  23.48  25.09  25.91
 wrfout_d04_2016-05-13_21:00:00 999.00  25.77  20.24  23.91  21.51  24.71  25.53  25.41  25.54  24.89  25.61  25.01 999.00  26.14  26.10  26.66  19.68  25.72  11.27  24.59   5.27  26.72  26.00  23.88  25.81  26.60  26.53  28.61  23.19  25.12  25.91
 wrfout_d04_2016-05-13_22:00:00 999.00  25.76  20.75  25.90  22.14  25.86  26.07  25.91  26.07  26.11  26.17  26.36 999.00  26.34  26.33  27.00  21.77  25.86  13.28  24.78   7.88  26.72  26.31  25.66  25.84  26.51  26.88  28.66  24.31  25.77  26.44
 wrfout_d04_2016-05-13_23:00:00 999.00  25.80  21.74  27.60  23.23  27.04  27.34  27.22  27.58  27.90  27.66  27.45 999.00  27.36  27.15  28.10  24.46  26.53  15.75  25.88  10.07  26.67  26.70  27.10  27.27  27.71  27.69  29.38  25.82  26.94  27.78
