 wrfout_d04_2016-05-01_00:00:00 999.00  24.03  18.22  21.32  19.73  22.81  22.43  21.65  22.27  21.37  26.89  27.03 999.00  23.28  24.85  26.79  24.13  25.66  16.90  23.86  10.34  26.51  25.61  25.22  27.47  27.43  25.44  27.88  24.99  26.15  27.11
 wrfout_d04_2016-05-01_01:00:00 999.00  23.20  18.59  21.08  19.99  23.13  22.78  21.83  22.52  22.12  27.73  27.91 999.00  23.78  24.74  28.62  25.78  26.12  17.74  25.24  10.99  26.61  26.34  25.22  29.01  28.90  26.32  29.11  26.42  26.55  28.07
 wrfout_d04_2016-05-01_02:00:00 999.00  22.82  18.76  21.66  19.94  22.57  22.80  22.03  22.96  22.94  28.92  28.45 999.00  26.41  25.86  28.02  26.79  26.75  18.35  27.31  11.62  26.76  26.75  25.57  30.30  29.94  28.21  29.94  26.99  26.89  29.17
 wrfout_d04_2016-05-01_03:00:00 999.00  22.77  19.56  21.89  20.37  22.90  23.18  24.34  23.15  25.92  27.85  28.82 999.00  27.26  28.09  27.63  27.39  27.19  18.89  28.67  12.13  26.73  26.83  25.64  30.76  30.86  27.69  30.60  27.26  26.93  29.90
 wrfout_d04_2016-05-01_04:00:00 999.00  22.82  22.99  23.17  23.79  23.72  25.70  25.08  25.73  27.52  27.90  27.11 999.00  28.70  30.56  27.88  27.95  28.62  19.14  29.69  12.37  26.61  26.91  26.26  30.80  31.22  28.15  31.23  27.55  28.19  30.25
 wrfout_d04_2016-05-01_05:00:00 999.00  22.69  22.97  24.74  24.21  24.87  26.28  24.31  26.17  26.54  27.98  26.05 999.00  28.05  31.83  28.32  27.97  29.02  19.17  30.35  12.10  26.63  27.22  26.22  31.46  31.40  27.99  31.52  28.09  26.52  30.34
 wrfout_d04_2016-05-01_06:00:00 999.00  23.00  23.57  26.12  23.78  24.54  27.20  25.19  26.90  27.74  27.85  27.72 999.00  28.11  31.40  29.28  28.07  29.33  19.00  30.35  11.78  26.73  27.55  25.94  31.95  31.59  28.07  31.58  27.44  28.08  30.28
 wrfout_d04_2016-05-01_07:00:00 999.00  23.15  22.39  26.22  23.75  24.06  25.95  24.54  26.90  28.40  27.49  25.80 999.00  27.93  30.91  28.66  27.59  29.28  18.46  30.00  11.31  26.88  27.85  26.17  32.09  31.25  28.63  31.32  27.49  27.77  29.69
 wrfout_d04_2016-05-01_08:00:00 999.00  23.43  22.68  24.90  23.10  24.14  25.87  24.97  25.60  28.82  27.04  25.09 999.00  27.33  30.32  27.70  26.65  28.93  17.55  29.57  10.79  26.98  27.89  26.92  31.35  30.79  28.53  30.95  27.06  27.40  29.42
 wrfout_d04_2016-05-01_09:00:00 999.00  23.88  21.67  24.87  22.99  24.49  25.52  24.53  25.23  28.18  25.76  25.35 999.00  26.79  29.34  27.55  25.14  28.38  16.17  28.81   9.65  27.10  27.89  26.51  30.53  30.10  27.71  30.65  26.27  26.54  28.63
 wrfout_d04_2016-05-01_10:00:00 999.00  24.17  20.59  24.09  21.44  24.51  25.64  24.29  24.92  26.98  25.93  25.71 999.00  26.04  27.98  27.32  23.30  27.89  14.82  27.68   8.53  27.18  27.89  25.67  29.56  29.22  27.45  30.36  25.24  25.52  27.67
 wrfout_d04_2016-05-01_11:00:00 999.00  24.47  19.59  22.77  20.52  24.61  25.65  23.00  24.71  26.35  25.86  25.21 999.00  25.58  27.27  26.99  21.75  27.50  13.61  26.76   7.76  27.20  27.84  25.60  28.82  28.66  27.19  29.69  24.29  25.35  27.15
 wrfout_d04_2016-05-01_12:00:00 999.00  25.40  19.63  22.58  19.82  24.47  24.55  23.76  23.98  25.97  25.34  24.98 999.00  25.63  27.06  26.28  21.84  27.43  13.02  26.51   7.35  27.21  27.93  25.37  28.52  28.42  26.75  29.41  24.03  24.90  26.99
 wrfout_d04_2016-05-01_13:00:00 999.00  25.39  19.71  22.34  19.65  23.65  24.23  22.88  24.15  25.33  24.97  24.61 999.00  26.12  26.99  26.18  20.37  27.27  12.90  26.72   7.05  27.27  27.69  24.35  28.48  28.43  26.39  29.01  23.73  24.83  26.73
 wrfout_d04_2016-05-01_14:00:00 999.00  25.46  19.55  22.20  19.43  23.10  23.22  22.64  23.06  24.79  24.77  24.30 999.00  26.53  26.70  26.27  19.98  27.13  12.12  26.29   7.09  27.29  27.69  24.08  28.37  28.20  26.05  28.80  23.45  24.73  26.44
 wrfout_d04_2016-05-01_15:00:00 999.00  25.51  19.33  21.96  19.31  22.66  22.63  23.21  22.57  24.10  24.27  23.94 999.00  26.04  26.29  26.13  19.67  26.92  11.78  26.01   6.83  27.28  27.47  24.02  27.85  27.98  25.95  28.75  24.08  24.78  26.24
 wrfout_d04_2016-05-01_16:00:00 999.00  25.82  18.46  21.98  19.16  22.64  22.12  22.53  22.13  23.53  23.78  23.53 999.00  26.09  26.04  25.49  19.27  26.75  11.31  25.67   6.25  27.22  26.97  23.68  27.11  27.65  26.06  28.36  23.91  24.64  25.96
 wrfout_d04_2016-05-01_17:00:00 999.00  25.79  18.34  22.02  19.06  22.50  21.69  22.31  21.97  23.09  24.18  23.40 999.00  26.12  25.76  25.02  19.01  26.57  11.13  25.34   4.99  27.15  26.56  23.85  26.64  27.35  25.54  27.79  23.74  24.66  25.86
 wrfout_d04_2016-05-01_18:00:00 999.00  25.77  18.12  21.93  18.86  22.42  21.38  22.03  21.70  22.46  24.02  23.16 999.00  25.75  25.59  24.58  18.79  26.69  11.00  25.23   4.89  27.07  26.20  23.38  26.28  27.02  26.25  27.62  23.83  24.68  25.71
 wrfout_d04_2016-05-01_19:00:00 999.00  25.80  18.76  22.47  18.74  22.33  21.10  22.15  21.69  22.38  23.30  22.93 999.00  25.43  25.17  25.56  18.61  26.69  11.03  25.12   5.04  27.03  26.07  23.35  26.15  26.83  26.48  27.29  23.68  24.59  25.70
 wrfout_d04_2016-05-01_20:00:00 999.00  25.48  18.04  21.68  18.76  22.17  20.94  22.06  21.50  22.03  22.96  22.69 999.00  25.11  24.78  24.70  18.53  26.62  10.73  24.97   4.46  27.03  25.98  23.33  26.09  26.54  26.34  27.19  23.22  24.53  25.68
 wrfout_d04_2016-05-01_21:00:00 999.00  25.74  17.93  21.80  18.71  22.32  20.70  21.78  21.36  21.73  22.60  23.99 999.00  24.77  24.41  25.44  18.62  26.46  10.80  24.72   4.69  27.00  25.98  23.70  25.82  26.20  26.45  27.11  23.14  24.46  25.65
 wrfout_d04_2016-05-01_22:00:00 999.00  25.83  20.25  24.07  21.27  24.66  22.28  23.47  23.89  23.70  24.58  25.00 999.00  25.73  25.25  25.66  21.10  26.66  12.57  24.45   6.84  27.01  26.13  23.99  25.94  26.41  26.84  27.45  24.34  25.30  25.90
 wrfout_d04_2016-05-01_23:00:00 999.00  25.68  22.02  25.84  22.93  26.90  25.17  26.64  26.31  26.43  26.27  26.35 999.00  27.56  26.85  27.16  24.31  26.90  16.36  25.45  10.14  27.01  26.89  25.64  27.49  27.78  26.99  28.51  26.58  26.60  27.38
