 wrfout_d04_2016-07-16_00:00:00 999.00  27.69  24.62  30.33  25.89  30.10  30.97  28.81  30.78  30.32  28.32  28.33 999.00  30.10  29.90  28.75  25.70  28.99  20.52  28.57  14.90  27.47  27.91  28.74  29.93  29.78  30.21  30.24  30.04  28.26  28.86
 wrfout_d04_2016-07-16_01:00:00 999.00  27.75  25.76  31.33  27.16  31.78  32.63  29.40  32.41  31.47  29.31  29.51 999.00  31.51  31.38  29.81  26.75  29.62  21.25  29.95  15.65  27.52  28.02  29.12  31.48  31.02  31.10  31.01  31.00  28.78  29.90
 wrfout_d04_2016-07-16_02:00:00 999.00  27.84  26.72  32.24  28.25  33.32  33.91  29.86  33.81  32.22  30.35  30.45 999.00  32.29  32.81  30.21  27.72  30.14  21.92  31.15  16.20  27.56  28.12  29.89  32.40  31.75  31.68  31.67  32.12  29.20  30.46
 wrfout_d04_2016-07-16_03:00:00 999.00  27.86  27.47  32.81  29.05  34.62  35.18  30.14  35.10  32.52  31.01  31.00 999.00  32.68  33.85  30.43  28.35  30.51  22.29  32.12  16.39  27.60  28.17  30.21  33.01  32.34  32.16  32.13  33.16  29.48  30.76
 wrfout_d04_2016-07-16_04:00:00 999.00  27.95  27.91  33.08  29.54  34.14  35.77  30.29  35.72  32.56  31.42  31.46 999.00  32.91  35.03  30.59  29.08  30.75  22.40  32.73  16.39  27.60  28.19  30.51  33.42  32.69  32.51  32.37  35.59  29.60  30.98
 wrfout_d04_2016-07-16_05:00:00 999.00  28.03  28.10  33.18  29.70  32.85  35.95  30.30  35.90  32.63  31.56  31.71 999.00  33.02  35.75  30.76  29.35  30.87  22.27  33.15  16.26  27.60  28.20  30.80  33.63  32.82  32.68  32.49  35.65  29.58  31.19
 wrfout_d04_2016-07-16_06:00:00 999.00  28.01  28.02  33.13  29.61  32.37  35.86  30.19  35.79  32.61  31.28  31.87 999.00  32.97  35.97  30.92  29.52  30.85  21.76  33.32  15.56  27.61  28.21  30.74  33.70  32.75  32.59  32.50  35.18  29.46  31.11
 wrfout_d04_2016-07-16_07:00:00 999.00  27.46  27.64  32.87  29.23  31.82  35.48  29.97  35.34  32.24  30.68  31.43 999.00  32.77  35.87  30.97  29.20  30.66  20.99  33.10  15.01  27.62  28.18  30.43  33.44  32.51  32.14  32.30  32.83  29.14  30.91
 wrfout_d04_2016-07-16_08:00:00 999.00  27.46  26.92  32.10  28.44  31.16  34.95  29.58  34.77  31.57  30.33  31.20 999.00  32.38  35.23  30.90  28.60  30.28  20.66  32.44  13.68  27.61  28.14  30.24  32.83  32.14  31.56  31.93  32.12  28.67  30.58
 wrfout_d04_2016-07-16_09:00:00 999.00  27.45  25.90  31.37  27.34  30.21  34.01  29.02  33.86  30.93  29.98  30.76 999.00  31.80  34.25  30.29  27.51  29.78  19.62  31.81  13.21  27.63  28.11  29.50  32.24  31.39  30.84  31.56  29.92  28.10  30.09
 wrfout_d04_2016-07-16_10:00:00 999.00  27.29  24.62  30.27  25.86  29.36  32.86  28.40  32.48  30.08  29.08  29.42 999.00  30.99  32.89  29.50  25.93  29.04  18.33  30.67  12.39  27.64  28.02  28.66  31.05  30.48  29.80  31.02  28.15  27.36  29.44
 wrfout_d04_2016-07-16_11:00:00 999.00  27.12  24.02  27.76  24.88  28.63  31.86  28.04  31.27  29.50  28.21  28.36 999.00  30.30  31.63  28.82  24.09  28.36  15.82  29.75   8.25  27.63  27.80  27.38  30.12  29.62  29.27  30.40  26.29  26.98  28.90
 wrfout_d04_2016-07-16_12:00:00 999.00  26.85  23.88  27.43  24.48  28.80  30.95  27.98  30.45  29.43  27.53  28.04 999.00  30.04  30.61  28.58  23.27  28.08  14.80  29.29   7.82  27.61  27.62  27.22  29.69  29.21  28.90  30.22  25.91  27.14  28.66
 wrfout_d04_2016-07-16_13:00:00 999.00  26.72  23.81  27.18  23.95  28.91  30.41  28.00  29.96  29.56  27.20  27.88 999.00  29.45  29.96  28.25  22.38  27.91  14.42  28.74   7.52  27.59  27.53  26.99  29.43  28.94  28.55  30.00  25.63  27.09  28.42
 wrfout_d04_2016-07-16_14:00:00 999.00  26.76  23.69  26.96  23.31  29.21  30.06  27.99  29.60  29.32  26.98  27.86 999.00  28.90  29.31  28.05  21.98  27.74  14.11  28.11   7.32  27.56  27.45  26.71  29.14  28.66  28.30  29.70  25.35  26.95  28.17
 wrfout_d04_2016-07-16_15:00:00 999.00  26.78  23.59  26.76  23.70  28.79  29.85  27.86  29.35  28.99  26.64  27.47 999.00  28.56  28.67  27.85  21.73  27.59  13.79  27.63   7.10  27.51  27.40  26.39  28.85  28.40  28.10  29.34  25.07  26.67  27.92
 wrfout_d04_2016-07-16_16:00:00 999.00  26.66  23.41  26.52  23.88  28.29  29.51  27.65  28.97  28.61  26.23  27.08 999.00  28.27  28.27  27.66  21.49  27.46  13.51  27.20   6.89  27.48  27.32  26.07  28.59  28.18  27.92  28.96  24.82  26.59  27.66
 wrfout_d04_2016-07-16_17:00:00 999.00  26.69  23.13  26.25  23.73  27.88  29.20  27.43  28.68  28.30  26.01  26.81 999.00  27.99  27.92  27.46  21.25  27.36  13.24  27.03   6.69  27.44  27.24  25.85  28.36  27.99  27.76  28.81  24.61  26.54  27.59
 wrfout_d04_2016-07-16_18:00:00 999.00  26.64  22.84  25.98  23.56  27.41  28.85  27.20  28.36  28.01  25.99  26.69 999.00  27.73  27.59  27.28  20.99  27.30  12.99  26.74   6.47  27.41  27.19  25.62  28.12  27.82  27.66  28.59  24.39  26.50  27.48
 wrfout_d04_2016-07-16_19:00:00 999.00  26.73  22.56  25.73  23.35  27.14  28.51  27.05  28.06  27.75  25.99  26.14 999.00  27.47  27.29  27.03  20.74  27.26  12.76  26.55   6.26  27.38  27.12  25.45  27.85  27.72  27.62  28.49  24.22  26.49  27.42
 wrfout_d04_2016-07-16_20:00:00 999.00  27.27  22.33  25.50  23.14  26.97  28.14  26.93  27.74  27.48  25.89  26.15 999.00  27.27  27.08  26.90  20.52  27.21  12.53  26.25   6.04  27.36  27.01  25.37  27.39  27.35  27.57  28.43  24.14  26.48  27.28
 wrfout_d04_2016-07-16_21:00:00 999.00  27.55  22.18  25.27  22.97  26.83  27.88  26.78  27.48  27.30  25.66  26.11 999.00  27.33  26.93  27.06  20.35  27.18  12.37  26.04   5.88  27.35  26.94  25.28  26.98  27.00  27.62  28.50  24.03  26.47  27.27
 wrfout_d04_2016-07-16_22:00:00 999.00  27.60  22.70  27.74  23.68  27.40  28.19  27.23  27.94  27.66  26.13  26.92 999.00  27.48  27.16  27.30  22.68  27.42  15.87  26.28   9.93  27.35  26.65  27.28  27.05  27.06  27.86  28.76  26.43  26.84  27.58
 wrfout_d04_2016-07-16_23:00:00 999.00  27.59  23.78  28.89  24.92  28.86  29.24  28.04  29.15  28.80  27.69  28.18 999.00  28.69  28.08  28.03  24.26  28.26  19.90  27.24  13.66  27.38  27.39  27.79  28.58  28.48  29.44  29.65  28.51  27.66  28.20
