 wrfout_d04_2016-08-05_00:00:00 999.00  28.79  25.02  28.65  26.44  29.26  29.72  29.41  30.35  29.90  30.87  31.06 999.00  30.22  29.52  30.92  26.07  29.47  18.70  28.50  12.33  28.41  27.87  29.77  29.03  29.55  31.04  31.03  29.63  29.29  29.47
 wrfout_d04_2016-08-05_01:00:00 999.00  28.74  23.17  29.49  24.77  29.41  30.59  29.80  30.86  31.50  31.72  31.34 999.00  31.33  31.39  31.92  27.74  30.09  20.05  30.18  13.28  28.46  28.56  30.16  31.00  31.13  31.93  31.96  30.21  30.14  30.17
 wrfout_d04_2016-08-05_02:00:00 999.00  28.46  22.85  28.86  24.41  29.50  30.93  28.87  31.30  31.53  32.30  31.81 999.00  31.92  33.17  32.28  28.88  30.61  21.19  31.46  14.24  28.60  28.67  30.39  32.46  32.15  30.93  32.50  30.93  29.56  30.93
 wrfout_d04_2016-08-05_03:00:00 999.00  28.30  22.81  28.08  24.21  27.93  30.74  29.52  31.11  30.71  29.57  29.65 999.00  32.29  34.36  32.49  29.53  30.97  21.62  32.44  14.70  28.64  28.82  30.63  33.25  32.58  30.91  32.85  28.95  30.03  31.46
 wrfout_d04_2016-08-05_04:00:00 999.00  28.29  23.23  28.06  24.44  28.04  29.95  28.41  30.77  29.95  28.26  28.53 999.00  32.28  35.02  32.96  29.85  31.18  20.06  33.10  14.87  28.64  28.89  30.76  33.67  32.87  31.13  33.08  29.18  29.55  31.28
 wrfout_d04_2016-08-05_05:00:00 999.00  28.35  23.06  27.05  24.04  28.32  29.22  27.61  29.22  29.35  29.17  27.89 999.00  32.35  35.11  32.38  30.00  31.22  18.24  33.44  13.74  28.56  28.91  30.60  33.73  32.99  32.41  33.12  29.04  28.79  30.60
 wrfout_d04_2016-08-05_06:00:00 999.00  28.24  23.01  27.39  23.75  28.08  28.05  27.47  28.10  28.05  28.35  27.80 999.00  31.28  33.68  30.07  29.94  31.13  17.71  33.43  13.04  28.54  29.05  30.49  33.65  32.86  32.53  32.94  30.81  29.04  30.55
 wrfout_d04_2016-08-05_07:00:00 999.00  28.13  23.36  27.67  24.28  27.72  28.33  27.45  28.47  28.12  27.98  27.94 999.00  30.50  31.94  29.68  28.75  30.84  17.93  32.94  12.46  28.50  28.83  29.23  33.15  32.51  30.81  32.49  30.58  30.53  30.46
 wrfout_d04_2016-08-05_08:00:00 999.00  28.09  23.46  27.91  24.36  27.78  29.27  27.49  28.61  27.97  28.26  27.95 999.00  29.48  29.78  28.79  26.35  30.58  16.58  31.81  11.82  28.51  28.76  28.30  32.73  32.17  29.27  32.25  30.08  30.09  30.66
 wrfout_d04_2016-08-05_09:00:00 999.00  28.13  24.40  28.35  25.33  28.11  29.31  27.73  28.82  27.92  28.25  28.28 999.00  28.59  28.69  28.21  24.82  29.82  16.68  30.68  11.26  28.50  28.80  27.73  31.83  31.28  27.48  31.70  27.45  28.37  30.65
 wrfout_d04_2016-08-05_10:00:00 999.00  28.26  23.25  28.70  24.41  28.55  29.31  27.58  28.97  28.11  28.15  28.82 999.00  28.48  29.02  28.09  24.00  29.18  16.10  29.98  10.80  28.54  28.95  27.13  30.51  30.31  27.86  31.24  26.73  27.43  30.15
 wrfout_d04_2016-08-05_11:00:00 999.00  28.36  21.89  26.23  22.50  28.04  29.13  27.13  28.79  27.94  27.90  28.79 999.00  28.78  29.17  28.31  23.71  29.00  15.91  27.99  10.39  28.50  28.99  26.68  29.74  29.63  27.75  30.88  26.09  27.22  29.81
 wrfout_d04_2016-08-05_12:00:00 999.00  28.45  21.78  25.97  22.44  27.70  29.02  26.53  28.71  28.03  27.75  28.53 999.00  28.87  29.16  28.59  23.79  28.95  15.77  27.25  10.38  28.49  28.88  26.49  29.23  29.39  27.51  31.04  25.90  27.30  29.59
 wrfout_d04_2016-08-05_13:00:00 999.00  28.55  22.08  25.85  22.99  27.50  28.59  26.35  28.51  27.89  27.61  28.40 999.00  29.01  29.02  28.69  22.84  28.82  14.45  27.69   9.94  28.49  28.36  26.64  28.54  28.80  27.51  30.85  25.61  27.00  29.49
 wrfout_d04_2016-08-05_14:00:00 999.00  28.60  21.58  25.65  22.35  27.18  28.12  26.19  28.09  27.49  27.30  28.15 999.00  29.08  29.07  28.59  22.38  28.70  13.98  27.66   8.02  28.48  28.30  25.79  28.24  28.46  27.84  30.36  25.27  26.76  29.25
 wrfout_d04_2016-08-05_15:00:00 999.00  28.63  21.40  25.46  22.84  26.73  27.81  25.98  27.63  27.19  26.85  27.82 999.00  28.87  28.89  28.45  22.09  28.49  13.52  27.78   7.69  28.47  28.39  26.27  28.16  28.33  28.01  30.02  25.14  26.73  28.67
 wrfout_d04_2016-08-05_16:00:00 999.00  28.62  21.34  25.37  22.60  26.38  27.41  25.71  27.46  26.77  27.25  27.85 999.00  28.66  28.99  28.37  21.85  28.55  13.24  26.93   7.51  28.48  28.10  25.75  28.45  28.38  27.81  29.83  25.02  26.09  28.18
 wrfout_d04_2016-08-05_17:00:00 999.00  28.61  21.36  25.30  22.44  26.27  27.14  25.40  27.32  26.42  27.04  27.68 999.00  28.54  28.74  28.25  21.57  28.56  13.06  26.57   7.29  28.61  28.37  25.66  28.37  28.40  27.73  29.69  24.38  25.95  27.90
 wrfout_d04_2016-08-05_18:00:00 999.00  28.57  21.28  25.29  22.42  25.98  26.79  25.20  26.76  26.07  26.27  27.21 999.00  28.35  27.96  28.33  21.25  28.59  12.99  26.49   7.21  28.63  28.56  25.43  28.17  28.22  27.46  29.47  24.61  25.82  27.75
 wrfout_d04_2016-08-05_19:00:00 999.00  28.59  21.08  25.08  22.27  25.64  26.51  25.08  26.60  25.84  26.27  27.02 999.00  28.08  27.51  27.97  20.81  28.58  12.74  26.65   6.91  28.57  28.48  25.28  28.07  28.17  27.73  29.33  24.62  25.67  27.80
 wrfout_d04_2016-08-05_20:00:00 999.00  28.67  21.52  24.95  22.25  25.10  26.21  25.09  26.12  25.79  25.85  26.51 999.00  27.84  27.34  27.67  20.50  28.48  12.44  26.35   6.55  28.57  28.29  25.19  27.85  28.25  27.30  29.21  24.02  25.02  27.65
 wrfout_d04_2016-08-05_21:00:00 999.00  28.74  21.75  24.92  22.44  24.93  26.01  25.11  25.94  25.70  25.70  26.39 999.00  27.77  27.36  27.38  20.36  28.40  12.25  26.37   6.40  28.50  27.54  25.13  27.64  28.17  26.97  29.38  23.91  25.33  27.74
 wrfout_d04_2016-08-05_22:00:00 999.00  28.75  22.33  26.58  23.53  26.04  26.36  25.98  26.60  25.72  26.38  27.74 999.00  27.82  27.30  28.37  21.96  28.37  13.81  26.52   8.07  28.55  27.18  26.32  27.51  27.96  27.08  29.39  25.11  25.63  27.73
 wrfout_d04_2016-08-05_23:00:00 999.00  28.71  23.20  27.78  24.80  27.84  27.58  27.55  27.76  26.98  28.19  28.84 999.00  27.99  27.47  29.13  24.05  28.52  16.86  26.92  11.08  28.52  27.26  28.43  27.67  28.12  28.54  29.71  27.58  28.26  27.95
