 wrfout_d04_2016-03-30_00:00:00 999.00  20.72  17.27  21.18  18.21  22.05  20.46  19.76  20.61  20.98  21.35  21.63 999.00  22.38  22.48  21.82  18.20  21.89  12.52  20.94   7.37  22.40  20.85  21.86  21.75  22.05  22.72  24.29  22.70  23.38  23.75
 wrfout_d04_2016-03-30_01:00:00 999.00  20.78  18.45  20.58  19.35  23.69  22.61  20.63  21.84  23.78  22.46  23.16 999.00  24.99  24.52  23.21  20.81  22.51  13.77  23.04   8.21  22.49  21.95  22.58  24.68  24.88  23.72  25.68  22.72  22.03  25.15
 wrfout_d04_2016-03-30_02:00:00 999.00  20.91  19.53  22.28  20.30  23.20  22.94  21.43  22.44  25.57  23.57  24.04 999.00  26.76  26.22  24.13  22.23  22.98  14.73  24.69   8.71  22.73  22.88  23.00  26.59  26.56  24.31  26.93  24.20  23.17  26.49
 wrfout_d04_2016-03-30_03:00:00 999.00  20.94  20.24  22.24  20.94  24.10  23.57  20.55  24.12  26.23  24.02  24.62 999.00  27.96  27.68  24.64  23.05  23.50  15.36  26.00   8.99  22.95  23.24  23.52  27.98  27.78  25.27  27.71  25.01  25.15  26.11
 wrfout_d04_2016-03-30_04:00:00 999.00  20.70  20.15  22.21  21.36  24.18  25.98  20.13  27.00  24.01  24.49  24.93 999.00  27.66  28.65  24.85  23.70  24.30  15.79  26.91   9.04  22.91  23.26  23.74  29.00  28.40  25.77  28.54  25.62  25.46  27.23
 wrfout_d04_2016-03-30_05:00:00 999.00  20.37  20.81  22.57  21.78  22.44  25.00  19.52  25.60  23.79  24.85  25.15 999.00  22.84  29.48  24.99  24.37  25.09  16.02  27.91   8.77  22.94  24.24  23.77  29.66  28.98  25.79  29.22  25.27  25.49  28.42
 wrfout_d04_2016-03-30_06:00:00 999.00  20.38  20.53  22.56  21.66  22.18  25.10  20.28  25.53  23.67  25.00  25.30 999.00  21.67  29.41  24.45  24.49  25.65  15.99  28.53   8.14  23.04  24.54  23.78  30.16  29.59  25.98  29.13  25.05  25.27  28.38
 wrfout_d04_2016-03-30_07:00:00 999.00  20.44  19.94  22.78  21.21  21.77  25.22  20.29  25.43  23.82  24.94  25.00 999.00  20.73  28.27  24.26  24.23  25.56  15.41  28.84   7.86  23.14  24.21  23.62  30.53  30.00  25.08  28.55  24.68  25.02  27.65
 wrfout_d04_2016-03-30_08:00:00 999.00  20.45  19.24  22.39  20.48  21.27  24.77  20.44  25.26  23.62  23.90  24.41 999.00  20.53  27.34  24.05  23.62  25.75  14.55  28.15   7.24  23.27  24.13  23.25  30.38  29.43  24.61  28.17  24.05  24.61  26.98
 wrfout_d04_2016-03-30_09:00:00 999.00  20.57  18.07  21.45  19.21  20.84  23.60  19.92  24.18  23.19  22.87  23.56 999.00  21.00  26.73  24.04  22.20  25.45  13.09  25.98   6.20  23.27  24.20  23.04  28.63  28.02  24.46  27.37  22.93  23.84  25.99
 wrfout_d04_2016-03-30_10:00:00 999.00  20.74  15.59  19.09  16.28  19.92  21.87  19.06  22.26  22.04  21.68  22.33 999.00  21.01  24.77  23.63  18.77  23.24  10.63  24.21   5.09  23.34  24.23  22.81  26.82  26.18  24.38  26.67  21.95  22.12  24.62
 wrfout_d04_2016-03-30_11:00:00 999.00  20.87  14.65  18.22  15.35  19.30  21.27  19.01  22.72  20.95  21.20  21.57 999.00  20.20  23.58  23.14  17.22  22.45  10.26  22.84   5.14  23.50  23.97  22.76  25.69  25.34  24.35  26.37  20.29  21.42  24.03
 wrfout_d04_2016-03-30_12:00:00 999.00  20.99  14.07  17.83  14.92  19.02  20.64  18.95  21.35  20.56  20.81  21.05 999.00  19.52  23.66  23.06  16.45  21.87   9.99  22.20   4.99  23.42  23.85  22.71  24.49  24.80  24.13  26.44  19.80  22.38  23.84
 wrfout_d04_2016-03-30_13:00:00 999.00  21.14  13.88  17.66  14.81  18.76  19.96  18.53  20.31  19.94  20.74  20.75 999.00  19.11  23.34  22.92  15.87  21.94   9.19  22.00   4.91  23.35  23.73  22.61  24.12  24.37  23.75  26.11  19.42  22.35  23.61
 wrfout_d04_2016-03-30_14:00:00 999.00  21.31  13.70  17.49  14.64  18.75  19.61  18.16  19.55  19.22  20.37  20.25 999.00  19.04  22.71  22.79  15.52  22.02   9.45  21.84   4.98  23.46  23.56  22.65  24.06  24.06  23.26  26.17  19.49  22.28  23.38
 wrfout_d04_2016-03-30_15:00:00 999.00  21.30  13.54  17.29  14.51  18.45  19.24  18.70  19.06  18.93  19.92  19.86 999.00  19.06  22.32  22.62  15.17  22.16   9.24  21.04   4.89  23.48  23.06  21.73  23.91  24.12  23.43  26.11  20.36  21.95  23.12
 wrfout_d04_2016-03-30_16:00:00 999.00  21.26  14.22  18.12  14.31  18.20  18.79  18.71  18.72  19.46  19.55  19.44 999.00  19.09  22.11  22.33  14.86  21.89   9.14  20.67   4.75  23.37  22.70  22.37  23.73  24.03  23.18  25.98  19.87  22.00  23.00
 wrfout_d04_2016-03-30_17:00:00 999.00  21.34  14.85  18.79  14.15  18.47  18.33  18.13  18.46  20.02  19.10  18.94 999.00  18.67  21.71  22.00  14.59  21.51   9.15  21.00   4.52  23.27  22.54  22.26  23.44  24.14  22.87  25.48  18.95  21.85  23.24
 wrfout_d04_2016-03-30_18:00:00 999.00  21.49  15.13  18.59  13.98  18.70  17.95  17.95  18.11  19.70  18.69  18.61 999.00  19.48  21.59  21.47  14.30  22.02   9.49  20.93   4.23  23.40  22.10  21.00  23.18  23.91  22.43  25.27  19.46  21.84  23.05
 wrfout_d04_2016-03-30_19:00:00 999.00  21.46  15.85  17.04  13.80  19.15  17.55  16.31  17.61  17.76  18.39  18.50 999.00  20.03  21.39  21.02  16.04  22.09   9.65  21.46   4.20  23.48  22.07  20.89  23.20  23.80  22.24  25.27  19.47  22.27  23.36
 wrfout_d04_2016-03-30_20:00:00 999.00  21.37  15.27  16.16  13.43  17.79  17.01  16.24  17.36  16.78  18.03  18.60 999.00  20.32  22.81  20.58  16.34  22.10   9.69  21.78   4.16  23.65  22.47  20.56  23.44  24.01  22.14  25.04  20.06  21.75  23.25
 wrfout_d04_2016-03-30_21:00:00 999.00  21.23  14.98  16.05  13.35  17.10  16.86  16.07  16.85  16.52  17.76  18.45 999.00  20.68  22.38  20.29  14.61  22.29   9.73  21.86   4.17  23.69  22.94  20.45  23.62  24.12  21.85  24.90  18.88  21.61  23.18
 wrfout_d04_2016-03-30_22:00:00 999.00  21.15  15.25  16.42  13.68  17.23  16.97  16.07  16.66  16.76  17.95  18.80 999.00  20.99  22.75  20.38  15.23  22.23   9.77  22.12   4.17  23.72  22.88  21.09  23.20  23.23  21.88  24.93  19.02  21.98  23.28
 wrfout_d04_2016-03-30_23:00:00 999.00  21.30  16.82  18.05  17.34  19.52  19.05  17.62  18.55  17.51  21.18  22.59 999.00  21.89  23.55  23.19  20.08  22.33  11.63  20.63   5.28  23.83  23.16  22.67  24.28  24.11  23.92  25.46  23.08  23.24  24.38
