 wrfout_d04_2016-03-21_00:00:00 999.00  19.22  12.29  17.58  13.60  18.02  17.93  17.88  17.62  17.62  18.30  18.32 999.00  17.57  19.07  19.85  19.48  19.50  13.34  17.75   5.46  21.18  21.28  21.56  21.48  21.90  21.52  24.15  21.00  20.69  23.12
 wrfout_d04_2016-03-21_01:00:00 999.00  19.28  12.96  19.46  14.60  18.54  19.62  17.71  18.70  17.32  18.84  18.17 999.00  17.39  18.37  20.30  18.32  19.57  12.66  18.45   5.63  21.19  22.02  22.36  23.01  23.47  22.08  25.07  21.76  21.17  24.52
 wrfout_d04_2016-03-21_02:00:00 999.00  19.35  13.16  20.16  14.52  18.61  18.56  17.95  18.89  17.48  18.85  18.18 999.00  17.58  18.02  20.63  19.83  19.64  13.84  19.55   5.86  21.28  22.12  22.50  24.68  24.75  22.53  25.64  23.08  22.10  25.45
 wrfout_d04_2016-03-21_03:00:00 999.00  19.43  13.11  18.63  14.59  18.99  18.13  18.04  18.45  17.77  18.50  18.36 999.00  17.62  18.71  20.75  20.44  19.60  11.94  19.58   5.93  21.19  22.00  22.46  24.54  24.22  22.91  26.06  23.41  22.08  26.33
 wrfout_d04_2016-03-21_04:00:00 999.00  19.62  12.78  17.96  13.87  19.00  18.24  17.71  18.28  18.26  18.11  18.54 999.00  17.70  18.58  21.02  19.64  19.24  12.49  19.86   6.09  20.92  22.00  22.33  25.01  24.69  22.87  26.12  23.98  22.21  26.44
 wrfout_d04_2016-03-21_05:00:00 999.00  19.82  13.08  18.18  14.57  18.10  18.40  17.85  18.29  17.90  17.66  18.26 999.00  17.35  18.17  21.28  17.51  19.26  12.38  19.21   6.02  20.82  22.11  22.32  24.68  24.62  22.80  26.42  22.48  22.04  26.45
 wrfout_d04_2016-03-21_06:00:00 999.00  19.89  13.17  18.24  14.39  18.25  18.17  18.45  18.30  18.26  17.67  17.98 999.00  18.02  18.13  20.71  17.02  19.17  12.71  19.40   5.94  20.45  21.86  22.09  23.69  24.50  22.90  26.28  21.77  21.93  26.30
 wrfout_d04_2016-03-21_07:00:00 999.00  19.87  13.13  18.28  14.17  18.37  18.38  18.72  18.20  19.18  17.83  17.88 999.00  18.43  19.13  19.63  17.85  19.08  11.87  18.97   5.84  20.65  21.68  21.65  23.68  23.98  22.83  25.53  21.94  22.11  26.06
 wrfout_d04_2016-03-21_08:00:00 999.00  19.96  12.93  18.00  13.90  18.30  18.44  18.43  18.66  18.95  17.72  17.79 999.00  19.43  19.46  19.85  17.59  19.25  11.03  18.84   5.77  20.45  21.64  21.23  23.27  23.77  22.51  25.18  21.79  21.80  25.54
 wrfout_d04_2016-03-21_09:00:00 999.00  19.90  12.75  17.81  14.00  18.17  18.19  18.22  18.25  18.23  17.61  17.70 999.00  19.25  19.74  19.87  17.30  19.30  10.87  18.36   5.61  20.47  20.96  21.00  21.66  22.31  22.21  25.08  21.25  21.45  24.42
 wrfout_d04_2016-03-21_10:00:00 999.00  20.00  13.02  17.60  13.99  17.87  18.01  18.08  17.95  17.93  17.49  17.55 999.00  18.60  19.14  20.02  16.98  19.41  10.75  17.72   5.44  20.43  20.48  20.90  20.72  21.03  21.94  24.71  20.66  21.04  23.24
 wrfout_d04_2016-03-21_11:00:00 999.00  20.06  13.14  17.62  14.21  17.63  17.87  18.07  17.73  17.60  17.47  17.42 999.00  18.37  18.62  20.03  17.12  19.04  10.65  17.73   5.27  20.75  20.32  20.97  19.80  20.15  21.46  24.29  20.39  21.15  22.78
 wrfout_d04_2016-03-21_12:00:00 999.00  20.24  13.37  17.60  14.38  17.69  17.86  18.12  17.78  17.56  17.32  17.70 999.00  18.34  18.20  20.09  17.04  19.14  10.73  17.82   5.31  20.55  20.18  20.53  19.59  19.98  21.29  24.38  20.23  21.20  22.35
 wrfout_d04_2016-03-21_13:00:00 999.00  20.15  13.54  17.76  14.58  17.75  18.06  18.13  17.79  17.57  17.50  17.61 999.00  18.14  17.89  20.35  16.85  19.20  10.59  17.39   5.21  20.63  19.91  20.26  19.27  19.65  21.52  24.20  20.13  20.74  21.93
 wrfout_d04_2016-03-21_14:00:00 999.00  20.04  13.78  17.78  14.88  17.86  18.14  18.26  17.88  17.50  17.57  17.52 999.00  17.99  17.70  20.47  16.44  19.19  10.58  17.44   5.18  20.78  19.76  20.14  19.16  19.46  21.61  22.89  20.11  20.27  21.62
 wrfout_d04_2016-03-21_15:00:00 999.00  19.89  14.14  17.69  15.15  18.00  18.15  18.11  17.88  17.47  17.52  17.52 999.00  17.83  17.62  20.31  16.31  19.37  10.63  17.26   5.23  20.65  19.76  19.97  19.17  19.50  21.58  22.89  19.92  20.82  21.48
 wrfout_d04_2016-03-21_16:00:00 999.00  19.85  14.38  17.76  15.49  18.19  18.51  18.08  17.48  17.24  17.50  17.57 999.00  17.99  17.82  20.22  16.68  19.35  10.55  16.91   5.30  20.83  19.97  20.00  18.97  19.34  21.51  22.34  19.89  20.87  21.41
 wrfout_d04_2016-03-21_17:00:00 999.00  20.02  14.60  17.67  15.61  18.32  18.52  18.04  17.80  17.13  17.49  17.54 999.00  18.27  17.78  19.99  16.24  19.49  10.26  17.14   5.13  20.99  19.93  20.02  18.84  19.13  21.47  22.66  19.87  20.99  21.32
 wrfout_d04_2016-03-21_18:00:00 999.00  19.84  14.76  17.65  15.68  18.08  18.06  18.23  17.61  17.15  17.43  17.61 999.00  18.27  17.81  19.76  16.41  19.49  10.34  16.99   4.89  21.02  19.56  19.93  18.66  18.91  21.37  21.73  19.92  21.01  21.32
 wrfout_d04_2016-03-21_19:00:00 999.00  19.65  14.91  17.83  15.74  17.94  17.93  18.29  17.70  17.02  17.45  17.63 999.00  18.25  17.74  19.53  16.42  19.59   9.92  16.90   4.78  21.14  19.78  19.79  18.75  18.91  21.09  21.87  19.81  21.02  21.75
 wrfout_d04_2016-03-21_20:00:00 999.00  19.72  14.94  17.79  15.26  17.85  17.78  18.21  17.61  17.03  17.58  17.58 999.00  17.89  17.88  19.17  16.31  19.75  10.01  16.67   4.57  21.16  19.57  19.68  18.84  18.80  20.19  21.84  19.92  21.02  21.82
 wrfout_d04_2016-03-21_21:00:00 999.00  19.96  14.61  17.65  15.44  17.93  17.83  18.31  17.60  16.95  17.65  17.03 999.00  18.22  17.88  19.55  15.90  19.92   9.97  16.69   4.57  21.22  19.59  19.57  19.02  19.13  19.97  21.90  19.85  20.95  21.92
 wrfout_d04_2016-03-21_22:00:00 999.00  20.01  14.58  17.75  15.37  17.93  17.59  18.46  17.56  16.99  18.02  17.32 999.00  17.80  17.92  19.64  16.58  20.05  10.13  16.86   4.58  21.21  19.99  19.83  19.10  19.27  20.06  21.56  19.87  20.92  22.27
 wrfout_d04_2016-03-21_23:00:00 999.00  20.05  15.68  18.26  16.37  18.51  18.19  18.48  17.82  17.37  19.29  19.60 999.00  18.34  17.86  20.74  17.06  20.22  10.65  17.36   4.73  21.40  19.92  20.86  19.21  19.19  20.51  22.15  20.36  21.31  22.58
