 wrfout_d04_2016-08-29_00:00:00 999.00  27.88  21.56  26.82  23.29  27.93  27.32  27.26  28.00  27.29  27.98  26.42 999.00  27.33  26.00  27.46  22.06  28.91  16.55  25.16  11.09  28.21  25.99  25.70  25.96  26.83  26.59  28.95  25.30  26.03  27.89
 wrfout_d04_2016-08-29_01:00:00 999.00  27.91  22.32  28.53  24.11  28.47  29.25  27.52  28.79  27.85  28.98  27.00 999.00  29.32  26.67  27.90  22.69  29.58  15.65  25.30  11.27  28.08  26.55  26.34  26.56  27.26  26.84  29.26  26.08  26.36  27.60
 wrfout_d04_2016-08-29_02:00:00 999.00  27.93  22.88  29.16  24.76  28.85  28.80  29.19  28.49  29.60  29.00  27.97 999.00  30.47  29.44  29.11  22.23  30.09  15.68  26.70  10.98  28.09  27.39  26.44  28.45  28.64  27.15  30.10  27.27  27.84  29.01
 wrfout_d04_2016-08-29_03:00:00 999.00  27.94  23.31  29.55  25.27  29.12  30.41  29.41  30.25  30.52  28.68  28.38 999.00  31.63  29.19  29.46  24.50  29.39  17.14  28.78  11.12  28.15  27.65  26.50  29.96  29.50  27.54  30.75  27.96  27.03  30.70
 wrfout_d04_2016-08-29_04:00:00 999.00  27.95  23.52  29.76  25.51  29.26  30.72  29.58  30.90  31.22  28.79  28.23 999.00  31.86  29.42  29.98  25.53  28.45  18.45  30.27  11.49  28.50  27.67  25.94  30.06  29.64  27.89  30.58  28.32  27.22  30.20
 wrfout_d04_2016-08-29_05:00:00 999.00  27.94  23.44  29.72  25.40  29.26  30.85  29.40  31.11  31.32  28.69  28.19 999.00  30.44  30.27  29.99  24.22  28.53  18.88  31.12  11.54  28.53  27.78  26.13  29.88  29.78  28.35  30.45  27.97  27.57  30.30
 wrfout_d04_2016-08-29_06:00:00 999.00  27.96  23.26  29.59  25.19  29.17  30.68  29.29  31.03  31.15  28.25  27.84 999.00  30.52  30.80  29.39  25.96  28.63  18.40  30.83  11.82  28.62  28.04  25.92  29.40  29.26  27.59  30.03  27.10  27.25  30.20
 wrfout_d04_2016-08-29_07:00:00 999.00  27.96  22.66  29.16  24.52  28.89  30.22  29.05  30.64  30.86  28.05  27.83 999.00  30.78  32.30  29.35  24.50  28.58  17.15  28.80  11.61  28.62  28.06  26.91  29.25  29.03  27.69  29.89  25.91  27.16  28.95
 wrfout_d04_2016-08-29_08:00:00 999.00  27.95  21.91  28.49  23.65  28.46  29.49  28.64  29.77  30.24  27.78  27.52 999.00  30.30  32.18  28.27  24.14  28.38  17.60  28.59  11.29  28.73  28.06  26.31  28.94  28.91  27.91  29.63  25.99  26.94  28.89
 wrfout_d04_2016-08-29_09:00:00 999.00  27.94  20.94  27.48  22.54  27.92  28.64  27.91  28.78  29.09  27.22  27.31 999.00  29.71  31.32  27.72  23.53  28.20  16.68  29.03  10.94  28.65  28.10  25.74  28.78  28.65  27.74  29.17  25.45  26.79  28.15
 wrfout_d04_2016-08-29_10:00:00 999.00  27.88  19.65  24.71  21.08  27.27  27.64  26.92  27.72  27.84  26.86  27.22 999.00  28.88  29.88  27.26  22.97  28.11  15.46  28.81  10.36  28.66  28.16  25.22  28.47  28.40  27.44  29.00  24.97  25.87  27.84
 wrfout_d04_2016-08-29_11:00:00 999.00  27.85  19.48  23.84  20.96  26.89  27.26  26.66  27.31  27.38  26.46  27.01 999.00  28.54  28.64  27.00  22.05  27.95  13.97  28.35  10.29  28.53  28.25  24.75  28.12  28.07  26.87  28.49  24.42  25.70  27.60
 wrfout_d04_2016-08-29_12:00:00 999.00  27.78  19.33  23.42  20.84  26.62  26.82  26.19  26.66  26.85  26.31  26.59 999.00  28.12  28.10  26.88  21.69  28.06  14.05  27.94  10.06  28.70  28.20  24.80  27.88  27.55  26.77  27.93  23.55  25.56  27.51
 wrfout_d04_2016-08-29_13:00:00 999.00  27.75  19.19  23.02  20.70  26.28  26.47  25.65  26.15  26.37  26.15  26.20 999.00  27.50  27.77  26.70  21.53  28.11  13.51  27.45   9.84  28.81  28.12  24.98  27.67  27.76  26.50  28.45  23.63  25.44  26.52
 wrfout_d04_2016-08-29_14:00:00 999.00  27.70  19.08  22.69  20.60  25.97  26.61  25.32  25.74  25.96  25.99  25.85 999.00  26.91  27.50  26.55  21.49  28.08  13.33  26.95   9.68  28.79  28.03  24.85  27.73  27.78  26.42  27.54  23.85  25.34  26.37
 wrfout_d04_2016-08-29_15:00:00 999.00  27.63  18.98  22.32  20.52  25.83  26.23  24.88  25.30  25.54  25.98  25.74 999.00  26.43  27.09  26.52  21.63  27.69  13.12  26.65   9.56  28.65  28.45  24.79  27.51  27.57  26.40  27.91  23.82  25.20  26.36
 wrfout_d04_2016-08-29_16:00:00 999.00  27.55  18.84  22.07  20.38  25.31  25.47  24.48  24.84  25.08  25.70  25.69 999.00  26.03  26.79  26.39  20.40  27.54  13.34  26.13   9.50  28.61  27.70  24.69  27.47  27.18  26.35  28.36  23.60  24.78  26.40
 wrfout_d04_2016-08-29_17:00:00 999.00  27.46  18.71  21.75  20.29  24.87  25.07  23.92  24.55  24.77  25.51  25.58 999.00  26.09  26.88  26.32  21.46  27.58  12.66  26.05   9.41  28.61  27.04  24.58  26.95  27.08  26.20  27.71  23.42  24.67  26.11
 wrfout_d04_2016-08-29_18:00:00 999.00  27.38  18.56  21.39  20.16  24.13  24.34  23.50  24.28  24.33  25.30  24.76 999.00  26.21  26.87  26.19  21.28  27.55  12.63  26.05   9.11  28.47  27.18  24.67  26.65  27.11  26.14  27.59  23.30  24.64  25.89
 wrfout_d04_2016-08-29_19:00:00 999.00  27.29  18.50  21.10  20.08  23.67  23.85  23.09  23.86  23.67  25.16  24.36 999.00  26.10  26.74  25.99  21.45  27.43  14.07  25.54   9.23  28.43  28.03  24.72  26.63  26.89  26.00  26.99  23.24  24.44  26.15
 wrfout_d04_2016-08-29_20:00:00 999.00  27.23  18.48  20.92  20.07  23.12  23.14  22.70  23.37  23.33  25.05  23.94 999.00  26.09  26.47  25.93  21.36  27.27  14.25  24.99   9.25  28.34  28.19  23.73  26.35  26.69  25.83  27.06  23.30  24.40  25.73
 wrfout_d04_2016-08-29_21:00:00 999.00  27.22  18.44  20.78  20.00  22.86  22.73  22.44  23.02  23.16  24.88  23.72 999.00  26.19  26.27  25.33  21.32  26.69  14.17  25.08   9.29  28.30  28.27  24.88  26.24  26.44  25.85  26.69  23.28  24.25  25.51
 wrfout_d04_2016-08-29_22:00:00 999.00  27.22  18.78  22.02  20.25  24.04  23.39  23.72  23.89  24.49  25.05  24.62 999.00  26.30  26.03  25.62  21.19  26.35  14.50  24.74   9.65  28.33  28.09  24.19  25.60  25.99  25.73  26.88  23.43  24.20  25.83
 wrfout_d04_2016-08-29_23:00:00 999.00  27.24  20.26  25.34  21.93  26.19  25.39  24.41  25.33  25.37  26.45  26.00 999.00  26.38  26.92  26.99  21.70  27.59  15.78  25.10  10.76  28.31  27.23  26.00  25.54  25.21  26.00  27.37  24.44  24.55  26.19
