 wrfout_d04_2016-09-01_00:00:00 999.00  27.90  22.65  28.70  24.21  28.65  28.16  28.69  28.81  29.17  29.20  28.77 999.00  29.00  28.60  29.20  24.12  29.02  17.75  27.68  12.53  28.28  27.68  28.14  28.96  28.79  28.70  29.60  26.60  27.37  28.87
 wrfout_d04_2016-09-01_01:00:00 999.00  27.99  23.72  30.28  25.40  30.34  30.52  28.54  30.61  30.38  30.19  29.98 999.00  30.57  30.23  30.57  25.70  29.75  18.82  28.94  13.66  28.39  28.42  28.71  30.43  30.29  29.84  30.45  28.12  28.12  29.73
 wrfout_d04_2016-09-01_02:00:00 999.00  28.21  24.99  30.42  26.74  31.43  31.21  28.95  30.90  30.16  31.10  30.52 999.00  31.94  31.56  31.14  26.65  30.33  19.68  30.12  14.21  28.53  28.76  29.31  31.93  31.44  30.78  31.11  29.92  28.67  30.43
 wrfout_d04_2016-09-01_03:00:00 999.00  28.34  24.81  31.13  26.53  32.52  32.24  29.13  31.72  30.11  31.50  30.46 999.00  30.92  32.84  31.40  27.33  30.76  20.09  31.32  14.44  28.66  29.06  29.54  32.71  32.07  31.03  31.51  30.99  29.07  30.88
 wrfout_d04_2016-09-01_04:00:00 999.00  28.45  24.98  31.26  26.74  32.96  32.32  29.29  31.93  30.08  31.52  30.52 999.00  30.64  32.98  31.50  28.03  30.98  20.24  32.31  14.33  28.73  29.13  29.54  33.21  32.39  30.95  31.74  31.44  29.47  31.14
 wrfout_d04_2016-09-01_05:00:00 999.00  28.44  25.08  31.00  26.77  31.74  32.43  29.52  32.16  30.12  31.31  30.07 999.00  31.78  34.41  31.61  28.47  31.09  20.20  33.04  14.07  28.79  29.19  29.54  33.29  32.50  31.21  32.00  31.55  29.63  31.14
 wrfout_d04_2016-09-01_06:00:00 999.00  28.32  24.94  30.87  26.58  30.66  32.91  30.09  32.79  30.05  31.02  28.65 999.00  32.00  35.00  31.62  28.60  31.05  19.86  33.24  13.70  28.85  29.29  29.50  33.33  32.54  31.66  31.97  31.60  29.54  31.23
 wrfout_d04_2016-09-01_07:00:00 999.00  28.23  25.42  30.49  27.21  30.38  32.91  29.75  32.71  30.71  30.54  28.05 999.00  31.87  35.04  31.43  28.26  30.89  19.20  32.87  12.93  28.91  29.29  29.30  32.96  32.20  31.73  31.86  31.05  29.21  31.08
 wrfout_d04_2016-09-01_08:00:00 999.00  28.22  24.88  29.08  26.87  30.10  32.68  29.09  32.43  30.05  30.01  28.34 999.00  31.29  34.40  31.02  27.56  30.54  18.21  32.20  12.26  28.97  29.36  28.91  32.31  31.60  31.24  31.66  30.02  28.78  30.28
 wrfout_d04_2016-09-01_09:00:00 999.00  28.38  23.73  28.49  25.57  30.11  31.00  28.67  31.87  29.28  29.45  28.67 999.00  30.72  33.20  30.42  26.25  30.04  17.18  31.11  11.25  29.04  29.39  28.34  31.54  30.97  30.54  31.28  28.60  28.04  29.93
 wrfout_d04_2016-09-01_10:00:00 999.00  28.41  22.65  26.95  23.72  28.88  29.75  28.14  30.51  28.70  28.78  28.27 999.00  30.22  31.60  29.80  24.06  29.48  15.72  29.92   9.88  29.10  29.38  27.74  30.53  30.21  29.98  30.89  27.08  27.39  29.70
 wrfout_d04_2016-09-01_11:00:00 999.00  28.45  22.44  26.70  23.32  28.22  29.59  28.01  29.46  28.48  28.20  28.04 999.00  30.11  30.45  29.42  22.99  29.27  15.57  29.12   9.94  29.14  29.34  27.49  30.09  29.87  29.73  30.69  26.74  27.36  29.52
 wrfout_d04_2016-09-01_12:00:00 999.00  28.53  22.37  26.39  23.09  27.84  29.22  28.04  29.31  28.52  27.94  28.00 999.00  29.77  29.66  29.18  22.75  29.16  15.72  28.40  10.06  29.17  29.33  27.19  29.89  29.72  29.48  30.56  26.62  27.27  29.42
 wrfout_d04_2016-09-01_13:00:00 999.00  28.61  21.50  26.84  22.16  27.86  28.99  27.46  29.10  28.25  27.82  28.85 999.00  29.53  29.23  29.03  22.47  29.10  15.82  27.86  10.24  29.19  29.29  26.87  29.79  29.63  29.08  30.43  26.53  27.24  29.27
 wrfout_d04_2016-09-01_14:00:00 999.00  28.62  21.49  26.03  22.25  27.75  28.84  27.15  28.86  28.77  27.79  28.27 999.00  29.23  28.85  28.88  21.99  29.03  15.81  27.58  10.33  29.19  29.23  26.61  29.66  29.54  28.54  30.37  26.50  27.21  29.11
 wrfout_d04_2016-09-01_15:00:00 999.00  28.58  21.36  25.88  22.18  27.31  28.97  27.12  28.94  28.43  27.49  27.74 999.00  28.94  28.48  28.65  21.67  28.95  15.78  27.47  10.43  29.16  29.18  26.44  29.34  29.42  28.07  30.16  26.45  27.15  28.92
 wrfout_d04_2016-09-01_16:00:00 999.00  28.48  21.11  25.80  22.06  26.95  28.33  26.98  28.26  27.44  27.20  27.32 999.00  28.74  28.26  28.46  21.55  28.87  15.71  27.25  10.39  29.14  29.16  26.17  28.88  29.22  27.88  29.92  26.50  27.10  28.72
 wrfout_d04_2016-09-01_17:00:00 999.00  28.45  21.04  25.86  21.89  26.77  27.99  26.76  27.92  27.02  27.04  27.08 999.00  28.59  28.14  28.28  21.36  28.80  15.62  27.27  10.17  29.12  29.16  25.93  28.40  28.98  27.66  29.91  26.37  27.06  28.66
 wrfout_d04_2016-09-01_18:00:00 999.00  28.42  20.85  25.44  21.59  26.54  27.48  26.54  27.19  26.46  26.73  26.47 999.00  28.54  28.03  28.18  21.14  28.76  15.50  27.15  10.16  29.09  29.12  25.73  28.19  29.08  27.55  29.79  26.46  27.02  28.54
 wrfout_d04_2016-09-01_19:00:00 999.00  28.34  20.99  25.22  21.49  26.43  27.08  27.22  27.06  25.99  26.53  26.67 999.00  28.46  27.97  28.11  20.77  28.72  15.25  27.09   9.97  29.09  29.12  25.57  28.20  28.93  27.58  29.83  26.45  26.99  28.58
 wrfout_d04_2016-09-01_20:00:00 999.00  28.28  20.66  24.92  21.41  26.38  26.69  25.82  26.68  25.73  26.61  26.22 999.00  28.38  27.89  28.11  20.57  28.68  15.08  27.05   9.78  29.07  29.20  25.50  28.00  28.69  27.51  29.70  26.46  26.96  28.45
 wrfout_d04_2016-09-01_21:00:00 999.00  28.33  20.57  24.79  21.26  26.38  26.39  26.65  26.38  25.89  26.52  26.16 999.00  28.32  27.73  28.06  20.41  28.65  15.16  27.14   9.88  29.10  29.23  25.46  28.07  28.62  27.52  29.72  25.91  26.97  28.51
 wrfout_d04_2016-09-01_22:00:00 999.00  28.39  21.73  25.96  22.91  26.42  27.07  27.69  26.58  27.59  27.28  26.63 999.00  28.35  27.85  28.09  21.05  28.67  15.46  27.16  10.27  29.10  29.34  25.93  28.46  29.08  27.48  29.79  26.09  27.10  28.59
 wrfout_d04_2016-09-01_23:00:00 999.00  28.31  23.29  28.88  24.85  27.92  27.88  28.78  27.98  28.91  28.25  28.15 999.00  29.25  28.58  28.84  22.96  29.27  16.69  27.45  11.46  29.12  29.44  27.94  28.86  29.33  28.49  29.99  27.98  27.69  28.81
