 wrfout_d04_2016-02-05_00:00:00 999.00  14.74   8.57  12.74   9.76  13.27  13.77  12.94  13.52  13.62  14.42  13.94 999.00  14.18  13.61  17.10  14.64  13.73   9.41  12.43   2.84  15.14  15.68  17.62  14.91  15.12  19.97  17.11  18.90  18.70  20.15
 wrfout_d04_2016-02-05_01:00:00 999.00  14.86   8.56  12.90  10.16  13.47  13.90  13.17  13.54  13.67  14.57  13.93 999.00  14.73  15.37  17.39  16.59  13.76  10.64  14.23   3.07  14.83  15.67  17.85  15.21  15.59  20.41  18.33  19.55  19.03  21.02
 wrfout_d04_2016-02-05_02:00:00 999.00  14.47   8.54  13.27  10.31  13.43  14.21  13.11  13.71  13.83  15.01  14.03 999.00  14.53  17.07  17.87  18.37  14.02  11.65  15.89   3.31  14.84  15.48  17.92  17.27  17.39  20.60  20.48  19.67  19.67  22.40
 wrfout_d04_2016-02-05_03:00:00 999.00  14.33   8.46  13.32  10.24  13.39  14.54  12.94  13.94  13.62  15.34  14.18 999.00  14.69  17.83  17.10  19.31  14.07  12.28  17.00   3.47  14.88  16.24  18.02  18.78  18.82  19.97  21.46  19.15  20.73  22.35
 wrfout_d04_2016-02-05_04:00:00 999.00  14.44   8.32  13.44  10.29  13.48  14.84  12.90  14.11  13.53  15.47  14.27 999.00  14.67  18.13  16.90  19.91  14.16  12.77  17.84   4.94  14.75  16.41  18.03  19.74  19.91  20.82  22.61  18.21  19.04  22.10
 wrfout_d04_2016-02-05_05:00:00 999.00  14.64   8.20  13.24  10.18  13.34  14.79  12.87  14.28  13.61  15.06  14.06 999.00  14.88  18.26  16.87  19.91  13.98  12.79  18.47   5.56  14.85  16.32  17.83  20.20  20.27  20.56  23.55  17.71  18.75  22.04
 wrfout_d04_2016-02-05_06:00:00 999.00  14.50   8.15  13.07   9.85  13.32  14.61  12.82  14.17  13.45  14.81  13.94 999.00  14.95  17.92  16.81  18.92  13.88  12.51  17.78   5.74  14.83  16.26  17.33  19.91  20.15  19.31  23.79  17.47  18.24  21.57
 wrfout_d04_2016-02-05_07:00:00 999.00  14.44   8.07  12.73   9.58  13.23  14.56  12.54  14.11  13.17  14.54  13.82 999.00  14.49  17.28  16.31  18.37  13.67  11.86  17.27   5.17  14.60  15.99  16.85  19.37  19.63  18.77  23.86  17.06  17.96  21.01
 wrfout_d04_2016-02-05_08:00:00 999.00  14.13   7.90  12.52   9.14  13.41  14.33  12.42  13.81  12.82  14.17  13.65 999.00  14.04  16.20  16.00  17.15  13.32  10.94  16.21   4.28  14.35  15.54  16.27  18.23  18.41  18.47  23.57  16.57  17.67  20.25
 wrfout_d04_2016-02-05_09:00:00 999.00  13.88   7.78  12.18   8.92  13.46  14.10  12.39  13.50  12.83  13.98  13.26 999.00  13.33  14.43  15.87  15.00  13.49   8.99  14.61   2.77  14.25  15.11  15.47  16.58  16.72  18.06  22.30  16.28  17.46  19.64
 wrfout_d04_2016-02-05_10:00:00 999.00  13.81   7.54  12.10   8.39  13.06  13.77  12.33  13.26  12.48  13.95  12.84 999.00  13.21  13.12  15.94  11.73  13.34   4.47  12.74   0.77  14.44  14.78  14.97  14.58  14.70  17.31  20.11  15.91  17.38  18.84
 wrfout_d04_2016-02-05_11:00:00 999.00  13.70   7.42  11.85   8.32  12.67  13.48  12.50  12.95  12.17  13.76  12.65 999.00  13.14  12.90  15.82  10.36  13.15   3.88  11.86   0.82  14.60  14.54  14.76  13.86  13.88  16.79  17.57  15.72  17.19  18.40
 wrfout_d04_2016-02-05_12:00:00 999.00  13.39   7.15  11.56   8.13  12.22  13.23  12.45  12.65  12.28  13.55  12.45 999.00  13.02  12.72  15.64   9.92  13.00   5.19  11.73   0.84  14.37  14.41  14.57  13.43  13.42  16.41  16.07  15.37  16.92  18.19
 wrfout_d04_2016-02-05_13:00:00 999.00  13.14   6.71  11.17   7.46  11.96  12.97  12.49  12.47  12.24  13.29  12.15 999.00  13.25  12.58  15.46   9.78  12.97   4.75  11.48   0.32  14.54  14.19  14.46  12.99  12.98  15.88  15.80  15.14  16.88  18.05
 wrfout_d04_2016-02-05_14:00:00 999.00  13.02   6.38  10.92   7.38  11.66  12.61  12.15  12.23  11.97  12.98  11.83 999.00  13.09  12.59  15.34   9.48  12.82   4.67  11.83   0.30  14.54  14.27  14.52  13.46  13.29  15.75  15.18  14.94  16.70  17.61
 wrfout_d04_2016-02-05_15:00:00 999.00  12.95   6.06  10.62   7.09  11.37  12.27  12.09  11.89  11.71  12.60  11.58 999.00  12.95  12.12  15.09   9.19  12.79   4.15  11.76   0.26  15.00  14.38  14.16  13.27  13.15  15.51  14.92  14.83  16.58  17.25
 wrfout_d04_2016-02-05_16:00:00 999.00  12.86   5.71  10.36   6.76  11.17  12.36  11.79  11.46  11.47  12.25  11.33 999.00  12.60  11.51  14.77   8.74  13.30   3.74  11.70  -0.05  14.87  14.34  14.17  13.56  13.50  15.37  14.95  14.59  16.48  16.86
 wrfout_d04_2016-02-05_17:00:00 999.00  12.77   5.38  10.16   6.48  11.13  12.13  11.60  11.27  11.24  11.98  11.11 999.00  12.43  11.33  14.38   8.58  13.02   3.62  11.20  -0.45  14.59  14.35  14.08  13.39  13.34  15.37  14.85  14.58  16.35  16.31
 wrfout_d04_2016-02-05_18:00:00 999.00  12.66   5.13  10.06   6.26  11.02  11.67  11.46  10.98  11.02  11.67  10.80 999.00  12.17  11.26  14.03   8.56  12.82   3.34  10.73  -0.89  14.56  14.25  13.86  12.92  12.94  15.15  14.74  14.45  16.23  16.04
 wrfout_d04_2016-02-05_19:00:00 999.00  12.51   4.86   9.86   5.99  10.83  11.31  11.27  10.71  10.88  11.28  10.38 999.00  11.96  11.04  13.91   8.28  12.51   3.02  10.47  -1.43  14.50  14.29  13.55  12.31  11.99  14.86  14.32  14.31  16.02  15.69
 wrfout_d04_2016-02-05_20:00:00 999.00  12.35   4.59   9.64   5.74  10.64  11.06  11.00  10.54  10.81  11.01  10.16 999.00  11.77  10.62  13.77   8.02  12.25   2.99  10.13  -1.98  14.41  14.24  13.32  12.11  12.02  14.48  13.67  14.11  15.47  15.41
 wrfout_d04_2016-02-05_21:00:00 999.00  12.23   4.36   8.83   5.18  10.51  10.75  10.25  10.33  10.53  10.81  10.04 999.00  11.59  10.32  13.48   7.66  12.02   2.76   9.77  -2.37  14.02  14.07  13.05  11.85  11.91  14.06  13.37  13.93  15.44  15.06
 wrfout_d04_2016-02-05_22:00:00 999.00  12.15   4.09   8.41   4.87  10.34  10.20  10.32   9.98   9.77  10.60   9.76 999.00  11.30  10.06  13.14   7.33  11.79   3.41   9.40  -2.62  13.82  13.93  12.84  11.69  11.58  14.00  13.14  13.58  15.40  14.82
 wrfout_d04_2016-02-05_23:00:00 999.00  12.11   4.04   8.71   4.97  10.20  10.09  10.14   9.90   9.46  10.50   9.62 999.00  10.91   9.86  13.07   7.64  11.67   3.21   9.43  -2.35  13.85  13.59  12.66  11.66  11.64  14.03  13.11  13.29  15.40  14.89
