 wrfout_d04_2016-05-25_00:00:00 999.00  24.31  23.19  26.39  24.08  24.32  25.65  26.30  25.59  25.50  26.60  26.45 999.00  28.18  27.45  26.68  24.11  27.55  18.16  27.07  13.86  26.90  26.82  27.70  28.64  28.64  29.12  29.20  27.66  27.65  28.39
 wrfout_d04_2016-05-25_01:00:00 999.00  24.28  23.09  26.47  24.49  24.71  26.07  26.26  26.32  28.17  27.47  27.19 999.00  27.78  28.14  28.41  24.08  28.43  19.12  28.35  14.79  26.97  27.51  28.15  30.32  30.05  29.91  29.94  28.57  28.33  29.30
 wrfout_d04_2016-05-25_02:00:00 999.00  24.23  23.37  27.24  25.10  25.12  27.56  27.34  28.18  29.41  27.66  27.04 999.00  28.04  30.18  29.21  25.94  29.09  19.98  29.61  15.57  27.06  27.61  28.53  31.05  31.17  30.26  30.57  29.75  28.87  29.95
 wrfout_d04_2016-05-25_03:00:00 999.00  24.21  23.67  29.05  26.14  25.07  29.39  27.56  28.96  29.99  27.93  27.33 999.00  29.86  31.37  29.77  27.46  29.52  20.23  30.52  15.59  27.11  27.56  28.72  32.41  31.72  30.40  31.06  30.26  29.35  30.40
 wrfout_d04_2016-05-25_04:00:00 999.00  24.25  24.94  29.14  27.16  24.97  29.40  27.62  30.56  30.65  27.62  27.91 999.00  30.13  32.56  29.29  26.97  29.21  20.45  31.24  15.54  27.14  27.59  28.83  33.12  31.94  30.43  31.42  29.35  29.59  30.82
 wrfout_d04_2016-05-25_05:00:00 999.00  24.36  25.02  29.80  27.37  25.20  29.85  27.89  30.45  30.41  27.40  28.26 999.00  29.94  32.86  28.94  27.06  29.80  20.04  31.66  15.05  27.16  27.79  28.53  33.31  31.89  30.56  31.48  29.32  29.63  31.20
 wrfout_d04_2016-05-25_06:00:00 999.00  24.43  24.96  29.21  26.80  25.24  29.68  27.99  29.16  30.49  27.37  27.88 999.00  29.84  33.10  28.77  27.77  29.81  19.21  31.75  14.55  27.17  27.92  28.61  33.05  31.72  30.49  31.50  29.29  29.44  31.28
 wrfout_d04_2016-05-25_07:00:00 999.00  24.45  24.33  29.12  26.30  25.35  29.51  27.70  29.13  29.39  26.72  26.32 999.00  29.42  32.35  28.02  27.02  29.51  18.48  31.26  13.13  27.18  28.00  28.14  32.79  31.66  30.26  31.31  29.00  29.09  31.21
 wrfout_d04_2016-05-25_08:00:00 999.00  24.44  23.74  28.55  25.47  25.44  29.05  27.26  28.88  29.43  26.24  25.80 999.00  29.05  31.49  27.53  26.73  29.03  18.08  30.60  12.52  27.15  28.08  27.66  32.14  31.06  29.91  30.84  28.52  28.53  30.67
 wrfout_d04_2016-05-25_09:00:00 999.00  24.39  23.61  27.76  24.86  25.59  28.37  26.45  28.59  28.93  25.85  25.76 999.00  28.55  30.87  27.37  26.07  28.51  17.41  29.85  12.15  27.16  28.16  27.06  30.77  29.85  29.27  30.49  27.78  27.07  30.07
 wrfout_d04_2016-05-25_10:00:00 999.00  24.32  22.33  26.77  23.34  24.70  27.23  25.61  27.30  28.39  25.47  25.62 999.00  27.71  29.98  26.99  24.38  27.76  16.35  28.47  11.05  27.20  28.15  26.56  29.49  29.02  28.82  29.96  26.78  26.59  29.49
 wrfout_d04_2016-05-25_11:00:00 999.00  24.24  21.09  25.35  21.88  23.98  26.43  24.84  26.53  27.68  25.41  25.32 999.00  26.93  28.79  26.76  22.82  27.20  15.09  27.24   9.77  27.23  28.09  26.39  28.73  28.47  28.43  29.62  25.74  26.27  29.23
 wrfout_d04_2016-05-25_12:00:00 999.00  24.27  20.84  25.01  21.65  23.71  26.10  24.62  25.98  27.09  25.30  25.09 999.00  26.60  28.25  26.57  21.90  26.92  15.19  26.66  10.17  27.24  28.00  26.35  28.36  28.24  28.36  29.66  25.29  25.92  29.10
 wrfout_d04_2016-05-25_13:00:00 999.00  24.30  20.65  24.77  21.49  23.63  25.75  24.35  25.64  26.74  25.11  25.04 999.00  26.61  27.92  26.49  21.33  26.73  15.31  26.06  10.18  27.23  27.86  26.38  28.23  28.16  28.15  29.60  25.37  25.58  29.09
 wrfout_d04_2016-05-25_14:00:00 999.00  24.35  20.58  24.65  21.47  23.58  25.55  23.97  25.19  27.29  24.87  24.96 999.00  26.61  27.68  26.40  20.96  26.60  15.33  25.81  10.30  27.20  27.69  26.01  28.14  28.10  27.88  29.56  25.13  25.65  29.00
 wrfout_d04_2016-05-25_15:00:00 999.00  24.36  20.12  24.05  21.08  23.49  25.34  23.69  24.96  26.45  25.04  24.94 999.00  26.64  27.17  26.28  20.64  26.46  15.30  25.58  10.43  27.14  27.46  25.56  27.95  28.12  27.59  29.53  24.95  25.45  28.77
 wrfout_d04_2016-05-25_16:00:00 999.00  24.42  20.29  24.03  21.16  23.59  25.11  23.67  24.87  25.68  24.47  24.71 999.00  26.80  26.47  26.25  20.40  26.40  15.13  25.41  10.27  27.05  27.34  25.65  27.83  28.23  27.24  29.28  24.83  25.03  28.50
 wrfout_d04_2016-05-25_17:00:00 999.00  24.45  20.17  23.86  21.04  23.56  24.98  23.47  24.52  25.26  24.14  24.64 999.00  26.63  26.19  26.37  20.17  26.35  15.18  25.08  11.26  27.00  27.17  25.41  27.59  28.18  27.21  29.40  24.22  24.91  28.39
 wrfout_d04_2016-05-25_18:00:00 999.00  24.46  20.01  23.74  20.88  23.17  24.93  23.25  24.35  24.57  23.78  24.61 999.00  26.46  26.06  26.36  20.15  26.35  15.35  24.77  11.32  27.08  26.99  25.12  27.53  28.08  27.02  29.52  24.17  24.77  28.25
 wrfout_d04_2016-05-25_19:00:00 999.00  24.49  19.71  23.52  20.62  23.01  24.65  23.03  24.14  24.41  23.43  24.25 999.00  26.34  26.04  26.18  19.92  26.30  15.44  24.74  11.45  27.16  26.91  25.12  27.21  27.92  26.85  29.33  24.06  24.73  28.05
 wrfout_d04_2016-05-25_20:00:00 999.00  24.55  19.45  23.34  20.27  22.59  24.33  22.87  23.90  23.99  23.16  24.06 999.00  26.16  25.99  26.24  19.97  26.37  15.64  24.82  10.89  27.29  26.73  24.94  27.24  27.75  26.72  29.14  23.93  24.67  27.74
 wrfout_d04_2016-05-25_21:00:00 999.00  24.62  19.43  23.17  20.29  22.70  23.91  22.90  23.70  23.55  23.02  23.89 999.00  26.01  25.80  25.87  19.98  26.48  15.51  24.84  10.87  27.47  26.30  24.87  26.87  27.42  26.59  28.89  23.86  24.65  27.69
 wrfout_d04_2016-05-25_22:00:00 999.00  24.68  21.32  25.11  22.51  24.41  24.55  23.92  24.86  24.23  24.13  25.03 999.00  26.18  25.96  26.33  21.82  26.77  16.34  24.92  11.77  27.63  25.92  26.21  27.16  27.48  26.82  29.15  25.53  26.14  27.94
 wrfout_d04_2016-05-25_23:00:00 999.00  24.72  22.98  26.65  23.95  26.66  25.91  25.78  26.56  26.16  25.91  25.32 999.00  27.13  26.91  27.39  23.32  27.74  17.70  26.35  13.11  27.73  26.42  26.82  28.71  28.82  28.30  29.99  27.12  28.20  29.00
