 wrfout_d04_2016-04-22_00:00:00 999.00  21.98  22.01  24.86  22.95  26.54  27.04  21.60  27.73  22.35  27.10  25.30 999.00  27.23  27.33  27.82  24.85  24.39  16.97  26.04  10.81  24.31  25.57  27.77  27.42  27.69  28.97  29.35  27.76  27.42  28.01
 wrfout_d04_2016-04-22_01:00:00 999.00  22.02  22.86  25.48  23.77  27.73  28.98  21.59  28.74  22.51  27.94  26.36 999.00  28.24  29.08  28.48  26.20  25.79  18.03  27.74  11.67  24.47  26.14  28.41  30.07  30.12  29.63  30.24  28.37  28.12  28.89
 wrfout_d04_2016-04-22_02:00:00 999.00  22.01  23.62  26.30  24.55  26.92  29.70  22.35  29.29  24.95  28.37  27.40 999.00  28.66  30.64  29.10  27.03  27.24  18.67  29.12  12.16  24.67  26.28  28.97  31.66  31.23  29.91  30.74  28.69  28.63  29.52
 wrfout_d04_2016-04-22_03:00:00 999.00  22.02  24.37  26.78  25.25  25.92  30.36  24.11  30.01  25.76  28.31  25.77 999.00  29.02  32.05  29.11  27.67  27.92  19.20  30.51  12.42  24.78  26.24  29.05  32.73  31.78  30.16  30.96  28.81  29.03  30.23
 wrfout_d04_2016-04-22_04:00:00 999.00  21.61  25.16  27.18  25.96  25.34  30.87  24.18  30.63  26.88  28.63  24.46 999.00  29.06  32.95  28.95  28.17  28.11  19.38  31.57  12.58  24.80  26.10  28.86  33.16  31.91  30.17  30.88  28.94  29.23  30.51
 wrfout_d04_2016-04-22_05:00:00 999.00  21.01  25.29  27.15  26.21  25.96  30.91  24.44  31.14  27.37  28.42  23.90 999.00  28.92  32.92  29.03  28.57  28.16  19.19  31.87  12.25  24.83  25.98  28.53  33.14  31.83  30.11  30.83  29.12  29.25  30.63
 wrfout_d04_2016-04-22_06:00:00 999.00  21.14  24.91  26.88  25.98  26.43  30.47  24.51  30.50  27.43  26.22  23.71 999.00  28.46  32.53  29.21  28.53  28.18  18.85  31.70  11.86  24.95  26.01  28.26  32.82  31.57  30.05  30.68  29.49  29.05  30.60
 wrfout_d04_2016-04-22_07:00:00 999.00  21.29  24.46  26.73  25.30  25.65  30.05  24.58  30.55  27.12  25.57  25.07 999.00  28.17  31.94  28.71  28.01  28.06  18.17  31.00  11.24  25.13  26.08  27.74  32.31  31.17  30.15  30.45  29.75  28.64  30.28
 wrfout_d04_2016-04-22_08:00:00 999.00  21.43  23.46  26.13  24.31  25.05  29.18  24.03  29.94  26.54  25.51  24.13 999.00  27.89  31.27  28.12  27.13  27.70  17.13  30.01  10.51  25.31  26.16  27.14  31.45  30.49  30.04  30.07  29.74  28.09  29.95
 wrfout_d04_2016-04-22_09:00:00 999.00  21.61  22.48  25.47  23.37  24.41  28.47  23.56  29.10  25.14  24.72  24.20 999.00  27.37  30.38  27.73  25.82  27.12  15.85  28.97   9.36  25.45  26.23  26.93  30.35  29.59  29.34  29.58  29.03  27.25  29.33
 wrfout_d04_2016-04-22_10:00:00 999.00  22.00  20.90  24.04  21.72  23.70  27.50  22.36  27.62  23.80  24.22  23.61 999.00  26.74  29.27  27.16  23.60  26.31  14.20  27.79   7.77  25.46  26.35  26.16  29.32  28.59  28.36  28.93  26.25  25.97  28.35
 wrfout_d04_2016-04-22_11:00:00 999.00  22.38  19.83  23.09  20.37  23.59  26.80  22.04  26.96  23.04  24.16  23.66 999.00  26.66  28.40  26.57  21.93  25.75  13.54  27.07   7.46  25.00  26.46  25.79  28.52  27.97  27.63  28.64  24.54  25.55  27.83
 wrfout_d04_2016-04-22_12:00:00 999.00  22.34  19.31  22.73  20.05  23.65  26.12  21.84  26.50  23.06  24.32  23.97 999.00  26.72  28.00  26.69  21.16  25.36  13.51  26.98   7.42  24.63  26.50  25.65  28.29  27.74  27.20  28.57  24.04  25.31  27.56
 wrfout_d04_2016-04-22_13:00:00 999.00  22.24  18.93  22.54  19.73  23.61  25.77  21.83  26.15  23.10  24.11  23.56 999.00  26.79  27.56  26.30  20.55  24.36  13.13  26.65   7.35  24.82  26.38  25.48  28.03  27.52  26.93  28.48  23.38  25.13  27.27
 wrfout_d04_2016-04-22_14:00:00 999.00  22.22  18.70  22.50  19.72  23.22  26.56  21.38  25.71  23.77  24.04  23.26 999.00  26.88  27.48  26.10  20.11  23.97  12.67  26.28   7.29  24.65  26.37  25.24  27.83  27.38  26.72  28.18  22.98  24.99  27.00
 wrfout_d04_2016-04-22_15:00:00 999.00  22.20  18.72  22.12  19.65  22.63  25.51  21.04  25.10  23.08  24.04  23.07 999.00  26.80  27.12  26.08  19.83  24.01  11.75  25.71   7.10  24.64  26.43  24.59  27.64  27.15  26.51  27.86  22.57  24.93  26.72
 wrfout_d04_2016-04-22_16:00:00 999.00  22.15  18.17  21.57  19.04  22.50  24.83  21.04  24.57  22.56  23.64  22.84 999.00  26.62  26.60  25.87  19.52  24.11  10.94  25.22   6.93  24.65  26.48  24.30  27.24  26.84  26.33  27.59  22.21  24.79  26.42
 wrfout_d04_2016-04-22_17:00:00 999.00  22.08  17.95  20.49  18.75  23.15  24.33  20.84  24.42  22.19  23.25  22.52 999.00  26.30  26.28  25.53  19.21  24.23  10.64  24.98   6.74  25.08  26.32  24.01  26.82  26.53  26.13  27.46  21.84  24.67  26.22
 wrfout_d04_2016-04-22_18:00:00 999.00  22.15  18.74  20.47  18.52  22.81  23.68  20.76  23.90  21.87  22.87  22.38 999.00  26.04  25.93  25.22  18.76  24.42  10.41  24.85   6.73  25.73  26.22  23.71  26.56  26.39  25.70  27.32  21.53  24.57  25.88
 wrfout_d04_2016-04-22_19:00:00 999.00  22.25  18.97  20.48  18.30  22.50  23.12  20.87  23.50  21.56  22.62  22.24 999.00  25.80  25.60  25.11  18.47  24.25  10.98  24.72   6.85  25.84  26.09  23.45  25.95  26.03  25.41  27.27  21.30  24.44  25.62
 wrfout_d04_2016-04-22_20:00:00 999.00  21.91  19.38  20.78  18.34  22.31  22.91  20.81  23.47  21.37  22.32  22.28 999.00  25.52  25.42  25.15  18.21  24.95  12.06  24.47   7.04  25.87  25.93  23.26  25.30  25.36  25.19  27.12  20.96  24.42  25.32
 wrfout_d04_2016-04-22_21:00:00 999.00  21.25  19.41  20.95  18.37  22.26  22.71  20.68  23.12  21.05  22.20  22.30 999.00  25.30  25.28  25.34  18.00  25.07  12.61  24.41   7.42  25.90  25.47  23.28  25.05  24.86  25.04  26.97  20.76  24.53  25.23
 wrfout_d04_2016-04-22_22:00:00 999.00  20.96  19.78  22.31  19.63  22.82  23.02  21.39  23.32  21.63  23.30  23.15 999.00  25.49  25.32  25.53  19.29  25.29  13.61  24.67   8.09  25.91  25.49  24.57  24.98  24.68  25.09  27.00  22.12  25.06  25.42
 wrfout_d04_2016-04-22_23:00:00 999.00  21.04  20.76  25.43  21.75  23.66  24.41  23.51  24.64  23.93  24.72  24.82 999.00  26.53  26.24  26.37  24.12  26.14  15.51  25.53   9.72  25.97  26.09  25.83  26.38  26.41  26.63  28.04  25.82  26.34  26.98
