 wrfout_d04_2016-01-11_00:00:00 999.00  19.50  15.01  18.22  16.08  18.54  19.11  17.87  18.90  17.90  21.45  21.22 999.00  17.44  17.66  23.02  16.79  18.58  10.02  15.87   5.23  19.91  19.77  22.99  17.56  17.77  24.55  20.94  22.31  23.72  23.09
 wrfout_d04_2016-01-11_01:00:00 999.00  19.46  15.21  18.46  16.24  18.76  19.10  17.93  19.01  17.59  22.58  22.11 999.00  17.39  17.72  23.37  18.09  18.37  12.14  16.87   6.32  19.87  20.42  24.16  18.04  18.14  25.59  22.76  23.92  24.74  24.26
 wrfout_d04_2016-01-11_02:00:00 999.00  19.28  14.97  18.24  16.06  18.74  19.24  17.98  19.01  17.58  22.78  21.78 999.00  17.92  17.84  23.65  18.07  18.17  12.16  16.84   6.27  19.98  20.02  24.97  18.66  18.92  26.41  22.48  25.09  25.46  25.17
 wrfout_d04_2016-01-11_03:00:00 999.00  19.18  14.79  18.22  15.98  18.66  19.01  18.14  19.36  18.05  22.32  21.87 999.00  17.94  18.26  23.69  16.65  18.09  11.49  17.11   5.59  19.73  19.75  24.69  18.62  18.73  26.97  23.16  25.50  25.89  25.62
 wrfout_d04_2016-01-11_04:00:00 999.00  19.01  14.25  17.85  15.38  18.25  18.85  17.92  19.04  17.93  21.68  21.63 999.00  17.72  18.07  23.38  17.37  17.95  10.69  16.77   5.43  19.26  19.66  25.07  18.23  18.42  27.49  23.47  25.98  26.07  25.54
 wrfout_d04_2016-01-11_05:00:00 999.00  18.84  13.95  17.41  15.07  18.05  18.48  17.83  18.47  17.96  21.24  20.98 999.00  17.70  17.79  23.00  16.14  18.13  10.34  17.08   5.50  19.46  19.83  25.97  18.37  18.35  28.20  23.21  26.64  26.06  25.96
 wrfout_d04_2016-01-11_06:00:00 999.00  18.56  13.64  17.26  14.71  17.68  18.27  17.68  18.19  17.88  20.56  19.64 999.00  17.35  18.21  22.84  15.44  17.85  10.36  17.41   5.51  19.27  19.51  26.07  18.87  18.88  28.50  22.41  26.55  26.03  25.45
 wrfout_d04_2016-01-11_07:00:00 999.00  18.42  13.32  17.21  14.25  17.44  18.02  17.45  18.00  17.40  20.34  19.39 999.00  17.20  17.36  22.63  15.48  17.88  10.26  17.22   5.49  19.30  19.31  25.86  18.93  19.12  28.68  23.13  26.12  25.26  24.89
 wrfout_d04_2016-01-11_08:00:00 999.00  18.44  13.17  16.89  14.07  17.36  17.75  17.12  17.77  16.98  19.56  19.09 999.00  17.44  17.26  22.61  15.53  17.75  10.12  16.55   5.34  19.36  19.22  25.51  18.87  18.96  28.98  22.75  24.54  24.42  23.75
 wrfout_d04_2016-01-11_09:00:00 999.00  18.34  12.88  16.60  13.76  17.05  17.41  17.10  17.41  16.95  18.91  18.46 999.00  17.23  16.92  22.36  15.01  17.46  10.17  16.83   5.20  18.50  19.30  22.67  18.56  18.74  28.37  22.23  22.59  22.97  22.82
 wrfout_d04_2016-01-11_10:00:00 999.00  18.21  12.51  16.18  13.47  16.90  17.09  16.71  17.11  16.93  18.67  18.18 999.00  16.97  16.33  21.83  15.32  17.60   9.83  16.75   5.05  19.00  19.05  22.13  18.23  18.39  25.26  21.46  21.64  22.06  22.50
 wrfout_d04_2016-01-11_11:00:00 999.00  18.03  12.21  15.99  13.08  16.56  16.81  16.51  16.74  16.48  18.40  18.05 999.00  16.88  16.68  21.29  15.35  17.75   9.91  16.66   4.96  18.89  19.18  21.37  17.98  18.11  24.16  20.85  21.35  21.89  21.85
 wrfout_d04_2016-01-11_12:00:00 999.00  17.98  12.02  16.00  12.96  16.50  16.60  16.24  16.54  16.33  18.00  17.76 999.00  16.60  16.71  20.94  15.10  17.71   9.67  16.49   4.70  19.18  19.11  20.86  17.82  17.79  23.60  20.59  20.23  21.99  21.65
 wrfout_d04_2016-01-11_13:00:00 999.00  18.11  12.17  15.99  13.02  16.47  16.39  16.52  16.41  16.37  17.81  17.31 999.00  16.78  16.63  20.70  15.08  17.53   9.93  16.24   4.61  18.93  19.10  20.66  17.88  17.96  22.95  20.05  20.51  22.26  21.19
 wrfout_d04_2016-01-11_14:00:00 999.00  18.08  11.90  15.88  12.87  16.37  16.16  16.59  16.24  16.28  17.78  17.16 999.00  16.66  16.13  20.41  14.87  18.23   9.72  16.14   4.55  19.24  19.16  20.16  17.79  17.87  22.49  19.75  20.26  22.93  20.54
 wrfout_d04_2016-01-11_15:00:00 999.00  18.55  12.02  15.87  12.86  16.53  15.98  16.66  16.15  16.12  17.63  17.19 999.00  16.96  16.48  20.34  14.82  17.80   9.58  15.72   4.34  19.41  18.67  19.97  17.29  17.38  21.81  19.55  19.88  22.64  20.37
 wrfout_d04_2016-01-11_16:00:00 999.00  18.54  11.88  16.00  12.79  16.55  15.99  16.37  16.14  16.09  17.61  17.15 999.00  16.88  16.31  19.98  14.74  17.29   9.58  15.29   3.91  19.38  18.88  19.92  17.33  17.39  21.16  19.38  19.41  22.14  20.40
 wrfout_d04_2016-01-11_17:00:00 999.00  18.42  11.87  15.76  12.75  16.53  15.85  16.64  16.04  15.97  17.47  17.04 999.00  17.05  16.48  19.82  14.18  17.28   9.51  15.25   3.55  19.01  18.82  19.38  17.27  17.32  20.79  18.84  19.81  21.84  20.94
 wrfout_d04_2016-01-11_18:00:00 999.00  18.18  11.56  15.54  12.38  16.07  15.75  16.18  15.93  15.88  17.37  16.80 999.00  16.82  16.42  19.73  14.39  17.40   9.37  14.89   3.33  18.85  18.94  19.30  16.88  16.97  20.87  18.67  18.73  21.95  20.62
 wrfout_d04_2016-01-11_19:00:00 999.00  17.86  11.32  15.47  12.13  15.91  15.67  16.12  15.66  15.74  17.05  16.51 999.00  16.60  16.18  19.80  13.78  17.31   8.06  14.87   3.11  18.42  19.13  19.27  16.75  16.80  20.31  18.45  19.36  21.87  20.84
 wrfout_d04_2016-01-11_20:00:00 999.00  17.81  11.22  15.30  11.99  15.76  15.65  16.48  15.56  15.55  16.74  16.30 999.00  16.64  15.61  19.75  12.36  17.09   8.08  14.53   2.94  19.22  19.09  18.98  16.60  16.82  20.06  18.05  18.18  21.82  20.87
 wrfout_d04_2016-01-11_21:00:00 999.00  17.71  11.01  15.16  11.89  15.66  15.36  16.17  15.60  15.80  16.54  16.15 999.00  15.98  15.43  19.69  12.28  16.72   6.02  14.50   2.84  18.93  19.04  18.88  16.53  16.56  20.32  17.86  18.11  21.70  20.78
 wrfout_d04_2016-01-11_22:00:00 999.00  17.82  10.91  15.19  11.77  15.72  15.11  16.38  15.20  15.75  16.40  15.95 999.00  16.77  15.08  19.50  12.21  16.83   7.05  14.65   2.71  19.00  18.99  18.65  16.59  16.61  20.39  18.07  18.89  21.54  20.81
 wrfout_d04_2016-01-11_23:00:00 999.00  17.81  10.81  15.22  11.81  15.89  14.98  16.27  15.04  15.70  16.28  15.90 999.00  16.31  15.39  19.33  12.94  16.69   8.05  14.40   2.68  18.39  18.60  18.81  16.39  16.42  20.43  18.08  18.73  21.56  20.86
