 wrfout_d04_2016-09-19_00:00:00 999.00  26.62  20.69  25.46  22.19  25.99  26.79  25.91  26.34  27.02  26.92  26.56 999.00  27.26  26.79  26.48  22.99  28.38  16.39  25.01  10.16  27.61  26.64  26.60  26.32  26.50  27.09  28.71  24.53  25.28  26.35
 wrfout_d04_2016-09-19_01:00:00 999.00  26.53  21.18  25.51  22.81  26.15  27.25  25.99  26.67  27.67  27.64  27.02 999.00  28.47  28.52  27.83  25.30  28.94  17.50  26.43  10.71  27.79  27.31  27.32  28.25  28.25  27.48  29.50  25.43  25.22  26.54
 wrfout_d04_2016-09-19_02:00:00 999.00  26.49  21.60  26.43  23.38  27.01  28.21  26.22  27.66  28.23  28.84  27.72 999.00  29.34  29.61  27.91  26.99  29.36  18.24  28.07  11.16  27.73  27.90  27.71  29.65  29.79  28.05  29.92  26.45  25.01  26.02
 wrfout_d04_2016-09-19_03:00:00 999.00  26.46  21.99  25.70  23.76  26.78  29.00  26.12  28.17  28.50  29.98  28.29 999.00  29.38  30.47  28.04  26.37  29.62  17.70  29.72  10.62  27.79  28.32  28.01  30.93  31.21  29.29  29.75  26.15  24.87  26.70
 wrfout_d04_2016-09-19_04:00:00 999.00  26.41  21.46  25.50  23.54  26.35  28.78  26.14  28.70  28.18  29.77  28.54 999.00  29.46  30.82  28.31  27.03  29.63  18.28  30.39  11.26  27.74  28.76  27.20  31.83  31.93  29.31  29.45  26.13  24.43  27.30
 wrfout_d04_2016-09-19_05:00:00 999.00  26.43  21.11  25.95  23.16  26.07  28.02  26.00  28.21  26.50  29.83  27.33 999.00  28.84  31.35  28.79  26.84  29.52  18.49  31.09  11.23  27.70  28.62  27.80  32.54  32.65  28.77  29.89  25.74  24.39  28.86
 wrfout_d04_2016-09-19_06:00:00 999.00  26.41  21.32  25.93  22.88  26.08  27.80  26.59  27.50  26.56  29.78  27.54 999.00  28.81  31.19  28.80  26.44  29.30  17.91  31.27  10.39  27.54  28.34  26.91  32.42  32.47  28.78  29.62  26.11  24.90  28.76
 wrfout_d04_2016-09-19_07:00:00 999.00  26.30  20.71  25.74  22.17  26.00  27.72  26.20  27.47  27.14  29.10  26.40 999.00  27.99  29.32  27.62  25.83  28.92  16.93  30.88  10.28  27.48  28.32  25.51  32.08  31.98  27.70  29.65  25.28  25.06  28.43
 wrfout_d04_2016-09-19_08:00:00 999.00  26.70  20.23  25.20  21.51  26.34  27.04  25.75  26.98  26.72  27.99  25.94 999.00  27.29  28.52  27.23  24.94  28.28  16.55  29.87   9.96  27.50  28.29  25.65  30.79  30.71  27.50  29.55  26.19  25.31  28.00
 wrfout_d04_2016-09-19_09:00:00 999.00  26.56  19.76  24.65  20.93  25.93  26.52  25.35  26.46  25.93  26.84  25.64 999.00  26.96  27.18  26.74  23.99  27.57  15.81  28.58   9.56  27.44  28.20  25.57  29.91  30.01  26.93  29.26  25.10  25.10  27.64
 wrfout_d04_2016-09-19_10:00:00 999.00  26.76  19.15  24.59  20.46  25.79  26.20  25.12  25.98  25.48  26.04  25.52 999.00  26.52  26.23  26.45  22.50  27.12  14.13  27.18   8.58  27.34  28.14  25.06  28.97  29.07  26.83  29.10  24.42  24.75  27.13
 wrfout_d04_2016-09-19_11:00:00 999.00  27.06  19.28  23.95  20.59  25.71  26.07  25.17  25.70  25.35  25.79  25.08 999.00  26.17  25.93  26.37  22.10  26.93  13.76  26.25   7.30  27.38  27.65  25.02  28.36  28.43  26.90  28.99  24.56  24.74  26.86
 wrfout_d04_2016-09-19_12:00:00 999.00  27.03  19.30  23.72  20.63  25.73  25.77  25.27  25.45  25.35  25.46  24.90 999.00  26.00  25.65  26.11  21.31  26.95  13.74  25.65   6.86  27.53  27.07  24.69  27.53  27.90  26.71  28.96  24.45  24.61  26.70
 wrfout_d04_2016-09-19_13:00:00 999.00  27.05  19.81  24.40  20.83  25.98  25.64  25.46  25.39  25.34  25.32  24.72 999.00  25.96  25.42  26.22  21.40  26.77  13.13  25.25   6.69  27.72  27.00  24.77  26.90  27.24  26.65  29.12  24.34  24.81  26.53
 wrfout_d04_2016-09-19_14:00:00 999.00  27.04  19.58  23.37  20.90  25.62  25.80  25.52  25.30  25.28  25.10  24.76 999.00  25.64  25.47  26.15  20.99  26.73  12.97  24.99   6.29  27.59  27.00  24.81  26.52  26.72  26.49  29.14  24.11  24.48  26.35
 wrfout_d04_2016-09-19_15:00:00 999.00  26.97  19.63  23.90  20.58  25.75  25.90  25.44  25.39  25.31  25.09  24.74 999.00  25.40  25.19  25.86  20.72  26.70  12.74  24.36   6.07  27.43  26.71  24.87  26.01  26.24  26.42  28.96  23.90  24.81  26.24
 wrfout_d04_2016-09-19_16:00:00 999.00  27.01  19.54  23.79  20.47  25.78  25.39  25.06  25.18  25.03  25.01  24.83 999.00  25.26  24.84  25.67  20.35  26.92  12.36  24.20   5.85  27.33  26.58  24.65  25.75  25.87  26.29  28.84  23.81  24.72  25.97
 wrfout_d04_2016-09-19_17:00:00 999.00  27.10  19.45  23.80  20.43  25.80  25.44  25.38  25.21  24.75  24.66  24.78 999.00  25.18  24.66  25.85  20.07  26.76  12.19  23.75   5.77  27.25  26.67  24.21  25.22  25.45  26.35  28.75  23.60  24.67  25.82
 wrfout_d04_2016-09-19_18:00:00 999.00  27.00  19.44  23.68  20.38  25.09  25.42  25.04  25.20  24.50  24.85  24.56 999.00  25.00  24.30  25.92  19.87  26.67  12.02  22.98   5.70  27.34  26.12  24.26  24.90  25.07  26.17  28.52  23.51  24.57  25.62
 wrfout_d04_2016-09-19_19:00:00 999.00  26.88  19.27  23.54  20.25  24.98  25.24  24.76  25.13  24.42  24.84  24.20 999.00  24.77  23.87  25.84  19.56  26.64  11.95  23.03   5.51  27.41  26.04  24.54  24.65  24.82  26.00  28.02  23.50  24.59  25.57
 wrfout_d04_2016-09-19_20:00:00 999.00  26.76  19.07  23.51  20.04  25.03  25.05  25.46  24.97  24.29  24.69  24.34 999.00  24.59  23.57  25.82  19.26  26.52  11.74  23.02   5.24  27.64  25.81  24.76  24.44  24.63  25.88  27.65  23.43  24.55  25.59
 wrfout_d04_2016-09-19_21:00:00 999.00  26.57  19.13  23.45  19.93  24.92  24.97  25.54  24.83  24.59  24.64  24.06 999.00  24.52  23.44  25.73  19.08  26.50  11.52  23.00   4.87  27.58  25.68  24.04  24.21  24.43  25.75  27.39  23.33  24.73  25.63
 wrfout_d04_2016-09-19_22:00:00 999.00  26.59  19.02  23.44  19.95  24.91  24.71  25.44  24.53  24.22  24.72  23.64 999.00  24.53  23.17  25.65  19.28  26.73  11.70  22.89   5.07  27.32  25.17  23.86  24.00  24.41  25.11  27.16  23.35  24.86  25.55
 wrfout_d04_2016-09-19_23:00:00 999.00  26.49  19.52  24.98  20.55  24.98  25.26  25.44  24.92  25.36  24.88  23.93 999.00  25.49  25.11  26.01  22.31  27.14  15.18  23.69   8.86  27.41  24.93  25.93  24.63  25.07  26.86  27.65  24.08  25.14  25.90
