 wrfout_d04_2016-07-19_00:00:00 999.00  28.71  25.06  30.57  26.32  30.08  30.28  28.26  30.80  28.79  29.75  29.89 999.00  30.07  29.40  30.58  25.34  29.88  18.53  28.09  11.30  28.71  28.81  29.36  29.62  29.72  30.03  30.36  30.31  28.96  29.82
 wrfout_d04_2016-07-19_01:00:00 999.00  28.48  26.01  31.45  27.62  31.84  32.13  28.50  31.90  31.29  30.98  30.91 999.00  31.56  30.84  31.03  26.88  30.40  19.78  29.65  13.78  28.74  28.90  29.97  31.45  31.05  30.66  31.08  31.73  29.52  30.46
 wrfout_d04_2016-07-19_02:00:00 999.00  28.52  26.63  31.56  28.51  33.19  33.19  30.34  33.17  31.68  31.70  31.61 999.00  32.12  32.40  31.39  27.69  30.88  20.49  31.14  13.86  28.78  28.94  30.09  32.53  31.95  31.02  31.62  32.98  30.02  30.94
 wrfout_d04_2016-07-19_03:00:00 999.00  28.78  27.09  31.96  29.14  32.57  34.33  30.55  34.20  32.11  31.77  31.83 999.00  32.17  33.73  31.81  28.21  31.15  19.46  32.20  11.18  28.81  28.96  30.21  33.20  32.54  31.74  31.95  33.57  30.23  31.29
 wrfout_d04_2016-07-19_04:00:00 999.00  28.79  27.53  32.21  29.57  32.10  35.34  30.57  35.22  32.25  31.83  31.89 999.00  32.41  34.81  31.92  28.79  31.32  18.92  33.24  11.45  28.84  28.96  30.16  33.66  32.82  32.25  32.11  34.05  29.38  31.45
 wrfout_d04_2016-07-19_05:00:00 999.00  28.69  27.67  32.06  29.63  32.11  35.36  30.54  35.50  32.17  31.69  31.86 999.00  32.40  34.36  31.72  29.11  31.35  19.79  33.31  11.52  28.87  28.90  30.02  33.63  32.74  32.88  32.08  34.32  30.47  31.57
 wrfout_d04_2016-07-19_06:00:00 999.00  28.65  27.25  31.81  29.34  31.85  34.03  30.47  35.27  32.19  31.67  32.24 999.00  32.30  34.42  31.52  28.58  31.26  17.35  32.21  10.96  28.92  28.87  30.02  33.32  32.47  33.36  32.04  33.92  30.25  31.47
 wrfout_d04_2016-07-19_07:00:00 999.00  28.73  27.03  31.76  28.87  31.61  34.75  30.21  34.85  31.36  31.70  32.16 999.00  31.65  33.32  31.82  24.68  31.13  16.27  31.60  10.93  28.98  29.03  30.05  33.04  32.33  33.82  31.95  33.44  28.60  31.32
 wrfout_d04_2016-07-19_08:00:00 999.00  28.71  25.89  31.53  28.00  30.00  31.96  29.80  32.55  29.84  31.37  31.56 999.00  30.58  32.05  31.48  23.72  30.72  15.89  30.36   9.87  29.01  29.11  29.76  32.57  31.90  33.63  31.93  32.67  29.33  31.03
 wrfout_d04_2016-07-19_09:00:00 999.00  28.66  23.07  28.05  23.61  26.98  28.15  28.63  30.85  29.79  31.17  31.07 999.00  30.20  31.08  31.01  22.61  30.08  15.59  29.76  11.04  29.00  29.08  29.43  31.99  31.46  32.84  31.67  31.28  28.55  30.62
 wrfout_d04_2016-07-19_10:00:00 999.00  28.56  22.89  27.56  23.86  27.84  28.61  28.39  29.97  29.35  29.84  30.15 999.00  30.13  30.92  30.46  22.28  29.65  15.93  29.57   9.80  29.03  29.12  28.80  31.27  30.70  31.78  31.29  30.00  27.57  30.08
 wrfout_d04_2016-07-19_11:00:00 999.00  28.58  22.76  26.88  23.67  27.97  28.89  28.28  29.63  29.18  29.16  29.29 999.00  29.91  29.92  29.95  21.31  29.30  14.44  29.27   6.35  29.00  29.11  27.20  30.34  29.87  30.90  30.89  27.12  27.13  29.62
 wrfout_d04_2016-07-19_12:00:00 999.00  28.37  22.62  26.69  23.26  28.04  28.99  28.28  29.51  29.02  28.63  28.95 999.00  29.72  29.51  29.55  21.02  29.14  12.94  28.88   6.35  28.96  28.98  27.15  30.03  29.63  30.42  30.71  26.70  27.13  29.40
 wrfout_d04_2016-07-19_13:00:00 999.00  28.33  22.57  27.23  22.52  27.75  29.37  28.27  29.30  28.94  28.59  28.72 999.00  29.35  29.20  29.23  20.73  28.95  12.79  28.57   6.12  28.92  28.88  27.19  29.82  29.49  30.00  30.55  26.30  27.12  29.22
 wrfout_d04_2016-07-19_14:00:00 999.00  28.30  22.66  27.17  23.27  27.81  29.32  28.24  29.17  28.91  28.39  28.38 999.00  28.90  28.79  28.88  20.52  28.79  12.55  28.27   6.06  28.87  28.73  27.03  29.69  29.34  29.77  30.20  25.95  27.04  29.05
 wrfout_d04_2016-07-19_15:00:00 999.00  28.39  22.56  26.98  22.20  27.81  29.28  28.18  29.05  28.87  27.96  28.14 999.00  28.62  28.41  28.68  20.44  28.62  12.33  27.78   6.04  28.79  28.59  26.91  29.38  29.01  29.54  29.83  25.80  26.91  28.79
 wrfout_d04_2016-07-19_16:00:00 999.00  28.39  22.12  26.80  22.03  27.82  29.07  28.11  28.90  28.63  27.72  27.98 999.00  28.29  27.99  28.52  20.34  28.48  12.22  27.20   6.01  28.71  28.55  26.72  28.91  28.76  29.25  29.66  25.44  26.78  28.52
 wrfout_d04_2016-07-19_17:00:00 999.00  28.39  21.21  26.66  21.92  27.78  28.91  28.00  28.79  28.37  27.52  27.89 999.00  28.06  27.62  28.33  20.18  28.36  12.20  26.92   5.86  28.68  27.98  26.52  28.57  28.60  29.02  29.56  25.19  26.61  28.41
 wrfout_d04_2016-07-19_18:00:00 999.00  28.35  21.20  26.49  21.92  27.30  28.72  27.85  28.61  28.15  27.22  27.58 999.00  27.85  27.30  28.11  19.97  28.23  12.08  26.75   5.70  28.61  27.66  26.11  28.05  28.18  28.68  29.32  24.84  26.44  28.11
 wrfout_d04_2016-07-19_19:00:00 999.00  28.41  21.14  25.96  21.90  26.96  28.35  27.65  28.16  27.35  26.99  27.45 999.00  27.58  27.06  27.92  19.80  28.10  12.00  26.55   5.60  28.59  27.46  25.68  27.37  27.45  28.44  29.24  24.55  26.21  27.93
 wrfout_d04_2016-07-19_20:00:00 999.00  28.27  20.98  25.22  21.78  26.63  28.19  26.35  27.73  26.64  26.85  27.32 999.00  27.32  26.83  27.74  19.64  28.01  11.93  26.06   5.50  28.54  27.44  25.65  26.97  26.86  28.32  28.96  24.30  25.93  27.73
 wrfout_d04_2016-07-19_21:00:00 999.00  28.34  20.84  25.01  21.65  26.37  27.78  26.18  27.39  26.20  26.71  27.16 999.00  27.09  26.66  27.65  19.51  27.98  11.77  25.65   5.38  28.48  27.20  25.55  26.67  26.62  28.38  28.77  24.06  25.59  27.58
 wrfout_d04_2016-07-19_22:00:00 999.00  28.36  23.23  27.67  24.31  26.98  27.90  27.25  27.99  26.90  27.27  27.78 999.00  27.40  26.78  28.00  22.28  28.23  14.82  26.06   9.13  28.48  26.70  27.39  26.83  26.72  28.44  28.91  26.35  26.86  27.77
 wrfout_d04_2016-07-19_23:00:00 999.00  28.34  23.85  28.42  25.05  28.37  29.07  28.43  29.13  28.61  28.47  29.17 999.00  28.52  27.90  29.13  25.10  29.00  17.69  27.15  12.18  28.51  27.59  28.23  28.18  28.19  29.44  29.68  29.37  28.10  28.94
