 wrfout_d04_2016-09-03_00:00:00 999.00  27.56  22.65  26.63  23.58  26.65  26.63  26.68  26.54  28.24  27.61  28.13 999.00  26.72  27.22  30.01  22.18  28.61  16.74  26.95  11.98  28.94  29.30  26.82  28.09  28.38  29.17  29.89  27.32  26.73  29.16
 wrfout_d04_2016-09-03_01:00:00 999.00  27.78  23.49  26.97  25.51  28.44  28.00  27.41  29.15  27.69  29.87  29.74 999.00  27.03  25.41  29.29  23.13  27.97  16.73  26.00  12.33  28.68  28.04  29.28  25.44  25.27  30.07  29.41  27.22  27.01  28.70
 wrfout_d04_2016-09-03_02:00:00 999.00  28.20  24.28  28.31  26.41  27.68  28.14  27.54  28.60  26.82  30.19  29.85 999.00  26.87  26.11  30.48  22.68  28.31  16.47  26.73  12.32  28.55  28.28  29.72  26.58  26.53  30.66  29.43  25.85  27.00  28.78
 wrfout_d04_2016-09-03_03:00:00 999.00  28.17  23.65  27.34  25.34  27.64  28.57  27.31  29.56  25.93  29.23  30.00 999.00  27.54  26.88  31.46  24.76  28.77  16.97  26.96  11.82  28.67  28.03  30.10  27.10  26.76  29.54  29.69  26.36  27.13  28.95
 wrfout_d04_2016-09-03_04:00:00 999.00  28.11  23.79  28.92  25.75  27.68  29.67  27.00  29.59  26.79  30.08  30.68 999.00  27.65  27.06  31.37  24.02  28.52  17.78  26.99  12.46  28.71  29.10  29.65  27.14  27.47  29.14  29.78  25.82  27.03  28.83
 wrfout_d04_2016-09-03_05:00:00 999.00  28.05  24.88  30.49  26.43  27.30  30.09  26.30  27.31  28.05  29.51  31.70 999.00  27.64  27.53  31.24  23.79  28.41  19.26  27.58  12.60  28.69  27.40  29.05  28.05  27.72  28.24  27.93  26.32  27.78  29.04
 wrfout_d04_2016-09-03_06:00:00 999.00  28.13  24.54  28.12  25.42  27.13  27.97  26.73  27.81  26.62  28.85  30.46 999.00  27.71  27.76  29.71  23.86  28.47  17.53  27.65  12.18  28.76  27.46  28.27  27.06  26.75  27.18  29.26  26.93  27.40  28.92
 wrfout_d04_2016-09-03_07:00:00 999.00  28.17  23.14  27.85  24.11  27.35  27.75  26.76  27.77  27.66  27.69  28.83 999.00  26.90  27.56  28.86  23.38  28.23  18.02  26.96  12.09  28.23  26.20  27.58  25.99  26.04  28.01  28.19  26.92  27.16  28.86
 wrfout_d04_2016-09-03_08:00:00 999.00  28.04  22.72  27.55  23.45  27.36  27.46  26.72  27.84  27.48  25.78  28.61 999.00  27.07  27.21  28.39  23.15  28.12  16.53  26.58  11.70  28.54  25.68  27.17  25.73  25.86  27.84  28.78  26.10  26.69  28.76
 wrfout_d04_2016-09-03_09:00:00 999.00  28.17  22.53  26.43  23.36  27.31  27.15  26.61  27.63  27.13  25.71  26.94 999.00  27.23  25.63  28.61  22.80  27.83  16.57  27.18  11.34  27.93  26.13  26.73  26.07  25.74  27.33  29.11  24.95  26.25  28.75
 wrfout_d04_2016-09-03_10:00:00 999.00  28.35  22.40  26.31  23.33  26.88  26.78  26.35  27.35  26.94  26.04  26.57 999.00  27.17  25.77  28.69  22.43  27.64  16.53  27.08  11.32  27.94  26.39  26.57  25.50  25.31  26.77  28.11  24.81  25.75  28.65
 wrfout_d04_2016-09-03_11:00:00 999.00  27.94  22.20  26.25  23.19  26.16  26.92  26.39  27.01  26.86  26.12  26.85 999.00  26.57  25.81  28.82  22.46  27.39  16.43  27.01  11.29  27.96  26.48  26.36  24.76  24.81  26.93  27.70  24.84  25.81  27.84
 wrfout_d04_2016-09-03_12:00:00 999.00  27.53  22.22  26.39  23.13  26.15  26.80  26.50  26.86  26.74  26.15  26.27 999.00  26.52  25.76  28.89  22.29  27.12  15.88  26.23  11.10  27.67  26.93  26.13  24.66  24.57  26.94  27.88  24.57  25.90  27.80
 wrfout_d04_2016-09-03_13:00:00 999.00  27.92  22.24  25.92  23.17  26.17  26.28  26.34  26.40  26.62  26.27  26.69 999.00  26.34  25.70  28.87  22.21  26.32  15.55  26.05  10.69  27.68  26.55  26.08  24.47  24.48  26.80  28.14  24.53  25.53  27.43
 wrfout_d04_2016-09-03_14:00:00 999.00  27.96  22.19  25.93  23.21  26.34  26.45  26.27  26.22  27.16  26.25  26.72 999.00  26.02  25.52  28.86  21.48  26.06  15.58  26.39  10.69  27.55  26.03  25.80  25.32  24.55  26.70  28.02  24.53  25.77  27.50
 wrfout_d04_2016-09-03_15:00:00 999.00  28.00  22.39  26.08  23.28  26.45  26.57  26.47  26.31  26.75  26.49  26.97 999.00  25.95  25.41  28.48  21.83  26.12  15.83  26.35  11.05  27.55  26.26  26.06  24.86  24.58  26.58  27.82  24.38  25.79  27.23
 wrfout_d04_2016-09-03_16:00:00 999.00  28.01  22.49  25.53  23.37  26.50  26.39  26.35  26.37  26.37  26.22  26.88 999.00  25.81  25.35  28.38  21.95  25.99  15.83  25.66  10.88  27.37  27.52  26.02  24.70  24.97  26.35  27.57  24.11  25.93  26.84
 wrfout_d04_2016-09-03_17:00:00 999.00  28.04  22.20  25.44  22.95  25.85  26.05  25.53  25.95  25.77  26.66  26.98 999.00  25.82  24.89  28.20  21.94  25.87  14.07  25.65  10.93  27.60  27.59  25.94  24.95  24.71  26.45  27.32  24.22  25.74  27.24
 wrfout_d04_2016-09-03_18:00:00 999.00  28.17  21.94  25.19  22.76  25.48  25.64  26.12  25.63  25.36  26.41  26.67 999.00  25.17  24.45  28.25  21.78  25.92  13.70  25.38  10.28  27.83  28.05  25.14  24.79  24.67  25.93  27.53  24.29  25.62  27.14
 wrfout_d04_2016-09-03_19:00:00 999.00  28.17  21.87  24.84  22.67  25.89  25.40  26.21  25.40  25.08  26.82  26.67 999.00  24.82  24.76  28.00  20.91  26.35  13.57  25.38   9.51  27.73  27.76  25.22  24.62  24.07  25.30  27.65  24.29  25.60  26.91
 wrfout_d04_2016-09-03_20:00:00 999.00  28.23  21.77  25.41  22.11  25.88  25.50  26.34  25.01  24.73  26.88  26.48 999.00  25.53  24.63  27.92  20.77  26.28  13.27  25.21   8.61  27.73  26.70  25.13  24.53  24.17  25.39  27.18  24.34  25.72  27.18
 wrfout_d04_2016-09-03_21:00:00 999.00  28.32  22.14  25.66  23.05  25.94  25.59  26.32  24.76  24.61  26.96  26.21 999.00  24.78  24.91  27.76  21.27  26.28  13.14  24.99   9.28  27.74  26.47  25.04  23.69  23.37  25.08  26.89  24.25  25.74  27.33
 wrfout_d04_2016-09-03_22:00:00 999.00  28.36  22.27  26.00  23.27  26.23  25.49  26.30  25.37  25.02  27.01  26.56 999.00  25.26  24.93  27.54  21.60  26.21  13.84  24.89   8.65  27.74  26.62  25.57  24.39  23.90  25.28  27.46  24.45  25.79  26.27
 wrfout_d04_2016-09-03_23:00:00 999.00  28.37  23.46  28.77  24.59  27.51  26.68  27.45  27.10  27.02  27.42  27.88 999.00  28.32  27.24  29.09  24.51  26.26  16.77  26.31  11.90  27.63  26.76  28.11  25.87  25.71  27.80  28.18  25.02  25.70  26.47
