 wrfout_d04_2016-03-09_00:00:00 999.00  17.23  13.79  17.61  14.92  16.93  20.80  17.95  20.02  18.74  23.47  22.18 999.00  22.25  23.75  23.66  23.97  22.75  14.16  23.05   6.64  20.55  22.27  23.67  25.03  25.04  25.34  25.40  26.08  24.12  24.46
 wrfout_d04_2016-03-09_01:00:00 999.00  17.05  12.44  16.39  13.27  16.30  18.70  16.89  18.27  17.40  21.47  21.46 999.00  22.56  24.32  24.45  22.01  23.88  14.25  23.61   7.60  20.99  22.11  25.24  26.52  26.31  26.65  26.31  28.12  25.42  25.22
 wrfout_d04_2016-03-09_02:00:00 999.00  16.81  11.83  17.02  13.43  16.03  17.72  16.34  17.31  17.71  19.72  18.93 999.00  18.49  23.16  23.66  19.50  24.50  14.51  22.72   7.77  21.40  21.80  25.38  27.81  26.57  27.59  26.54  29.69  25.80  25.66
 wrfout_d04_2016-03-09_03:00:00 999.00  16.84  11.33  15.84  12.54  15.73  17.33  15.82  16.99  16.94  18.74  17.97 999.00  20.08  25.20  22.04  23.32  24.43  15.53  23.79   9.24  21.53  20.93  25.51  27.81  26.57  26.98  26.34  30.22  25.92  26.16
 wrfout_d04_2016-03-09_04:00:00 999.00  16.77  11.11  15.88  12.66  15.60  17.23  15.66  16.75  16.83  18.18  17.50 999.00  21.68  25.55  20.58  24.87  23.31  16.90  24.17   7.51  21.61  21.62  25.79  26.58  26.96  27.27  26.60  27.57  26.16  26.56
 wrfout_d04_2016-03-09_05:00:00 999.00  16.42  10.89  15.68  12.93  15.57  17.29  15.54  16.78  17.06  17.67  16.94 999.00  21.34  25.59  19.99  24.90  18.54  17.29  23.28   7.25  20.12  21.29  24.97  26.71  26.64  27.17  26.66  27.79  26.44  27.31
 wrfout_d04_2016-03-09_06:00:00 999.00  16.12  10.76  15.77  12.19  15.55  16.94  15.49  16.42  17.17  17.49  16.76 999.00  20.73  26.02  19.28  24.45  19.13  16.91  23.61   6.76  18.95  20.89  22.72  26.01  26.35  26.06  26.50  26.83  26.39  27.20
 wrfout_d04_2016-03-09_07:00:00 999.00  16.05  10.45  15.66  11.82  15.35  16.69  15.31  16.15  17.41  16.96  16.35 999.00  20.59  25.62  18.84  22.63  18.67  16.43  22.24   7.06  19.53  20.77  20.73  25.87  26.10  24.20  26.19  25.64  25.99  26.80
 wrfout_d04_2016-03-09_08:00:00 999.00  16.18  10.37  14.96  11.45  15.14  16.15  15.28  15.82  16.19  16.58  16.06 999.00  18.03  23.74  18.74  20.33  17.46  15.08  21.01   6.91  19.34  20.03  19.68  23.95  25.16  22.21  25.07  22.17  26.33  26.42
 wrfout_d04_2016-03-09_09:00:00 999.00  15.96  10.28  14.88  11.08  14.95  15.82  15.25  15.66  15.98  16.41  15.97 999.00  17.27  19.31  18.53  19.00  17.19  13.37  19.97   6.42  19.15  20.20  18.97  23.18  23.72  21.43  24.45  20.87  23.28  25.46
 wrfout_d04_2016-03-09_10:00:00 999.00  15.88  10.15  14.88  10.97  14.97  15.75  14.97  15.48  15.42  16.09  15.56 999.00  16.84  18.39  18.50  17.81  17.14  12.59  18.29   6.32  19.07  19.77  18.55  21.55  22.10  20.76  24.06  20.22  21.51  22.61
 wrfout_d04_2016-03-09_11:00:00 999.00  15.68  10.09  14.76  10.94  14.91  15.51  14.91  15.31  15.55  15.77  15.47 999.00  16.26  17.88  18.34  17.17  17.04  12.20  17.71   6.43  19.08  19.04  18.48  20.19  20.62  20.57  23.63  19.81  20.93  21.53
 wrfout_d04_2016-03-09_12:00:00 999.00  15.99   9.99  14.73  10.90  15.04  15.38  15.09  15.32  15.60  15.66  15.62 999.00  16.10  18.01  18.02  17.00  16.77  11.92  17.74   6.31  19.06  19.25  18.53  19.63  19.80  20.56  23.28  19.65  20.59  20.91
 wrfout_d04_2016-03-09_13:00:00 999.00  15.90  10.06  14.87  10.91  15.15  15.41  15.28  15.30  15.53  15.54  15.54 999.00  16.21  17.56  17.81  16.79  17.18  11.72  17.02   5.73  19.14  19.19  18.57  19.35  19.71  20.55  22.99  19.59  20.43  20.90
 wrfout_d04_2016-03-09_14:00:00 999.00  16.01  10.06  14.81  10.90  15.22  15.37  15.17  15.18  15.38  15.71  15.46 999.00  16.08  17.35  18.03  16.69  17.18  11.17  16.33   5.45  19.18  18.97  18.39  19.53  19.88  20.43  22.52  19.34  20.44  20.54
 wrfout_d04_2016-03-09_15:00:00 999.00  15.97  10.07  14.72  10.89  15.19  15.41  15.33  15.21  15.51  15.86  15.46 999.00  16.10  17.56  17.87  16.55  16.95  10.90  16.22   5.04  19.09  18.86  18.22  19.07  19.66  20.25  22.07  19.04  20.53  20.31
 wrfout_d04_2016-03-09_16:00:00 999.00  16.04  10.20  14.63  10.98  15.19  15.49  15.10  15.27  15.31  15.79  15.26 999.00  16.20  17.36  17.83  15.94  16.98  10.87  15.63   4.56  19.21  18.70  18.29  18.77  18.90  20.23  22.14  19.02  20.11  20.09
 wrfout_d04_2016-03-09_17:00:00 999.00  16.12  10.19  14.65  10.99  15.28  15.48  15.22  15.21  15.26  15.80  15.21 999.00  16.14  17.48  17.68  16.12  16.75   9.97  15.08   4.38  19.07  18.47  18.16  18.24  18.60  20.07  22.21  18.98  20.11  20.06
 wrfout_d04_2016-03-09_18:00:00 999.00  15.80  10.09  14.39  10.81  14.84  15.68  14.86  15.17  15.14  15.79  15.16 999.00  15.97  16.61  17.46  15.77  16.86  10.39  15.11   4.44  18.86  18.28  17.81  18.23  18.55  19.99  21.73  18.67  19.86  19.84
 wrfout_d04_2016-03-09_19:00:00 999.00  15.76   9.76  14.06  10.54  14.86  15.47  14.58  14.74  14.96  15.78  14.99 999.00  15.80  16.39  17.35  15.52  15.71   9.96  15.06   4.26  18.63  17.99  17.88  17.41  17.67  19.67  21.47  18.51  20.28  19.96
 wrfout_d04_2016-03-09_20:00:00 999.00  15.53   9.43  13.91  10.28  14.46  15.20  14.40  14.48  14.58  15.69  14.99 999.00  15.56  16.18  17.67  15.59  15.39   9.92  14.66   4.51  17.97  17.72  17.67  17.31  17.47  19.45  20.45  17.35  20.23  19.87
 wrfout_d04_2016-03-09_21:00:00 999.00  15.43   9.23  13.67  10.06  14.29  14.98  14.13  14.35  14.31  15.36  14.86 999.00  15.29  15.75  17.75  15.38  14.97   9.89  14.56   4.71  18.65  18.09  17.68  16.79  17.03  19.42  20.19  17.08  20.26  19.80
 wrfout_d04_2016-03-09_22:00:00 999.00  15.39   9.01  13.39   9.85  14.20  14.66  14.01  14.29  14.04  15.11  14.75 999.00  15.13  15.40  17.90  15.02  14.55  10.04  14.23   4.94  17.27  18.08  17.67  16.73  16.83  19.19  20.06  17.04  19.76  19.80
 wrfout_d04_2016-03-09_23:00:00 999.00  15.19   8.84  13.26   9.75  14.03  14.21  13.90  13.99  13.70  14.81  14.45 999.00  14.91  14.97  17.67  15.35  14.69  10.22  14.57   5.08  17.03  17.41  18.32  16.63  16.76  19.49  19.88  19.08  20.38  20.37
