 wrfout_d04_2016-06-14_00:00:00 999.00  27.93  23.15  27.45  24.56  28.48  29.52  27.71  29.63  28.42  28.59  29.48 999.00  28.26  27.75  29.81  23.15  28.61  17.31  29.19  11.54  27.82  28.12  29.32  29.27  29.12  30.55  30.50  26.87  27.50  28.92
 wrfout_d04_2016-06-14_01:00:00 999.00  28.23  24.55  28.08  24.35  30.48  31.38  28.27  29.49  29.86  30.98  30.65 999.00  29.17  28.92  29.94  25.26  28.75  18.96  29.04  12.30  28.43  28.70  29.17  30.56  30.50  31.35  30.98  28.43  28.26  29.24
 wrfout_d04_2016-06-14_02:00:00 999.00  27.86  23.57  27.98  24.46  30.47  31.23  28.53  30.32  29.60  31.50  30.97 999.00  29.49  29.13  30.86  25.47  29.10  19.20  29.54  13.03  28.45  28.96  29.81  31.97  31.61  33.01  31.45  28.60  28.55  29.54
 wrfout_d04_2016-06-14_03:00:00 999.00  27.90  24.76  28.05  24.74  30.10  30.88  29.02  30.99  30.21  32.00  30.38 999.00  29.40  28.90  31.29  25.75  29.55  19.32  31.59  13.12  28.49  29.06  29.93  32.91  32.43  34.25  31.75  29.15  28.84  29.92
 wrfout_d04_2016-06-14_04:00:00 999.00  27.60  25.39  28.08  24.45  30.94  30.67  29.58  32.25  29.69  32.06  29.27 999.00  29.31  28.85  31.35  27.05  30.57  19.73  32.35  13.07  28.49  29.06  30.46  33.31  32.75  34.32  31.98  29.53  28.88  30.21
 wrfout_d04_2016-06-14_05:00:00 999.00  27.18  25.45  28.67  26.57  30.89  30.62  28.63  30.36  29.46  31.59  28.85 999.00  29.59  28.94  30.37  27.84  30.74  19.63  33.15  13.23  28.47  29.06  30.60  33.10  32.55  34.38  32.06  30.48  29.03  30.34
 wrfout_d04_2016-06-14_06:00:00 999.00  26.73  24.17  28.30  25.51  30.13  31.13  28.72  31.11  29.19  31.19  29.95 999.00  29.74  28.94  30.04  26.80  30.42  19.39  33.20  12.74  28.48  29.17  30.56  32.85  32.43  34.11  32.17  30.38  28.98  30.51
 wrfout_d04_2016-06-14_07:00:00 999.00  26.28  24.06  28.05  25.07  29.93  30.50  28.49  30.24  29.41  30.26  29.70 999.00  29.67  28.99  31.47  26.27  30.07  18.93  32.92  12.32  28.46  29.10  30.37  32.59  32.11  33.79  31.90  29.96  28.76  30.39
 wrfout_d04_2016-06-14_08:00:00 999.00  26.68  23.60  27.65  24.64  29.52  30.22  28.16  30.19  29.12  29.56  28.74 999.00  29.61  29.00  30.92  26.06  29.52  18.21  32.45  11.93  28.42  28.95  29.80  32.22  31.57  33.23  31.46  29.10  28.31  30.08
 wrfout_d04_2016-06-14_09:00:00 999.00  26.99  23.45  27.14  24.59  29.35  30.33  28.20  29.90  29.24  29.41  28.74 999.00  29.61  28.83  30.20  25.55  29.21  17.39  31.63  11.40  28.41  28.93  29.04  31.68  31.06  32.49  31.18  28.05  27.69  29.72
 wrfout_d04_2016-06-14_10:00:00 999.00  27.42  22.99  26.89  23.88  29.13  30.14  28.20  30.02  29.32  28.91  28.61 999.00  29.49  28.35  29.49  25.16  28.92  16.57  30.86  10.72  28.41  28.72  28.31  30.90  30.28  30.78  30.77  27.24  27.12  29.26
 wrfout_d04_2016-06-14_11:00:00 999.00  27.40  22.82  26.57  23.74  28.00  30.14  28.28  29.94  29.44  28.10  28.14 999.00  29.35  27.68  28.75  23.40  28.43  16.06  29.90  10.48  28.41  28.43  27.88  29.99  29.54  29.47  30.48  26.61  26.87  28.86
 wrfout_d04_2016-06-14_12:00:00 999.00  27.17  22.75  26.53  23.64  27.91  29.71  28.34  29.25  29.29  27.85  27.78 999.00  28.73  27.09  28.56  22.97  28.27  16.26  29.15  10.60  28.38  28.27  27.63  29.53  29.13  28.89  30.13  26.44  26.84  28.70
 wrfout_d04_2016-06-14_13:00:00 999.00  27.29  22.86  26.50  23.78  27.85  29.35  28.36  28.66  29.17  27.83  27.57 999.00  27.69  26.76  28.39  22.85  28.25  16.46  28.54  10.70  28.28  28.16  27.20  29.05  28.65  28.64  29.93  26.24  26.82  28.48
 wrfout_d04_2016-06-14_14:00:00 999.00  27.51  22.76  26.49  23.51  27.50  29.80  28.37  28.73  28.99  27.57  27.41 999.00  28.32  26.33  28.26  22.55  28.13  16.47  27.95  10.81  28.26  28.03  26.88  28.79  28.44  28.47  29.75  26.13  26.79  28.27
 wrfout_d04_2016-06-14_15:00:00 999.00  27.52  22.80  26.22  23.62  27.23  28.90  28.41  28.43  29.06  27.20  27.28 999.00  27.96  26.04  28.09  22.02  28.02  16.55  27.41  10.90  28.20  28.07  26.60  28.55  28.28  28.31  29.52  25.69  26.77  28.10
 wrfout_d04_2016-06-14_16:00:00 999.00  27.44  22.77  26.15  23.51  27.13  28.17  28.25  28.10  28.78  27.00  27.27 999.00  27.64  25.79  28.11  21.84  27.95  16.58  26.99  10.95  28.18  28.04  26.35  28.40  28.38  28.20  29.13  25.60  26.75  27.95
 wrfout_d04_2016-06-14_17:00:00 999.00  27.51  22.61  25.93  23.32  27.16  27.65  28.15  27.33  28.74  27.05  27.51 999.00  27.32  25.59  27.70  21.53  27.92  16.45  26.72  10.98  28.14  27.97  26.18  28.26  28.20  28.01  28.98  25.87  26.74  27.94
 wrfout_d04_2016-06-14_18:00:00 999.00  27.48  22.37  25.76  23.07  26.38  27.02  27.99  26.74  28.38  27.10  27.56 999.00  27.01  25.25  27.32  21.24  27.92  16.29  26.36  10.88  28.14  27.93  26.02  27.90  27.87  27.65  28.85  25.93  26.69  27.64
 wrfout_d04_2016-06-14_19:00:00 999.00  27.60  22.31  25.70  23.07  26.01  26.62  27.90  26.37  28.48  26.87  27.51 999.00  26.77  24.92  26.97  20.97  27.94  16.20  26.21  10.86  28.15  27.85  25.91  27.51  27.38  27.15  28.79  25.87  26.68  27.68
 wrfout_d04_2016-06-14_20:00:00 999.00  28.13  22.20  25.58  23.00  25.36  26.44  27.73  25.83  27.99  26.38  26.58 999.00  26.57  24.67  26.70  20.68  27.94  16.09  25.97  10.73  28.14  27.80  25.89  27.10  27.04  26.83  28.72  25.88  26.71  27.63
 wrfout_d04_2016-06-14_21:00:00 999.00  28.09  22.16  25.50  23.01  25.07  25.96  27.58  25.51  27.94  26.07  26.28 999.00  26.43  24.48  26.45  20.40  27.83  15.90  25.89  10.69  28.14  27.74  25.58  26.73  26.66  26.63  28.76  25.87  26.72  27.51
 wrfout_d04_2016-06-14_22:00:00 999.00  28.08  22.29  27.21  23.13  26.78  27.70  27.65  27.32  28.30  27.44  28.01 999.00  27.45  26.59  27.58  22.75  28.12  16.49  26.32  11.12  28.17  27.69  27.04  27.16  27.26  27.11  29.04  26.33  26.99  27.79
 wrfout_d04_2016-06-14_23:00:00 999.00  28.06  23.06  28.94  24.31  28.23  28.99  28.29  28.90  29.23  29.09  29.20 999.00  28.79  28.08  28.70  24.39  28.97  17.65  27.58  11.84  28.19  27.97  28.27  28.49  28.68  28.62  29.81  27.21  27.44  28.48
