 wrfout_d04_2016-07-22_00:00:00 999.00  28.21  24.65  29.74  26.19  29.91  30.07  29.00  30.25  29.74  30.42  30.57 999.00  29.85  29.23  30.94  25.67  29.58  19.21  28.44  11.88  28.51  28.80  29.27  30.44  30.32  30.18  30.82  30.21  28.82  29.92
 wrfout_d04_2016-07-22_01:00:00 999.00  28.28  25.81  30.84  27.45  31.64  31.67  29.46  31.78  30.57  31.58  31.58 999.00  31.05  31.03  31.79  27.14  30.11  20.91  29.86  14.73  28.56  28.88  29.61  30.60  30.60  30.96  31.56  31.86  29.42  30.75
 wrfout_d04_2016-07-22_02:00:00 999.00  28.29  26.70  31.42  28.55  33.02  33.08  30.05  32.97  31.47  32.32  32.08 999.00  31.58  32.43  32.10  27.68  30.56  21.78  31.16  15.48  28.60  28.81  30.05  31.23  31.03  31.47  32.02  32.98  29.99  31.40
 wrfout_d04_2016-07-22_03:00:00 999.00  28.35  27.33  31.97  29.30  33.51  34.32  30.29  34.36  31.95  32.82  32.62 999.00  32.08  33.70  32.27  28.23  30.92  22.06  31.97  15.77  28.65  28.78  30.40  32.32  31.78  31.74  32.34  33.17  30.36  31.60
 wrfout_d04_2016-07-22_04:00:00 999.00  28.49  27.66  32.31  29.72  33.29  35.24  30.27  35.14  32.39  32.96  32.99 999.00  32.53  34.64  32.39  28.78  31.20  22.37  32.62  15.90  28.71  28.83  30.38  33.20  32.55  31.97  32.68  33.30  30.54  31.80
 wrfout_d04_2016-07-22_05:00:00 999.00  28.58  27.80  32.27  29.90  32.77  35.76  30.49  35.59  32.79  33.07  33.25 999.00  32.85  35.32  32.47  29.31  31.39  22.26  33.07  13.68  28.79  28.85  30.34  33.73  32.73  32.09  32.85  33.27  30.68  31.90
 wrfout_d04_2016-07-22_06:00:00 999.00  28.62  27.72  32.30  29.83  32.32  36.00  30.50  35.77  32.83  32.89  33.15 999.00  32.86  35.70  32.32  29.50  31.40  21.81  33.31  12.79  28.89  28.88  30.09  33.97  32.78  32.09  32.84  32.96  30.47  31.91
 wrfout_d04_2016-07-22_07:00:00 999.00  28.73  27.62  31.89  29.52  32.03  35.93  30.39  35.78  32.67  32.47  32.69 999.00  32.70  35.70  32.09  29.46  31.20  19.29  33.21  11.88  28.94  29.06  29.94  33.76  32.64  32.03  32.76  32.50  30.10  31.78
 wrfout_d04_2016-07-22_08:00:00 999.00  28.97  27.13  31.28  29.00  32.27  35.31  30.21  35.52  32.26  32.10  31.87 999.00  32.41  35.26  31.58  28.50  30.99  19.40  32.94  10.88  28.98  29.23  29.77  32.80  31.96  31.86  32.87  31.93  29.54  31.24
 wrfout_d04_2016-07-22_09:00:00 999.00  28.65  26.35  30.29  28.23  32.07  34.36  29.42  34.98  31.24  31.71  31.32 999.00  31.95  34.67  31.03  26.33  30.58  18.55  32.14  11.77  28.99  29.25  29.36  32.04  31.17  31.37  32.00  30.58  28.90  30.99
 wrfout_d04_2016-07-22_10:00:00 999.00  28.65  24.91  28.89  26.62  31.26  32.26  28.30  33.96  30.23  31.02  30.34 999.00  30.91  33.87  30.66  25.40  29.96  17.39  30.76  11.37  28.98  29.32  28.68  31.01  30.37  30.75  31.73  28.80  27.87  30.66
 wrfout_d04_2016-07-22_11:00:00 999.00  28.74  22.19  26.64  22.93  29.90  31.22  27.23  32.58  29.57  29.80  29.72 999.00  30.06  32.26  30.33  24.01  29.38  15.12  29.53   8.67  28.96  29.44  27.06  29.95  29.75  30.36  31.25  27.21  27.06  30.25
 wrfout_d04_2016-07-22_12:00:00 999.00  28.84  22.12  26.52  22.76  29.46  31.05  26.60  31.14  29.23  29.24  29.44 999.00  29.74  30.85  29.86  23.17  29.11  14.44  29.14   8.48  29.05  29.32  26.66  29.75  29.67  30.21  31.04  26.96  26.37  29.98
 wrfout_d04_2016-07-22_13:00:00 999.00  28.88  21.87  26.22  22.59  29.19  30.70  26.37  30.46  28.87  28.88  29.08 999.00  29.43  30.06  29.52  22.70  28.98  14.02  28.81   7.53  29.09  29.14  26.33  29.73  29.56  29.76  30.82  26.65  26.10  29.68
 wrfout_d04_2016-07-22_14:00:00 999.00  28.88  21.83  25.94  22.59  28.86  30.13  25.97  30.21  28.45  28.68  28.78 999.00  29.11  29.41  29.15  22.09  28.85  13.60  28.60   7.01  29.03  28.94  26.03  29.59  29.31  29.56  30.51  26.25  25.49  29.48
 wrfout_d04_2016-07-22_15:00:00 999.00  28.79  21.86  25.73  22.62  28.45  29.81  25.64  29.71  27.74  28.37  28.60 999.00  28.90  28.93  28.71  21.84  28.72  13.17  27.86   6.78  28.91  28.81  25.84  29.28  29.10  29.51  30.25  25.88  25.22  29.22
 wrfout_d04_2016-07-22_16:00:00 999.00  28.72  21.81  25.47  22.59  27.95  29.38  25.37  29.25  27.37  28.07  28.50 999.00  28.58  28.64  28.46  21.57  28.55  12.89  27.44   6.58  28.91  28.83  25.59  29.04  29.24  29.02  30.17  25.57  25.02  28.92
 wrfout_d04_2016-07-22_17:00:00 999.00  28.68  21.60  25.13  22.33  27.66  28.91  25.05  28.81  27.10  27.90  28.38 999.00  28.32  28.28  28.38  21.26  28.40  12.69  27.17   6.27  29.27  28.71  25.41  28.70  29.07  28.40  30.06  25.19  24.81  28.74
 wrfout_d04_2016-07-22_18:00:00 999.00  28.63  21.19  24.93  21.91  27.32  28.40  24.96  28.28  27.58  27.74  28.28 999.00  28.03  27.96  28.31  20.92  28.59  12.43  26.83   6.01  29.19  28.32  25.25  28.10  28.63  28.39  29.77  24.91  24.67  28.45
 wrfout_d04_2016-07-22_19:00:00 999.00  28.58  20.81  24.76  21.51  27.05  28.21  24.81  27.93  27.17  27.68  28.12 999.00  27.86  27.62  28.28  20.65  28.51  12.19  26.52   5.77  29.03  27.98  25.14  27.73  28.14  28.23  29.77  24.39  24.50  28.27
 wrfout_d04_2016-07-22_20:00:00 999.00  28.33  20.53  24.64  21.21  26.66  27.88  24.72  27.64  26.57  27.61  28.12 999.00  27.79  27.38  28.23  20.41  28.29  11.95  26.28   5.53  28.92  27.51  25.01  27.35  27.69  27.55  29.43  24.19  24.40  28.11
 wrfout_d04_2016-07-22_21:00:00 999.00  28.54  21.38  24.45  21.05  26.65  27.63  24.50  27.30  26.10  27.27  27.84 999.00  27.57  27.18  28.13  20.19  28.04  11.77  26.23   5.30  28.77  27.17  24.88  27.00  27.29  27.24  29.42  24.11  24.31  27.78
 wrfout_d04_2016-07-22_22:00:00 999.00  28.50  22.64  27.28  23.75  27.30  28.00  26.75  27.65  26.34  27.74  28.33 999.00  27.69  27.23  28.44  22.81  28.23  14.86  26.51   8.81  28.60  26.85  26.89  26.95  27.44  27.51  29.72  26.17  26.66  27.85
 wrfout_d04_2016-07-22_23:00:00 999.00  28.28  24.05  28.63  25.37  28.95  29.06  28.30  28.95  28.42  29.16  29.37 999.00  28.81  28.37  29.54  25.11  28.69  19.64  27.55  13.10  28.53  27.43  28.09  27.82  28.46  28.94  30.31  27.76  27.69  28.52
