 wrfout_d04_2016-12-14_00:00:00 999.00  19.61  12.55  17.89  14.08  18.83  18.96  18.74  18.70  18.49  18.99  17.98 999.00  19.77  19.21  21.55  18.55  20.23  10.87  18.03   4.65  21.07  20.76  21.33  19.49  19.57  22.32  21.77  21.65  23.00  23.37
 wrfout_d04_2016-12-14_01:00:00 999.00  19.50  12.40  17.94  14.01  18.72  18.85  18.58  18.61  18.84  19.09  18.62 999.00  20.81  20.73  21.89  19.24  20.83  12.42  19.43   6.12  21.22  20.98  21.52  20.64  20.76  23.38  21.88  22.14  23.30  23.68
 wrfout_d04_2016-12-14_02:00:00 999.00  19.26  12.40  17.88  14.18  18.63  18.85  18.76  18.31  19.15  19.01  18.73 999.00  21.36  22.19  22.25  20.16  21.24  13.45  20.85   6.96  21.24  21.88  21.98  22.34  22.40  23.76  24.32  22.83  23.91  24.71
 wrfout_d04_2016-12-14_03:00:00 999.00  19.02  12.26  17.72  14.46  18.67  18.23  18.72  18.08  19.32  18.73  17.82 999.00  21.80  23.27  22.13  20.84  21.37  14.00  22.51   7.25  21.27  22.71  22.38  23.56  23.63  24.84  25.99  23.22  24.30  25.06
 wrfout_d04_2016-12-14_04:00:00 999.00  18.93  12.25  17.93  14.18  18.53  17.66  18.45  17.63  18.86  18.45  18.05 999.00  21.89  23.74  21.86  21.27  21.40  14.20  23.52   7.18  21.23  22.89  22.37  25.22  25.31  24.93  26.86  23.27  24.20  25.45
 wrfout_d04_2016-12-14_05:00:00 999.00  18.82  12.13  17.64  14.21  18.40  17.84  18.37  17.86  18.69  18.02  17.69 999.00  22.06  23.50  22.23  21.53  21.28  14.15  24.21   6.91  21.24  22.74  22.21  25.70  25.78  23.73  27.02  22.59  24.08  25.55
 wrfout_d04_2016-12-14_06:00:00 999.00  18.65  11.97  17.54  14.06  18.17  17.59  18.47  17.55  18.97  17.90  17.42 999.00  21.67  23.37  22.17  21.19  21.05  13.65  24.44   6.40  21.11  22.49  21.92  25.97  26.14  23.92  26.87  22.64  23.85  25.22
 wrfout_d04_2016-12-14_07:00:00 999.00  18.40  11.66  17.30  13.36  17.84  17.27  18.33  17.22  18.67  17.74  17.36 999.00  21.18  22.84  21.82  20.55  20.63  12.60  23.59   5.54  20.89  22.38  21.30  25.57  25.61  23.64  26.63  22.32  23.29  24.81
 wrfout_d04_2016-12-14_08:00:00 999.00  18.46  11.36  16.84  12.72  17.39  17.08  18.00  16.88  18.27  17.42  17.07 999.00  20.46  21.37  21.44  19.35  20.12  11.02  22.56   4.31  20.78  22.13  20.59  24.68  24.69  22.95  26.24  21.56  22.56  24.05
 wrfout_d04_2016-12-14_09:00:00 999.00  18.23  11.07  16.48  12.19  17.26  17.23  17.64  16.83  17.53  17.07  16.79 999.00  19.39  19.09  21.31  15.19  19.54   9.19  20.31   2.43  20.73  21.74  19.96  22.42  22.64  22.47  25.75  20.08  21.92  23.00
 wrfout_d04_2016-12-14_10:00:00 999.00  17.90  10.72  16.16  11.84  16.91  17.34  17.36  16.77  17.21  16.77  16.53 999.00  18.59  18.11  20.94  15.30  19.22   5.46  18.93   2.22  20.57  21.23  19.86  20.58  20.82  21.86  25.66  19.01  21.90  22.59
 wrfout_d04_2016-12-14_11:00:00 999.00  17.66  10.41  15.70  11.54  16.55  17.18  16.99  16.89  16.99  16.81  16.30 999.00  18.07  17.88  20.63  14.64  19.06   5.31  17.83   1.89  20.55  20.97  19.67  19.73  19.90  21.63  24.07  18.53  21.53  22.15
 wrfout_d04_2016-12-14_12:00:00 999.00  17.56  10.16  15.38  11.31  16.04  16.79  16.61  16.37  16.58  16.86  16.06 999.00  17.80  17.71  20.82  13.51  19.41   4.80  16.99   1.54  20.65  20.35  19.12  19.05  19.21  21.09  22.81  19.08  21.43  21.76
 wrfout_d04_2016-12-14_13:00:00 999.00  17.36   9.88  15.04  11.04  15.66  16.25  16.32  15.95  16.33  16.56  15.86 999.00  17.26  17.30  20.62  13.93  19.25   4.49  16.49   1.44  20.60  19.92  19.02  18.33  18.48  20.85  22.13  18.96  21.49  21.50
 wrfout_d04_2016-12-14_14:00:00 999.00  17.17   9.64  14.74  10.80  15.47  15.90  16.18  15.55  16.07  16.20  15.63 999.00  16.88  16.98  20.16  14.99  19.29   4.33  15.96   1.34  20.47  19.72  18.91  17.72  17.83  20.63  21.05  18.85  21.10  21.18
 wrfout_d04_2016-12-14_15:00:00 999.00  16.74   9.38  14.51  10.53  15.29  15.71  16.06  15.36  15.82  15.92  15.19 999.00  16.52  16.57  19.70  14.95  18.81   5.79  15.45   1.16  20.27  19.40  18.89  17.26  17.36  20.33  19.96  18.53  21.38  20.89
 wrfout_d04_2016-12-14_16:00:00 999.00  16.60   9.25  14.41  10.36  15.01  16.03  15.76  15.12  15.58  15.65  14.88 999.00  16.54  16.21  19.56  14.79  18.62   5.65  14.81   1.10  19.84  19.09  18.63  16.81  16.92  20.00  19.20  18.01  21.18  20.63
 wrfout_d04_2016-12-14_17:00:00 999.00  16.55   9.16  14.22  10.28  15.04  15.87  15.58  14.91  15.37  15.42  14.60 999.00  16.35  16.37  19.15  14.55  18.42   6.04  14.38   1.06  19.81  19.06  18.53  16.57  16.70  19.61  18.83  17.45  20.99  20.55
 wrfout_d04_2016-12-14_18:00:00 999.00  16.41   8.95  14.07  10.06  14.94  15.55  15.43  14.79  15.18  15.36  14.54 999.00  16.07  16.39  19.10  12.16  18.73   6.14  14.12   1.80  19.69  18.89  18.36  16.38  16.54  19.42  18.51  17.38  20.86  20.52
 wrfout_d04_2016-12-14_19:00:00 999.00  16.23   8.65  13.74   9.80  14.53  15.38  15.26  14.63  15.00  15.29  14.46 999.00  15.94  16.22  18.78  14.08  18.37   7.86  14.52   1.79  19.53  18.89  18.43  16.11  16.20  19.29  18.32  17.80  20.87  20.44
 wrfout_d04_2016-12-14_20:00:00 999.00  16.10   8.53  13.68   9.62  14.38  15.03  15.16  14.29  14.80  15.08  14.28 999.00  15.69  15.76  18.42  13.99  18.33   7.99  14.23   1.96  19.47  18.79  17.73  16.17  16.27  18.82  18.00  17.95  20.70  20.08
 wrfout_d04_2016-12-14_21:00:00 999.00  15.89   8.47  13.67   9.57  14.30  14.80  15.10  14.05  14.59  14.65  14.11 999.00  15.38  15.15  18.17  14.01  18.04   7.94  14.10   1.85  19.19  18.67  17.39  16.13  16.20  18.44  17.70  17.34  20.52  19.88
 wrfout_d04_2016-12-14_22:00:00 999.00  15.82   8.46  13.45   9.60  14.27  14.88  14.79  13.97  14.46  14.44  14.09 999.00  15.24  14.89  18.31  14.02  17.94   8.05  14.03   1.98  19.17  18.25  17.27  16.11  16.17  18.22  17.96  17.55  20.52  19.57
 wrfout_d04_2016-12-14_23:00:00 999.00  15.71   8.37  13.34   9.48  13.91  13.68  14.57  13.44  14.23  14.47  14.04 999.00  15.27  14.83  18.31  14.07  17.83   8.20  14.02   2.13  18.89  18.05  17.49  16.03  16.12  18.49  17.94  17.76  20.26  19.83
