 wrfout_d04_2016-01-10_00:00:00 999.00  20.13  14.20  19.65  15.66  18.30  19.54  17.53  18.63  16.64  19.30  18.95 999.00  17.78  18.53  20.67  16.76  18.79   9.00  15.24   3.84  20.08  19.25  20.95  16.62  16.92  21.92  20.02  21.20  22.28  22.72
 wrfout_d04_2016-01-10_01:00:00 999.00  20.70  15.85  21.22  17.34  21.24  21.33  17.68  20.42  17.30  21.28  20.57 999.00  18.58  19.27  22.41  19.06  19.58  10.46  17.24   4.98  20.34  19.25  21.84  18.31  18.67  23.62  21.73  22.45  23.56  23.83
 wrfout_d04_2016-01-10_02:00:00 999.00  20.84  17.20  22.65  18.64  22.65  23.31  19.39  22.80  19.96  22.31  21.99 999.00  20.05  21.85  23.68  20.01  19.69  11.56  19.32   6.12  20.07  19.78  22.38  20.31  20.39  23.75  23.19  22.93  23.90  24.50
 wrfout_d04_2016-01-10_03:00:00 999.00  20.96  18.06  23.73  19.47  23.48  24.88  19.67  24.61  21.36  23.13  22.76 999.00  20.57  23.26  22.97  20.67  19.87  12.19  20.79   6.64  19.87  20.80  21.20  21.66  21.80  22.51  24.49  23.55  23.50  25.67
 wrfout_d04_2016-01-10_04:00:00 999.00  20.99  18.30  23.59  19.88  23.79  25.43  19.91  25.33  22.70  23.01  22.82 999.00  20.45  24.30  23.15  21.10  20.06  12.45  22.01   6.86  19.93  20.39  21.55  23.06  23.17  22.21  24.77  23.24  24.78  24.81
 wrfout_d04_2016-01-10_05:00:00 999.00  20.88  18.19  23.73  20.00  23.95  25.96  20.48  25.73  23.23  23.34  23.04 999.00  20.42  24.20  23.90  21.14  19.74  12.48  22.49   6.88  19.93  20.35  21.45  23.16  23.32  23.28  25.21  22.73  24.85  24.21
 wrfout_d04_2016-01-10_06:00:00 999.00  20.91  17.55  23.29  19.12  23.44  25.61  20.74  25.84  22.32  23.04  22.72 999.00  20.04  23.74  23.55  20.23  19.48  12.27  22.22   6.58  19.74  20.30  21.51  22.91  23.07  22.98  24.99  22.66  24.75  25.49
 wrfout_d04_2016-01-10_07:00:00 999.00  20.94  17.04  23.60  18.64  22.96  25.05  20.64  25.18  21.75  21.96  22.37 999.00  19.48  22.48  23.51  20.17  19.07  11.93  21.73   5.83  19.64  20.39  22.06  22.68  22.60  23.47  24.81  20.85  24.37  25.44
 wrfout_d04_2016-01-10_08:00:00 999.00  20.89  16.10  22.00  17.48  21.93  23.36  20.17  23.63  20.30  21.56  21.89 999.00  18.91  21.09  22.10  18.73  18.60  10.82  20.74   4.79  19.66  20.40  21.13  21.83  21.94  22.41  24.23  20.69  23.68  24.82
 wrfout_d04_2016-01-10_09:00:00 999.00  20.79  15.35  20.37  16.66  20.99  21.84  19.74  22.30  19.27  21.18  20.75 999.00  18.60  19.90  21.85  16.11  18.32   8.62  19.35   3.99  19.45  20.40  20.49  20.78  20.91  21.92  23.91  20.11  22.80  23.88
 wrfout_d04_2016-01-10_10:00:00 999.00  20.99  15.16  19.41  16.45  20.29  21.10  19.81  21.15  18.60  20.88  20.57 999.00  18.28  18.83  21.87  15.10  18.29   7.67  18.04   3.90  19.48  20.38  20.09  20.07  20.22  22.01  24.06  19.62  22.63  23.16
 wrfout_d04_2016-01-10_11:00:00 999.00  21.07  15.16  19.14  16.43  19.79  20.55  19.86  20.21  18.40  20.67  20.58 999.00  18.08  18.36  21.24  14.95  18.10   8.64  17.58   3.97  19.53  20.26  20.39  19.45  19.73  22.24  23.84  19.41  22.56  23.22
 wrfout_d04_2016-01-10_12:00:00 999.00  20.51  15.20  18.93  16.36  19.36  20.00  19.08  19.78  18.71  20.57  20.62 999.00  18.00  17.99  21.24  14.62  18.27   8.83  17.33   4.05  19.71  19.88  20.88  18.83  19.25  22.65  23.10  19.23  22.56  23.43
 wrfout_d04_2016-01-10_13:00:00 999.00  20.43  14.83  19.01  16.19  19.33  20.14  18.89  19.73  18.68  19.66  20.46 999.00  17.68  17.50  21.67  14.61  18.21   9.21  17.23   4.21  19.72  19.74  20.91  18.35  18.80  22.73  22.20  20.06  22.44  23.78
 wrfout_d04_2016-01-10_14:00:00 999.00  20.54  14.83  18.80  15.76  18.81  19.05  18.66  18.61  19.04  20.42  20.12 999.00  17.92  17.63  21.97  14.40  18.26   9.76  16.75   4.51  19.68  19.44  20.77  18.08  18.46  22.86  22.03  19.31  22.47  23.88
 wrfout_d04_2016-01-10_15:00:00 999.00  20.58  14.61  19.08  14.79  18.40  18.51  18.52  18.26  18.74  20.15  19.90 999.00  18.20  17.96  21.71  14.34  18.39  10.24  16.32   4.82  20.05  19.27  20.75  17.70  17.98  21.62  22.08  19.81  22.77  23.83
 wrfout_d04_2016-01-10_16:00:00 999.00  20.52  13.81  18.55  14.57  18.04  18.20  18.38  18.01  18.45  19.80  19.91 999.00  17.93  17.75  21.85  14.18  18.40  10.08  15.88   4.97  20.06  19.10  20.20  17.37  17.50  22.07  22.15  19.47  22.35  23.64
 wrfout_d04_2016-01-10_17:00:00 999.00  20.48  13.81  18.16  14.48  17.58  17.85  18.42  18.87  18.30  19.55  19.72 999.00  17.73  17.63  21.94  14.02  18.21   9.45  15.81   4.80  20.01  19.22  20.25  17.40  17.48  20.65  21.46  19.29  22.36  23.76
 wrfout_d04_2016-01-10_18:00:00 999.00  20.37  14.58  18.49  14.71  17.30  18.81  18.36  19.15  18.29  18.73  19.07 999.00  17.39  17.36  21.95  14.20  17.76   9.58  15.57   4.76  20.14  19.26  20.17  17.44  17.74  21.68  20.14  19.55  22.33  23.64
 wrfout_d04_2016-01-10_19:00:00 999.00  20.38  14.43  18.47  14.80  17.81  18.87  18.31  18.83  18.27  18.61  18.98 999.00  17.55  17.61  20.88  14.30  18.19   9.84  15.59   4.77  19.99  19.17  20.22  17.23  17.47  21.56  19.64  19.62  22.15  23.54
 wrfout_d04_2016-01-10_20:00:00 999.00  19.73  15.04  18.44  15.34  17.40  18.67  18.24  19.06  17.76  18.47  18.84 999.00  17.81  17.40  20.57  14.32  18.44   9.87  15.47   4.68  19.87  19.40  20.22  17.16  17.27  20.74  19.59  19.87  21.86  23.57
 wrfout_d04_2016-01-10_21:00:00 999.00  19.64  14.73  18.41  14.93  18.28  18.89  18.23  18.91  18.13  18.68  18.95 999.00  17.55  17.12  20.59  14.29  18.04   9.57  15.42   4.47  19.31  19.54  21.30  17.33  17.71  20.19  19.35  19.75  22.32  23.46
 wrfout_d04_2016-01-10_22:00:00 999.00  19.47  14.89  18.16  14.94  18.25  18.82  18.13  18.83  18.12  18.32  19.16 999.00  17.42  17.63  20.69  14.14  18.66   9.26  15.68   4.12  19.95  19.31  20.62  17.11  17.54  21.35  19.57  20.41  22.05  23.58
 wrfout_d04_2016-01-10_23:00:00 999.00  19.45  14.87  18.19  15.45  18.43  18.68  17.90  18.79  17.63  18.78  19.56 999.00  17.14  17.72  21.87  14.32  18.22   9.45  15.89   4.46  20.07  18.40  21.27  17.23  17.44  21.34  20.22  20.56  22.32  23.69
