 wrfout_d04_2016-03-13_00:00:00 999.00  20.36  17.70  18.10  19.54  19.35  17.07  16.32  18.24  15.17  21.08  21.35 999.00  17.41  17.00  23.01  22.95  20.54  13.25  19.57   5.88  22.97  18.83  22.87  18.17  18.53  23.48  22.86  23.51  23.50  24.33
 wrfout_d04_2016-03-13_01:00:00 999.00  19.54  19.21  21.10  19.62  21.08  20.25  18.64  20.00  19.94  21.29  23.85 999.00  20.26  20.68  24.78  21.35  20.79  13.82  19.06   5.72  23.03  20.71  23.93  21.46  21.65  24.74  25.35  23.64  24.24  25.27
 wrfout_d04_2016-03-13_02:00:00 999.00  19.53  20.50  22.40  21.16  21.36  23.14  19.64  23.13  23.21  21.84  24.67 999.00  20.56  23.53  25.63  23.35  21.33  15.16  20.12   7.40  23.18  22.37  24.34  21.68  22.35  25.09  26.46  24.01  24.61  26.40
 wrfout_d04_2016-03-13_03:00:00 999.00  19.62  21.60  22.84  22.30  22.69  26.10  17.29  25.66  22.82  23.53  24.07 999.00  20.56  23.66  24.64  22.44  21.82  14.50  19.92   6.15  23.33  23.37  23.59  21.19  22.20  24.30  26.14  24.31  25.16  26.85
 wrfout_d04_2016-03-13_04:00:00 999.00  19.70  18.54  17.87  20.07  21.74  23.14  17.03  23.79  17.79  24.09  24.49 999.00  19.60  22.29  25.26  22.33  23.00  13.42  20.21   6.29  23.71  23.39  23.33  21.23  22.42  24.37  26.39  23.09  25.43  27.30
 wrfout_d04_2016-03-13_05:00:00 999.00  19.57  18.99  18.92  21.45  20.73  20.89  17.56  21.43  18.80  25.24  24.56 999.00  19.30  21.30  24.93  19.64  22.59  13.72  20.63   6.10  24.01  22.22  23.09  20.63  21.40  24.41  26.69  23.54  25.55  26.41
 wrfout_d04_2016-03-13_06:00:00 999.00  19.36  20.03  18.97  20.32  20.51  21.74  17.81  21.94  20.09  24.27  24.06 999.00  19.33  21.72  24.21  19.05  22.98  12.86  21.42   6.05  24.08  21.78  23.15  20.98  21.27  24.28  27.23  23.74  25.11  25.34
 wrfout_d04_2016-03-13_07:00:00 999.00  19.46  18.53  18.86  19.59  19.40  22.23  17.29  22.94  20.62  23.72  23.69 999.00  19.64  21.34  24.01  18.53  22.96  13.54  20.48   6.42  24.23  21.94  23.17  22.28  21.80  24.27  27.23  24.29  23.69  26.38
 wrfout_d04_2016-03-13_08:00:00 999.00  19.02  15.72  17.12  17.49  18.79  19.42  16.77  20.88  18.93  23.89  24.04 999.00  19.51  21.15  24.44  19.69  22.78  12.39  20.44   6.53  24.20  22.46  23.10  22.62  22.36  24.00  26.58  23.82  23.65  25.25
 wrfout_d04_2016-03-13_09:00:00 999.00  18.74  14.47  16.63  15.52  17.77  18.43  16.27  18.95  16.81  23.14  23.91 999.00  19.25  20.56  23.63  18.70  22.24  12.10  20.05   6.42  24.33  22.96  23.13  21.26  21.94  23.94  26.43  22.85  23.14  24.88
 wrfout_d04_2016-03-13_10:00:00 999.00  18.55  13.89  15.81  14.85  17.24  17.20  16.01  17.77  16.83  21.45  22.58 999.00  17.82  19.20  23.51  18.06  21.77  11.84  19.94   6.26  24.29  22.74  22.99  20.70  21.13  23.79  26.21  21.88  22.66  24.56
 wrfout_d04_2016-03-13_11:00:00 999.00  18.11  12.81  15.23  13.91  16.90  16.69  15.35  16.95  15.80  21.80  21.61 999.00  17.21  18.02  23.27  17.46  21.61  11.49  18.59   6.45  24.18  22.50  22.89  19.98  20.30  23.76  25.98  21.59  22.80  24.55
 wrfout_d04_2016-03-13_12:00:00 999.00  17.67  12.33  15.48  13.27  16.21  16.49  15.34  16.22  15.20  21.40  19.96 999.00  16.91  16.71  23.16  17.27  21.42  11.61  17.67   6.58  23.42  22.03  22.81  19.93  20.12  23.89  25.78  21.57  23.03  24.73
 wrfout_d04_2016-03-13_13:00:00 999.00  17.45  12.17  15.47  13.10  16.41  16.39  15.33  16.39  15.44  19.88  20.11 999.00  15.61  16.54  22.96  16.98  20.75  11.43  17.64   7.05  23.09  21.72  22.57  19.55  19.86  23.79  25.63  21.65  22.94  24.94
 wrfout_d04_2016-03-13_14:00:00 999.00  17.24  12.05  15.24  12.92  16.36  16.39  15.26  16.33  15.42  18.88  18.75 999.00  15.71  16.19  22.25  16.89  17.76  11.64  16.36   5.59  21.81  21.29  22.71  19.65  19.92  23.91  25.38  20.73  23.27  24.78
 wrfout_d04_2016-03-13_15:00:00 999.00  17.03  11.62  15.07  12.36  15.97  16.22  15.12  16.10  15.22  18.50  17.84 999.00  16.05  15.93  21.34  17.02  17.54  11.80  15.46   6.57  19.25  20.13  22.37  18.62  19.21  24.36  25.27  20.62  23.44  24.50
 wrfout_d04_2016-03-13_16:00:00 999.00  16.83  11.04  14.74  12.05  15.65  15.96  15.15  15.82  15.26  17.84  17.23 999.00  16.07  16.21  20.94  17.00  17.23  11.68  14.99   6.59  19.08  19.46  21.82  17.33  17.58  22.91  22.09  20.66  23.55  24.18
 wrfout_d04_2016-03-13_17:00:00 999.00  16.25  10.68  14.39  11.60  15.17  15.61  14.92  15.42  15.21  17.23  16.87 999.00  16.10  15.98  20.25  16.59  17.31  11.42  14.72   6.56  18.91  19.52  22.09  17.01  17.43  22.57  20.23  22.52  23.21  24.13
 wrfout_d04_2016-03-13_18:00:00 999.00  16.21  10.31  13.93  11.14  14.71  15.06  14.65  14.82  14.57  16.72  16.33 999.00  15.77  15.74  19.42  16.70  17.09  11.31  14.41   6.46  19.15  19.23  21.71  17.21  17.11  21.78  20.18  22.74  22.95  22.61
 wrfout_d04_2016-03-13_19:00:00 999.00  15.86  10.11  13.78  10.82  14.70  15.16  14.61  14.89  14.52  16.17  15.96 999.00  15.63  15.88  18.75  16.11  16.92  11.25  14.36   6.50  18.94  18.75  19.30  16.64  16.48  22.72  19.27  21.85  22.78  22.42
 wrfout_d04_2016-03-13_20:00:00 999.00  16.09   9.87  13.54  10.73  14.42  14.80  14.33  14.43  14.21  15.86  15.62 999.00  15.57  15.81  18.50  16.21  17.13  11.18  14.03   6.45  18.55  18.22  18.27  16.37  16.60  20.45  18.98  21.14  22.70  22.08
 wrfout_d04_2016-03-13_21:00:00 999.00  15.75   9.60  13.28  10.45  14.30  14.77  14.11  14.49  14.07  15.67  15.50 999.00  14.83  15.15  17.83  16.18  17.29  11.22  13.95   6.52  19.21  18.61  18.13  16.12  16.22  20.08  19.30  19.86  21.06  22.12
 wrfout_d04_2016-03-13_22:00:00 999.00  15.53   9.23  13.25   9.96  14.12  14.73  14.04  14.39  13.81  15.31  15.25 999.00  14.57  14.53  17.33  16.18  17.01  11.13  13.63   6.45  19.10  18.73  17.82  16.00  16.11  19.67  18.70  19.15  20.45  21.44
 wrfout_d04_2016-03-13_23:00:00 999.00  15.25   8.84  12.93   9.83  13.75  14.40  14.08  14.01  13.96  15.12  14.81 999.00  14.52  15.00  17.12  15.92  16.59  11.10  13.36   6.46  18.59  18.69  17.40  15.75  15.97  19.26  18.10  18.88  19.93  20.97
