 wrfout_d04_2016-09-06_00:00:00 999.00  28.35  24.07  29.19  25.45  28.99  29.23  27.31  29.29  29.31  29.47  29.28 999.00  29.78  29.53  29.38  23.82  27.37  17.00  26.21  11.89  27.74  26.89  27.52  26.23  26.71  28.55  28.88  25.68  25.86  27.47
 wrfout_d04_2016-09-06_01:00:00 999.00  27.86  25.63  29.96  26.89  28.77  30.61  28.49  30.61  28.77  30.37  29.55 999.00  28.06  29.68  30.00  26.56  25.62  19.05  26.93  12.08  27.63  27.10  28.03  26.33  27.10  28.47  27.87  25.98  26.31  27.61
 wrfout_d04_2016-09-06_02:00:00 999.00  27.94  25.69  30.39  27.56  28.81  31.33  28.35  30.82  28.58  30.22  30.54 999.00  28.57  29.75  30.83  27.97  26.20  20.09  27.24  11.61  28.18  28.07  27.95  26.38  27.19  28.44  28.27  26.17  26.59  27.81
 wrfout_d04_2016-09-06_03:00:00 999.00  27.98  26.84  30.69  28.25  29.67  31.87  27.98  31.37  30.59  30.39  30.94 999.00  29.29  31.16  30.83  28.59  26.09  17.63  27.08  11.56  28.20  28.50  27.92  29.37  29.65  28.75  28.51  26.23  26.44  27.91
 wrfout_d04_2016-09-06_04:00:00 999.00  27.97  26.64  30.95  28.61  29.77  32.29  28.42  31.57  31.14  30.26  30.84 999.00  31.61  32.62  31.25  28.56  26.64  18.93  28.40  13.33  27.72  28.49  28.12  28.55  28.17  29.32  28.63  25.79  26.61  28.18
 wrfout_d04_2016-09-06_05:00:00 999.00  27.97  25.05  29.65  26.17  28.96  30.57  29.27  32.03  30.61  27.75  30.22 999.00  30.44  31.24  31.00  27.35  27.31  16.70  28.41  12.21  28.23  28.49  29.34  26.93  26.54  30.76  28.86  26.19  26.56  28.44
 wrfout_d04_2016-09-06_06:00:00 999.00  28.00  26.18  28.61  27.68  29.13  30.05  28.65  32.35  29.43  28.50  29.84 999.00  29.58  30.27  31.06  26.58  27.61  16.29  26.81  11.54  28.49  27.67  30.30  26.64  27.36  29.49  29.14  26.12  26.62  28.54
 wrfout_d04_2016-09-06_07:00:00 999.00  27.99  25.37  29.98  27.06  28.96  30.40  29.08  31.07  29.00  27.72  28.96 999.00  30.52  30.10  30.09  24.44  27.83  16.50  25.84  11.37  28.21  26.83  28.50  26.29  26.50  29.51  29.11  25.83  26.56  28.50
 wrfout_d04_2016-09-06_08:00:00 999.00  27.99  23.69  28.39  25.24  28.37  30.23  27.85  30.60  28.54  27.15  28.25 999.00  30.80  29.00  29.49  23.59  27.83  16.43  26.29  11.08  28.38  27.40  28.03  26.15  26.57  29.19  29.54  26.39  26.82  28.42
 wrfout_d04_2016-09-06_09:00:00 999.00  28.05  23.30  28.68  24.74  28.11  27.66  27.83  28.76  28.24  26.83  27.03 999.00  28.52  26.26  29.25  22.97  27.82  15.85  26.44  11.12  28.48  28.05  27.57  26.08  26.20  28.85  29.36  25.88  26.53  28.25
 wrfout_d04_2016-09-06_10:00:00 999.00  28.01  22.97  27.97  24.15  27.67  27.65  27.48  27.83  28.20  26.58  26.93 999.00  26.80  25.72  29.13  22.69  27.88  15.51  26.87  10.86  28.46  27.78  27.29  25.57  25.55  28.67  29.48  25.65  26.55  28.15
 wrfout_d04_2016-09-06_11:00:00 999.00  28.00  22.91  27.41  24.01  27.28  27.40  27.18  27.82  27.95  26.26  27.14 999.00  26.62  26.62  28.28  22.27  27.91  15.65  26.56  10.75  28.63  26.66  27.02  25.30  25.38  28.51  29.22  25.63  26.53  28.26
 wrfout_d04_2016-09-06_12:00:00 999.00  28.02  22.32  26.08  22.91  25.89  25.98  26.97  27.12  27.28  26.69  26.70 999.00  27.00  26.50  28.07  22.33  27.96  15.44  25.30  10.89  28.71  26.22  26.76  25.13  25.31  28.02  29.32  25.69  26.52  28.18
 wrfout_d04_2016-09-06_13:00:00 999.00  27.87  22.42  25.66  22.52  25.57  26.16  27.31  26.93  26.72  26.26  26.60 999.00  27.28  26.59  28.17  21.77  27.82  15.50  25.03  10.83  28.77  27.84  26.99  25.18  25.62  27.98  29.37  25.82  26.57  28.15
 wrfout_d04_2016-09-06_14:00:00 999.00  27.87  22.25  25.73  22.95  26.36  26.32  26.92  26.57  27.24  26.04  26.51 999.00  27.80  27.17  28.26  21.56  27.70  15.62  25.19  10.83  28.80  27.60  26.50  25.24  25.82  27.71  29.22  25.89  26.61  27.96
 wrfout_d04_2016-09-06_15:00:00 999.00  27.62  21.82  25.78  22.74  26.62  26.25  26.84  26.31  27.12  26.57  26.60 999.00  26.52  26.97  28.26  22.10  28.00  15.42  25.97  10.83  28.81  27.45  26.38  25.16  25.51  27.47  29.16  25.75  26.60  27.79
 wrfout_d04_2016-09-06_16:00:00 999.00  27.51  21.96  25.63  22.79  26.86  26.36  27.05  26.67  26.98  26.07  26.48 999.00  26.21  26.92  28.21  22.08  27.78  15.27  26.26  10.70  28.76  27.91  26.32  25.31  25.25  27.20  28.95  25.75  26.57  27.72
 wrfout_d04_2016-09-06_17:00:00 999.00  27.57  21.78  26.13  22.82  26.34  26.20  26.73  26.48  26.55  26.74  27.03 999.00  27.27  27.23  28.13  21.54  27.84  15.21  24.78  10.66  28.73  27.03  26.45  25.48  25.40  27.03  28.89  25.78  26.58  27.79
 wrfout_d04_2016-09-06_18:00:00 999.00  27.50  22.00  25.92  22.11  26.76  26.32  26.96  26.47  26.59  26.71  26.78 999.00  27.31  27.48  28.00  21.76  27.95  15.31  25.83  10.64  28.75  28.07  25.88  25.66  25.40  26.93  28.80  25.67  26.57  27.68
 wrfout_d04_2016-09-06_19:00:00 999.00  27.49  21.80  25.26  21.97  26.61  26.25  27.41  26.48  26.49  26.26  27.17 999.00  26.92  27.26  27.76  21.81  27.79  15.11  26.46  10.64  28.74  28.40  25.71  25.30  25.36  27.13  28.75  25.72  26.59  27.64
 wrfout_d04_2016-09-06_20:00:00 999.00  27.55  21.33  25.76  22.02  26.40  26.18  27.20  26.34  26.83  26.16  26.83 999.00  26.31  26.64  27.75  21.79  28.11  15.07  25.85  10.52  28.83  27.73  25.80  25.43  25.40  27.17  28.70  25.84  26.59  27.58
 wrfout_d04_2016-09-06_21:00:00 999.00  27.64  21.36  25.26  22.03  26.29  26.33  26.87  26.25  27.02  26.09  26.45 999.00  26.84  26.48  27.52  21.29  28.19  15.06  26.41  10.58  28.80  28.66  25.54  25.65  25.50  28.57  28.75  25.86  26.60  27.57
 wrfout_d04_2016-09-06_22:00:00 999.00  27.83  21.86  25.89  22.49  25.82  26.39  26.54  26.21  26.48  26.01  26.22 999.00  27.68  26.65  27.57  21.59  28.18  15.15  26.50  10.69  28.77  28.70  25.86  25.67  25.54  28.82  28.80  25.85  26.61  27.69
 wrfout_d04_2016-09-06_23:00:00 999.00  28.00  22.34  26.92  23.44  26.07  26.47  26.39  26.67  26.42  26.01  27.23 999.00  28.00  28.01  27.98  22.57  28.21  15.45  26.54  10.62  28.77  28.56  27.83  26.01  26.04  29.13  28.97  26.19  26.70  27.95
