 wrfout_d04_2016-05-02_00:00:00 999.00  25.65  23.12  27.76  24.06  29.05  27.82  27.57  28.42  28.14  27.61  28.25 999.00  29.23  28.36  28.69  25.69  28.30  18.05  27.16  11.74  27.06  27.68  25.23  29.33  29.38  27.32  29.54  26.93  27.45  28.71
 wrfout_d04_2016-05-02_01:00:00 999.00  25.62  24.07  29.00  24.92  30.07  29.70  27.97  29.85  29.44  28.83  28.86 999.00  30.23  30.11  29.66  26.84  29.07  19.02  28.60  12.64  27.09  27.97  26.40  30.95  30.64  28.87  30.32  27.40  28.11  29.73
 wrfout_d04_2016-05-02_02:00:00 999.00  25.75  25.03  30.25  25.93  30.88  30.99  28.19  30.90  29.85  29.46  29.63 999.00  30.32  32.03  29.43  28.25  29.42  19.85  30.16  13.25  27.10  28.18  26.95  32.29  31.53  29.40  31.02  28.20  28.62  30.29
 wrfout_d04_2016-05-02_03:00:00 999.00  25.81  25.61  30.00  26.97  31.75  31.77  28.03  31.66  30.13  30.43  30.33 999.00  31.12  33.04  30.22  29.32  29.68  20.48  31.40  13.51  27.15  28.23  27.17  32.92  32.03  29.73  31.51  28.57  29.02  30.88
 wrfout_d04_2016-05-02_04:00:00 999.00  26.00  26.04  29.86  27.62  31.81  32.62  28.25  32.73  30.38  30.88  30.31 999.00  30.49  33.66  30.46  29.32  29.80  20.60  32.29  13.13  27.17  28.28  27.87  33.31  32.32  29.97  31.79  28.84  29.02  31.50
 wrfout_d04_2016-05-02_05:00:00 999.00  25.95  26.37  29.68  27.69  30.65  32.18  28.04  33.05  30.28  30.92  27.05 999.00  30.83  33.94  30.48  29.70  29.78  20.56  33.06  12.02  27.17  28.20  28.16  33.36  32.32  30.00  31.85  28.88  29.16  31.76
 wrfout_d04_2016-05-02_06:00:00 999.00  25.97  25.74  29.43  27.04  30.08  31.84  27.86  32.96  30.28  30.37  26.48 999.00  30.57  33.66  30.25  29.76  29.69  20.15  33.09  10.83  27.19  28.21  28.06  33.16  32.08  29.89  31.66  28.82  29.05  31.50
 wrfout_d04_2016-05-02_07:00:00 999.00  25.97  24.86  29.05  26.31  29.35  31.59  27.45  32.42  29.28  29.87  28.35 999.00  30.33  33.09  29.67  29.29  29.48  19.41  32.62  12.43  27.19  28.19  27.94  32.71  31.80  29.10  31.41  28.17  28.71  31.14
 wrfout_d04_2016-05-02_08:00:00 999.00  26.01  24.17  28.07  25.36  28.84  30.91  27.04  31.58  28.60  29.93  28.23 999.00  29.95  32.46  29.46  28.44  29.10  18.45  31.77  12.07  27.18  28.09  26.85  32.14  31.29  28.49  30.98  28.02  28.13  30.73
 wrfout_d04_2016-05-02_09:00:00 999.00  26.01  23.17  27.27  24.31  28.04  29.25  26.54  30.31  27.56  28.96  27.75 999.00  29.38  31.45  28.76  26.94  28.52  17.26  30.83  11.02  27.16  28.04  26.92  31.35  30.33  28.25  30.48  27.59  27.39  30.15
 wrfout_d04_2016-05-02_10:00:00 999.00  25.97  22.22  26.41  23.10  27.07  28.80  26.02  29.54  27.11  28.30  27.26 999.00  28.63  30.28  28.28  24.95  27.86  15.96  29.42   9.54  27.15  27.97  26.63  30.00  29.38  28.02  29.91  26.35  26.33  29.21
 wrfout_d04_2016-05-02_11:00:00 999.00  25.88  21.75  25.80  22.35  26.45  28.45  25.85  28.87  26.65  27.68  27.06 999.00  28.23  29.36  28.09  23.27  27.37  15.08  28.25   9.15  27.12  27.86  26.63  29.34  28.73  28.01  29.43  25.15  25.91  28.75
 wrfout_d04_2016-05-02_12:00:00 999.00  25.84  21.67  25.51  22.18  26.10  28.17  25.74  27.78  26.97  27.44  26.98 999.00  28.24  28.71  28.00  22.30  27.15  15.41  27.80   9.16  27.10  27.82  26.57  28.93  28.45  27.65  29.27  24.44  25.76  28.60
 wrfout_d04_2016-05-02_13:00:00 999.00  25.78  21.36  25.21  21.91  25.81  28.69  25.67  27.71  27.12  27.06  26.84 999.00  28.09  28.46  27.89  21.64  26.94  15.53  27.50   9.17  27.06  27.74  26.54  28.65  28.24  27.77  29.05  24.09  25.64  28.40
 wrfout_d04_2016-05-02_14:00:00 999.00  25.60  21.51  24.74  21.77  25.59  27.84  25.94  27.10  27.22  26.68  26.52 999.00  27.77  27.89  27.66  21.15  26.68  15.54  26.98   9.16  26.96  27.66  26.00  28.42  28.06  27.41  28.81  23.67  25.66  28.02
 wrfout_d04_2016-05-02_15:00:00 999.00  25.47  21.42  24.58  21.41  25.50  27.07  25.98  26.72  27.09  26.39  26.10 999.00  27.44  27.44  27.45  20.83  26.42  15.46  26.40   9.06  26.82  27.59  25.84  28.14  27.83  27.22  28.59  23.40  25.98  27.63
 wrfout_d04_2016-05-02_16:00:00 999.00  25.55  21.51  24.33  21.74  25.39  26.58  25.89  26.46  26.72  26.11  25.83 999.00  27.10  27.11  27.17  20.51  26.13  15.37  25.92   8.95  26.68  27.60  25.66  27.87  27.67  27.34  28.35  23.69  25.78  27.32
 wrfout_d04_2016-05-02_17:00:00 999.00  25.42  21.37  24.13  21.79  25.27  26.13  25.88  26.13  26.68  26.27  25.62 999.00  26.82  26.91  26.96  20.15  25.88  15.24  25.67   8.83  26.57  27.50  25.42  27.64  27.55  27.27  28.17  23.59  25.81  27.16
 wrfout_d04_2016-05-02_18:00:00 999.00  25.34  21.28  23.93  21.90  25.07  25.75  25.75  25.71  26.72  25.83  25.29 999.00  26.52  26.51  26.74  19.79  25.70  15.05  25.31   8.66  26.41  27.37  24.81  27.37  27.41  27.44  27.92  23.45  25.71  26.87
 wrfout_d04_2016-05-02_19:00:00 999.00  25.47  21.17  23.69  21.83  25.05  25.37  25.56  25.61  26.73  25.55  25.01 999.00  26.27  26.11  26.85  19.47  25.61  14.84  25.05   8.51  26.29  27.29  24.51  27.19  27.19  27.41  27.74  23.38  25.61  26.65
 wrfout_d04_2016-05-02_20:00:00 999.00  25.92  20.99  23.51  21.70  24.44  24.92  25.49  25.22  26.74  25.19  24.77 999.00  26.11  25.79  26.77  19.19  25.69  14.53  24.78   8.33  26.31  27.14  24.28  27.07  26.98  26.07  27.54  23.90  25.51  26.44
 wrfout_d04_2016-05-02_21:00:00 999.00  25.69  20.98  23.35  21.75  23.99  24.67  25.51  24.76  26.82  24.93  24.52 999.00  25.89  25.63  26.72  18.99  25.64  14.19  24.61   8.24  26.36  26.93  24.08  26.90  27.12  25.72  27.45  23.95  25.43  26.35
 wrfout_d04_2016-05-02_22:00:00 999.00  25.68  21.39  25.87  22.31  25.59  26.48  25.81  26.14  27.13  26.27  26.71 999.00  26.04  25.98  27.02  21.78  25.95  15.21  24.79   8.95  26.37  26.84  25.76  26.96  26.94  27.04  27.64  24.75  25.78  26.62
 wrfout_d04_2016-05-02_23:00:00 999.00  25.78  22.45  27.76  23.60  28.21  28.53  26.59  28.16  28.47  27.29  27.79 999.00  27.45  27.26  28.08  23.80  26.79  17.06  25.75  10.27  26.40  27.03  27.26  28.16  28.17  29.09  28.56  27.27  26.65  27.36
