 wrfout_d04_2016-12-13_00:00:00 999.00  21.49  15.91  19.61  17.35  19.42  18.88  20.23  19.49  19.76  21.72  21.91 999.00  19.59  21.79  23.65  20.17  20.67  11.64  19.08   5.00  22.01  21.44  23.56  19.95  20.69  24.54  24.48  23.40  24.89  25.07
 wrfout_d04_2016-12-13_01:00:00 999.00  21.32  17.02  21.59  18.42  21.69  20.34  21.48  20.82  21.63  22.77  22.82 999.00  21.47  24.61  24.58  22.88  20.90  12.87  21.69   6.17  22.02  22.50  24.29  22.81  23.42  25.87  26.23  24.26  25.82  26.67
 wrfout_d04_2016-12-13_02:00:00 999.00  21.33  18.50  22.13  19.72  22.04  22.19  22.10  22.20  22.99  23.71  23.23 999.00  22.32  26.27  25.31  24.15  22.03  13.95  23.82   7.07  21.93  23.18  24.92  24.88  25.21  26.62  28.12  25.39  26.48  27.79
 wrfout_d04_2016-12-13_03:00:00 999.00  21.34  19.32  22.65  20.64  22.50  23.99  22.31  23.98  24.51  24.72  23.77 999.00  22.97  27.65  25.70  23.48  20.74  14.65  25.86   7.46  21.95  23.69  25.30  26.75  27.25  27.08  29.67  25.66  26.87  28.57
 wrfout_d04_2016-12-13_04:00:00 999.00  21.37  19.64  22.99  21.30  21.91  24.83  22.42  24.98  25.40  25.16  24.09 999.00  23.60  28.64  25.82  23.92  21.23  14.99  27.34   7.72  21.30  23.68  25.46  28.17  28.58  27.36  30.68  25.84  27.02  28.95
 wrfout_d04_2016-12-13_05:00:00 999.00  21.39  19.93  23.21  21.40  22.09  25.00  22.50  25.32  25.78  25.02  24.06 999.00  23.62  29.12  25.66  23.83  22.16  14.95  28.05   7.64  21.55  23.46  25.42  29.29  29.36  27.37  31.24  25.78  26.90  28.95
 wrfout_d04_2016-12-13_06:00:00 999.00  21.57  18.99  22.60  21.13  22.06  24.78  22.28  24.90  24.79  24.55  23.70 999.00  23.24  28.95  25.46  23.41  22.73  14.60  28.03   7.16  21.61  23.41  25.20  29.25  29.45  26.89  31.29  25.59  26.55  28.57
 wrfout_d04_2016-12-13_07:00:00 999.00  21.72  17.82  21.92  20.24  21.69  24.16  21.98  23.91  24.00  24.30  23.17 999.00  22.81  27.74  25.21  22.74  22.54  13.49  27.20   6.38  22.05  23.55  24.65  28.19  28.50  26.92  30.97  25.11  25.95  28.00
 wrfout_d04_2016-12-13_08:00:00 999.00  21.83  16.54  21.04  18.73  21.24  23.35  21.39  22.83  23.01  23.92  22.61 999.00  22.12  25.12  24.62  21.62  21.92  11.64  24.69   5.16  22.19  23.43  23.75  26.78  27.07  26.50  30.52  24.21  25.12  27.27
 wrfout_d04_2016-12-13_09:00:00 999.00  21.82  14.51  19.23  15.82  20.48  21.96  20.54  21.43  21.45  23.02  21.63 999.00  21.34  23.25  23.89  16.78  20.92   6.59  22.43   3.48  22.07  23.13  22.83  24.55  24.85  25.74  29.81  22.80  23.80  26.38
 wrfout_d04_2016-12-13_10:00:00 999.00  21.67  14.07  18.06  15.45  20.09  21.07  20.27  20.80  20.38  21.57  21.56 999.00  20.61  22.85  23.28  15.43  20.75   5.66  21.67   3.55  21.78  22.99  22.65  23.20  23.48  25.22  29.13  22.50  23.41  25.92
 wrfout_d04_2016-12-13_11:00:00 999.00  21.68  13.94  17.77  15.23  19.77  20.60  20.00  20.49  19.93  21.29  21.29 999.00  20.48  21.71  22.73  15.00  20.59   5.32  20.76   3.66  21.74  22.24  22.15  22.58  22.89  24.73  27.74  22.07  23.28  25.55
 wrfout_d04_2016-12-13_12:00:00 999.00  21.44  13.88  17.50  15.13  19.66  20.16  19.77  21.31  19.59  20.95  21.01 999.00  20.53  21.63  22.39  14.53  20.52   4.96  20.23   3.67  21.78  21.92  21.83  21.75  22.22  24.42  26.20  22.04  23.11  25.24
 wrfout_d04_2016-12-13_13:00:00 999.00  21.14  13.82  17.27  15.01  19.58  19.76  19.70  20.42  19.32  20.08  20.11 999.00  20.69  21.61  22.37  14.13  20.55   4.61  19.33   3.48  21.76  22.19  21.65  20.99  21.43  23.82  25.24  21.99  23.04  25.03
 wrfout_d04_2016-12-13_14:00:00 999.00  20.86  13.85  17.03  14.95  18.83  19.58  19.36  19.62  19.28  19.62  19.52 999.00  20.51  21.82  22.14  13.72  20.68   4.24  18.84   2.81  21.88  22.22  21.38  20.38  20.97  23.41  24.57  21.69  23.57  24.32
 wrfout_d04_2016-12-13_15:00:00 999.00  20.54  14.21  18.80  14.94  20.02  19.60  19.64  18.88  19.24  19.49  19.80 999.00  20.54  21.77  21.92  13.33  20.81   4.06  18.65   1.98  22.17  22.48  21.17  19.95  20.37  23.32  23.82  21.38  23.59  23.81
 wrfout_d04_2016-12-13_16:00:00 999.00  20.57  13.99  18.99  15.31  19.90  19.49  20.30  19.44  18.83  19.48  19.26 999.00  20.05  20.94  21.76  12.99  20.68   4.00  18.26   1.58  22.24  22.47  20.89  19.89  20.40  22.91  22.78  20.71  23.63  23.36
 wrfout_d04_2016-12-13_17:00:00 999.00  20.49  13.15  17.85  14.80  19.55  19.66  20.04  19.76  18.80  19.77  19.70 999.00  19.79  20.36  21.85  12.72  20.61   3.89  18.26   1.33  22.18  22.45  20.93  19.70  20.10  22.71  22.50  20.38  23.63  23.19
 wrfout_d04_2016-12-13_18:00:00 999.00  20.38  13.48  18.53  14.37  19.57  20.17  19.49  19.17  19.02  19.87  19.75 999.00  19.65  19.93  21.89  12.53  20.55   3.68  18.01   0.25  22.16  22.17  20.71  19.46  19.74  22.35  21.95  20.04  22.98  22.87
 wrfout_d04_2016-12-13_19:00:00 999.00  20.03  13.13  18.40  14.03  19.40  20.04  19.46  19.21  18.42  19.75  19.15 999.00  19.48  19.46  21.86  12.38  20.36   3.51  17.68   0.33  21.84  21.78  20.41  19.50  19.59  22.35  21.45  19.69  22.98  22.62
 wrfout_d04_2016-12-13_20:00:00 999.00  20.21  12.95  18.12  14.20  18.76  19.75  19.50  19.68  18.23  19.53  19.09 999.00  19.28  18.84  21.56  12.27  20.06   3.37  17.25  -0.33  21.63  21.60  20.36  19.05  19.10  22.03  20.92  19.40  22.57  22.38
 wrfout_d04_2016-12-13_21:00:00 999.00  20.08  12.77  17.95  14.10  18.79  19.33  18.97  19.48  18.18  19.35  18.87 999.00  19.08  18.45  21.24  12.10  19.88   3.24  16.99   0.54  21.28  21.38  20.31  18.78  18.76  21.95  20.55  19.16  22.82  22.20
 wrfout_d04_2016-12-13_22:00:00 999.00  20.02  12.62  17.82  13.94  18.62  19.02  18.91  19.44  17.90  19.29  18.75 999.00  19.00  18.35  21.46  11.87  19.79   3.13  16.79   1.29  21.24  21.13  19.95  18.57  18.59  21.97  20.32  18.94  22.87  22.09
 wrfout_d04_2016-12-13_23:00:00 999.00  19.89  12.55  17.78  13.94  18.63  18.97  18.62  18.75  18.42  19.14  18.36 999.00  18.91  18.53  21.48  13.64  19.67   5.53  16.80   2.62  21.00  20.68  20.42  18.63  18.75  21.86  20.59  19.80  22.80  22.26
