 wrfout_d04_2016-04-16_00:00:00 999.00  20.40  21.20  23.45  21.69  24.05  23.37  21.65  23.71  21.16  26.73  26.62 999.00  25.27  25.61  27.09  23.86  24.22  18.43  24.33  11.50  24.44  24.86  26.21  26.43  25.53  26.96  27.12  25.78  26.49  27.50
 wrfout_d04_2016-04-16_01:00:00 999.00  20.67  22.12  25.21  22.50  25.68  25.19  22.35  25.41  24.33  27.68  27.52 999.00  26.92  27.47  28.12  25.57  25.01  19.49  25.91  12.48  24.41  25.08  26.96  28.10  27.05  27.73  27.95  26.62  26.83  28.91
 wrfout_d04_2016-04-16_02:00:00 999.00  20.64  23.44  25.58  23.83  26.87  27.00  23.15  26.99  25.14  28.67  28.24 999.00  27.78  28.56  28.71  26.67  26.64  20.11  27.97  13.12  24.56  25.41  27.50  29.31  28.52  28.41  29.01  27.62  27.76  29.68
 wrfout_d04_2016-04-16_03:00:00 999.00  20.99  24.03  27.06  24.55  25.96  29.12  24.41  29.07  27.15  29.51  28.76 999.00  27.99  30.36  29.13  26.97  27.15  20.51  29.13  13.54  24.53  25.27  27.88  30.41  29.70  28.75  29.53  28.69  27.99  30.08
 wrfout_d04_2016-04-16_04:00:00 999.00  21.28  24.19  27.17  25.06  26.68  30.68  24.49  30.16  27.16  29.92  29.49 999.00  28.19  31.62  29.32  27.61  25.90  20.51  30.55  13.62  24.63  26.07  28.09  31.43  30.39  28.93  30.10  29.73  28.19  30.78
 wrfout_d04_2016-04-16_05:00:00 999.00  21.92  24.10  26.69  24.91  27.08  30.37  24.43  29.24  27.29  30.18  29.82 999.00  28.52  32.70  29.33  27.82  26.11  20.32  31.33  13.50  24.69  26.08  28.19  31.59  30.62  29.50  30.55  30.31  28.25  30.66
 wrfout_d04_2016-04-16_06:00:00 999.00  22.40  23.71  25.77  24.59  27.49  29.60  24.58  29.90  26.90  30.21  30.11 999.00  28.75  32.93  29.29  28.16  26.23  19.74  31.72  13.08  24.72  25.82  28.05  31.93  30.92  29.97  30.55  30.28  28.14  30.11
 wrfout_d04_2016-04-16_07:00:00 999.00  22.12  23.27  26.73  24.18  27.55  29.73  24.77  30.28  26.60  30.03  30.09 999.00  28.36  32.80  29.17  27.75  26.77  18.99  31.56  12.46  24.76  25.36  28.12  31.76  30.76  29.80  30.25  30.12  27.81  29.61
 wrfout_d04_2016-04-16_08:00:00 999.00  22.58  22.60  26.81  23.59  27.39  29.25  24.69  29.67  26.28  29.53  29.56 999.00  27.71  32.10  29.01  26.96  26.50  18.07  31.01  11.48  24.78  25.35  28.14  31.18  30.12  29.50  29.87  29.33  27.26  28.76
 wrfout_d04_2016-04-16_09:00:00 999.00  22.60  21.58  26.38  22.65  26.41  28.73  24.41  28.54  25.59  28.74  28.54 999.00  27.17  30.46  28.39  25.62  26.01  16.86  29.76  10.33  24.80  25.41  27.78  30.26  29.26  29.21  29.23  27.83  26.49  27.89
 wrfout_d04_2016-04-16_10:00:00 999.00  22.65  20.34  24.29  21.18  25.02  27.35  23.97  26.93  24.90  27.44  27.06 999.00  26.43  28.46  27.68  23.16  25.60  15.04  27.37   8.98  24.83  25.48  27.30  29.08  28.24  28.55  28.73  25.51  25.34  27.00
 wrfout_d04_2016-04-16_11:00:00 999.00  23.00  19.82  23.28  20.57  24.17  26.04  23.75  25.70  25.23  26.58  26.86 999.00  26.05  27.39  27.24  21.52  25.20  14.90  26.13   8.76  24.88  25.29  27.39  28.42  27.70  28.15  28.76  24.61  24.94  26.57
 wrfout_d04_2016-04-16_12:00:00 999.00  23.11  19.76  23.03  20.48  25.31  26.01  23.64  25.55  25.31  25.89  26.73 999.00  25.86  26.99  27.14  20.79  25.15  14.76  25.93   8.71  24.79  25.32  27.28  27.93  27.29  27.99  28.88  24.29  24.72  26.80
 wrfout_d04_2016-04-16_13:00:00 999.00  22.76  19.85  22.86  20.59  24.48  25.33  23.82  25.23  25.37  25.19  26.05 999.00  25.81  26.67  26.51  20.20  24.91  14.61  25.45   8.55  24.71  25.38  26.82  27.27  26.94  27.91  28.81  24.02  24.52  26.89
 wrfout_d04_2016-04-16_14:00:00 999.00  23.31  19.90  23.29  20.70  24.80  24.83  24.30  24.92  25.41  24.91  25.32 999.00  25.68  26.34  26.14  19.67  24.63  14.44  25.03   8.41  24.74  25.41  25.51  27.29  27.13  27.65  28.83  23.79  24.37  26.83
 wrfout_d04_2016-04-16_15:00:00 999.00  23.70  19.92  23.46  20.76  25.09  24.53  24.35  24.59  25.43  24.32  24.84 999.00  25.59  26.01  26.08  19.23  24.58  14.13  25.06   8.10  24.84  25.48  25.18  27.22  27.27  26.83  28.77  23.65  24.24  26.67
 wrfout_d04_2016-04-16_16:00:00 999.00  23.56  19.80  23.65  20.69  25.15  24.17  24.17  24.23  25.40  23.79  24.73 999.00  25.49  25.64  25.89  18.87  24.60  12.81  25.09   7.69  24.89  25.57  25.04  27.02  27.17  26.39  28.40  23.46  24.19  26.53
 wrfout_d04_2016-04-16_17:00:00 999.00  23.40  19.57  23.37  20.66  24.92  23.88  23.86  23.99  25.19  23.64  24.24 999.00  25.13  25.28  25.68  18.56  24.91  11.62  24.94   7.40  24.87  25.51  24.51  26.86  26.95  26.02  27.82  23.12  24.25  26.65
 wrfout_d04_2016-04-16_18:00:00 999.00  23.03  19.63  22.54  20.31  24.74  23.56  23.34  23.66  24.15  23.23  23.97 999.00  24.93  25.34  25.75  18.25  25.02  11.38  24.58   7.58  24.89  25.49  24.48  26.46  26.03  27.94  26.91  22.74  24.33  26.44
 wrfout_d04_2016-04-16_19:00:00 999.00  22.97  19.20  21.92  20.34  24.25  24.64  23.16  23.66  24.72  23.32  24.91 999.00  24.84  25.36  25.80  17.92  25.11  11.23  24.31   7.87  24.87  25.76  24.10  26.27  25.69  27.05  26.51  22.18  24.38  25.89
 wrfout_d04_2016-04-16_20:00:00 999.00  22.21  19.52  22.99  20.06  22.74  23.44  23.44  24.38  22.69  23.10  23.63 999.00  24.47  25.04  25.70  17.58  24.65  11.20  24.02   8.31  24.80  25.89  24.78  25.78  25.58  25.76  26.37  22.60  24.20  25.18
 wrfout_d04_2016-04-16_21:00:00 999.00  21.26  19.25  22.87  20.11  22.49  23.07  22.84  23.07  22.17  23.00  23.24 999.00  24.17  24.61  25.67  17.27  23.49  10.97  23.54   8.23  24.77  25.81  25.17  24.59  25.16  25.31  26.41  21.51  23.85  24.81
 wrfout_d04_2016-04-16_22:00:00 999.00  20.62  19.35  22.87  20.41  23.50  24.19  22.84  24.07  23.07  24.65  24.31 999.00  24.81  24.65  26.00  18.33  23.71  13.34  23.37   8.46  24.90  24.64  25.67  24.43  25.57  25.77  26.68  22.19  23.79  24.92
 wrfout_d04_2016-04-16_23:00:00 999.00  21.24  19.21  21.54  20.25  21.16  25.11  21.67  26.01  25.42  26.17  25.57 999.00  26.71  25.73  26.85  22.14  25.76  16.62  24.76   9.86  24.95  24.36  27.03  25.82  26.38  27.64  27.70  25.45  25.77  26.04
