 wrfout_d04_2016-02-16_00:00:00 999.00  13.64   6.93  12.85   8.32  12.87  12.29  12.90  12.09  12.20  11.72  12.35 999.00  11.98  11.57  13.70  10.85  14.67   5.63   9.96   0.67  16.70  14.33  13.91  11.57  11.82  14.43  13.96  13.77  16.63  16.61
 wrfout_d04_2016-02-16_01:00:00 999.00  13.71   7.90  13.47   9.36  13.25  13.29  14.28  13.04  12.80  12.25  12.84 999.00  12.76  12.30  14.02  11.64  15.37   6.55  10.40   0.73  16.80  14.37  14.25  11.97  12.16  14.32  14.31  14.05  16.77  17.55
 wrfout_d04_2016-02-16_02:00:00 999.00  13.82   8.23  13.43  10.12  13.51  13.67  14.56  13.52  13.44  12.57  13.04 999.00  13.51  13.34  14.13  12.98  15.41   6.30  10.95   0.97  16.84  14.65  14.73  12.52  12.73  14.44  15.09  14.41  16.89  17.99
 wrfout_d04_2016-02-16_03:00:00 999.00  13.87   8.39  13.60  10.48  13.56  13.84  14.18  13.82  14.32  12.99  13.14 999.00  15.19  14.89  14.44  13.04  15.45   6.29  11.62   1.10  16.90  14.85  15.24  12.79  13.21  14.60  16.02  14.65  16.94  18.49
 wrfout_d04_2016-02-16_04:00:00 999.00  13.98   8.19  13.40  10.02  13.50  13.73  14.37  13.87  14.48  13.10  13.14 999.00  15.07  15.47  14.63  11.94  15.93   6.31  11.96   1.28  16.92  15.21  15.49  13.26  13.64  15.07  16.78  15.04  16.70  19.35
 wrfout_d04_2016-02-16_05:00:00 999.00  14.10   7.61  13.21   9.33  13.49  13.58  15.22  13.63  14.60  12.90  13.02 999.00  15.44  15.66  14.85  12.47  16.50   5.98  12.67   1.16  16.93  15.71  15.83  13.78  14.18  15.51  18.96  15.51  16.77  18.79
 wrfout_d04_2016-02-16_06:00:00 999.00  14.25   7.45  13.15   9.02  13.42  13.59  14.64  13.66  14.42  12.46  12.71 999.00  16.21  16.42  15.07  11.33  16.99   6.28  13.16   1.02  16.98  16.59  15.69  14.66  15.07  15.80  19.54  15.49  16.76  18.95
 wrfout_d04_2016-02-16_07:00:00 999.00  14.41   7.17  12.95   8.51  13.32  13.50  13.92  13.51  13.94  11.97  12.56 999.00  16.29  17.09  15.02  10.91  16.77   6.10  13.92   0.63  16.94  17.54  15.73  15.43  15.73  15.95  18.85  15.35  16.99  18.83
 wrfout_d04_2016-02-16_08:00:00 999.00  14.62   6.96  12.81   8.22  13.38  13.40  13.85  13.29  13.72  12.02  12.37 999.00  15.53  16.58  15.17  10.50  16.22   5.75  14.57   0.27  16.97  17.83  15.82  15.71  16.03  15.70  17.95  15.48  17.05  19.39
 wrfout_d04_2016-02-16_09:00:00 999.00  14.67   6.94  12.49   8.18  13.47  13.46  13.74  13.23  13.43  12.02  12.53 999.00  14.98  15.42  15.34  10.62  15.85   5.17  14.94  -0.10  17.07  17.91  15.76  15.59  16.08  16.03  17.75  15.19  17.09  18.68
 wrfout_d04_2016-02-16_10:00:00 999.00  14.42   7.02  12.25   8.26  13.56  13.57  13.62  13.21  13.33  12.13  12.63 999.00  14.43  14.71  15.26  10.92  15.77   4.93  14.79  -0.25  17.23  17.91  15.63  15.65  16.05  15.91  17.77  15.14  17.27  18.79
 wrfout_d04_2016-02-16_11:00:00 999.00  14.46   7.16  12.22   8.38  13.61  13.61  13.45  13.18  13.39  12.26  12.58 999.00  13.89  14.44  15.26  10.84  15.84   4.83  14.66  -0.39  17.26  17.60  15.50  15.85  16.09  15.90  17.96  15.13  17.35  18.80
 wrfout_d04_2016-02-16_12:00:00 999.00  14.64   7.09  12.10   8.32  13.66  13.56  13.38  13.12  13.41  12.33  12.65 999.00  13.75  14.42  15.38  10.52  15.86   4.93  14.36  -0.59  17.50  17.52  15.20  15.72  15.92  16.30  17.64  15.07  17.52  18.76
 wrfout_d04_2016-02-16_13:00:00 999.00  14.83   7.26  11.82   8.43  13.58  13.42  13.26  13.00  12.56  12.31  12.80 999.00  13.80  14.48  15.42  10.53  16.01   4.66  13.84  -0.85  17.57  17.23  15.68  15.44  15.68  16.74  17.65  15.16  17.43  18.60
 wrfout_d04_2016-02-16_14:00:00 999.00  15.06   7.41  11.88   8.62  13.62  13.37  13.27  12.84  13.22  12.37  13.00 999.00  13.83  14.42  15.51  10.59  16.10   4.03  13.46  -1.07  17.80  16.89  15.92  15.20  15.43  16.90  17.22  15.13  17.49  18.69
 wrfout_d04_2016-02-16_15:00:00 999.00  15.25   7.55  11.87   8.74  13.21  13.01  13.34  12.52  13.10  12.27  13.15 999.00  13.73  14.25  15.82  10.60  15.69   3.95  13.16  -1.25  17.32  16.53  15.93  14.88  15.17  16.53  16.86  15.09  17.73  18.52
 wrfout_d04_2016-02-16_16:00:00 999.00  15.28   7.63  11.97   8.86  13.06  12.47  13.37  12.37  13.17  12.01  12.99 999.00  13.77  13.65  15.83  10.73  15.89   4.89  12.63  -1.28  17.43  16.58  16.21  14.52  14.80  14.56  16.56  14.61  17.76  18.24
 wrfout_d04_2016-02-16_17:00:00 999.00  15.38   7.68  12.06   8.92  13.18  12.44  13.44  12.43  13.11  12.15  13.18 999.00  13.74  13.85  15.99  10.80  16.09   4.83  12.41  -1.26  17.52  16.78  16.28  14.53  14.77  14.40  16.65  13.97  17.88  18.09
 wrfout_d04_2016-02-16_18:00:00 999.00  15.55   7.71  12.06   8.95  12.52  12.12  13.75  12.28  12.85  12.12  13.22 999.00  13.67  13.55  15.83  10.74  15.53   5.08  12.20  -1.20  17.56  16.69  15.06  14.35  14.64  16.11  16.32  14.44  17.83  17.95
 wrfout_d04_2016-02-16_19:00:00 999.00  15.68   7.72  12.23   8.95  12.92  12.04  13.90  12.13  12.74  12.34  13.44 999.00  13.85  13.35  15.82  10.51  15.79   5.09  12.13  -1.14  17.71  16.54  14.54  14.19  14.52  16.40  16.13  14.79  17.99  17.55
 wrfout_d04_2016-02-16_20:00:00 999.00  15.78   7.75  12.11   8.95  12.96  12.01  13.97  12.05  12.51  12.33  13.65 999.00  14.03  13.40  15.37  10.48  15.81   5.10  11.77  -1.13  17.68  16.33  13.71  14.25  14.51  16.47  15.78  14.65  18.14  17.64
 wrfout_d04_2016-02-16_21:00:00 999.00  15.83   7.82  12.18   9.01  12.98  12.25  13.75  12.27  13.23  12.31  13.70 999.00  14.10  13.52  15.42  10.57  15.78   5.04  11.68  -1.26  17.62  15.98  13.75  13.88  14.20  16.40  15.59  14.29  17.91  17.77
 wrfout_d04_2016-02-16_22:00:00 999.00  15.89   7.87  12.14   9.01  13.23  12.48  13.68  12.56  13.48  12.31  13.66 999.00  14.05  13.64  16.20  10.73  15.85   5.08  11.92  -1.29  17.62  16.35  13.54  13.78  13.94  16.58  15.91  14.98  18.23  18.36
 wrfout_d04_2016-02-16_23:00:00 999.00  15.96   8.09  12.15   9.15  13.58  12.97  13.71  13.01  13.66  12.62  13.91 999.00  14.17  13.83  16.57  11.54  15.95   5.02  12.26  -1.33  17.71  16.84  15.95  13.95  14.14  17.00  16.41  15.24  18.56  18.28
