 wrfout_d04_2016-06-07_00:00:00 999.00  26.88  23.44  27.84  24.35  28.27  28.63  26.59  28.00  27.14  27.51  27.56 999.00  27.60  28.36  28.89  24.40  29.43  17.63  27.66  11.53  28.21  28.78  28.21  29.54  30.15  30.08  30.61  28.64  28.15  29.23
 wrfout_d04_2016-06-07_01:00:00 999.00  26.90  24.54  28.99  25.84  29.03  29.41  27.07  29.14  27.71  28.49  28.16 999.00  28.15  30.06  29.71  23.58  30.03  15.94  26.79  11.13  28.18  25.73  28.89  29.96  29.87  30.99  31.35  29.35  30.33  30.05
 wrfout_d04_2016-06-07_02:00:00 999.00  26.94  24.89  27.93  26.83  29.51  29.77  27.12  29.44  29.89  29.71  29.28 999.00  30.08  27.70  29.82  24.88  30.42  17.74  29.13  10.98  28.22  26.66  29.41  27.72  28.33  31.22  31.86  29.79  31.12  31.25
 wrfout_d04_2016-06-07_03:00:00 999.00  26.90  24.83  29.42  27.27  29.39  29.75  28.32  31.09  31.09  30.23  29.93 999.00  31.07  29.99  30.74  25.53  30.68  18.72  30.17  11.76  28.22  27.16  28.96  29.31  29.65  30.19  31.99  30.35  29.59  31.01
 wrfout_d04_2016-06-07_04:00:00 999.00  26.86  25.35  29.64  27.54  29.65  31.73  28.23  32.13  31.30  28.48  30.20 999.00  30.80  32.22  30.79  26.61  30.86  19.55  29.87  10.84  28.24  27.97  28.39  32.05  31.76  31.12  32.21  29.59  31.04  31.85
 wrfout_d04_2016-06-07_05:00:00 999.00  26.78  26.42  29.77  28.01  29.61  32.05  28.33  32.47  31.32  27.10  28.80 999.00  31.06  33.76  30.37  28.71  30.96  18.78  28.95  11.96  28.19  27.91  29.46  32.41  32.37  30.59  32.04  30.52  30.80  31.71
 wrfout_d04_2016-06-07_06:00:00 999.00  26.79  25.85  29.70  27.54  29.11  32.08  27.89  32.22  30.94  26.30  28.62 999.00  30.78  33.67  30.57  28.69  30.84  16.12  30.27  11.25  28.17  28.02  29.48  33.22  32.31  29.17  32.32  30.46  29.18  31.44
 wrfout_d04_2016-06-07_07:00:00 999.00  26.85  26.04  29.68  27.43  29.03  31.90  28.00  32.03  30.92  25.44  26.82 999.00  30.28  33.09  28.73  24.76  30.92  18.27  31.22  11.34  28.18  28.09  28.96  32.85  31.85  27.97  31.98  30.16  30.29  31.35
 wrfout_d04_2016-06-07_08:00:00 999.00  26.78  25.15  29.40  25.85  29.03  31.49  27.91  31.89  30.61  25.14  26.74 999.00  29.75  32.15  29.32  23.95  30.67  17.94  30.89  11.56  28.19  28.49  26.64  32.06  31.20  29.57  31.62  29.68  29.30  30.65
 wrfout_d04_2016-06-07_09:00:00 999.00  27.00  24.69  28.48  25.83  28.24  31.43  27.81  31.72  30.61  26.68  26.58 999.00  29.25  31.31  28.99  24.80  29.95  16.53  30.02  11.12  28.12  28.56  26.78  31.23  30.56  29.98  31.24  29.07  28.63  30.27
 wrfout_d04_2016-06-07_10:00:00 999.00  27.02  23.38  28.01  24.68  27.88  30.24  26.67  30.98  29.71  27.38  27.22 999.00  29.26  30.67  29.13  23.89  29.17  15.95  28.87  10.70  28.14  28.67  26.95  30.20  29.74  29.50  30.76  27.43  27.82  29.91
 wrfout_d04_2016-06-07_11:00:00 999.00  27.06  21.58  26.11  22.25  27.50  28.49  25.86  29.10  28.21  26.73  26.69 999.00  28.32  30.10  28.64  22.37  28.64  15.26  27.82  10.10  28.18  28.61  26.84  29.24  28.99  28.94  30.35  26.40  27.33  29.55
 wrfout_d04_2016-06-07_12:00:00 999.00  27.14  21.30  25.97  22.14  27.12  28.39  25.74  28.53  27.56  26.44  26.74 999.00  28.14  29.67  28.54  21.80  28.22  15.53  27.70  10.15  28.17  28.68  26.25  28.91  28.78  27.96  30.13  25.88  27.24  29.41
 wrfout_d04_2016-06-07_13:00:00 999.00  27.03  21.20  25.82  22.12  26.74  28.05  25.44  28.08  27.43  26.44  26.75 999.00  28.14  29.32  28.44  22.21  28.17  15.46  27.56  10.18  28.01  28.61  26.06  28.78  28.64  27.88  30.01  25.47  27.07  29.21
 wrfout_d04_2016-06-07_14:00:00 999.00  26.95  20.91  25.55  21.77  26.47  27.66  25.15  27.89  27.50  26.09  26.45 999.00  28.15  28.37  27.87  21.49  27.91  13.62  27.33   8.92  27.97  28.50  25.81  28.61  28.51  27.95  29.98  25.13  26.82  28.96
 wrfout_d04_2016-06-07_15:00:00 999.00  26.90  20.52  25.04  21.45  26.16  27.41  24.84  27.62  27.05  26.65  26.24 999.00  27.96  27.15  27.94  20.77  27.67  13.24  26.85   7.43  27.87  28.32  25.62  28.37  28.37  27.73  29.76  24.84  26.71  28.75
 wrfout_d04_2016-06-07_16:00:00 999.00  26.94  20.23  24.71  21.20  25.89  27.14  24.76  27.32  26.72  25.30  26.07 999.00  27.84  27.12  27.83  20.65  27.54  12.74  26.45   6.64  27.93  28.10  25.69  28.19  28.18  27.65  29.42  24.49  26.52  28.40
 wrfout_d04_2016-06-07_17:00:00 999.00  26.98  20.02  24.45  20.92  25.59  26.95  24.50  27.02  26.08  25.41  25.93 999.00  27.66  27.05  27.36  20.35  27.41  12.54  26.24   6.08  27.87  27.96  25.19  27.72  28.04  27.39  29.29  24.31  25.69  28.30
 wrfout_d04_2016-06-07_18:00:00 999.00  26.96  19.88  24.28  20.79  25.59  26.67  24.35  26.75  25.82  25.10  26.22 999.00  27.51  26.82  27.56  20.13  27.29  12.20  25.99   5.72  27.82  27.65  25.23  27.13  27.70  27.21  29.09  24.13  25.98  28.06
 wrfout_d04_2016-06-07_19:00:00 999.00  26.91  19.67  24.12  20.59  25.28  26.44  24.19  26.49  25.52  24.97  25.88 999.00  27.39  26.65  27.22  19.85  27.23  11.95  25.70   5.48  27.80  27.28  25.04  26.76  27.28  27.21  28.99  23.93  26.06  27.93
 wrfout_d04_2016-06-07_20:00:00 999.00  26.96  19.51  23.91  20.40  25.02  26.13  24.11  26.19  25.18  24.56  25.32 999.00  27.14  26.44  27.19  19.67  27.16  11.65  25.40   5.10  27.75  26.52  24.95  26.52  26.96  27.05  28.87  23.78  26.11  27.71
 wrfout_d04_2016-06-07_21:00:00 999.00  27.03  19.50  23.74  20.35  25.05  25.88  23.90  25.94  24.96  24.38  25.34 999.00  26.94  26.25  27.10  19.47  27.19  11.56  25.24   5.13  27.79  26.89  24.72  26.22  26.82  26.82  28.82  23.73  26.08  27.64
 wrfout_d04_2016-06-07_22:00:00 999.00  27.09  21.70  26.33  23.04  25.93  26.60  25.43  26.70  25.52  26.08  26.29 999.00  27.20  26.55  27.49  22.10  27.51  14.69  25.58   8.76  27.84  26.02  26.99  26.52  26.89  27.26  28.80  26.45  27.21  27.90
 wrfout_d04_2016-06-07_23:00:00 999.00  27.13  22.75  27.34  23.83  27.53  27.79  26.52  27.92  26.94  27.50  27.52 999.00  28.15  27.56  28.67  25.05  28.34  16.38  27.00  10.49  27.92  26.93  27.92  28.19  28.48  28.80  29.89  27.72  28.47  29.05
