 wrfout_d04_2016-07-07_00:00:00 999.00  29.36  23.75  30.70  25.56  28.84  30.05  30.56  30.16  30.71  28.53  29.01 999.00  29.64  29.16  30.12  26.19  29.69  18.79  27.35  13.23  28.41  28.19  28.98  28.99  28.97  30.89  30.42  30.12  29.15  29.46
 wrfout_d04_2016-07-07_01:00:00 999.00  29.46  24.13  30.63  25.53  29.11  30.13  31.22  30.40  31.75  29.12  28.83 999.00  30.40  30.62  30.70  24.89  29.93  19.96  28.92  14.10  28.51  28.31  29.33  30.27  30.11  31.63  30.86  30.58  29.69  30.17
 wrfout_d04_2016-07-07_02:00:00 999.00  29.44  24.40  30.83  25.85  29.86  30.28  30.94  30.92  31.72  29.36  29.00 999.00  30.23  30.88  30.80  26.67  30.84  20.75  29.94  14.29  28.60  28.57  29.80  31.42  31.06  31.96  31.43  30.78  29.77  30.48
 wrfout_d04_2016-07-07_03:00:00 999.00  29.49  24.60  30.99  26.10  30.45  31.08  30.63  31.42  31.78  29.84  29.68 999.00  30.69  31.69  31.48  26.73  29.77  20.38  30.06  14.14  28.97  28.75  30.25  31.80  31.69  32.56  31.86  30.99  29.90  30.50
 wrfout_d04_2016-07-07_04:00:00 999.00  29.49  24.92  31.25  25.80  30.35  30.73  30.32  31.14  31.81  30.73  30.79 999.00  30.94  31.00  31.74  26.09  30.83  19.89  30.42  14.85  29.08  28.59  30.65  31.71  31.58  33.04  31.84  31.97  30.74  30.85
 wrfout_d04_2016-07-07_05:00:00 999.00  29.34  25.21  31.54  26.80  30.65  30.70  29.86  31.15  31.94  30.60  30.39 999.00  31.23  31.28  32.17  26.96  30.71  20.69  30.56  14.83  28.71  28.74  31.08  30.74  30.28  33.47  32.18  32.12  30.81  31.30
 wrfout_d04_2016-07-07_06:00:00 999.00  29.24  25.18  31.78  26.83  29.67  32.01  30.13  32.14  32.43  30.63  29.92 999.00  31.82  32.00  32.52  28.17  30.25  20.43  31.23  14.62  28.77  28.76  30.40  31.77  31.46  33.19  32.33  32.09  30.88  31.46
 wrfout_d04_2016-07-07_07:00:00 999.00  29.20  24.62  31.36  26.29  29.78  30.32  30.04  30.60  32.51  30.20  29.86 999.00  31.33  33.43  31.99  27.77  29.69  19.85  31.65  14.30  28.71  28.84  29.98  32.58  32.33  32.69  32.26  31.98  29.80  31.34
 wrfout_d04_2016-07-07_08:00:00 999.00  29.24  23.77  30.68  25.53  29.10  30.61  29.82  30.30  31.48  29.48  29.10 999.00  31.24  33.39  31.18  27.62  29.99  19.49  31.31  13.54  28.90  29.20  30.16  31.91  32.16  32.90  32.38  30.96  28.74  30.90
 wrfout_d04_2016-07-07_09:00:00 999.00  29.26  23.33  29.53  24.94  28.74  29.58  29.42  29.57  30.14  29.07  28.71 999.00  30.98  32.52  30.44  26.92  29.39  18.59  30.63  12.44  28.90  29.14  29.13  31.19  31.36  31.96  32.26  29.86  28.55  30.54
 wrfout_d04_2016-07-07_10:00:00 999.00  29.28  23.11  28.70  24.42  28.66  29.13  28.56  29.15  29.73  28.69  28.63 999.00  30.80  31.71  30.29  25.44  29.26  17.27  30.19  11.65  29.10  29.52  29.00  30.47  30.51  31.23  31.63  28.99  28.56  29.92
 wrfout_d04_2016-07-07_11:00:00 999.00  29.29  23.21  28.36  24.24  28.58  29.08  28.29  28.94  29.19  28.64  28.58 999.00  29.89  31.18  30.00  23.73  28.88  16.34  29.05  11.30  29.10  29.41  29.28  30.06  30.08  31.18  31.55  27.87  28.44  29.45
 wrfout_d04_2016-07-07_12:00:00 999.00  29.32  23.40  28.37  24.15  28.66  29.06  28.29  28.93  29.01  28.60  28.80 999.00  29.38  30.27  29.85  23.23  28.90  16.99  28.63  11.41  29.09  29.29  29.24  29.30  29.47  31.26  31.84  27.66  27.90  29.19
 wrfout_d04_2016-07-07_13:00:00 999.00  29.36  23.35  28.45  24.16  28.58  29.09  28.29  29.01  28.93  28.47  28.83 999.00  29.26  29.69  29.92  23.26  28.90  17.12  28.54  11.40  29.15  29.28  29.28  28.89  28.92  31.12  32.11  27.69  27.46  29.45
 wrfout_d04_2016-07-07_14:00:00 999.00  29.44  23.37  28.32  24.23  28.52  29.03  28.35  29.06  29.21  28.72  28.91 999.00  29.28  29.34  30.06  23.08  28.83  17.25  28.44  11.64  29.26  29.18  29.47  28.64  28.67  31.58  31.57  27.48  26.84  29.45
 wrfout_d04_2016-07-07_15:00:00 999.00  29.50  23.37  28.65  24.29  28.46  28.95  28.54  28.90  29.24  28.70  28.84 999.00  29.69  29.11  29.88  22.78  28.91  17.21  27.66  11.32  29.23  28.85  29.24  28.52  28.53  30.89  31.16  28.99  26.39  29.06
 wrfout_d04_2016-07-07_16:00:00 999.00  29.53  23.46  28.53  24.38  28.67  29.18  28.62  29.22  29.30  28.82  28.77 999.00  29.67  29.02  29.84  23.05  28.90  17.89  26.83  11.29  29.20  28.87  27.85  28.03  28.28  29.50  30.54  28.75  26.21  28.68
 wrfout_d04_2016-07-07_17:00:00 999.00  29.63  23.49  29.16  24.52  28.75  29.29  28.69  29.34  29.53  28.88  28.80 999.00  29.72  29.01  29.47  23.11  28.91  17.32  26.67  11.38  29.14  29.05  27.84  27.88  27.96  29.29  29.66  29.63  25.33  28.25
 wrfout_d04_2016-07-07_18:00:00 999.00  29.72  23.64  29.17  24.60  28.82  29.31  29.05  29.35  29.79  29.05  28.77 999.00  30.01  28.76  28.99  23.35  28.74  17.38  26.90  12.02  28.96  29.30  26.87  27.93  28.11  27.90  29.20  25.97  25.18  27.61
 wrfout_d04_2016-07-07_19:00:00 999.00  29.74  23.66  28.84  24.47  28.76  29.26  28.99  29.40  29.64  29.14  28.72 999.00  30.30  29.34  29.08  23.69  28.65  17.37  27.13  11.74  28.89  29.11  27.05  28.22  28.37  28.90  29.34  26.24  25.11  26.01
 wrfout_d04_2016-07-07_20:00:00 999.00  29.68  23.39  28.86  24.52  28.62  29.25  29.01  29.46  29.64  29.09  28.69 999.00  30.45  29.42  29.10  23.01  28.83  17.26  27.32  11.47  28.99  29.12  26.90  28.79  28.88  27.72  29.05  26.50  24.20  27.21
 wrfout_d04_2016-07-07_21:00:00 999.00  29.79  23.32  29.16  24.58  28.72  29.22  29.13  29.28  29.73  28.97  28.67 999.00  30.36  29.60  28.65  24.18  29.05  17.10  28.97  11.80  29.15  29.44  26.59  29.41  29.29  27.88  29.37  25.52  25.93  27.92
 wrfout_d04_2016-07-07_22:00:00 999.00  29.80  23.49  29.01  24.69  28.86  29.38  29.24  29.48  29.52  29.25  28.74 999.00  30.48  30.67  28.55  25.46  29.20  16.27  28.65  11.44  29.20  29.65  26.63  29.79  29.88  26.51  29.32  25.32  26.48  27.62
 wrfout_d04_2016-07-07_23:00:00 999.00  29.84  23.52  29.09  24.85  29.10  29.57  29.26  29.71  29.67  29.33  28.93 999.00  30.49  30.64  29.06  26.18  29.17  16.09  29.32  11.93  29.22  29.74  26.24  30.74  30.62  28.06  29.58  25.61  26.80  27.90
