 wrfout_d04_2016-08-24_00:00:00 999.00  29.12  25.32  30.02  26.87  28.49  30.50  30.04  30.60  30.75  30.35  29.95 999.00  30.39  29.37  29.45  26.23  29.62  18.88  28.20  13.39  28.48  28.26  28.71  28.58  28.73  29.86  30.11  28.79  28.81  30.03
 wrfout_d04_2016-08-24_01:00:00 999.00  29.38  26.10  30.22  27.18  29.16  31.82  30.56  31.76  32.12  31.50  31.11 999.00  31.38  31.16  30.44  26.77  30.39  20.01  29.55  14.48  28.65  28.30  29.22  29.44  29.27  30.91  30.61  29.41  29.78  30.89
 wrfout_d04_2016-08-24_02:00:00 999.00  29.53  26.79  30.99  27.60  30.96  32.81  30.57  32.99  33.10  32.44  31.79 999.00  31.87  32.79  31.11  27.78  30.55  19.75  30.87  14.54  28.74  28.38  29.69  31.49  31.26  31.35  31.19  29.92  30.43  31.50
 wrfout_d04_2016-08-24_03:00:00 999.00  29.53  27.14  32.36  28.66  31.31  33.83  30.57  33.81  33.37  32.72  31.92 999.00  32.27  34.27  31.63  28.13  31.14  21.12  31.96  13.63  28.86  28.38  30.18  32.94  32.18  31.58  31.60  30.36  30.92  30.58
 wrfout_d04_2016-08-24_04:00:00 999.00  29.47  27.33  32.66  29.27  31.54  34.77  30.83  34.72  33.55  32.39  31.74 999.00  32.47  33.68  31.96  27.29  31.38  20.25  32.88  13.79  28.92  28.35  30.35  33.70  32.74  31.67  32.15  30.59  31.22  31.44
 wrfout_d04_2016-08-24_05:00:00 999.00  29.43  27.30  32.63  29.20  31.52  34.92  31.02  35.10  33.67  32.71  31.58 999.00  32.66  33.92  32.08  27.84  31.25  20.47  33.24  13.44  28.87  28.52  30.33  33.78  32.64  31.72  32.23  29.05  31.37  31.77
 wrfout_d04_2016-08-24_06:00:00 999.00  29.40  27.00  32.48  28.86  31.36  34.63  30.93  34.94  33.62  33.22  31.59 999.00  32.36  33.81  31.94  30.03  31.22  21.25  32.06  13.31  28.85  28.66  30.22  33.56  32.46  31.50  32.22  28.15  31.37  31.75
 wrfout_d04_2016-08-24_07:00:00 999.00  29.34  26.42  32.26  28.21  30.88  34.08  30.67  34.46  33.18  33.07  31.40 999.00  31.97  33.98  31.48  29.42  31.01  20.88  31.44  13.33  28.80  28.56  29.93  33.21  32.19  30.99  32.00  28.08  30.92  31.73
 wrfout_d04_2016-08-24_08:00:00 999.00  29.30  25.57  31.48  27.32  30.36  33.02  30.20  33.42  32.84  32.19  30.59 999.00  31.32  33.32  30.80  28.39  30.34  20.23  31.30  13.15  28.78  28.59  29.49  32.62  31.81  31.06  31.46  27.67  30.21  31.61
 wrfout_d04_2016-08-24_09:00:00 999.00  29.29  24.36  30.36  25.88  29.73  31.79  29.58  32.05  31.63  31.17  29.89 999.00  30.75  32.03  30.15  27.89  29.99  19.00  31.33  13.56  28.74  28.53  28.88  31.49  30.91  30.19  30.96  27.25  29.09  31.08
 wrfout_d04_2016-08-24_10:00:00 999.00  29.28  22.74  28.29  24.08  28.98  30.14  28.62  30.46  30.49  29.84  29.07 999.00  29.80  30.79  29.80  24.93  29.40  17.41  30.70  12.31  28.71  28.62  28.06  30.62  30.05  29.91  30.74  26.78  27.72  30.48
 wrfout_d04_2016-08-24_11:00:00 999.00  29.25  21.92  26.62  23.42  28.47  29.01  28.18  29.24  29.33  29.18  28.59 999.00  29.38  30.11  29.38  24.24  29.00  17.34  29.69   9.88  28.68  28.59  27.33  30.01  29.49  29.79  30.56  26.64  26.56  29.90
 wrfout_d04_2016-08-24_12:00:00 999.00  29.22  21.69  26.13  23.12  28.14  28.46  27.94  28.50  28.78  28.75  28.30 999.00  29.14  29.64  28.91  24.35  28.77  15.96  29.14   9.27  28.59  28.45  27.07  29.80  29.24  29.72  30.31  26.09  25.99  29.57
 wrfout_d04_2016-08-24_13:00:00 999.00  29.18  21.57  25.66  22.96  27.77  28.05  27.62  28.05  28.54  28.08  27.98 999.00  29.04  29.53  28.95  23.51  28.63  15.85  28.84   8.87  28.56  28.46  26.84  29.43  28.94  29.55  30.09  25.73  25.57  29.30
 wrfout_d04_2016-08-24_14:00:00 999.00  29.15  21.49  25.23  22.86  27.28  27.75  27.12  27.76  28.07  27.77  27.66 999.00  28.83  29.32  28.45  24.16  28.42  17.08  28.22   8.78  28.45  28.34  26.55  29.25  28.86  29.43  29.91  25.20  25.22  29.10
 wrfout_d04_2016-08-24_15:00:00 999.00  29.09  21.38  24.84  22.75  26.82  27.51  26.68  27.44  27.52  27.41  27.35 999.00  28.64  29.24  28.13  23.86  28.33  16.96  27.70   8.78  28.32  28.27  26.31  29.02  28.76  29.26  29.60  24.86  24.91  28.84
 wrfout_d04_2016-08-24_16:00:00 999.00  29.04  21.10  24.52  22.61  26.49  27.26  26.12  27.17  26.98  27.02  27.09 999.00  28.39  29.10  27.91  23.91  28.21  16.95  27.31  10.22  28.23  28.25  26.14  28.73  28.56  29.08  29.33  24.71  24.70  28.57
 wrfout_d04_2016-08-24_17:00:00 999.00  29.00  20.63  24.24  22.52  26.28  27.00  25.66  26.96  26.65  26.73  26.90 999.00  28.07  28.58  27.67  23.78  28.14  15.35  27.48   7.89  28.20  28.12  25.88  28.65  28.65  29.00  29.27  24.47  24.58  28.30
 wrfout_d04_2016-08-24_18:00:00 999.00  28.99  19.68  24.02  22.29  26.06  26.73  25.05  26.71  26.25  26.55  26.68 999.00  27.69  28.20  27.43  22.35  28.05  14.43  27.40   7.54  28.22  28.04  25.74  28.59  28.58  28.87  29.16  24.33  24.50  28.11
 wrfout_d04_2016-08-24_19:00:00 999.00  29.00  19.60  23.89  22.00  25.95  26.47  24.74  26.49  25.99  26.41  26.43 999.00  27.39  27.68  27.21  21.95  27.90  14.07  27.16   7.24  28.21  28.03  26.58  28.15  28.29  28.73  28.98  24.19  24.40  27.95
 wrfout_d04_2016-08-24_20:00:00 999.00  29.02  19.58  23.80  21.90  25.70  26.10  24.46  26.36  25.74  26.39  26.16 999.00  27.11  27.28  27.08  21.56  27.71  13.84  26.61   6.97  28.20  28.13  26.51  28.08  28.03  28.47  28.94  24.03  24.32  27.74
 wrfout_d04_2016-08-24_21:00:00 999.00  29.06  19.65  23.76  22.00  25.66  25.84  24.25  26.03  25.41  25.89  26.06 999.00  26.92  26.97  27.03  21.18  27.62  13.63  26.24   6.77  28.35  27.96  25.93  27.78  27.91  28.25  28.82  23.91  24.30  27.65
 wrfout_d04_2016-08-24_22:00:00 999.00  29.16  21.64  25.27  22.72  25.98  26.09  25.25  26.38  25.66  26.02  26.60 999.00  26.91  26.88  27.14  22.00  27.80  14.66  26.44   8.06  28.39  28.10  26.40  27.72  27.89  28.18  28.89  24.80  25.19  27.82
 wrfout_d04_2016-08-24_23:00:00 999.00  29.23  23.11  27.67  24.52  27.79  27.45  27.47  27.71  27.59  27.77  27.94 999.00  28.00  27.88  28.15  24.86  28.34  18.45  27.36  12.23  28.32  28.13  27.82  28.21  28.92  28.64  29.64  28.14  28.01  28.75
