 wrfout_d04_2016-01-05_00:00:00 999.00  20.32  19.09  19.39  20.41  19.80  19.98  19.52  20.62  18.78  21.40  22.23 999.00  18.64  22.03  24.24  20.49  20.81  13.78  20.87   7.69  21.23  20.76  24.92  21.70  22.81  25.10  25.94  23.60  24.65  25.30
 wrfout_d04_2016-01-05_01:00:00 999.00  20.32  22.04  19.90  22.20  20.89  21.02  19.82  21.65  19.95  22.88  22.71 999.00  18.78  22.88  25.33  22.10  21.18  15.16  22.69   8.95  21.27  21.85  25.57  24.15  25.35  26.51  26.73  25.06  25.35  26.29
 wrfout_d04_2016-01-05_02:00:00 999.00  20.23  21.45  22.13  22.35  23.26  23.48  20.73  23.80  21.50  24.14  24.60 999.00  19.34  23.70  26.09  23.35  22.04  16.05  24.58   9.81  21.23  22.66  25.56  26.70  27.10  27.13  27.32  24.83  25.86  27.10
 wrfout_d04_2016-01-05_03:00:00 999.00  20.48  22.07  24.42  23.02  24.35  26.14  21.26  25.83  22.67  25.76  25.78 999.00  21.26  25.97  26.47  24.29  23.01  16.45  25.87   9.81  21.14  22.54  25.91  28.15  27.81  27.66  27.77  24.30  26.11  27.74
 wrfout_d04_2016-01-05_04:00:00 999.00  20.60  22.42  21.92  23.46  24.82  27.13  20.93  26.51  23.84  26.45  25.86 999.00  22.22  26.94  26.85  24.70  22.87  16.71  26.92   9.57  21.05  22.52  25.85  28.45  28.19  27.27  27.97  25.27  26.24  28.12
 wrfout_d04_2016-01-05_05:00:00 999.00  20.78  22.33  21.47  22.96  24.24  25.15  20.56  27.45  22.31  26.44  25.85 999.00  20.44  27.62  26.78  24.42  23.45  16.37  27.52   8.29  21.02  22.53  26.01  29.38  28.44  27.35  28.02  25.77  26.22  28.33
 wrfout_d04_2016-01-05_06:00:00 999.00  20.61  20.73  20.27  23.45  21.23  23.77  20.20  24.91  21.28  26.12  25.44 999.00  21.93  27.62  26.74  24.10  22.34  15.77  27.88   7.18  20.89  22.32  25.88  29.47  28.10  27.20  27.78  25.71  26.01  28.17
 wrfout_d04_2016-01-05_07:00:00 999.00  20.22  18.83  20.29  22.08  20.40  22.93  19.53  23.36  21.16  25.42  24.39 999.00  21.91  27.15  26.17  23.54  20.71  14.71  27.70   6.57  20.86  22.06  25.53  28.80  27.66  26.89  27.42  25.25  25.58  27.71
 wrfout_d04_2016-01-05_08:00:00 999.00  19.98  17.69  20.27  19.51  19.87  21.88  19.65  21.78  20.08  23.41  23.51 999.00  20.78  26.24  25.60  22.62  19.50  13.41  26.15   6.51  20.67  21.59  25.03  27.51  26.59  26.46  26.78  24.63  24.94  27.05
 wrfout_d04_2016-01-05_09:00:00 999.00  20.21  17.21  19.73  18.23  19.61  21.59  19.82  21.20  20.24  23.65  22.13 999.00  20.08  24.79  25.41  20.61  19.30  12.18  24.62   6.36  19.80  21.14  24.15  25.69  25.42  25.52  26.02  23.48  23.73  26.05
 wrfout_d04_2016-01-05_10:00:00 999.00  20.42  16.84  19.73  17.79  19.59  21.15  19.92  20.93  20.17  22.80  21.77 999.00  19.61  23.50  24.65  19.41  19.55   9.02  22.27   5.74  19.44  20.36  23.63  24.55  24.62  24.92  25.44  21.84  22.73  25.31
 wrfout_d04_2016-01-05_11:00:00 999.00  20.66  16.50  19.81  17.36  19.63  20.89  19.54  20.93  20.33  22.18  21.27 999.00  19.16  23.25  23.81  17.38  19.76   8.95  21.54   5.20  19.87  20.27  23.91  23.15  23.23  24.76  25.22  21.48  22.35  25.05
 wrfout_d04_2016-01-05_12:00:00 999.00  20.52  16.53  19.52  17.37  19.66  20.93  19.75  20.51  20.04  22.26  21.17 999.00  19.42  23.61  24.14  16.99  20.01  11.69  21.42   5.90  19.62  20.51  23.33  22.38  23.07  24.52  25.55  21.18  21.74  24.88
 wrfout_d04_2016-01-05_13:00:00 999.00  20.50  16.49  19.49  17.24  19.80  20.54  19.97  20.25  19.96  21.51  21.14 999.00  19.96  23.59  24.01  16.71  19.68  10.79  21.65   5.78  19.68  21.01  23.36  22.38  23.02  24.45  25.87  20.92  21.53  24.82
 wrfout_d04_2016-01-05_14:00:00 999.00  20.25  16.55  19.63  17.16  19.93  20.46  19.88  20.33  19.66  21.42  21.19 999.00  19.60  21.80  23.74  16.51  19.19  10.66  22.07   4.85  20.51  21.40  22.40  22.38  23.31  24.36  25.80  20.66  21.51  24.78
 wrfout_d04_2016-01-05_15:00:00 999.00  20.00  16.53  19.73  17.52  20.02  20.51  19.88  20.52  19.89  20.51  20.75 999.00  19.49  20.41  23.58  16.20  19.04  10.49  21.72   4.87  20.59  21.52  22.19  22.33  22.76  24.24  25.84  20.42  21.13  24.61
 wrfout_d04_2016-01-05_16:00:00 999.00  20.01  15.83  19.58  16.85  19.47  20.52  19.31  20.48  20.09  20.12  20.69 999.00  19.07  20.60  23.09  15.89  19.68  10.44  20.83   4.56  20.48  21.44  22.01  22.50  22.79  23.88  25.54  20.25  20.87  24.50
 wrfout_d04_2016-01-05_17:00:00 999.00  20.11  15.16  19.31  15.89  19.14  20.53  19.34  20.24  19.26  19.64  20.70 999.00  19.50  20.59  23.32  15.67  19.63  10.47  19.41   4.57  20.44  21.10  21.89  21.73  22.25  23.65  25.48  20.07  20.62  24.00
 wrfout_d04_2016-01-05_18:00:00 999.00  20.32  15.25  19.42  16.07  19.19  20.45  19.59  20.01  19.49  20.96  20.57 999.00  19.82  20.36  22.98  15.57  19.81  10.09  19.32   4.49  20.74  20.93  21.69  21.29  21.81  23.46  25.28  19.90  20.44  23.94
 wrfout_d04_2016-01-05_19:00:00 999.00  20.33  15.36  19.39  15.97  19.37  20.25  19.48  19.93  19.72  20.52  20.49 999.00  19.14  20.35  22.88  15.50  19.71   9.90  18.95   4.39  20.55  20.63  21.55  20.87  21.25  23.27  24.89  19.75  20.50  23.80
 wrfout_d04_2016-01-05_20:00:00 999.00  20.33  15.37  19.26  16.17  19.33  20.64  18.87  19.98  19.46  20.39  20.56 999.00  19.26  19.99  22.75  15.28  19.66   9.85  18.75   4.15  20.51  20.46  21.45  20.47  20.64  23.05  23.89  19.55  20.35  23.48
 wrfout_d04_2016-01-05_21:00:00 999.00  20.16  15.36  19.05  15.99  19.21  20.37  18.65  19.91  18.87  20.22  20.32 999.00  19.01  20.03  22.72  15.22  19.64   9.55  18.56   4.12  20.50  20.49  21.37  19.95  20.26  23.17  23.19  19.42  20.32  23.45
 wrfout_d04_2016-01-05_22:00:00 999.00  20.10  15.44  18.68  16.13  19.16  19.60  18.68  19.52  18.92  20.12  19.10 999.00  18.74  19.24  22.56  15.09  19.65   9.62  18.17   4.07  20.61  20.43  21.23  19.83  20.01  22.99  23.06  19.34  20.32  23.52
 wrfout_d04_2016-01-05_23:00:00 999.00  19.85  15.28  18.50  16.28  19.10  19.44  18.63  19.44  18.78  20.06  20.07 999.00  18.65  19.33  23.00  16.19  19.67  10.19  18.59   4.19  20.59  20.63  22.48  19.84  19.93  23.04  23.21  20.14  21.28  24.00
