 wrfout_d04_2016-02-28_00:00:00 999.00  17.59  11.67  16.43  12.99  16.99  16.51  17.30  16.82  16.90  17.14  17.30 999.00  17.22  16.80  19.13  16.59  17.77   9.50  15.14   3.83  18.49  17.68  19.17  16.72  16.86  20.64  19.09  19.11  19.83  21.23
 wrfout_d04_2016-02-28_01:00:00 999.00  17.55  12.87  19.67  14.29  17.63  19.03  18.06  18.80  18.44  18.29  17.80 999.00  18.61  19.69  19.41  18.90  18.54  10.84  17.03   5.16  18.55  18.65  20.22  18.48  18.63  22.16  21.09  20.81  21.82  22.75
 wrfout_d04_2016-02-28_02:00:00 999.00  17.58  13.78  19.32  15.35  18.87  20.18  18.58  19.84  20.02  18.73  18.52 999.00  19.65  21.82  21.06  20.21  19.04  11.91  19.54   5.90  18.53  19.57  21.05  20.95  21.11  22.99  22.91  22.63  20.84  23.80
 wrfout_d04_2016-02-28_03:00:00 999.00  17.61  14.60  20.33  16.21  18.86  20.59  18.82  20.16  21.08  19.02  19.18 999.00  20.46  23.44  20.93  20.98  19.17  12.51  21.63   6.31  18.63  20.14  20.77  22.93  23.04  23.56  23.55  22.49  22.72  24.59
 wrfout_d04_2016-02-28_04:00:00 999.00  17.68  15.06  20.98  16.71  19.21  20.66  19.00  20.76  21.79  19.15  19.40 999.00  20.41  24.67  20.38  21.30  19.37  12.86  23.10   6.47  18.61  20.41  21.57  24.44  24.49  23.88  24.20  22.71  23.26  24.81
 wrfout_d04_2016-02-28_05:00:00 999.00  17.85  15.48  21.28  17.11  19.12  20.82  19.02  21.16  22.28  19.31  19.65 999.00  20.40  25.39  21.11  21.46  19.56  12.96  24.21   6.44  18.64  20.40  20.69  25.46  25.51  23.78  24.73  23.06  23.23  24.31
 wrfout_d04_2016-02-28_06:00:00 999.00  18.00  15.63  21.41  17.13  19.27  20.99  18.83  21.57  22.54  19.54  20.22 999.00  20.33  25.47  21.91  21.31  19.58  12.60  24.61   6.17  18.74  20.49  20.97  25.27  25.55  23.79  25.11  23.04  22.24  25.10
 wrfout_d04_2016-02-28_07:00:00 999.00  18.12  15.37  21.33  16.82  19.31  21.13  18.73  21.64  22.40  20.17  19.99 999.00  20.11  24.82  21.64  20.95  19.48  11.86  24.30   5.44  18.82  20.48  20.23  24.77  25.00  23.43  24.94  21.09  21.43  24.51
 wrfout_d04_2016-02-28_08:00:00 999.00  18.21  14.66  21.01  16.05  18.88  21.03  18.49  21.50  21.26  20.03  19.69 999.00  19.70  23.95  21.39  20.32  19.17  10.83  23.23   4.50  18.81  20.53  19.95  23.83  24.00  23.17  24.48  20.55  20.84  22.87
 wrfout_d04_2016-02-28_09:00:00 999.00  18.36  13.30  20.15  14.49  18.24  19.73  17.88  20.14  20.07  19.14  19.03 999.00  18.77  22.50  20.95  18.98  18.62   9.37  21.64   3.12  18.88  20.67  19.63  22.63  22.87  22.47  23.95  20.29  20.44  22.58
 wrfout_d04_2016-02-28_10:00:00 999.00  18.47  10.74  16.10  12.45  17.38  18.02  17.24  18.29  18.23  17.82  18.24 999.00  17.87  19.97  20.24  15.11  17.97   5.48  20.12   1.14  18.90  20.63  19.26  21.43  21.64  22.18  23.17  19.75  19.95  22.40
 wrfout_d04_2016-02-28_11:00:00 999.00  18.56  10.22  15.11  12.13  16.67  17.21  17.12  17.25  17.47  16.83  19.39 999.00  17.58  19.44  19.76  14.02  17.77   6.64  18.37   1.32  18.85  20.53  19.27  20.58  20.85  21.98  22.99  19.33  19.79  22.25
 wrfout_d04_2016-02-28_12:00:00 999.00  18.64   9.76  14.32  11.93  15.95  16.53  16.96  16.62  17.00  16.49  18.26 999.00  17.31  18.72  19.39  13.47  17.83   6.69  17.85   1.00  18.88  20.42  19.17  20.35  20.68  21.42  22.84  18.97  20.07  22.11
 wrfout_d04_2016-02-28_13:00:00 999.00  18.68   9.34  13.66  11.79  15.52  15.93  16.69  15.90  16.41  15.94  17.21 999.00  17.12  17.99  19.10  13.07  17.95   6.74  17.36   0.73  18.83  20.18  18.15  19.67  20.17  20.83  22.99  19.10  20.13  22.02
 wrfout_d04_2016-02-28_14:00:00 999.00  18.70   8.25  13.08  11.67  14.59  14.96  16.24  15.05  15.58  15.21  16.18 999.00  16.90  17.26  18.98  12.84  17.96   6.75  16.73   0.56  18.91  20.04  18.00  19.22  19.71  20.16  22.90  18.85  20.07  21.70
 wrfout_d04_2016-02-28_15:00:00 999.00  18.67   7.81  12.57  11.45  13.72  14.35  15.74  14.43  14.83  14.58  15.25 999.00  16.74  16.84  18.85  12.63  17.84   6.29  16.20   0.52  19.00  19.50  17.30  18.33  18.79  20.47  22.60  18.24  19.96  20.95
 wrfout_d04_2016-02-28_16:00:00 999.00  18.65   7.33  12.10  11.14  12.94  13.67  15.24  13.83  14.10  13.94  14.48 999.00  16.53  16.74  18.53  12.27  17.85   3.92  15.74   0.51  18.98  18.91  17.05  17.73  18.08  20.38  21.80  17.39  20.04  20.62
 wrfout_d04_2016-02-28_17:00:00 999.00  18.69   6.95  11.73  10.91  12.71  13.04  14.53  13.35  13.68  13.65  14.31 999.00  16.44  16.98  18.44  11.80  17.81   3.36  15.38   0.39  19.04  18.48  16.80  17.16  17.55  20.21  21.01  17.08  19.80  20.12
 wrfout_d04_2016-02-28_18:00:00 999.00  18.56   8.88  11.40  10.94  12.68  12.04  14.34  12.57  13.09  13.35  13.99 999.00  16.14  16.94  17.64  11.26  17.80   2.85  14.97  -0.29  19.26  18.57  16.62  16.65  17.02  20.03  20.32  16.98  19.39  19.94
 wrfout_d04_2016-02-28_19:00:00 999.00  18.32   9.42  11.37  10.99  12.27  11.57  14.63  11.81  12.83  12.36  15.81 999.00  15.91  17.10  17.19  10.82  17.84   2.43  14.64  -1.55  19.48  18.44  16.44  16.33  16.65  19.90  19.53  16.72  19.46  20.08
 wrfout_d04_2016-02-28_20:00:00 999.00  17.71   9.59  11.43  10.96  12.68  11.05  15.02  11.72  12.48  12.35  14.18 999.00  15.76  15.54  17.75  10.44  17.80   2.00  14.35  -3.09  19.53  18.46  16.21  16.02  16.23  19.53  18.89  16.56  19.42  19.83
 wrfout_d04_2016-02-28_21:00:00 999.00  17.24   9.81  11.43  11.11  13.36  10.86  14.95  11.16  12.32  11.32  13.79 999.00  15.77  15.68  18.21  10.09  18.11   1.55  14.17  -3.16  19.77  18.85  16.62  16.08  16.41  19.39  18.70  16.41  19.89  19.42
 wrfout_d04_2016-02-28_22:00:00 999.00  16.89   9.33  11.07  10.60  15.40  10.87  15.58  11.25  13.62  11.31  14.44 999.00  15.50  15.33  17.78   9.71  17.62   1.23  14.25  -3.15  19.54  18.92  17.44  16.19  16.44  19.21  18.89  16.33  19.88  19.45
 wrfout_d04_2016-02-28_23:00:00 999.00  16.52   9.49  14.12  10.79  15.82  14.68  15.75  14.83  15.12  14.58  15.65 999.00  15.87  15.72  18.21  13.15  17.46   5.35  14.53   0.92  19.09  18.68  18.19  16.61  16.69  19.65  18.79  18.07  20.02  20.02
