 wrfout_d04_2016-03-14_00:00:00 999.00  15.17   8.67  12.79   9.68  13.47  14.30  13.84  14.00  13.66  14.87  14.22 999.00  15.30  14.78  16.96  16.24  16.19  11.07  13.62   6.40  18.18  18.15  17.86  15.73  15.81  19.47  18.22  18.50  20.01  20.85
 wrfout_d04_2016-03-14_01:00:00 999.00  14.97   8.43  12.58   9.35  13.44  14.07  13.63  13.70  13.54  14.78  13.93 999.00  15.72  15.36  16.85  16.47  16.49  11.07  13.49   6.23  17.82  17.92  18.00  15.82  15.96  19.13  18.55  18.36  19.65  20.63
 wrfout_d04_2016-03-14_02:00:00 999.00  14.95   8.29  12.53   9.35  13.48  13.87  13.46  13.39  13.38  14.79  13.84 999.00  15.88  17.90  16.91  17.32  16.41  11.11  15.43   6.21  18.00  18.53  17.14  17.36  16.89  19.01  18.55  18.15  19.23  20.44
 wrfout_d04_2016-03-14_03:00:00 999.00  15.14   8.13  12.55   9.22  13.73  13.90  13.49  13.44  13.29  14.75  13.82 999.00  15.58  17.53  16.93  16.69  16.23  11.15  16.13   6.21  17.65  18.89  17.32  17.60  17.87  18.65  20.44  18.14  19.36  20.23
 wrfout_d04_2016-03-14_04:00:00 999.00  15.25   7.92  12.71   9.10  13.96  13.99  13.64  13.61  13.43  14.70  13.74 999.00  14.97  17.15  16.89  15.60  16.06  12.17  17.11   6.03  17.42  19.37  17.28  20.47  20.72  18.79  21.10  18.05  19.30  20.01
 wrfout_d04_2016-03-14_05:00:00 999.00  15.23   7.99  12.90   9.38  14.18  14.23  13.90  13.88  13.42  14.64  13.91 999.00  14.88  16.38  16.82  15.72  16.04  12.84  17.76   5.83  17.36  19.29  17.51  21.66  22.10  18.71  21.17  17.73  18.96  21.36
 wrfout_d04_2016-03-14_06:00:00 999.00  15.31   8.03  13.02   9.41  14.01  14.32  13.87  14.05  13.71  14.53  13.83 999.00  15.38  16.10  16.57  16.53  15.96  12.62  17.37   5.68  17.26  19.30  17.20  21.71  21.98  18.55  22.12  17.49  18.70  19.77
 wrfout_d04_2016-03-14_07:00:00 999.00  15.13   8.19  13.09   9.59  14.16  14.30  13.79  13.93  13.80  14.49  13.56 999.00  15.17  15.81  16.28  17.25  16.10  12.65  17.65   5.41  17.26  19.27  16.38  21.63  21.91  18.23  22.72  17.19  18.44  20.02
 wrfout_d04_2016-03-14_08:00:00 999.00  15.13   7.90  12.94   9.48  14.05  14.23  13.83  13.98  13.83  14.44  13.30 999.00  14.85  15.66  16.20  16.95  16.08  12.00  17.62   5.15  17.27  19.23  16.00  21.35  21.64  17.92  22.75  16.81  18.28  19.91
 wrfout_d04_2016-03-14_09:00:00 999.00  15.08   7.74  12.81   9.05  14.13  14.01  13.80  13.85  13.79  14.20  13.09 999.00  14.48  15.78  16.07  16.43  15.86  10.78  16.85   4.90  17.35  19.40  15.42  20.68  20.90  17.40  22.70  16.20  18.14  19.08
 wrfout_d04_2016-03-14_10:00:00 999.00  15.07   7.55  12.71   8.67  14.20  13.91  13.95  13.74  13.77  13.92  12.88 999.00  14.26  15.01  15.97  13.99  15.82  10.13  15.53   4.73  17.68  18.53  15.11  19.34  19.79  16.92  22.51  15.71  17.88  18.21
 wrfout_d04_2016-03-14_11:00:00 999.00  15.05   7.54  12.73   8.67  14.30  13.91  13.98  13.72  13.66  13.73  12.74 999.00  14.16  14.65  15.94  13.21  15.90   9.99  14.74   4.97  18.03  17.94  15.26  17.74  18.01  16.25  21.93  15.52  17.81  17.74
 wrfout_d04_2016-03-14_12:00:00 999.00  15.07   7.64  12.77   8.82  14.39  13.99  13.94  13.75  13.65  13.59  12.74 999.00  14.07  14.74  15.91  12.99  15.88   9.93  14.56   5.06  18.07  18.31  15.23  17.32  17.53  16.05  21.27  15.46  17.74  17.21
 wrfout_d04_2016-03-14_13:00:00 999.00  15.08   7.70  12.67   8.90  14.46  14.05  13.93  13.77  13.70  13.65  12.83 999.00  14.04  14.53  15.98  14.40  15.97   9.87  14.14   5.03  18.23  18.29  15.30  16.69  17.03  15.91  20.51  15.34  17.77  17.39
 wrfout_d04_2016-03-14_14:00:00 999.00  15.19   7.85  12.73   9.09  14.50  14.19  13.95  13.89  13.78  13.05  13.07 999.00  14.09  14.51  15.95  14.28  16.04   9.84  13.94   4.94  18.35  18.02  15.53  16.38  16.57  15.76  19.56  15.29  17.69  17.19
 wrfout_d04_2016-03-14_15:00:00 999.00  15.23   7.87  12.79   9.13  14.48  14.29  13.95  13.93  14.02  12.63  13.15 999.00  14.13  14.75  15.66  14.57  16.12   9.71  13.74   4.81  18.48  18.01  15.66  16.33  16.51  15.41  19.01  15.25  17.60  16.90
 wrfout_d04_2016-03-14_16:00:00 999.00  15.20   7.91  12.79   9.19  14.52  14.34  13.93  13.95  14.15  12.62  13.26 999.00  14.19  14.77  15.28  14.29  16.32   9.56  13.68   4.64  18.60  17.49  15.73  16.25  16.42  15.46  18.78  15.22  17.70  16.94
 wrfout_d04_2016-03-14_17:00:00 999.00  15.47   8.09  12.87   9.37  14.53  14.43  14.06  14.06  14.39  12.64  13.39 999.00  14.36  14.72  14.92  14.40  16.42   9.39  13.88   4.55  18.62  17.73  15.75  16.12  16.48  15.54  18.58  15.29  17.92  16.94
 wrfout_d04_2016-03-14_18:00:00 999.00  15.62   8.02  12.92   9.32  14.53  14.47  14.25  14.14  14.47  12.74  13.37 999.00  14.59  14.98  14.97  14.52  16.47   9.24  13.90   4.36  18.65  17.75  15.87  16.18  16.50  16.05  18.31  15.33  17.98  16.91
 wrfout_d04_2016-03-14_19:00:00 999.00  15.71   8.18  12.97   9.48  14.65  14.58  14.22  14.18  14.62  12.86  13.23 999.00  14.72  14.99  15.12  14.56  16.66   9.12  13.81   4.14  18.68  16.88  15.97  16.05  16.41  16.20  17.76  15.40  17.95  17.26
 wrfout_d04_2016-03-14_20:00:00 999.00  15.84   8.31  13.18   9.62  14.73  14.68  14.37  14.27  14.68  12.99  13.30 999.00  14.95  15.09  15.19  14.51  16.86   9.03  13.85   4.12  18.85  16.66  16.08  15.96  16.39  16.35  17.83  15.50  18.03  17.33
 wrfout_d04_2016-03-14_21:00:00 999.00  16.00   8.36  13.35   9.70  14.67  14.79  14.54  14.37  14.81  12.95  13.36 999.00  13.25  15.20  15.29  14.41  17.24   9.03  13.88   4.09  19.12  17.40  16.11  16.16  16.48  16.52  17.99  15.51  18.11  17.47
 wrfout_d04_2016-03-14_22:00:00 999.00  16.10   8.41  13.40   9.73  14.66  14.70  14.62  14.22  14.97  13.07  13.55 999.00  14.37  15.29  15.37  14.49  17.34   8.96  14.12   4.10  19.24  17.89  16.41  15.94  16.29  16.65  18.00  15.59  18.23  17.60
 wrfout_d04_2016-03-14_23:00:00 999.00  16.20   8.51  13.50   9.79  14.37  14.43  14.63  14.08  15.04  13.44  14.02 999.00  14.86  15.30  15.43  14.60  17.50   9.01  14.13   4.14  19.19  16.88  16.72  15.56  15.77  16.78  17.97  15.89  18.42  17.94
