 wrfout_d04_2016-12-23_00:00:00 999.00  17.77  10.26  17.16  11.68  17.33  17.45  17.15  17.35  16.97  17.87  17.66 999.00  18.34  19.27  19.43  19.50  19.45  12.38  17.53   6.04  20.10  19.79  18.98  19.05  19.32  20.69  21.94  19.12  20.48  21.53
 wrfout_d04_2016-12-23_01:00:00 999.00  17.48  11.19  17.80  12.73  16.83  17.81  17.71  18.02  17.80  18.49  18.42 999.00  19.73  21.32  19.98  21.33  20.85  13.05  18.83   7.32  20.48  19.84  20.12  17.55  17.89  22.05  21.23  19.73  19.74  21.44
 wrfout_d04_2016-12-23_02:00:00 999.00  17.42  11.68  18.50  13.26  17.83  18.37  18.47  18.63  18.89  18.91  18.81 999.00  21.44  23.35  20.17  22.51  21.29  14.31  21.02   8.03  20.51  20.33  20.33  18.14  18.61  23.30  22.27  20.65  19.81  22.17
 wrfout_d04_2016-12-23_03:00:00 999.00  17.41  12.01  18.94  13.63  16.98  18.65  18.91  19.08  19.58  19.21  19.20 999.00  22.50  24.99  20.95  23.38  21.32  14.77  22.64   8.41  20.49  21.32  20.63  19.18  19.59  23.95  22.97  21.20  19.69  23.02
 wrfout_d04_2016-12-23_04:00:00 999.00  17.54  12.10  19.13  13.66  17.51  18.90  19.09  19.31  19.86  19.40  19.30 999.00  22.87  25.93  21.14  23.24  21.54  14.65  24.53   8.70  20.61  22.65  20.76  22.72  22.82  24.09  23.47  20.76  19.69  22.87
 wrfout_d04_2016-12-23_05:00:00 999.00  17.57  11.81  18.99  13.47  17.25  18.86  19.15  19.18  19.90  19.38  19.22 999.00  23.05  26.48  21.14  22.94  20.97  14.66  25.50   8.45  20.62  23.01  20.60  24.49  24.57  23.53  24.66  20.49  19.76  22.91
 wrfout_d04_2016-12-23_06:00:00 999.00  17.58  11.62  18.69  13.26  17.23  18.50  18.98  18.68  19.57  19.10  19.15 999.00  22.94  26.28  20.99  22.34  21.35  13.62  25.53   7.90  20.66  22.86  19.82  25.78  25.75  23.02  25.00  20.15  19.66  22.91
 wrfout_d04_2016-12-23_07:00:00 999.00  17.59  10.66  17.95  12.58  17.04  18.13  18.51  18.47  18.33  18.82  18.87 999.00  22.55  25.91  20.68  21.70  21.01  12.78  25.50   7.05  20.58  22.74  19.32  25.81  25.78  21.86  24.99  20.26  19.60  22.44
 wrfout_d04_2016-12-23_08:00:00 999.00  17.58  10.48  17.09  11.97  16.96  17.58  17.70  17.78  17.79  18.21  18.26 999.00  21.80  24.63  20.28  20.41  20.65  11.92  24.70   5.69  20.52  22.75  18.63  24.70  24.97  21.15  24.75  19.14  19.37  21.67
 wrfout_d04_2016-12-23_09:00:00 999.00  17.55   9.92  16.12  11.15  16.88  16.84  16.66  16.95  16.75  16.97  17.57 999.00  19.92  22.97  19.55  17.15  20.23   8.38  22.89   1.29  20.57  22.83  17.78  23.31  23.58  20.20  24.50  18.01  19.53  20.83
 wrfout_d04_2016-12-23_10:00:00 999.00  17.50   9.79  16.00  11.04  16.82  16.50  16.34  16.62  16.51  16.80  17.30 999.00  18.62  21.66  19.23  15.78  20.15   6.61  21.67   2.67  20.55  22.84  17.53  22.59  22.86  19.34  24.45  17.30  19.18  20.11
 wrfout_d04_2016-12-23_11:00:00 999.00  17.43   9.76  15.79  11.04  16.70  16.33  16.16  16.59  16.36  16.90  17.23 999.00  18.34  20.26  18.99  15.43  19.84   6.37  20.58   3.24  20.55  22.91  17.30  22.12  22.42  18.87  24.31  16.62  19.17  19.49
 wrfout_d04_2016-12-23_12:00:00 999.00  17.35   9.93  13.97  11.03  16.64  16.15  16.04  16.41  16.33  17.14  17.54 999.00  18.28  19.97  18.72  15.13  19.41   6.05  20.14   3.14  20.64  22.55  17.09  21.40  21.93  18.47  24.20  16.39  18.92  19.15
 wrfout_d04_2016-12-23_13:00:00 999.00  17.27   9.59  13.66  10.96  16.52  16.08  15.91  16.01  16.21  17.09  17.52 999.00  18.12  19.98  18.40  14.80  19.25   5.74  19.72   2.77  20.93  22.10  16.96  20.96  21.46  18.43  24.05  16.20  19.05  18.93
 wrfout_d04_2016-12-23_14:00:00 999.00  17.16   9.54  13.37  10.90  16.45  15.99  15.82  15.86  16.16  17.06  17.48 999.00  17.99  20.01  18.39  14.46  19.23   5.38  19.38   2.24  21.18  21.18  16.94  20.63  21.04  18.15  23.93  16.05  19.08  18.72
 wrfout_d04_2016-12-23_15:00:00 999.00  17.07   9.45  13.10  10.83  16.27  15.88  15.71  15.68  16.08  17.18  17.43 999.00  17.80  20.05  18.35  14.06  19.18   5.07  18.75   2.13  21.24  20.81  16.93  20.11  20.57  17.98  23.86  16.07  18.92  18.50
 wrfout_d04_2016-12-23_16:00:00 999.00  17.03   9.43  12.90  10.80  16.21  15.76  15.68  15.52  16.14  17.10  17.37 999.00  17.64  19.91  18.21  13.59  19.33   4.80  18.29   2.07  21.27  20.55  16.82  19.64  20.19  18.02  23.77  16.25  18.80  18.50
 wrfout_d04_2016-12-23_17:00:00 999.00  17.03   9.44  12.74  10.80  16.26  15.73  15.52  15.47  16.16  17.09  17.37 999.00  17.62  19.65  17.91  13.21  19.37   4.57  18.34   2.15  21.30  20.36  16.79  19.49  20.00  17.99  23.25  15.89  18.99  18.51
 wrfout_d04_2016-12-23_18:00:00 999.00  17.02   9.49  12.62  10.88  16.20  15.75  15.50  15.98  16.26  16.99  17.33 999.00  17.56  19.38  17.63  12.92  19.32   4.37  18.04   1.92  21.31  20.14  16.74  19.51  19.73  17.67  22.47  15.81  18.96  18.45
 wrfout_d04_2016-12-23_19:00:00 999.00  17.09   9.81  13.42  11.01  16.33  15.78  15.60  16.12  16.27  16.95  17.36 999.00  17.57  19.16  17.53  12.69  19.22   4.15  18.02   1.55  21.32  20.03  16.60  19.13  19.60  17.54  22.04  15.78  18.91  18.40
 wrfout_d04_2016-12-23_20:00:00 999.00  17.22   9.94  13.65  11.12  16.45  15.72  15.62  16.23  16.25  16.92  17.34 999.00  17.18  18.79  17.33  12.51  19.20   4.01  17.98   1.40  21.40  20.11  16.58  18.21  18.72  17.45  21.45  15.77  18.93  18.37
 wrfout_d04_2016-12-23_21:00:00 999.00  17.39  10.06  14.16  11.20  16.56  15.70  15.73  15.68  16.23  16.85  17.40 999.00  16.97  18.48  17.49  12.42  19.27   3.95  17.78   1.38  21.44  19.95  16.43  17.84  18.32  17.42  21.11  15.70  18.94  18.37
 wrfout_d04_2016-12-23_22:00:00 999.00  17.53  10.23  14.56  11.34  16.71  15.90  15.88  15.57  16.19  16.85  17.40 999.00  17.31  18.58  17.71  12.32  19.37   3.95  17.61   1.13  21.36  19.83  16.46  17.70  18.58  17.44  21.18  15.79  19.04  18.43
 wrfout_d04_2016-12-23_23:00:00 999.00  17.77  10.49  15.26  11.70  16.88  16.30  16.14  15.94  16.42  16.72  17.51 999.00  18.14  18.71  17.90  13.93  19.62   5.98  18.02   2.57  21.45  19.72  16.92  17.59  18.52  18.04  21.60  16.26  19.10  18.77
