 wrfout_d04_2016-03-25_00:00:00 999.00  14.76   7.18  11.69   8.28  12.78  11.37  13.05  11.51  12.21  12.75  12.69 999.00  12.52  12.76  15.85  12.46  14.85   6.88  10.81   1.56  16.78  15.39  16.74  12.61  12.59  16.32  13.93  15.47  17.69  17.48
 wrfout_d04_2016-03-25_01:00:00 999.00  14.44   7.13  11.71   8.30  12.73  11.23  12.63  11.36  12.20  13.26  12.80 999.00  13.14  12.98  15.81  13.33  14.81   7.20  11.23   1.58  16.51  15.21  17.55  13.35  13.44  17.40  14.30  15.72  17.49  17.02
 wrfout_d04_2016-03-25_02:00:00 999.00  14.51   7.26  11.92   8.43  12.76  11.42  12.98  11.59  12.38  13.47  13.40 999.00  13.82  13.30  16.11  13.20  15.17   8.25  12.36   1.70  16.53  15.44  18.09  13.40  13.46  18.99  14.95  16.04  17.50  17.26
 wrfout_d04_2016-03-25_03:00:00 999.00  14.67   7.38  12.01   8.62  12.96  11.58  13.10  11.76  12.64  14.01  13.44 999.00  14.33  13.64  16.76  12.26  15.48   7.17  13.85   1.89  16.90  15.99  18.01  13.90  13.93  19.39  15.46  17.09  17.57  17.85
 wrfout_d04_2016-03-25_04:00:00 999.00  14.83   7.55  12.10   8.75  13.01  11.79  12.88  11.93  12.67  14.27  13.58 999.00  14.21  13.71  17.00  12.39  15.46   7.82  15.69   2.03  16.88  17.12  17.25  15.37  15.23  19.24  16.54  18.94  18.06  18.33
 wrfout_d04_2016-03-25_05:00:00 999.00  14.69   7.56  12.07   8.74  12.93  11.92  12.97  11.95  12.47  14.09  13.55 999.00  14.24  14.36  17.14  11.91  15.35   7.50  16.32   1.99  16.82  17.54  16.80  16.56  16.41  19.65  16.93  18.12  18.46  19.11
 wrfout_d04_2016-03-25_06:00:00 999.00  14.59   7.52  11.99   8.71  12.96  12.16  12.86  12.18  12.57  13.66  13.51 999.00  14.15  14.47  16.83  11.79  15.51   7.21  15.29   1.82  16.78  17.36  16.47  17.22  17.32  19.07  17.52  17.35  17.80  18.87
 wrfout_d04_2016-03-25_07:00:00 999.00  14.59   7.33  12.02   8.57  12.96  12.19  12.67  12.32  12.20  12.94  13.79 999.00  13.92  14.03  16.72  11.14  15.08   6.83  13.66   1.51  16.85  16.81  16.32  16.77  16.99  18.40  17.47  16.97  17.99  18.59
 wrfout_d04_2016-03-25_08:00:00 999.00  14.83   7.17  11.76   8.38  12.85  12.36  12.62  12.34  12.12  12.86  13.60 999.00  13.66  13.49  16.63  10.96  14.92   6.52  13.02   1.30  16.73  16.52  16.17  15.77  15.91  17.96  17.93  16.46  17.91  18.40
 wrfout_d04_2016-03-25_09:00:00 999.00  14.80   6.87  11.51   8.08  12.56  12.02  12.77  11.98  12.06  12.69  13.07 999.00  13.45  12.60  16.52  10.87  15.06   6.30  12.68   1.16  17.02  16.23  16.21  14.83  15.18  17.83  17.13  16.12  17.67  18.40
 wrfout_d04_2016-03-25_10:00:00 999.00  14.78   6.65  11.32   7.79  12.23  11.66  12.77  11.66  12.06  12.44  12.54 999.00  13.26  12.15  16.32  10.69  15.26   5.98  12.40   1.07  17.16  16.20  16.07  14.34  14.51  16.99  16.71  15.93  17.50  18.28
 wrfout_d04_2016-03-25_11:00:00 999.00  15.04   6.61  11.40   7.70  12.38  11.44  12.89  11.48  12.09  12.35  12.37 999.00  13.29  12.14  16.42  10.09  15.24   5.83  12.18   0.95  17.11  16.48  15.92  14.09  14.21  16.47  15.88  15.79  17.43  17.72
 wrfout_d04_2016-03-25_12:00:00 999.00  15.19   6.68  11.54   7.74  12.54  11.30  13.06  11.32  12.20  12.25  12.20 999.00  13.34  12.09  16.04   9.92  15.28   5.72  11.89   0.81  17.01  15.96  16.05  13.89  13.98  16.48  15.54  15.67  17.34  17.33
 wrfout_d04_2016-03-25_13:00:00 999.00  15.23   6.83  11.60   7.93  12.41  11.20  13.14  11.34  12.09  12.19  12.07 999.00  13.27  11.94  16.02   9.92  14.98   5.46  11.65   0.56  17.11  15.91  15.97  13.76  13.84  16.63  15.31  15.61  17.30  16.66
 wrfout_d04_2016-03-25_14:00:00 999.00  15.27   6.87  11.57   7.96  12.19  11.25  13.18  11.34  11.65  12.01  12.02 999.00  13.00  11.93  16.04   9.78  15.19   4.89  11.25   0.01  17.10  15.54  15.82  13.65  13.72  16.72  14.82  15.54  17.38  16.77
 wrfout_d04_2016-03-25_15:00:00 999.00  15.31   6.75  11.55   7.30  12.83  11.17  13.13  11.27  11.53  12.01  12.06 999.00  12.75  11.63  15.98   9.06  14.82   4.53  10.89  -0.36  17.05  15.57  15.69  13.18  13.35  16.56  14.48  15.50  17.14  16.70
 wrfout_d04_2016-03-25_16:00:00 999.00  15.32   6.23  11.39   7.39  12.75  11.04  13.15  11.10  11.37  11.99  12.11 999.00  12.35  11.31  16.01   7.92  14.70   4.00  10.52  -0.58  16.54  15.37  15.67  12.74  12.88  16.44  14.15  15.45  17.18  16.88
 wrfout_d04_2016-03-25_17:00:00 999.00  15.22   6.13   9.44   6.98  10.34  10.26  13.15  10.98  10.18  11.92  12.13 999.00  12.24   9.95  16.11   7.54  14.77   3.72  10.24  -1.33  16.68  15.21  15.66  12.39  12.48  16.43  13.49  15.42  17.10  16.35
 wrfout_d04_2016-03-25_18:00:00 999.00  15.17   6.02   9.09   6.93   9.67   8.31  12.32   8.84   8.88  11.82  12.06 999.00  12.11   9.63  16.03   7.18  14.90   3.32   9.91  -2.18  16.76  15.01  15.66  12.04  12.03  16.44  13.16  15.32  16.87  16.40
 wrfout_d04_2016-03-25_19:00:00 999.00  15.11   5.91   8.76   6.87   9.36   7.30  12.21   7.88  10.68  11.62  12.00 999.00  12.00   9.29  15.86   7.04  14.93   2.98   9.71  -2.88  16.96  15.21  15.67  11.85  11.70  16.48  12.72  15.25  17.11  15.73
 wrfout_d04_2016-03-25_20:00:00 999.00  15.03   5.88   8.52   6.86   9.17   6.47  11.93   6.98   8.24   9.49  11.28 999.00  11.91   9.06  15.72   6.84  14.92   2.54   9.33  -3.22  17.07  15.15  15.48  11.80  11.58  16.15  11.90  15.19  17.14  15.62
 wrfout_d04_2016-03-25_21:00:00 999.00  15.03   5.84   8.25   6.78   8.89   5.89  11.12   6.52   7.77   8.52  11.12 999.00  11.79   8.81  14.95   6.57  14.95   0.71   8.97  -3.64  17.13  15.07  15.35  11.49  11.31  16.43  11.19  15.15  17.03  15.34
 wrfout_d04_2016-03-25_22:00:00 999.00  15.19   5.81   8.01   6.71   8.71   5.45  10.38   6.63   7.37   8.52  10.90 999.00  11.61   8.54  13.07   6.43  14.96   0.45   8.89  -4.10  17.15  14.97  15.42  11.03   9.75  16.52  11.44  14.69  16.86  15.16
 wrfout_d04_2016-03-25_23:00:00 999.00  15.40   7.19  12.50   8.39  13.47   9.64  12.95  11.70  12.34  12.75  12.22 999.00  12.97  12.37  15.73  10.16  15.62   4.92  10.13  -2.44  17.26  15.04  15.91  12.52  12.69  16.66  12.98  15.74  16.87  16.38
