 wrfout_d04_2016-03-04_00:00:00 999.00  21.67  16.90  19.37  17.95  20.44  18.27  17.95  18.59  18.73  21.38  21.05 999.00  20.13  21.73  22.78  18.61  21.00  11.36  18.63   4.78  21.56  20.89  22.33  19.71  20.23  23.14  21.76  21.47  21.69  22.91
 wrfout_d04_2016-03-04_01:00:00 999.00  22.00  17.92  20.86  18.88  22.18  20.94  19.13  20.37  20.62  22.46  22.88 999.00  19.43  21.90  23.47  20.25  20.76  12.76  18.96   6.08  21.17  20.86  22.29  19.99  20.32  23.76  22.05  21.88  21.39  23.10
 wrfout_d04_2016-03-04_02:00:00 999.00  22.14  19.00  21.76  20.12  23.87  23.57  20.02  22.23  22.68  23.31  23.77 999.00  20.82  23.64  24.57  21.91  21.32  13.77  21.08   6.89  21.07  21.55  22.95  22.07  22.30  24.64  23.35  23.25  23.18  24.08
 wrfout_d04_2016-03-04_03:00:00 999.00  22.13  19.81  22.24  21.07  24.80  25.28  20.07  23.91  23.62  24.04  24.27 999.00  21.43  24.87  25.04  22.59  21.70  14.09  22.74   7.28  20.98  21.77  23.35  23.58  23.65  25.23  25.01  22.71  23.88  25.11
 wrfout_d04_2016-03-04_04:00:00 999.00  22.15  20.53  22.52  21.75  25.85  26.39  20.25  25.52  24.13  24.14  24.53 999.00  21.80  25.85  24.97  22.68  21.74  14.40  24.16   7.77  20.95  21.95  23.66  24.86  24.87  25.36  25.92  23.53  23.65  25.41
 wrfout_d04_2016-03-04_05:00:00 999.00  22.18  20.45  22.82  22.24  26.67  26.63  20.52  26.52  24.56  24.37  24.30 999.00  22.04  26.33  24.86  22.81  21.77  14.66  24.82   7.93  20.87  21.89  23.64  25.93  25.93  25.29  26.05  23.73  22.65  25.38
 wrfout_d04_2016-03-04_06:00:00 999.00  22.21  20.70  22.81  22.23  26.34  26.03  20.68  26.69  24.66  23.55  23.97 999.00  21.81  26.65  24.70  22.59  21.77  14.45  25.16   7.72  20.77  21.89  23.49  26.28  26.08  25.11  26.42  23.80  23.70  25.77
 wrfout_d04_2016-03-04_07:00:00 999.00  22.26  20.36  22.19  21.87  25.38  25.90  20.77  26.15  24.32  23.68  23.88 999.00  21.80  26.40  24.24  22.12  21.31  13.69  24.85   7.19  20.68  21.79  23.41  25.83  25.83  24.52  25.79  23.46  22.74  25.31
 wrfout_d04_2016-03-04_08:00:00 999.00  22.25  19.67  22.02  20.87  24.62  24.55  20.13  24.53  23.15  23.03  23.05 999.00  21.02  25.67  24.10  21.29  21.12  12.93  24.28   6.27  20.73  21.84  22.86  25.03  25.08  24.30  25.47  22.65  22.66  24.61
 wrfout_d04_2016-03-04_09:00:00 999.00  22.25  18.48  21.00  19.51  23.22  24.66  19.67  23.71  22.28  22.80  22.27 999.00  19.95  24.18  23.68  20.31  20.95  11.86  23.17   5.28  20.81  21.94  22.51  23.83  23.86  23.85  25.16  22.12  22.12  23.91
 wrfout_d04_2016-03-04_10:00:00 999.00  22.31  17.29  20.83  18.01  21.99  24.02  19.08  23.11  20.96  22.30  21.84 999.00  19.32  22.87  22.37  17.44  20.39   9.05  21.90   3.68  21.10  21.97  22.25  22.69  22.68  23.59  24.73  21.25  21.44  23.22
 wrfout_d04_2016-03-04_11:00:00 999.00  22.25  17.18  21.02  17.75  21.73  23.14  18.75  22.65  19.99  21.57  21.60 999.00  18.86  21.71  21.79  16.66  20.31   8.45  21.05   3.81  21.45  22.03  22.16  21.70  21.70  23.48  24.38  21.18  21.27  22.90
 wrfout_d04_2016-03-04_12:00:00 999.00  22.19  16.74  21.12  17.45  21.00  22.73  18.63  22.15  19.90  21.86  21.31 999.00  18.72  20.98  22.40  16.20  20.37   8.38  20.49   3.58  21.62  22.03  21.46  21.41  21.39  23.22  24.44  21.05  21.30  22.75
 wrfout_d04_2016-03-04_13:00:00 999.00  22.21  16.70  20.38  17.49  20.60  21.42  18.82  20.90  18.73  21.51  21.52 999.00  18.73  21.08  22.39  15.81  20.53   8.08  19.75   3.48  21.78  22.12  21.23  20.73  20.74  22.90  24.29  21.00  21.33  22.60
 wrfout_d04_2016-03-04_14:00:00 999.00  22.17  16.72  19.58  17.22  20.21  20.75  18.19  20.23  19.06  20.77  21.65 999.00  18.71  20.74  22.41  15.68  19.31   7.72  19.13   3.37  21.79  21.98  21.68  19.95  20.03  22.75  23.90  20.61  21.31  22.37
 wrfout_d04_2016-03-04_15:00:00 999.00  22.15  16.51  19.30  16.29  19.95  20.36  18.07  19.64  18.51  20.28  20.23 999.00  18.25  20.11  22.40  15.22  20.26   7.38  18.34   3.37  21.68  21.69  21.56  19.41  19.38  22.66  23.45  20.50  21.27  22.27
 wrfout_d04_2016-03-04_16:00:00 999.00  22.15  16.07  18.94  16.09  19.73  19.97  18.12  19.32  18.48  19.96  19.86 999.00  17.84  19.78  22.46  15.19  18.84   7.20  17.79   3.33  21.69  21.57  20.97  18.75  18.81  22.60  23.14  20.57  21.23  22.10
 wrfout_d04_2016-03-04_17:00:00 999.00  21.92  15.25  18.47  15.93  19.40  19.43  17.54  18.97  17.88  19.48  19.57 999.00  17.51  19.34  22.71  14.71  18.56   6.72  17.76   3.11  21.75  21.48  21.01  19.80  18.26  22.66  22.80  20.59  21.22  21.94
 wrfout_d04_2016-03-04_18:00:00 999.00  21.89  14.97  18.16  15.66  19.17  18.83  16.99  18.56  17.32  19.09  19.19 999.00  17.06  18.96  21.56  13.93  18.26   5.98  17.43   2.07  21.90  20.80  20.27  18.48  18.89  22.62  22.08  19.99  21.26  21.72
 wrfout_d04_2016-03-04_19:00:00 999.00  21.71  14.69  17.88  15.29  18.76  18.23  16.94  18.05  17.19  18.57  18.93 999.00  16.92  18.71  21.88  13.53  18.28   5.79  17.61  -0.20  21.95  20.82  20.98  17.68  17.65  22.59  21.41  19.62  20.84  21.91
 wrfout_d04_2016-03-04_20:00:00 999.00  21.61  14.19  17.24  14.78  18.10  17.57  16.81  17.59  16.58  18.28  18.67 999.00  17.37  18.05  21.99  13.21  18.10   5.55  17.10  -0.21  21.77  20.62  20.10  17.59  17.29  22.44  21.01  19.25  20.66  21.91
 wrfout_d04_2016-03-04_21:00:00 999.00  21.54  13.77  16.92  14.40  17.56  17.07  16.74  17.16  16.28  17.90  18.57 999.00  16.94  17.64  21.87  12.95  18.76   5.31  16.97  -0.24  21.57  20.83  19.91  17.29  16.89  21.50  20.74  19.92  20.66  21.21
 wrfout_d04_2016-03-04_22:00:00 999.00  21.70  13.54  16.72  14.17  17.38  16.58  16.78  16.69  16.18  17.75  18.49 999.00  16.45  17.17  21.70  12.74  17.65   5.12  16.62  -0.25  21.27  20.94  19.78  16.97  16.89  20.94  20.88  18.55  20.80  21.60
 wrfout_d04_2016-03-04_23:00:00 999.00  21.97  16.43  19.32  17.47  20.15  18.23  17.04  18.75  16.45  20.75  21.00 999.00  16.33  18.27  21.22  16.86  19.55   9.69  16.85   4.39  21.17  20.72  21.99  19.03  18.96  22.43  21.40  21.18  22.02  22.31
