 wrfout_d04_2016-03-06_00:00:00 999.00  19.08  17.77  17.94  18.61  19.79  18.18  16.99  18.74  16.68  21.92  22.51 999.00  16.92  20.93  23.55  21.39  19.68  12.67  15.76   6.05  18.87  19.17  23.11  17.71  19.70  24.01  23.49  23.44  23.54  24.08
 wrfout_d04_2016-03-06_01:00:00 999.00  19.90  18.90  18.33  19.76  21.42  19.42  17.20  21.07  18.77  23.49  23.58 999.00  18.30  23.48  24.61  22.55  21.50  14.66  16.43   7.25  19.48  19.64  23.88  21.60  22.64  25.14  25.67  24.12  24.54  25.19
 wrfout_d04_2016-03-06_02:00:00 999.00  20.76  19.79  20.71  20.98  21.54  21.71  17.82  22.84  21.86  24.12  23.95 999.00  21.36  25.60  25.36  24.05  21.48  15.77  20.85   8.13  20.36  19.60  24.27  23.92  24.53  25.78  27.17  24.76  25.43  26.17
 wrfout_d04_2016-03-06_03:00:00 999.00  21.31  20.49  21.43  21.80  21.33  23.68  20.44  24.75  23.20  24.63  23.99 999.00  21.83  27.11  25.76  24.77  21.46  16.45  24.40   8.60  20.60  20.16  24.24  26.21  26.62  26.13  28.16  25.27  26.08  26.82
 wrfout_d04_2016-03-06_04:00:00 999.00  21.27  20.87  21.71  22.32  21.70  24.57  20.12  25.94  24.50  24.85  24.38 999.00  22.39  27.94  25.84  25.07  22.24  16.82  26.39   8.72  20.43  20.54  23.92  27.78  27.89  26.28  28.70  25.59  26.29  26.90
 wrfout_d04_2016-03-06_05:00:00 999.00  21.26  21.04  22.52  22.57  21.92  24.78  20.10  26.25  24.89  24.95  24.15 999.00  22.68  28.12  25.83  25.27  22.32  16.73  26.97   7.52  20.32  21.06  24.67  28.19  28.28  26.43  28.76  25.59  25.99  27.17
 wrfout_d04_2016-03-06_06:00:00 999.00  21.34  20.92  22.37  22.47  21.88  25.13  20.61  26.53  24.76  25.26  23.80 999.00  22.01  28.26  25.42  25.00  21.57  16.40  26.93   6.47  20.45  20.96  24.54  28.00  28.08  26.15  28.65  23.67  25.17  27.21
 wrfout_d04_2016-03-06_07:00:00 999.00  21.54  20.47  21.92  22.09  20.90  24.58  20.39  26.23  24.68  25.16  23.87 999.00  21.62  28.13  25.09  24.48  21.37  15.65  26.55   5.69  20.46  21.12  24.48  27.49  27.62  25.69  28.35  24.37  25.10  27.35
 wrfout_d04_2016-03-06_08:00:00 999.00  21.56  19.46  21.27  21.24  20.55  23.73  19.67  24.65  23.44  24.93  23.29 999.00  20.45  27.58  24.51  23.39  20.91  14.59  25.88   5.42  20.37  21.11  23.93  26.72  26.86  25.35  27.80  24.54  23.95  26.99
 wrfout_d04_2016-03-06_09:00:00 999.00  21.49  17.94  19.81  20.00  20.55  22.42  19.20  22.66  21.86  24.46  22.50 999.00  18.79  25.95  23.87  21.99  19.64  12.84  24.82   5.10  20.17  21.04  23.19  25.33  25.66  24.80  27.08  23.36  23.47  25.78
 wrfout_d04_2016-03-06_10:00:00 999.00  21.51  15.46  18.84  16.28  20.13  20.95  18.35  21.01  20.41  23.55  21.58 999.00  18.46  24.00  23.15  18.13  19.49   8.50  22.97   3.13  20.13  21.27  22.29  23.71  24.00  24.55  26.03  21.65  22.55  24.69
 wrfout_d04_2016-03-06_11:00:00 999.00  21.56  14.95  18.07  15.50  20.17  20.39  18.79  20.50  19.38  21.88  21.27 999.00  17.75  23.17  22.82  17.06  18.82   8.18  21.46   3.09  19.56  21.52  22.36  22.20  22.75  24.35  25.69  21.55  22.34  24.13
 wrfout_d04_2016-03-06_12:00:00 999.00  21.54  14.79  17.78  15.50  20.13  20.08  19.10  20.33  19.09  22.36  21.73 999.00  17.37  22.34  22.53  16.42  18.08   7.70  20.97   3.01  20.32  21.04  22.27  21.48  22.02  23.81  25.61  21.04  21.63  23.68
 wrfout_d04_2016-03-06_13:00:00 999.00  21.56  14.82  17.40  15.51  19.45  19.71  19.01  20.02  19.04  21.46  20.89 999.00  17.15  22.13  22.36  15.96  18.10   7.27  20.44   2.93  19.08  21.56  21.60  21.00  21.33  23.72  25.49  20.78  21.31  23.41
 wrfout_d04_2016-03-06_14:00:00 999.00  21.62  14.70  17.12  15.57  18.74  19.44  18.99  20.05  18.95  21.26  21.07 999.00  16.82  21.56  22.33  15.53  19.41   6.99  19.29   2.96  18.89  22.02  21.23  20.90  20.95  23.53  25.35  19.94  21.26  23.04
 wrfout_d04_2016-03-06_15:00:00 999.00  21.68  14.59  16.94  15.55  18.73  18.92  18.99  19.50  18.55  20.95  21.02 999.00  17.21  20.73  22.25  15.11  18.17   6.64  17.59   2.92  20.62  21.62  20.75  20.78  20.84  23.34  25.11  19.52  20.83  22.67
 wrfout_d04_2016-03-06_16:00:00 999.00  21.79  14.51  16.83  15.43  19.05  18.47  19.00  19.02  18.21  20.03  19.91 999.00  17.51  20.22  22.11  14.73  18.25   6.29  15.95   2.82  20.30  19.34  20.74  20.35  20.62  23.11  24.71  19.12  20.72  22.39
 wrfout_d04_2016-03-06_17:00:00 999.00  21.76  14.63  16.67  15.63  19.22  18.06  19.25  18.54  17.92  20.38  20.85 999.00  17.51  19.78  21.86  14.35  17.67   5.99  15.66   2.74  19.97  19.35  20.03  19.14  19.92  22.59  24.29  19.53  20.52  22.17
 wrfout_d04_2016-03-06_18:00:00 999.00  21.56  14.59  16.55  15.59  19.37  17.72  19.37  18.16  19.04  20.60  20.74 999.00  17.68  19.19  21.67  14.03  17.51   5.79  15.35   2.71  18.79  19.27  19.74  17.88  18.22  22.79  23.82  19.39  20.44  21.99
 wrfout_d04_2016-03-06_19:00:00 999.00  21.53  14.64  16.50  15.51  19.50  17.36  19.36  17.81  18.29  20.66  20.64 999.00  17.63  18.63  21.61  13.75  17.51   5.60  15.20   2.74  18.63  19.01  20.82  17.76  17.88  22.61  23.52  19.20  20.06  21.95
 wrfout_d04_2016-03-06_20:00:00 999.00  21.61  14.46  16.37  15.41  18.03  16.96  18.89  17.47  17.74  20.46  20.26 999.00  17.74  17.97  21.53  13.49  17.46   5.41  15.02   2.77  18.40  18.62  20.86  17.46  17.69  22.49  23.18  19.21  20.21  21.81
 wrfout_d04_2016-03-06_21:00:00 999.00  21.59  14.35  16.26  15.29  18.95  16.55  18.81  17.09  17.27  19.05  19.09 999.00  17.69  17.59  21.47  13.26  17.77   5.34  14.95   2.90  18.57  18.05  20.81  16.98  17.39  22.43  22.68  20.07  19.68  21.66
 wrfout_d04_2016-03-06_22:00:00 999.00  21.58  14.77  16.19  15.41  19.23  16.22  18.72  16.76  16.98  18.44  18.47 999.00  17.68  17.20  21.45  13.09  18.01   5.19  14.77   2.83  18.66  18.30  20.62  16.63  17.03  22.33  22.22  20.05  19.15  21.64
 wrfout_d04_2016-03-06_23:00:00 999.00  21.60  15.80  19.38  17.05  19.60  17.94  18.88  18.74  19.30  20.63  20.64 999.00  17.80  17.27  21.61  17.31  17.98   9.97  14.74   4.21  18.82  18.46  21.63  16.38  16.74  22.49  22.18  20.77  21.80  22.07
