 wrfout_d04_2016-09-30_00:00:00 999.00  26.79  23.44  27.89  24.35  29.10  28.91  27.29  28.27  28.71  28.41  27.52 999.00  29.32  28.72  27.58  24.55  29.02  17.64  28.03  11.25  27.98  27.95  26.53  29.32  29.29  27.72  30.19  25.75  26.15  27.50
 wrfout_d04_2016-09-30_01:00:00 999.00  27.24  24.25  28.44  25.20  30.66  29.79  28.51  29.80  29.92  29.53  28.12 999.00  29.46  30.41  28.86  25.47  30.31  18.72  29.13  12.44  28.54  28.92  27.00  30.37  30.57  28.44  31.35  26.18  26.29  26.53
 wrfout_d04_2016-09-30_02:00:00 999.00  27.29  24.83  28.34  25.61  31.38  31.25  28.80  30.96  30.95  29.00  28.57 999.00  30.65  31.81  29.43  26.56  30.70  19.57  30.22  12.28  28.28  29.06  26.98  31.43  31.48  28.81  30.99  27.01  26.54  28.55
 wrfout_d04_2016-09-30_03:00:00 999.00  27.33  24.73  29.85  27.27  31.89  31.03  29.57  31.62  30.34  29.26  29.35 999.00  32.00  31.71  28.99  25.64  30.81  19.48  31.25  12.74  28.25  28.91  27.11  32.49  32.93  29.46  31.63  25.81  26.30  28.86
 wrfout_d04_2016-09-30_04:00:00 999.00  27.32  24.74  29.52  27.14  32.04  30.98  29.64  31.06  31.48  30.21  30.07 999.00  31.17  31.19  29.12  25.52  30.82  17.39  31.89  11.98  28.37  29.00  27.01  33.41  33.34  28.94  31.19  26.24  26.31  28.91
 wrfout_d04_2016-09-30_05:00:00 999.00  27.32  23.62  28.83  26.33  31.89  30.56  29.35  30.42  30.45  29.60  29.31 999.00  31.68  31.50  29.34  25.05  30.88  18.17  32.25  11.83  28.38  28.71  27.07  34.27  30.79  28.57  31.37  26.57  26.02  28.73
 wrfout_d04_2016-09-30_06:00:00 999.00  27.30  24.24  28.08  26.76  31.60  30.52  28.79  29.83  30.21  30.03  28.53 999.00  30.42  30.76  28.91  25.28  29.62  18.34  31.49  11.07  28.34  28.57  26.86  26.78  27.22  28.32  32.16  26.36  25.83  28.35
 wrfout_d04_2016-09-30_07:00:00 999.00  27.29  24.34  27.99  25.39  31.02  29.97  28.15  29.71  29.46  29.50  28.32 999.00  29.36  29.72  29.20  24.31  30.02  17.01  28.17   9.77  28.36  27.43  26.65  27.20  27.28  28.11  31.87  26.25  25.70  28.14
 wrfout_d04_2016-09-30_08:00:00 999.00  27.26  23.89  27.73  25.26  29.62  29.92  27.27  29.70  28.60  28.81  28.07 999.00  28.81  29.14  28.33  23.59  28.79  17.19  25.80   9.38  28.55  26.88  26.17  27.09  27.30  27.94  31.89  25.78  25.67  27.89
 wrfout_d04_2016-09-30_09:00:00 999.00  27.25  23.18  26.77  24.16  28.52  29.42  26.69  29.08  27.93  28.02  27.38 999.00  28.27  28.10  27.94  23.27  27.97  16.30  25.02   9.16  26.54  26.67  25.87  26.81  26.78  27.61  31.18  25.50  25.62  27.55
 wrfout_d04_2016-09-30_10:00:00 999.00  27.26  22.31  25.81  23.26  27.67  28.98  26.41  28.46  27.21  27.56  27.15 999.00  27.60  27.39  27.48  22.34  27.73  14.84  24.86   8.93  26.16  26.96  25.59  26.65  26.75  27.06  29.91  25.37  25.57  27.42
 wrfout_d04_2016-09-30_11:00:00 999.00  27.28  22.01  25.48  22.94  27.39  28.37  26.06  27.96  27.28  27.45  27.04 999.00  27.28  27.04  27.19  22.02  27.10  14.98  24.76   8.80  26.93  26.82  25.51  26.31  26.43  26.67  29.58  25.26  25.55  27.25
 wrfout_d04_2016-09-30_12:00:00 999.00  27.26  21.96  26.10  22.91  27.19  28.02  26.04  27.44  27.21  27.33  26.90 999.00  27.16  26.65  27.00  21.84  27.18  13.67  24.99   8.81  27.54  26.50  25.17  26.17  26.30  26.45  29.36  25.07  25.63  27.52
 wrfout_d04_2016-09-30_13:00:00 999.00  27.25  21.91  26.10  22.92  26.93  27.87  25.67  27.08  27.80  27.15  26.73 999.00  27.03  26.71  26.85  21.75  27.21  14.79  25.16   8.82  27.52  26.87  25.45  26.16  26.36  26.32  29.39  25.00  25.72  27.35
 wrfout_d04_2016-09-30_14:00:00 999.00  27.26  21.75  26.19  22.76  26.68  27.37  25.42  26.86  27.12  27.06  26.69 999.00  27.44  26.82  26.09  21.66  27.18  14.97  25.22   8.87  27.42  27.21  25.40  26.26  26.29  26.13  29.02  24.95  25.79  27.31
 wrfout_d04_2016-09-30_15:00:00 999.00  27.22  21.66  26.46  22.76  26.42  27.20  25.75  26.96  26.80  26.94  26.61 999.00  27.38  27.24  25.87  21.60  27.26  14.98  25.15   8.92  27.78  27.43  25.27  26.30  26.45  25.98  28.99  24.84  25.73  27.13
 wrfout_d04_2016-09-30_16:00:00 999.00  27.17  21.54  26.55  22.63  26.20  27.02  25.06  26.96  25.79  26.77  26.50 999.00  27.04  26.84  25.67  21.37  27.19  14.87  24.87   9.00  27.79  27.40  25.26  26.42  26.37  25.92  28.47  24.63  25.76  27.05
 wrfout_d04_2016-09-30_17:00:00 999.00  27.14  21.46  26.53  22.57  26.00  26.84  25.63  26.73  25.36  26.66  26.39 999.00  26.91  26.15  25.45  20.87  27.23  13.73  24.69   9.13  27.86  27.68  25.45  26.31  25.94  25.90  28.26  24.48  25.84  27.08
 wrfout_d04_2016-09-30_18:00:00 999.00  27.15  21.36  26.45  22.49  25.78  26.82  24.99  26.80  24.83  26.41  26.27 999.00  26.77  25.92  25.21  20.45  27.28  14.36  24.75   9.17  27.93  27.55  25.18  25.35  25.68  26.01  28.12  24.39  25.83  26.99
 wrfout_d04_2016-09-30_19:00:00 999.00  27.16  21.26  26.41  22.39  25.83  26.79  24.32  26.73  24.39  26.28  26.17 999.00  26.57  26.26  24.83  20.62  27.28  14.61  25.04   9.11  27.99  27.52  25.53  25.95  25.56  25.99  28.25  24.36  25.86  26.96
 wrfout_d04_2016-09-30_20:00:00 999.00  27.19  21.21  26.31  22.32  25.88  26.27  23.78  25.52  23.78  25.57  26.16 999.00  26.66  26.05  24.65  20.51  27.34  14.56  24.74   9.21  27.99  27.24  25.76  25.68  25.52  24.77  28.41  24.10  25.82  26.71
 wrfout_d04_2016-09-30_21:00:00 999.00  27.24  21.39  26.39  22.44  25.18  26.59  23.51  26.65  23.57  25.43  26.10 999.00  26.61  25.69  24.46  20.80  27.27  12.97  24.50   9.23  28.05  27.09  25.53  25.45  25.30  26.23  28.55  23.55  25.83  26.15
 wrfout_d04_2016-09-30_22:00:00 999.00  27.24  21.45  26.39  22.48  25.50  26.72  23.98  26.70  24.32  26.23  26.11 999.00  26.42  25.44  24.64  20.22  27.14  14.23  24.80   9.24  28.11  27.19  25.80  25.29  25.20  25.74  28.58  23.89  25.88  26.01
 wrfout_d04_2016-09-30_23:00:00 999.00  27.28  22.32  27.00  23.43  27.51  28.01  26.29  28.19  25.78  27.61  27.16 999.00  26.86  26.19  26.72  23.87  27.04  16.99  25.11   9.66  27.95  27.02  26.04  25.93  25.61  25.33  28.86  24.28  26.05  26.24
