 wrfout_d04_2016-05-27_00:00:00 999.00  25.28  25.64  29.59  26.70  29.63  30.36  29.41  30.75  30.07  29.97  29.60 999.00  30.78  30.04  29.79  26.84  30.22  19.86  29.05  14.97  28.51  29.54  29.02  31.32  31.30  30.21  31.35  28.83  28.81  29.06
 wrfout_d04_2016-05-27_01:00:00 999.00  26.71  26.05  30.50  27.38  31.47  31.38  29.44  31.47  30.99  30.66  30.65 999.00  31.61  31.70  30.57  29.15  30.96  21.05  31.10  15.20  29.02  29.79  29.13  32.68  32.60  30.52  31.73  28.85  28.94  30.27
 wrfout_d04_2016-05-27_02:00:00 999.00  26.68  26.98  31.16  28.31  31.72  32.66  29.66  32.58  31.49  31.31  31.40 999.00  32.17  33.30  31.04  30.11  31.39  21.71  32.20  15.68  29.06  29.97  29.44  34.24  33.57  31.01  32.54  29.30  29.26  31.82
 wrfout_d04_2016-05-27_03:00:00 999.00  26.67  26.95  31.53  29.22  31.14  33.66  29.73  33.57  31.93  31.64  31.57 999.00  31.78  34.56  31.23  30.65  31.77  22.31  32.90  15.99  29.13  30.16  29.54  34.89  34.15  31.09  33.10  29.45  29.70  32.59
 wrfout_d04_2016-05-27_04:00:00 999.00  26.65  26.95  31.40  29.79  31.09  34.68  29.84  34.82  32.46  31.56  31.57 999.00  32.14  35.56  31.19  31.04  31.95  22.46  33.56  15.93  29.20  30.24  29.45  35.27  34.43  31.14  33.52  30.25  29.89  32.95
 wrfout_d04_2016-05-27_05:00:00 999.00  26.63  27.07  31.27  29.50  31.19  34.91  29.89  34.38  32.53  31.30  31.94 999.00  32.53  35.99  31.17  30.89  32.06  22.28  34.10  16.19  29.22  30.38  29.31  35.44  34.57  31.21  33.73  31.16  29.94  33.06
 wrfout_d04_2016-05-27_06:00:00 999.00  26.66  26.38  29.93  29.03  30.62  33.00  29.77  32.64  32.29  31.10  31.76 999.00  32.42  35.31  30.96  30.93  32.15  21.77  34.33  16.10  29.27  30.48  28.55  35.46  34.61  31.32  33.73  31.36  29.86  32.94
 wrfout_d04_2016-05-27_07:00:00 999.00  26.57  24.34  29.86  27.36  29.31  30.12  29.72  27.96  31.71  29.93  31.08 999.00  32.33  35.33  30.65  30.32  31.85  21.11  34.19  15.79  29.28  30.49  29.03  35.10  34.24  31.28  33.44  31.08  29.57  32.58
 wrfout_d04_2016-05-27_08:00:00 999.00  26.58  24.95  29.44  26.54  29.54  28.90  29.24  27.57  30.42  28.82  29.76 999.00  32.45  35.47  29.79  29.72  31.39  20.28  34.02  15.01  29.25  30.33  28.61  34.34  33.53  31.22  32.89  29.93  29.06  31.96
 wrfout_d04_2016-05-27_09:00:00 999.00  26.70  23.97  29.22  25.41  28.47  27.87  28.97  27.54  29.71  27.56  28.40 999.00  31.98  34.60  29.36  28.17  30.81  19.34  33.07  14.08  29.21  30.01  28.62  33.38  32.61  31.16  32.39  28.52  28.16  31.21
 wrfout_d04_2016-05-27_10:00:00 999.00  26.72  23.64  28.74  24.76  28.23  28.18  28.70  28.15  29.39  27.61  27.90 999.00  31.19  33.14  29.04  26.59  30.08  17.78  31.98  12.29  29.20  29.82  28.45  32.49  31.79  31.02  31.82  27.22  27.36  30.39
 wrfout_d04_2016-05-27_11:00:00 999.00  26.64  22.51  27.95  24.46  27.94  28.41  27.98  28.33  29.11  27.54  28.07 999.00  30.82  32.13  29.09  25.40  29.44  16.93  30.97  11.27  29.17  29.51  27.70  31.62  31.04  30.70  31.32  26.17  26.77  29.77
 wrfout_d04_2016-05-27_12:00:00 999.00  26.69  22.62  26.66  23.13  28.19  28.29  27.61  29.13  28.93  27.29  28.09 999.00  30.63  31.46  28.02  24.70  29.24  16.94  30.26  11.20  29.15  29.42  27.50  31.24  30.72  30.38  31.13  25.71  26.70  29.61
 wrfout_d04_2016-05-27_13:00:00 999.00  26.82  22.81  26.48  23.38  28.11  28.14  27.27  28.47  28.83  27.09  27.60 999.00  30.58  30.92  27.77  23.88  29.06  16.67  29.42  11.11  29.11  29.32  27.09  30.92  30.46  30.06  30.88  25.44  26.59  29.36
 wrfout_d04_2016-05-27_14:00:00 999.00  26.76  22.72  26.28  23.44  27.73  27.85  26.92  27.91  28.98  26.96  27.62 999.00  30.49  30.52  27.87  23.99  28.95  16.71  29.05  11.27  29.09  29.26  26.86  30.44  30.23  29.72  30.62  25.20  26.53  29.10
 wrfout_d04_2016-05-27_15:00:00 999.00  26.67  22.63  26.10  23.16  27.32  27.54  26.63  27.44  28.55  26.89  27.44 999.00  30.23  30.18  27.94  23.23  28.81  16.74  28.67  10.98  29.05  29.29  26.60  29.85  29.92  29.38  30.41  24.97  26.45  28.76
 wrfout_d04_2016-05-27_16:00:00 999.00  26.69  22.59  25.78  22.24  27.05  27.45  26.32  27.00  27.86  26.83  26.83 999.00  29.94  29.93  27.97  22.94  28.71  16.51  28.23  11.03  28.99  29.15  26.38  29.43  29.61  29.05  30.10  24.63  26.38  28.48
 wrfout_d04_2016-05-27_17:00:00 999.00  26.68  22.60  25.57  22.04  26.83  27.12  25.99  26.69  27.31  26.61  26.70 999.00  29.67  29.50  27.93  22.74  28.61  16.62  28.05  11.09  28.96  29.16  26.22  29.34  29.24  28.68  29.92  24.32  26.34  28.35
 wrfout_d04_2016-05-27_18:00:00 999.00  26.60  22.71  25.53  21.97  26.68  26.73  25.72  26.34  26.63  26.40  26.64 999.00  29.55  29.21  27.82  22.14  28.50  16.47  27.81  10.90  28.95  28.95  25.87  29.09  28.96  28.44  29.57  24.00  26.31  28.12
 wrfout_d04_2016-05-27_19:00:00 999.00  26.59  22.58  25.42  21.82  26.79  26.41  25.47  26.02  26.64  26.37  26.66 999.00  29.32  29.06  27.79  21.88  28.40  16.37  27.61  10.93  28.89  28.81  25.65  28.86  28.54  27.97  29.28  23.81  26.28  28.03
 wrfout_d04_2016-05-27_20:00:00 999.00  26.52  22.41  25.26  21.63  26.52  26.03  25.39  25.67  26.28  26.09  26.43 999.00  29.02  28.80  27.78  21.65  28.28  16.31  27.25  10.84  28.85  28.73  25.51  28.64  28.20  27.54  29.02  23.64  26.19  27.83
 wrfout_d04_2016-05-27_21:00:00 999.00  26.27  22.33  25.16  21.48  26.30  25.68  25.21  25.42  25.92  25.87  26.15 999.00  28.70  28.53  27.85  21.43  28.17  16.37  27.15  11.00  28.82  28.59  25.36  27.94  27.82  27.14  28.94  23.52  26.10  27.72
 wrfout_d04_2016-05-27_22:00:00 999.00  26.08  23.04  28.36  24.05  27.66  26.76  27.48  26.95  26.94  26.95  27.25 999.00  29.00  28.86  28.05  24.24  28.48  17.28  27.27  11.85  28.75  28.52  27.62  28.62  28.57  28.09  29.28  26.00  27.00  28.22
 wrfout_d04_2016-05-27_23:00:00 999.00  26.02  24.12  28.78  25.32  29.43  28.88  28.94  28.73  29.55  28.56  28.38 999.00  29.95  29.81  28.55  26.23  29.23  18.79  28.34  13.07  28.77  29.04  28.59  29.67  29.66  29.58  30.06  28.07  28.01  29.22
