 wrfout_d04_2016-01-13_00:00:00 999.00  15.43   9.72  14.07  10.59  14.42  14.83  14.48  14.65  14.92  14.99  14.87 999.00  16.43  14.95  19.28  14.00  17.28   9.33  14.87   3.12  18.53  17.97  19.40  16.07  16.18  20.52  18.04  19.39  21.05  20.66
 wrfout_d04_2016-01-13_01:00:00 999.00  15.73   9.81  14.74  10.86  15.03  15.36  15.05  15.23  15.06  15.88  15.67 999.00  17.26  16.56  19.59  16.25  17.54  10.46  15.32   3.37  19.01  18.47  20.65  16.59  16.53  21.82  18.61  18.36  20.87  20.43
 wrfout_d04_2016-01-13_02:00:00 999.00  15.55   9.61  14.96  10.63  14.66  15.44  15.06  15.29  15.23  16.03  15.50 999.00  16.91  18.68  19.75  17.49  17.84   8.67  16.26   3.76  19.04  18.52  21.31  16.94  17.14  22.26  19.05  18.66  20.40  21.08
 wrfout_d04_2016-01-13_03:00:00 999.00  15.32   9.44  14.60  10.52  14.46  15.25  14.93  15.09  15.35  15.89  15.36 999.00  16.79  18.87  20.04  17.30  17.77   8.85  17.85   3.78  18.89  19.28  20.84  17.90  17.87  22.93  19.69  20.65  20.70  20.86
 wrfout_d04_2016-01-13_04:00:00 999.00  15.02   9.26  14.32  10.53  14.26  15.08  14.65  14.79  14.80  15.51  15.22 999.00  16.97  19.46  19.72  16.34  17.35  10.74  18.11   3.90  18.79  19.25  19.77  18.59  18.50  21.66  19.42  20.46  20.52  20.83
 wrfout_d04_2016-01-13_05:00:00 999.00  14.88   9.16  14.26  10.86  14.07  14.96  14.46  14.70  14.37  15.41  15.04 999.00  17.00  18.75  19.34  16.61  17.04   9.10  17.49   3.86  18.59  18.80  19.43  18.32  18.27  21.83  20.02  20.58  20.79  21.31
 wrfout_d04_2016-01-13_06:00:00 999.00  14.73   8.91  13.88  10.28  13.96  14.66  14.15  14.48  14.04  14.95  14.68 999.00  16.65  18.53  18.67  14.73  16.77   9.51  18.13   3.78  18.46  18.74  19.09  17.88  18.95  21.70  20.61  21.81  22.03  20.98
 wrfout_d04_2016-01-13_07:00:00 999.00  14.59   8.74  13.59   9.90  13.85  14.39  13.94  14.20  13.79  14.82  14.36 999.00  16.34  18.14  18.42  15.97  16.37   9.80  17.61   3.67  17.99  18.55  19.10  19.41  19.57  21.52  20.37  21.40  20.91  21.76
 wrfout_d04_2016-01-13_08:00:00 999.00  14.50   8.57  13.44   9.48  13.69  14.25  13.92  13.99  13.62  14.96  14.23 999.00  15.89  17.60  18.02  15.67  15.80   9.40  17.29   3.47  17.64  18.44  18.80  18.21  18.29  21.26  20.09  20.30  20.72  21.39
 wrfout_d04_2016-01-13_09:00:00 999.00  14.63   8.47  13.27   9.30  13.64  14.11  13.84  13.78  13.78  14.70  14.23 999.00  15.51  15.92  17.88  13.59  15.73   8.77  15.80   2.88  17.63  18.48  18.18  17.03  17.23  20.67  20.00  19.26  20.22  21.24
 wrfout_d04_2016-01-13_10:00:00 999.00  14.68   8.41  13.24   9.22  13.61  14.15  13.70  13.70  13.66  14.52  14.02 999.00  15.25  15.01  17.74  11.03  15.65   7.86  15.16   2.29  17.43  18.47  17.62  16.76  16.90  20.23  19.36  18.55  19.86  21.21
 wrfout_d04_2016-01-13_11:00:00 999.00  14.78   8.38  13.20   9.20  13.55  13.96  13.74  13.68  13.38  14.29  13.87 999.00  15.21  14.67  17.70  10.49  15.62   7.57  14.58   1.60  17.18  18.43  17.23  16.29  16.44  19.57  18.81  18.49  19.97  20.63
 wrfout_d04_2016-01-13_12:00:00 999.00  14.86   8.35  13.17   9.19  13.49  13.86  13.76  13.60  13.27  14.05  13.81 999.00  15.10  14.48  17.57  12.31  15.64   7.46  14.16   1.35  17.25  18.24  17.22  15.97  16.09  18.91  18.57  18.21  19.64  20.56
 wrfout_d04_2016-01-13_13:00:00 999.00  14.91   8.33  13.15   9.22  13.47  13.79  13.74  13.42  13.25  13.91  13.63 999.00  14.95  14.25  17.46   9.84  15.64   7.26  14.02   1.27  17.14  17.97  17.00  15.74  15.83  18.63  18.04  17.91  19.75  20.15
 wrfout_d04_2016-01-13_14:00:00 999.00  14.87   8.45  13.14   9.28  13.51  13.85  13.61  13.27  13.34  13.75  13.63 999.00  14.90  14.07  17.36   9.36  15.25   7.18  13.62   1.10  17.28  17.65  16.90  15.08  15.19  18.28  17.71  17.67  19.37  19.83
 wrfout_d04_2016-01-13_15:00:00 999.00  14.83   8.49  13.11   9.28  13.40  13.67  13.63  13.18  13.43  13.70  13.63 999.00  14.92  13.82  17.11   8.87  15.66   7.17  13.60   0.98  17.23  17.42  16.83  15.35  15.49  17.86  17.20  17.46  19.58  19.71
 wrfout_d04_2016-01-13_16:00:00 999.00  14.95   8.43  13.00   9.26  13.47  13.61  13.89  13.07  13.47  13.89  13.52 999.00  14.93  13.54  17.24  11.02  15.67   6.82  13.55   0.75  17.47  17.35  16.68  15.06  14.59  18.27  16.46  17.29  19.46  19.51
 wrfout_d04_2016-01-13_17:00:00 999.00  14.92   8.38  12.93   9.21  13.40  13.46  14.02  13.03  13.49  13.85  13.49 999.00  14.86  13.41  17.46  10.76  15.67   6.58  13.45   0.38  17.14  16.98  16.67  14.26  13.34  18.00  16.52  17.02  19.53  18.89
 wrfout_d04_2016-01-13_18:00:00 999.00  15.04   8.26  12.94   8.85  13.35  13.32  13.82  13.02  13.51  13.69  13.43 999.00  14.68  13.60  17.43  10.54  15.91   6.40  13.19   0.03  17.34  16.84  16.53  12.93  12.70  17.61  15.86  16.03  19.53  18.10
 wrfout_d04_2016-01-13_19:00:00 999.00  15.10   8.25  13.01   8.85  13.38  13.20  13.55  12.99  13.44  13.58  13.27 999.00  14.66  13.56  17.44   8.76  15.87   6.27  13.09  -0.30  17.47  16.77  16.51  14.06  12.41  18.00  15.35  16.59  19.56  17.76
 wrfout_d04_2016-01-13_20:00:00 999.00  15.14   8.27  13.08   8.86  13.53  13.05  13.61  12.93  13.36  13.52  13.31 999.00  14.04  12.34  17.28   8.07  15.89   6.21  12.38  -0.62  17.32  16.45  16.45  12.87  11.98  17.94  14.94  16.64  19.38  17.66
 wrfout_d04_2016-01-13_21:00:00 999.00  15.44   8.32  13.16   8.89  13.48  13.00  14.05  12.89  13.47  13.51  13.37 999.00  14.41  11.73  17.23   7.74  15.90   6.05  11.83  -0.85  17.58  16.32  16.11  11.80  11.49  17.01  14.69  16.66  19.49  17.70
 wrfout_d04_2016-01-13_22:00:00 999.00  15.49   8.36  13.25   8.96  13.57  13.07  14.18  13.00  13.57  13.56  13.53 999.00  13.60  11.56  17.25   7.56  15.64   5.75  11.58  -1.03  17.35  16.31  16.20  11.57  11.38  16.19  14.75  15.73  19.27  17.80
 wrfout_d04_2016-01-13_23:00:00 999.00  15.20   8.39  13.38   9.18  13.75  13.33  14.28  13.12  13.71  13.66  13.64 999.00  13.93  12.54  17.38   8.73  15.78   5.78  11.49  -0.67  17.67  15.91  16.14  12.34  11.96  17.62  15.13  16.30  19.46  18.15
