 wrfout_d04_2016-10-15_00:00:00 999.00  26.39  21.42  27.94  22.86  25.59  26.19  27.12  26.62  27.85  25.53  26.03 999.00  27.44  27.19  28.27  24.09  27.05  17.93  26.11  11.99  26.67  25.27  27.50  26.92  27.05  28.93  28.35  26.51  27.00  28.09
 wrfout_d04_2016-10-15_01:00:00 999.00  27.55  22.04  29.08  24.50  26.53  28.60  28.67  28.87  29.63  26.99  27.64 999.00  28.92  28.29  29.39  27.55  27.94  19.92  27.50  12.98  26.88  26.13  28.10  27.60  27.57  28.65  28.83  27.57  27.73  29.61
 wrfout_d04_2016-10-15_02:00:00 999.00  27.48  21.91  29.41  22.92  27.09  28.05  30.04  29.43  30.76  27.77  29.07 999.00  30.26  30.15  29.98  29.10  28.10  20.51  29.00  13.48  26.90  26.56  28.45  29.41  29.28  30.15  29.74  28.14  28.21  30.22
 wrfout_d04_2016-10-15_03:00:00 999.00  27.43  21.92  29.33  25.09  29.15  30.31  30.40  30.62  31.78  28.77  29.59 999.00  30.96  31.46  30.44  27.82  27.91  20.79  30.05  14.05  26.90  26.57  28.77  31.49  30.93  30.51  30.23  28.62  28.54  30.64
 wrfout_d04_2016-10-15_04:00:00 999.00  27.46  21.98  30.13  25.35  28.82  30.03  30.92  31.55  32.28  28.73  29.60 999.00  31.43  32.66  30.61  28.20  27.65  21.03  31.19  14.09  27.05  26.58  28.98  32.29  31.06  30.74  30.42  28.79  28.72  30.75
 wrfout_d04_2016-10-15_05:00:00 999.00  27.48  22.05  30.09  25.25  28.47  30.90  30.88  31.75  32.30  29.25  29.55 999.00  31.71  33.38  30.58  28.26  27.73  20.86  31.68  13.88  27.08  26.65  29.02  32.29  31.13  30.70  30.56  28.77  28.69  30.83
 wrfout_d04_2016-10-15_06:00:00 999.00  27.53  22.02  29.77  24.98  29.03  31.00  30.88  31.32  31.92  29.30  29.30 999.00  32.20  33.69  30.41  27.86  28.27  20.11  32.08  13.35  26.87  26.58  28.82  32.28  31.10  30.56  30.47  28.54  28.52  30.65
 wrfout_d04_2016-10-15_07:00:00 999.00  27.54  21.95  29.17  23.69  27.36  30.14  30.40  30.62  31.30  29.20  29.00 999.00  32.46  33.58  30.00  27.25  28.31  19.02  31.70  12.47  26.88  26.63  28.36  31.85  30.77  30.14  30.25  28.06  28.01  30.15
 wrfout_d04_2016-10-15_08:00:00 999.00  27.49  21.86  28.31  23.76  27.94  29.28  29.31  29.76  30.35  27.88  28.49 999.00  31.93  33.06  29.36  26.35  27.76  18.21  30.92  11.08  26.87  26.78  27.69  31.07  29.99  29.52  29.84  27.34  27.52  29.45
 wrfout_d04_2016-10-15_09:00:00 999.00  27.47  21.66  26.80  22.92  27.10  28.00  27.92  28.49  29.06  27.43  27.75 999.00  30.87  32.13  28.51  24.46  27.16  16.70  29.84   9.34  26.87  26.98  26.76  29.76  28.93  28.56  29.11  26.24  26.66  28.61
 wrfout_d04_2016-10-15_10:00:00 999.00  27.46  21.61  26.15  22.70  26.61  27.39  27.17  27.73  28.64  26.45  27.22 999.00  29.89  31.27  27.91  22.58  26.77  14.43  28.83   9.20  26.84  27.13  26.39  28.36  27.69  27.92  28.73  25.65  26.42  28.13
 wrfout_d04_2016-10-15_11:00:00 999.00  27.43  21.61  25.29  22.68  26.38  27.08  26.93  27.37  28.20  26.28  26.97 999.00  29.47  30.41  27.66  21.93  26.61  14.01  28.13   9.15  26.76  27.22  26.31  27.63  27.19  27.66  28.53  25.26  26.31  27.98
 wrfout_d04_2016-10-15_12:00:00 999.00  27.42  21.63  24.81  22.68  26.51  26.88  26.75  27.14  27.99  26.13  26.75 999.00  29.31  29.68  27.52  21.30  26.33  13.65  27.43   9.11  26.73  27.15  26.20  27.15  26.85  27.57  28.38  24.83  26.32  27.83
 wrfout_d04_2016-10-15_13:00:00 999.00  27.45  21.53  24.64  22.68  26.49  26.71  26.64  26.95  27.73  25.49  26.67 999.00  28.97  29.36  27.41  20.83  26.28  13.34  26.74   9.19  26.83  26.94  26.14  26.93  26.72  27.45  28.26  24.61  26.31  27.51
 wrfout_d04_2016-10-15_14:00:00 999.00  27.41  21.56  24.52  22.72  26.48  26.66  26.56  26.81  27.45  25.44  26.51 999.00  28.05  29.20  27.29  20.46  26.26  13.02  26.33   9.32  26.80  26.64  26.07  26.70  26.53  27.35  28.16  24.47  26.31  27.35
 wrfout_d04_2016-10-15_15:00:00 999.00  27.35  21.58  24.40  22.72  25.92  26.58  26.44  26.70  27.22  25.25  26.27 999.00  27.23  28.46  27.15  20.05  25.99  12.73  25.82   9.47  26.71  26.56  26.02  26.56  26.28  27.26  27.82  24.37  26.30  27.15
 wrfout_d04_2016-10-15_16:00:00 999.00  27.36  21.63  24.28  22.67  25.10  26.60  26.41  26.62  26.82  24.91  25.80 999.00  26.75  27.78  26.91  19.70  25.82  12.51  25.27   9.50  26.61  26.40  25.96  26.01  25.83  27.20  27.57  24.27  26.28  27.05
 wrfout_d04_2016-10-15_17:00:00 999.00  27.35  21.47  24.06  22.54  24.87  26.37  26.39  26.63  26.44  24.59  25.74 999.00  26.49  27.15  26.61  19.47  25.76  12.36  25.09   9.42  26.52  26.18  25.86  25.56  25.42  27.14  27.58  24.19  26.24  27.11
 wrfout_d04_2016-10-15_18:00:00 999.00  27.35  21.29  23.98  22.42  24.71  26.31  26.27  26.51  26.13  24.45  25.62 999.00  26.54  26.61  26.44  19.36  25.69  12.34  24.92   9.41  26.42  25.62  25.77  25.16  25.01  27.02  27.46  24.41  26.18  27.19
 wrfout_d04_2016-10-15_19:00:00 999.00  27.39  21.50  24.13  22.59  24.71  26.40  26.20  26.51  25.56  24.15  25.63 999.00  26.02  26.14  26.24  19.27  25.70  12.25  24.82   9.43  26.39  25.44  25.71  24.76  24.62  26.91  27.26  24.48  26.23  27.15
 wrfout_d04_2016-10-15_20:00:00 999.00  27.50  21.54  24.34  22.65  25.05  26.45  26.22  26.57  24.40  24.05  25.70 999.00  25.63  25.70  26.03  19.19  25.52  12.15  24.43   9.41  26.40  25.41  25.76  24.36  24.24  26.79  27.11  24.57  26.24  26.97
 wrfout_d04_2016-10-15_21:00:00 999.00  27.40  21.71  24.29  22.77  26.01  26.37  26.27  26.73  24.03  24.04  25.80 999.00  25.20  25.28  25.85  19.13  25.97  12.10  23.94   9.40  26.59  25.09  25.60  23.95  23.84  26.89  27.20  24.31  26.28  26.96
 wrfout_d04_2016-10-15_22:00:00 999.00  27.37  21.39  24.97  22.54  25.89  26.60  26.29  26.79  23.71  24.12  25.99 999.00  24.85  24.87  25.70  19.08  26.04  12.08  23.77   9.43  26.49  24.40  25.52  23.54  23.45  27.19  27.43  24.37  26.32  27.07
 wrfout_d04_2016-10-15_23:00:00 999.00  27.41  22.01  27.37  23.25  26.74  27.64  27.21  28.01  25.99  26.58  26.64 999.00  25.94  25.51  27.38  22.95  26.60  17.02  24.68  10.30  26.41  24.18  26.95  24.21  24.79  27.94  28.13  25.32  26.81  27.56
