 wrfout_d04_2016-05-12_00:00:00 999.00  24.99  22.12  25.22  23.34  27.12  27.69  24.87  27.40  24.13  27.10  26.36 999.00  25.57  26.87  28.38  24.38  27.05  16.52  24.72  11.14  26.72  26.21  27.19  26.67  26.74  28.90  28.82  27.32  27.36  28.62
 wrfout_d04_2016-05-12_01:00:00 999.00  25.29  23.39  28.53  24.72  28.26  29.35  27.17  29.19  28.01  26.37  26.70 999.00  26.93  28.84  27.40  26.84  27.01  18.17  28.11  12.28  26.87  26.96  27.39  27.57  28.73  29.37  30.77  27.45  27.73  29.12
 wrfout_d04_2016-05-12_02:00:00 999.00  25.46  23.30  29.75  25.56  29.49  30.67  25.10  30.33  27.56  27.22  27.42 999.00  28.44  30.56  28.75  27.95  27.59  18.69  29.51  12.12  27.26  27.44  27.73  29.68  30.20  28.74  31.36  27.83  27.14  30.11
 wrfout_d04_2016-05-12_03:00:00 999.00  25.64  23.57  30.32  25.85  30.26  31.47  26.85  31.12  28.79  27.68  28.24 999.00  28.73  31.84  29.51  28.61  28.16  18.95  30.33  12.22  27.10  27.80  28.29  31.67  31.38  30.11  31.79  28.40  28.45  30.68
 wrfout_d04_2016-05-12_04:00:00 999.00  25.80  24.08  27.73  27.15  30.89  31.56  27.50  31.07  29.79  28.30  28.63 999.00  28.94  32.49  29.58  28.50  29.11  18.89  30.91  11.28  27.11  28.03  28.34  32.64  31.66  30.51  32.35  28.56  28.76  31.14
 wrfout_d04_2016-05-12_05:00:00 999.00  25.96  23.70  28.22  26.86  31.09  30.78  27.44  30.83  29.94  28.64  28.63 999.00  28.83  32.21  28.68  28.23  29.00  18.80  31.15  11.27  27.18  27.99  28.32  32.67  31.89  30.69  32.63  28.58  28.92  31.57
 wrfout_d04_2016-05-12_06:00:00 999.00  26.12  23.07  28.28  25.68  30.78  30.03  27.82  29.77  30.58  27.59  28.58 999.00  28.71  31.67  28.57  28.46  28.78  15.73  31.02   9.71  27.34  28.11  27.29  32.26  31.45  29.01  32.17  28.17  28.80  31.61
 wrfout_d04_2016-05-12_07:00:00 999.00  26.22  22.85  28.83  26.10  30.36  30.75  28.62  29.45  30.79  27.56  27.50 999.00  28.49  30.99  28.22  27.74  28.63  15.87  30.47  11.28  27.33  28.12  26.19  31.68  30.98  27.36  31.79  28.07  28.47  31.19
 wrfout_d04_2016-05-12_08:00:00 999.00  26.26  23.87  27.83  25.66  29.48  30.61  28.66  30.15  30.60  27.55  27.06 999.00  28.63  30.61  26.82  23.88  28.26  15.81  29.73  11.38  27.31  28.23  24.97  31.26  30.51  26.94  31.46  27.61  28.13  30.79
 wrfout_d04_2016-05-12_09:00:00 999.00  26.25  23.24  28.89  24.47  28.68  29.84  28.01  28.64  29.40  27.89  27.01 999.00  28.54  30.55  26.79  24.17  27.53  15.04  28.86  10.45  27.38  28.10  24.98  30.41  29.87  28.05  30.76  26.96  27.45  29.97
 wrfout_d04_2016-05-12_10:00:00 999.00  26.26  21.77  26.83  23.11  27.24  29.09  26.99  28.71  28.23  27.38  26.96 999.00  27.65  30.12  26.93  22.42  26.79  14.28  27.61   9.53  27.32  27.99  25.57  29.63  29.37  27.73  30.36  26.24  26.35  28.87
 wrfout_d04_2016-05-12_11:00:00 999.00  26.28  20.66  25.63  21.93  26.33  27.80  25.78  28.24  27.05  26.68  26.53 999.00  26.97  29.17  25.63  21.20  26.45  13.24  26.88   9.18  27.21  27.71  24.18  27.98  28.58  27.55  29.80  24.58  25.36  28.41
 wrfout_d04_2016-05-12_12:00:00 999.00  26.31  20.52  26.16  21.73  26.46  26.80  25.36  27.26  26.86  26.16  25.20 999.00  26.44  28.16  25.73  20.64  26.43  13.09  26.27   6.67  27.14  27.67  24.71  27.56  27.65  26.60  29.53  24.25  24.65  28.27
 wrfout_d04_2016-05-12_13:00:00 999.00  26.38  20.54  26.09  21.61  26.14  27.13  25.07  27.10  26.46  26.00  25.49 999.00  26.26  27.90  25.97  20.27  26.62  12.09  25.94   5.76  27.33  27.30  24.70  27.39  27.68  26.09  29.41  24.26  24.33  27.94
 wrfout_d04_2016-05-12_14:00:00 999.00  26.35  20.38  25.98  20.69  25.75  26.91  24.72  26.44  26.10  25.48  25.96 999.00  26.26  27.63  26.08  19.79  26.27  11.65  25.20   5.49  27.43  27.22  24.19  26.97  27.36  26.29  29.35  23.89  24.26  27.48
 wrfout_d04_2016-05-12_15:00:00 999.00  26.35  19.62  24.71  20.66  25.64  26.92  24.39  25.87  25.51  25.26  25.05 999.00  25.91  26.94  25.62  19.43  26.15  11.38  24.63   5.07  27.48  26.81  23.96  26.61  26.68  26.16  29.07  23.56  25.03  26.76
 wrfout_d04_2016-05-12_16:00:00 999.00  26.16  20.23  25.46  20.98  25.87  26.61  24.01  25.19  24.91  24.92  24.91 999.00  25.70  26.73  25.18  19.13  26.05  11.12  24.23   4.82  27.40  26.52  23.68  26.21  26.70  26.03  28.79  23.18  24.00  25.25
 wrfout_d04_2016-05-12_17:00:00 999.00  25.87  20.16  24.90  19.97  25.24  25.49  24.18  24.68  24.63  24.79  24.28 999.00  25.44  26.58  24.86  18.91  26.03  10.80  23.97   4.61  27.51  25.76  23.53  25.83  26.27  25.85  28.66  22.44  24.11  25.10
 wrfout_d04_2016-05-12_18:00:00 999.00  25.82  19.05  24.14  19.94  24.87  25.31  23.62  24.27  24.51  24.26  23.79 999.00  25.49  26.33  24.73  18.72  26.04  10.45  23.76   4.19  27.35  26.12  23.40  25.43  25.86  25.15  28.73  22.27  23.83  25.07
 wrfout_d04_2016-05-12_19:00:00 999.00  26.00  19.59  23.97  19.81  24.62  24.79  23.45  23.87  24.14  23.63  23.70 999.00  25.24  26.02  24.39  18.53  25.73  10.15  23.99   3.95  27.38  25.83  23.37  24.95  25.28  25.05  28.57  22.05  22.67  25.19
 wrfout_d04_2016-05-12_20:00:00 999.00  26.18  20.51  23.41  20.75  24.15  24.38  23.11  23.51  23.68  23.55  23.57 999.00  25.07  25.54  24.01  18.36  25.69  10.04  24.03   3.71  27.41  26.67  23.37  24.77  25.08  24.91  27.78  22.00  23.08  25.44
 wrfout_d04_2016-05-12_21:00:00 999.00  26.10  19.65  23.50  20.46  23.84  23.93  22.71  23.20  23.24  23.48  23.37 999.00  24.81  24.88  23.74  18.26  25.68  10.03  23.53   3.62  27.38  26.49  23.41  24.66  24.84  24.75  26.64  21.99  23.91  25.33
 wrfout_d04_2016-05-12_22:00:00 999.00  26.13  20.92  25.41  22.01  25.53  25.82  24.32  25.15  23.84  25.61  25.04 999.00  25.18  24.74  26.47  20.99  26.10  12.37  23.48   6.28  27.45  26.19  24.92  24.54  25.08  25.91  27.00  23.11  24.56  25.62
 wrfout_d04_2016-05-12_23:00:00 999.00  26.09  22.41  27.50  23.68  27.24  27.52  25.85  26.83  25.88  27.03  26.60 999.00  26.08  26.26  28.07  24.17  27.04  15.36  24.76   9.98  27.50  26.77  26.91  25.81  26.30  27.29  28.19  25.29  26.14  26.62
