 wrfout_d04_2016-09-29_00:00:00 999.00  27.16  24.56  28.57  25.28  29.22  29.09  28.52  28.47  29.68  28.20  27.89 999.00  29.54  29.24  29.33  24.48  29.00  18.38  27.60  12.54  28.29  28.57  28.09  29.80  29.78  29.20  29.70  26.52  27.77  29.07
 wrfout_d04_2016-09-29_01:00:00 999.00  27.18  25.44  30.01  26.26  30.70  31.22  29.27  30.87  31.11  29.68  29.00 999.00  31.11  30.61  30.26  26.07  29.59  19.26  29.01  13.63  28.27  28.86  28.68  31.21  30.97  29.10  30.42  27.51  28.41  29.90
 wrfout_d04_2016-09-29_02:00:00 999.00  27.16  26.60  31.43  27.70  31.12  32.41  30.17  32.39  31.91  30.75  29.68 999.00  32.35  31.91  30.38  27.23  30.06  19.90  30.22  13.15  28.29  29.08  28.89  32.44  31.91  30.19  31.06  28.20  28.96  30.45
 wrfout_d04_2016-09-29_03:00:00 999.00  27.17  26.36  31.46  27.98  31.69  32.93  30.63  33.21  32.66  31.10  30.02 999.00  33.26  33.10  30.52  28.37  30.37  18.86  31.39  13.78  28.26  29.29  29.21  33.15  32.44  30.61  31.57  28.44  29.32  30.92
 wrfout_d04_2016-09-29_04:00:00 999.00  27.12  25.83  31.52  27.90  31.83  33.60  30.91  33.86  32.93  31.22  30.18 999.00  33.72  33.79  30.56  28.83  30.60  18.03  32.12  12.32  28.23  29.18  29.27  33.67  32.77  30.80  31.91  28.67  29.43  31.15
 wrfout_d04_2016-09-29_05:00:00 999.00  27.09  27.29  31.56  28.28  31.84  33.34  30.37  33.98  33.01  30.96  29.94 999.00  32.61  34.46  30.61  28.83  30.53  19.50  32.56  13.69  28.28  29.08  29.42  33.67  32.81  30.89  32.16  28.77  29.44  31.21
 wrfout_d04_2016-09-29_06:00:00 999.00  27.06  26.56  30.92  27.94  31.61  33.76  29.64  33.52  31.98  30.63  29.71 999.00  30.80  34.39  30.50  26.11  30.39  18.93  32.72  13.25  28.29  28.91  29.13  33.72  32.59  30.73  31.93  28.69  28.37  31.16
 wrfout_d04_2016-09-29_07:00:00 999.00  27.07  26.32  30.52  27.12  30.80  33.20  27.72  32.67  30.46  29.92  29.11 999.00  30.30  33.02  29.96  25.21  30.10  18.68  32.56  13.52  28.20  28.88  28.72  33.05  31.96  30.31  31.57  28.30  27.51  30.80
 wrfout_d04_2016-09-29_08:00:00 999.00  27.05  25.04  29.94  25.93  29.68  32.22  27.14  30.74  27.64  29.14  28.43 999.00  29.87  30.52  29.68  23.67  29.59  17.52  32.16  12.48  28.20  28.71  28.25  32.12  31.15  29.84  31.12  27.73  27.21  30.03
 wrfout_d04_2016-09-29_09:00:00 999.00  27.06  23.08  28.53  23.98  28.58  26.15  26.65  26.19  26.54  28.30  27.66 999.00  28.77  28.79  28.92  22.66  28.96  16.99  31.19  11.02  28.19  28.57  27.54  30.88  30.11  29.18  30.46  26.97  26.51  29.13
 wrfout_d04_2016-09-29_10:00:00 999.00  27.06  21.96  26.31  22.42  27.75  27.10  26.01  27.61  26.09  27.67  27.35 999.00  27.34  27.83  28.41  22.17  28.42  14.78  29.90   9.42  28.20  28.46  26.89  29.67  29.14  28.62  29.87  25.83  25.91  28.38
 wrfout_d04_2016-09-29_11:00:00 999.00  26.99  21.74  25.66  22.33  27.15  27.84  25.66  28.13  26.08  27.42  27.10 999.00  26.46  28.01  28.22  21.88  28.22  14.18  28.88   9.60  28.26  28.40  26.90  29.29  28.84  28.27  29.51  24.99  26.03  28.31
 wrfout_d04_2016-09-29_12:00:00 999.00  26.94  21.83  25.49  21.88  27.26  28.18  25.23  28.08  26.45  27.03  27.06 999.00  26.28  26.03  27.87  21.70  28.15  13.55  28.49   8.83  28.25  28.29  26.80  29.17  28.80  28.19  29.43  25.09  26.00  28.07
 wrfout_d04_2016-09-29_13:00:00 999.00  26.97  21.61  26.18  21.72  27.20  28.29  25.17  27.82  26.23  26.70  26.94 999.00  26.42  26.79  27.95  21.42  28.04  13.15  28.18   8.76  28.26  28.22  26.68  28.95  28.62  28.05  29.29  24.90  25.90  27.81
 wrfout_d04_2016-09-29_14:00:00 999.00  26.90  21.13  25.37  21.72  26.90  28.49  24.86  28.31  25.83  26.40  26.81 999.00  27.00  27.04  27.52  21.15  27.95  13.07  27.76   9.19  28.26  28.14  26.43  28.92  28.59  28.15  29.61  24.79  25.81  27.60
 wrfout_d04_2016-09-29_15:00:00 999.00  26.89  21.05  25.12  21.67  26.61  27.77  24.84  27.63  25.85  26.07  26.60 999.00  26.82  26.53  27.05  20.93  27.84  12.98  27.25   9.71  28.03  27.99  25.57  29.03  28.35  27.82  29.48  24.51  25.38  27.35
 wrfout_d04_2016-09-29_16:00:00 999.00  26.88  20.77  24.75  21.49  26.62  27.15  24.72  26.68  26.05  25.91  26.38 999.00  26.97  26.80  26.92  20.73  27.64  12.75  26.51   9.35  28.03  28.00  25.32  28.42  27.86  27.26  29.13  24.15  25.43  27.00
 wrfout_d04_2016-09-29_17:00:00 999.00  26.79  20.62  24.62  21.36  26.43  26.76  24.69  26.66  25.99  25.77  26.25 999.00  27.06  26.81  26.93  20.49  27.47  12.39  26.40   9.72  27.98  28.22  25.04  27.17  27.78  27.05  28.88  23.77  25.54  26.85
 wrfout_d04_2016-09-29_18:00:00 999.00  26.74  20.86  24.58  21.66  25.91  26.32  24.60  26.15  25.68  25.64  26.30 999.00  27.11  26.99  26.81  20.23  27.37  12.15  26.04   9.22  27.99  28.42  24.87  26.85  28.12  26.99  28.90  23.65  25.56  26.72
 wrfout_d04_2016-09-29_19:00:00 999.00  26.71  21.00  24.33  21.58  25.56  25.91  24.42  25.79  25.27  25.48  26.20 999.00  27.30  26.58  26.56  20.04  27.27  11.92  25.83   9.17  28.03  28.20  24.71  26.81  27.55  26.87  28.75  24.08  25.63  26.58
 wrfout_d04_2016-09-29_20:00:00 999.00  26.71  21.08  24.11  21.83  25.29  25.45  24.17  25.34  24.87  25.32  26.12 999.00  27.00  26.44  26.32  19.85  26.98  11.79  26.00   9.13  28.01  27.93  24.59  26.64  26.77  26.70  28.56  23.61  25.79  26.47
 wrfout_d04_2016-09-29_21:00:00 999.00  26.74  21.04  24.45  21.80  25.15  25.18  23.96  25.03  24.54  25.27  26.10 999.00  26.50  26.02  25.99  19.74  26.19  11.74  25.88   9.08  28.07  27.35  24.52  26.49  26.15  26.56  27.69  24.16  25.70  26.77
 wrfout_d04_2016-09-29_22:00:00 999.00  26.77  21.11  24.38  21.92  25.56  25.37  23.93  25.21  24.62  25.53  26.06 999.00  26.14  25.79  26.19  19.91  26.08  11.94  25.49   9.24  28.06  27.25  24.94  26.20  25.89  26.61  27.54  24.40  25.63  26.68
 wrfout_d04_2016-09-29_23:00:00 999.00  26.79  22.18  26.38  23.15  27.66  27.10  26.00  26.67  26.55  27.21  26.97 999.00  27.71  26.99  27.11  23.00  28.09  16.51  26.65  10.08  27.87  27.53  25.92  27.41  27.51  27.08  28.36  24.87  25.93  27.59
