 wrfout_d04_2016-06-12_00:00:00 999.00  27.04  22.88  26.95  24.29  27.00  27.07  26.98  27.07  27.92  28.05  26.91 999.00  27.86  27.41  27.91  23.36  27.57  15.55  27.18  10.43  27.82  27.36  28.49  26.91  26.77  29.78  28.80  26.83  27.42  28.26
 wrfout_d04_2016-06-12_01:00:00 999.00  26.97  22.80  27.97  23.97  26.67  28.07  27.44  28.55  28.63  28.45  26.75 999.00  27.98  27.93  30.04  25.35  27.68  15.67  27.59  10.73  27.82  27.45  28.94  27.38  27.43  30.45  29.11  27.62  27.99  28.79
 wrfout_d04_2016-06-12_02:00:00 999.00  26.88  23.95  28.42  24.55  27.47  28.77  27.51  28.75  29.09  28.32  27.01 999.00  28.95  29.02  31.47  28.77  28.02  15.68  27.93  11.01  27.93  27.83  29.70  27.75  28.25  30.96  29.49  28.23  28.33  29.58
 wrfout_d04_2016-06-12_03:00:00 999.00  26.88  23.36  27.97  24.31  28.20  28.50  27.74  28.80  29.58  28.80  27.41 999.00  28.97  29.26  32.54  26.56  28.12  16.33  27.83  10.94  27.99  27.87  30.18  28.65  28.26  31.25  29.90  28.62  28.35  30.34
 wrfout_d04_2016-06-12_04:00:00 999.00  26.85  22.90  27.16  23.93  28.09  28.63  27.61  28.89  29.25  28.23  27.76 999.00  28.24  28.60  32.06  24.67  27.73  15.69  27.97  10.75  27.98  27.94  30.14  28.78  28.50  31.68  30.05  28.81  28.52  30.67
 wrfout_d04_2016-06-12_05:00:00 999.00  27.07  22.18  26.92  23.21  28.06  28.91  26.64  29.04  27.73  28.27  27.92 999.00  27.98  28.36  31.80  23.81  27.86  15.44  27.99  10.61  27.92  27.96  29.84  28.78  28.39  31.41  30.55  28.92  28.69  30.85
 wrfout_d04_2016-06-12_06:00:00 999.00  26.78  21.69  26.57  22.61  27.76  28.30  25.72  28.48  27.34  27.82  27.42 999.00  26.65  27.53  31.65  24.00  28.06  15.50  28.13  10.68  27.84  27.98  29.43  28.69  28.41  31.06  31.03  28.40  28.21  30.62
 wrfout_d04_2016-06-12_07:00:00 999.00  26.66  21.57  26.64  22.43  27.50  28.06  25.90  28.20  26.18  27.24  27.37 999.00  26.43  24.97  30.69  22.85  27.93  15.92  26.31  10.69  27.92  27.84  29.13  28.79  28.37  31.25  30.39  28.18  28.03  30.15
 wrfout_d04_2016-06-12_08:00:00 999.00  26.94  21.42  26.09  22.35  27.21  28.01  26.12  27.67  26.85  26.82  27.09 999.00  27.73  25.50  30.23  21.48  27.76  15.35  27.14  10.66  27.69  27.93  29.07  28.18  27.98  31.02  30.02  27.96  27.76  29.82
 wrfout_d04_2016-06-12_09:00:00 999.00  27.01  21.31  26.03  22.06  26.83  27.50  26.68  27.13  27.25  26.69  26.74 999.00  27.39  26.51  29.72  21.48  27.58  16.07  27.27  11.21  27.64  27.92  28.77  28.27  28.15  30.64  30.00  27.40  27.21  29.43
 wrfout_d04_2016-06-12_10:00:00 999.00  27.46  21.53  26.02  22.30  26.66  27.78  26.99  27.60  27.34  26.20  26.44 999.00  27.42  26.46  28.94  21.82  27.46  15.65  27.37  11.01  27.64  27.82  28.37  28.13  27.92  30.16  29.85  26.61  26.77  29.02
 wrfout_d04_2016-06-12_11:00:00 999.00  27.91  21.73  25.90  22.59  26.86  28.51  27.09  27.96  27.52  26.10  26.32 999.00  27.42  26.61  28.16  21.97  27.35  15.07  27.35  10.53  27.66  27.73  28.00  27.15  26.90  30.18  29.63  26.12  26.57  28.67
 wrfout_d04_2016-06-12_12:00:00 999.00  27.61  21.80  26.03  22.68  26.63  28.31  27.22  27.69  27.70  26.37  26.19 999.00  27.63  26.68  28.16  21.64  27.28  14.80  27.40  10.10  27.68  27.65  28.10  26.76  26.53  29.96  29.49  26.00  26.48  28.53
 wrfout_d04_2016-06-12_13:00:00 999.00  27.43  21.94  26.36  22.93  26.49  27.97  27.47  28.21  28.23  26.32  26.04 999.00  27.83  26.80  27.82  21.52  27.24  14.86  27.40   9.94  27.70  27.59  27.93  26.53  26.29  30.01  29.30  25.67  26.43  28.32
 wrfout_d04_2016-06-12_14:00:00 999.00  27.88  22.25  26.46  23.17  26.80  28.29  27.73  28.15  28.32  25.88  26.07 999.00  27.89  26.11  27.47  21.49  27.23  14.91  27.34   9.96  27.74  27.52  27.96  26.25  25.79  29.87  29.15  25.71  26.36  27.98
 wrfout_d04_2016-06-12_15:00:00 999.00  28.06  22.38  26.77  23.32  26.94  28.28  27.87  27.66  28.79  26.48  26.58 999.00  27.89  25.96  27.22  21.51  27.25  14.88  27.21  10.02  27.79  27.45  27.85  26.17  25.70  29.56  28.80  25.70  26.32  27.75
 wrfout_d04_2016-06-12_16:00:00 999.00  28.09  22.54  26.82  23.52  26.68  27.38  28.14  27.71  29.06  26.86  26.39 999.00  27.88  26.07  27.17  21.58  27.28  14.79  26.46  10.17  27.82  27.33  27.69  26.00  25.75  29.60  28.53  25.68  26.30  27.49
 wrfout_d04_2016-06-12_17:00:00 999.00  27.69  22.43  26.23  23.47  26.77  27.56  27.65  29.11  28.78  26.78  26.46 999.00  27.79  25.94  27.32  21.73  27.33  14.81  26.47  10.32  27.81  27.30  27.50  26.04  25.59  29.48  28.58  25.63  26.29  27.53
 wrfout_d04_2016-06-12_18:00:00 999.00  27.83  21.78  26.19  22.77  27.21  28.50  27.09  29.07  27.62  26.35  26.37 999.00  27.64  25.68  27.15  21.61  27.37  14.90  26.65  10.45  27.82  27.09  27.25  25.85  25.72  29.34  28.28  25.61  26.28  27.43
 wrfout_d04_2016-06-12_19:00:00 999.00  28.10  21.90  26.50  22.90  27.33  28.92  26.57  29.42  27.19  26.10  26.08 999.00  27.04  25.93  27.23  21.50  27.42  15.03  26.67  10.61  27.82  26.96  27.04  25.63  25.44  29.36  28.23  25.73  26.24  27.28
 wrfout_d04_2016-06-12_20:00:00 999.00  28.27  21.77  26.25  22.88  27.65  28.66  26.69  28.75  27.03  26.04  25.68 999.00  26.88  25.80  27.17  21.67  27.48  15.14  26.39  10.72  27.82  26.79  27.01  25.42  25.19  29.41  28.06  25.85  26.25  27.25
 wrfout_d04_2016-06-12_21:00:00 999.00  28.20  21.61  25.89  22.67  26.67  27.91  26.70  28.77  27.14  25.22  26.06 999.00  26.78  25.35  27.01  21.55  27.51  15.25  26.29  10.78  27.83  26.97  27.04  25.50  25.17  29.63  28.16  25.92  26.29  27.32
 wrfout_d04_2016-06-12_22:00:00 999.00  27.64  21.58  25.90  22.49  26.87  28.50  26.66  28.97  26.96  25.16  26.11 999.00  27.14  25.81  27.48  21.90  27.56  15.29  26.48  10.86  27.89  27.19  27.49  25.87  25.48  29.91  28.41  26.14  26.52  27.59
 wrfout_d04_2016-06-12_23:00:00 999.00  27.88  21.86  26.46  22.69  27.50  28.68  26.57  29.08  27.12  25.89  26.48 999.00  27.35  26.16  28.07  22.68  27.73  15.49  26.70  11.00  27.93  27.24  28.02  26.05  25.81  30.27  28.90  26.59  27.01  28.21
