 wrfout_d04_2016-05-20_00:00:00 999.00  24.66  21.98  26.06  23.52  25.20  26.85  26.26  26.48  26.39  25.96  26.10 999.00  27.11  27.22  27.98  24.50  28.03  17.84  26.53  11.86  27.56  26.06  27.11  28.38  28.53  28.44  29.51  26.98  27.28  28.27
 wrfout_d04_2016-05-20_01:00:00 999.00  24.65  21.56  27.05  24.40  26.26  28.38  26.92  28.32  28.06  27.00  27.51 999.00  27.52  28.34  28.72  26.15  28.71  18.83  27.99  12.67  27.67  26.98  27.53  29.76  29.68  29.43  29.88  27.51  28.08  29.31
 wrfout_d04_2016-05-20_02:00:00 999.00  24.70  22.08  26.32  24.39  26.96  29.52  27.35  29.48  29.35  27.30  27.42 999.00  28.32  29.85  28.99  27.17  29.13  19.61  29.09  13.58  27.73  27.41  28.78  30.71  30.50  29.74  30.05  26.54  28.56  29.93
 wrfout_d04_2016-05-20_03:00:00 999.00  24.83  23.14  26.72  24.59  27.52  30.31  27.95  30.25  30.05  28.62  27.07 999.00  29.43  31.26  29.73  27.68  29.47  19.91  29.66  13.77  27.74  27.54  28.93  31.50  30.96  28.65  30.32  27.53  28.62  30.25
 wrfout_d04_2016-05-20_04:00:00 999.00  24.92  22.59  27.58  24.62  26.50  30.48  27.82  31.07  30.89  28.48  27.25 999.00  29.74  32.29  30.08  28.26  29.71  19.63  30.15  13.45  27.76  27.73  28.76  31.97  31.20  29.16  30.62  27.75  27.94  30.44
 wrfout_d04_2016-05-20_05:00:00 999.00  24.89  22.36  28.78  25.24  25.90  30.44  27.70  31.08  31.22  28.55  27.12 999.00  29.75  32.85  28.89  28.57  29.54  18.72  30.51  12.63  27.81  28.05  28.67  31.60  31.08  30.06  31.06  27.90  28.80  30.33
 wrfout_d04_2016-05-20_06:00:00 999.00  24.88  21.54  28.75  24.94  25.92  30.65  27.47  31.21  30.76  29.20  27.57 999.00  29.59  32.53  29.36  28.44  29.47  18.20  30.43  12.45  27.79  28.06  28.52  31.18  30.57  29.86  31.00  28.10  28.50  30.43
 wrfout_d04_2016-05-20_07:00:00 999.00  24.90  22.94  28.25  25.44  25.88  29.39  26.81  30.01  30.10  27.44  27.57 999.00  29.02  31.51  28.84  27.66  29.22  17.05  30.55  11.44  27.70  28.07  28.34  30.61  30.36  29.73  30.80  28.00  28.04  30.23
 wrfout_d04_2016-05-20_08:00:00 999.00  24.80  21.90  27.38  24.05  25.61  28.42  26.49  28.91  29.17  26.96  26.84 999.00  28.47  30.50  27.29  26.61  28.89  16.60  30.24  11.13  27.75  28.22  28.10  30.70  30.23  29.24  30.58  27.47  27.47  29.58
 wrfout_d04_2016-05-20_09:00:00 999.00  24.82  21.27  26.97  22.98  25.49  27.65  26.10  27.87  28.18  26.29  25.67 999.00  27.83  29.26  26.24  25.71  28.39  16.43  29.05  10.93  27.75  28.32  27.66  30.40  29.98  28.80  30.28  26.96  27.17  29.12
 wrfout_d04_2016-05-20_10:00:00 999.00  24.90  20.49  25.91  21.93  25.21  26.54  25.40  26.79  27.18  26.06  24.35 999.00  27.29  28.28  26.53  24.10  27.98  15.77  27.79  10.34  27.86  28.34  27.30  29.44  29.32  28.52  29.82  26.27  26.30  28.53
 wrfout_d04_2016-05-20_11:00:00 999.00  24.97  19.85  24.73  21.16  24.80  25.79  24.99  26.08  26.13  25.77  24.38 999.00  26.57  27.50  26.63  22.45  27.81  14.49  26.57   8.78  27.94  28.28  26.87  28.53  28.76  28.20  29.50  24.87  25.67  27.97
 wrfout_d04_2016-05-20_12:00:00 999.00  25.05  19.86  24.22  21.13  24.48  25.37  24.92  25.59  25.62  25.64  24.63 999.00  26.52  26.74  26.89  21.95  27.73  14.36  25.96   9.40  27.92  28.08  25.21  28.14  28.35  27.70  29.35  24.51  25.17  27.76
 wrfout_d04_2016-05-20_13:00:00 999.00  25.18  19.87  23.97  21.17  24.28  25.45  25.05  25.15  25.51  25.49  25.06 999.00  26.52  26.85  26.40  21.59  27.68  14.04  25.88   9.37  28.04  27.63  25.13  27.85  28.20  27.70  29.25  24.32  25.20  27.57
 wrfout_d04_2016-05-20_14:00:00 999.00  25.30  19.88  23.89  21.11  24.21  25.28  25.21  25.28  25.65  25.27  24.97 999.00  26.40  26.88  26.62  21.26  27.60  14.75  25.65   9.30  28.07  27.12  25.29  27.41  27.85  27.72  29.15  23.99  24.86  27.40
 wrfout_d04_2016-05-20_15:00:00 999.00  25.33  20.14  24.29  21.40  24.27  25.28  25.18  25.19  25.49  25.18  24.81 999.00  26.34  26.97  26.47  21.15  27.52  14.72  25.41   8.96  28.05  26.91  25.00  27.16  27.61  27.39  28.91  23.93  24.87  27.18
 wrfout_d04_2016-05-20_16:00:00 999.00  25.36  20.29  25.22  21.57  24.29  25.69  25.12  25.48  25.32  24.79  25.09 999.00  26.28  27.09  26.36  20.92  27.49  13.58  25.17   8.87  27.91  26.88  25.51  26.97  27.52  26.47  28.83  24.07  24.81  26.75
 wrfout_d04_2016-05-20_17:00:00 999.00  25.55  20.42  25.67  21.63  24.41  25.65  24.93  25.55  25.26  24.89  24.95 999.00  26.27  27.08  25.81  20.84  27.44  13.54  25.23   8.91  27.80  26.53  25.35  26.75  27.30  26.34  28.93  23.90  24.58  26.69
 wrfout_d04_2016-05-20_18:00:00 999.00  25.72  20.50  25.82  21.71  24.46  25.74  24.65  25.63  25.13  25.07  24.72 999.00  26.18  26.71  25.80  20.77  27.38  13.27  25.28   8.73  27.80  26.51  25.10  26.63  27.16  26.68  28.81  23.80  24.55  26.71
 wrfout_d04_2016-05-20_19:00:00 999.00  25.81  20.63  25.87  21.80  24.51  25.85  24.45  25.71  25.03  25.27  24.53 999.00  26.22  26.55  25.89  20.96  27.40  13.63  25.43   9.05  27.89  26.43  25.09  26.69  27.17  26.78  28.73  23.73  24.58  26.54
 wrfout_d04_2016-05-20_20:00:00 999.00  25.88  20.83  25.92  21.97  24.57  25.96  24.28  25.63  25.55  25.10  24.46 999.00  26.27  26.54  25.92  20.96  27.28  13.70  25.34   9.26  27.90  26.87  24.91  26.52  27.02  26.76  28.50  23.48  24.46  26.37
 wrfout_d04_2016-05-20_21:00:00 999.00  26.10  20.87  25.84  21.95  24.63  25.97  24.19  25.67  25.24  24.98  24.50 999.00  26.29  26.56  26.21  20.87  27.27  14.18  25.24   9.25  27.87  27.19  24.88  26.36  26.91  26.73  28.06  23.42  24.45  26.67
 wrfout_d04_2016-05-20_22:00:00 999.00  26.16  21.18  25.60  22.22  25.90  26.43  24.31  25.94  24.75  25.31  25.10 999.00  26.35  26.67  26.51  22.10  27.27  15.03  25.33   9.55  27.85  27.25  25.38  26.29  26.95  26.69  28.12  24.62  25.76  26.92
 wrfout_d04_2016-05-20_23:00:00 999.00  26.29  21.08  25.53  22.12  25.99  26.60  25.03  26.32  25.37  26.56  25.90 999.00  26.61  26.80  27.13  22.60  27.47  15.70  25.78   9.99  27.96  27.24  27.15  26.60  27.23  27.43  28.81  26.21  27.45  27.91
