 wrfout_d04_2016-07-30_00:00:00 999.00  29.00  26.17  30.61  27.39  30.71  30.31  29.34  30.43  29.92  30.02  30.28 999.00  30.56  30.26  30.37  24.79  30.39  16.76  28.91  14.13  28.96  28.30  28.88  29.69  29.97  30.50  31.32  29.22  29.44  30.27
 wrfout_d04_2016-07-30_01:00:00 999.00  29.04  27.34  31.95  28.87  32.23  32.10  30.08  31.92  31.11  30.96  31.03 999.00  31.40  31.68  31.19  26.48  31.39  21.20  30.07  13.78  29.05  28.85  29.45  31.41  31.64  31.14  32.06  29.79  30.27  31.41
 wrfout_d04_2016-07-30_02:00:00 999.00  29.09  27.29  32.19  29.99  33.18  33.71  30.75  33.32  32.66  31.51  31.50 999.00  31.68  32.85  31.57  27.41  31.85  20.57  31.52  14.74  29.12  28.95  29.87  32.58  32.39  31.68  32.73  30.27  30.74  32.20
 wrfout_d04_2016-07-30_03:00:00 999.00  29.11  28.62  33.12  30.73  33.61  35.22  31.21  35.00  33.89  31.78  31.78 999.00  31.78  33.52  31.82  27.72  32.07  20.84  32.30  14.99  29.15  28.99  30.17  33.87  33.06  32.14  33.35  30.80  30.89  33.07
 wrfout_d04_2016-07-30_04:00:00 999.00  29.14  28.57  35.41  30.79  33.93  35.95  31.52  36.17  33.94  31.88  31.89 999.00  31.93  33.87  31.99  29.43  32.24  21.22  33.12  12.62  29.17  29.03  30.48  33.28  33.44  32.44  32.74  31.18  30.95  33.44
 wrfout_d04_2016-07-30_05:00:00 999.00  29.09  28.53  35.93  30.66  34.22  36.21  31.94  36.31  34.26  31.89  31.93 999.00  31.79  34.32  32.09  29.06  32.19  21.02  33.46  12.11  29.24  29.06  30.55  34.41  33.64  32.51  33.11  31.19  30.91  33.60
 wrfout_d04_2016-07-30_06:00:00 999.00  28.96  28.05  35.63  30.30  34.04  36.02  32.32  36.06  34.79  31.82  31.85 999.00  31.69  33.75  32.10  29.77  31.96  20.96  33.37  12.21  29.27  29.42  30.26  34.19  33.38  32.36  32.80  30.75  30.75  33.29
 wrfout_d04_2016-07-30_07:00:00 999.00  28.98  27.25  34.87  29.47  33.50  35.25  32.93  35.20  34.83  31.61  31.55 999.00  30.34  32.35  31.92  29.47  31.63  20.98  31.82  12.44  29.23  29.55  29.89  33.33  32.86  32.07  31.26  30.08  30.35  32.64
 wrfout_d04_2016-07-30_08:00:00 999.00  29.17  26.37  33.80  28.51  32.64  34.26  34.27  34.18  36.22  31.24  31.18 999.00  30.05  31.06  31.62  28.23  31.07  19.88  29.28  12.07  29.19  29.36  29.59  31.24  30.72  31.68  30.53  29.85  29.78  32.33
 wrfout_d04_2016-07-30_09:00:00 999.00  29.31  25.14  32.22  27.09  31.48  33.01  33.64  32.94  34.77  30.75  30.64 999.00  30.70  31.52  31.12  26.41  30.26  18.81  28.67  12.09  29.20  29.16  28.94  29.56  29.52  31.15  30.59  28.83  28.79  31.35
 wrfout_d04_2016-07-30_10:00:00 999.00  29.25  23.72  30.19  25.36  30.14  31.16  31.77  31.14  33.30  30.04  29.67 999.00  30.06  30.60  30.50  24.27  29.58  17.58  27.82  11.43  29.19  29.24  27.94  29.25  28.76  30.51  31.21  27.82  27.68  30.42
 wrfout_d04_2016-07-30_11:00:00 999.00  29.22  22.85  28.94  24.31  29.14  30.05  30.30  30.03  31.08  29.40  29.10 999.00  29.76  30.23  30.15  23.18  29.25  14.81  27.85   8.35  29.12  29.17  27.05  28.66  28.78  30.03  30.93  26.61  26.91  29.79
 wrfout_d04_2016-07-30_12:00:00 999.00  29.19  22.71  28.58  24.14  28.89  29.69  29.51  29.74  30.00  28.88  28.87 999.00  29.65  30.11  29.94  22.94  29.05  14.34  28.15   9.31  29.08  29.04  26.83  28.07  28.34  29.64  30.86  26.84  26.90  29.12
 wrfout_d04_2016-07-30_13:00:00 999.00  29.12  22.64  28.16  24.04  28.53  29.35  29.08  29.46  29.69  28.41  28.78 999.00  29.35  29.81  29.53  22.39  28.99  13.36  27.75   9.58  29.06  28.94  26.05  28.65  28.66  29.09  30.45  26.34  26.83  28.94
 wrfout_d04_2016-07-30_14:00:00 999.00  29.06  22.38  27.72  23.86  28.25  29.09  28.93  29.30  29.71  28.18  28.58 999.00  29.27  29.12  29.27  22.51  28.95  13.24  27.55   9.67  28.94  29.07  25.99  28.64  28.59  28.63  29.97  25.87  26.91  28.69
 wrfout_d04_2016-07-30_15:00:00 999.00  29.01  22.26  27.54  23.69  28.00  28.82  28.78  29.04  29.28  27.81  28.36 999.00  29.16  28.41  28.92  22.45  28.82  12.87  27.06   9.37  28.87  29.01  25.43  28.42  28.54  28.19  29.78  25.48  26.88  28.49
 wrfout_d04_2016-07-30_16:00:00 999.00  28.98  22.12  26.50  23.56  27.73  28.59  28.45  28.76  28.89  27.51  28.11 999.00  29.00  28.06  28.60  22.38  28.90  12.58  26.71   9.30  28.91  28.91  25.25  27.84  28.02  27.92  29.68  25.13  26.82  28.14
 wrfout_d04_2016-07-30_17:00:00 999.00  28.95  22.11  26.28  23.55  27.62  28.36  27.58  28.51  28.41  27.35  27.89 999.00  28.64  27.85  28.46  21.57  28.88  12.17  26.64   9.11  28.88  28.67  25.12  27.29  27.54  27.92  29.66  24.91  26.82  27.92
 wrfout_d04_2016-07-30_18:00:00 999.00  28.97  22.14  26.07  23.57  27.41  28.09  27.37  28.15  27.71  27.15  27.62 999.00  28.36  27.58  28.32  21.63  28.87  12.14  26.58   8.90  28.98  27.81  25.06  27.08  27.49  27.84  29.35  24.66  26.68  27.54
 wrfout_d04_2016-07-30_19:00:00 999.00  29.02  22.04  25.82  23.48  27.31  27.87  26.52  27.94  27.18  27.02  27.78 999.00  28.36  27.66  28.18  20.95  28.85  12.01  26.36   6.00  28.76  27.66  25.02  26.79  26.94  27.81  29.12  24.53  26.70  27.18
 wrfout_d04_2016-07-30_20:00:00 999.00  29.10  22.15  25.58  23.45  27.04  27.66  26.79  27.70  26.94  26.83  27.68 999.00  28.30  27.52  28.21  20.64  28.74  11.69  26.19   8.20  28.94  27.27  24.85  26.59  26.67  27.74  28.89  24.36  26.72  26.99
 wrfout_d04_2016-07-30_21:00:00 999.00  29.16  22.19  25.41  23.43  27.08  27.49  26.93  27.46  26.84  26.64  27.39 999.00  28.17  27.50  28.19  20.47  28.73  11.44  26.01   5.84  29.03  27.13  24.82  26.39  26.55  27.65  28.76  24.32  26.79  26.94
 wrfout_d04_2016-07-30_22:00:00 999.00  29.24  22.84  27.51  24.29  27.73  27.87  27.77  27.90  27.22  27.08  27.44 999.00  28.21  27.65  28.38  22.32  28.77  13.58  26.16   9.38  29.05  27.08  26.49  26.38  26.59  27.88  28.82  25.50  27.39  27.22
 wrfout_d04_2016-07-30_23:00:00 999.00  29.23  24.07  29.77  25.81  29.25  29.50  29.37  29.41  29.17  28.85  28.89 999.00  29.20  28.82  29.47  24.74  29.46  18.36  27.30  12.01  29.04  27.72  28.27  27.90  28.22  29.30  29.79  28.01  28.67  28.81
