 wrfout_d04_2016-12-19_00:00:00 999.00  22.93  17.34  22.38  18.66  20.93  20.85  18.30  19.86  17.74  22.50  22.63 999.00  19.00  18.81  23.87  18.28  20.97  11.66  17.00   7.05  21.05  20.10  21.27  17.19  17.17  23.67  21.98  22.02  24.24  23.66
 wrfout_d04_2016-12-19_01:00:00 999.00  23.04  18.53  23.89  19.87  23.31  24.25  19.81  22.23  20.19  23.69  23.88 999.00  19.87  20.96  25.06  18.97  20.86  15.23  18.56   8.33  21.25  20.40  23.78  18.20  18.98  25.28  23.83  23.53  25.07  24.90
 wrfout_d04_2016-12-19_02:00:00 999.00  23.01  19.51  25.09  20.86  24.60  25.82  20.51  24.60  22.05  24.78  24.71 999.00  21.40  23.20  25.84  22.66  21.36  13.69  20.76   9.27  21.65  20.12  24.50  20.46  20.61  26.33  25.56  24.68  25.72  25.77
 wrfout_d04_2016-12-19_03:00:00 999.00  23.01  20.28  26.06  21.68  25.33  27.13  21.33  26.66  23.32  25.40  25.12 999.00  22.83  24.81  26.18  23.91  20.66  15.43  22.73   9.72  21.32  21.28  24.98  23.23  23.58  26.32  27.14  25.32  25.00  26.79
 wrfout_d04_2016-12-19_04:00:00 999.00  23.14  20.79  26.87  22.15  25.87  27.85  21.57  27.92  24.19  25.56  25.21 999.00  22.72  26.20  26.33  22.91  21.99  15.78  24.60   9.95  21.10  22.17  24.88  24.97  25.32  26.86  28.09  25.51  26.43  27.11
 wrfout_d04_2016-12-19_05:00:00 999.00  23.27  20.89  26.95  22.25  25.91  27.99  21.38  28.35  25.08  25.42  25.18 999.00  23.07  26.86  26.19  22.91  22.64  15.80  25.39   9.89  21.22  22.28  24.89  26.09  26.51  26.87  28.79  25.48  26.38  27.19
 wrfout_d04_2016-12-19_06:00:00 999.00  23.24  20.61  26.70  22.03  25.69  27.65  21.83  27.99  24.80  25.25  25.13 999.00  23.18  27.36  26.14  22.65  22.27  15.45  25.72   9.52  21.23  22.59  24.66  26.53  27.09  26.56  29.16  25.25  26.04  27.44
 wrfout_d04_2016-12-19_07:00:00 999.00  23.46  19.79  25.62  21.14  25.20  26.64  21.64  27.30  23.79  24.68  24.53 999.00  22.84  27.11  26.03  21.97  22.16  14.63  25.67   8.90  21.57  22.76  24.37  26.40  26.64  26.23  28.83  24.75  24.16  26.80
 wrfout_d04_2016-12-19_08:00:00 999.00  23.46  18.65  24.25  19.95  24.21  25.66  20.92  26.03  23.02  24.08  24.10 999.00  22.05  26.37  25.63  20.58  21.69  13.29  24.97   7.44  21.59  22.57  23.67  25.37  25.81  25.80  27.99  23.77  24.70  25.67
 wrfout_d04_2016-12-19_09:00:00 999.00  23.41  17.24  22.77  18.38  23.05  24.18  20.02  24.65  21.96  23.92  23.66 999.00  20.80  25.00  25.26  16.20  21.12   8.44  23.37   1.68  21.60  22.70  22.21  23.77  24.42  25.04  27.47  22.44  23.72  25.11
 wrfout_d04_2016-12-19_10:00:00 999.00  23.44  17.00  22.46  18.11  22.44  23.30  19.83  23.71  20.63  23.87  23.14 999.00  19.27  23.87  25.21  14.98  20.95   7.33  21.13   1.37  21.72  22.93  21.75  22.75  23.23  24.73  27.61  21.39  23.55  24.99
 wrfout_d04_2016-12-19_11:00:00 999.00  23.49  16.97  22.31  18.03  22.20  22.82  19.58  23.09  19.90  23.56  22.54 999.00  19.05  23.27  23.49  14.68  20.91   7.03  19.80   3.09  21.70  23.01  21.57  22.35  22.72  24.13  27.50  20.92  23.27  24.70
 wrfout_d04_2016-12-19_12:00:00 999.00  23.52  16.93  22.23  17.90  22.11  22.48  18.74  22.54  19.30  23.23  22.34 999.00  19.12  22.58  22.99  14.42  20.68   6.73  19.20   3.06  21.89  22.45  20.86  22.00  22.65  23.63  26.99  20.59  23.25  24.46
 wrfout_d04_2016-12-19_13:00:00 999.00  23.54  16.85  22.15  17.82  22.01  22.07  18.36  21.74  18.66  22.74  22.30 999.00  19.01  21.86  23.50  14.26  20.66   6.61  18.34   1.23  21.28  21.75  20.59  21.08  21.94  23.68  25.77  20.46  23.60  24.10
 wrfout_d04_2016-12-19_14:00:00 999.00  23.50  16.92  22.11  17.83  21.42  21.61  17.87  21.24  18.14  21.95  22.42 999.00  18.73  21.29  23.86  14.10  20.53   6.54  17.52   1.86  20.74  21.29  20.39  20.08  20.83  23.30  25.16  20.44  23.35  23.65
 wrfout_d04_2016-12-19_15:00:00 999.00  23.46  16.91  21.94  17.75  20.94  21.00  17.42  20.76  17.23  22.52  21.59 999.00  18.30  20.74  23.68  13.96  20.27   6.38  17.56   2.17  19.93  20.98  20.45  19.20  19.67  23.11  24.38  20.35  23.71  23.43
 wrfout_d04_2016-12-19_16:00:00 999.00  23.39  16.97  21.56  17.80  20.45  20.70  16.98  20.13  16.38  22.43  21.38 999.00  18.07  19.84  23.58  13.76  20.04   6.22  16.66   1.94  20.71  20.61  20.40  18.64  18.91  23.27  23.95  20.30  23.81  23.17
 wrfout_d04_2016-12-19_17:00:00 999.00  23.36  17.08  19.78  17.84  20.23  20.61  16.58  19.71  15.85  21.53  20.90 999.00  18.18  19.18  23.70  13.58  19.80   6.00  16.25   0.92  20.59  20.96  20.53  18.48  18.64  23.23  23.75  20.21  23.85  23.35
 wrfout_d04_2016-12-19_18:00:00 999.00  23.36  17.06  19.32  17.86  20.04  20.30  16.35  19.04  15.17  22.12  20.37 999.00  18.10  18.79  23.61  13.40  19.46   5.84  15.77   0.79  20.17  20.27  20.18  17.92  18.38  22.76  23.09  20.23  23.89  23.28
 wrfout_d04_2016-12-19_19:00:00 999.00  23.37  17.23  18.97  18.08  19.97  20.18  17.15  18.81  14.73  20.67  20.20 999.00  18.24  18.36  23.57  13.37  19.10   5.77  15.45   0.69  20.41  19.26  20.28  17.31  17.54  22.70  22.47  20.19  23.91  23.40
 wrfout_d04_2016-12-19_20:00:00 999.00  23.43  17.16  18.56  17.98  19.76  19.92  17.69  18.01  15.40  20.33  19.61 999.00  17.74  17.64  23.23  13.29  19.17   5.74  15.14   0.66  20.34  18.77  20.24  17.00  17.11  22.26  21.85  20.12  23.70  23.46
 wrfout_d04_2016-12-19_21:00:00 999.00  23.49  17.12  18.29  17.97  19.70  19.67  17.48  17.58  15.87  20.13  19.58 999.00  17.08  17.15  22.62  13.18  19.57   5.86  14.84   0.76  20.08  19.34  20.32  16.72  16.90  22.03  21.35  20.12  23.61  23.67
 wrfout_d04_2016-12-19_22:00:00 999.00  23.48  17.02  18.31  17.88  19.65  19.58  17.47  17.28  16.40  21.68  19.66 999.00  17.25  17.50  23.30  13.08  19.77   5.92  14.72   0.66  20.72  19.01  20.44  16.62  16.78  22.72  20.83  20.22  24.07  24.08
 wrfout_d04_2016-12-19_23:00:00 999.00  23.58  17.17  19.79  18.29  20.86  20.58  17.47  18.86  16.58  22.23  21.20 999.00  17.38  18.16  23.74  14.67  19.61   7.96  14.69   2.46  20.85  18.82  21.60  16.70  17.12  24.30  20.93  21.24  24.19  24.37
