 wrfout_d04_2016-12-27_00:00:00 999.00  17.13  10.75  15.43  11.80  15.99  16.94  16.23  16.61  15.94  17.21  16.55 999.00  17.48  16.86  20.43  16.91  17.90  12.52  16.60   7.80  19.84  19.35  21.43  19.01  18.93  23.22  21.22  21.30  22.75  23.22
 wrfout_d04_2016-12-27_01:00:00 999.00  16.94  10.40  15.29  11.42  15.68  16.56  16.00  16.31  15.85  17.01  16.40 999.00  17.98  17.40  20.51  18.59  17.72  14.10  16.62   9.19  19.41  18.92  20.54  18.70  19.14  22.89  21.68  21.33  22.95  23.33
 wrfout_d04_2016-12-27_02:00:00 999.00  16.50  10.02  15.07  11.11  15.46  16.29  15.79  15.89  15.74  16.64  16.21 999.00  17.41  17.99  20.23  19.64  17.91  15.57  17.29   9.23  18.66  19.29  20.00  19.18  18.86  22.20  21.37  20.95  22.20  23.51
 wrfout_d04_2016-12-27_03:00:00 999.00  16.28   9.62  14.90  10.91  15.07  16.08  15.47  15.66  15.45  16.40  15.95 999.00  17.02  18.51  19.72  19.50  18.23  15.19  18.73   9.15  18.79  19.71  19.90  20.62  20.36  21.61  20.91  20.33  21.87  22.97
 wrfout_d04_2016-12-27_04:00:00 999.00  16.12   9.23  14.52  10.56  14.83  15.71  15.05  15.43  14.94  16.07  15.56 999.00  16.90  18.40  19.35  19.86  18.06  14.42  19.20   8.60  18.57  19.25  18.63  20.19  20.16  21.00  21.17  20.08  21.10  22.44
 wrfout_d04_2016-12-27_05:00:00 999.00  15.93   8.95  14.17  10.32  14.64  15.48  15.06  15.09  14.91  15.75  15.23 999.00  16.42  18.17  18.82  19.72  17.52  12.60  19.34   8.97  18.25  18.60  18.08  20.37  20.02  20.25  21.49  19.32  20.80  21.48
 wrfout_d04_2016-12-27_06:00:00 999.00  15.65   8.65  13.71   9.79  14.50  15.07  14.83  14.80  14.70  15.53  14.90 999.00  16.13  17.89  18.69  19.07  17.10  13.09  18.39   8.17  17.67  18.46  17.55  19.31  19.57  19.77  21.84  18.49  20.37  20.87
 wrfout_d04_2016-12-27_07:00:00 999.00  15.61   8.36  13.56   9.67  14.43  14.82  14.55  14.46  14.26  15.41  14.60 999.00  15.67  17.09  18.15  18.28  16.69  12.56  16.99   8.21  17.50  18.29  17.19  18.28  18.17  19.50  21.71  17.97  20.04  20.69
 wrfout_d04_2016-12-27_08:00:00 999.00  15.36   7.95  12.99   9.23  13.89  14.64  14.42  14.24  14.17  15.19  14.50 999.00  15.10  15.81  17.69  16.03  16.44  12.05  16.07   7.99  17.37  18.02  16.97  17.81  17.80  19.10  20.71  17.55  19.64  20.09
 wrfout_d04_2016-12-27_09:00:00 999.00  15.09   7.58  12.40   8.52  13.44  14.23  13.99  13.90  13.77  14.81  14.13 999.00  14.73  14.31  17.39  14.05  16.26  11.68  14.94   7.73  17.18  17.34  16.75  16.63  16.80  18.79  20.31  17.06  19.13  19.70
 wrfout_d04_2016-12-27_10:00:00 999.00  14.80   7.44  12.10   8.27  13.26  13.94  13.71  13.61  13.46  14.50  13.76 999.00  14.15  13.91  17.21  13.20  15.76  11.26  14.33   7.56  17.08  16.81  16.36  15.89  16.03  18.60  19.82  16.93  19.11  19.30
 wrfout_d04_2016-12-27_11:00:00 999.00  14.52   7.27  11.94   8.11  13.13  13.72  13.46  13.36  13.21  14.27  13.28 999.00  13.87  13.58  17.01  15.01  15.38  10.97  13.77   7.50  16.84  16.58  16.11  15.23  15.41  18.26  19.32  16.57  18.79  18.94
 wrfout_d04_2016-12-27_12:00:00 999.00  14.35   7.13  11.75   7.93  12.92  13.55  13.26  13.23  13.00  14.12  13.10 999.00  13.53  13.30  16.84  13.64  15.27   8.55  13.51   7.43  16.68  16.38  15.75  14.93  15.02  17.88  18.71  16.27  18.86  18.51
 wrfout_d04_2016-12-27_13:00:00 999.00  14.25   7.02  11.59   7.80  12.70  13.33  13.13  13.01  12.84  13.91  12.98 999.00  13.31  13.19  16.70  14.04  14.97  11.18  13.03   7.45  16.48  16.00  15.48  14.65  14.73  17.50  18.29  16.07  18.70  18.00
 wrfout_d04_2016-12-27_14:00:00 999.00  14.22   6.92  11.49   7.68  12.46  13.09  13.02  12.80  12.69  13.73  12.88 999.00  13.22  12.99  16.63  13.85  14.82  11.34  12.72   7.54  16.49  15.79  15.45  14.18  14.27  17.39  17.86  15.81  18.27  17.69
 wrfout_d04_2016-12-27_15:00:00 999.00  14.21   6.80  11.41   7.64  12.31  12.88  12.86  12.60  12.58  13.62  12.71 999.00  13.05  12.86  16.59  13.60  14.67  11.60  12.40   7.10  16.35  15.61  15.37  13.95  14.02  17.29  17.15  15.74  18.19  17.56
 wrfout_d04_2016-12-27_16:00:00 999.00  14.27   6.75  11.38   7.57  12.26  12.76  12.75  12.49  12.51  13.54  12.61 999.00  12.95  12.76  16.51  13.24  14.47  10.95  11.97   7.36  16.19  15.51  15.28  13.72  13.71  17.23  16.08  15.55  17.97  17.24
 wrfout_d04_2016-12-27_17:00:00 999.00  14.43   6.86  11.52   7.68  12.36  12.77  12.83  12.46  12.54  13.52  12.52 999.00  13.00  12.78  16.42  13.10  14.31  11.12  11.76   7.38  16.24  15.32  15.29  13.55  13.62  17.16  15.78  15.54  18.05  17.06
 wrfout_d04_2016-12-27_18:00:00 999.00  14.57   7.06  11.69   7.90  12.51  12.92  12.95  12.57  12.63  13.41  12.44 999.00  12.98  13.23  16.38  12.62  14.14  10.76  11.63   7.25  16.12  15.23  15.21  13.45  13.49  17.00  15.64  15.59  18.23  17.02
 wrfout_d04_2016-12-27_19:00:00 999.00  14.66   7.15  11.85   8.01  12.66  12.92  12.72  12.55  12.44  13.22  12.38 999.00  12.92  13.45  16.47  13.96  14.05   9.57  11.61   6.47  15.97  15.36  15.26  13.20  13.31  16.84  15.09  15.52  18.09  17.24
 wrfout_d04_2016-12-27_20:00:00 999.00  14.77   7.21  12.00   8.09  12.70  12.60  12.87  12.35  12.34  13.17  12.40 999.00  12.80  13.54  16.45  14.16  14.08  10.82  11.41   6.59  16.24  15.69  15.28  13.19  13.31  16.98  14.73  15.45  18.16  17.08
 wrfout_d04_2016-12-27_21:00:00 999.00  15.26   7.27  12.05   8.24  13.04  12.75  12.94  12.36  12.37  13.06  12.39 999.00  12.92  13.46  16.38  13.79  14.42  10.29  11.42   6.76  16.38  15.99  15.39  13.24  13.28  16.98  14.73  15.42  18.09  17.03
 wrfout_d04_2016-12-27_22:00:00 999.00  15.59   7.33  12.19   8.31  13.11  12.89  13.05  12.44  12.45  13.02  12.43 999.00  13.04  13.42  16.33  13.60  14.56  10.19  11.44   6.48  16.67  15.85  15.47  13.26  13.30  17.07  14.95  15.56  18.28  17.18
 wrfout_d04_2016-12-27_23:00:00 999.00  15.65   7.43  12.47   8.47  13.39  13.05  13.26  12.57  12.59  13.17  12.67 999.00  13.19  13.48  16.39  13.28  14.79  10.30  11.73   6.75  16.79  15.60  15.61  13.10  13.15  17.15  15.08  15.68  18.12  17.50
