 wrfout_d04_2016-10-02_00:00:00 999.00  27.16  22.46  27.66  23.66  27.73  28.48  26.99  28.80  27.31  28.07  27.63 999.00  27.93  27.52  28.09  23.94  27.05  18.33  27.31  12.06  27.77  27.10  27.52  26.73  26.93  27.64  29.30  27.05  27.12  28.17
 wrfout_d04_2016-10-02_01:00:00 999.00  27.30  23.64  28.72  24.74  28.72  29.80  27.95  29.84  28.85  28.50  28.16 999.00  29.71  28.70  28.28  25.20  27.18  18.10  28.52  13.32  27.80  27.28  28.07  27.21  27.43  28.46  30.27  27.78  27.60  28.65
 wrfout_d04_2016-10-02_02:00:00 999.00  27.28  24.36  29.70  25.52  29.71  30.72  29.14  31.07  30.27  28.95  28.65 999.00  30.16  30.29  28.56  26.93  27.38  18.82  29.53  13.71  27.78  27.77  28.45  27.98  28.26  30.11  30.97  28.35  28.11  28.76
 wrfout_d04_2016-10-02_03:00:00 999.00  27.19  25.31  30.74  26.53  30.40  31.68  29.04  32.34  31.13  28.99  29.23 999.00  30.58  31.84  28.57  27.26  28.95  18.99  30.12  13.69  27.71  28.18  28.68  29.48  29.82  30.44  31.99  28.63  28.47  28.94
 wrfout_d04_2016-10-02_04:00:00 999.00  27.16  25.60  31.47  26.92  30.80  32.48  29.24  32.98  31.24  29.17  29.37 999.00  30.72  32.28  28.99  27.83  28.62  19.52  30.78  13.68  27.85  28.16  28.85  31.06  30.53  30.53  32.71  28.68  28.61  29.44
 wrfout_d04_2016-10-02_05:00:00 999.00  27.17  25.43  31.66  26.92  30.83  32.72  29.44  33.23  31.10  29.27  29.25 999.00  30.14  33.15  30.09  27.77  27.97  19.08  31.54  11.56  28.03  28.15  28.87  31.56  30.76  30.64  32.81  28.86  28.66  29.87
 wrfout_d04_2016-10-02_06:00:00 999.00  27.18  24.93  31.43  26.47  30.62  32.55  29.31  33.18  30.94  29.13  28.83 999.00  29.82  32.77  30.05  28.15  27.83  18.14  31.48  11.55  27.98  28.20  28.70  31.80  31.67  30.55  32.81  28.61  28.52  31.02
 wrfout_d04_2016-10-02_07:00:00 999.00  27.14  24.16  30.63  25.59  29.87  31.72  29.22  32.58  30.30  28.77  28.32 999.00  30.19  32.44  29.72  27.36  28.58  17.50  30.85  11.46  27.69  27.97  28.37  31.43  31.14  30.31  31.92  28.21  28.16  30.54
 wrfout_d04_2016-10-02_08:00:00 999.00  27.11  22.99  29.24  24.35  28.74  30.48  28.44  31.33  29.65  28.11  27.70 999.00  28.89  31.89  28.98  25.36  28.19  17.36  29.74  11.25  27.79  27.80  27.84  30.35  30.20  29.75  31.19  27.59  27.51  29.93
 wrfout_d04_2016-10-02_09:00:00 999.00  27.07  21.62  27.28  22.81  27.42  28.68  27.67  29.30  28.88  27.35  26.99 999.00  28.09  29.51  28.26  23.63  27.47  16.17  28.88  10.99  28.00  27.74  27.00  29.26  29.18  29.02  30.59  26.66  26.65  29.15
 wrfout_d04_2016-10-02_10:00:00 999.00  27.05  20.87  26.56  22.19  26.48  27.41  27.16  27.89  28.16  26.46  26.52 999.00  27.54  28.64  27.38  22.58  27.26  15.67  27.89  10.67  27.76  27.82  26.31  28.21  28.33  28.39  30.76  25.31  25.72  28.43
 wrfout_d04_2016-10-02_11:00:00 999.00  27.02  20.80  26.50  22.05  26.11  26.74  26.99  27.05  27.84  25.96  26.26 999.00  27.41  28.24  26.93  22.22  27.17  15.05  27.15  10.32  27.45  27.91  26.12  27.80  27.75  28.05  30.49  24.92  25.57  28.02
 wrfout_d04_2016-10-02_12:00:00 999.00  26.99  20.80  26.36  22.00  25.86  26.66  26.30  26.65  27.43  25.91  26.07 999.00  27.43  28.12  26.71  21.61  27.04  14.48  27.06  10.04  27.42  27.82  25.80  27.73  27.78  27.73  29.81  24.54  25.41  27.84
 wrfout_d04_2016-10-02_13:00:00 999.00  26.95  20.80  26.10  22.07  25.76  26.64  25.91  26.59  27.04  25.75  25.82 999.00  27.63  27.72  26.52  21.38  26.88  14.76  26.75   9.69  27.69  27.80  25.32  27.37  27.43  27.34  30.10  24.12  25.17  27.53
 wrfout_d04_2016-10-02_14:00:00 999.00  26.95  20.81  25.58  21.95  25.63  26.37  25.22  26.36  26.56  25.60  25.51 999.00  27.44  27.59  26.48  21.02  26.58  13.11  26.20   7.82  27.71  28.08  25.03  27.08  27.08  27.01  30.37  24.11  25.02  27.16
 wrfout_d04_2016-10-02_15:00:00 999.00  26.94  20.78  24.88  21.88  25.80  26.21  25.18  26.05  26.27  25.37  25.27 999.00  27.14  27.60  26.32  21.91  26.04  12.88  25.51   7.48  27.58  27.95  24.73  26.74  26.76  26.90  29.95  23.81  24.83  26.84
 wrfout_d04_2016-10-02_16:00:00 999.00  26.90  20.68  24.40  21.89  25.75  26.06  24.76  25.95  25.85  25.41  25.10 999.00  26.90  27.46  26.19  20.76  25.70  12.54  25.44   7.06  27.41  28.01  24.38  26.60  26.78  26.67  29.43  23.74  24.56  26.51
 wrfout_d04_2016-10-02_17:00:00 999.00  26.84  20.70  24.29  21.89  25.65  25.82  24.48  26.09  25.54  25.10  24.81 999.00  26.69  27.19  26.09  20.44  25.71  12.24  25.46   6.88  27.45  27.97  24.23  26.68  26.36  26.44  29.25  23.57  24.15  26.59
 wrfout_d04_2016-10-02_18:00:00 999.00  26.79  20.36  23.80  21.55  25.28  25.41  24.27  25.52  25.19  24.71  24.30 999.00  26.51  26.81  25.83  20.21  25.20  12.12  24.68   6.74  27.32  27.93  23.98  26.24  25.98  26.17  28.95  23.20  24.14  26.23
 wrfout_d04_2016-10-02_19:00:00 999.00  26.71  20.09  23.55  21.32  24.90  25.06  23.89  25.18  24.86  24.40  24.07 999.00  26.40  26.30  25.50  20.02  24.99  11.94  24.05   6.50  27.16  27.65  23.70  25.73  25.62  26.10  28.46  23.00  23.63  26.64
 wrfout_d04_2016-10-02_20:00:00 999.00  26.67  19.17  23.22  20.73  24.50  24.74  23.66  24.83  24.78  24.04  23.88 999.00  26.21  25.89  25.12  19.70  25.02  11.89  23.93   6.34  27.01  27.08  23.59  25.46  25.25  25.77  27.97  22.80  23.48  26.31
 wrfout_d04_2016-10-02_21:00:00 999.00  26.66  19.04  23.01  20.10  24.23  24.64  23.46  24.60  24.47  23.76  23.73 999.00  26.12  25.50  24.77  19.22  24.70  11.69  23.87   6.14  27.36  26.90  23.60  24.84  24.95  25.60  27.77  22.66  23.25  26.28
 wrfout_d04_2016-10-02_22:00:00 999.00  26.64  19.88  23.15  20.15  24.64  24.64  23.48  24.75  24.00  23.88  24.54 999.00  25.94  25.21  24.87  19.29  24.99  11.74  23.87   6.23  27.31  25.66  23.88  24.27  24.73  25.47  27.73  22.81  23.33  26.45
 wrfout_d04_2016-10-02_23:00:00 999.00  26.66  21.43  25.31  22.60  25.49  25.41  25.37  25.77  25.05  25.13  25.95 999.00  26.64  25.71  26.60  22.77  27.24  15.20  24.53  10.17  27.32  24.74  26.29  24.71  25.51  26.54  28.53  25.82  26.28  27.29
