 wrfout_d04_2016-11-07_00:00:00 999.00  25.21  20.02  25.84  21.76  24.81  25.22  25.13  25.10  24.74  21.97  22.94 999.00  25.31  24.37  23.98  21.02  25.08  14.00  23.69   8.51  24.65  24.02  22.16  24.46  24.79  23.45  26.82  21.95  25.68  25.49
 wrfout_d04_2016-11-07_01:00:00 999.00  24.67  21.37  27.12  23.20  26.10  27.21  26.29  26.91  26.90  23.56  23.42 999.00  27.01  26.55  23.58  22.33  25.77  15.18  25.37   9.11  24.72  25.12  22.14  26.98  26.87  23.83  28.26  23.14  26.46  26.02
 wrfout_d04_2016-11-07_02:00:00 999.00  24.68  22.23  28.30  24.39  26.99  28.65  26.70  28.34  28.02  23.61  24.00 999.00  27.92  28.31  23.40  23.58  26.39  15.66  26.69   8.42  24.82  25.43  22.59  28.55  28.90  24.31  29.23  22.61  25.26  26.26
 wrfout_d04_2016-11-07_03:00:00 999.00  24.63  22.52  29.24  24.92  27.60  29.15  26.87  29.25  28.93  24.53  24.52 999.00  28.43  29.37  23.25  24.36  26.83  16.08  27.71   8.29  24.87  25.26  22.83  29.48  29.78  23.58  29.29  22.56  25.11  26.75
 wrfout_d04_2016-11-07_04:00:00 999.00  24.56  23.29  29.82  25.41  27.85  29.55  26.85  29.95  29.13  25.93  24.73 999.00  28.39  30.02  23.97  24.79  27.06  13.99  28.39   8.29  24.97  25.38  22.90  30.06  30.27  23.90  29.16  23.64  25.43  27.95
 wrfout_d04_2016-11-07_05:00:00 999.00  24.40  22.47  29.92  25.45  28.33  30.01  26.59  30.20  29.11  25.63  24.60 999.00  28.26  30.17  23.86  24.88  27.07  13.48  29.04   8.15  24.93  25.58  23.78  29.75  30.10  24.81  28.68  22.88  26.45  27.63
 wrfout_d04_2016-11-07_06:00:00 999.00  24.34  21.37  29.35  25.15  28.31  29.70  26.36  30.06  28.77  24.71  24.87 999.00  28.15  29.86  24.45  24.71  26.90  12.95  28.89   8.40  25.00  25.46  24.03  30.23  29.73  24.93  28.86  23.42  25.53  26.74
 wrfout_d04_2016-11-07_07:00:00 999.00  24.44  21.09  28.32  23.65  27.52  29.15  26.03  29.74  28.05  24.76  24.74 999.00  27.82  29.38  24.89  24.20  26.42  12.39  28.40   8.05  25.00  25.37  23.50  29.74  29.34  25.27  28.64  23.56  25.43  27.80
 wrfout_d04_2016-11-07_08:00:00 999.00  24.62  21.47  27.07  22.94  26.52  28.55  25.27  28.74  26.81  24.61  24.41 999.00  27.13  28.71  24.99  22.76  25.94  12.12  27.45   7.40  25.02  25.42  23.19  28.36  28.06  25.44  28.17  22.94  24.72  26.76
 wrfout_d04_2016-11-07_09:00:00 999.00  24.77  18.69  24.06  19.56  24.92  26.95  23.78  27.58  25.28  24.21  23.80 999.00  26.15  27.72  25.06  21.44  25.16  10.12  26.34   5.97  25.05  25.39  22.24  26.93  26.71  25.36  27.72  22.61  24.21  25.92
 wrfout_d04_2016-11-07_10:00:00 999.00  24.92  17.89  23.18  18.68  24.21  25.80  23.06  26.71  24.20  23.90  24.03 999.00  25.44  27.03  25.06  19.12  24.77   9.10  25.40   3.37  25.09  25.35  22.61  25.97  25.92  25.17  27.63  21.67  24.01  25.82
 wrfout_d04_2016-11-07_11:00:00 999.00  24.94  17.67  22.72  18.43  23.90  25.26  22.53  25.76  23.75  23.66  23.39 999.00  25.07  26.64  24.80  18.52  24.70   8.81  24.70   2.99  25.07  25.33  22.85  25.71  25.55  24.84  27.57  22.04  23.83  25.67
 wrfout_d04_2016-11-07_12:00:00 999.00  24.96  17.33  22.32  18.07  23.76  26.02  21.98  25.12  23.39  23.10  22.93 999.00  25.00  26.50  24.86  17.86  24.68   8.65  24.23   2.72  24.96  25.30  22.76  25.59  25.66  24.79  27.60  21.55  23.62  25.61
 wrfout_d04_2016-11-07_13:00:00 999.00  24.99  17.01  21.83  17.67  23.37  25.24  21.42  24.70  22.95  22.68  22.43 999.00  24.90  25.97  24.72  17.49  24.60   8.47  24.06   2.38  24.93  25.29  22.78  25.02  25.24  24.73  27.42  21.42  23.56  25.33
 wrfout_d04_2016-11-07_14:00:00 999.00  24.96  16.83  21.41  17.47  23.01  24.37  20.97  24.18  22.40  22.00  22.12 999.00  24.72  25.12  24.76  17.19  24.51   8.20  23.73   2.05  24.86  25.14  22.77  24.80  24.91  24.55  27.67  20.95  22.32  25.03
 wrfout_d04_2016-11-07_15:00:00 999.00  24.72  16.48  20.93  17.15  22.81  23.49  20.62  23.66  21.72  21.47  21.86 999.00  24.49  24.68  23.92  16.88  24.42   7.90  23.36   1.75  24.78  24.85  21.83  24.55  24.64  24.18  27.37  20.77  21.82  24.81
 wrfout_d04_2016-11-07_16:00:00 999.00  24.58  16.17  20.51  16.85  22.05  22.63  20.95  22.84  21.16  20.99  21.44 999.00  24.32  24.35  24.29  16.63  24.31   7.59  23.10   1.45  24.82  24.70  21.74  24.18  24.37  23.90  26.76  20.58  21.55  24.65
 wrfout_d04_2016-11-07_17:00:00 999.00  24.60  16.03  20.37  16.73  21.66  22.25  22.12  22.45  21.80  20.87  21.27 999.00  24.23  24.13  23.67  16.43  24.20   7.32  22.97   1.16  24.80  24.59  21.63  23.84  24.11  23.52  26.35  20.49  21.36  24.82
 wrfout_d04_2016-11-07_18:00:00 999.00  24.63  16.41  20.10  16.45  21.10  21.65  21.65  21.83  21.96  20.46  20.88 999.00  24.12  23.85  22.99  16.23  23.95   7.07  22.70   0.91  24.76  24.43  21.54  23.39  23.77  22.53  25.92  20.41  21.25  24.73
 wrfout_d04_2016-11-07_19:00:00 999.00  24.56  17.20  21.63  16.37  20.97  22.63  22.39  21.54  22.21  20.24  20.83 999.00  23.92  23.54  22.78  15.99  23.78   6.77  22.58   0.79  24.82  24.06  21.40  23.04  23.42  22.13  25.56  20.24  22.23  24.48
 wrfout_d04_2016-11-07_20:00:00 999.00  24.49  17.23  21.41  17.81  20.61  22.84  22.64  22.18  21.81  20.23  20.65 999.00  23.72  23.18  22.26  15.81  23.45   6.54  22.20   0.81  24.84  23.76  21.35  22.73  23.11  21.64  25.23  20.10  22.26  24.28
 wrfout_d04_2016-11-07_21:00:00 999.00  24.23  17.05  19.95  17.83  20.16  22.15  22.78  21.45  21.39  19.95  20.31 999.00  23.39  23.00  22.11  15.74  23.26   6.50  21.67   0.90  24.88  23.40  21.29  22.58  22.83  21.47  25.06  20.02  22.31  24.25
 wrfout_d04_2016-11-07_22:00:00 999.00  24.19  17.27  19.99  18.00  20.34  21.26  22.79  22.07  21.74  20.13  20.58 999.00  23.42  22.98  22.25  15.61  23.19   6.52  21.73   0.93  24.91  23.48  21.25  22.48  22.96  21.55  25.17  19.85  22.45  24.26
 wrfout_d04_2016-11-07_23:00:00 999.00  23.91  18.17  22.88  19.24  21.95  22.59  23.13  22.77  22.00  23.29  23.33 999.00  24.03  23.73  24.18  19.69  24.26  10.91  22.13   6.02  24.89  23.85  24.11  23.07  23.83  23.91  25.87  22.94  24.50  24.84
