 wrfout_d04_2016-11-02_00:00:00 999.00  21.96  14.28  20.04  16.04  20.26  20.74  21.10  20.37  21.22  19.97  19.70 999.00  22.27  22.59  23.54  21.00  23.46  16.45  21.28   8.71  24.37  23.65  23.76  22.82  22.86  25.40  25.70  23.99  25.84  25.36
 wrfout_d04_2016-11-02_01:00:00 999.00  21.65  14.30  20.82  16.55  20.44  20.91  21.19  20.54  21.96  20.21  19.24 999.00  23.16  24.96  24.58  21.87  23.27  15.93  22.86   9.87  23.63  23.94  24.19  23.84  24.05  26.34  25.97  24.54  24.26  25.97
 wrfout_d04_2016-11-02_02:00:00 999.00  21.64  14.49  21.04  17.06  20.71  21.25  21.29  20.72  22.69  20.41  19.33 999.00  24.80  26.36  24.89  23.96  23.59  16.88  24.67  10.55  23.65  24.35  24.68  25.60  25.69  26.87  27.09  25.27  25.34  26.74
 wrfout_d04_2016-11-02_03:00:00 999.00  21.61  15.13  21.74  17.48  20.78  21.58  21.36  21.18  23.23  20.86  19.40 999.00  25.27  26.99  25.11  24.06  23.67  17.10  25.68  10.81  23.72  25.13  24.47  27.16  27.33  26.89  27.75  25.59  25.64  27.23
 wrfout_d04_2016-11-02_04:00:00 999.00  21.69  15.14  21.84  17.79  20.95  21.94  21.43  21.34  23.54  20.84  19.51 999.00  25.44  27.56  25.28  24.11  23.55  15.83  26.66  10.74  23.95  25.22  24.44  28.10  28.13  27.08  28.10  25.56  25.52  27.59
 wrfout_d04_2016-11-02_05:00:00 999.00  21.73  14.66  21.53  17.57  20.71  21.88  21.30  21.19  23.55  21.03  19.50 999.00  25.46  27.71  25.40  24.05  23.36  15.42  27.45  10.66  24.21  25.46  24.71  28.73  28.68  27.46  28.59  25.60  25.52  27.60
 wrfout_d04_2016-11-02_06:00:00 999.00  21.71  14.53  21.17  17.16  20.29  21.67  21.23  20.93  23.24  21.10  19.34 999.00  25.21  27.25  24.67  23.69  23.41  14.76  27.41  10.23  24.11  25.13  24.45  28.83  28.62  27.22  28.88  25.47  25.33  27.17
 wrfout_d04_2016-11-02_07:00:00 999.00  21.68  14.40  20.80  16.56  20.14  21.31  21.04  20.66  22.57  20.92  19.53 999.00  24.65  26.45  24.54  23.00  22.91  14.94  26.72   8.83  24.35  25.02  23.90  27.66  27.66  26.54  28.71  24.87  24.75  26.65
 wrfout_d04_2016-11-02_08:00:00 999.00  21.68  14.33  20.50  16.01  20.07  20.86  20.88  20.41  21.61  20.75  19.69 999.00  23.81  25.06  23.73  21.94  22.74  14.18  25.51   8.35  24.22  25.03  23.22  26.65  26.62  25.79  28.10  23.99  23.55  25.84
 wrfout_d04_2016-11-02_09:00:00 999.00  21.74  14.26  20.25  15.39  20.10  20.53  20.97  20.22  20.62  20.54  19.99 999.00  22.39  22.84  23.38  19.78  22.61  13.05  24.11   6.82  24.20  25.03  22.20  25.44  25.41  24.61  27.54  22.49  23.39  25.08
 wrfout_d04_2016-11-02_10:00:00 999.00  21.62  14.20  20.12  15.29  19.96  20.52  20.91  20.23  20.37  20.43  20.20 999.00  21.54  22.00  23.33  18.49  22.71  10.41  22.37   4.50  24.03  24.85  22.38  24.30  24.55  24.12  27.36  21.63  23.33  24.61
 wrfout_d04_2016-11-02_11:00:00 999.00  21.45  14.17  20.02  15.22  19.93  20.36  20.76  20.17  20.24  20.34  20.10 999.00  21.48  21.71  23.14  18.17  22.43  10.38  21.24   3.99  24.03  24.60  22.18  23.35  23.48  23.96  26.86  21.35  23.23  24.15
 wrfout_d04_2016-11-02_12:00:00 999.00  21.51  14.11  19.91  15.16  19.90  20.36  20.72  20.11  20.14  20.17  19.78 999.00  21.25  21.60  22.98  17.50  22.70   9.94  20.66   3.57  23.98  24.13  22.18  22.65  22.85  23.75  26.08  21.21  23.08  23.85
 wrfout_d04_2016-11-02_13:00:00 999.00  21.56  14.23  19.95  15.25  20.07  20.45  20.77  19.96  20.11  20.03  19.57 999.00  21.06  21.46  22.90  16.99  22.65   9.49  20.33   3.34  23.81  23.56  22.00  21.98  22.21  23.72  25.41  21.06  23.21  23.57
 wrfout_d04_2016-11-02_14:00:00 999.00  21.61  14.21  19.97  15.24  20.16  20.50  20.88  19.85  20.07  19.82  19.41 999.00  20.87  21.23  22.72  16.70  22.17   9.12  19.90   3.16  23.66  23.52  21.87  21.39  21.62  23.45  25.08  20.90  23.20  23.28
 wrfout_d04_2016-11-02_15:00:00 999.00  21.60  14.09  19.83  15.20  20.07  20.43  20.96  19.86  20.02  19.41  18.94 999.00  20.74  20.88  22.64  16.39  22.16   8.74  19.43   2.87  23.53  23.26  21.83  21.05  21.20  22.91  24.60  20.63  23.09  23.01
 wrfout_d04_2016-11-02_16:00:00 999.00  21.65  14.16  19.65  15.21  20.16  20.33  20.95  19.83  20.06  19.66  19.01 999.00  20.59  20.63  22.88  16.06  22.21   8.43  19.01   2.59  23.67  22.61  21.43  20.60  20.82  22.67  23.93  20.52  22.87  22.68
 wrfout_d04_2016-11-02_17:00:00 999.00  21.83  14.05  19.49  15.09  19.84  20.29  21.15  19.95  19.99  20.05  19.43 999.00  20.48  20.49  23.37  15.78  22.30   8.17  18.76   2.34  23.64  22.28  21.44  20.31  20.51  22.42  23.66  20.32  23.07  22.63
 wrfout_d04_2016-11-02_18:00:00 999.00  21.87  13.98  19.83  15.03  20.19  20.12  21.16  19.55  19.97  19.65  19.75 999.00  20.34  20.32  23.15  15.54  22.40   7.90  18.35   2.09  23.68  22.20  21.30  19.91  20.18  22.28  23.58  20.11  23.11  22.39
 wrfout_d04_2016-11-02_19:00:00 999.00  22.01  14.04  19.83  15.02  20.06  20.20  21.07  19.58  19.79  19.38  19.58 999.00  20.31  20.01  22.99  15.27  22.53   7.69  18.24   1.88  23.57  21.82  21.17  19.65  19.83  22.22  23.60  20.09  23.06  22.21
 wrfout_d04_2016-11-02_20:00:00 999.00  22.01  14.08  19.78  15.06  20.17  20.13  20.89  19.38  19.73  19.27  19.28 999.00  20.18  19.36  22.56  15.02  22.48   7.51  18.05   1.62  23.71  21.65  21.11  19.34  19.57  22.02  23.46  19.96  22.83  22.06
 wrfout_d04_2016-11-02_21:00:00 999.00  22.08  14.13  19.81  15.11  20.25  20.27  20.75  19.65  19.60  19.17  19.01 999.00  20.14  19.05  22.38  14.82  22.73   7.30  17.94   1.39  23.75  21.73  21.11  19.13  19.32  21.96  23.44  19.94  22.85  22.03
 wrfout_d04_2016-11-02_22:00:00 999.00  22.21  14.17  19.95  15.18  20.35  20.38  20.93  19.74  19.74  19.39  19.07 999.00  19.99  18.90  22.31  14.67  22.76   7.12  18.07   1.22  23.81  21.38  21.11  19.00  19.24  21.93  23.51  19.60  22.86  22.16
 wrfout_d04_2016-11-02_23:00:00 999.00  22.21  14.30  20.23  15.71  20.59  20.52  21.05  19.84  20.54  19.86  19.56 999.00  20.66  20.18  22.48  17.95  22.96  12.11  18.72   6.72  24.04  20.92  22.02  19.55  19.60  22.83  24.03  21.67  23.02  23.06
