 wrfout_d04_2016-03-31_00:00:00 999.00  21.14  17.91  20.14  17.95  20.79  19.19  18.36  19.28  18.91  23.25  24.38 999.00  23.47  24.05  24.59  21.86  22.85  13.01  21.57   6.09  23.95  23.89  23.30  25.30  25.12  25.07  26.32  24.61  24.98  25.98
 wrfout_d04_2016-03-31_01:00:00 999.00  20.08  18.50  19.82  18.39  20.56  19.51  18.55  19.16  20.03  25.01  26.11 999.00  22.03  25.69  25.40  23.07  23.73  14.73  23.86   7.55  23.21  23.35  25.47  22.39  24.18  26.50  26.97  24.83  25.62  27.24
 wrfout_d04_2016-03-31_02:00:00 999.00  19.94  19.55  19.75  19.87  21.36  19.93  18.94  19.85  21.20  25.88  25.88 999.00  26.12  27.56  26.04  23.92  25.41  15.44  26.29   8.45  23.24  24.57  25.85  26.83  26.98  27.23  27.80  26.30  26.14  28.06
 wrfout_d04_2016-03-31_03:00:00 999.00  19.66  19.64  19.28  20.63  23.17  21.05  19.42  22.80  23.34  25.93  25.57 999.00  25.90  28.69  25.58  24.72  24.85  16.01  27.67   8.82  23.23  24.69  26.23  28.25  28.44  27.75  28.30  27.23  26.75  28.59
 wrfout_d04_2016-03-31_04:00:00 999.00  19.35  20.15  20.25  20.95  23.08  24.15  19.51  25.49  23.31  24.53  24.12 999.00  25.16  29.38  25.68  25.31  25.92  16.26  28.44   8.94  23.22  24.63  26.07  29.71  29.15  27.67  28.33  28.02  27.01  28.85
 wrfout_d04_2016-03-31_05:00:00 999.00  19.24  19.57  20.60  21.08  22.86  25.95  20.05  26.39  24.29  25.18  24.79 999.00  25.86  29.73  25.67  25.47  26.32  16.24  28.90   8.99  23.16  23.93  26.18  30.18  29.23  27.69  28.24  28.62  27.02  28.79
 wrfout_d04_2016-03-31_06:00:00 999.00  19.12  18.91  21.72  20.76  21.25  25.33  19.85  26.28  22.80  25.24  24.06 999.00  25.27  29.53  25.35  25.66  24.59  15.97  28.29   7.94  23.18  23.99  26.21  29.40  28.43  27.87  28.11  28.58  26.85  28.40
 wrfout_d04_2016-03-31_07:00:00 999.00  19.43  19.35  20.70  20.80  21.47  23.81  20.32  25.69  23.31  24.02  23.04 999.00  24.74  28.75  25.15  24.97  25.42  15.81  27.90   8.35  22.99  23.94  26.10  28.73  28.03  28.21  27.76  28.41  26.49  27.75
 wrfout_d04_2016-03-31_08:00:00 999.00  19.47  17.36  21.17  18.66  21.54  23.90  20.64  24.81  23.29  23.19  23.15 999.00  24.70  27.60  25.29  23.97  25.29  15.07  26.80   7.59  22.65  23.73  25.71  28.01  27.31  28.16  27.33  27.31  25.89  26.97
 wrfout_d04_2016-03-31_09:00:00 999.00  19.65  16.82  20.39  17.90  20.87  22.60  21.17  23.44  23.15  23.62  22.43 999.00  24.51  26.97  24.54  22.70  24.75  13.89  25.62   6.51  22.69  23.73  25.20  27.17  26.13  28.16  26.66  25.72  25.05  26.20
 wrfout_d04_2016-03-31_10:00:00 999.00  19.73  16.75  20.47  17.61  20.09  21.86  20.88  22.58  22.70  21.79  21.38 999.00  23.30  25.72  23.63  20.35  23.75  11.49  24.49   5.42  22.77  23.59  24.67  25.75  25.08  27.46  26.02  23.83  24.06  25.42
 wrfout_d04_2016-03-31_11:00:00 999.00  19.62  16.86  18.77  17.81  19.87  21.32  20.22  22.34  21.95  21.29  21.09 999.00  22.99  24.79  23.11  19.03  23.14  11.29  23.89   5.39  22.76  23.50  24.59  24.78  24.41  26.90  25.42  22.89  23.63  24.88
 wrfout_d04_2016-03-31_12:00:00 999.00  19.60  16.38  18.42  17.76  19.80  21.61  19.60  22.11  21.21  20.98  21.04 999.00  23.26  24.54  22.48  18.27  22.80  11.50  23.53   5.31  22.70  23.46  24.31  24.29  24.18  26.42  25.24  22.34  23.43  24.55
 wrfout_d04_2016-03-31_13:00:00 999.00  19.65  16.26  19.30  17.37  19.63  21.47  19.40  21.65  20.66  20.47  20.63 999.00  22.97  24.45  22.26  17.72  22.49  11.59  23.36   5.25  22.70  23.40  24.21  24.04  24.03  25.71  25.24  21.75  23.30  24.29
 wrfout_d04_2016-03-31_14:00:00 999.00  19.78  16.00  18.88  16.49  19.56  20.57  19.05  21.26  20.62  19.92  20.24 999.00  22.24  24.24  22.18  17.38  22.25  11.50  23.12   5.16  22.65  23.29  23.31  23.80  23.90  25.31  25.24  20.85  23.21  23.97
 wrfout_d04_2016-03-31_15:00:00 999.00  19.86  15.48  18.86  15.31  19.38  19.87  18.85  20.22  20.51  19.34  20.66 999.00  21.48  23.99  22.20  17.00  21.96  11.42  22.49   5.19  22.49  23.06  23.10  23.50  23.84  24.71  25.26  21.22  23.05  23.94
 wrfout_d04_2016-03-31_16:00:00 999.00  19.94  14.35  18.89  15.06  19.30  19.17  18.47  20.26  20.17  20.29  20.51 999.00  20.98  23.99  22.03  16.54  21.78  11.33  21.87   5.16  22.36  22.94  22.58  23.12  23.18  24.13  24.81  20.85  22.97  23.80
 wrfout_d04_2016-03-31_17:00:00 999.00  20.20  13.98  18.85  14.70  19.17  19.48  18.98  19.91  18.90  20.27  20.56 999.00  20.60  22.70  20.96  16.10  21.27  11.22  21.53   5.07  22.25  23.12  22.20  22.46  22.52  23.57  24.27  20.11  22.91  23.67
 wrfout_d04_2016-03-31_18:00:00 999.00  20.35  14.14  18.73  14.28  19.18  19.46  18.96  19.55  19.52  20.15  20.41 999.00  20.36  21.62  20.57  15.68  20.81  11.04  21.06   5.02  22.34  23.16  22.05  21.58  21.88  23.00  23.94  19.73  22.81  23.51
 wrfout_d04_2016-03-31_19:00:00 999.00  20.43  13.56  18.67  14.09  19.15  19.26  18.95  18.37  19.33  20.05  20.29 999.00  20.07  21.16  21.52  15.39  20.46  11.06  20.21   5.17  22.32  22.05  21.63  21.35  21.42  22.50  23.77  19.56  22.31  23.26
 wrfout_d04_2016-03-31_20:00:00 999.00  20.37  13.06  16.96  13.85  19.01  18.92  18.85  19.22  19.06  19.95  20.27 999.00  19.84  20.61  21.57  15.16  21.37  11.12  19.45   5.25  22.27  21.33  21.44  21.23  21.29  22.10  23.39  19.42  21.00  22.93
 wrfout_d04_2016-03-31_21:00:00 999.00  20.33  13.60  17.73  13.50  19.04  18.78  17.74  19.42  19.08  20.03  20.32 999.00  19.49  19.99  21.80  15.01  21.37  11.21  19.65   5.29  22.11  21.02  21.04  21.24  21.80  21.71  23.23  19.17  20.63  22.69
 wrfout_d04_2016-03-31_22:00:00 999.00  20.26  14.02  18.03  13.78  19.01  19.17  19.03  19.43  19.02  19.96  20.48 999.00  19.28  19.45  21.78  15.04  20.41  11.27  19.55   5.22  22.27  20.84  21.23  21.16  21.90  21.46  22.96  19.16  20.67  22.54
 wrfout_d04_2016-03-31_23:00:00 999.00  20.29  15.56  18.87  17.10  19.51  19.50  19.60  19.79  19.78  20.32  20.83 999.00  20.37  20.34  22.45  19.67  21.90  13.23  19.70   6.86  22.51  20.67  23.42  20.70  22.24  23.49  23.52  22.73  23.54  23.26
