 wrfout_d04_2016-03-26_00:00:00 999.00  15.48   8.31  13.91   9.72  14.66  13.62  14.53  13.89  14.19  14.47  13.85 999.00  14.48  14.28  16.88  13.51  16.44   6.34  11.93  -1.24  17.41  15.67  17.10  14.10  14.26  18.51  14.88  16.06  17.83  18.55
 wrfout_d04_2016-03-26_01:00:00 999.00  15.56   9.20  14.77  10.55  15.54  15.54  15.08  15.16  15.59  16.50  15.50 999.00  15.91  16.46  17.29  13.78  17.15   7.56  14.07  -0.24  17.55  16.44  17.73  16.17  16.26  19.99  16.96  18.10  19.28  19.32
 wrfout_d04_2016-03-26_02:00:00 999.00  15.64  10.02  15.52  11.38  16.24  16.85  15.50  16.47  16.44  17.44  16.68 999.00  16.95  18.13  17.86  16.18  17.81   8.80  16.21   0.83  17.77  17.56  17.95  17.65  17.77  20.76  19.29  18.96  19.85  21.19
 wrfout_d04_2016-03-26_03:00:00 999.00  15.72  10.77  16.19  12.15  16.66  17.58  15.82  17.58  17.11  18.22  17.14 999.00  17.96  19.12  17.60  17.16  18.27   9.92  17.62   1.95  17.52  18.08  17.96  19.79  19.86  20.86  21.35  19.08  20.12  21.78
 wrfout_d04_2016-03-26_04:00:00 999.00  15.78  11.16  16.60  12.54  16.91  18.04  15.99  18.09  17.50  18.69  17.47 999.00  18.04  20.06  18.11  17.29  17.94  10.19  18.70   2.47  17.31  18.34  18.03  20.84  20.98  20.54  22.03  18.99  20.28  22.16
 wrfout_d04_2016-03-26_05:00:00 999.00  15.85  11.25  16.64  12.63  17.00  18.26  16.10  18.38  17.68  18.75  17.59 999.00  18.03  20.36  18.37  17.37  18.06   9.90  19.68   2.30  17.32  18.49  18.16  21.43  21.50  20.13  22.38  18.33  20.08  22.21
 wrfout_d04_2016-03-26_06:00:00 999.00  15.86  10.95  16.45  12.36  16.94  18.21  16.13  18.38  17.66  18.47  17.42 999.00  18.03  20.41  18.39  17.20  18.03   9.25  19.94   1.92  17.40  18.58  18.14  21.94  21.84  19.32  22.77  17.78  18.64  21.96
 wrfout_d04_2016-03-26_07:00:00 999.00  15.61  10.44  16.07  11.84  16.50  17.81  16.06  18.04  17.39  18.05  17.20 999.00  17.92  20.01  18.20  16.77  17.81   8.63  19.55   1.08  17.47  18.67  17.99  21.91  21.93  18.84  22.86  17.18  18.99  21.36
 wrfout_d04_2016-03-26_08:00:00 999.00  15.46   9.77  15.43  11.14  15.94  17.14  15.84  17.32  16.80  17.62  16.75 999.00  17.62  19.29  17.86  16.00  17.44   7.52  18.87  -0.31  17.50  18.75  17.66  21.47  21.45  18.61  22.70  16.93  18.23  20.75
 wrfout_d04_2016-03-26_09:00:00 999.00  15.45   8.78  14.43  10.02  15.27  16.31  15.37  16.42  15.83  16.70  16.03 999.00  17.07  18.37  17.45  14.84  17.05   5.94  17.94  -1.10  17.59  18.88  16.99  20.13  20.18  18.47  22.26  16.70  17.79  19.80
 wrfout_d04_2016-03-26_10:00:00 999.00  15.46   7.47  12.44   8.52  14.34  14.84  14.60  15.04  14.57  14.84  15.03 999.00  16.23  16.58  16.78  11.59  16.52   3.13  16.61  -4.50  17.70  18.85  15.98  18.73  18.85  18.10  21.52  15.66  17.01  18.65
 wrfout_d04_2016-03-26_11:00:00 999.00  15.52   7.26  11.59   8.29  13.69  13.95  14.42  14.23  13.66  13.71  14.28 999.00  15.72  14.82  15.80  10.28  16.41   2.22  15.18  -5.32  17.86  18.51  15.65  17.30  17.45  17.17  20.79  15.41  16.89  17.99
 wrfout_d04_2016-03-26_12:00:00 999.00  15.60   7.02  10.93   8.15  12.55  12.95  14.05  12.84  12.29  12.90  13.42 999.00  14.97  14.08  15.45   9.62  16.52   1.81  14.37  -5.47  18.08  18.08  15.26  16.33  16.44  16.06  19.62  14.15  16.66  17.60
 wrfout_d04_2016-03-26_13:00:00 999.00  15.68   6.79  10.31   7.95  11.92  11.69  13.32  11.67  11.35  11.89  12.77 999.00  14.38  13.54  15.05   9.17  16.72   1.18  13.79  -5.56  18.23  17.74  14.92  15.80  15.95  15.69  18.68  13.63  16.69  17.18
 wrfout_d04_2016-03-26_14:00:00 999.00  15.86   6.75  10.03   7.95  11.30  10.80  12.51  10.85  10.92  11.13  12.39 999.00  13.98  13.53  14.50   9.26  16.92   0.93  13.27  -5.21  18.40  17.40  14.59  15.30  15.39  15.32  17.94  13.31  16.46  16.73
 wrfout_d04_2016-03-26_15:00:00 999.00  16.19   6.82   9.61   7.98  10.82  10.13  12.21  10.32  10.31  10.70  12.30 999.00  14.02  13.94  13.66   9.64  17.16   1.02  12.73  -4.61  18.56  17.12  14.39  14.74  14.76  14.99  16.94  12.72  16.23  16.30
 wrfout_d04_2016-03-26_16:00:00 999.00  16.31   6.83   9.22   8.01  10.38   9.48  11.96   9.76  10.23  10.98  12.43 999.00  13.87  13.82  13.87   9.59  17.33   1.46  12.31  -4.18  18.60  16.98  14.27  13.63  13.73  14.67  16.16  12.47  16.20  16.17
 wrfout_d04_2016-03-26_17:00:00 999.00  16.39   6.81   8.74   7.89   9.82   8.94  11.29   9.32   9.80  10.37  12.15 999.00  12.74  13.22  13.57   9.23  17.35   2.13  12.16  -3.67  18.71  16.76  14.17  12.93  13.03  14.27  16.06  12.22  16.19  16.06
 wrfout_d04_2016-03-26_18:00:00 999.00  16.50   6.60  10.31   7.80   9.38  10.27  10.57   8.85   9.74  10.01  10.59 999.00  12.36  12.11  13.06   7.80  17.05   1.92  11.96  -3.93  18.93  17.12  14.06  12.50  12.51  13.28  15.75  12.01  16.22  15.89
 wrfout_d04_2016-03-26_19:00:00 999.00  16.51   6.59  10.47   7.67   9.09  10.47  10.14   8.53   9.47   9.78  10.52 999.00  12.12  11.54  12.35   7.32  16.61  -0.46  11.42  -4.34  18.84  17.41  13.71  12.03  12.06  14.27  15.36  11.82  15.99  15.72
 wrfout_d04_2016-03-26_20:00:00 999.00  16.50   5.39  10.55   8.25  11.21  10.90  10.32   8.37   9.44   9.79  10.53 999.00  11.78  10.83  11.88   6.96  16.29  -0.93  11.33  -5.26  18.53  17.17  12.85  11.51  11.65  15.01  14.82  11.96  16.03  15.46
 wrfout_d04_2016-03-26_21:00:00 999.00  16.42   5.25  10.68   7.28  11.91  10.88   9.86   8.72   8.82   9.68  10.63 999.00  11.48  10.23  11.62   6.60  16.12  -0.92  11.04  -5.39  18.29  16.86  12.77  11.22  11.38  15.17  14.53  11.89  16.06  15.40
 wrfout_d04_2016-03-26_22:00:00 999.00  16.06   5.33  10.83   6.53  12.00  10.86   9.93   8.41   8.32   9.97  10.80 999.00  11.22   9.84  11.57   6.30  16.04  -0.86  11.01  -5.43  18.18  16.49  12.72  11.15  11.21  15.28  14.15  11.97  16.20  15.85
 wrfout_d04_2016-03-26_23:00:00 999.00  15.58   9.43  12.59  10.77  13.01  11.68  13.34  12.76  12.09  14.69  14.74 999.00  14.45  13.35  15.68  10.24  16.65   3.15  11.94  -4.23  18.15  16.49  16.19  14.41  14.61  15.90  15.20  14.86  17.76  16.71
