 wrfout_d04_2016-06-09_00:00:00 999.00  27.08  24.12  28.89  25.09  29.39  29.38  27.77  29.50  29.01  29.14  28.76 999.00  29.53  30.03  29.32  27.44  28.33  17.61  28.69  11.94  28.32  27.59  28.22  28.57  28.79  28.50  29.76  26.35  27.77  29.21
 wrfout_d04_2016-06-09_01:00:00 999.00  27.06  25.12  29.86  26.35  30.44  30.83  28.38  30.85  30.28  30.15  30.05 999.00  30.13  31.35  30.30  27.69  28.40  18.50  29.71  12.89  28.33  28.33  28.44  30.42  29.69  29.77  27.79  26.44  27.51  29.72
 wrfout_d04_2016-06-09_02:00:00 999.00  27.10  26.16  30.50  27.56  30.81  31.93  28.93  32.01  31.56  30.96  30.68 999.00  29.44  32.42  30.87  29.29  28.60  18.86  30.45  12.06  28.28  28.54  29.00  29.82  28.74  30.17  28.85  26.47  28.11  29.60
 wrfout_d04_2016-06-09_03:00:00 999.00  27.12  26.46  30.86  28.53  30.14  33.22  29.04  33.28  32.17  31.17  31.00 999.00  28.25  30.56  31.00  27.39  28.67  18.88  30.64  11.18  28.33  28.53  29.20  28.96  28.95  29.63  29.59  26.72  28.15  29.37
 wrfout_d04_2016-06-09_04:00:00 999.00  27.09  27.09  31.25  29.19  30.27  34.17  29.02  34.21  31.85  31.22  31.20 999.00  28.45  29.97  31.09  29.22  28.55  19.41  29.51  11.22  27.64  26.37  28.79  27.85  27.86  30.00  31.15  27.59  27.80  29.73
 wrfout_d04_2016-06-09_05:00:00 999.00  27.19  26.94  31.03  28.87  30.38  34.30  29.03  34.47  31.83  29.49  30.88 999.00  28.69  32.05  30.93  28.39  29.27  16.86  29.90  11.60  27.55  27.37  28.25  30.56  31.15  31.21  30.61  28.82  27.61  29.19
 wrfout_d04_2016-06-09_06:00:00 999.00  27.23  26.60  31.33  28.42  30.42  30.15  29.18  31.95  30.75  27.50  28.40 999.00  28.71  31.85  29.68  25.80  27.87  17.18  29.14  11.58  27.76  28.52  28.85  32.19  30.10  29.33  30.83  27.87  29.02  28.97
 wrfout_d04_2016-06-09_07:00:00 999.00  27.23  23.85  31.46  26.41  29.62  29.89  29.32  31.10  30.75  26.89  27.72 999.00  27.96  30.52  29.49  23.12  27.29  17.03  29.25  11.56  27.98  27.42  29.03  29.74  29.11  29.64  30.81  28.25  28.49  29.20
 wrfout_d04_2016-06-09_08:00:00 999.00  27.18  24.47  30.70  26.18  28.08  30.80  29.54  31.18  30.12  26.96  27.29 999.00  28.19  29.76  28.81  24.95  28.13  17.48  29.86  11.48  26.72  28.12  28.40  29.88  29.34  29.30  30.46  27.56  26.86  29.07
 wrfout_d04_2016-06-09_09:00:00 999.00  27.17  22.81  29.93  24.98  28.63  30.47  27.79  28.57  28.79  27.26  26.78 999.00  27.66  27.15  28.93  22.94  27.90  16.80  29.21  11.40  27.66  28.24  28.03  29.32  28.95  28.90  30.12  26.79  26.50  28.93
 wrfout_d04_2016-06-09_10:00:00 999.00  27.14  22.12  26.81  23.59  28.51  30.01  27.53  28.96  28.64  27.34  26.66 999.00  27.78  28.05  28.49  22.65  26.09  16.17  28.46  10.91  27.61  28.00  27.62  28.92  27.02  28.86  29.43  25.88  26.55  28.96
 wrfout_d04_2016-06-09_11:00:00 999.00  27.05  21.68  27.12  22.87  27.63  28.87  27.29  29.22  29.12  26.78  26.73 999.00  27.52  28.34  28.20  22.13  25.52  16.00  28.05  10.11  26.86  27.40  27.26  26.98  27.02  27.41  29.81  25.48  26.31  28.62
 wrfout_d04_2016-06-09_12:00:00 999.00  26.99  21.24  26.66  22.36  27.13  28.03  27.33  28.23  28.50  26.34  26.63 999.00  28.07  28.04  28.07  22.02  26.08  15.42  26.05  10.30  25.68  27.13  26.27  26.76  26.69  27.38  29.83  25.67  26.16  28.52
 wrfout_d04_2016-06-09_13:00:00 999.00  26.97  21.22  26.22  22.30  26.86  27.71  27.26  27.64  27.83  26.09  26.69 999.00  27.68  27.15  27.70  22.08  26.09  16.01  26.94  10.41  26.24  26.58  25.29  25.89  25.93  27.26  29.54  25.30  26.15  28.53
 wrfout_d04_2016-06-09_14:00:00 999.00  26.92  21.10  25.98  22.10  26.57  27.32  27.15  27.57  26.37  26.02  26.88 999.00  27.25  27.08  27.12  22.15  25.55  15.48  27.41  10.30  26.87  26.15  25.82  25.63  25.43  26.61  29.45  25.08  26.12  28.44
 wrfout_d04_2016-06-09_15:00:00 999.00  26.88  21.13  25.89  22.17  26.40  27.39  25.70  27.10  26.68  26.80  26.15 999.00  26.61  26.71  27.46  21.97  25.91  15.25  25.94  10.35  27.40  26.10  25.83  25.02  24.79  26.79  29.48  25.05  26.09  28.09
 wrfout_d04_2016-06-09_16:00:00 999.00  26.85  21.20  25.81  22.26  26.31  27.37  25.79  27.10  26.33  26.16  26.13 999.00  26.68  26.53  27.50  21.86  26.12  15.57  25.98  10.30  27.33  25.77  25.61  24.94  24.78  26.15  29.16  24.83  25.96  28.01
 wrfout_d04_2016-06-09_17:00:00 999.00  26.77  21.39  25.82  22.48  26.33  27.09  25.74  26.99  26.42  26.15  26.19 999.00  26.60  26.63  27.50  21.61  26.26  16.01  26.15  10.45  27.35  25.62  25.52  25.13  24.89  25.95  29.10  24.82  25.91  27.77
 wrfout_d04_2016-06-09_18:00:00 999.00  26.79  21.45  26.02  22.52  26.24  27.20  25.68  26.85  26.20  26.21  26.03 999.00  26.51  26.78  27.36  21.57  25.84  15.66  24.37  10.11  27.90  25.27  25.16  24.96  25.03  26.08  28.90  24.73  26.00  27.62
 wrfout_d04_2016-06-09_19:00:00 999.00  26.89  21.42  25.97  22.51  26.14  27.08  25.70  26.77  26.38  25.99  26.00 999.00  26.55  26.73  27.22  21.63  26.92  15.84  24.54  10.34  28.03  25.69  25.11  25.02  24.82  26.00  28.88  24.47  25.98  27.59
 wrfout_d04_2016-06-09_20:00:00 999.00  26.91  21.37  25.99  22.36  26.07  27.06  25.63  26.81  26.30  26.28  25.54 999.00  26.57  26.79  27.23  21.65  27.25  15.52  24.27  10.54  27.70  25.48  24.92  24.85  24.73  26.45  28.51  24.46  25.89  27.46
 wrfout_d04_2016-06-09_21:00:00 999.00  26.91  21.32  25.58  22.05  25.99  27.10  25.68  26.72  26.19  25.97  25.88 999.00  26.72  26.56  26.96  21.42  27.02  15.48  23.94  10.81  27.70  25.39  24.91  25.17  25.09  26.20  28.25  24.47  25.91  27.54
 wrfout_d04_2016-06-09_22:00:00 999.00  26.82  21.81  25.86  22.98  26.27  27.08  25.89  26.84  26.10  26.59  26.35 999.00  26.14  26.08  26.90  21.50  26.47  15.49  24.85  10.72  28.20  26.06  25.26  25.56  25.44  26.34  28.26  24.82  25.91  27.80
 wrfout_d04_2016-06-09_23:00:00 999.00  26.70  21.89  26.64  23.07  26.60  27.27  26.05  27.14  26.61  27.57  26.85 999.00  25.75  25.66  27.53  21.97  26.67  15.77  25.13  10.66  28.37  25.83  25.53  25.74  26.63  25.85  28.77  26.13  26.14  28.29
