 wrfout_d04_2016-04-30_00:00:00 999.00  24.33  20.45  24.92  21.55  25.43  25.50  22.79  25.05  22.47  24.49  25.10 999.00  24.15  25.21  25.74  23.42  24.04  14.94  22.82   7.81  25.02  24.30  24.04  26.33  26.60  25.68  27.82  25.06  25.46  26.48
 wrfout_d04_2016-04-30_01:00:00 999.00  24.34  21.07  24.24  22.11  26.59  26.70  22.72  26.25  24.04  25.49  25.83 999.00  23.69  24.43  25.04  24.66  24.90  16.27  25.93   9.12  25.53  25.04  24.65  27.41  27.32  24.52  26.39  24.53  25.08  26.88
 wrfout_d04_2016-04-30_02:00:00 999.00  24.58  20.99  25.00  21.82  27.10  26.72  23.69  26.30  24.11  26.34  26.40 999.00  24.90  24.35  25.43  25.02  25.26  16.30  26.88   9.91  25.60  25.47  25.04  28.50  28.19  24.88  27.06  24.96  25.61  27.47
 wrfout_d04_2016-04-30_03:00:00 999.00  24.76  21.51  24.95  22.59  27.86  26.87  24.14  26.44  24.24  26.07  25.83 999.00  24.87  25.21  25.78  25.22  26.51  16.29  27.90  10.18  25.51  25.83  24.59  29.06  28.83  25.19  27.16  25.05  26.02  27.98
 wrfout_d04_2016-04-30_04:00:00 999.00  24.87  21.79  25.05  22.24  28.41  26.71  24.17  26.27  24.09  26.73  24.89 999.00  25.33  25.93  26.26  25.90  25.91  16.22  28.95   7.84  25.43  26.02  24.60  29.89  29.41  25.48  28.83  24.05  26.29  28.39
 wrfout_d04_2016-04-30_05:00:00 999.00  24.97  20.62  24.67  21.61  27.76  26.65  23.75  26.27  23.76  25.58  24.12 999.00  25.60  26.46  26.29  26.19  26.83  14.57  29.69   7.95  25.56  26.21  24.79  30.19  29.70  25.63  28.92  25.16  26.36  28.54
 wrfout_d04_2016-04-30_06:00:00 999.00  25.09  20.00  24.45  21.26  26.29  26.19  22.76  25.78  23.19  24.88  23.80 999.00  24.24  25.91  26.09  26.29  26.60  14.03  29.23   7.88  25.66  26.27  24.68  30.71  30.10  25.56  29.09  24.52  26.25  28.39
 wrfout_d04_2016-04-30_07:00:00 999.00  25.22  19.34  24.60  20.53  25.21  25.67  22.07  25.23  22.54  24.59  23.19 999.00  23.83  24.49  26.16  25.77  25.71  13.45  26.63   7.66  25.59  26.22  24.63  30.15  29.73  25.44  29.01  24.29  25.91  28.16
 wrfout_d04_2016-04-30_08:00:00 999.00  25.23  18.31  23.93  19.46  24.86  24.97  21.90  24.15  22.25  24.00  22.84 999.00  23.59  23.67  25.82  21.74  25.17  14.47  24.71   7.48  25.38  26.32  24.81  29.71  29.63  25.26  28.50  24.24  25.37  27.64
 wrfout_d04_2016-04-30_09:00:00 999.00  24.93  17.41  22.24  18.50  24.18  25.02  21.50  24.64  21.78  23.52  22.57 999.00  23.14  23.25  25.57  20.49  25.18  14.36  24.01   7.18  25.25  26.17  24.31  27.93  28.00  24.84  28.09  24.38  24.71  26.85
 wrfout_d04_2016-04-30_10:00:00 999.00  24.48  16.56  21.41  17.75  22.93  23.98  21.25  23.53  21.64  22.91  23.32 999.00  22.97  23.30  25.28  20.23  24.50  13.59  23.69   7.12  25.32  25.81  23.77  26.87  26.85  24.87  27.86  23.41  23.43  26.12
 wrfout_d04_2016-04-30_11:00:00 999.00  24.04  16.00  20.97  17.39  22.20  23.30  20.90  22.91  21.16  22.44  23.16 999.00  22.88  23.50  24.97  19.89  24.49  10.73  23.79   6.25  25.33  25.28  23.78  25.56  25.97  24.66  27.69  22.93  22.79  25.64
 wrfout_d04_2016-04-30_12:00:00 999.00  23.92  16.02  20.62  17.40  21.81  22.88  20.62  22.57  21.12  22.49  23.37 999.00  22.82  23.22  24.70  18.62  24.66  10.71  23.74   6.41  25.25  25.19  22.76  25.38  25.56  24.43  27.61  22.68  22.49  25.43
 wrfout_d04_2016-04-30_13:00:00 999.00  23.60  16.70  20.31  17.79  21.55  22.51  20.68  22.10  21.22  22.75  23.43 999.00  22.84  23.19  24.59  18.71  24.74  10.44  23.53   6.48  25.48  25.42  23.67  25.24  25.40  24.31  27.52  22.51  22.30  25.20
 wrfout_d04_2016-04-30_14:00:00 999.00  23.51  17.12  20.47  18.12  21.68  22.20  20.82  21.84  21.23  23.01  22.93 999.00  21.71  23.03  24.36  18.47  24.71  10.57  23.59   6.57  25.57  25.62  23.71  25.26  25.40  24.20  27.40  22.38  22.32  24.92
 wrfout_d04_2016-04-30_15:00:00 999.00  23.88  17.61  20.93  18.38  22.10  22.02  20.75  21.06  21.17  22.58  21.89 999.00  21.34  21.54  23.23  18.09  24.61  10.26  23.18   6.73  25.61  25.36  23.75  24.98  25.29  24.12  27.21  21.66  21.67  24.74
 wrfout_d04_2016-04-30_16:00:00 999.00  24.13  16.71  21.32  18.68  22.41  22.00  20.88  21.22  20.78  22.70  21.51 999.00  21.38  22.15  24.40  18.01  24.40  10.09  22.82   6.76  25.65  25.32  23.67  24.56  25.36  23.81  26.40  21.00  21.15  24.73
 wrfout_d04_2016-04-30_17:00:00 999.00  24.58  17.60  21.27  18.74  22.71  21.81  20.91  21.62  20.74  22.08  21.35 999.00  21.56  22.10  24.43  19.31  24.24   9.85  23.26   6.84  25.73  24.73  23.61  24.03  24.73  23.60  25.93  20.83  20.94  24.69
 wrfout_d04_2016-04-30_18:00:00 999.00  24.87  17.62  21.32  18.71  22.83  21.58  21.01  21.28  20.51  22.15  21.31 999.00  21.78  22.01  24.43  19.17  24.03   9.45  22.86   6.59  25.83  24.41  23.35  24.08  24.43  22.35  25.82  21.11  20.79  24.45
 wrfout_d04_2016-04-30_19:00:00 999.00  25.29  16.85  21.02  17.91  22.68  21.44  21.33  21.26  20.37  21.54  21.02 999.00  20.79  21.89  24.41  17.46  23.78   9.57  22.19   7.04  26.02  24.45  22.17  23.99  24.38  21.97  25.92  20.33  20.72  24.36
 wrfout_d04_2016-04-30_20:00:00 999.00  25.24  16.80  21.26  17.75  22.29  21.26  21.11  21.08  20.15  21.17  21.17 999.00  21.53  21.62  24.20  17.52  23.92  10.49  22.51   7.05  26.25  24.20  22.06  23.80  24.31  22.81  25.89  20.54  20.64  24.32
 wrfout_d04_2016-04-30_21:00:00 999.00  25.24  16.89  21.33  18.09  22.03  21.24  20.88  20.88  19.96  21.00  21.01 999.00  21.72  21.72  24.30  17.07  24.09  11.43  22.61   6.97  26.46  24.16  21.95  23.80  23.75  22.86  25.44  20.24  20.62  24.27
 wrfout_d04_2016-04-30_22:00:00 999.00  25.10  17.68  21.43  18.75  22.15  21.53  21.19  21.33  20.07  23.38  23.40 999.00  22.43  22.01  24.61  19.51  24.42  13.16  21.81   7.83  25.60  24.56  23.69  23.86  23.86  23.31  25.40  21.96  22.30  24.63
 wrfout_d04_2016-04-30_23:00:00 999.00  24.90  17.57  21.37  18.64  22.48  21.92  21.62  21.95  21.02  25.34  25.51 999.00  23.06  22.99  25.86  21.96  24.90  15.50  22.36   9.45  26.53  24.73  24.89  25.55  25.50  24.54  26.64  24.76  25.16  25.96
