 wrfout_d04_2016-07-02_00:00:00 999.00  28.06  24.88  30.21  26.18  30.41  30.60  29.14  30.84  30.01  29.72  30.13 999.00  30.13  29.72  30.39  25.33  29.54  19.59  29.00  14.48  28.65  28.97  28.96  30.55  30.40  29.93  31.27  28.55  29.53  30.61
 wrfout_d04_2016-07-02_01:00:00 999.00  28.77  26.42  31.50  27.44  31.83  31.98  30.32  32.12  31.88  31.50  31.56 999.00  31.85  31.14  31.47  26.02  30.56  21.12  30.14  15.25  29.42  29.92  29.73  31.83  31.95  30.92  32.09  29.73  29.94  31.52
 wrfout_d04_2016-07-02_02:00:00 999.00  28.82  27.35  31.93  28.53  32.61  33.26  30.44  33.47  32.73  32.05  32.30 999.00  32.49  32.32  31.82  27.18  31.12  21.59  31.34  15.80  29.46  30.07  30.02  33.29  32.69  31.40  32.80  30.28  30.44  32.14
 wrfout_d04_2016-07-02_03:00:00 999.00  29.02  26.63  31.66  29.21  32.75  34.08  30.90  34.38  32.94  32.97  32.55 999.00  31.84  32.29  32.07  28.33  30.81  21.67  32.27  14.92  29.52  30.19  30.16  33.84  33.26  31.72  33.31  30.78  30.76  32.58
 wrfout_d04_2016-07-02_04:00:00 999.00  29.09  27.50  31.98  29.39  32.20  34.52  30.97  35.18  32.67  33.53  32.69 999.00  31.66  32.42  32.12  28.88  31.28  20.75  33.18  12.83  29.52  30.25  30.26  34.41  33.64  31.93  33.40  30.92  30.92  33.22
 wrfout_d04_2016-07-02_05:00:00 999.00  29.03  27.59  32.00  29.47  32.11  34.60  30.76  35.34  32.40  33.46  32.66 999.00  31.31  33.69  32.06  29.46  31.20  18.61  34.04  12.61  29.66  30.14  30.28  34.38  33.52  31.95  33.30  30.90  30.92  33.25
 wrfout_d04_2016-07-02_06:00:00 999.00  28.96  27.21  31.70  29.00  31.77  34.45  30.69  34.57  32.26  33.45  32.64 999.00  31.65  33.40  31.98  27.90  31.22  18.83  33.39  12.48  29.61  30.14  30.22  34.01  33.15  31.94  33.17  30.66  30.71  33.08
 wrfout_d04_2016-07-02_07:00:00 999.00  28.98  25.26  30.65  27.48  31.69  30.86  30.21  28.20  32.04  33.28  32.24 999.00  31.91  33.06  31.82  24.54  31.16  17.48  32.94  12.01  29.56  30.09  30.07  33.64  32.82  31.73  33.02  30.27  30.35  32.66
 wrfout_d04_2016-07-02_08:00:00 999.00  29.16  25.70  28.52  26.90  31.15  30.81  29.91  30.06  31.90  32.95  31.81 999.00  31.42  32.17  31.56  24.15  30.73  17.29  31.83  11.65  29.57  29.92  29.79  32.67  32.10  31.39  32.66  29.79  29.89  32.26
 wrfout_d04_2016-07-02_09:00:00 999.00  29.16  25.44  29.31  26.52  30.51  30.71  29.44  31.05  31.04  32.19  31.20 999.00  30.90  31.38  30.48  25.20  30.28  16.70  31.00  12.15  29.59  29.88  29.28  31.87  31.26  30.89  32.08  29.05  29.22  31.70
 wrfout_d04_2016-07-02_10:00:00 999.00  29.16  24.46  28.42  25.86  30.02  30.04  28.87  30.10  30.15  31.26  29.61 999.00  30.41  30.42  30.26  23.73  29.89  16.27  30.17  11.96  29.59  30.01  28.47  31.28  30.78  30.26  31.72  28.15  28.27  30.87
 wrfout_d04_2016-07-02_11:00:00 999.00  29.10  23.71  27.69  24.34  29.20  30.26  28.55  29.98  29.82  29.93  29.20 999.00  30.05  29.84  29.74  22.96  29.42  15.35  29.32  10.64  29.61  29.90  27.80  30.41  30.05  29.73  31.35  26.47  26.35  29.99
 wrfout_d04_2016-07-02_12:00:00 999.00  29.13  23.59  27.63  24.16  28.99  30.09  28.34  29.94  29.61  29.39  28.95 999.00  29.89  29.55  29.53  22.64  29.22  14.72  28.94   8.70  29.60  29.88  27.45  30.09  29.81  29.48  31.01  26.02  25.99  29.66
 wrfout_d04_2016-07-02_13:00:00 999.00  29.11  23.27  27.52  23.98  28.87  29.78  28.80  29.78  29.50  29.14  28.81 999.00  29.77  29.18  29.29  22.25  29.10  14.41  28.85   9.71  29.61  29.87  27.31  29.89  29.64  29.24  30.76  25.55  25.84  29.39
 wrfout_d04_2016-07-02_14:00:00 999.00  29.06  23.04  27.36  23.81  28.69  29.57  28.22  29.51  29.09  28.83  28.75 999.00  29.64  28.94  29.05  22.11  28.98  15.07  28.63   7.97  29.57  29.72  27.18  29.66  29.45  29.04  30.44  25.29  25.43  29.08
 wrfout_d04_2016-07-02_15:00:00 999.00  28.99  22.67  27.12  23.47  28.44  29.35  27.92  29.10  28.71  28.51  28.60 999.00  29.12  28.70  28.81  21.84  28.84  13.92  28.18   7.88  29.49  29.50  27.03  29.49  29.34  28.72  30.13  25.02  25.23  28.75
 wrfout_d04_2016-07-02_16:00:00 999.00  28.95  22.43  26.86  23.22  28.01  29.13  27.43  28.83  28.44  28.25  28.36 999.00  28.87  28.25  28.58  21.74  28.73  13.60  27.75   9.08  29.41  29.33  26.88  29.09  29.18  28.40  29.80  25.10  25.06  28.46
 wrfout_d04_2016-07-02_17:00:00 999.00  28.95  22.34  26.63  23.01  27.77  28.94  27.35  28.61  28.15  27.96  28.18 999.00  28.73  27.99  28.39  21.44  28.60  13.48  27.50   8.54  29.40  29.24  26.54  28.52  28.78  28.13  29.72  24.68  24.90  28.34
 wrfout_d04_2016-07-02_18:00:00 999.00  28.88  22.16  26.45  22.88  27.62  28.65  27.18  28.25  27.82  27.69  27.92 999.00  28.48  27.68  28.24  21.23  28.50  13.08  27.16   7.41  29.38  29.15  26.36  28.12  28.32  27.90  29.47  24.26  24.77  28.06
 wrfout_d04_2016-07-02_19:00:00 999.00  28.83  22.72  26.39  22.67  27.58  28.36  26.73  28.10  27.78  27.45  27.73 999.00  28.34  27.47  28.06  20.97  28.44  12.80  26.89   6.74  29.37  28.80  26.17  27.87  28.01  27.79  29.38  24.19  24.90  27.90
 wrfout_d04_2016-07-02_20:00:00 999.00  28.78  22.75  26.30  22.68  27.46  28.07  26.90  27.80  28.27  27.26  27.48 999.00  28.21  27.28  27.96  20.77  28.46  12.47  26.55   6.52  29.50  28.53  26.20  27.59  27.59  27.63  29.20  24.09  24.64  27.64
 wrfout_d04_2016-07-02_21:00:00 999.00  28.80  22.86  26.25  22.81  27.45  27.91  27.26  27.55  28.04  27.11  27.23 999.00  27.97  27.03  27.82  20.61  28.49  12.22  26.39   6.27  29.53  28.31  26.15  27.16  27.20  27.45  29.11  24.03  24.58  27.59
 wrfout_d04_2016-07-02_22:00:00 999.00  28.80  23.28  28.25  24.28  28.00  28.40  27.97  28.00  27.93  27.62  27.89 999.00  28.14  27.14  28.11  23.07  28.77  15.13  26.72   9.34  29.57  28.05  26.88  27.32  27.83  27.65  29.45  25.66  27.16  27.95
 wrfout_d04_2016-07-02_23:00:00 999.00  28.84  23.91  29.46  24.90  29.00  29.26  28.88  28.96  29.22  28.42  28.82 999.00  28.87  27.85  28.77  24.17  29.37  18.12  27.40  12.40  29.53  28.88  27.88  28.79  29.18  28.86  30.28  27.93  28.18  28.79
