 wrfout_d04_2016-05-03_00:00:00 999.00  25.95  23.69  28.85  24.97  30.22  30.90  27.11  30.64  29.47  28.85  29.21 999.00  29.31  29.03  29.04  25.42  27.54  18.34  27.59  11.30  26.45  27.13  28.44  29.71  29.31  30.79  29.58  29.67  27.47  28.14
 wrfout_d04_2016-05-03_01:00:00 999.00  26.77  24.04  29.57  25.67  31.34  31.92  27.61  31.97  30.24  29.93  29.96 999.00  30.64  30.80  29.92  27.59  28.15  19.38  28.84  12.08  26.61  27.03  29.30  30.19  29.68  31.50  30.02  30.76  27.42  28.30
 wrfout_d04_2016-05-03_02:00:00 999.00  26.79  24.38  29.96  26.10  32.11  32.48  27.77  32.66  30.72  30.43  30.49 999.00  31.08  32.43  30.67  28.10  28.57  20.00  30.43  12.63  26.65  27.05  30.21  31.45  30.68  32.42  30.82  31.40  27.87  28.94
 wrfout_d04_2016-05-03_03:00:00 999.00  26.53  24.56  30.08  26.26  32.38  32.50  27.63  32.73  30.76  30.69  30.56 999.00  31.04  33.46  30.84  28.83  28.79  20.47  31.16  13.10  26.65  27.02  30.72  32.18  31.20  32.57  31.31  34.01  28.22  29.50
 wrfout_d04_2016-05-03_04:00:00 999.00  26.19  24.44  29.64  26.12  32.42  32.39  27.55  32.48  30.31  30.84  30.90 999.00  30.76  33.59  31.37  29.62  28.83  20.56  31.43  13.33  26.64  27.00  30.63  32.38  31.35  32.78  31.46  32.29  28.48  29.96
 wrfout_d04_2016-05-03_05:00:00 999.00  25.88  24.05  29.08  25.71  32.09  32.19  27.56  32.11  29.67  30.83  30.76 999.00  30.38  33.35  31.20  29.80  28.78  20.47  31.37  13.32  26.62  26.97  30.83  32.25  31.19  32.16  31.38  33.53  28.61  30.14
 wrfout_d04_2016-05-03_06:00:00 999.00  25.62  22.87  28.05  24.91  31.67  31.59  26.98  31.48  29.31  30.48  29.95 999.00  30.07  32.98  31.04  29.65  28.64  19.93  31.13  13.19  26.60  26.92  30.51  31.97  30.85  32.05  31.09  33.33  28.52  29.86
 wrfout_d04_2016-05-03_07:00:00 999.00  25.38  22.19  27.51  23.84  30.82  30.23  26.54  30.09  28.90  30.26  28.85 999.00  29.62  32.42  30.76  29.11  28.35  19.89  30.66  12.80  26.54  26.88  29.99  31.56  30.42  31.88  30.76  31.64  28.20  29.51
 wrfout_d04_2016-05-03_08:00:00 999.00  25.14  22.36  26.90  23.87  30.14  29.94  26.18  29.82  28.52  29.73  28.43 999.00  28.95  31.55  30.29  28.12  27.96  19.24  29.92  12.05  26.48  26.90  29.42  30.85  29.87  31.31  30.32  30.18  27.68  29.07
 wrfout_d04_2016-05-03_09:00:00 999.00  24.80  21.67  26.26  23.09  28.78  28.16  25.73  29.04  27.46  29.44  28.68 999.00  28.17  30.39  30.09  26.80  27.23  18.04  28.94  11.02  26.38  26.92  28.89  29.83  28.78  31.21  29.52  28.95  27.17  28.55
 wrfout_d04_2016-05-03_10:00:00 999.00  24.73  20.38  25.01  21.65  26.80  27.02  25.12  28.07  26.65  28.91  26.08 999.00  27.39  28.75  29.61  24.81  26.61  16.28  27.39   9.77  26.29  26.93  27.49  28.45  27.95  30.59  28.70  27.44  26.30  27.82
 wrfout_d04_2016-05-03_11:00:00 999.00  24.86  19.67  24.11  20.69  24.93  25.69  24.81  26.85  26.04  27.28  26.19 999.00  26.99  27.80  29.12  23.33  26.21  14.75  26.28   9.11  26.19  26.89  27.12  27.65  27.30  29.65  28.27  25.91  25.38  27.38
 wrfout_d04_2016-05-03_12:00:00 999.00  25.13  19.47  23.56  20.42  24.80  25.47  24.83  25.68  26.02  26.36  25.83 999.00  26.92  27.46  26.38  22.46  26.06  14.75  25.79   9.30  26.16  26.87  26.96  27.27  27.02  29.02  28.16  25.58  25.35  27.16
 wrfout_d04_2016-05-03_13:00:00 999.00  25.27  19.31  23.25  20.12  24.88  24.96  24.47  25.20  25.60  25.63  25.65 999.00  26.73  27.39  26.39  21.79  25.92  15.09  25.68   9.02  26.14  26.79  26.70  26.98  26.85  28.69  28.02  24.99  25.45  27.02
 wrfout_d04_2016-05-03_14:00:00 999.00  25.22  19.38  23.10  20.62  25.04  24.83  24.47  24.87  24.93  25.61  25.77 999.00  26.46  27.34  26.66  21.31  25.84  15.40  25.40   7.83  26.09  26.67  26.49  26.82  26.75  28.36  27.82  24.63  25.74  26.88
 wrfout_d04_2016-05-03_15:00:00 999.00  25.10  19.25  23.10  20.55  24.81  24.81  24.23  24.89  24.94  25.38  26.01 999.00  26.15  27.15  26.58  20.88  25.76  15.20  25.31   9.21  26.01  26.54  25.36  26.65  26.58  28.15  27.50  24.75  25.80  26.82
 wrfout_d04_2016-05-03_16:00:00 999.00  25.46  19.15  23.65  20.42  24.79  24.67  24.14  24.72  24.88  25.27  26.22 999.00  25.87  26.91  26.57  20.62  25.64  14.17  24.98   8.09  25.99  26.23  25.54  26.55  26.52  27.78  27.38  24.65  25.77  26.93
 wrfout_d04_2016-05-03_17:00:00 999.00  25.90  19.38  24.04  20.69  25.31  25.08  23.91  24.79  24.81  25.44  25.76 999.00  25.29  26.53  26.47  20.29  25.64  13.80  24.80   8.11  25.99  26.07  25.61  26.31  26.37  27.08  27.32  24.42  25.64  26.87
 wrfout_d04_2016-05-03_18:00:00 999.00  25.93  19.84  24.74  21.07  25.10  25.39  23.90  24.95  24.50  25.36  25.72 999.00  25.12  26.37  26.34  19.88  25.46  14.69  24.39   8.93  25.99  25.85  25.44  25.90  26.17  26.86  27.22  23.97  25.48  26.60
 wrfout_d04_2016-05-03_19:00:00 999.00  25.91  20.04  25.12  21.21  24.95  25.41  23.60  24.68  24.18  25.07  25.26 999.00  24.99  25.82  26.68  19.65  25.39  13.67  24.39   8.67  25.96  25.76  24.85  25.52  25.85  26.94  27.24  23.14  25.42  26.18
 wrfout_d04_2016-05-03_20:00:00 999.00  25.98  20.23  25.29  21.27  24.77  25.38  23.20  24.34  23.93  24.98  25.17 999.00  24.92  25.70  26.71  19.45  25.40  13.41  24.25   8.58  25.98  25.46  25.08  25.30  25.68  26.81  27.28  23.31  25.23  25.69
 wrfout_d04_2016-05-03_21:00:00 999.00  26.07  20.19  25.21  21.24  24.50  25.09  22.76  24.17  23.06  24.80  25.08 999.00  24.64  25.66  26.84  19.20  25.48  12.67  24.05   8.08  26.00  25.16  24.86  25.06  25.22  26.55  27.18  23.44  25.01  25.60
 wrfout_d04_2016-05-03_22:00:00 999.00  26.23  20.85  25.64  21.99  25.70  26.09  23.56  25.42  23.04  25.47  25.96 999.00  24.48  25.69  27.17  21.83  25.53  14.93  24.20   9.15  26.02  25.31  25.89  25.22  25.44  27.21  27.11  24.37  25.52  25.95
 wrfout_d04_2016-05-03_23:00:00 999.00  26.40  22.33  27.37  23.58  27.16  27.74  24.10  27.22  23.48  26.80  25.86 999.00  24.98  26.78  27.32  24.00  26.55  17.75  25.19  11.06  26.18  25.62  27.01  26.82  26.63  28.26  27.25  26.51  26.51  27.38
