 wrfout_d04_2016-09-07_00:00:00 999.00  28.13  23.91  27.48  25.72  27.16  27.52  26.61  27.41  26.39  27.27  27.85 999.00  27.91  27.87  28.93  23.18  28.27  15.95  26.81  10.68  28.71  28.68  28.39  27.61  27.32  29.53  29.18  26.64  26.80  28.40
 wrfout_d04_2016-09-07_01:00:00 999.00  28.15  23.64  28.13  24.84  27.30  27.91  26.69  27.79  26.45  28.28  28.58 999.00  28.50  28.22  29.96  22.92  28.31  16.90  27.65  10.92  28.62  28.68  28.28  27.55  27.65  30.36  29.38  26.67  26.96  28.61
 wrfout_d04_2016-09-07_02:00:00 999.00  28.06  23.09  27.60  23.88  27.65  28.10  26.67  27.67  26.81  28.11  29.12 999.00  28.69  28.53  30.30  23.03  28.26  16.29  27.36  10.98  28.54  28.65  29.34  27.53  27.81  30.13  29.57  26.99  26.99  28.83
 wrfout_d04_2016-09-07_03:00:00 999.00  27.90  23.50  27.61  24.41  27.96  28.32  27.75  27.88  28.51  28.39  29.38 999.00  28.52  28.02  30.82  24.29  28.18  16.32  27.66  11.12  28.29  28.81  29.67  28.11  28.24  29.90  29.55  27.76  27.07  29.15
 wrfout_d04_2016-09-07_04:00:00 999.00  27.85  24.23  29.63  25.49  28.60  29.26  28.13  29.26  29.92  29.29  29.39 999.00  28.99  28.40  30.94  23.96  28.04  16.50  27.64  11.60  28.43  28.90  29.59  27.74  28.03  29.98  29.66  28.04  27.26  29.41
 wrfout_d04_2016-09-07_05:00:00 999.00  27.75  23.51  28.82  24.91  29.20  30.11  28.57  30.16  30.15  30.36  30.03 999.00  28.98  28.69  30.87  24.82  27.65  16.32  27.73  11.14  28.41  28.71  28.95  27.80  28.02  30.59  29.71  28.34  27.30  28.95
 wrfout_d04_2016-09-07_06:00:00 999.00  27.76  23.38  29.00  24.66  29.69  30.67  29.64  30.46  29.35  29.74  29.82 999.00  29.35  28.91  30.60  23.94  27.65  15.91  28.12  11.39  28.24  28.70  28.81  27.59  27.95  30.93  29.64  27.21  27.05  28.86
 wrfout_d04_2016-09-07_07:00:00 999.00  27.83  23.32  29.54  24.57  28.55  30.54  28.11  30.75  29.34  29.19  29.06 999.00  26.41  27.71  30.12  23.49  27.59  15.04  27.52  10.65  28.25  28.58  28.37  27.30  27.72  30.64  29.01  26.95  27.07  28.74
 wrfout_d04_2016-09-07_08:00:00 999.00  27.91  23.47  28.69  25.70  29.01  30.88  28.05  30.59  28.94  29.01  27.94 999.00  27.48  27.90  29.71  23.14  27.70  15.22  26.87  10.75  28.25  28.32  27.93  26.66  26.27  30.12  29.49  26.63  26.90  28.73
 wrfout_d04_2016-09-07_09:00:00 999.00  27.87  22.64  27.11  24.00  28.39  30.19  27.21  30.30  27.28  28.14  27.19 999.00  25.25  25.65  29.37  22.85  27.69  14.87  26.68  10.56  28.15  27.60  27.57  26.39  25.86  29.62  29.45  26.41  26.80  28.70
 wrfout_d04_2016-09-07_10:00:00 999.00  27.95  22.51  26.93  23.44  27.52  29.21  27.00  29.36  26.94  27.73  27.26 999.00  26.47  25.76  29.04  22.55  27.36  15.07  26.03  10.59  28.12  26.86  27.32  26.29  25.94  29.12  29.49  26.21  26.71  28.50
 wrfout_d04_2016-09-07_11:00:00 999.00  27.99  22.28  26.53  23.44  27.25  28.49  25.90  28.72  25.77  27.38  27.29 999.00  26.09  25.44  28.85  21.77  27.31  15.20  26.14  10.67  28.05  27.46  27.23  25.79  25.74  29.13  29.47  26.09  26.70  28.33
 wrfout_d04_2016-09-07_12:00:00 999.00  27.81  22.02  26.20  22.78  27.14  28.09  25.08  27.90  25.23  27.45  27.57 999.00  24.75  25.45  28.81  21.41  27.35  15.32  26.24  10.71  28.13  28.00  26.96  25.71  25.45  28.56  29.44  25.99  26.69  28.32
 wrfout_d04_2016-09-07_13:00:00 999.00  27.66  22.06  26.17  22.93  27.01  27.65  25.13  27.91  25.65  27.43  27.79 999.00  25.91  25.32  28.75  21.22  27.21  15.20  26.15  10.64  28.14  28.05  26.66  25.65  25.35  28.27  29.33  25.83  26.69  28.18
 wrfout_d04_2016-09-07_14:00:00 999.00  27.67  22.04  25.98  23.28  26.91  27.51  25.53  27.80  25.52  27.39  27.64 999.00  26.21  25.38  28.37  21.28  27.25  15.27  25.91  10.72  28.26  26.95  26.34  25.46  25.03  27.67  29.33  25.95  26.75  28.12
 wrfout_d04_2016-09-07_15:00:00 999.00  27.69  22.30  25.74  23.35  26.51  27.25  25.63  27.59  24.98  27.23  27.63 999.00  25.97  25.78  27.94  21.32  27.35  15.34  26.22  10.75  28.34  27.21  26.28  25.17  24.92  28.47  29.18  25.76  26.66  27.99
 wrfout_d04_2016-09-07_16:00:00 999.00  27.35  22.07  25.63  22.94  26.46  26.95  25.16  27.22  25.16  27.21  27.47 999.00  25.80  25.59  27.22  21.60  27.40  15.14  26.19  10.65  28.41  27.62  26.00  25.33  24.98  28.85  29.03  25.73  26.64  27.86
 wrfout_d04_2016-09-07_17:00:00 999.00  26.99  21.95  25.84  22.75  26.38  26.63  25.62  26.96  25.53  26.48  27.00 999.00  25.81  25.12  26.98  21.64  27.51  14.93  26.25  10.34  28.51  27.95  25.73  25.35  24.88  28.98  29.04  25.67  26.63  27.84
 wrfout_d04_2016-09-07_18:00:00 999.00  27.01  22.27  25.74  23.04  26.32  26.32  25.42  26.16  25.30  26.43  26.53 999.00  25.98  24.54  26.70  21.58  27.70  14.77  26.57  10.14  28.58  28.18  25.55  25.30  24.85  28.81  28.88  25.60  26.54  27.71
 wrfout_d04_2016-09-07_19:00:00 999.00  26.14  21.92  25.51  22.80  26.16  26.13  25.24  26.28  24.71  25.80  26.34 999.00  26.01  24.88  26.54  21.41  27.72  14.70  26.57  10.13  28.64  28.06  25.43  25.28  24.70  28.75  28.73  25.61  26.50  27.68
 wrfout_d04_2016-09-07_20:00:00 999.00  26.00  21.81  25.26  22.80  26.01  26.01  24.56  26.10  24.42  26.01  26.29 999.00  25.55  24.81  26.68  20.91  27.79  14.59  26.64  10.08  28.68  28.27  25.28  25.36  24.70  28.74  28.58  25.53  26.53  27.56
 wrfout_d04_2016-09-07_21:00:00 999.00  26.56  21.83  25.15  22.34  26.03  26.14  24.69  26.16  24.85  25.75  25.88 999.00  25.67  25.23  26.43  20.41  27.87  14.86  26.55  10.04  28.67  28.08  25.15  25.26  24.73  28.32  28.24  25.40  26.43  27.46
 wrfout_d04_2016-09-07_22:00:00 999.00  27.28  21.84  25.36  22.42  26.04  26.11  25.01  26.15  25.03  25.47  26.36 999.00  25.41  24.30  26.50  20.28  27.93  14.86  26.61  10.05  28.68  28.27  25.45  25.52  24.93  26.85  28.02  25.60  26.56  27.59
 wrfout_d04_2016-09-07_23:00:00 999.00  27.61  21.67  25.86  22.54  26.34  26.24  25.48  26.18  25.20  25.53  26.19 999.00  25.29  24.12  26.42  20.14  27.97  14.90  27.10  10.16  28.62  28.56  27.09  26.70  25.98  28.64  28.93  26.75  26.91  28.12
