 wrfout_d04_2016-01-08_00:00:00 999.00  17.98  12.16  16.80  13.88  17.32  16.79  17.43  16.89  17.48  18.39  18.07 999.00  17.95  17.31  20.83  17.27  17.43   9.03  15.78   2.54  18.69  18.86  20.43  17.20  17.16  21.21  18.89  20.06  21.22  21.23
 wrfout_d04_2016-01-08_01:00:00 999.00  18.00  12.23  16.82  14.68  17.45  17.17  17.52  17.38  17.54  20.01  18.96 999.00  18.09  18.85  21.75  19.80  18.08  10.57  17.37   3.81  18.95  19.28  21.65  18.28  18.48  22.81  20.36  21.24  21.61  22.67
 wrfout_d04_2016-01-08_02:00:00 999.00  18.01  12.26  16.69  14.39  17.42  17.95  17.79  17.71  17.87  20.28  19.89 999.00  18.59  19.72  22.40  19.65  18.59  11.27  19.50   5.01  18.60  19.58  22.03  19.15  19.06  23.16  22.22  21.80  21.27  23.78
 wrfout_d04_2016-01-08_03:00:00 999.00  18.06  12.17  16.78  14.49  17.55  18.02  17.44  17.69  18.01  20.15  20.74 999.00  19.34  19.95  22.80  20.48  18.92  10.38  20.25   5.76  18.79  19.99  21.75  21.53  21.77  24.31  23.30  21.97  21.42  23.78
 wrfout_d04_2016-01-08_04:00:00 999.00  17.90  12.03  16.88  14.75  17.12  18.14  17.69  18.02  18.00  20.39  20.61 999.00  19.77  21.85  22.94  20.61  19.06  12.16  21.14   6.15  18.74  20.15  22.07  22.63  22.79  24.49  24.58  22.39  21.00  24.58
 wrfout_d04_2016-01-08_05:00:00 999.00  17.74  11.66  16.78  13.95  16.54  18.27  17.74  17.94  17.84  19.87  19.17 999.00  19.64  22.07  22.90  20.57  18.96  10.83  21.91   6.15  18.71  20.49  22.05  22.90  23.45  25.12  24.66  22.61  22.38  24.49
 wrfout_d04_2016-01-08_06:00:00 999.00  17.70  11.54  16.26  13.19  16.36  17.70  17.07  17.52  17.36  18.78  18.83 999.00  19.15  21.53  22.61  20.27  18.84  11.09  22.44   5.65  18.58  20.07  22.33  23.62  24.18  24.58  25.57  22.89  21.66  25.01
 wrfout_d04_2016-01-08_07:00:00 999.00  17.47  11.35  16.28  13.00  16.12  17.23  16.78  16.77  17.02  18.43  17.99 999.00  18.61  21.31  22.16  19.52  18.46  10.87  21.87   4.60  18.43  19.85  21.74  23.60  23.20  23.86  25.56  22.62  20.72  25.01
 wrfout_d04_2016-01-08_08:00:00 999.00  17.20  10.92  15.91  12.40  16.12  16.93  16.78  16.50  16.68  17.94  17.64 999.00  18.12  19.65  21.16  18.41  17.61   9.46  20.11   3.49  18.84  19.61  20.93  21.59  21.73  23.64  24.67  21.83  21.09  24.47
 wrfout_d04_2016-01-08_09:00:00 999.00  16.93  10.66  15.60  11.61  15.68  16.64  16.48  16.28  16.29  17.51  16.80 999.00  17.59  18.18  20.52  15.90  17.33   8.59  18.22   0.94  18.63  19.38  20.20  19.89  20.06  22.64  24.17  20.46  21.01  23.68
 wrfout_d04_2016-01-08_10:00:00 999.00  16.58  10.38  15.27  11.14  15.47  16.34  16.39  16.01  16.30  17.01  16.49 999.00  17.38  17.11  20.48  13.17  17.09   4.63  16.85   0.60  18.23  19.38  19.85  18.39  18.54  21.71  22.84  19.96  20.98  22.89
 wrfout_d04_2016-01-08_11:00:00 999.00  16.54  10.18  14.97  10.94  15.14  15.98  16.04  15.72  16.10  16.69  16.06 999.00  16.98  16.70  19.96  12.73  17.40   6.81  16.14   0.29  18.55  19.09  20.11  17.87  17.98  21.25  21.19  19.19  20.78  22.41
 wrfout_d04_2016-01-08_12:00:00 999.00  16.55   9.94  14.76  10.68  14.88  15.65  15.81  15.45  15.83  16.28  15.74 999.00  16.89  16.49  19.96  12.27  17.09   6.78  15.98   0.18  18.37  18.71  19.41  17.39  17.29  20.79  20.47  18.14  20.67  21.75
 wrfout_d04_2016-01-08_13:00:00 999.00  16.33   9.75  14.66  10.47  14.72  15.47  15.71  15.24  15.61  16.05  15.56 999.00  16.44  16.33  19.74  11.84  17.23   6.64  15.75   0.28  18.63  18.74  19.56  16.80  16.80  20.84  19.69  17.94  20.81  21.29
 wrfout_d04_2016-01-08_14:00:00 999.00  16.29   9.61  14.51  10.52  14.76  15.34  15.57  15.05  15.52  15.78  15.26 999.00  16.31  15.97  19.27  11.49  17.44   6.48  15.43   0.28  18.47  18.67  19.39  16.61  16.92  20.56  19.05  17.54  20.47  20.87
 wrfout_d04_2016-01-08_15:00:00 999.00  16.30   9.46  14.51  10.44  14.81  15.37  15.40  14.95  15.38  15.40  14.94 999.00  15.98  15.79  18.92  11.20  17.15   6.26  14.92   0.19  18.63  18.55  19.07  16.27  16.48  20.50  18.57  17.54  20.58  20.60
 wrfout_d04_2016-01-08_16:00:00 999.00  16.13   9.35  14.46  10.34  14.66  15.25  15.49  14.92  15.25  15.06  14.84 999.00  15.78  15.61  18.93  11.28  16.97   6.24  14.20   0.17  18.57  18.12  19.03  16.17  16.33  20.12  17.90  17.74  20.57  20.18
 wrfout_d04_2016-01-08_17:00:00 999.00  15.97   9.23  14.39  10.19  14.56  15.12  15.44  14.81  15.12  14.89  14.63 999.00  15.56  15.10  18.74  12.77  16.63   6.23  13.81   0.23  18.08  17.84  18.70  15.62  15.67  19.78  17.68  17.74  20.15  19.96
 wrfout_d04_2016-01-08_18:00:00 999.00  15.93   9.10  14.31   9.87  14.46  15.01  15.41  14.69  14.65  14.81  14.49 999.00  15.27  14.76  18.68  10.81  16.63   5.99  13.44   0.21  17.93  17.79  18.09  15.25  15.37  19.53  17.09  17.47  19.80  19.57
 wrfout_d04_2016-01-08_19:00:00 999.00  15.92   9.02  14.26   9.80  14.41  14.90  15.30  14.55  14.49  14.70  14.48 999.00  15.04  14.40  18.56  10.54  16.72   5.87  13.12   0.18  17.92  17.55  18.30  14.89  15.01  19.00  16.55  17.46  19.71  19.53
 wrfout_d04_2016-01-08_20:00:00 999.00  15.97   8.92  14.31  10.00  14.43  14.84  15.22  14.55  14.42  14.65  14.49 999.00  14.77  13.40  18.42  11.66  16.50   5.98  12.96   0.36  17.98  17.58  17.82  14.73  14.76  18.54  16.14  16.35  19.83  19.09
 wrfout_d04_2016-01-08_21:00:00 999.00  16.39   8.88  14.30   9.72  14.41  14.81  15.17  14.62  14.51  14.60  14.37 999.00  14.60  12.93  18.30  10.92  16.56   5.81  12.71   0.09  18.19  17.59  17.65  14.37  14.54  18.53  15.96  16.18  19.60  18.93
 wrfout_d04_2016-01-08_22:00:00 999.00  16.57   8.97  14.31   9.92  14.68  14.92  15.10  14.71  14.29  14.45  14.46 999.00  14.51  12.99  18.15  10.82  16.70   5.55  12.65  -0.23  18.11  17.26  17.80  14.34  14.59  18.39  15.88  16.04  19.50  19.35
 wrfout_d04_2016-01-08_23:00:00 999.00  16.48   9.21  14.61  10.26  14.92  15.41  14.97  14.99  14.30  14.36  14.76 999.00  14.66  13.79  18.18  12.03  16.63   6.18  12.79   0.42  18.50  17.11  17.79  14.89  14.88  18.81  16.43  17.03  19.38  19.59
