 wrfout_d04_2016-10-04_00:00:00 999.00  26.74  21.49  26.68  22.98  26.94  26.79  26.57  26.89  26.93  27.82  27.63 999.00  27.56  25.92  28.23  23.36  27.56  17.68  25.32  11.37  27.10  25.39  27.34  26.66  26.74  26.99  29.07  27.12  27.01  28.66
 wrfout_d04_2016-10-04_01:00:00 999.00  26.66  22.20  27.36  23.80  27.52  28.24  27.53  27.90  28.23  29.48  28.77 999.00  28.87  27.55  29.22  24.56  28.15  18.18  26.85  12.69  27.18  25.72  27.39  28.54  28.47  27.51  29.74  26.80  27.66  29.58
 wrfout_d04_2016-10-04_02:00:00 999.00  26.60  22.81  27.69  24.44  28.26  29.23  27.47  29.17  29.27  30.69  29.57 999.00  30.21  28.99  30.00  25.52  28.60  18.91  28.60  13.28  27.19  26.10  27.90  30.10  29.49  27.87  30.18  28.40  28.22  30.45
 wrfout_d04_2016-10-04_03:00:00 999.00  26.54  23.05  27.71  24.81  28.41  29.69  28.09  29.64  29.93  30.50  29.73 999.00  30.98  30.29  28.88  26.16  28.77  19.42  29.58  13.49  27.11  26.43  28.10  30.85  30.07  28.17  30.45  28.51  28.50  30.91
 wrfout_d04_2016-10-04_04:00:00 999.00  26.52  23.34  27.92  25.13  28.60  29.89  28.07  29.98  30.41  30.37  29.59 999.00  31.15  31.31  29.99  26.91  29.17  19.20  30.41  12.86  27.04  26.55  27.67  31.20  30.42  28.21  30.74  27.91  28.54  31.13
 wrfout_d04_2016-10-04_05:00:00 999.00  26.58  23.22  27.86  25.10  28.44  30.28  28.22  30.36  30.54  30.48  29.32 999.00  30.78  32.21  30.10  25.64  29.13  18.35  31.09  11.68  26.95  26.69  27.72  31.33  30.66  28.56  30.77  27.70  28.48  30.81
 wrfout_d04_2016-10-04_06:00:00 999.00  26.60  22.97  27.61  24.84  28.34  30.15  28.18  30.35  30.44  30.19  28.80 999.00  30.46  32.41  29.50  25.85  28.95  18.69  31.17  11.52  27.10  26.90  28.02  31.32  30.41  28.22  30.70  27.87  28.16  30.50
 wrfout_d04_2016-10-04_07:00:00 999.00  26.60  22.50  26.96  24.35  27.84  29.67  27.76  29.84  30.09  29.82  28.41 999.00  29.96  32.41  28.85  25.42  28.64  17.92  30.85  11.50  27.30  27.24  27.33  30.92  30.12  28.51  30.20  27.71  27.74  30.08
 wrfout_d04_2016-10-04_08:00:00 999.00  26.59  21.99  26.49  23.73  27.27  29.10  27.43  28.97  29.22  29.13  27.88 999.00  29.27  31.42  28.51  25.27  28.27  16.93  30.07  11.24  27.45  27.51  27.02  30.32  29.64  28.25  29.96  26.13  27.09  29.42
 wrfout_d04_2016-10-04_09:00:00 999.00  26.59  20.94  25.20  22.07  26.65  28.56  26.40  28.26  28.12  28.52  27.29 999.00  28.43  30.05  28.26  24.14  27.76  15.72  29.44  11.13  27.48  27.60  26.91  29.50  28.96  27.99  29.68  25.79  26.12  28.52
 wrfout_d04_2016-10-04_10:00:00 999.00  26.60  19.34  23.80  20.20  25.93  27.34  25.30  27.75  27.50  27.33  26.80 999.00  27.86  28.84  27.99  22.14  27.40  15.59  28.42  10.81  27.47  27.72  26.87  28.81  28.39  27.75  29.32  25.54  25.15  27.82
 wrfout_d04_2016-10-04_11:00:00 999.00  26.65  19.10  23.72  20.01  25.36  26.62  25.09  26.85  27.21  26.61  26.50 999.00  27.66  28.28  27.81  21.75  27.35  15.00  28.02  10.62  27.64  27.72  26.75  28.47  28.15  27.24  29.81  25.30  24.97  27.51
 wrfout_d04_2016-10-04_12:00:00 999.00  26.68  18.84  23.46  19.79  25.14  26.21  24.50  26.38  26.65  26.06  26.33 999.00  27.53  27.98  27.51  21.40  27.28  14.23  27.81  10.56  27.81  27.46  26.75  28.28  27.99  27.06  29.54  24.41  24.62  27.27
 wrfout_d04_2016-10-04_13:00:00 999.00  26.66  18.66  23.15  21.46  24.96  26.15  24.23  26.32  26.24  25.89  26.08 999.00  27.61  27.90  27.31  21.18  26.95  15.19  27.63  10.23  27.69  27.42  26.42  28.18  27.77  27.12  28.96  24.80  24.53  27.14
 wrfout_d04_2016-10-04_14:00:00 999.00  26.62  18.56  22.86  21.42  24.76  25.40  23.79  25.73  25.77  25.42  25.91 999.00  27.25  27.72  26.87  21.04  26.73  13.66  27.36   7.92  27.45  27.28  26.27  28.03  27.91  26.56  29.13  24.67  24.53  26.95
 wrfout_d04_2016-10-04_15:00:00 999.00  26.57  18.68  22.66  21.45  24.16  24.81  23.73  25.01  25.20  25.08  25.59 999.00  26.98  27.41  26.58  20.89  26.36  13.28  26.90   7.46  27.37  27.35  26.13  27.91  27.93  26.03  29.15  24.20  24.45  26.62
 wrfout_d04_2016-10-04_16:00:00 999.00  26.55  19.41  22.50  21.26  23.59  24.39  23.28  24.44  24.74  24.67  25.41 999.00  26.60  26.95  26.35  20.61  26.05  13.08  26.66   7.14  27.29  27.13  25.42  27.75  27.77  25.72  29.15  24.29  24.21  26.34
 wrfout_d04_2016-10-04_17:00:00 999.00  26.65  19.70  22.47  21.28  23.36  24.40  23.13  24.05  24.30  24.63  25.11 999.00  26.19  26.59  26.26  20.33  25.76  12.77  26.51   6.90  27.25  27.13  24.80  27.34  27.56  26.34  28.71  23.99  24.16  26.25
 wrfout_d04_2016-10-04_18:00:00 999.00  26.77  19.73  22.49  21.19  23.12  24.69  23.15  23.55  23.79  24.25  24.71 999.00  25.86  26.33  26.43  19.98  25.51  12.55  26.03   8.07  27.32  27.25  24.56  27.24  27.19  26.45  28.23  23.85  24.20  26.07
 wrfout_d04_2016-10-04_19:00:00 999.00  26.87  19.71  22.54  21.15  22.99  24.66  23.33  23.39  23.44  24.72  24.43 999.00  25.49  26.05  25.66  19.70  25.22  12.28  25.94   8.39  27.41  27.53  24.37  27.06  27.11  25.60  28.07  23.82  24.12  25.99
 wrfout_d04_2016-10-04_20:00:00 999.00  26.94  19.71  22.46  21.02  22.80  24.55  24.07  23.75  23.02  24.75  24.79 999.00  25.14  25.67  25.35  19.44  25.34  12.15  25.41   8.50  27.43  27.12  25.07  26.66  27.08  25.68  27.76  23.45  24.09  25.86
 wrfout_d04_2016-10-04_21:00:00 999.00  27.03  19.81  22.53  21.00  24.00  24.57  24.38  23.82  22.73  24.74  23.90 999.00  24.79  25.32  25.03  19.25  25.37  12.02  25.25   8.47  27.11  27.45  24.20  26.60  26.79  25.24  27.62  23.34  24.15  25.90
 wrfout_d04_2016-10-04_22:00:00 999.00  26.93  19.89  22.71  21.13  24.50  24.52  24.53  24.22  22.86  24.73  24.01 999.00  24.48  25.02  25.51  19.27  25.12  11.97  25.22   8.39  27.20  27.60  24.29  26.38  26.51  24.94  27.78  23.36  24.38  25.95
 wrfout_d04_2016-10-04_23:00:00 999.00  26.98  20.85  26.07  22.20  25.31  25.94  25.94  25.97  25.40  25.16  25.58 999.00  26.09  26.20  26.47  22.34  27.49  16.38  25.88  10.77  27.30  27.71  26.63  26.91  27.28  27.35  28.74  25.50  25.92  27.24
