 wrfout_d04_2016-05-28_00:00:00 999.00  26.44  25.25  30.63  26.40  30.71  30.48  29.39  30.39  31.18  29.81  29.68 999.00  31.45  31.14  29.72  28.12  29.88  19.95  29.46  14.29  28.77  29.33  29.26  31.17  31.18  30.53  31.02  29.47  28.63  30.05
 wrfout_d04_2016-05-28_01:00:00 999.00  26.65  26.31  31.60  27.52  31.66  31.96  29.61  31.82  31.95  30.78  30.65 999.00  32.75  32.63  30.80  29.54  30.49  20.91  30.77  15.14  28.79  29.56  29.86  32.67  32.23  31.26  31.66  30.63  29.20  30.73
 wrfout_d04_2016-05-28_02:00:00 999.00  26.90  27.09  31.61  28.56  32.46  33.36  29.86  33.10  32.43  31.26  31.26 999.00  32.97  34.13  31.03  30.28  30.90  21.60  31.96  15.63  28.82  29.69  30.28  33.83  32.96  31.97  32.17  31.44  29.65  31.32
 wrfout_d04_2016-05-28_03:00:00 999.00  27.15  27.52  32.05  29.22  32.58  34.32  29.85  34.05  32.42  31.57  31.69 999.00  33.15  35.34  31.32  30.79  31.15  21.99  32.89  15.89  28.85  29.75  30.62  34.34  33.38  32.78  32.47  32.05  29.93  31.65
 wrfout_d04_2016-05-28_04:00:00 999.00  27.25  27.59  31.98  29.34  31.63  35.40  29.70  35.54  32.16  31.67  31.83 999.00  33.33  36.07  31.53  31.16  31.30  22.01  33.65  15.98  28.86  29.77  30.83  34.58  33.56  33.26  32.65  32.50  30.08  31.78
 wrfout_d04_2016-05-28_05:00:00 999.00  27.20  27.40  31.79  29.01  31.20  35.86  29.39  35.49  31.87  31.71  32.07 999.00  33.30  36.34  31.44  31.34  31.30  21.84  34.19  15.89  28.87  29.78  31.05  34.64  33.57  33.59  32.65  32.66  30.07  31.72
 wrfout_d04_2016-05-28_06:00:00 999.00  27.09  27.02  31.44  28.58  31.19  34.94  29.22  34.67  31.59  31.52  32.25 999.00  33.12  36.26  31.46  30.96  31.23  21.41  34.13  15.52  28.86  29.75  31.16  34.45  33.36  33.72  32.53  32.45  29.90  31.55
 wrfout_d04_2016-05-28_07:00:00 999.00  27.08  26.27  31.00  27.88  30.30  34.09  28.88  34.06  31.23  30.71  30.81 999.00  32.84  35.81  31.31  30.42  30.99  20.64  33.59  14.92  28.84  29.70  31.11  33.96  32.98  33.59  32.27  31.88  29.54  31.24
 wrfout_d04_2016-05-28_08:00:00 999.00  27.07  25.64  30.56  27.12  29.67  33.25  28.57  33.08  30.57  29.80  29.76 999.00  32.40  34.95  30.81  29.50  30.57  19.79  32.64  14.38  28.82  29.63  30.84  33.27  32.43  33.39  31.92  30.94  28.99  30.83
 wrfout_d04_2016-05-28_09:00:00 999.00  27.16  24.58  29.85  25.96  29.52  32.12  28.07  32.11  29.76  30.02  29.76 999.00  31.61  33.77  30.38  27.59  30.03  18.81  31.63  13.65  28.81  29.57  30.63  32.49  31.72  32.84  31.51  29.52  28.28  30.31
 wrfout_d04_2016-05-28_10:00:00 999.00  26.72  23.41  28.82  24.66  28.92  31.10  27.47  30.77  28.95  29.20  29.14 999.00  30.76  32.32  29.80  26.11  29.38  17.39  30.50  12.32  28.82  29.48  29.88  31.56  30.77  32.20  30.98  27.87  27.35  29.68
 wrfout_d04_2016-05-28_11:00:00 999.00  26.68  22.69  27.20  23.83  27.93  30.23  27.19  30.00  28.68  27.78  28.47 999.00  30.26  31.12  29.38  24.76  28.90  16.55  29.55  11.23  28.78  29.35  29.24  30.54  30.09  31.48  30.54  27.14  26.93  29.22
 wrfout_d04_2016-05-28_12:00:00 999.00  26.75  22.45  26.79  23.52  27.75  29.64  27.26  29.40  29.20  27.44  28.43 999.00  30.00  30.36  29.17  23.81  28.72  16.65  29.05  11.14  28.77  29.29  28.86  30.20  29.82  31.16  30.37  26.99  26.83  29.03
 wrfout_d04_2016-05-28_13:00:00 999.00  26.68  22.39  26.51  23.41  28.03  29.30  27.45  29.03  29.30  27.28  28.22 999.00  29.58  29.74  28.83  23.18  28.59  16.46  28.64  11.05  28.76  29.22  28.41  29.92  29.61  31.12  30.21  26.86  26.75  28.83
 wrfout_d04_2016-05-28_14:00:00 999.00  26.77  22.47  26.39  23.54  28.00  30.36  27.64  28.91  29.20  27.56  27.93 999.00  29.23  29.26  28.51  22.68  28.51  16.42  28.08  11.03  28.76  29.06  28.03  29.66  29.41  30.76  30.03  26.71  26.69  28.62
 wrfout_d04_2016-05-28_15:00:00 999.00  26.70  22.48  26.20  23.52  27.65  29.64  27.71  28.64  29.03  27.42  27.51 999.00  28.93  28.90  28.23  22.26  28.43  16.41  27.65  11.09  28.74  28.95  27.62  29.50  29.23  30.37  29.84  26.53  26.61  28.40
 wrfout_d04_2016-05-28_16:00:00 999.00  26.54  22.44  26.04  23.44  27.41  29.05  27.67  28.38  28.85  27.02  27.20 999.00  28.69  28.67  28.01  21.87  28.33  16.35  27.26  11.05  28.72  28.81  27.23  29.32  29.09  29.73  29.61  26.36  26.54  28.17
 wrfout_d04_2016-05-28_17:00:00 999.00  26.61  22.40  25.88  23.34  27.35  28.65  27.58  28.07  28.73  26.83  27.12 999.00  28.41  28.37  27.83  21.53  28.24  16.34  27.11  11.12  28.69  28.72  26.89  29.04  28.92  29.23  29.51  26.17  26.48  28.07
 wrfout_d04_2016-05-28_18:00:00 999.00  26.45  22.33  25.69  23.25  27.31  28.17  27.51  27.74  28.63  26.67  27.46 999.00  28.17  28.11  27.67  21.29  28.17  16.25  26.79  11.06  28.65  28.70  26.53  28.73  28.76  28.88  29.33  25.99  26.42  27.91
 wrfout_d04_2016-05-28_19:00:00 999.00  26.86  22.23  25.51  23.16  27.15  27.81  27.43  27.48  28.53  26.45  27.08 999.00  27.94  27.90  27.53  21.10  28.14  16.12  26.52  11.03  28.62  28.63  26.27  28.39  28.56  28.69  29.23  25.91  26.37  27.81
 wrfout_d04_2016-05-28_20:00:00 999.00  26.85  22.12  25.36  23.05  26.91  27.50  27.28  27.24  28.44  26.20  26.78 999.00  27.74  27.73  27.40  20.91  28.09  16.05  26.23  10.97  28.60  28.56  26.04  28.02  28.33  28.42  29.11  25.86  26.34  27.68
 wrfout_d04_2016-05-28_21:00:00 999.00  26.97  22.05  25.23  22.95  26.69  27.29  27.19  26.97  28.35  26.06  26.39 999.00  27.79  27.60  27.33  20.73  28.05  15.99  26.08  10.87  28.61  28.49  25.81  27.71  28.08  28.18  29.08  25.86  26.33  27.65
 wrfout_d04_2016-05-28_22:00:00 999.00  27.26  22.28  27.55  23.22  27.10  28.17  27.31  28.00  28.42  26.78  27.07 999.00  27.92  27.74  27.75  23.12  28.23  16.74  26.39  11.62  28.60  28.40  27.66  28.00  28.17  28.53  29.29  26.76  26.83  28.02
 wrfout_d04_2016-05-28_23:00:00 999.00  27.32  23.10  29.18  24.21  28.32  29.32  27.87  29.10  29.11  28.31  28.45 999.00  28.79  28.48  28.75  25.04  28.74  18.19  27.37  12.74  28.60  28.92  28.40  29.42  29.45  29.64  30.00  28.57  27.69  28.81
