 wrfout_d04_2016-02-10_00:00:00 999.00  19.94  13.61  18.06  14.63  18.94  18.74  15.20  16.21  14.61  18.94  19.00 999.00  15.56  15.34  19.57  16.73  17.16   9.11  15.23   3.94  18.31  17.19  18.50  16.22  16.58  19.31  20.41  17.41  19.59  20.77
 wrfout_d04_2016-02-10_01:00:00 999.00  20.03  15.13  19.94  16.18  20.57  21.24  17.06  19.98  18.05  20.15  20.19 999.00  16.31  18.94  19.96  18.40  17.05  10.50  16.12   5.54  18.30  17.95  19.22  16.53  17.12  20.16  21.01  18.06  19.97  21.78
 wrfout_d04_2016-02-10_02:00:00 999.00  20.12  16.46  21.82  17.55  22.36  23.14  18.75  21.98  20.41  21.30  21.18 999.00  18.30  21.02  20.73  19.71  17.22  11.70  16.19   6.54  18.28  18.60  19.78  17.65  18.07  21.00  21.26  18.97  20.31  21.82
 wrfout_d04_2016-02-10_03:00:00 999.00  20.29  17.52  23.41  18.66  23.32  24.39  18.27  23.64  22.25  22.31  21.76 999.00  19.16  24.07  21.25  20.88  17.49  12.73  17.16   7.02  18.26  19.31  19.89  18.18  18.99  22.03  21.85  19.46  20.57  21.76
 wrfout_d04_2016-02-10_04:00:00 999.00  20.46  18.36  23.35  19.44  23.86  25.13  19.92  24.89  23.69  22.26  22.19 999.00  17.42  24.44  21.50  21.74  17.70  12.69  18.32   7.38  18.67  19.33  20.08  19.07  19.79  21.76  23.05  20.31  21.20  21.86
 wrfout_d04_2016-02-10_05:00:00 999.00  20.46  18.56  23.61  19.52  23.81  24.98  22.02  25.18  24.93  22.61  22.22 999.00  17.14  23.84  21.79  22.12  17.58  12.66  18.43   7.38  18.68  19.44  20.03  19.58  19.99  21.32  23.47  19.56  20.66  22.19
 wrfout_d04_2016-02-10_06:00:00 999.00  20.50  18.32  24.15  19.28  23.35  24.74  17.82  24.93  21.82  21.05  21.78 999.00  17.13  22.47  21.75  22.12  17.66  13.23  18.90   6.99  18.78  19.41  19.50  19.81  20.05  20.96  24.05  18.96  20.59  22.05
 wrfout_d04_2016-02-10_07:00:00 999.00  20.51  17.55  23.25  18.60  22.85  24.17  18.43  24.25  22.00  20.67  21.27 999.00  17.43  22.09  21.34  21.36  17.78  12.33  18.82   5.64  18.59  19.25  19.30  19.85  20.16  20.79  23.55  19.01  20.55  22.65
 wrfout_d04_2016-02-10_08:00:00 999.00  20.52  16.46  22.00  17.52  21.74  23.19  16.86  23.31  19.60  20.39  20.51 999.00  17.31  21.87  21.35  20.14  17.75  12.11  18.28   4.65  18.87  19.26  19.35  19.60  19.97  21.30  23.84  18.88  20.64  22.40
 wrfout_d04_2016-02-10_09:00:00 999.00  20.58  15.18  20.29  16.19  20.35  21.65  16.92  21.79  18.45  19.97  19.34 999.00  17.45  21.70  20.95  18.43  17.96  10.77  17.92   4.03  18.99  19.37  19.07  19.37  19.98  21.21  23.25  18.85  20.65  22.00
 wrfout_d04_2016-02-10_10:00:00 999.00  20.64  14.06  18.98  14.86  19.43  20.68  17.08  20.79  17.72  19.64  19.36 999.00  17.36  21.49  20.35  16.98  18.06   7.90  18.47   2.72  19.17  19.24  18.98  19.23  19.78  20.78  23.42  18.34  20.70  21.77
 wrfout_d04_2016-02-10_11:00:00 999.00  20.65  13.93  18.67  14.66  19.39  20.22  17.56  20.41  18.09  19.72  19.07 999.00  17.38  20.84  20.14  15.93  18.16   7.55  18.94   3.23  19.26  18.82  19.07  19.07  19.84  20.81  23.47  18.24  20.73  21.55
 wrfout_d04_2016-02-10_12:00:00 999.00  20.75  13.99  18.68  14.72  19.37  19.98  16.54  20.04  17.60  19.59  18.81 999.00  18.16  20.47  20.02  13.99  18.22   6.64  18.77   3.36  19.32  19.24  19.10  19.07  19.78  20.99  23.31  18.42  20.82  21.49
 wrfout_d04_2016-02-10_13:00:00 999.00  20.88  13.98  18.69  14.55  19.44  20.59  15.78  20.91  17.04  19.43  19.01 999.00  18.69  20.82  19.92  13.66  18.31   7.02  19.13   3.67  19.59  19.31  19.05  19.17  19.84  20.67  23.17  18.60  20.77  21.29
 wrfout_d04_2016-02-10_14:00:00 999.00  20.87  14.70  18.99  15.44  20.15  20.80  14.97  20.68  15.85  18.63  18.87 999.00  18.26  20.47  20.39  15.65  18.05   8.24  18.15   3.63  19.65  19.26  19.18  18.86  19.68  21.00  22.91  18.49  20.85  21.25
 wrfout_d04_2016-02-10_15:00:00 999.00  20.80  14.28  18.87  13.66  19.70  19.14  15.89  18.67  16.44  18.40  18.72 999.00  17.13  20.52  20.46  13.54  18.05   8.56  16.84   3.64  19.43  19.76  19.10  18.78  19.20  20.78  22.61  18.74  20.96  21.14
 wrfout_d04_2016-02-10_16:00:00 999.00  20.83  14.25  18.68  13.15  19.89  18.66  16.35  17.85  16.59  18.32  18.06 999.00  17.76  20.27  20.70  13.43  17.87   9.28  16.55   3.87  19.37  20.31  19.11  18.30  18.65  20.65  22.63  18.56  20.83  20.78
 wrfout_d04_2016-02-10_17:00:00 999.00  20.90  14.39  19.44  13.15  18.16  18.26  16.52  17.33  17.94  18.18  18.29 999.00  16.54  19.76  20.99  13.98  18.05   9.70  16.25   3.86  19.52  19.96  19.10  18.29  18.80  20.76  22.28  18.69  20.78  20.92
 wrfout_d04_2016-02-10_18:00:00 999.00  21.04  15.12  19.64  15.72  17.99  19.63  16.15  18.94  15.96  18.45  18.17 999.00  16.74  19.26  20.99  13.36  17.84   9.86  16.41   3.70  19.77  18.99  19.39  17.73  18.58  20.79  21.83  18.86  20.62  21.25
 wrfout_d04_2016-02-10_19:00:00 999.00  21.07  14.97  19.13  15.57  20.22  19.94  14.69  17.91  15.63  18.25  17.45 999.00  16.70  18.69  21.05  12.81  18.11   9.93  15.91   3.62  19.55  17.77  19.22  17.06  17.80  20.50  21.74  18.92  20.95  21.61
 wrfout_d04_2016-02-10_20:00:00 999.00  21.10  15.08  16.14  15.67  19.19  17.95  15.54  17.64  15.59  18.10  17.32 999.00  16.40  18.62  20.75  12.84  18.02  10.32  14.91   3.83  19.57  18.77  19.56  17.37  17.90  20.56  21.50  18.95  20.93  21.95
 wrfout_d04_2016-02-10_21:00:00 999.00  20.44  14.86  17.07  14.86  17.93  16.76  15.31  16.18  14.58  18.40  17.44 999.00  16.57  18.35  21.00  13.07  18.22  10.40  15.94   3.79  19.60  18.70  19.60  17.10  17.73  20.85  20.98  18.87  21.01  21.86
 wrfout_d04_2016-02-10_22:00:00 999.00  20.49  14.80  17.38  15.37  17.67  17.68  15.22  16.28  15.50  18.51  17.52 999.00  16.45  18.65  21.14  13.14  18.25  10.47  16.06   3.87  19.56  18.56  19.71  16.90  17.68  21.08  20.89  19.18  21.20  22.12
 wrfout_d04_2016-02-10_23:00:00 999.00  20.73  15.40  18.17  16.06  19.71  17.46  16.07  17.41  15.84  19.49  20.06 999.00  16.61  18.92  21.65  14.32  18.25  10.70  15.71   4.54  19.63  18.70  19.96  17.01  17.63  21.28  20.87  19.23  21.56  22.46
