 wrfout_d04_2016-08-08_00:00:00 999.00  28.37  24.45  29.21  26.16  30.04  30.24  28.89  30.31  29.65  31.42  30.28 999.00  29.41  29.43  29.79  25.64  27.85  17.84  27.99  12.45  27.94  27.33  28.52  28.04  28.64  29.56  30.53  27.31  28.04  29.12
 wrfout_d04_2016-08-08_01:00:00 999.00  28.41  25.25  29.86  27.00  30.90  31.17  29.36  31.73  30.70  33.45  31.51 999.00  30.57  30.85  30.69  27.17  29.23  19.95  29.46  13.59  28.06  27.94  29.23  28.92  29.13  30.77  32.01  28.74  28.81  29.88
 wrfout_d04_2016-08-08_02:00:00 999.00  28.46  25.75  30.24  27.55  31.45  31.76  29.62  32.44  31.12  34.49  32.37 999.00  31.22  32.45  31.15  28.00  29.91  20.57  30.90  14.22  28.10  28.20  29.68  31.48  32.03  31.37  32.78  29.08  29.57  30.78
 wrfout_d04_2016-08-08_03:00:00 999.00  28.50  26.18  30.60  28.14  32.18  32.20  29.79  32.94  31.81  35.09  32.66 999.00  31.34  33.75  31.35  29.15  30.57  20.19  31.95  14.69  28.07  28.01  29.81  32.94  33.13  31.70  32.56  29.89  30.35  31.48
 wrfout_d04_2016-08-08_04:00:00 999.00  28.54  26.28  30.49  28.20  32.49  32.25  29.91  33.02  32.13  35.35  32.52 999.00  31.31  34.66  31.45  29.72  30.96  18.14  33.12  14.89  28.04  28.08  29.85  33.91  33.72  31.88  33.72  29.99  30.90  31.91
 wrfout_d04_2016-08-08_05:00:00 999.00  28.58  26.32  30.48  28.33  32.46  32.22  29.91  32.91  32.13  35.40  32.81 999.00  31.48  34.76  31.42  29.83  30.04  17.94  33.50  13.79  28.05  28.24  29.81  33.90  33.43  31.80  32.98  29.90  30.99  31.91
 wrfout_d04_2016-08-08_06:00:00 999.00  28.61  25.79  30.21  28.02  31.85  32.17  29.72  32.94  31.89  34.77  32.87 999.00  31.20  34.39  31.51  29.86  30.12  17.85  33.54  12.88  28.10  28.18  29.71  34.03  33.67  31.65  32.94  29.40  30.81  31.87
 wrfout_d04_2016-08-08_07:00:00 999.00  28.61  24.98  29.48  27.10  31.28  31.67  29.39  32.34  31.43  33.43  32.05 999.00  30.95  33.48  31.38  29.15  29.53  17.75  33.07  12.81  27.90  28.14  29.41  33.40  32.76  31.40  32.72  29.47  30.35  31.71
 wrfout_d04_2016-08-08_08:00:00 999.00  28.62  24.24  28.83  26.29  30.43  31.07  29.16  31.33  30.83  32.83  31.53 999.00  30.34  32.68  31.07  28.38  30.28  18.36  32.74  12.68  27.86  28.08  29.12  32.17  31.98  30.23  32.74  28.66  29.72  31.23
 wrfout_d04_2016-08-08_09:00:00 999.00  28.64  23.27  28.20  25.20  29.39  29.97  28.61  30.51  30.03  31.47  30.63 999.00  29.71  31.76  30.52  26.85  29.56  17.35  31.87  11.89  28.01  28.23  28.72  30.98  31.21  29.79  32.10  28.26  28.92  30.61
 wrfout_d04_2016-08-08_10:00:00 999.00  28.65  22.46  27.44  24.08  28.59  29.21  28.06  29.70  29.38  30.45  30.08 999.00  29.14  30.40  30.06  25.74  28.79  16.11  30.45  10.34  28.04  28.36  28.12  30.36  30.14  29.30  31.06  27.26  27.62  30.00
 wrfout_d04_2016-08-08_11:00:00 999.00  28.66  22.14  27.01  23.54  28.23  28.70  27.86  29.09  28.84  29.65  29.80 999.00  28.90  30.19  29.55  23.74  28.25  14.25  29.31   8.01  28.08  28.24  27.23  29.31  29.29  29.03  30.72  26.06  26.48  29.55
 wrfout_d04_2016-08-08_12:00:00 999.00  28.65  22.11  26.59  23.06  28.11  28.50  27.78  28.84  28.51  29.02  29.65 999.00  28.85  30.00  29.00  23.47  27.91  14.29  28.69   7.79  28.04  28.19  27.05  28.66  28.64  29.04  30.44  25.72  26.12  29.25
 wrfout_d04_2016-08-08_13:00:00 999.00  28.60  22.23  26.59  23.00  28.00  28.41  27.69  28.72  28.40  28.62  29.42 999.00  28.87  29.73  28.71  23.24  27.74  13.90  28.54   7.39  27.98  28.07  26.72  28.42  28.33  29.00  30.23  25.42  25.88  28.94
 wrfout_d04_2016-08-08_14:00:00 999.00  28.59  22.07  26.52  23.29  27.68  28.31  27.36  28.62  28.10  28.48  29.02 999.00  28.43  29.57  28.50  22.74  27.58  13.80  27.99   7.56  27.78  27.98  26.64  28.17  28.02  28.90  30.03  25.39  25.67  28.83
 wrfout_d04_2016-08-08_15:00:00 999.00  28.50  21.78  25.90  22.31  27.22  28.07  27.46  28.38  27.83  28.15  28.55 999.00  28.03  29.18  28.35  22.53  27.46  13.50  27.10   6.77  27.79  28.01  27.22  27.88  27.81  28.72  29.50  25.17  25.31  28.61
 wrfout_d04_2016-08-08_16:00:00 999.00  28.44  22.08  25.91  23.16  26.79  27.91  27.37  28.13  27.68  27.76  28.17 999.00  27.87  28.29  28.22  22.33  27.38  13.02  26.49   6.65  27.71  28.06  26.30  27.73  27.72  28.60  29.17  25.01  25.11  28.33
 wrfout_d04_2016-08-08_17:00:00 999.00  28.41  21.93  26.21  23.01  26.66  27.87  27.27  27.94  27.59  27.27  27.94 999.00  27.66  27.79  28.29  21.51  27.30  12.36  26.43   7.33  27.71  28.01  26.27  27.60  27.62  28.42  28.98  24.77  25.06  28.30
 wrfout_d04_2016-08-08_18:00:00 999.00  28.38  21.99  25.47  22.99  26.47  27.62  27.14  27.46  27.42  26.87  28.67 999.00  27.48  27.66  28.05  21.66  27.23  13.30  25.96   7.74  27.62  27.95  26.39  27.42  27.55  27.97  28.92  24.54  25.06  28.01
 wrfout_d04_2016-08-08_19:00:00 999.00  28.40  21.98  26.05  22.98  26.47  27.55  26.92  27.37  27.21  26.58  28.33 999.00  27.37  27.50  27.87  21.78  27.17  12.49  26.04   7.81  27.52  27.95  26.10  27.35  27.44  27.56  28.82  24.46  24.95  28.09
 wrfout_d04_2016-08-08_20:00:00 999.00  28.44  21.99  26.02  22.83  26.53  27.47  26.80  27.41  27.13  27.31  27.65 999.00  27.34  27.34  27.70  21.73  27.09  12.82  25.55   7.57  27.52  27.88  25.98  27.30  27.37  27.51  28.74  24.33  24.92  27.61
 wrfout_d04_2016-08-08_21:00:00 999.00  28.46  21.99  26.08  22.96  26.51  27.41  26.80  27.38  26.82  26.64  27.67 999.00  27.28  27.07  27.68  21.51  26.90  13.41  25.44   7.71  27.53  27.66  25.97  27.11  27.32  27.30  28.69  24.28  25.47  27.61
 wrfout_d04_2016-08-08_22:00:00 999.00  28.44  22.27  26.59  23.25  26.64  27.50  27.22  27.35  26.86  26.96  28.19 999.00  27.31  27.11  27.93  22.17  27.24  14.08  25.58   8.90  27.61  27.27  26.95  26.86  27.12  27.45  28.88  25.17  26.14  27.80
 wrfout_d04_2016-08-08_23:00:00 999.00  28.44  23.16  27.50  23.91  27.75  27.77  27.89  27.72  27.56  29.08  28.99 999.00  28.31  27.97  29.13  25.33  27.62  16.79  26.26  11.30  27.64  27.18  28.25  27.41  27.87  28.63  29.31  27.62  27.77  28.12
