 wrfout_d04_2016-03-02_00:00:00 999.00  17.15  10.57  16.20  11.97  16.66  16.48  15.95  16.53  14.94  16.08  16.85 999.00  16.25  15.78  16.55  15.04  18.38   8.95  15.23   4.28  18.95  16.89  16.98  15.60  16.20  17.18  18.65  17.74  18.18  18.91
 wrfout_d04_2016-03-02_01:00:00 999.00  17.29  12.04  17.86  13.44  17.97  18.43  17.96  18.50  17.94  17.11  17.78 999.00  18.73  18.40  17.88  16.33  19.18  11.14  17.46   5.52  19.07  18.15  17.49  18.76  19.05  18.55  20.19  19.02  19.27  19.73
 wrfout_d04_2016-03-02_02:00:00 999.00  17.56  13.30  19.15  14.69  18.93  19.98  19.70  20.03  19.22  18.03  18.49 999.00  20.22  20.23  18.41  18.09  19.76  12.09  18.96   6.23  19.21  19.37  17.68  20.50  20.64  18.58  21.42  20.06  20.27  20.75
 wrfout_d04_2016-03-02_03:00:00 999.00  17.91  14.40  20.23  15.72  19.74  21.04  21.03  21.59  20.65  18.84  19.04 999.00  20.81  21.66  18.87  19.13  20.15  12.46  20.12   6.52  19.33  19.94  18.31  21.73  21.92  19.50  22.25  20.24  20.84  21.50
 wrfout_d04_2016-03-02_04:00:00 999.00  18.23  15.13  20.95  16.42  20.28  21.78  22.18  22.55  21.51  19.00  19.46 999.00  21.08  23.03  19.06  19.65  20.44  12.72  21.25   6.56  19.38  20.06  19.39  22.82  22.81  19.48  22.51  18.03  21.23  21.93
 wrfout_d04_2016-03-02_05:00:00 999.00  18.19  15.49  21.30  16.74  20.54  22.25  22.49  23.11  22.34  18.90  19.77 999.00  21.21  23.75  19.08  20.17  20.54  12.68  22.06   6.39  19.48  20.17  19.71  23.23  23.14  20.00  22.75  20.15  21.08  22.09
 wrfout_d04_2016-03-02_06:00:00 999.00  18.19  15.55  21.40  16.82  20.47  22.30  22.19  23.19  22.43  18.76  19.61 999.00  21.09  24.06  18.97  20.11  20.45  11.18  22.59   5.93  19.64  20.25  19.85  23.28  23.09  20.03  23.07  20.08  21.33  22.01
 wrfout_d04_2016-03-02_07:00:00 999.00  18.45  15.02  20.95  16.32  20.11  21.91  21.96  22.78  22.33  18.66  19.72 999.00  20.79  23.68  18.87  19.69  20.17  10.03  22.43   5.10  19.76  20.29  19.83  23.06  22.78  20.06  23.03  19.69  19.68  21.79
 wrfout_d04_2016-03-02_08:00:00 999.00  18.76  14.10  20.05  15.47  19.57  21.20  21.59  21.89  21.68  18.58  19.47 999.00  20.47  22.98  19.00  18.95  19.78  10.18  21.64   3.99  19.79  20.37  19.70  22.53  22.26  20.02  22.72  19.09  19.18  21.36
 wrfout_d04_2016-03-02_09:00:00 999.00  18.89  12.78  18.48  14.04  18.62  19.96  20.34  20.35  20.62  18.27  18.87 999.00  19.96  21.96  19.16  17.52  19.26   8.14  20.34   2.40  19.76  20.45  19.12  21.59  21.38  19.88  22.13  18.56  19.13  20.69
 wrfout_d04_2016-03-02_10:00:00 999.00  18.99  11.26  16.81  12.46  17.22  18.08  18.48  18.60  19.04  17.46  18.04 999.00  18.93  20.60  18.38  13.17  18.62   6.99  19.25  -3.56  19.73  20.50  18.71  20.60  20.42  18.92  21.84  17.81  18.32  19.83
 wrfout_d04_2016-03-02_11:00:00 999.00  19.11  11.04  16.46  12.20  16.28  17.03  17.71  17.46  17.10  17.31  17.72 999.00  18.48  19.93  18.05  12.00  18.42   3.37  18.36  -3.63  19.75  20.55  18.56  19.98  19.95  18.44  21.77  17.21  18.96  19.47
 wrfout_d04_2016-03-02_12:00:00 999.00  19.22  11.03  16.34  12.13  15.61  15.93  16.83  16.34  15.60  17.14  17.42 999.00  18.25  19.37  17.84  11.13  18.34   3.01  18.05  -3.50  19.77  20.63  18.29  19.63  19.74  18.60  21.70  16.88  18.37  19.37
 wrfout_d04_2016-03-02_13:00:00 999.00  19.29  11.16  16.26  12.16  14.90  15.40  15.99  15.77  14.66  17.06  17.10 999.00  18.01  18.64  17.49  10.47  18.02   2.62  17.88  -3.30  19.79  20.69  18.19  19.20  19.40  18.59  21.39  16.52  18.30  19.19
 wrfout_d04_2016-03-02_14:00:00 999.00  19.50  11.27  16.21  12.16  14.46  14.99  15.21  15.29  13.87  17.02  16.83 999.00  17.64  18.31  17.32   9.94  17.31   2.23  17.44  -3.01  19.63  20.56  17.99  18.78  19.05  18.46  21.01  16.98  18.40  18.93
 wrfout_d04_2016-03-02_15:00:00 999.00  19.55  11.33  16.08  12.13  14.16  14.76  14.67  14.83  13.05  16.68  16.27 999.00  16.96  17.53  17.17   9.49  17.23   1.98  16.96  -1.57  19.58  19.84  17.87  18.22  18.30  18.29  20.27  16.82  18.29  18.89
 wrfout_d04_2016-03-02_16:00:00 999.00  19.57  11.33  15.91  11.97  13.77  14.56  14.23  14.49  12.31  16.52  15.17 999.00  16.44  16.76  17.06   9.13  16.78   1.90  16.57  -0.73  19.74  19.37  17.75  17.50  17.61  18.26  19.38  16.82  18.85  18.83
 wrfout_d04_2016-03-02_17:00:00 999.00  19.54  11.34  15.88  11.63  13.98  14.36  13.84  13.85  11.64  14.39  14.88 999.00  15.99  16.04  17.02   8.82  16.43   1.74  16.19  -0.14  19.90  19.00  17.74  16.87  17.02  18.17  19.18  16.74  19.03  18.71
 wrfout_d04_2016-03-02_18:00:00 999.00  19.58  11.36  15.87  11.39  13.86  14.09  13.24  13.42  11.23  14.08  14.72 999.00  15.55  15.40  16.92   8.57  15.99   1.50  15.64   0.25  20.03  18.57  17.69  16.29  16.49  18.20  18.84  16.45  18.42  18.57
 wrfout_d04_2016-03-02_19:00:00 999.00  19.65  11.35  15.78  10.84  13.70  13.73  12.90  12.79  10.91  13.92  14.50 999.00  15.07  14.82  16.87   8.35  15.85   1.31  15.19   0.11  20.08  18.12  17.66  15.70  15.92  18.28  18.60  15.43  18.49  18.51
 wrfout_d04_2016-03-02_20:00:00 999.00  19.61  11.20  14.98   9.96  12.98  13.14  12.80  12.32  10.68  13.74  14.17 999.00  14.57  14.28  16.83   8.18  15.58   1.21  14.75   0.08  20.00  17.65  17.72  15.18  15.43  18.15  18.38  15.27  19.02  18.54
 wrfout_d04_2016-03-02_21:00:00 999.00  19.63  11.03  13.33   9.76  13.21  12.07  12.70  11.99  10.60  13.63  13.71 999.00  14.11  13.78  16.88   8.02  15.18   1.17  14.43   0.38  19.90  17.34  17.68  14.71  14.97  18.21  18.20  15.08  19.15  18.37
 wrfout_d04_2016-03-02_22:00:00 999.00  19.69  10.96  12.98   9.64  13.06  11.48  12.56  11.74  10.51  15.19  13.54 999.00  13.69  13.31  16.89   7.92  15.26   1.17  14.53   0.28  19.95  17.30  17.54  14.34  14.61  18.20  18.21  15.05  19.12  18.49
 wrfout_d04_2016-03-02_23:00:00 999.00  19.84  12.52  16.00  13.13  16.29  13.79  14.96  14.84  14.12  17.48  17.04 999.00  15.88  14.84  18.39  11.99  16.89   6.35  15.25   2.43  20.03  17.59  18.22  16.01  16.45  18.85  18.56  16.90  19.44  19.30
