 wrfout_d04_2016-12-17_00:00:00 999.00  17.63  10.44  16.72  12.03  16.00  16.39  16.04  16.33  16.31  14.56  15.05 999.00  16.62  16.07  18.34  15.52  19.30   7.38  16.33   2.13  20.26  18.18  17.10  16.92  17.45  18.46  19.32  18.29  19.79  19.51
 wrfout_d04_2016-12-17_01:00:00 999.00  17.34  10.74  17.49  12.55  16.17  17.37  17.48  17.40  17.74  15.01  16.16 999.00  18.50  18.30  19.31  16.57  19.28   9.03  17.86   3.29  19.75  18.55  19.03  18.52  18.32  20.20  20.17  18.56  18.92  19.70
 wrfout_d04_2016-12-17_02:00:00 999.00  17.61  11.53  18.42  13.43  17.09  18.46  18.49  18.62  19.14  15.70  16.93 999.00  19.94  19.95  19.99  18.29  20.16  10.06  19.52   4.24  19.85  19.86  19.44  20.61  20.69  20.44  22.32  19.51  20.80  20.92
 wrfout_d04_2016-12-17_03:00:00 999.00  18.03  12.43  19.22  14.25  17.61  19.28  19.38  19.71  20.60  16.47  17.18 999.00  21.16  21.80  20.26  19.17  20.54  10.86  20.50   4.83  19.95  20.69  19.76  22.02  22.24  21.10  23.54  20.36  21.55  21.64
 wrfout_d04_2016-12-17_04:00:00 999.00  18.32  13.07  19.86  14.78  18.22  20.04  19.97  20.48  21.60  17.35  17.40 999.00  21.73  22.93  19.58  19.20  20.74  10.35  21.39   5.32  19.97  20.94  18.76  22.99  23.13  22.38  24.01  20.54  21.77  22.07
 wrfout_d04_2016-12-17_05:00:00 999.00  18.90  13.34  20.10  15.01  18.36  20.46  20.77  20.96  22.51  18.12  17.44 999.00  22.15  23.73  19.58  19.09  20.72   8.86  22.14   5.41  19.99  21.16  19.93  23.78  23.81  21.98  24.03  19.82  21.86  22.21
 wrfout_d04_2016-12-17_06:00:00 999.00  19.26  13.20  19.87  14.86  18.67  20.27  20.98  20.83  22.55  18.55  17.05 999.00  22.33  23.98  19.90  18.80  20.48   8.94  22.66   5.11  20.17  21.16  17.90  23.89  23.84  20.91  23.99  20.69  21.78  22.18
 wrfout_d04_2016-12-17_07:00:00 999.00  19.44  13.05  19.57  14.66  19.26  20.21  20.51  20.57  22.00  17.55  16.96 999.00  22.42  23.66  20.45  18.11  20.32   8.57  22.66   4.23  20.28  21.28  17.43  23.49  23.43  21.37  23.93  19.87  21.28  22.28
 wrfout_d04_2016-12-17_08:00:00 999.00  19.69  12.54  18.64  14.05  19.37  19.79  19.84  19.92  21.03  16.92  17.09 999.00  22.38  23.02  20.27  17.06  19.88   7.65  21.98   3.09  20.30  21.48  17.33  22.77  22.79  19.57  23.79  18.45  20.63  21.35
 wrfout_d04_2016-12-17_09:00:00 999.00  19.73  11.97  16.96  13.34  17.63  18.78  18.60  18.43  19.25  16.68  17.18 999.00  22.05  22.17  20.12  13.10  19.39   6.92  20.86   0.66  20.42  21.60  17.37  21.91  21.93  19.24  23.47  17.90  19.59  20.88
 wrfout_d04_2016-12-17_10:00:00 999.00  20.12  12.12  16.76  13.36  18.56  17.69  18.09  17.62  18.61  16.49  17.61 999.00  21.82  21.65  19.95  11.91  19.34   4.84  19.82  -1.96  20.52  21.66  17.66  21.25  21.39  19.69  23.33  16.74  19.44  20.66
 wrfout_d04_2016-12-17_11:00:00 999.00  20.72  12.16  16.38  13.38  18.22  17.45  17.98  17.53  17.97  16.67  17.80 999.00  21.65  21.37  20.02  11.32  19.47   2.72  19.32  -0.16  20.66  21.77  17.52  20.79  21.06  19.68  23.34  16.74  19.44  19.80
 wrfout_d04_2016-12-17_12:00:00 999.00  20.91  12.19  16.56  13.35  18.14  17.13  17.97  17.44  16.63  16.88  17.81 999.00  21.48  21.26  19.73  10.74  19.53   2.42  19.22  -0.41  20.84  21.64  17.35  20.21  20.72  19.68  23.38  16.86  19.44  19.98
 wrfout_d04_2016-12-17_13:00:00 999.00  20.90  12.14  16.93  13.37  18.04  16.78  17.73  17.42  16.04  17.14  17.73 999.00  21.45  20.38  18.66  10.38  19.66   2.12  19.06  -0.82  20.95  21.34  17.50  19.90  20.31  19.80  23.11  16.17  19.48  19.58
 wrfout_d04_2016-12-17_14:00:00 999.00  21.32  12.20  17.29  13.43  18.03  17.10  17.51  17.26  15.57  17.15  17.79 999.00  21.37  19.61  19.12  10.14  19.69   1.87  18.86  -0.50  21.07  20.81  17.57  19.52  20.00  19.21  21.86  16.22  19.68  19.92
 wrfout_d04_2016-12-17_15:00:00 999.00  21.53  12.32  17.25  13.49  18.21  16.59  17.10  17.06  15.14  17.06  17.79 999.00  20.08  19.31  18.89   9.94  19.61   1.64  18.59  -2.32  21.10  20.59  17.34  19.10  19.59  19.54  21.35  16.34  19.64  19.77
 wrfout_d04_2016-12-17_16:00:00 999.00  21.72  12.52  17.40  13.62  17.48  15.42  16.74  16.94  14.29  16.66  17.02 999.00  18.85  18.89  19.06   9.78  18.93   1.46  18.22  -2.32  21.07  19.93  16.22  18.22  19.06  18.92  20.88  16.37  19.48  19.84
 wrfout_d04_2016-12-17_17:00:00 999.00  21.70  12.64  17.31  13.64  15.50  15.27  16.36  16.46  13.88  17.04  18.25 999.00  18.52  18.46  19.76   9.64  18.20   1.25  17.77  -2.28  21.05  20.24  16.06  17.64  18.36  19.70  20.46  16.76  19.73  19.62
 wrfout_d04_2016-12-17_18:00:00 999.00  22.00  12.85  17.63  13.91  15.38  15.20  15.65  15.18  13.53  16.82  18.33 999.00  17.65  17.65  19.50   9.48  17.86   1.09  17.18  -0.35  21.07  19.71  15.88  17.22  17.64  19.18  20.35  16.99  20.03  19.56
 wrfout_d04_2016-12-17_19:00:00 999.00  22.07  12.78  17.65  13.78  15.20  15.18  15.09  15.07  13.19  16.86  18.22 999.00  17.26  17.34  19.54   9.31  17.66   1.03  17.09   0.31  21.08  19.55  15.83  16.77  17.26  19.40  20.08  17.15  19.53  19.63
 wrfout_d04_2016-12-17_20:00:00 999.00  22.27  12.77  17.69  13.66  14.79  14.92  14.72  14.84  12.55  15.19  16.04 999.00  16.77  16.34  19.60   9.15  17.42   1.05  16.65   0.73  21.13  17.91  15.86  16.29  16.45  19.39  19.82  16.38  19.79  19.69
 wrfout_d04_2016-12-17_21:00:00 999.00  22.35  12.77  17.67  13.61  14.43  14.73  14.24  14.40  12.35  15.03  15.53 999.00  16.56  15.86  19.56   9.00  17.39   1.25  16.30   0.29  21.16  17.97  15.75  15.83  16.29  19.51  19.72  16.94  19.80  19.56
 wrfout_d04_2016-12-17_22:00:00 999.00  22.51  12.79  17.46  13.50  14.82  14.53  14.15  13.77  12.35  15.13  15.39 999.00  17.18  16.12  19.24   8.90  17.59   1.19  16.28   0.70  21.16  18.11  15.85  16.09  16.36  19.62  19.98  16.60  20.38  19.74
 wrfout_d04_2016-12-17_23:00:00 999.00  22.25  13.21  17.83  14.08  16.56  15.87  14.96  15.47  13.77  16.49  16.87 999.00  18.31  17.15  19.92  10.97  19.53   3.62  16.84   2.01  21.24  18.51  17.35  16.53  17.65  19.57  20.48  17.11  20.75  20.15
