 wrfout_d04_2016-04-13_00:00:00 999.00  19.76  20.87  24.85  21.97  26.06  25.97  24.35  26.93  28.21  24.97  25.46 999.00  27.82  27.72  25.79  20.65  26.09  13.25  27.37   7.91  26.26  26.48  26.59  27.81  27.64  27.58  28.16  26.31  26.51  27.75
 wrfout_d04_2016-04-13_01:00:00 999.00  19.98  22.02  24.97  23.41  28.00  30.30  25.48  30.34  29.68  26.80  25.97 999.00  29.70  28.49  26.97  23.98  26.16  13.39  27.85   8.32  26.50  27.00  27.41  28.96  28.51  28.35  28.98  27.59  27.23  28.41
 wrfout_d04_2016-04-13_02:00:00 999.00  20.78  22.94  25.67  24.32  25.92  31.19  27.25  31.17  30.46  25.06  26.77 999.00  30.02  28.79  27.39  24.33  26.85  13.35  28.60   8.43  26.56  27.23  28.17  30.42  29.93  29.21  28.98  28.54  27.77  29.02
 wrfout_d04_2016-04-13_03:00:00 999.00  20.64  22.72  28.08  23.73  25.31  31.81  26.92  31.86  30.15  27.99  27.91 999.00  29.95  30.60  27.80  24.25  27.11  16.46  29.25   8.96  26.64  27.43  28.80  30.37  29.74  30.06  29.93  29.20  28.09  29.35
 wrfout_d04_2016-04-13_04:00:00 999.00  20.33  21.49  27.58  22.87  22.37  31.16  25.70  31.95  27.53  25.12  28.08 999.00  28.45  28.86  28.41  25.28  27.59  15.93  28.84   8.33  26.60  27.39  29.34  29.16  28.64  30.94  30.10  29.56  28.41  29.43
 wrfout_d04_2016-04-13_05:00:00 999.00  20.23  20.75  25.64  22.13  24.85  28.17  24.42  28.02  26.78  26.35  25.41 999.00  29.05  29.42  28.23  22.99  27.57  15.78  30.03   8.34  26.59  27.59  30.19  30.32  29.84  32.40  30.21  29.50  28.47  29.40
 wrfout_d04_2016-04-13_06:00:00 999.00  20.49  20.94  25.95  21.73  24.61  27.33  26.44  27.00  28.28  25.35  25.60 999.00  30.74  31.16  28.16  25.16  27.21  14.58  29.01   8.50  26.74  27.60  30.74  31.13  30.55  33.02  30.23  29.18  28.24  29.33
 wrfout_d04_2016-04-13_07:00:00 999.00  20.55  21.90  27.77  22.24  26.86  28.67  26.00  30.23  28.59  26.25  24.74 999.00  30.73  30.76  27.64  24.85  26.92  14.29  28.36   8.66  26.76  27.49  31.12  30.68  30.21  32.54  30.06  28.65  27.77  28.86
 wrfout_d04_2016-04-13_08:00:00 999.00  20.38  21.15  25.07  22.42  26.20  30.69  26.40  30.90  27.54  26.41  24.42 999.00  29.90  29.52  27.09  24.69  26.72  14.02  27.90   8.58  26.73  27.49  30.63  30.22  29.66  31.58  29.32  27.71  27.22  28.06
 wrfout_d04_2016-04-13_09:00:00 999.00  20.35  19.87  23.44  21.12  22.88  28.57  25.95  28.85  28.41  25.87  24.58 999.00  28.99  28.71  26.73  22.51  26.22  13.55  27.36   8.45  26.66  27.40  28.46  29.05  28.62  30.43  28.97  26.47  26.47  27.55
 wrfout_d04_2016-04-13_10:00:00 999.00  20.85  19.87  23.94  21.07  21.66  26.91  24.99  29.01  28.18  24.31  24.25 999.00  28.16  28.21  25.68  22.27  26.03  13.56  27.06   8.60  26.42  27.40  27.30  28.38  28.09  29.59  28.64  25.29  25.51  27.34
 wrfout_d04_2016-04-13_11:00:00 999.00  20.12  19.53  22.46  20.14  20.97  25.48  24.18  25.75  27.00  23.97  23.08 999.00  27.83  26.37  25.55  21.12  25.93  13.78  26.52   8.80  26.33  27.43  27.20  28.25  28.00  29.18  28.53  24.85  25.19  26.68
 wrfout_d04_2016-04-13_12:00:00 999.00  19.37  18.02  20.77  19.15  21.05  24.44  23.89  26.57  26.46  23.51  22.21 999.00  27.44  26.67  25.44  20.42  25.66  13.50  26.35   8.55  26.34  27.42  26.94  28.15  27.94  29.23  28.46  24.53  24.77  26.59
 wrfout_d04_2016-04-13_13:00:00 999.00  18.94  17.09  20.34  18.57  20.50  22.21  20.93  21.84  25.58  22.85  22.44 999.00  27.19  26.87  25.34  19.72  25.43  13.40  26.11   8.33  26.32  27.35  26.09  27.99  27.84  29.26  28.59  24.47  24.60  26.70
 wrfout_d04_2016-04-13_14:00:00 999.00  18.63  16.64  19.89  17.86  19.79  20.99  18.83  21.09  24.96  22.23  22.55 999.00  26.76  26.67  24.80  19.42  25.21  13.17  25.81   8.03  26.29  27.17  25.97  27.84  27.70  29.23  28.39  24.83  24.71  26.72
 wrfout_d04_2016-04-13_15:00:00 999.00  18.77  17.62  20.48  18.97  18.79  21.36  18.99  20.42  20.52  22.25  22.29 999.00  26.33  26.37  24.03  19.18  24.94  13.19  25.39   7.63  26.21  27.01  25.30  27.50  27.35  29.51  28.12  24.88  24.86  26.69
 wrfout_d04_2016-04-13_16:00:00 999.00  18.67  16.62  20.29  18.50  18.57  21.68  18.96  20.30  20.52  21.88  21.82 999.00  25.96  25.87  24.18  18.91  24.83  13.20  25.25   7.22  26.07  26.92  25.08  27.27  27.04  28.81  27.99  24.07  25.12  26.59
 wrfout_d04_2016-04-13_17:00:00 999.00  18.42  16.71  19.37  18.26  18.55  20.91  18.73  20.49  20.07  21.38  21.23 999.00  25.25  25.76  24.06  18.58  24.71  13.16  25.08   7.18  25.99  26.69  24.78  27.00  26.99  27.12  27.94  23.96  25.20  26.51
 wrfout_d04_2016-04-13_18:00:00 999.00  18.06  16.87  18.75  18.05  18.47  20.29  18.79  20.28  19.75  20.85  20.86 999.00  25.80  25.16  23.88  19.60  23.76  13.24  24.75   7.12  25.94  26.46  24.04  26.58  26.98  26.64  27.63  23.88  25.20  26.33
 wrfout_d04_2016-04-13_19:00:00 999.00  18.22  17.02  19.59  18.17  18.44  19.56  18.37  20.36  19.66  20.42  20.93 999.00  25.78  25.37  23.55  19.51  24.23  13.27  24.92   7.53  25.93  26.33  23.84  26.51  26.73  26.36  27.51  24.29  25.13  26.27
 wrfout_d04_2016-04-13_20:00:00 999.00  18.25  16.19  19.28  16.98  18.61  19.61  18.52  20.44  19.81  20.35  20.67 999.00  24.26  25.30  23.25  18.39  24.50  13.27  24.66   7.82  25.64  26.16  23.19  26.13  26.23  25.71  27.30  23.59  25.20  26.19
 wrfout_d04_2016-04-13_21:00:00 999.00  18.25  16.51  19.04  17.43  18.65  19.76  18.96  20.29  20.15  20.32  20.59 999.00  23.19  24.72  22.98  18.21  24.21  13.61  24.53   8.05  25.49  26.36  22.80  25.97  26.07  25.55  27.18  22.73  25.13  26.15
 wrfout_d04_2016-04-13_22:00:00 999.00  18.57  16.83  19.27  17.77  18.76  20.40  18.96  20.67  20.62  21.00  21.15 999.00  22.66  24.95  23.80  19.14  23.86  13.51  24.46   7.94  25.44  25.72  23.68  25.70  25.72  25.43  27.24  23.73  25.31  26.15
 wrfout_d04_2016-04-13_23:00:00 999.00  18.83  18.10  20.02  19.53  19.47  21.42  20.17  21.23  21.61  22.77  21.71 999.00  24.51  26.23  23.77  22.67  25.35  14.63  25.81   8.13  25.57  25.93  25.00  27.02  26.96  26.23  28.01  25.76  26.42  26.94
