 wrfout_d04_2016-02-21_00:00:00 999.00  14.86   8.21  13.95   9.63  14.24  14.62  13.91  14.70  14.93  13.11  14.47 999.00  15.32  15.39  15.46  15.05  16.47   9.88  15.06   3.94  18.59  16.19  15.89  15.35  15.92  15.89  18.69  16.21  17.09  17.16
 wrfout_d04_2016-02-21_01:00:00 999.00  14.87   8.88  15.00  10.36  15.44  15.72  15.02  15.89  16.44  13.82  15.00 999.00  17.24  17.15  15.48  18.66  17.49  11.97  16.37   5.63  18.41  17.69  16.13  17.63  18.05  17.47  21.00  16.58  18.48  18.21
 wrfout_d04_2016-02-21_02:00:00 999.00  15.13   9.67  15.81  11.19  16.34  16.72  16.39  17.10  18.90  15.10  15.38 999.00  19.90  20.60  16.13  20.91  18.21  13.15  18.65   6.67  18.64  18.78  16.73  19.74  19.85  18.64  22.23  17.41  19.14  19.31
 wrfout_d04_2016-02-21_03:00:00 999.00  15.39  10.54  16.71  12.11  17.09  17.92  17.82  18.10  20.88  16.10  16.05 999.00  21.20  22.85  16.61  21.36  18.80  13.81  20.15   7.25  18.74  19.28  17.77  21.62  21.58  19.19  22.71  18.53  19.94  20.24
 wrfout_d04_2016-02-21_04:00:00 999.00  15.62  11.10  17.38  12.71  17.54  18.52  19.17  18.79  22.40  16.44  16.90 999.00  21.83  23.57  16.84  20.88  19.25  14.26  21.20   6.73  18.86  19.61  18.18  22.92  22.44  19.77  22.90  19.20  19.61  20.18
 wrfout_d04_2016-02-21_05:00:00 999.00  15.90  11.32  17.67  12.93  17.70  18.92  19.81  19.24  22.55  16.87  18.01 999.00  22.35  24.37  17.21  20.51  18.43  14.25  22.17   5.63  19.11  19.80  18.31  23.35  22.86  20.89  23.09  19.33  19.45  21.00
 wrfout_d04_2016-02-21_06:00:00 999.00  16.20  11.31  16.62  12.88  17.86  18.87  18.49  19.18  20.74  17.24  18.11 999.00  22.29  24.88  18.30  20.05  18.88  13.73  22.58   4.99  19.10  19.92  18.95  23.47  22.83  21.21  22.58  19.23  19.70  21.23
 wrfout_d04_2016-02-21_07:00:00 999.00  16.57  10.94  15.80  12.43  17.70  17.73  17.58  17.84  20.74  17.17  18.02 999.00  21.70  24.79  18.63  19.39  18.18  12.76  22.41   5.86  18.84  19.96  18.31  22.84  21.55  20.34  22.97  18.97  19.16  21.00
 wrfout_d04_2016-02-21_08:00:00 999.00  16.91  10.42  15.58  11.86  17.08  17.34  16.96  17.22  19.32  17.13  17.74 999.00  21.37  23.74  18.49  18.33  18.11  11.56  21.41   5.85  18.91  20.02  17.54  21.86  21.43  19.99  23.04  18.19  18.97  20.83
 wrfout_d04_2016-02-21_09:00:00 999.00  17.27   9.88  15.31  11.24  16.74  16.93  16.69  16.76  18.54  17.05  17.27 999.00  20.45  22.51  18.36  16.88  18.39  10.05  20.66   4.47  18.94  20.14  17.28  21.47  21.30  19.60  22.71  17.34  18.73  20.20
 wrfout_d04_2016-02-21_10:00:00 999.00  17.68  10.07  15.45  11.35  16.67  16.77  16.58  16.56  18.38  16.69  16.96 999.00  19.95  21.62  18.01  15.89  18.04   8.99  19.53   3.04  19.05  20.06  17.32  20.71  20.62  19.40  22.52  16.90  18.77  19.65
 wrfout_d04_2016-02-21_11:00:00 999.00  18.04  10.36  15.65  11.61  16.83  16.85  16.92  16.73  18.40  16.34  16.99 999.00  19.93  21.37  18.17  15.43  17.98   8.47  18.89   3.20  19.13  20.19  17.31  20.29  20.31  18.93  22.59  16.61  18.74  19.51
 wrfout_d04_2016-02-21_12:00:00 999.00  18.42  10.65  15.98  11.90  16.94  17.02  17.07  17.00  18.46  16.48  16.50 999.00  20.27  20.89  18.43  15.10  18.05   8.44  18.72   3.45  19.23  20.29  17.33  20.18  20.39  18.57  22.62  16.47  18.88  19.26
 wrfout_d04_2016-02-21_13:00:00 999.00  18.79  10.86  16.14  12.05  16.95  17.17  17.31  17.31  18.54  16.88  16.42 999.00  20.25  20.66  18.72  14.61  18.10   8.99  18.58   3.54  19.42  20.37  17.47  20.09  20.33  18.47  22.53  16.44  18.82  18.89
 wrfout_d04_2016-02-21_14:00:00 999.00  19.14  11.08  16.33  12.28  17.11  17.29  17.29  17.56  18.23  16.65  16.48 999.00  20.28  20.20  18.77  14.68  18.22   9.31  18.38   3.51  19.45  20.38  17.67  19.87  19.97  18.45  22.16  16.52  18.83  18.62
 wrfout_d04_2016-02-21_15:00:00 999.00  19.48  11.42  16.50  12.58  17.18  17.36  17.17  17.90  17.96  16.29  16.73 999.00  20.17  19.79  18.44  14.75  18.20   9.34  18.16   3.47  19.64  20.33  17.82  19.58  19.78  18.65  21.84  16.75  18.60  18.53
 wrfout_d04_2016-02-21_16:00:00 999.00  19.86  11.84  16.63  12.81  17.26  17.37  16.44  18.05  18.00  15.99  17.19 999.00  19.93  19.66  18.17  14.40  17.24   9.32  17.88   3.44  19.86  20.10  17.60  19.42  19.61  18.72  21.44  16.92  18.75  18.79
 wrfout_d04_2016-02-21_17:00:00 999.00  19.59  12.24  17.01  13.14  17.70  17.19  16.41  17.62  17.95  16.17  17.52 999.00  19.37  19.36  18.39  12.46  18.92   9.29  18.03   3.33  20.06  19.96  17.96  19.34  19.67  19.14  20.99  17.34  18.77  18.91
 wrfout_d04_2016-02-21_18:00:00 999.00  20.30  12.54  17.11  13.35  17.81  17.35  16.47  17.88  17.65  14.74  17.55 999.00  19.03  18.93  18.29  14.43  18.96   9.16  17.62   3.32  20.18  19.63  18.00  18.95  19.50  19.65  20.24  17.70  18.84  19.22
 wrfout_d04_2016-02-21_19:00:00 999.00  20.44  12.20  14.78  12.64  18.11  17.43  16.25  17.56  17.54  14.77  17.71 999.00  18.81  18.51  19.13  14.38  18.56   8.93  17.47   3.43  20.48  19.07  18.05  18.39  18.77  19.86  20.04  17.94  19.11  19.68
 wrfout_d04_2016-02-21_20:00:00 999.00  20.37  12.31  16.57  11.88  15.67  15.36  16.17  15.28  15.61  14.74  17.74 999.00  18.58  18.12  18.60  11.90  18.68   8.68  16.96   3.86  20.60  19.17  18.27  18.12  18.43  20.03  19.65  17.87  19.29  19.56
 wrfout_d04_2016-02-21_21:00:00 999.00  20.47  12.07  16.20  10.97  15.31  14.94  16.19  14.97  15.02  14.88  17.63 999.00  18.37  17.89  18.30  11.85  18.69   8.72  16.04   3.53  20.65  19.56  17.28  18.17  18.21  18.44  19.70  17.92  19.62  19.84
 wrfout_d04_2016-02-21_22:00:00 999.00  20.44  10.47  14.57  10.83  15.35  14.53  14.89  14.66  14.62  15.10  15.51 999.00  18.43  17.93  19.38  12.18  19.10   9.14  16.34   3.93  20.58  20.04  17.05  18.35  18.46  19.67  20.17  17.00  19.86  20.26
 wrfout_d04_2016-02-21_23:00:00 999.00  20.39  12.70  16.63  13.54  17.71  15.93  16.48  16.43  16.41  17.77  17.92 999.00  18.31  18.42  20.45  15.31  19.54   9.90  16.92   4.87  20.62  19.90  18.73  18.43  18.69  21.37  20.51  18.24  19.92  20.87
