 wrfout_d04_2016-08-02_00:00:00 999.00  29.01  25.61  30.69  26.99  30.54  30.71  30.24  30.88  30.35  29.51  29.60 999.00  30.77  30.43  29.73  24.88  29.99  18.43  30.66  12.68  30.12  30.75  28.60  32.18  32.08  29.76  32.13  28.63  29.59  29.64
 wrfout_d04_2016-08-02_01:00:00 999.00  28.99  26.42  31.51  27.98  31.69  31.83  30.81  32.00  31.46  30.95  30.59 999.00  32.12  31.93  30.93  25.86  30.25  19.47  31.62  13.98  29.95  30.95  29.32  33.08  33.04  30.60  32.69  29.43  30.01  30.42
 wrfout_d04_2016-08-02_02:00:00 999.00  29.01  27.56  32.54  29.13  32.87  32.97  31.43  33.02  32.59  32.47  32.15 999.00  33.29  33.26  31.71  29.77  30.41  20.66  32.48  15.02  29.74  30.79  29.72  33.97  33.60  31.08  33.15  29.85  30.86  31.25
 wrfout_d04_2016-08-02_03:00:00 999.00  29.14  28.28  32.79  30.01  33.66  34.19  31.74  34.11  33.60  33.27  32.40 999.00  34.07  34.62  32.05  28.45  31.04  21.08  33.26  15.87  29.09  30.74  30.17  34.60  33.84  31.37  33.65  30.06  31.16  32.10
 wrfout_d04_2016-08-02_04:00:00 999.00  29.24  27.42  33.42  29.83  32.57  35.03  31.92  35.23  33.99  33.82  32.39 999.00  33.97  35.21  32.30  28.85  30.56  20.00  33.94  14.28  30.25  30.75  30.10  34.86  34.00  31.67  33.88  30.21  31.55  32.21
 wrfout_d04_2016-08-02_05:00:00 999.00  29.39  28.71  33.43  30.92  33.22  35.36  31.86  34.56  33.94  34.02  32.73 999.00  33.72  35.43  32.34  29.23  31.21  19.30  34.38  13.85  30.24  30.77  30.26  34.67  33.79  31.66  33.93  30.36  31.39  32.36
 wrfout_d04_2016-08-02_06:00:00 999.00  29.33  28.34  31.72  29.54  33.25  35.02  30.13  34.27  32.96  33.71  32.34 999.00  32.49  34.33  32.18  29.00  31.12  18.54  34.60  13.47  30.24  30.78  30.24  34.51  33.67  31.63  33.75  30.09  31.23  32.69
 wrfout_d04_2016-08-02_07:00:00 999.00  29.24  27.67  31.49  29.57  31.57  33.65  30.54  33.04  31.49  33.20  31.87 999.00  31.82  33.21  31.92  25.13  31.39  18.11  34.55  13.39  30.18  30.73  29.91  34.55  33.63  31.45  33.57  29.96  30.87  32.31
 wrfout_d04_2016-08-02_08:00:00 999.00  29.21  25.40  32.13  26.42  32.49  28.69  30.53  29.72  27.66  32.33  31.02 999.00  31.36  31.08  31.56  25.81  31.39  18.30  34.04  13.62  30.18  30.56  29.56  33.91  33.04  31.03  33.25  29.54  30.21  32.04
 wrfout_d04_2016-08-02_09:00:00 999.00  29.21  24.17  27.53  24.51  31.62  27.45  29.77  26.66  26.97  30.73  30.35 999.00  30.78  28.86  31.07  24.08  30.81  17.81  33.10  12.53  30.20  30.32  29.02  32.77  31.97  30.52  32.73  28.86  29.46  31.60
 wrfout_d04_2016-08-02_10:00:00 999.00  29.28  23.56  27.75  24.55  30.01  27.00  27.86  26.59  27.49  29.91  29.64 999.00  28.37  28.79  30.49  23.91  30.38  16.91  31.56  11.41  30.16  30.14  28.06  31.73  31.12  29.86  32.21  27.74  28.32  30.79
 wrfout_d04_2016-08-02_11:00:00 999.00  29.29  23.53  26.54  23.48  28.53  27.12  27.32  27.29  27.41  29.24  29.47 999.00  26.91  28.57  30.07  22.80  30.01  15.80  29.98  10.13  30.21  30.02  27.19  31.05  30.56  29.37  31.69  26.09  26.69  30.19
 wrfout_d04_2016-08-02_12:00:00 999.00  29.29  23.19  26.74  24.12  27.64  27.33  27.57  27.85  28.03  28.85  29.24 999.00  27.66  28.27  29.69  22.57  29.93  15.42  29.33   9.99  30.18  29.91  26.83  30.75  30.37  29.03  31.47  25.86  26.29  29.97
 wrfout_d04_2016-08-02_13:00:00 999.00  29.29  22.76  26.46  23.48  27.78  27.71  27.53  28.06  27.90  28.59  29.08 999.00  28.72  28.55  29.33  22.36  29.81  15.35  29.30  10.04  30.16  29.86  26.46  30.61  30.35  28.72  31.25  25.64  25.92  29.77
 wrfout_d04_2016-08-02_14:00:00 999.00  29.26  22.50  26.46  23.37  27.63  27.79  27.11  27.91  27.56  28.40  28.81 999.00  29.10  28.88  29.11  22.05  29.67  15.34  29.73   9.98  30.17  29.80  26.34  30.07  30.11  28.42  31.05  25.42  25.63  29.52
 wrfout_d04_2016-08-02_15:00:00 999.00  29.24  22.22  26.29  23.02  27.48  27.80  27.01  27.77  27.43  28.18  28.71 999.00  29.24  28.81  28.90  21.86  29.63  15.34  29.37   9.93  30.14  29.17  26.13  29.60  29.53  28.11  30.79  25.22  25.37  29.23
 wrfout_d04_2016-08-02_16:00:00 999.00  29.26  21.94  26.10  22.70  27.33  28.83  26.63  27.46  26.80  28.09  28.64 999.00  29.17  28.80  28.75  21.63  29.59  15.40  28.93   9.73  30.10  28.91  25.96  29.37  29.19  27.92  30.50  25.00  25.14  28.88
 wrfout_d04_2016-08-02_17:00:00 999.00  29.23  21.92  25.92  22.64  26.98  28.64  26.38  27.61  26.74  28.01  28.42 999.00  29.29  28.61  28.63  21.38  29.50  15.39  28.41   9.83  30.05  28.86  25.86  29.29  28.94  27.75  30.40  24.83  24.92  28.82
 wrfout_d04_2016-08-02_18:00:00 999.00  29.11  21.74  25.79  22.46  26.80  28.10  26.17  27.38  26.63  27.88  28.22 999.00  29.04  28.35  28.56  21.24  29.38  15.37  28.25   9.91  30.02  29.03  25.75  29.07  28.86  27.53  30.16  24.65  24.77  28.54
 wrfout_d04_2016-08-02_19:00:00 999.00  29.03  21.74  25.71  22.47  26.73  27.81  26.07  27.10  26.66  27.57  28.12 999.00  28.95  28.31  28.48  21.16  29.28  15.52  28.25   9.98  29.96  28.95  25.63  28.72  28.56  27.34  30.06  24.45  24.68  28.36
 wrfout_d04_2016-08-02_20:00:00 999.00  29.01  21.60  25.56  22.38  26.69  27.33  26.05  26.85  26.56  27.41  27.96 999.00  28.65  28.26  28.40  21.00  29.24  15.60  28.04   9.89  29.94  28.55  25.51  28.25  28.12  27.19  29.86  24.28  24.61  28.00
 wrfout_d04_2016-08-02_21:00:00 999.00  28.86  21.46  25.42  22.23  26.70  27.08  25.86  26.67  26.34  27.24  27.84 999.00  28.38  27.96  28.30  20.83  29.16  15.70  27.76   9.71  29.93  28.19  25.45  27.95  27.75  27.14  29.80  24.16  24.53  27.89
 wrfout_d04_2016-08-02_22:00:00 999.00  28.68  22.88  26.63  23.93  26.94  26.82  26.79  27.02  26.53  27.67  28.28 999.00  29.00  28.35  28.42  22.14  29.32  15.98  27.48  10.04  29.93  28.19  26.61  28.02  27.87  27.23  29.95  25.05  25.62  28.05
 wrfout_d04_2016-08-02_23:00:00 999.00  28.78  23.81  27.63  25.37  27.86  28.07  28.73  28.25  27.94  28.81  29.13 999.00  29.52  28.92  29.13  24.11  30.10  17.92  28.34  12.15  29.92  28.36  27.98  28.82  28.73  28.26  30.50  27.63  28.40  28.98
