 wrfout_d04_2016-04-17_00:00:00 999.00  21.18  19.00  22.98  20.93  21.18  22.99  20.83  23.04  25.89  25.84  24.33 999.00  28.05  27.31  27.68  23.44  27.07  18.38  26.33  11.09  24.89  25.58  27.64  27.87  28.20  28.84  29.06  26.88  26.81  27.44
 wrfout_d04_2016-04-17_01:00:00 999.00  21.11  18.66  23.88  19.88  21.57  24.27  20.99  23.07  23.54  26.68  23.42 999.00  28.66  28.83  28.12  25.35  27.76  19.27  27.58  11.86  24.78  25.83  28.23  29.41  29.46  30.03  30.08  27.27  27.42  28.84
 wrfout_d04_2016-04-17_02:00:00 999.00  21.08  18.41  25.35  20.72  21.82  24.55  23.30  24.52  24.74  26.31  24.75 999.00  26.83  30.36  28.56  26.94  27.67  19.92  28.91  12.54  24.62  25.65  28.67  30.63  30.52  30.72  30.58  28.20  27.94  30.07
 wrfout_d04_2016-04-17_03:00:00 999.00  21.27  18.03  26.16  20.20  22.04  24.46  25.08  25.02  26.75  24.58  25.52 999.00  25.73  31.18  27.51  27.77  27.33  20.21  30.07  12.92  24.65  25.48  28.47  31.92  31.23  30.64  30.59  28.90  28.30  31.38
 wrfout_d04_2016-04-17_04:00:00 999.00  21.51  19.88  26.77  21.67  22.34  24.13  26.62  24.50  27.63  24.36  25.05 999.00  27.37  31.44  27.42  28.17  27.99  20.36  30.83  13.09  24.70  25.36  28.74  32.55  31.38  30.71  30.29  29.17  28.52  32.16
 wrfout_d04_2016-04-17_05:00:00 999.00  21.65  20.29  26.00  21.78  22.59  24.98  26.58  24.94  28.43  24.25  25.05 999.00  27.82  31.81  27.26  28.30  28.01  20.07  31.14  13.06  24.67  25.37  28.13  32.53  31.28  30.69  30.39  29.26  28.55  32.27
 wrfout_d04_2016-04-17_06:00:00 999.00  21.68  19.03  25.72  21.08  23.00  24.87  25.22  25.78  28.09  24.18  24.61 999.00  28.06  31.45  27.33  27.87  27.78  19.56  30.69  12.79  24.61  25.32  27.77  31.84  30.72  30.36  30.12  29.06  28.53  32.53
 wrfout_d04_2016-04-17_07:00:00 999.00  21.59  18.91  25.45  20.88  22.68  24.82  24.23  26.70  28.29  24.27  24.26 999.00  27.40  30.61  27.07  27.33  27.43  18.76  29.54  12.22  24.60  25.26  27.36  31.17  30.01  30.17  29.82  28.76  28.28  32.25
 wrfout_d04_2016-04-17_08:00:00 999.00  21.72  18.73  26.18  20.21  22.70  23.71  25.16  24.46  26.97  23.54  24.02 999.00  27.07  30.02  26.88  26.01  26.98  17.65  28.60  11.33  24.53  25.08  26.92  30.58  29.48  29.11  29.37  28.13  27.59  31.03
 wrfout_d04_2016-04-17_09:00:00 999.00  21.88  18.16  24.74  19.39  22.54  24.07  23.57  24.59  26.23  23.18  23.76 999.00  25.28  29.03  26.48  24.31  26.01  16.54  27.30  10.31  24.43  24.99  26.10  29.51  28.86  28.13  29.09  26.98  26.67  30.10
 wrfout_d04_2016-04-17_10:00:00 999.00  22.05  18.02  23.58  19.13  22.44  23.47  24.63  23.71  25.82  22.37  23.56 999.00  24.53  27.66  26.57  22.87  24.82  14.85  26.38   8.81  24.42  24.96  25.21  28.56  27.75  27.11  28.56  25.21  25.21  28.93
 wrfout_d04_2016-04-17_11:00:00 999.00  22.03  18.32  23.75  19.50  22.50  23.33  24.21  23.57  26.51  22.38  23.35 999.00  24.66  26.52  26.44  22.09  24.70  14.45  25.36   8.67  24.39  24.88  25.13  27.61  26.87  26.58  28.04  24.01  24.47  27.66
 wrfout_d04_2016-04-17_12:00:00 999.00  21.83  18.55  23.42  19.58  22.70  23.49  23.22  23.53  24.97  22.87  23.18 999.00  24.72  26.16  26.10  20.76  24.58  14.54  24.97   8.51  24.29  24.83  24.93  27.06  26.78  26.40  27.88  23.37  24.20  26.62
 wrfout_d04_2016-04-17_13:00:00 999.00  22.02  18.65  23.11  19.45  21.53  23.56  23.02  23.68  23.36  23.41  23.75 999.00  24.58  25.83  25.91  20.13  24.63  14.52  24.77   8.38  24.26  24.77  24.40  26.91  26.89  26.14  27.71  22.79  23.57  25.91
 wrfout_d04_2016-04-17_14:00:00 999.00  21.87  18.63  22.21  18.66  21.24  22.85  22.96  23.73  23.03  24.04  23.41 999.00  24.50  25.53  25.76  19.74  24.60  14.45  24.64   8.31  24.21  24.70  24.05  26.68  26.97  25.89  27.40  22.35  23.01  25.49
 wrfout_d04_2016-04-17_15:00:00 999.00  22.08  17.79  23.24  18.65  20.96  23.71  22.44  22.96  23.34  23.99  22.72 999.00  24.11  25.39  25.64  19.48  24.24  14.24  24.35   8.08  24.20  24.58  23.70  26.54  26.79  25.58  27.02  21.94  22.71  25.13
 wrfout_d04_2016-04-17_16:00:00 999.00  22.06  19.02  23.12  18.54  20.73  22.44  21.87  22.77  22.78  23.35  22.39 999.00  24.03  25.24  25.24  19.15  23.94  13.91  24.08   7.77  24.13  24.48  23.63  26.48  26.54  25.15  26.70  21.57  23.46  24.83
 wrfout_d04_2016-04-17_17:00:00 999.00  22.01  19.19  22.71  18.48  20.71  22.48  22.46  23.55  22.64  22.42  22.19 999.00  24.06  25.01  24.99  18.97  23.68  13.67  23.81   7.50  23.58  24.42  23.39  26.12  26.36  24.69  26.50  21.28  23.41  25.00
 wrfout_d04_2016-04-17_18:00:00 999.00  22.10  19.10  21.83  19.58  20.80  21.96  22.56  22.54  22.82  21.92  22.03 999.00  24.40  24.80  24.93  18.81  23.69  13.38  23.36   7.12  23.32  24.24  24.51  25.70  26.14  24.62  26.24  21.01  22.38  24.66
 wrfout_d04_2016-04-17_19:00:00 999.00  22.11  19.01  22.38  19.62  20.72  21.64  21.34  22.13  21.94  21.64  21.90 999.00  24.72  24.77  24.70  18.63  23.89  13.04  22.29   6.72  23.42  23.65  24.34  25.39  25.76  25.04  25.90  20.88  23.08  24.45
 wrfout_d04_2016-04-17_20:00:00 999.00  22.06  18.98  22.16  19.35  20.64  21.46  20.87  21.81  21.24  21.37  21.86 999.00  24.90  25.09  24.07  18.54  23.59  12.80  21.78   6.42  23.83  23.50  22.79  24.99  25.32  24.98  25.60  20.83  22.88  24.39
 wrfout_d04_2016-04-17_21:00:00 999.00  21.92  18.99  21.93  19.30  20.45  22.13  19.64  22.70  20.64  21.24  21.65 999.00  25.28  25.37  23.97  18.54  23.71  13.15  21.87   6.15  24.06  23.23  23.87  24.14  24.89  25.16  25.45  20.86  23.07  24.24
 wrfout_d04_2016-04-17_22:00:00 999.00  22.18  17.92  19.20  18.46  21.64  21.53  18.38  22.02  19.71  22.83  23.19 999.00  25.85  26.23  24.43  19.76  24.00  13.47  22.30   6.49  24.19  22.88  24.08  23.59  24.51  25.31  25.47  22.48  23.84  24.42
 wrfout_d04_2016-04-17_23:00:00 999.00  21.10  16.92  18.50  17.71  22.70  19.66  17.45  19.94  18.75  25.14  26.02 999.00  25.90  27.43  25.35  21.81  24.86  13.72  24.59   7.17  24.17  22.85  25.09  25.13  25.95  26.01  26.37  25.80  25.30  25.84
