 wrfout_d04_2016-06-15_00:00:00 999.00  28.11  24.57  29.93  25.67  29.98  30.77  28.97  30.59  30.34  30.38  30.02 999.00  30.48  29.81  29.77  26.22  29.66  18.75  28.83  12.83  28.23  28.59  28.67  30.38  30.31  30.47  30.72  28.04  28.08  29.07
 wrfout_d04_2016-06-15_01:00:00 999.00  28.16  25.81  31.17  26.99  31.61  32.29  29.58  32.37  31.46  31.27  30.84 999.00  31.99  31.44  30.65  27.74  30.26  19.71  30.19  13.50  28.25  28.81  29.53  31.70  31.45  32.01  31.26  28.89  28.67  29.24
 wrfout_d04_2016-06-15_02:00:00 999.00  28.23  26.92  32.20  28.25  32.95  34.04  30.00  33.96  32.27  32.01  31.57 999.00  32.97  32.93  31.04  28.58  30.70  20.41  31.42  14.09  28.26  28.97  30.50  32.48  31.93  32.96  31.82  29.78  28.95  29.74
 wrfout_d04_2016-06-15_03:00:00 999.00  28.34  27.49  32.38  28.89  34.31  35.13  30.32  34.99  32.59  32.35  31.58 999.00  33.18  34.01  31.41  29.28  31.00  20.76  32.02  14.25  28.34  29.04  30.49  32.88  32.33  33.28  31.88  30.18  29.41  29.77
 wrfout_d04_2016-06-15_04:00:00 999.00  28.36  27.62  32.45  29.05  34.03  35.29  30.48  35.43  32.60  32.51  31.56 999.00  32.99  35.03  31.57  29.82  31.18  20.96  32.94  14.19  28.35  29.10  31.70  33.18  32.54  33.19  31.90  30.29  29.64  30.52
 wrfout_d04_2016-06-15_05:00:00 999.00  28.41  27.63  32.47  29.07  33.05  35.36  30.47  35.41  32.27  32.37  31.95 999.00  33.12  35.40  31.87  30.11  31.24  21.02  33.35  14.14  28.36  29.03  32.68  33.26  32.52  33.59  31.78  30.55  29.64  30.68
 wrfout_d04_2016-06-15_06:00:00 999.00  28.53  27.39  32.24  28.82  32.76  35.20  30.40  35.09  32.22  32.07  32.49 999.00  33.00  35.52  32.16  30.17  31.12  20.65  33.66  14.14  28.35  29.05  32.32  33.13  32.28  33.49  31.77  30.46  29.44  30.72
 wrfout_d04_2016-06-15_07:00:00 999.00  28.58  26.87  31.82  28.28  32.72  34.81  30.22  34.71  32.01  31.88  32.60 999.00  32.64  35.41  32.24  29.81  30.84  20.06  33.42  13.75  28.30  29.03  31.68  32.55  31.67  32.77  31.54  29.89  29.25  30.54
 wrfout_d04_2016-06-15_08:00:00 999.00  28.23  26.11  31.19  27.44  31.71  34.01  29.89  33.88  31.47  31.46  31.48 999.00  32.31  34.88  31.89  28.99  30.42  19.28  32.86  13.17  28.26  28.91  31.08  31.91  31.27  32.87  31.41  29.09  28.80  30.04
 wrfout_d04_2016-06-15_09:00:00 999.00  27.55  25.13  30.45  26.40  30.48  33.03  29.35  32.92  30.73  30.60  30.47 999.00  31.95  33.73  31.02  27.75  29.88  18.32  31.99  12.49  28.28  28.82  30.34  31.43  30.70  32.24  31.15  28.38  28.10  29.65
 wrfout_d04_2016-06-15_10:00:00 999.00  27.55  23.99  29.30  25.15  29.44  32.07  28.83  31.75  30.03  29.53  29.31 999.00  31.27  32.47  30.60  26.12  29.20  17.53  30.91  11.86  28.18  28.55  29.61  30.74  30.00  31.32  30.86  27.38  27.31  29.28
 wrfout_d04_2016-06-15_11:00:00 999.00  27.68  23.39  27.31  24.41  28.22  31.20  28.75  30.71  29.67  28.46  28.36 999.00  30.57  30.95  29.93  24.13  28.70  17.17  29.96  11.42  28.24  28.35  28.56  30.04  29.58  30.67  30.52  26.83  26.95  28.89
 wrfout_d04_2016-06-15_12:00:00 999.00  27.67  23.27  26.99  24.18  27.97  30.53  28.69  30.10  29.99  28.14  28.37 999.00  29.94  29.99  29.57  23.39  28.54  17.20  29.34  11.42  28.22  28.29  28.20  29.72  29.21  30.29  30.38  26.73  26.89  28.75
 wrfout_d04_2016-06-15_13:00:00 999.00  27.56  23.24  26.82  24.03  28.18  30.19  28.58  29.88  29.81  28.11  28.31 999.00  29.54  29.29  29.37  22.87  28.36  17.23  28.67  11.53  28.21  28.11  27.56  29.39  28.99  30.23  30.19  26.59  26.86  28.52
 wrfout_d04_2016-06-15_14:00:00 999.00  27.49  23.17  26.57  23.68  28.08  29.98  28.47  29.62  29.53  28.14  28.21 999.00  29.12  28.88  29.13  22.47  28.26  17.24  28.05  11.63  28.21  28.08  27.20  29.21  28.75  29.86  29.89  26.52  26.82  28.28
 wrfout_d04_2016-06-15_15:00:00 999.00  27.47  22.98  26.27  22.63  28.33  29.62  28.31  30.33  29.26  28.25  27.80 999.00  28.77  28.53  28.84  22.07  28.15  17.33  27.53  11.67  28.16  27.93  26.94  28.98  28.49  29.34  29.48  26.40  26.77  28.05
 wrfout_d04_2016-06-15_16:00:00 999.00  27.46  22.75  25.93  22.88  27.98  29.85  28.29  29.40  29.08  28.03  27.63 999.00  28.55  28.21  28.92  21.78  28.11  17.37  27.08  11.60  28.18  27.84  26.65  28.70  28.30  28.80  29.08  26.31  26.74  27.89
 wrfout_d04_2016-06-15_17:00:00 999.00  27.34  22.60  25.64  23.02  27.85  29.37  28.24  28.98  29.01  27.81  27.59 999.00  28.45  27.89  28.77  21.40  28.06  17.28  26.83  11.52  28.16  27.80  26.37  28.45  28.15  28.47  29.05  26.18  26.70  27.94
 wrfout_d04_2016-06-15_18:00:00 999.00  27.37  22.45  25.37  22.93  27.47  28.58  28.09  28.19  28.83  27.55  28.56 999.00  28.22  27.54  28.44  21.12  28.03  16.97  26.55  11.32  28.16  27.72  26.15  28.19  28.00  29.05  28.93  26.11  26.67  27.79
 wrfout_d04_2016-06-15_19:00:00 999.00  27.95  22.32  25.24  22.82  27.09  28.11  27.94  27.73  28.60  27.27  28.26 999.00  27.81  27.33  28.23  20.86  28.00  16.72  26.37  11.10  28.15  27.68  25.98  27.96  27.83  29.43  28.82  26.07  26.63  27.63
 wrfout_d04_2016-06-15_20:00:00 999.00  28.30  22.25  25.10  22.77  26.84  27.55  27.77  27.14  28.41  26.96  27.63 999.00  27.72  27.20  27.95  20.64  27.99  16.54  26.09  10.99  28.13  27.65  25.85  27.63  27.60  29.56  28.92  26.06  26.62  27.45
 wrfout_d04_2016-06-15_21:00:00 999.00  28.24  22.29  25.07  22.84  26.63  27.22  27.65  26.86  28.32  26.50  27.37 999.00  27.66  27.07  27.73  20.36  27.96  16.38  25.98  10.85  28.21  27.82  25.81  27.43  27.56  29.66  28.93  26.03  26.61  27.41
 wrfout_d04_2016-06-15_22:00:00 999.00  28.22  22.58  27.47  23.37  27.14  28.32  27.79  28.00  28.46  27.07  27.72 999.00  27.95  27.40  28.01  22.53  28.18  16.70  26.43  11.15  28.25  27.81  27.70  27.49  27.38  30.38  29.20  26.60  27.04  27.78
 wrfout_d04_2016-06-15_23:00:00 999.00  28.26  23.43  29.03  24.48  28.42  29.73  28.39  29.63  29.24  28.72  28.56 999.00  28.77  28.41  29.02  24.49  28.83  17.65  27.92  11.91  28.26  28.14  29.36  29.00  28.57  31.51  29.90  28.04  27.79  28.38
