 wrfout_d04_2016-05-23_00:00:00 999.00  24.33  22.41  26.48  24.13  24.74  25.68  24.59  25.70  25.88  26.65  25.50 999.00  26.84  26.19  27.77  24.56  27.22  17.66  26.51  12.54  27.54  27.54  27.17  27.03  27.51  29.26  29.01  27.10  27.14  27.81
 wrfout_d04_2016-05-23_01:00:00 999.00  24.44  22.61  27.09  23.68  25.01  25.63  26.30  25.71  26.31  27.53  25.88 999.00  28.47  28.61  28.32  28.15  27.56  18.57  26.82  13.67  27.54  28.15  28.22  27.78  28.24  29.61  29.03  28.16  27.43  29.43
 wrfout_d04_2016-05-23_02:00:00 999.00  24.53  24.14  26.98  25.63  26.61  26.84  25.80  27.42  27.57  27.69  26.32 999.00  28.09  28.81  29.03  27.25  27.67  19.77  27.05  13.88  27.56  28.09  28.81  28.27  28.51  30.15  29.19  27.10  29.37  29.21
 wrfout_d04_2016-05-23_03:00:00 999.00  24.51  23.98  26.99  25.45  26.98  27.77  27.51  29.25  29.45  26.30  26.07 999.00  27.28  29.35  29.01  28.36  27.72  20.65  27.53  14.33  27.54  28.08  29.13  28.82  28.94  29.94  29.89  28.33  30.08  29.54
 wrfout_d04_2016-05-23_04:00:00 999.00  24.50  24.42  27.97  26.53  27.28  28.60  27.83  28.65  31.02  26.90  27.05 999.00  28.39  29.22  29.41  28.40  27.88  20.70  27.56  14.51  27.60  28.18  28.73  29.51  29.55  29.34  29.74  27.51  30.22  29.63
 wrfout_d04_2016-05-23_05:00:00 999.00  24.45  25.09  27.98  27.04  26.42  29.89  27.84  29.48  31.38  26.67  26.72 999.00  27.75  28.22  29.63  27.19  27.49  20.43  27.27  14.96  27.64  28.21  28.23  30.13  29.61  30.22  29.75  28.94  30.12  29.66
 wrfout_d04_2016-05-23_06:00:00 999.00  24.42  24.81  30.21  26.41  26.28  29.13  27.20  28.73  29.71  26.19  26.56 999.00  27.10  27.91  29.60  24.64  27.36  20.56  27.56  13.89  27.57  28.10  28.27  29.58  29.35  29.40  30.00  28.96  28.35  29.45
 wrfout_d04_2016-05-23_07:00:00 999.00  24.49  24.14  27.90  25.65  26.35  29.01  27.15  29.46  28.88  25.49  26.84 999.00  26.96  27.80  29.17  24.60  27.45  19.58  27.76  14.28  27.61  28.13  27.98  29.41  28.93  29.67  30.03  28.69  27.91  30.01
 wrfout_d04_2016-05-23_08:00:00 999.00  24.50  23.58  27.64  26.19  25.31  28.37  25.61  28.34  28.78  25.67  26.11 999.00  26.51  28.17  28.09  24.10  27.67  18.53  27.80  13.83  27.63  27.97  27.43  28.77  28.68  28.60  29.41  28.53  27.50  29.39
 wrfout_d04_2016-05-23_09:00:00 999.00  24.51  23.02  26.65  24.68  24.97  27.00  26.04  26.96  27.39  25.22  25.54 999.00  26.32  27.63  27.69  24.40  27.42  18.08  28.13  12.75  27.51  28.27  26.72  28.93  28.36  28.33  29.53  28.10  27.38  29.41
 wrfout_d04_2016-05-23_10:00:00 999.00  24.51  21.67  25.78  22.98  24.74  25.88  25.01  26.23  26.68  24.96  25.33 999.00  25.95  26.81  27.26  23.59  27.23  17.03  27.17  11.67  27.47  28.06  26.56  28.81  28.38  28.28  29.61  26.80  26.62  29.16
 wrfout_d04_2016-05-23_11:00:00 999.00  24.53  20.72  25.60  22.00  24.44  25.61  24.76  25.65  26.05  24.45  24.92 999.00  25.84  26.88  27.00  22.90  26.65  15.54  26.88  10.87  27.35  28.04  26.41  28.28  28.20  28.20  29.34  26.08  25.80  28.75
 wrfout_d04_2016-05-23_12:00:00 999.00  24.54  20.66  25.20  21.72  24.47  25.62  24.51  25.36  25.91  24.51  24.62 999.00  25.73  26.97  26.71  22.70  26.87  15.67  26.69  10.37  27.35  28.04  25.95  27.94  28.23  28.29  29.37  25.49  26.08  28.67
 wrfout_d04_2016-05-23_13:00:00 999.00  24.53  20.36  24.20  21.59  24.18  25.19  24.77  24.88  25.48  24.43  24.51 999.00  25.67  26.98  26.63  22.28  26.73  15.96  26.81  10.43  27.40  28.06  26.23  27.59  27.78  28.15  29.08  25.62  25.29  28.58
 wrfout_d04_2016-05-23_14:00:00 999.00  24.48  20.83  24.90  22.08  24.28  25.11  24.35  24.92  25.22  24.20  24.42 999.00  25.72  26.80  26.64  22.21  26.56  15.64  26.50  10.45  27.04  28.09  25.99  27.50  27.54  27.81  28.91  25.34  25.00  28.45
 wrfout_d04_2016-05-23_15:00:00 999.00  24.39  20.59  24.54  21.84  24.27  25.33  24.17  25.01  24.92  23.74  24.10 999.00  25.68  26.65  26.33  21.13  26.34  15.52  26.49  10.43  26.91  27.85  25.61  27.40  27.59  27.48  28.69  24.60  24.82  28.35
 wrfout_d04_2016-05-23_16:00:00 999.00  24.42  20.67  24.33  21.96  24.22  25.60  24.12  25.11  24.79  23.56  24.10 999.00  25.49  26.74  26.19  20.74  25.86  15.29  25.90  10.39  27.49  27.93  25.70  27.25  27.49  27.32  28.60  24.32  25.66  28.17
 wrfout_d04_2016-05-23_17:00:00 999.00  24.43  20.57  24.19  21.72  24.18  25.38  24.08  25.03  24.98  23.72  24.02 999.00  25.18  26.58  26.25  20.61  25.75  15.44  25.86  10.49  27.31  27.56  25.60  27.00  27.23  27.04  28.53  24.08  25.95  28.19
 wrfout_d04_2016-05-23_18:00:00 999.00  24.31  20.68  24.23  21.75  24.15  25.28  24.22  24.83  24.70  24.41  23.82 999.00  25.02  26.48  26.23  20.62  25.60  15.45  25.37  10.36  27.40  27.22  25.73  26.85  27.06  26.78  28.39  24.55  24.90  27.98
 wrfout_d04_2016-05-23_19:00:00 999.00  24.28  20.44  24.39  21.36  23.91  25.12  24.18  24.82  24.65  23.39  23.64 999.00  25.04  26.49  26.10  21.07  25.55  15.44  24.96  10.42  27.23  27.05  25.54  26.83  26.87  26.60  28.13  24.13  25.24  27.93
 wrfout_d04_2016-05-23_20:00:00 999.00  24.16  20.80  24.29  21.83  23.97  25.18  24.04  24.65  24.59  23.60  23.43 999.00  25.16  26.12  26.05  20.34  25.76  15.52  24.78  10.37  26.96  27.25  24.80  26.80  26.89  26.32  28.33  23.72  24.83  27.78
 wrfout_d04_2016-05-23_21:00:00 999.00  24.48  20.73  24.34  21.73  23.99  25.17  24.04  24.82  24.57  23.89  23.40 999.00  25.38  25.98  26.27  20.25  25.56  15.45  25.23  10.44  26.86  27.61  24.80  26.50  26.79  26.13  28.41  23.75  25.21  27.80
 wrfout_d04_2016-05-23_22:00:00 999.00  24.52  20.98  24.34  22.03  24.14  25.26  24.19  24.87  24.75  24.33  25.11 999.00  25.68  25.89  26.39  21.76  25.87  16.25  25.06  11.05  26.83  27.47  26.29  26.56  26.79  26.58  28.60  24.81  25.60  27.97
 wrfout_d04_2016-05-23_23:00:00 999.00  24.46  22.31  25.19  23.64  24.50  25.77  25.03  25.30  24.96  25.12  25.40 999.00  25.45  25.91  26.74  22.90  26.26  17.39  26.13  11.87  26.82  27.77  26.88  26.76  27.03  27.53  28.73  26.20  26.78  29.00
