 wrfout_d04_2016-04-26_00:00:00 999.00  24.05  21.42  26.24  22.58  26.08  26.28  25.69  25.79  26.07  27.37  26.90 999.00  27.11  27.26  28.33  23.35  27.69  17.13  26.56  10.65  26.42  26.51  27.17  28.27  28.31  28.68  28.84  27.50  27.76  28.77
 wrfout_d04_2016-04-26_01:00:00 999.00  24.17  23.28  27.82  24.10  26.92  28.19  25.67  27.77  27.35  28.81  27.95 999.00  28.21  28.88  29.38  25.87  28.44  18.07  28.14  11.52  26.42  27.02  27.76  29.94  29.88  29.25  29.86  28.16  28.41  29.65
 wrfout_d04_2016-04-26_02:00:00 999.00  23.98  23.85  27.99  24.99  28.96  29.64  26.36  29.73  27.98  29.17  28.14 999.00  28.87  30.45  29.72  27.01  28.88  18.88  29.39  12.20  26.46  27.15  28.24  31.49  30.83  29.43  30.45  29.11  28.92  30.35
 wrfout_d04_2016-04-26_03:00:00 999.00  24.25  24.65  27.71  25.86  30.40  30.46  26.90  30.48  28.94  29.39  29.06 999.00  29.49  31.48  30.00  27.75  29.04  19.40  30.59  11.26  26.49  27.22  28.36  32.36  31.53  29.51  30.85  29.89  29.25  30.83
 wrfout_d04_2016-04-26_04:00:00 999.00  24.38  25.07  28.23  26.19  27.96  30.90  26.25  31.56  29.17  29.14  26.13 999.00  29.85  32.20  29.60  28.13  29.19  19.70  31.34  10.30  26.52  27.23  28.38  32.92  31.92  29.85  31.01  30.67  29.38  31.06
 wrfout_d04_2016-04-26_05:00:00 999.00  24.36  25.15  28.03  26.28  27.77  30.92  25.92  31.96  29.23  27.58  26.15 999.00  29.88  32.93  29.87  28.46  29.10  19.65  31.65   9.84  26.53  27.21  28.38  33.02  31.90  29.41  31.04  31.44  29.38  31.01
 wrfout_d04_2016-04-26_06:00:00 999.00  24.11  24.72  27.53  25.88  27.87  30.29  26.33  31.51  29.13  28.19  26.22 999.00  29.68  32.58  30.00  28.52  28.95  19.45  31.42  10.03  26.57  27.27  28.32  32.85  31.66  29.79  30.90  32.08  29.17  30.91
 wrfout_d04_2016-04-26_07:00:00 999.00  24.13  24.24  27.28  25.42  27.63  29.82  26.13  31.09  28.70  28.00  25.97 999.00  29.36  32.04  29.44  28.18  28.75  18.89  30.99  10.08  26.61  27.30  27.87  32.29  31.26  29.46  30.65  31.50  28.74  30.63
 wrfout_d04_2016-04-26_08:00:00 999.00  24.20  22.47  26.59  24.17  27.11  29.45  26.17  30.26  27.83  26.68  27.22 999.00  28.80  31.28  28.76  27.37  28.26  17.93  30.12  10.35  26.66  27.29  27.81  31.67  30.84  29.25  30.25  31.15  28.11  30.20
 wrfout_d04_2016-04-26_09:00:00 999.00  24.35  21.83  25.99  23.21  26.55  28.65  25.77  29.25  26.95  25.17  26.65 999.00  28.02  30.14  28.87  25.85  27.70  16.73  28.96  10.02  26.73  27.37  27.36  30.73  29.77  29.02  29.75  29.68  27.31  29.65
 wrfout_d04_2016-04-26_10:00:00 999.00  24.50  21.14  25.14  22.15  25.50  27.48  25.05  28.19  25.87  25.62  25.85 999.00  27.10  28.81  28.21  23.85  27.01  15.20  27.85   8.41  26.77  27.42  26.78  29.32  28.91  28.38  29.13  27.19  26.11  28.77
 wrfout_d04_2016-04-26_11:00:00 999.00  24.57  20.21  24.93  21.18  25.07  27.02  24.82  27.66  24.91  25.17  24.92 999.00  26.82  27.92  27.91  22.23  26.66  14.33  26.82   8.03  26.78  27.55  26.72  28.70  28.34  28.08  28.80  25.75  25.66  28.22
 wrfout_d04_2016-04-26_12:00:00 999.00  24.57  20.13  23.97  21.69  25.26  27.11  23.91  27.15  24.39  24.97  25.10 999.00  26.82  27.53  27.44  21.43  26.52  14.10  26.37   7.96  26.82  27.62  26.41  28.42  28.11  27.96  28.55  25.17  25.49  27.93
 wrfout_d04_2016-04-26_13:00:00 999.00  24.56  19.95  23.59  20.75  25.28  26.58  22.76  26.20  23.63  25.76  24.85 999.00  26.76  27.08  27.62  20.73  26.41  14.04  26.14   7.86  26.84  27.53  26.11  28.17  27.87  27.71  28.36  24.70  25.36  27.66
 wrfout_d04_2016-04-26_14:00:00 999.00  24.68  19.78  23.37  20.53  25.15  26.34  23.35  25.96  23.58  25.31  24.53 999.00  26.82  26.62  27.30  20.35  26.36  14.19  25.85   7.82  26.89  27.41  25.87  27.97  27.65  27.41  28.27  24.37  25.29  27.36
 wrfout_d04_2016-04-26_15:00:00 999.00  24.66  19.73  23.37  20.51  25.38  25.88  23.43  25.89  23.51  24.77  24.31 999.00  26.75  26.42  27.17  20.13  26.31  14.34  25.60   7.89  26.82  27.33  25.62  27.72  27.42  27.20  28.13  23.98  25.21  27.07
 wrfout_d04_2016-04-26_16:00:00 999.00  24.51  19.70  23.34  20.71  24.87  25.72  23.10  25.54  23.47  24.91  24.24 999.00  26.60  26.27  27.12  20.04  26.30  14.28  25.27   7.86  26.88  27.26  25.48  27.42  27.23  27.00  27.84  23.82  25.09  26.83
 wrfout_d04_2016-04-26_17:00:00 999.00  24.85  19.81  23.76  20.72  24.88  25.47  23.05  25.36  24.20  24.85  24.15 999.00  26.44  26.08  26.80  19.73  26.21  14.19  25.04   7.84  26.83  27.19  25.75  27.19  27.08  26.92  27.64  23.59  25.00  26.71
 wrfout_d04_2016-04-26_18:00:00 999.00  23.98  19.84  23.34  20.49  24.73  25.38  23.36  25.32  23.92  24.70  24.04 999.00  26.29  25.75  26.55  19.30  26.09  13.96  24.79   7.68  26.77  27.10  25.59  26.82  26.86  26.93  27.42  23.34  24.94  26.53
 wrfout_d04_2016-04-26_19:00:00 999.00  23.57  19.73  22.70  20.36  24.07  23.63  23.54  24.20  24.18  24.50  23.66 999.00  26.24  25.67  26.36  20.15  25.97  13.92  24.53   7.72  26.77  26.90  25.56  26.31  26.44  26.87  27.29  23.26  24.89  26.45
 wrfout_d04_2016-04-26_20:00:00 999.00  23.47  19.41  22.76  20.02  22.92  23.67  23.18  23.92  24.44  24.42  23.37 999.00  26.23  25.56  26.16  20.24  25.89  14.72  24.28   7.94  26.76  26.62  24.60  25.92  25.98  26.89  27.17  23.13  24.91  26.26
 wrfout_d04_2016-04-26_21:00:00 999.00  23.40  19.59  22.75  20.30  23.37  23.82  23.52  24.14  24.43  23.72  23.50 999.00  26.10  25.57  26.12  20.22  25.81  14.70  24.22   8.03  26.75  26.51  24.56  25.54  25.55  27.10  27.12  23.08  24.97  25.98
 wrfout_d04_2016-04-26_22:00:00 999.00  23.59  19.77  22.98  20.60  23.94  24.70  23.73  25.04  25.35  25.81  25.31 999.00  26.07  25.91  26.49  20.21  26.02  14.66  24.26   8.26  26.73  26.42  25.45  25.56  25.55  27.49  27.30  24.51  25.60  25.94
 wrfout_d04_2016-04-26_23:00:00 999.00  23.34  20.58  24.65  21.54  25.73  26.36  24.58  26.51  26.72  25.44  26.66 999.00  27.07  26.62  27.24  22.54  26.89  15.02  25.47   9.31  26.75  26.70  26.64  26.94  26.93  28.04  28.16  27.28  26.84  26.78
