 wrfout_d04_2016-07-31_00:00:00 999.00  29.24  25.22  31.96  27.06  29.91  31.09  30.81  31.08  31.08  30.24  30.38 999.00  29.98  30.22  30.60  25.74  30.31  19.01  28.85  13.59  29.10  28.69  29.30  29.94  29.97  30.67  31.02  29.19  29.60  30.14
 wrfout_d04_2016-07-31_01:00:00 999.00  29.33  26.15  33.22  28.11  30.60  32.36  31.55  32.54  32.72  31.00  30.77 999.00  30.48  30.77  31.47  26.36  30.93  20.27  30.16  14.51  29.24  29.02  29.93  31.60  31.43  31.54  31.81  30.00  30.25  31.33
 wrfout_d04_2016-07-31_02:00:00 999.00  29.33  26.87  34.14  28.81  31.09  33.44  31.95  33.44  34.24  31.75  30.73 999.00  31.12  31.52  32.18  25.66  31.43  21.10  30.80  15.33  29.38  28.97  30.29  33.04  32.44  31.96  32.24  30.63  30.80  32.06
 wrfout_d04_2016-07-31_03:00:00 999.00  29.28  27.31  34.71  29.33  31.39  34.03  32.27  34.18  35.21  30.49  31.75 999.00  32.13  32.74  32.53  27.80  32.14  21.75  31.98  15.74  29.31  29.10  30.47  33.70  32.99  32.27  32.54  31.00  31.08  32.81
 wrfout_d04_2016-07-31_04:00:00 999.00  29.33  27.47  35.01  29.56  31.62  34.11  32.33  34.26  36.31  32.02  31.88 999.00  32.66  33.68  32.68  29.01  32.27  22.07  33.67  15.80  29.34  29.24  30.58  34.19  33.12  32.32  32.82  31.15  28.66  33.00
 wrfout_d04_2016-07-31_05:00:00 999.00  29.53  27.27  34.90  29.42  31.76  33.69  32.28  34.68  36.47  32.20  31.89 999.00  32.93  34.37  32.64  29.70  32.11  21.98  34.34  15.32  29.37  29.33  30.48  33.60  33.41  32.39  33.07  31.01  28.37  33.03
 wrfout_d04_2016-07-31_06:00:00 999.00  29.58  27.08  34.55  29.20  31.30  33.87  32.50  34.69  36.25  31.96  31.84 999.00  32.58  34.69  32.45  29.96  31.98  22.04  33.96  14.87  29.51  29.39  30.70  34.53  33.59  31.39  33.01  30.35  28.15  31.09
 wrfout_d04_2016-07-31_07:00:00 999.00  29.59  26.70  34.06  28.71  32.21  34.36  32.92  34.85  36.08  31.57  31.53 999.00  32.16  34.44  32.27  29.83  31.64  21.19  33.59  13.48  29.44  29.56  28.45  34.07  33.61  30.75  32.92  28.65  27.82  30.57
 wrfout_d04_2016-07-31_08:00:00 999.00  29.65  26.05  33.19  28.05  32.12  33.78  33.82  33.68  35.29  31.19  30.75 999.00  31.67  34.32  31.80  29.67  31.26  20.82  33.30  12.51  29.53  29.76  28.14  33.62  31.91  30.14  32.10  27.78  28.04  30.10
 wrfout_d04_2016-07-31_09:00:00 999.00  29.67  25.24  32.06  27.15  31.51  32.48  32.87  32.43  34.00  30.83  30.43 999.00  31.10  33.54  31.55  29.40  30.75  19.32  32.21  10.58  29.55  29.86  27.71  31.47  31.42  29.72  32.10  27.50  28.29  29.91
 wrfout_d04_2016-07-31_10:00:00 999.00  29.66  24.07  30.22  25.55  30.21  31.23  31.22  31.26  32.98  30.16  29.42 999.00  30.88  33.11  30.85  27.29  30.07  17.36  31.24   9.74  29.46  29.22  27.63  30.13  29.14  29.60  31.99  27.31  28.35  29.69
 wrfout_d04_2016-07-31_11:00:00 999.00  29.62  23.14  29.52  24.66  29.35  30.37  30.60  30.63  32.58  29.29  28.76 999.00  30.87  32.29  30.61  24.42  29.65  16.69  30.26   9.34  29.44  29.77  27.63  29.71  29.99  29.43  31.63  27.16  28.35  29.45
 wrfout_d04_2016-07-31_12:00:00 999.00  29.56  23.18  29.35  24.60  29.02  30.07  30.48  30.29  32.07  28.98  28.61 999.00  30.69  32.14  30.44  24.51  29.56  16.56  29.67   9.14  29.38  29.68  27.44  29.69  30.03  29.33  32.90  27.24  28.40  29.48
 wrfout_d04_2016-07-31_13:00:00 999.00  29.61  23.23  29.23  24.59  28.82  29.91  30.70  30.15  32.26  28.90  28.76 999.00  30.55  31.45  30.21  24.50  29.39  16.06  29.31   9.16  29.37  29.62  27.47  29.79  30.01  29.30  32.86  27.32  28.44  29.35
 wrfout_d04_2016-07-31_14:00:00 999.00  29.69  23.33  29.16  24.64  28.79  29.86  31.32  30.29  32.31  28.98  28.72 999.00  30.44  30.65  29.93  24.48  29.48  16.63  28.97   9.38  29.44  29.63  28.24  29.67  29.86  29.53  33.23  27.31  28.49  29.38
 wrfout_d04_2016-07-31_15:00:00 999.00  29.62  23.26  29.06  24.58  28.73  29.80  31.51  30.22  32.47  29.00  28.72 999.00  30.21  30.29  29.92  25.40  29.39  16.70  28.48   9.80  29.52  29.56  28.54  29.29  29.55  30.05  32.89  27.49  28.53  29.25
 wrfout_d04_2016-07-31_16:00:00 999.00  29.69  23.36  29.17  24.66  28.79  30.01  31.38  30.23  31.97  29.17  29.07 999.00  30.11  31.48  30.23  25.23  29.31  16.13  27.93  10.31  29.43  29.48  28.60  28.96  29.36  28.22  32.50  27.81  28.46  29.06
 wrfout_d04_2016-07-31_17:00:00 999.00  29.74  23.50  29.29  24.81  29.06  30.11  31.49  30.35  30.63  29.31  29.19 999.00  30.02  31.79  30.41  24.19  29.09  16.13  27.81  10.28  29.31  29.32  28.23  28.78  29.19  29.14  32.49  28.11  28.40  29.08
 wrfout_d04_2016-07-31_18:00:00 999.00  29.72  23.55  29.38  24.92  29.00  30.01  31.15  30.24  30.35  29.12  29.13 999.00  29.78  32.11  30.56  23.68  28.91  16.17  27.83  10.23  29.18  28.73  27.55  28.68  29.15  29.18  31.91  28.10  28.40  28.97
 wrfout_d04_2016-07-31_19:00:00 999.00  29.68  23.62  29.41  24.97  29.01  29.88  30.83  30.08  30.13  29.06  28.99 999.00  29.70  32.38  30.48  24.37  29.06  15.58  27.89  10.04  29.23  28.15  27.66  28.48  29.04  29.34  31.72  28.13  28.35  28.95
 wrfout_d04_2016-07-31_20:00:00 999.00  29.76  23.62  29.48  25.02  28.94  29.85  30.54  30.04  29.67  29.05  28.93 999.00  29.85  32.03  29.52  24.51  29.40  15.73  27.49  10.30  29.14  28.20  27.78  28.19  28.61  29.26  31.37  28.11  28.33  28.91
 wrfout_d04_2016-07-31_21:00:00 999.00  29.84  23.77  29.62  25.17  29.07  29.84  30.16  29.97  28.85  29.08  28.70 999.00  29.71  31.09  29.89  24.90  29.40  15.62  27.39   9.47  29.19  27.99  27.52  28.11  28.50  29.20  31.34  28.11  28.40  28.94
 wrfout_d04_2016-07-31_22:00:00 999.00  29.90  23.87  29.48  25.20  29.26  29.96  30.30  30.04  29.07  28.83  28.86 999.00  29.47  31.72  30.12  25.40  29.76  15.66  27.70  10.14  29.23  27.83  27.77  27.89  28.44  29.25  31.70  28.11  28.56  29.05
 wrfout_d04_2016-07-31_23:00:00 999.00  29.91  24.97  30.18  26.37  30.54  30.89  32.16  30.76  30.32  30.26  29.72 999.00  30.52  33.68  30.76  25.38  30.24  16.98  28.74   9.61  29.40  28.35  28.84  29.22  29.91  29.53  32.37  28.13  28.77  29.32
