 wrfout_d04_2016-12-06_00:00:00 999.00  20.04  13.10  18.75  14.50  19.45  19.84  19.53  19.73  19.26  19.88  18.87 999.00  19.90  19.71  21.61  20.17  20.73  13.50  19.13   7.04  21.62  21.28  20.89  20.56  20.64  22.94  22.23  20.78  22.14  22.88
 wrfout_d04_2016-12-06_01:00:00 999.00  20.10  13.45  19.29  14.98  20.00  20.54  19.32  20.56  19.89  20.16  19.17 999.00  20.59  20.92  21.75  22.70  21.03  14.75  20.63   8.27  21.48  21.52  21.04  21.72  22.00  23.82  23.44  21.53  21.78  23.44
 wrfout_d04_2016-12-06_02:00:00 999.00  20.04  13.97  19.98  15.50  19.62  21.03  19.22  21.03  20.41  20.02  19.79 999.00  21.42  22.84  22.02  22.35  21.21  15.75  22.08   9.07  21.34  21.94  21.28  23.42  23.29  24.17  24.52  22.14  21.44  24.03
 wrfout_d04_2016-12-06_03:00:00 999.00  19.72  14.21  20.26  15.74  20.25  21.36  19.29  20.52  20.91  20.22  20.40 999.00  22.11  24.10  22.20  22.98  21.20  15.98  23.20   9.27  21.21  22.37  21.51  24.33  24.27  24.51  25.15  22.32  21.49  24.21
 wrfout_d04_2016-12-06_04:00:00 999.00  19.38  14.26  20.39  15.76  20.46  21.40  19.44  20.48  21.26  20.65  20.12 999.00  22.08  24.19  22.18  22.72  21.12  15.10  24.44   9.33  21.05  23.17  21.57  25.09  25.09  24.60  25.28  22.35  21.44  24.31
 wrfout_d04_2016-12-06_05:00:00 999.00  19.22  14.13  20.04  15.67  20.30  21.25  19.67  20.39  21.28  20.41  20.17 999.00  22.13  23.89  22.08  22.58  20.98  14.55  25.13   9.23  20.94  22.97  21.37  26.04  25.99  24.31  25.53  22.13  21.48  24.22
 wrfout_d04_2016-12-06_06:00:00 999.00  19.16  13.64  19.69  15.27  20.12  20.92  19.55  20.28  21.19  20.16  19.87 999.00  22.44  23.74  21.94  22.16  20.74  14.48  24.66   8.79  20.85  22.81  21.38  26.69  26.71  24.29  25.75  21.18  20.94  24.23
 wrfout_d04_2016-12-06_07:00:00 999.00  19.06  13.29  19.32  14.73  19.09  20.41  19.50  19.85  20.71  19.78  19.75 999.00  22.10  23.78  21.61  21.13  20.46  14.10  23.96   8.13  20.82  22.77  20.84  26.62  26.78  23.76  25.81  20.90  20.84  23.55
 wrfout_d04_2016-12-06_08:00:00 999.00  19.01  12.65  18.77  14.04  18.94  19.61  18.99  19.26  19.78  19.60  19.57 999.00  21.39  22.77  21.49  19.74  20.17  13.03  23.41   6.95  20.83  22.71  20.18  25.45  25.50  23.03  25.87  20.11  20.64  23.04
 wrfout_d04_2016-12-06_09:00:00 999.00  18.96  11.91  16.21  13.19  18.82  18.75  18.41  18.97  18.70  18.37  19.46 999.00  20.06  20.72  21.46  17.14  19.69  10.10  21.56   4.13  20.85  22.39  19.47  23.71  23.92  21.89  25.45  18.95  20.46  22.10
 wrfout_d04_2016-12-06_10:00:00 999.00  19.00  11.93  15.78  13.24  19.01  18.60  18.28  18.41  18.26  18.87  19.25 999.00  19.26  20.17  21.47  16.06  19.59   9.10  20.17   5.58  20.98  22.23  19.38  22.00  22.34  21.21  25.39  18.38  20.46  21.60
 wrfout_d04_2016-12-06_11:00:00 999.00  18.98  11.93  15.51  13.22  18.90  18.42  18.24  18.16  18.05  18.32  18.54 999.00  18.97  19.49  21.33  15.70  19.52   9.55  19.47   4.94  21.14  22.04  19.53  21.25  21.43  20.98  25.23  18.18  20.51  21.19
 wrfout_d04_2016-12-06_12:00:00 999.00  19.03  11.82  15.21  13.19  19.09  18.04  18.24  17.63  18.01  18.53  17.88 999.00  18.73  19.02  21.27  15.16  19.71   8.28  18.82   2.43  21.32  21.82  19.50  20.58  20.76  20.80  24.81  18.07  20.51  20.96
 wrfout_d04_2016-12-06_13:00:00 999.00  18.96  12.06  15.02  13.46  18.50  17.78  18.16  18.34  17.91  18.39  18.09 999.00  18.59  18.65  21.06  14.63  19.68   7.66  18.29   1.75  21.35  21.51  19.31  20.09  20.37  20.52  23.93  18.06  20.49  21.04
 wrfout_d04_2016-12-06_14:00:00 999.00  18.83  12.48  14.91  13.57  17.96  17.59  18.06  17.37  17.99  18.07  18.37 999.00  18.46  18.45  20.77  14.12  19.62   7.31  17.87   1.36  21.21  21.30  19.33  19.57  19.79  20.37  23.41  17.68  20.50  20.88
 wrfout_d04_2016-12-06_15:00:00 999.00  18.80  12.62  14.92  13.54  18.48  17.14  18.12  17.38  18.00  17.95  18.37 999.00  18.35  18.24  20.79  13.73  19.46   7.01  17.29   0.96  20.97  20.77  19.21  19.11  19.49  20.19  22.94  17.97  20.65  20.97
 wrfout_d04_2016-12-06_16:00:00 999.00  18.76  12.39  14.78  13.34  17.91  18.16  18.16  18.28  18.01  17.91  18.56 999.00  18.18  18.10  20.28  13.37  19.56   6.76  16.59   0.73  20.94  20.53  19.10  18.63  19.10  20.26  22.23  18.15  20.82  20.65
 wrfout_d04_2016-12-06_17:00:00 999.00  18.90  12.20  14.54  13.12  18.03  17.91  18.23  17.92  17.81  18.02  18.18 999.00  18.06  18.02  19.95  13.05  19.82   6.46  16.46   0.64  20.99  20.63  18.94  18.47  18.83  20.20  21.65  17.56  20.90  20.70
 wrfout_d04_2016-12-06_18:00:00 999.00  18.75  12.16  14.35  13.10  17.72  18.03  18.17  17.40  17.69  18.19  18.31 999.00  17.76  17.86  20.42  12.78  20.01   6.23  16.44   0.61  21.12  20.35  18.93  18.13  18.54  20.11  21.52  17.52  20.55  20.81
 wrfout_d04_2016-12-06_19:00:00 999.00  18.80  12.02  14.16  12.96  17.92  17.04  18.05  17.82  17.46  18.13  18.31 999.00  17.56  17.80  20.79  12.56  20.05   5.97  16.79   0.54  21.28  20.31  18.66  17.94  18.34  20.19  21.59  17.33  20.40  20.65
 wrfout_d04_2016-12-06_20:00:00 999.00  19.08  12.09  14.06  13.00  17.93  17.95  18.01  17.77  17.21  18.19  18.23 999.00  17.20  17.39  20.83  12.34  20.14   5.72  16.61   0.45  21.44  19.82  18.35  17.82  18.27  20.02  21.36  17.25  20.66  20.63
 wrfout_d04_2016-12-06_21:00:00 999.00  19.32  12.09  13.93  13.09  17.95  16.51  18.09  17.52  17.01  18.35  18.33 999.00  16.73  17.06  20.82  12.09  19.97   5.56  16.47   0.43  21.50  19.35  18.50  17.63  18.43  19.83  20.79  17.17  20.79  20.69
 wrfout_d04_2016-12-06_22:00:00 999.00  19.39  12.24  13.88  13.13  18.06  16.57  18.03  17.85  16.92  18.52  18.30 999.00  16.92  17.40  20.85  11.87  19.86   5.42  16.30   0.40  21.62  19.89  18.44  17.69  18.29  19.97  20.79  17.17  20.79  20.77
 wrfout_d04_2016-12-06_23:00:00 999.00  19.18  12.24  15.79  13.54  18.31  18.33  18.39  17.81  17.30  18.30  18.03 999.00  17.38  17.85  20.88  14.18  20.02   8.14  16.00   3.57  21.58  20.05  19.68  18.06  18.81  20.65  21.23  18.44  21.21  21.19
