 wrfout_d04_2016-12-15_00:00:00 999.00  15.64   8.30  13.29   9.46  14.11  13.42  14.65  13.27  14.06  14.63  14.36 999.00  15.26  14.91  18.23  15.08  18.01   8.62  14.16   2.37  18.90  17.95  18.47  16.05  16.16  19.27  18.12  18.29  20.14  21.00
 wrfout_d04_2016-12-15_01:00:00 999.00  15.40   8.17  13.32   9.41  14.01  13.43  14.74  13.24  14.31  14.82  14.28 999.00  15.44  14.93  18.19  17.14  17.72   9.67  14.19   3.91  19.03  18.03  19.19  16.41  16.57  19.83  18.84  18.95  20.09  21.89
 wrfout_d04_2016-12-15_02:00:00 999.00  15.35   8.14  13.43   9.48  14.09  13.71  14.70  13.35  14.51  15.10  14.17 999.00  15.72  14.95  18.44  17.19  17.62   9.50  14.85   3.73  18.81  17.97  19.39  17.33  17.60  20.38  20.56  20.63  20.28  22.99
 wrfout_d04_2016-12-15_03:00:00 999.00  15.31   8.16  13.41   9.58  14.26  14.08  14.41  13.63  14.46  15.14  14.24 999.00  15.85  15.07  18.41  16.29  17.58  11.31  14.89   4.94  19.13  17.96  19.46  17.04  17.39  20.88  22.03  19.68  20.70  23.33
 wrfout_d04_2016-12-15_04:00:00 999.00  15.22   8.07  13.32   9.55  14.19  14.25  14.42  13.85  14.30  15.11  14.13 999.00  15.61  15.11  18.13  16.17  17.78  10.77  15.26   3.68  19.30  18.20  19.09  17.03  17.42  20.78  23.00  19.67  20.40  23.28
 wrfout_d04_2016-12-15_05:00:00 999.00  15.28   7.85  13.28   9.37  14.12  14.22  14.41  13.90  14.27  14.91  13.97 999.00  15.35  14.93  17.86  15.84  17.82  11.83  15.28   4.48  19.24  18.41  18.30  18.37  18.72  20.32  23.48  19.45  20.28  23.27
 wrfout_d04_2016-12-15_06:00:00 999.00  15.23   7.73  13.20   9.07  14.12  14.12  14.38  13.83  14.27  14.72  13.72 999.00  15.33  14.62  17.56  17.06  17.98  10.28  15.16   3.79  19.04  18.33  17.67  18.77  19.10  19.74  23.34  18.83  20.27  22.81
 wrfout_d04_2016-12-15_07:00:00 999.00  15.08   7.60  13.09   8.92  14.10  14.11  14.23  13.72  14.11  14.40  13.42 999.00  15.15  14.25  17.36  16.66  17.58   9.35  14.90   3.35  18.81  18.13  17.38  18.17  18.54  18.92  22.86  18.41  19.85  21.91
 wrfout_d04_2016-12-15_08:00:00 999.00  14.99   7.43  12.88   8.69  13.99  14.10  14.07  13.80  13.94  14.17  13.09 999.00  14.90  13.76  17.04  14.68  17.23   8.89  14.78   2.92  18.72  17.96  16.93  17.39  17.77  18.55  22.29  18.00  19.70  21.22
 wrfout_d04_2016-12-15_09:00:00 999.00  14.90   7.28  12.73   8.51  13.93  13.97  13.97  13.63  13.81  14.06  12.86 999.00  14.72  13.39  16.93  13.13  16.83   8.32  13.89   2.14  18.65  17.62  16.83  16.36  16.63  18.29  20.65  17.59  19.42  20.65
 wrfout_d04_2016-12-15_10:00:00 999.00  14.85   7.19  12.71   8.44  13.91  13.86  13.93  13.55  13.73  13.97  12.75 999.00  14.64  13.36  16.95  12.86  16.66   8.25  13.32   1.78  18.30  17.35  16.52  15.64  15.85  18.20  19.39  17.40  19.29  20.29
 wrfout_d04_2016-12-15_11:00:00 999.00  14.72   7.18  12.72   8.43  13.88  13.84  13.85  13.60  13.66  13.62  12.56 999.00  14.46  13.26  16.79  12.15  16.37   7.93  13.15   2.03  18.18  17.26  16.33  15.14  15.35  17.88  18.61  17.17  19.31  19.81
 wrfout_d04_2016-12-15_12:00:00 999.00  14.64   7.14  12.73   8.41  13.86  13.75  13.84  13.33  13.61  13.47  12.37 999.00  14.24  13.45  16.68  12.05  16.24   7.82  12.99   2.11  17.98  17.22  16.34  14.96  15.12  17.61  18.06  16.92  19.26  19.59
 wrfout_d04_2016-12-15_13:00:00 999.00  14.53   7.08  12.15   8.32  13.72  13.59  13.49  13.21  13.56  13.26  12.30 999.00  13.95  13.49  16.71  12.34  16.09   7.78  12.79   2.05  17.85  17.03  16.29  14.76  14.94  17.62  17.66  17.00  18.93  19.27
 wrfout_d04_2016-12-15_14:00:00 999.00  14.53   7.00  12.51   8.24  13.75  13.55  13.84  13.15  13.49  13.25  12.47 999.00  13.73  13.05  16.56  12.44  15.95   7.59  12.40   2.10  17.77  16.87  16.21  14.52  14.76  17.47  17.16  16.94  18.79  19.05
 wrfout_d04_2016-12-15_15:00:00 999.00  14.62   6.93  12.36   8.17  13.54  13.37  13.79  12.96  13.32  13.32  12.47 999.00  13.65  12.89  16.49  12.44  15.75   7.53  11.80   2.03  17.70  16.69  16.04  14.29  14.51  17.19  16.79  16.72  19.04  18.88
 wrfout_d04_2016-12-15_16:00:00 999.00  14.64   6.86  12.13   8.07  13.33  13.31  13.52  12.90  13.13  13.01  12.38 999.00  13.63  12.58  16.56  12.47  15.56   7.40  11.52   1.97  17.64  16.52  15.93  13.97  14.16  16.80  16.36  16.51  18.85  18.45
 wrfout_d04_2016-12-15_17:00:00 999.00  14.67   6.91  11.99   8.08  12.97  13.10  13.57  12.74  13.00  13.00  12.33 999.00  13.46  12.34  16.77  12.32  15.56   6.95  11.34   1.88  17.62  16.41  15.84  13.71  13.80  16.97  16.26  16.49  18.81  18.35
 wrfout_d04_2016-12-15_18:00:00 999.00  14.76   6.83  11.90   8.02  13.00  13.08  13.47  12.66  12.85  13.06  12.41 999.00  13.40  12.08  16.73  12.14  15.63   7.29  11.04   1.80  17.71  16.15  15.89  13.57  13.62  16.98  15.89  16.08  18.43  17.97
 wrfout_d04_2016-12-15_19:00:00 999.00  14.70   6.80  12.07   7.99  13.11  13.08  13.38  12.62  12.76  13.24  12.39 999.00  13.24  12.07  16.60  11.12  15.57   7.27  10.82   1.66  17.55  15.84  15.99  13.54  13.62  16.93  15.56  15.66  18.61  17.46
 wrfout_d04_2016-12-15_20:00:00 999.00  14.61   6.83  12.14   8.03  13.11  12.83  13.38  12.64  12.75  13.03  12.34 999.00  13.06  11.93  16.59  11.66  15.36   7.17  10.54   1.55  17.43  15.86  15.94  13.37  13.41  16.42  15.17  15.56  18.58  17.11
 wrfout_d04_2016-12-15_21:00:00 999.00  14.51   6.87  12.30   8.07  13.29  12.74  13.56  12.57  12.85  12.89  12.21 999.00  13.02  11.85  16.54  11.70  15.19   7.03  10.80   1.41  17.30  15.72  15.92  13.28  13.33  16.29  15.16  15.58  18.69  17.39
 wrfout_d04_2016-12-15_22:00:00 999.00  14.51   6.93  12.44   8.15  13.41  12.84  13.75  12.58  12.88  12.79  12.18 999.00  13.09  11.93  16.42   9.14  15.06   6.68  10.99   1.14  17.07  15.70  15.91  13.19  13.24  16.13  15.06  15.52  18.55  17.77
 wrfout_d04_2016-12-15_23:00:00 999.00  14.67   7.03  12.65   8.30  13.58  13.22  13.96  12.94  13.13  12.82  12.22 999.00  13.32  12.46  16.47  10.87  15.09   6.42  11.14   1.25  16.97  15.63  15.84  13.00  13.07  16.68  15.11  15.91  18.18  17.98
