 wrfout_d04_2016-10-07_00:00:00 999.00  26.90  22.18  27.25  23.39  27.24  28.19  28.91  27.46  28.04  27.07  26.57 999.00  28.17  27.35  25.98  21.01  27.43  15.12  25.37   9.60  28.05  25.35  25.81  24.67  24.58  26.07  27.28  26.84  27.11  28.04
 wrfout_d04_2016-10-07_01:00:00 999.00  26.95  22.62  27.50  23.88  27.03  28.06  29.41  27.47  28.79  26.63  26.07 999.00  27.81  27.24  26.36  20.64  27.80  15.74  25.31   9.97  27.92  26.79  27.53  26.03  25.96  27.42  28.87  26.20  27.81  28.36
 wrfout_d04_2016-10-07_02:00:00 999.00  26.93  21.64  26.91  22.64  27.26  27.97  27.87  28.59  30.43  25.59  25.10 999.00  27.98  26.45  27.07  21.78  28.19  17.13  26.52  10.83  27.80  27.45  24.95  26.88  26.73  28.49  26.75  26.32  28.62  28.65
 wrfout_d04_2016-10-07_03:00:00 999.00  27.03  21.86  26.48  22.69  26.38  27.56  28.29  27.80  28.96  25.66  25.53 999.00  28.28  27.25  27.27  22.50  28.76  16.58  26.93  10.14  28.00  27.64  25.53  28.43  28.54  27.32  29.51  26.04  27.29  28.85
 wrfout_d04_2016-10-07_04:00:00 999.00  27.10  21.25  26.52  22.19  26.41  27.12  29.18  27.50  28.82  26.74  26.10 999.00  28.46  27.75  27.13  21.23  28.22  15.49  27.11  10.06  28.15  27.63  26.35  28.58  28.54  27.19  29.30  26.27  26.91  30.21
 wrfout_d04_2016-10-07_05:00:00 999.00  26.89  21.33  25.70  22.37  26.73  27.54  27.90  27.90  28.12  26.71  26.53 999.00  28.42  27.29  26.15  21.04  28.05  16.32  27.25  10.70  27.83  27.88  26.73  28.32  28.45  28.17  29.64  26.25  26.83  28.50
 wrfout_d04_2016-10-07_06:00:00 999.00  26.63  21.68  25.95  22.51  26.72  27.69  27.80  27.11  27.35  27.57  26.34 999.00  29.00  27.79  24.06  22.26  28.00  16.28  27.69  10.02  27.95  27.86  26.88  28.55  28.28  27.15  29.81  25.97  26.94  28.22
 wrfout_d04_2016-10-07_07:00:00 999.00  26.66  21.25  25.39  22.12  26.35  27.14  26.77  27.08  26.13  26.98  26.42 999.00  29.32  28.54  23.35  22.46  27.54  16.91  28.00  10.63  27.81  27.91  24.93  28.54  28.43  26.88  29.72  25.59  26.41  27.89
 wrfout_d04_2016-10-07_08:00:00 999.00  26.62  21.31  25.33  22.18  26.40  27.28  25.82  27.23  26.40  26.07  24.99 999.00  28.58  28.24  23.89  21.84  27.38  16.01  28.38   9.89  27.36  27.80  24.22  28.47  28.48  25.23  29.36  25.53  26.45  27.82
 wrfout_d04_2016-10-07_09:00:00 999.00  26.65  21.28  25.42  22.17  26.20  26.67  25.45  26.80  26.31  24.43  24.04 999.00  28.05  27.66  23.50  21.42  27.14  15.01  27.91   9.86  27.44  27.75  25.78  27.79  26.42  26.12  28.84  25.23  26.17  27.62
 wrfout_d04_2016-10-07_10:00:00 999.00  26.70  20.59  24.68  21.33  25.54  26.11  25.15  26.61  25.69  23.77  26.06 999.00  27.81  27.51  22.98  21.11  26.86  15.08  27.99  10.10  26.12  26.92  25.09  26.86  26.02  26.24  28.86  25.69  26.23  27.68
 wrfout_d04_2016-10-07_11:00:00 999.00  26.73  21.02  24.51  21.67  25.79  26.10  25.08  26.07  25.49  24.82  24.73 999.00  27.62  26.99  23.00  21.10  26.02  14.81  27.20   9.95  26.70  26.49  23.84  26.32  25.89  27.67  27.91  23.69  26.12  27.83
 wrfout_d04_2016-10-07_12:00:00 999.00  26.75  21.59  25.22  22.32  26.52  26.33  24.97  26.29  25.35  24.73  25.54 999.00  27.49  26.61  23.48  20.92  25.96  15.01  26.33   9.81  26.97  26.43  24.11  26.14  25.79  27.72  27.48  24.16  26.07  27.97
 wrfout_d04_2016-10-07_13:00:00 999.00  26.80  21.15  25.04  21.85  25.89  26.27  24.91  26.18  25.21  24.88  25.94 999.00  27.30  26.24  23.56  20.81  26.02  14.66  24.91   9.81  27.48  25.93  23.66  25.44  25.29  24.99  26.87  24.24  26.09  27.79
 wrfout_d04_2016-10-07_14:00:00 999.00  26.82  21.37  25.00  22.05  25.54  25.99  24.71  26.13  25.11  24.99  24.53 999.00  26.77  25.93  24.04  20.65  25.99  14.87  25.12  10.17  27.06  25.70  23.81  25.13  24.92  25.02  27.05  24.72  26.06  27.72
 wrfout_d04_2016-10-07_15:00:00 999.00  26.81  21.66  25.17  22.19  25.57  26.26  24.57  25.76  25.25  24.50  24.06 999.00  26.53  25.27  23.07  20.38  26.02  14.81  24.91  10.38  26.97  25.46  23.99  25.24  25.15  23.93  26.55  25.49  25.98  27.45
 wrfout_d04_2016-10-07_16:00:00 999.00  26.94  21.29  24.76  21.93  25.27  25.72  24.38  25.22  24.93  24.09  24.47 999.00  25.96  25.22  23.15  20.54  26.25  15.13  24.69  10.33  26.72  25.55  23.56  25.61  25.40  24.26  26.90  25.44  25.88  27.09
 wrfout_d04_2016-10-07_17:00:00 999.00  26.87  20.43  24.53  21.18  24.80  25.64  24.66  25.32  24.80  24.02  24.49 999.00  25.68  24.98  22.84  20.54  26.19  15.08  24.55  10.19  26.37  24.83  23.60  24.32  24.35  24.63  28.10  25.13  25.85  26.72
 wrfout_d04_2016-10-07_18:00:00 999.00  26.01  20.41  23.93  20.96  24.33  25.12  24.25  24.68  24.45  23.95  23.79 999.00  25.45  24.75  23.25  20.47  25.76  14.65  23.42  10.10  26.49  25.29  23.86  24.39  24.44  23.30  28.06  24.84  25.85  26.41
 wrfout_d04_2016-10-07_19:00:00 999.00  25.68  20.22  23.87  20.84  24.37  24.72  24.19  24.65  24.39  23.72  23.98 999.00  25.40  24.57  23.33  20.42  25.75  14.66  23.57   9.92  26.53  24.57  23.63  24.90  24.88  23.87  26.51  24.53  25.77  26.24
 wrfout_d04_2016-10-07_20:00:00 999.00  25.84  20.01  23.49  20.68  23.94  24.33  24.13  24.13  24.16  23.64  24.00 999.00  25.02  24.43  23.25  20.34  25.46  14.78  22.91  10.34  26.19  24.78  24.34  24.21  23.86  23.34  26.33  24.64  25.96  26.08
 wrfout_d04_2016-10-07_21:00:00 999.00  25.30  19.90  23.15  20.57  23.92  24.06  24.11  24.06  24.17  23.74  23.96 999.00  24.83  24.24  23.36  20.11  25.13  14.85  23.26  10.07  26.36  24.48  23.26  23.76  24.53  23.31  25.99  24.58  25.93  26.32
 wrfout_d04_2016-10-07_22:00:00 999.00  25.12  20.02  23.36  20.68  23.78  23.89  24.06  24.04  24.08  23.81  24.18 999.00  24.91  24.15  23.28  20.34  25.70  15.16  23.18   9.67  26.06  25.06  24.00  24.39  24.79  23.43  26.85  24.96  25.95  26.56
 wrfout_d04_2016-10-07_23:00:00 999.00  25.17  20.25  23.27  20.98  24.30  24.03  24.65  24.08  25.20  24.69  25.05 999.00  25.20  24.54  23.66  20.73  24.93  15.44  23.04  10.14  25.89  25.21  24.11  24.97  25.07  23.12  27.27  25.29  26.01  26.55
