 wrfout_d04_2016-09-12_00:00:00 999.00  27.25  22.33  26.83  23.55  27.04  27.36  26.92  27.38  27.18  28.39  28.13 999.00  27.66  27.70  29.15  24.06  27.93  18.23  26.58  12.70  27.24  27.13  27.95  28.34  28.57  28.31  29.61  28.32  27.33  28.60
 wrfout_d04_2016-09-12_01:00:00 999.00  27.43  23.23  27.97  25.01  28.28  28.80  28.51  28.96  29.32  30.01  29.43 999.00  29.33  29.85  29.96  25.68  29.14  19.53  28.73  13.51  28.08  27.96  28.55  29.91  29.92  30.05  29.01  28.86  30.35  29.68
 wrfout_d04_2016-09-12_02:00:00 999.00  27.43  24.36  28.96  26.01  28.77  30.10  28.88  30.03  30.57  30.98  30.11 999.00  29.72  31.18  30.39  26.77  29.64  20.65  29.79  14.18  28.15  28.21  29.03  31.25  31.34  30.75  31.07  28.61  29.04  30.62
 wrfout_d04_2016-09-12_03:00:00 999.00  27.34  25.04  29.38  26.79  28.12  31.07  28.92  31.31  31.12  31.17  29.88 999.00  30.82  31.83  30.83  27.55  29.80  21.01  30.91  14.89  27.96  28.20  29.44  32.30  32.46  31.10  31.74  29.02  29.39  31.22
 wrfout_d04_2016-09-12_04:00:00 999.00  27.29  25.07  29.33  27.10  28.66  31.67  28.14  31.92  31.02  31.22  29.92 999.00  30.75  32.65  30.87  28.08  29.92  21.13  31.76  14.45  27.94  28.35  29.55  32.91  32.92  31.46  32.55  29.40  29.61  31.75
 wrfout_d04_2016-09-12_05:00:00 999.00  27.20  23.07  28.80  25.04  27.78  31.49  26.99  31.50  30.40  31.22  29.74 999.00  30.27  32.78  30.82  28.28  30.07  21.12  31.94  12.88  27.84  28.36  29.49  33.07  33.15  31.54  32.68  29.49  29.55  31.41
 wrfout_d04_2016-09-12_06:00:00 999.00  27.20  22.98  26.77  25.01  26.74  31.27  26.65  30.85  29.74  30.86  28.85 999.00  29.57  32.36  30.55  27.59  29.86  20.44  32.00  12.80  27.87  28.43  29.34  32.71  32.85  31.21  32.54  29.34  29.28  31.93
 wrfout_d04_2016-09-12_07:00:00 999.00  27.13  22.46  26.12  23.85  26.26  29.83  27.03  29.77  29.27  30.71  28.14 999.00  29.07  31.80  30.48  27.18  29.56  19.22  31.45  12.47  27.83  28.37  29.22  32.40  32.46  30.78  32.24  29.04  28.83  31.23
 wrfout_d04_2016-09-12_08:00:00 999.00  27.12  21.67  26.28  23.09  26.32  28.91  26.53  28.27  28.23  30.65  27.42 999.00  28.48  30.70  29.94  26.68  28.76  17.17  30.57  12.01  27.82  28.21  28.79  31.11  31.64  30.47  31.58  28.32  28.32  30.51
 wrfout_d04_2016-09-12_09:00:00 999.00  27.19  21.51  25.97  22.93  26.08  27.99  26.15  27.89  27.29  29.87  27.42 999.00  27.74  29.35  29.06  25.64  28.09  16.82  28.63  12.03  27.60  28.00  27.37  29.83  30.07  30.10  31.63  27.27  27.54  30.15
 wrfout_d04_2016-09-12_10:00:00 999.00  27.22  21.37  25.98  22.86  26.10  27.46  26.25  27.13  26.72  28.38  27.07 999.00  27.03  28.00  28.04  23.58  27.46  15.52  27.60  10.46  27.56  28.08  25.49  28.79  28.70  29.40  31.38  25.82  25.96  29.05
 wrfout_d04_2016-09-12_11:00:00 999.00  27.25  21.40  26.06  22.86  26.21  27.28  26.16  27.15  26.63  28.14  26.90 999.00  26.88  27.17  27.83  22.90  27.28  15.32  26.58  10.07  27.52  27.88  26.48  28.17  28.26  28.96  31.90  25.79  25.95  28.39
 wrfout_d04_2016-09-12_12:00:00 999.00  27.35  21.41  26.06  22.76  26.26  27.16  26.30  27.06  26.24  27.68  26.89 999.00  26.74  26.58  27.68  22.56  27.19  15.14  26.08   9.11  27.67  27.59  26.30  27.55  27.66  28.46  31.39  25.73  25.92  28.12
 wrfout_d04_2016-09-12_13:00:00 999.00  27.47  21.34  25.00  22.52  26.30  27.31  26.28  27.03  26.51  27.60  26.86 999.00  26.66  26.46  27.64  22.64  27.02  14.66  25.85   8.21  27.73  27.51  26.12  27.06  27.21  28.32  30.86  25.58  25.62  28.09
 wrfout_d04_2016-09-12_14:00:00 999.00  27.58  21.57  24.99  22.12  26.04  27.24  26.14  27.07  26.37  27.47  26.85 999.00  26.53  26.30  27.40  22.01  26.90  14.22  25.34   7.65  27.67  27.24  25.94  26.81  26.94  28.29  30.10  25.15  25.74  28.17
 wrfout_d04_2016-09-12_15:00:00 999.00  27.64  21.80  24.93  22.25  26.23  27.15  26.44  26.97  26.28  27.35  26.82 999.00  26.56  26.26  27.11  21.77  26.89  13.86  24.99   7.00  27.75  27.08  25.62  26.49  26.78  27.92  29.45  24.94  25.06  26.81
 wrfout_d04_2016-09-12_16:00:00 999.00  27.67  21.79  24.80  21.67  26.08  27.06  26.13  26.97  26.41  27.03  26.65 999.00  26.48  26.22  27.07  21.41  26.90  13.77  24.73   6.90  27.60  27.06  25.58  26.09  26.37  27.79  29.18  24.60  25.57  27.07
 wrfout_d04_2016-09-12_17:00:00 999.00  27.68  21.92  24.69  22.13  26.34  27.03  26.08  27.02  26.20  26.54  26.42 999.00  26.32  26.20  26.94  21.14  26.96  13.50  24.77   6.76  27.51  26.79  25.48  25.73  25.91  27.56  29.10  24.18  25.36  27.02
 wrfout_d04_2016-09-12_18:00:00 999.00  27.67  21.80  24.63  21.62  25.83  26.60  26.45  26.87  25.99  26.23  26.17 999.00  26.18  26.47  26.85  20.93  26.88  13.19  24.59   6.86  27.53  26.79  25.16  25.57  25.64  27.44  28.84  23.89  25.97  26.72
 wrfout_d04_2016-09-12_19:00:00 999.00  27.63  21.71  24.55  21.43  25.36  26.28  26.23  26.30  26.06  26.12  25.86 999.00  26.07  26.15  26.78  20.83  26.93  13.05  24.44   6.64  27.52  26.78  24.72  25.19  25.32  27.29  28.51  23.90  25.82  26.59
 wrfout_d04_2016-09-12_20:00:00 999.00  27.63  21.57  24.40  21.36  24.95  26.08  26.41  26.13  25.70  26.08  25.65 999.00  25.95  25.82  26.96  20.65  27.29  12.81  24.06   6.61  27.69  26.87  24.65  24.99  25.22  27.22  28.10  23.57  25.76  26.44
 wrfout_d04_2016-09-12_21:00:00 999.00  27.64  21.55  24.24  21.96  24.69  25.73  26.00  25.84  25.51  26.07  25.53 999.00  25.87  25.50  26.46  20.48  27.33  12.45  24.03   6.50  27.69  26.86  24.92  24.80  25.26  27.11  27.71  23.44  25.79  26.63
 wrfout_d04_2016-09-12_22:00:00 999.00  27.62  21.66  24.79  22.44  25.21  25.74  26.16  26.23  25.87  25.99  26.01 999.00  26.18  25.54  26.75  20.80  27.33  12.69  24.08   8.27  27.74  26.62  25.67  24.75  25.09  27.20  27.28  23.75  25.95  26.93
 wrfout_d04_2016-09-12_23:00:00 999.00  27.63  22.53  26.49  23.78  26.43  26.86  27.11  26.97  27.01  27.45  27.59 999.00  27.07  26.36  28.12  23.23  27.53  17.19  24.96  11.20  27.81  26.42  27.58  25.49  25.83  28.39  27.81  26.30  26.84  27.71
