 wrfout_d04_2016-08-03_00:00:00 999.00  28.82  24.97  29.08  25.31  29.14  29.35  30.31  29.70  30.05  29.83  30.18 999.00  30.21  30.13  30.10  26.07  30.92  19.00  29.55  13.57  29.90  29.31  28.78  30.49  30.41  29.62  31.16  29.87  29.38  30.01
 wrfout_d04_2016-08-03_01:00:00 999.00  28.79  26.14  30.49  27.50  30.90  31.08  31.07  31.15  31.52  30.90  31.09 999.00  30.65  31.46  31.24  26.68  31.52  19.95  30.73  14.64  29.90  30.17  29.35  32.01  31.76  30.67  31.74  29.87  30.14  31.20
 wrfout_d04_2016-08-03_02:00:00 999.00  28.81  27.38  31.48  28.97  32.29  32.79  31.59  32.82  32.71  32.09  32.44 999.00  31.59  32.41  31.65  28.18  31.94  20.98  31.88  15.48  29.90  30.20  29.78  33.13  32.62  31.20  32.39  30.23  30.70  32.00
 wrfout_d04_2016-08-03_03:00:00 999.00  28.71  27.85  31.83  29.49  32.85  33.80  31.55  33.87  33.14  33.18  33.05 999.00  32.50  33.28  31.99  28.95  32.03  21.55  32.90  15.04  29.87  30.15  30.13  33.94  33.21  31.46  32.85  30.73  31.15  32.75
 wrfout_d04_2016-08-03_04:00:00 999.00  28.73  28.11  32.09  29.80  32.60  34.08  31.80  34.88  33.41  33.55  33.26 999.00  32.88  34.30  32.24  29.15  32.13  20.75  33.63  13.26  29.85  30.04  30.30  34.25  33.44  31.79  33.03  30.90  31.56  33.49
 wrfout_d04_2016-08-03_05:00:00 999.00  28.83  28.30  32.06  29.98  32.88  34.62  31.75  35.33  33.67  33.67  33.38 999.00  32.89  34.92  32.39  29.26  32.27  19.75  33.97  12.64  29.88  29.97  30.32  34.41  33.55  31.85  33.04  30.99  31.67  33.89
 wrfout_d04_2016-08-03_06:00:00 999.00  28.80  28.10  32.02  29.77  32.56  34.34  31.37  34.27  33.57  33.15  33.44 999.00  32.91  34.99  32.38  29.37  32.04  18.14  33.56  12.59  29.86  29.91  30.38  34.26  33.26  31.99  33.00  31.20  31.51  34.23
 wrfout_d04_2016-08-03_07:00:00 999.00  28.91  27.83  31.86  29.30  32.15  34.38  31.17  34.90  33.19  32.83  33.08 999.00  32.74  34.76  32.20  28.89  31.77  17.54  32.71  12.09  29.80  29.94  30.32  33.69  32.80  31.85  32.87  30.89  31.05  33.79
 wrfout_d04_2016-08-03_08:00:00 999.00  28.99  27.13  31.15  28.67  31.31  34.02  30.67  34.54  32.79  32.41  32.65 999.00  31.68  33.14  32.37  29.18  31.43  16.67  31.44  12.04  29.76  29.94  29.95  33.13  32.27  31.51  32.65  30.29  30.44  33.13
 wrfout_d04_2016-08-03_09:00:00 999.00  29.02  25.96  30.38  27.34  30.45  32.75  29.97  33.59  32.12  31.65  31.80 999.00  31.25  32.36  31.34  24.62  31.12  16.92  30.95  11.03  29.77  30.01  29.56  32.31  31.73  31.12  32.33  29.30  29.59  32.41
 wrfout_d04_2016-08-03_10:00:00 999.00  29.03  24.60  29.15  25.94  29.64  31.56  29.10  32.40  31.08  30.47  30.65 999.00  30.66  31.63  30.95  24.52  30.47  16.27  30.42  10.59  29.73  29.96  28.55  31.52  31.04  30.60  31.99  28.11  28.42  31.18
 wrfout_d04_2016-08-03_11:00:00 999.00  28.98  23.50  27.72  24.18  28.93  30.62  28.41  31.21  30.36  29.23  30.49 999.00  30.29  31.02  30.57  23.64  29.98  16.14  29.54  10.74  29.72  29.94  27.83  30.90  30.57  29.93  31.74  26.14  26.70  30.34
 wrfout_d04_2016-08-03_12:00:00 999.00  29.00  23.29  27.30  23.96  28.64  30.26  28.18  30.81  29.85  29.03  30.24 999.00  30.13  30.74  30.15  23.83  29.73  13.67  29.14   8.40  29.67  29.95  27.05  30.44  30.20  29.48  31.50  25.61  26.23  30.03
 wrfout_d04_2016-08-03_13:00:00 999.00  28.97  22.99  26.96  23.16  28.49  30.08  27.90  30.41  29.57  28.81  29.71 999.00  29.82  30.43  29.98  22.63  29.54  13.69  28.91   8.20  29.64  29.90  26.78  30.25  30.05  29.06  31.37  25.25  25.83  29.48
 wrfout_d04_2016-08-03_14:00:00 999.00  28.97  22.93  26.75  22.86  28.23  30.01  27.67  29.90  29.26  28.57  29.01 999.00  29.68  30.02  29.67  22.18  29.42  13.53  28.70   8.11  29.59  29.80  26.59  30.08  30.14  28.87  31.14  25.00  25.59  29.27
 wrfout_d04_2016-08-03_15:00:00 999.00  28.91  22.91  26.58  22.69  27.86  29.89  27.50  29.35  28.73  28.40  28.61 999.00  29.55  29.75  29.44  21.95  29.27  13.58  28.31   8.02  29.50  29.58  26.38  29.88  30.17  28.45  30.75  24.81  25.39  29.05
 wrfout_d04_2016-08-03_16:00:00 999.00  28.92  22.82  26.47  22.40  27.80  29.57  27.45  28.96  28.04  28.14  28.31 999.00  29.39  29.49  29.29  21.68  29.19  13.25  28.03   7.87  29.48  29.44  26.15  29.62  29.94  28.09  30.56  24.68  25.19  28.77
 wrfout_d04_2016-08-03_17:00:00 999.00  28.90  22.81  26.37  22.44  27.73  29.16  27.33  28.75  27.67  27.95  28.19 999.00  29.26  29.17  29.18  21.45  29.10  13.08  27.83   7.40  29.42  29.21  25.97  29.28  29.56  27.84  30.51  24.48  25.04  28.60
 wrfout_d04_2016-08-03_18:00:00 999.00  28.86  22.67  26.24  22.08  27.61  28.82  27.17  28.55  27.61  27.82  28.11 999.00  29.14  28.77  29.00  21.23  28.98  13.00  27.55   7.32  29.34  28.82  25.75  29.03  29.31  27.72  30.40  24.29  24.90  28.36
 wrfout_d04_2016-08-03_19:00:00 999.00  28.91  22.69  26.10  22.04  27.52  28.59  27.19  28.44  27.52  27.72  28.15 999.00  29.01  28.42  28.81  21.09  28.87  12.94  27.30   7.05  29.26  28.59  25.57  28.61  29.04  27.62  30.33  24.12  24.78  28.21
 wrfout_d04_2016-08-03_20:00:00 999.00  28.94  22.66  26.15  22.72  27.39  28.37  27.09  28.24  27.38  27.70  28.12 999.00  28.87  28.07  28.64  20.96  28.75  12.80  27.00   6.61  29.20  28.33  25.37  28.32  28.70  27.43  30.10  23.95  24.66  27.98
 wrfout_d04_2016-08-03_21:00:00 999.00  28.93  22.54  26.07  23.18  27.34  28.28  26.90  28.07  27.31  27.67  28.02 999.00  28.69  27.77  28.55  20.85  28.65  12.69  26.81   6.48  29.14  28.04  25.25  27.96  28.52  27.19  29.86  23.82  24.57  27.84
 wrfout_d04_2016-08-03_22:00:00 999.00  28.86  22.62  26.87  23.59  27.46  28.50  27.44  28.33  27.44  27.90  28.40 999.00  28.61  27.66  28.67  22.17  28.66  14.21  26.89   8.34  29.13  27.67  26.79  27.65  28.33  27.30  29.66  25.58  26.21  27.97
 wrfout_d04_2016-08-03_23:00:00 999.00  28.93  23.34  28.22  24.52  28.85  29.28  28.08  29.19  28.65  29.05  29.21 999.00  29.30  28.33  29.80  23.40  29.13  20.01  27.62  12.01  29.12  27.60  28.75  28.61  29.08  28.79  30.08  28.10  28.62  29.10
