 wrfout_d04_2016-02-14_00:00:00 999.00  18.63  16.98  20.49  17.90  19.87  20.27  19.83  20.49  19.83  21.88  20.73 999.00  25.77  25.19  23.54  20.08  23.32  10.95  24.22   4.53  22.63  22.28  23.64  23.58  23.53  24.39  25.91  22.93  23.28  24.53
 wrfout_d04_2016-02-14_01:00:00 999.00  17.99  16.74  21.88  18.69  20.85  21.92  19.85  21.91  22.23  22.62  21.20 999.00  26.91  26.81  24.25  21.32  24.34  12.03  25.86   5.72  22.60  23.05  24.34  26.31  26.26  25.78  26.82  25.62  24.17  25.32
 wrfout_d04_2016-02-14_02:00:00 999.00  17.28  13.95  21.21  16.06  19.08  23.66  20.62  23.47  23.67  23.40  22.66 999.00  26.38  27.75  24.48  22.32  24.95  12.88  26.55   6.43  22.51  23.65  24.75  27.82  27.52  26.42  27.32  26.51  24.86  26.01
 wrfout_d04_2016-02-14_03:00:00 999.00  16.89  12.69  19.37  14.91  17.14  19.58  16.93  20.36  21.61  23.05  22.12 999.00  23.75  28.26  24.82  23.01  25.16  13.38  26.98   6.80  22.49  23.35  24.92  28.51  27.90  26.75  27.65  26.66  25.32  26.46
 wrfout_d04_2016-02-14_04:00:00 999.00  15.64  11.53  17.92  12.78  16.21  20.05  15.30  19.33  17.12  18.93  20.37 999.00  20.75  26.96  24.70  23.25  25.19  11.45  27.35   5.65  22.43  23.20  24.66  28.72  27.94  26.95  27.83  26.38  25.65  26.79
 wrfout_d04_2016-02-14_05:00:00 999.00  14.91   9.90  14.37  11.04  14.96  17.68  14.57  17.92  15.68  18.33  18.05 999.00  17.74  22.83  24.79  20.11  18.72  11.11  27.40   4.80  22.39  23.11  23.53  28.82  27.92  26.97  27.83  26.67  25.83  27.03
 wrfout_d04_2016-02-14_06:00:00 999.00  14.11   8.98  13.40  10.82  13.94  15.75  13.47  15.97  14.20  17.28  16.81 999.00  16.55  20.55  22.56  21.82  18.14  11.25  25.74   4.91  19.17  23.05  22.99  28.41  27.52  26.56  27.70  25.43  25.80  26.99
 wrfout_d04_2016-02-14_07:00:00 999.00  13.53   8.13  12.65   9.11  13.06  14.57  13.16  14.79  13.36  15.76  15.27 999.00  15.38  18.33  20.25  19.14  17.13  12.45  22.01   5.07  17.86  19.81  22.55  25.00  25.77  26.00  27.37  24.88  25.46  26.69
 wrfout_d04_2016-02-14_08:00:00 999.00  12.77   7.33  11.82   8.33  12.50  13.67  12.59  13.63  12.79  14.70  14.22 999.00  14.69  16.83  18.51  18.34  16.34   9.80  19.44   5.00  18.36  19.02  21.16  23.35  23.15  24.61  26.72  24.11  25.08  26.21
 wrfout_d04_2016-02-14_09:00:00 999.00  12.49   6.84  11.10   7.64  11.80  12.80  11.87  12.71  12.22  13.64  13.61 999.00  14.32  16.18  17.52  17.41  16.08   9.73  17.49   4.36  17.69  19.76  18.74  20.52  20.95  22.96  25.83  23.11  23.50  25.76
 wrfout_d04_2016-02-14_10:00:00 999.00  12.32   6.55  10.77   7.36  11.45  12.32  11.70  12.19  11.65  13.09  12.95 999.00  13.64  14.95  16.86  16.23  15.02   8.73  16.47   3.36  17.35  19.33  17.61  20.76  21.13  20.52  24.81  21.61  22.07  25.32
 wrfout_d04_2016-02-14_11:00:00 999.00  12.24   6.29  10.47   7.07  11.39  11.94  11.45  11.79  11.56  12.70  12.53 999.00  13.04  14.69  15.94  15.03  14.64   9.03  15.87   3.80  16.88  18.16  16.70  19.05  19.98  19.80  24.93  19.19  20.77  25.06
 wrfout_d04_2016-02-14_12:00:00 999.00  12.18   6.14  10.32   6.95  11.12  11.81  11.31  11.62  11.28  12.42  12.21 999.00  12.96  13.65  15.69  15.85  14.10   8.83  15.08   3.77  16.28  17.96  16.05  17.61  17.97  19.13  23.79  18.63  19.07  22.08
 wrfout_d04_2016-02-14_13:00:00 999.00  12.30   5.92  10.09   6.82  11.03  11.76  11.08  11.45  11.03  12.12  12.00 999.00  12.38  13.22  15.44  15.10  13.71   8.94  13.92   3.75  15.87  17.27  15.40  16.68  17.07  18.49  22.97  17.85  18.50  20.94
 wrfout_d04_2016-02-14_14:00:00 999.00  12.13   5.60   9.78   6.48  10.92  11.29  10.78  11.04  10.67  12.02  11.72 999.00  11.99  12.81  15.23  14.34  13.35   9.15  13.32   3.90  15.41  17.02  15.00  15.70  15.95  17.73  21.16  17.20  18.04  19.81
 wrfout_d04_2016-02-14_15:00:00 999.00  12.00   5.29   9.51   6.27  10.72  11.05  10.79  10.75  10.42  11.86  11.37 999.00  11.96  12.43  14.85  14.47  13.10   9.25  12.41   4.05  14.98  16.41  14.57  14.98  15.27  17.30  20.16  16.67  17.96  18.87
 wrfout_d04_2016-02-14_16:00:00 999.00  11.84   5.05   9.38   5.86  10.43  10.81  10.61  10.54  10.29  11.46  11.09 999.00  11.39  11.58  14.55  13.52  12.87   8.74  11.63   3.66  14.96  15.61  14.39  14.39  14.63  17.02  18.81  16.12  17.62  18.41
 wrfout_d04_2016-02-14_17:00:00 999.00  11.61   4.83   9.25   5.70  10.36  10.72  10.33  10.42  10.03  11.15  10.88 999.00  11.14  10.81  14.41  13.02  12.75   8.47  11.09   3.24  14.77  15.00  14.47  13.64  13.83  16.70  17.65  15.82  17.48  18.21
 wrfout_d04_2016-02-14_18:00:00 999.00  11.29   4.63   8.98   5.56  10.05  10.53   9.95  10.26   9.75  11.01  10.46 999.00  10.74  10.35  14.15  13.06  12.45   8.25  10.32   3.00  14.87  14.45  14.01  12.98  13.22  16.57  16.90  15.52  17.33  17.78
 wrfout_d04_2016-02-14_19:00:00 999.00  11.00   4.45   8.74   5.36   9.71  10.23   9.79   9.92   9.39  10.83  10.04 999.00  10.55  10.04  13.90  12.25  12.20   7.99   9.91   2.74  14.61  13.86  13.65  12.31  12.48  16.12  16.37  15.29  17.24  17.34
 wrfout_d04_2016-02-14_20:00:00 999.00  10.84   4.30   8.64   5.23   9.51   9.87   9.67   9.47   9.14  10.56  10.05 999.00  10.34   9.50  13.78  12.01  12.05   7.96   9.46   2.76  14.31  13.42  13.57  11.65  11.59  15.56  15.47  14.97  17.08  17.05
 wrfout_d04_2016-02-14_21:00:00 999.00  10.81   4.10   8.43   5.04   9.46   9.83   9.62   9.40   9.17  10.32   9.82 999.00  10.02   9.17  13.60  11.30  12.23   7.89   9.11   2.59  14.17  13.80  13.39  11.34  11.44  15.31  14.74  14.58  16.99  16.79
 wrfout_d04_2016-02-14_22:00:00 999.00  10.82   3.99   8.38   4.87   9.32   9.55   9.67   9.17   9.07  10.22   9.61 999.00  10.05   9.15  13.35  10.92  12.13   7.68   8.70   2.28  14.04  13.60  13.34  11.23  11.39  14.92  13.89  14.48  16.70  16.40
 wrfout_d04_2016-02-14_23:00:00 999.00  10.75   3.85   8.36   4.80   9.30   9.42   9.63   9.04   9.07  10.17   9.39 999.00  10.08   9.30  13.25  10.77  12.12   7.52   8.77   2.25  14.06  13.02  13.18  10.74  11.03  14.88  13.55  14.37  16.54  16.42
