 wrfout_d04_2016-03-03_00:00:00 999.00  19.96  14.26  18.60  15.16  18.56  16.63  17.20  17.33  17.07  19.46  19.58 999.00  18.13  17.18  20.05  14.46  19.37   9.92  17.29   4.87  20.10  18.54  19.64  18.18  18.70  20.43  20.11  17.90  19.25  20.12
 wrfout_d04_2016-03-03_01:00:00 999.00  20.15  15.46  19.57  16.27  20.40  19.54  18.45  19.62  19.01  20.62  20.76 999.00  19.49  19.36  21.58  17.57  20.28  11.57  18.90   6.14  20.53  19.51  20.40  20.58  20.75  22.20  20.86  18.87  20.22  21.13
 wrfout_d04_2016-03-03_02:00:00 999.00  20.38  15.85  20.61  17.30  21.35  21.41  18.75  21.34  20.32  21.39  21.64 999.00  20.53  21.11  22.66  19.12  21.13  12.64  20.17   6.88  20.72  20.42  21.24  22.07  22.27  22.67  21.46  19.46  21.21  22.03
 wrfout_d04_2016-03-03_03:00:00 999.00  20.59  17.20  21.38  18.50  23.07  22.67  17.78  22.50  21.03  22.53  22.30 999.00  20.91  22.57  22.84  20.11  21.59  13.32  21.43   7.30  20.75  20.61  21.93  23.48  23.53  22.75  21.85  20.45  21.17  21.90
 wrfout_d04_2016-03-03_04:00:00 999.00  20.79  16.95  20.93  19.22  22.71  23.56  16.36  23.44  20.92  23.15  22.65 999.00  21.21  23.56  23.54  20.79  21.91  13.58  22.53   7.47  20.75  21.03  22.17  23.27  23.01  22.84  22.96  20.81  21.08  22.09
 wrfout_d04_2016-03-03_05:00:00 999.00  20.91  17.12  20.61  19.42  21.74  24.28  17.01  24.29  21.20  22.07  22.98 999.00  21.46  23.95  23.86  20.99  22.19  13.40  23.75   7.40  20.69  21.19  22.23  23.84  24.13  23.10  23.32  21.38  21.11  23.08
 wrfout_d04_2016-03-03_06:00:00 999.00  21.11  18.06  19.89  19.28  20.51  24.25  17.97  24.66  21.82  21.66  22.80 999.00  21.54  24.34  23.02  21.09  22.31  12.03  23.71   7.02  20.79  21.52  22.30  24.44  24.38  23.09  23.85  21.71  20.95  22.67
 wrfout_d04_2016-03-03_07:00:00 999.00  21.21  16.46  19.48  18.69  19.23  21.96  18.09  23.11  21.92  21.60  22.51 999.00  20.26  24.63  22.68  19.24  22.06  11.56  23.75   6.37  20.84  21.68  21.97  24.10  23.73  23.07  24.13  21.16  21.42  23.14
 wrfout_d04_2016-03-03_08:00:00 999.00  21.24  16.12  18.59  17.98  19.01  20.67  18.37  22.16  21.58  21.76  22.03 999.00  20.15  24.27  22.31  18.30  21.56  10.62  23.84   5.41  20.88  21.86  21.54  24.35  24.02  22.64  23.54  20.72  21.05  23.15
 wrfout_d04_2016-03-03_09:00:00 999.00  21.23  15.47  18.16  16.71  18.81  19.96  17.69  20.56  20.62  21.20  21.16 999.00  19.93  23.47  21.49  17.96  20.82   9.80  23.04   3.99  20.89  22.07  21.07  23.64  23.01  22.13  24.17  20.74  20.71  22.18
 wrfout_d04_2016-03-03_10:00:00 999.00  21.33  12.97  18.14  13.89  18.63  19.65  17.55  20.12  20.00  20.69  20.11 999.00  20.04  22.60  20.35  14.56  19.86   8.13  21.64   1.38  20.89  22.06  20.74  22.50  22.43  21.68  23.42  19.12  20.80  21.82
 wrfout_d04_2016-03-03_11:00:00 999.00  21.32  13.34  18.15  13.49  17.93  19.72  18.10  19.82  19.75  20.41  19.53 999.00  19.33  22.20  20.03  13.48  19.63   5.40  20.84   1.93  20.74  21.95  20.92  22.07  22.04  21.52  22.96  19.37  20.63  21.69
 wrfout_d04_2016-03-03_12:00:00 999.00  21.47  13.67  18.24  13.41  18.20  20.09  17.62  19.65  18.86  20.01  19.14 999.00  18.51  21.89  20.13  12.87  19.64   7.00  19.40   1.99  20.74  21.75  20.90  21.62  21.52  21.05  23.03  19.20  20.75  21.69
 wrfout_d04_2016-03-03_13:00:00 999.00  21.39  13.66  16.76  13.04  18.04  19.80  17.59  18.35  17.92  19.53  18.30 999.00  18.44  21.29  20.60  12.48  19.68   7.01  18.90   1.95  20.99  21.65  20.87  21.11  21.04  21.15  23.13  19.17  20.96  21.71
 wrfout_d04_2016-03-03_14:00:00 999.00  21.43  13.78  17.58  14.46  16.27  17.75  17.34  17.49  17.40  17.53  17.93 999.00  18.50  20.34  20.55  12.07  19.74   7.67  18.37   1.84  21.30  21.51  20.78  20.55  20.90  21.10  22.72  19.01  20.76  21.25
 wrfout_d04_2016-03-03_15:00:00 999.00  21.69  13.79  17.84  14.47  15.95  17.20  16.56  16.85  16.59  17.14  17.45 999.00  18.26  18.92  20.70  11.70  19.28   7.71  17.84   1.79  21.62  20.77  20.54  19.68  19.88  21.02  21.63  18.94  20.56  21.09
 wrfout_d04_2016-03-03_16:00:00 999.00  21.63  13.69  18.04  14.03  15.53  16.70  16.31  16.33  15.86  16.95  17.06 999.00  17.76  18.48  20.80  11.61  19.00   7.53  17.47   1.80  21.54  20.07  20.51  19.13  19.27  19.88  20.95  19.12  20.96  20.95
 wrfout_d04_2016-03-03_17:00:00 999.00  21.65  13.39  17.44  13.52  15.28  16.20  15.89  15.92  15.17  16.68  16.72 999.00  17.97  18.26  20.37  11.75  19.22   8.19  16.93   1.91  21.57  19.61  19.21  18.72  18.79  20.01  20.70  19.11  20.97  20.94
 wrfout_d04_2016-03-03_18:00:00 999.00  21.65  12.45  16.46  12.50  14.91  15.58  15.43  15.50  14.56  16.35  16.39 999.00  17.16  18.00  20.47  11.97  18.55   8.30  16.59   2.13  21.42  19.98  20.24  18.24  18.44  19.38  20.45  19.17  21.03  20.93
 wrfout_d04_2016-03-03_19:00:00 999.00  21.65  11.66  15.55  12.18  14.75  14.89  14.91  15.12  14.10  16.09  16.27 999.00  16.85  18.62  19.17  11.95  19.40   8.13  16.57   2.33  21.55  19.92  20.07  18.60  18.16  19.52  20.44  19.30  21.10  20.96
 wrfout_d04_2016-03-03_20:00:00 999.00  21.60  11.39  15.12  11.92  14.72  14.34  14.68  14.67  13.72  15.75  16.15 999.00  18.57  18.14  18.77  12.40  19.28   8.29  16.47   2.55  21.79  20.19  19.55  18.90  18.57  19.42  20.56  18.88  21.10  20.78
 wrfout_d04_2016-03-03_21:00:00 999.00  21.63  11.25  14.77  11.80  15.10  13.88  14.49  14.24  13.50  15.39  15.93 999.00  17.41  19.43  19.60  12.70  18.99   8.45  16.46   2.72  21.77  20.49  19.37  18.13  18.10  19.49  20.42  19.53  21.11  21.14
 wrfout_d04_2016-03-03_22:00:00 999.00  21.64  11.07  14.47  11.72  14.14  13.38  13.98  13.95  13.22  15.13  15.97 999.00  16.87  18.39  19.38  12.82  18.88   8.81  16.64   2.86  21.65  20.77  20.23  17.85  17.80  19.98  20.14  19.54  21.25  21.29
 wrfout_d04_2016-03-03_23:00:00 999.00  21.64  13.97  17.58  15.27  17.82  15.47  15.84  16.92  16.12  18.68  19.26 999.00  18.65  19.81  20.78  14.98  20.30   9.77  17.07   3.55  21.63  20.61  20.93  18.41  18.70  21.65  20.35  20.14  21.44  21.75
