 wrfout_d04_2016-01-31_00:00:00 999.00  15.82  10.23  15.86  11.33  15.05  15.75  16.05  15.67  16.60  14.94  15.38 999.00  16.17  16.04  19.67  17.50  16.98  10.73  14.39   4.62  18.27  17.38  19.97  15.95  16.21  20.67  18.54  19.88  21.13  21.25
 wrfout_d04_2016-01-31_01:00:00 999.00  15.51  10.26  17.08  11.42  15.47  16.13  16.93  16.27  17.59  15.28  16.25 999.00  17.20  18.84  19.69  18.03  16.94  11.48  16.55   6.30  18.20  18.47  20.77  18.16  18.35  21.34  19.57  19.98  20.49  22.41
 wrfout_d04_2016-01-31_02:00:00 999.00  15.67  10.56  18.01  11.86  15.99  16.82  18.00  16.88  18.79  15.47  17.62 999.00  19.56  21.33  21.14  22.42  18.11  12.48  18.55   7.31  18.57  19.04  21.18  19.80  20.19  22.03  22.12  21.04  21.66  23.26
 wrfout_d04_2016-01-31_03:00:00 999.00  16.01  10.84  18.70  12.30  16.30  17.41  18.73  17.94  20.28  17.42  17.59 999.00  20.97  23.19  21.53  21.54  18.55  14.52  20.60   7.91  18.78  20.05  21.46  22.17  22.50  21.97  23.70  21.61  21.63  23.80
 wrfout_d04_2016-01-31_04:00:00 999.00  16.21  11.14  19.27  12.87  16.61  17.92  19.20  18.71  21.14  17.46  18.24 999.00  21.09  25.11  21.01  22.28  19.01  15.19  21.86   8.22  18.95  20.58  21.84  23.28  23.53  22.99  24.12  21.85  22.12  24.11
 wrfout_d04_2016-01-31_05:00:00 999.00  16.27  11.17  19.25  12.78  16.73  17.82  19.65  18.46  21.44  17.14  18.38 999.00  21.33  25.97  21.18  22.67  19.13  15.42  23.17   8.28  19.00  20.51  21.97  24.51  24.98  23.88  24.45  22.04  20.77  24.23
 wrfout_d04_2016-01-31_06:00:00 999.00  16.39  11.27  19.15  12.97  16.85  17.67  19.52  18.27  21.65  17.07  18.13 999.00  21.13  26.16  22.24  22.33  18.95  15.34  23.85   8.09  18.85  19.93  21.98  24.81  25.05  23.83  24.46  21.95  21.06  24.35
 wrfout_d04_2016-01-31_07:00:00 999.00  16.53  11.16  18.62  12.51  16.84  17.57  19.17  18.08  20.98  16.83  18.09 999.00  20.69  25.50  21.25  21.52  18.62  14.77  23.51   7.54  18.82  19.86  21.72  24.00  24.08  23.78  24.61  21.38  22.36  24.08
 wrfout_d04_2016-01-31_08:00:00 999.00  16.68  11.18  18.01  12.32  16.92  17.55  18.39  18.30  19.96  16.69  18.55 999.00  19.97  24.45  21.34  20.27  18.14  13.86  21.78   6.73  18.64  20.01  21.15  22.86  23.07  23.69  24.45  21.13  21.89  23.65
 wrfout_d04_2016-01-31_09:00:00 999.00  16.76  11.19  16.82  12.16  16.86  17.40  17.38  17.65  18.48  16.62  18.71 999.00  18.82  22.78  21.33  18.38  17.57  11.80  20.47   5.30  18.63  19.58  20.35  21.23  21.65  23.02  23.88  20.23  20.87  22.90
 wrfout_d04_2016-01-31_10:00:00 999.00  16.35  11.21  16.28  12.08  16.82  17.28  17.02  17.03  17.46  16.82  18.36 999.00  17.94  20.75  21.36  15.14  17.22   7.57  18.45   4.56  18.62  19.45  20.85  19.81  20.00  23.02  23.43  19.10  20.71  22.29
 wrfout_d04_2016-01-31_11:00:00 999.00  16.84  11.36  14.87  12.18  16.59  17.00  17.09  17.20  17.20  17.07  18.38 999.00  17.65  19.70  21.40  14.39  17.05   9.46  17.43   4.65  18.52  19.33  19.48  19.33  19.47  22.20  23.06  18.35  20.77  22.26
 wrfout_d04_2016-01-31_12:00:00 999.00  17.28  11.61  16.05  12.43  16.81  17.00  17.03  17.06  17.01  17.08  18.12 999.00  17.37  18.80  21.24  13.59  17.07   9.49  16.92   4.69  18.38  19.37  20.57  18.16  18.51  22.18  22.61  18.22  20.75  22.11
 wrfout_d04_2016-01-31_13:00:00 999.00  16.55  11.73  16.27  12.52  17.25  17.24  17.01  17.27  17.16  17.47  18.23 999.00  17.13  17.90  21.24  13.18  17.09   9.59  16.43   4.65  18.36  19.40  20.23  17.50  17.78  22.67  22.01  18.40  21.04  21.86
 wrfout_d04_2016-01-31_14:00:00 999.00  16.30  11.47  16.29  12.31  16.56  17.31  16.96  17.40  16.76  17.16  18.41 999.00  17.05  17.29  21.19  12.83  17.13   9.88  15.91   4.64  18.36  19.28  20.39  17.14  17.37  22.09  21.64  17.97  21.03  21.80
 wrfout_d04_2016-01-31_15:00:00 999.00  16.09  11.40  16.02  12.25  16.00  17.16  16.23  17.15  16.70  17.06  18.26 999.00  17.09  16.86  21.04  12.52  16.44   9.77  15.60   4.66  18.34  19.25  20.56  16.96  17.14  22.09  20.51  18.53  21.09  21.66
 wrfout_d04_2016-01-31_16:00:00 999.00  15.67  10.80  15.75  11.58  15.65  16.80  15.69  16.82  16.57  16.83  18.14 999.00  17.02  16.72  20.97  12.26  16.70   9.69  15.11   4.60  18.46  19.07  18.82  16.66  16.81  22.21  19.45  18.60  21.33  21.53
 wrfout_d04_2016-01-31_17:00:00 999.00  15.15  10.04  14.81  10.76  14.81  15.90  15.35  16.02  16.02  16.55  17.89 999.00  16.34  17.00  20.91  11.88  16.48   9.86  14.81   4.48  18.86  18.95  19.65  16.27  16.41  22.02  18.65  18.06  21.43  21.62
 wrfout_d04_2016-01-31_18:00:00 999.00  15.01   9.60  14.06  10.27  14.18  15.51  14.63  15.27  14.75  15.92  17.04 999.00  15.61  15.48  20.64  11.74  15.65   9.72  14.61   4.46  17.43  18.73  19.11  16.19  16.30  22.30  18.22  17.98  21.40  21.25
 wrfout_d04_2016-01-31_19:00:00 999.00  14.78   9.24  13.71   9.93  13.88  14.84  14.43  14.48  14.44  15.90  15.46 999.00  15.31  15.18  20.49  11.22  15.66  10.25  14.50   4.52  17.35  18.11  18.61  16.32  16.43  22.12  17.61  18.76  21.38  20.83
 wrfout_d04_2016-01-31_20:00:00 999.00  14.75   8.83  13.42   9.62  13.74  14.49  14.10  14.21  14.04  14.51  14.53 999.00  15.14  14.63  19.02  10.95  15.12  10.82  14.71   4.82  17.20  17.17  19.03  16.34  16.26  20.48  17.28  18.93  21.67  21.21
 wrfout_d04_2016-01-31_21:00:00 999.00  14.50   8.52  12.95   9.32  13.43  14.24  13.63  13.94  13.70  14.19  14.27 999.00  14.73  14.28  18.26  10.84  15.05  10.82  14.32   4.96  17.00  17.13  20.29  15.98  15.91  21.90  16.99  18.64  21.60  21.35
 wrfout_d04_2016-01-31_22:00:00 999.00  14.44   8.18  12.59   9.03  13.29  13.99  13.36  13.67  13.28  14.27  14.21 999.00  14.35  13.88  17.83  11.47  14.55   9.64  13.47   4.57  16.83  16.81  20.20  15.79  15.59  21.57  16.98  18.82  21.69  21.64
 wrfout_d04_2016-01-31_23:00:00 999.00  14.20   7.91  12.31   8.77  13.15  13.67  13.19  13.33  12.99  14.24  14.12 999.00  14.12  13.55  17.44  12.09  14.19  10.00  13.03   4.61  16.52  16.62  19.13  15.10  15.19  21.58  17.42  18.95  21.77  21.47
