 wrfout_d04_2016-08-15_00:00:00 999.00  29.14  25.50  30.54  26.69  30.61  31.07  28.81  30.03  29.90  30.47  30.30 999.00  30.53  30.30  31.01  25.23  29.12  18.73  29.34  13.72  29.40  28.58  27.47  29.57  29.73  27.22  30.12  24.79  26.87  28.51
 wrfout_d04_2016-08-15_01:00:00 999.00  29.16  26.56  31.90  27.86  31.81  32.61  29.75  31.47  31.30  31.02  31.03 999.00  31.28  31.43  31.73  26.65  31.13  19.48  30.50  13.97  29.51  29.62  28.71  31.46  30.10  28.63  30.41  24.33  26.98  28.95
 wrfout_d04_2016-08-15_02:00:00 999.00  29.25  26.54  30.43  27.95  32.68  33.80  28.98  32.65  31.09  31.57  31.58 999.00  31.94  32.80  32.18  25.78  31.68  18.31  31.35  14.76  29.42  29.48  29.36  30.55  30.30  29.17  31.46  25.01  27.28  29.55
 wrfout_d04_2016-08-15_03:00:00 999.00  29.26  27.08  31.66  29.78  33.34  34.67  30.30  34.10  32.17  31.66  31.68 999.00  32.53  33.92  32.50  26.06  31.80  17.67  32.25  14.94  29.33  30.26  28.96  32.99  32.01  27.92  30.97  26.13  27.91  29.88
 wrfout_d04_2016-08-15_04:00:00 999.00  29.26  26.34  31.81  28.52  33.64  33.80  29.35  33.32  32.79  32.01  32.12 999.00  33.05  34.79  32.53  28.24  32.09  19.16  32.90  15.33  29.34  29.89  28.84  33.12  32.86  29.21  31.74  26.76  28.36  29.49
 wrfout_d04_2016-08-15_05:00:00 999.00  29.27  26.62  31.90  29.13  34.04  32.20  30.31  32.65  32.34  31.93  31.34 999.00  32.93  35.05  32.66  29.30  30.60  18.25  32.62  14.14  29.41  29.71  27.88  31.33  31.21  28.10  32.02  26.91  27.87  29.26
 wrfout_d04_2016-08-15_06:00:00 999.00  29.28  25.42  31.94  27.52  33.60  31.98  30.41  32.69  31.69  31.13  31.63 999.00  31.84  34.99  32.32  29.39  31.74  17.72  31.04  13.61  29.45  30.28  28.22  31.55  31.59  29.24  30.97  26.72  27.08  29.28
 wrfout_d04_2016-08-15_07:00:00 999.00  29.30  26.83  32.27  29.29  33.10  33.95  30.34  32.54  31.43  31.47  31.44 999.00  32.50  34.08  32.38  28.40  30.70  18.94  30.68  13.24  29.44  30.29  29.37  31.97  31.87  27.69  31.25  27.20  27.11  29.18
 wrfout_d04_2016-08-15_08:00:00 999.00  29.25  26.98  32.40  28.40  32.37  33.32  30.08  33.58  31.60  30.59  30.87 999.00  31.90  30.52  31.85  23.73  30.61  17.92  30.89  13.33  29.33  29.94  27.96  31.79  31.46  28.19  30.54  26.78  27.08  28.82
 wrfout_d04_2016-08-15_09:00:00 999.00  29.31  25.63  32.03  27.02  31.15  32.48  29.93  32.90  31.00  30.54  30.25 999.00  30.51  30.11  31.43  23.59  29.80  17.53  30.51  12.81  29.28  29.93  28.04  31.00  31.11  27.49  30.38  26.24  26.85  28.80
 wrfout_d04_2016-08-15_10:00:00 999.00  29.36  24.00  29.75  25.22  29.80  31.25  29.24  31.53  29.36  29.97  29.43 999.00  30.08  29.43  30.57  23.74  29.44  17.00  29.42  11.22  29.23  29.48  27.62  30.45  30.14  28.45  30.28  25.75  26.72  28.80
 wrfout_d04_2016-08-15_11:00:00 999.00  29.36  23.36  29.07  24.59  29.15  30.33  28.46  30.63  29.37  29.50  28.98 999.00  29.25  27.02  30.24  23.02  29.16  16.10  29.19  10.36  29.27  29.27  27.14  29.66  29.56  28.47  29.99  25.36  26.63  28.63
 wrfout_d04_2016-08-15_12:00:00 999.00  29.33  23.35  28.96  24.56  29.07  30.13  28.64  30.42  29.02  29.22  28.79 999.00  28.57  27.40  30.21  22.78  29.02  14.45  28.68  10.54  29.35  29.27  26.41  29.24  29.23  28.24  29.92  24.94  26.59  28.41
 wrfout_d04_2016-08-15_13:00:00 999.00  29.31  23.43  28.78  24.58  28.97  29.73  28.44  29.94  28.69  28.91  28.66 999.00  28.81  28.07  29.89  21.87  28.97  14.26  28.44  10.46  29.32  29.23  27.06  28.89  28.90  28.09  29.80  25.07  26.48  28.51
 wrfout_d04_2016-08-15_14:00:00 999.00  29.28  23.23  28.66  24.38  28.83  29.57  28.21  29.38  28.44  28.70  28.49 999.00  29.04  28.22  29.59  21.59  28.89  14.00  27.89  10.17  29.28  28.85  26.74  28.67  28.56  27.00  29.63  25.15  26.59  28.28
 wrfout_d04_2016-08-15_15:00:00 999.00  29.19  23.06  28.24  24.09  28.57  29.30  28.25  28.80  27.97  28.46  28.31 999.00  29.17  28.16  29.22  21.29  28.92  13.75  27.59   9.87  29.23  28.89  26.50  28.42  28.35  27.02  29.41  25.10  26.65  28.18
 wrfout_d04_2016-08-15_16:00:00 999.00  29.13  23.03  27.73  24.03  28.41  28.91  28.02  28.41  27.59  28.15  28.06 999.00  29.26  28.29  28.92  21.08  28.90  13.59  27.35  10.07  29.19  28.95  26.20  28.30  27.71  26.96  29.22  25.12  26.49  27.96
 wrfout_d04_2016-08-15_17:00:00 999.00  29.15  22.70  26.70  23.54  28.13  28.46  27.57  28.16  27.21  27.91  27.91 999.00  29.07  28.18  28.78  20.90  28.62  13.35  27.37  10.07  29.16  28.79  25.68  27.69  27.50  26.48  29.14  25.00  26.64  27.91
 wrfout_d04_2016-08-15_18:00:00 999.00  29.07  22.41  26.34  22.36  27.81  28.13  27.48  28.53  26.79  27.64  27.65 999.00  28.73  28.01  28.74  20.73  28.68  13.15  27.40  10.23  29.10  28.76  26.68  28.18  27.34  26.55  28.93  25.06  26.56  27.47
 wrfout_d04_2016-08-15_19:00:00 999.00  28.96  22.05  26.05  22.15  27.25  27.92  27.56  28.19  26.58  27.36  27.49 999.00  28.60  28.21  28.88  20.55  28.63  13.10  27.02  10.19  28.85  28.59  26.26  27.74  27.03  26.41  28.64  24.98  26.43  27.57
 wrfout_d04_2016-08-15_20:00:00 999.00  28.95  21.25  27.17  22.01  26.84  27.62  27.01  27.78  26.72  27.13  27.31 999.00  28.52  27.82  28.46  20.52  28.34  13.07  26.87  10.29  28.88  28.68  25.39  27.08  26.92  25.73  28.61  24.67  26.66  27.33
 wrfout_d04_2016-08-15_21:00:00 999.00  29.14  21.09  27.21  21.85  26.67  27.84  26.05  27.90  26.66  27.09  27.41 999.00  28.73  27.46  28.46  20.41  28.48  12.93  26.87  10.05  28.52  28.55  25.71  27.08  26.93  25.60  28.27  25.03  26.70  27.21
 wrfout_d04_2016-08-15_22:00:00 999.00  29.14  22.77  27.17  23.85  27.01  27.71  26.70  27.86  26.55  27.52  27.50 999.00  28.19  27.50  28.72  21.62  28.16  13.94  27.09  10.57  28.71  28.43  26.69  27.88  27.78  26.10  27.59  25.12  26.64  27.40
 wrfout_d04_2016-08-15_23:00:00 999.00  29.03  23.88  28.64  27.20  28.82  28.97  28.72  28.97  28.68  28.94  29.00 999.00  29.28  28.72  29.96  23.52  28.54  17.87  27.82  11.98  28.61  28.54  28.44  28.17  27.87  27.17  28.22  26.14  26.65  27.23
