 wrfout_d04_2016-07-25_00:00:00 999.00  28.38  25.62  29.59  26.49  29.79  29.55  29.22  30.12  29.66  29.33  29.67 999.00  30.00  28.61  29.57  24.07  30.17  20.59  28.69  12.86  29.10  28.62  28.60  29.89  30.13  30.14  31.76  29.04  29.60  30.33
 wrfout_d04_2016-07-25_01:00:00 999.00  28.40  26.90  31.16  28.07  31.45  31.16  29.52  31.45  30.53  30.24  30.65 999.00  30.63  29.40  30.55  26.45  30.75  20.18  29.81  15.09  29.09  29.15  29.41  31.29  31.55  31.11  32.71  29.90  30.25  31.46
 wrfout_d04_2016-07-25_02:00:00 999.00  28.51  27.78  31.94  29.36  32.60  32.63  29.59  32.93  30.81  30.90  31.38 999.00  31.45  30.81  31.13  26.09  31.15  20.98  31.14  15.58  29.24  29.19  29.83  31.68  32.35  31.69  32.72  30.49  30.75  32.31
 wrfout_d04_2016-07-25_03:00:00 999.00  28.63  27.14  31.46  30.20  33.25  33.77  29.90  33.86  31.20  31.31  31.68 999.00  31.77  32.45  31.55  25.81  31.43  20.77  32.29  15.79  29.34  29.39  30.08  33.45  33.46  32.02  32.95  30.85  31.14  33.31
 wrfout_d04_2016-07-25_04:00:00 999.00  28.65  27.18  31.57  29.85  33.49  34.63  29.96  34.53  32.30  31.48  31.80 999.00  31.85  32.27  31.76  26.50  31.65  21.07  32.65  14.73  29.29  29.55  30.12  34.42  33.48  32.20  33.15  31.01  31.30  33.93
 wrfout_d04_2016-07-25_05:00:00 999.00  28.69  28.07  31.65  30.22  33.46  34.41  29.96  34.66  32.47  31.55  31.65 999.00  31.77  32.27  31.83  27.85  31.78  21.00  33.26  12.91  29.28  29.65  30.07  34.62  34.65  32.26  32.56  30.96  31.26  34.00
 wrfout_d04_2016-07-25_06:00:00 999.00  28.73  28.05  31.44  29.47  33.28  34.27  29.83  34.46  32.27  31.42  31.46 999.00  31.66  32.90  31.73  27.37  31.82  20.39  33.75  12.81  29.33  29.56  29.96  34.67  34.65  32.19  32.95  30.75  31.03  33.95
 wrfout_d04_2016-07-25_07:00:00 999.00  28.75  27.67  31.30  28.71  33.04  33.94  29.47  34.40  32.25  31.17  31.23 999.00  31.60  33.02  31.56  30.16  31.75  20.53  33.09  12.69  29.44  29.49  29.80  34.25  34.23  31.96  33.10  30.34  30.63  33.66
 wrfout_d04_2016-07-25_08:00:00 999.00  28.75  26.80  31.24  28.80  32.71  33.72  29.35  34.01  31.68  30.76  30.63 999.00  31.16  32.83  31.37  27.20  31.58  20.07  32.77  12.51  29.51  29.58  29.53  33.51  33.68  31.64  32.73  29.78  30.09  33.17
 wrfout_d04_2016-07-25_09:00:00 999.00  28.77  25.67  31.42  27.62  31.89  33.37  29.16  33.22  30.85  30.14  29.90 999.00  30.61  32.36  30.63  27.77  31.06  18.97  32.65  12.43  29.69  29.63  29.14  32.16  32.32  31.27  32.63  29.04  29.42  32.25
 wrfout_d04_2016-07-25_10:00:00 999.00  28.78  24.22  30.49  25.85  30.11  32.53  28.57  32.62  30.07  29.44  29.09 999.00  30.08  31.63  30.24  26.67  30.39  17.52  31.60  12.26  29.78  29.64  28.46  31.55  31.65  30.73  32.10  27.95  28.33  31.00
 wrfout_d04_2016-07-25_11:00:00 999.00  28.76  22.98  27.99  24.21  28.65  30.95  27.81  31.82  29.20  28.93  28.54 999.00  29.20  30.62  29.85  24.60  29.70  15.88  30.12  10.17  29.78  29.57  26.71  30.55  30.86  30.20  31.60  25.80  26.69  30.01
 wrfout_d04_2016-07-25_12:00:00 999.00  28.71  22.73  28.36  23.83  28.14  29.96  27.49  30.75  28.88  28.67  28.28 999.00  28.90  29.72  29.59  24.25  29.42  14.47  29.35  10.05  29.67  29.58  26.41  29.94  30.21  29.81  31.28  25.34  27.01  29.70
 wrfout_d04_2016-07-25_13:00:00 999.00  28.65  22.19  28.25  22.27  27.89  29.75  27.12  30.40  28.70  28.24  28.06 999.00  28.83  29.09  29.28  22.56  29.19  14.25  28.82   7.94  29.62  29.55  26.16  29.76  29.83  29.23  30.92  25.06  27.47  29.33
 wrfout_d04_2016-07-25_14:00:00 999.00  28.60  21.69  28.09  21.87  27.70  29.35  26.73  29.97  28.42  28.25  27.84 999.00  28.75  28.99  28.83  22.27  28.97  13.92  28.56   6.85  29.63  29.51  25.95  29.62  29.72  29.08  30.67  24.76  26.53  29.01
 wrfout_d04_2016-07-25_15:00:00 999.00  28.52  20.95  27.78  21.59  27.46  29.00  26.43  29.44  27.84  28.02  27.65 999.00  28.61  29.03  28.35  21.98  28.81  13.62  28.05   6.36  29.59  29.17  25.73  29.41  29.51  28.95  30.55  24.55  26.06  28.49
 wrfout_d04_2016-07-25_16:00:00 999.00  28.43  20.72  27.25  21.39  27.22  28.67  26.13  28.79  27.47  27.42  27.35 999.00  28.51  28.81  28.06  21.79  28.71  13.12  27.52   5.97  29.48  28.91  25.55  29.30  29.29  28.77  30.10  24.32  25.41  28.07
 wrfout_d04_2016-07-25_17:00:00 999.00  28.41  20.53  25.72  21.20  27.18  28.48  25.83  28.39  27.20  27.08  27.21 999.00  28.46  28.34  28.17  21.53  28.65  12.66  27.29   5.72  29.36  28.67  25.35  29.03  29.17  28.43  29.85  24.10  26.46  27.99
 wrfout_d04_2016-07-25_18:00:00 999.00  28.34  20.51  25.41  21.14  26.96  28.22  25.70  28.13  26.90  26.79  27.11 999.00  28.41  27.86  28.07  21.17  28.59  12.27  26.94   5.51  29.22  28.45  25.13  28.49  28.99  27.89  29.89  23.89  26.39  27.76
 wrfout_d04_2016-07-25_19:00:00 999.00  28.34  20.45  25.12  21.11  26.67  27.98  25.54  27.89  26.42  26.56  26.99 999.00  28.28  27.46  27.97  20.86  28.48  12.03  26.78   5.33  29.08  28.20  24.98  27.93  28.55  27.58  29.86  23.92  25.08  27.65
 wrfout_d04_2016-07-25_20:00:00 999.00  28.36  20.13  24.71  20.82  26.36  27.69  25.34  27.56  26.00  26.37  26.79 999.00  28.11  27.12  27.91  20.62  28.43  11.84  26.43   5.24  29.06  27.64  24.83  27.53  28.19  27.35  29.77  24.02  24.86  27.61
 wrfout_d04_2016-07-25_21:00:00 999.00  28.46  19.92  24.62  20.66  26.19  27.47  25.11  27.30  25.71  26.23  26.75 999.00  27.95  26.96  27.60  20.35  28.54  11.63  26.21   5.16  29.14  27.29  24.74  27.27  27.94  27.24  29.79  23.97  24.66  27.79
 wrfout_d04_2016-07-25_22:00:00 999.00  28.49  22.38  26.98  23.49  26.84  27.76  26.83  27.64  26.02  26.76  27.44 999.00  27.98  26.88  27.85  22.57  28.42  14.42  26.36   8.54  29.15  27.29  26.74  27.01  27.96  27.47  29.81  25.81  27.01  28.01
 wrfout_d04_2016-07-25_23:00:00 999.00  28.42  23.79  28.42  24.88  28.59  28.73  28.16  28.84  28.09  28.43  28.93 999.00  28.74  27.87  29.00  25.26  29.25  18.74  27.37  13.07  29.15  27.35  28.38  28.31  28.93  29.09  30.67  28.92  28.66  29.50
