 wrfout_d04_2016-01-27_00:00:00 999.00  20.15  13.01  17.86  14.20  17.72  18.11  14.30  18.48  14.06  18.22  18.65 999.00  15.68  13.85  18.19  14.00  17.91   9.36  14.38   3.96  19.57  16.68  17.26  14.12  14.41  18.37  17.94  15.94  19.03  20.83
 wrfout_d04_2016-01-27_01:00:00 999.00  20.19  14.62  18.61  16.13  19.62  19.75  14.79  19.99  15.00  19.53  19.38 999.00  16.90  15.04  18.83  13.62  18.24  10.68  14.96   5.02  19.94  16.04  17.68  15.41  15.87  19.25  18.99  16.36  18.92  22.55
 wrfout_d04_2016-01-27_02:00:00 999.00  20.91  14.12  18.86  15.26  19.85  19.59  15.79  19.80  15.98  20.13  20.13 999.00  17.44  15.87  18.90  13.57  18.55  10.89  16.16   4.90  20.25  17.57  17.89  16.61  17.13  19.87  19.69  16.69  19.63  23.40
 wrfout_d04_2016-01-27_03:00:00 999.00  20.77  15.54  19.91  16.72  20.22  20.63  16.03  20.54  16.23  20.06  19.97 999.00  18.15  17.09  19.20  16.00  19.15  11.38  16.38   5.65  20.27  18.30  18.43  17.63  18.52  20.43  21.22  17.33  19.87  23.81
 wrfout_d04_2016-01-27_04:00:00 999.00  21.05  14.94  19.51  16.15  20.41  20.80  16.42  20.23  16.72  20.18  20.30 999.00  18.13  17.89  19.55  15.34  19.06  12.23  16.34   5.79  20.31  18.54  19.36  18.11  18.75  20.45  22.70  17.23  20.88  22.95
 wrfout_d04_2016-01-27_05:00:00 999.00  20.99  14.89  19.41  15.98  20.41  20.12  16.65  18.47  16.99  20.86  20.40 999.00  18.35  18.54  19.16  14.78  19.02  13.06  17.46   5.99  20.48  19.72  20.10  19.29  19.85  20.49  23.98  17.78  20.64  23.86
 wrfout_d04_2016-01-27_06:00:00 999.00  21.09  14.95  19.00  15.95  20.14  20.39  17.48  18.24  17.28  20.35  20.82 999.00  18.22  18.59  19.27  14.41  19.06  12.49  16.44   5.57  20.47  19.80  20.34  19.42  19.74  20.36  23.07  17.41  21.09  22.84
 wrfout_d04_2016-01-27_07:00:00 999.00  21.07  14.64  18.67  15.56  20.12  18.57  17.02  17.88  17.15  20.20  20.32 999.00  18.21  18.43  20.50  12.66  18.89  11.39  16.91   4.92  20.54  19.74  19.13  19.24  19.52  20.10  22.33  17.93  20.35  22.69
 wrfout_d04_2016-01-27_08:00:00 999.00  20.89  14.78  18.51  15.65  20.04  18.55  16.96  17.82  16.77  20.02  20.54 999.00  17.89  18.34  21.23  13.29  18.73  10.69  16.52   4.75  20.35  18.95  19.43  18.57  19.09  20.08  21.42  17.75  20.24  22.76
 wrfout_d04_2016-01-27_09:00:00 999.00  20.73  14.81  17.59  15.59  19.43  17.88  16.51  17.35  16.45  19.77  20.11 999.00  17.87  17.84  21.27  12.93  18.83   9.93  16.60   4.73  20.47  18.88  19.01  18.44  18.84  20.19  21.96  17.51  20.21  22.60
 wrfout_d04_2016-01-27_10:00:00 999.00  21.20  14.51  16.81  14.34  19.46  17.26  16.06  16.78  15.79  18.75  19.66 999.00  17.88  18.10  21.13  13.03  18.65   9.57  16.68   4.60  20.27  18.54  18.92  17.66  17.89  20.39  21.47  17.37  20.26  22.24
 wrfout_d04_2016-01-27_11:00:00 999.00  21.11  14.61  17.42  14.97  17.78  16.84  16.37  16.78  16.00  18.51  19.31 999.00  17.73  17.36  20.81  13.25  18.88   9.85  16.08   4.62  20.33  19.16  18.78  17.41  17.70  20.45  21.80  17.47  20.47  22.26
 wrfout_d04_2016-01-27_12:00:00 999.00  21.09  14.75  16.65  15.09  17.81  16.42  15.83  16.54  15.78  18.07  18.88 999.00  17.62  17.46  20.66  13.32  19.14   9.39  15.65   4.49  20.65  19.95  19.15  17.19  17.36  20.58  22.15  17.56  20.50  21.95
 wrfout_d04_2016-01-27_13:00:00 999.00  21.07  14.80  17.19  15.19  18.02  16.22  15.91  16.34  15.46  17.80  18.93 999.00  17.66  18.11  20.72  13.37  19.02   8.46  15.91   4.25  20.92  19.72  19.33  17.42  17.78  20.19  21.57  17.81  20.50  21.82
 wrfout_d04_2016-01-27_14:00:00 999.00  21.27  14.58  17.23  14.93  17.20  16.23  15.63  16.40  15.59  17.78  19.49 999.00  17.74  17.54  20.66  13.47  18.96   8.36  15.92   2.85  21.09  18.85  19.14  17.28  17.82  20.66  20.45  17.87  20.64  22.12
 wrfout_d04_2016-01-27_15:00:00 999.00  21.37  14.82  18.76  15.41  17.23  16.64  15.79  15.61  14.21  17.76  20.08 999.00  17.54  17.40  20.66  13.33  18.83   9.32  15.79   3.70  21.08  19.21  19.18  17.48  17.78  20.57  20.31  17.87  20.66  22.30
 wrfout_d04_2016-01-27_16:00:00 999.00  21.50  15.24  19.62  15.90  17.72  16.16  15.14  15.20  13.56  17.71  19.95 999.00  17.72  17.24  20.53  13.88  18.58   9.44  15.05   4.36  20.79  18.89  19.25  17.29  17.43  20.46  20.28  17.87  20.82  22.22
 wrfout_d04_2016-01-27_17:00:00 999.00  21.55  15.43  19.73  15.79  17.45  16.45  15.99  14.87  15.06  18.41  20.19 999.00  17.85  16.81  20.02  13.87  18.44   9.40  14.96   4.58  20.80  18.31  19.49  17.08  17.32  20.47  20.13  17.96  20.82  22.06
 wrfout_d04_2016-01-27_18:00:00 999.00  21.56  15.87  18.06  16.44  17.82  16.93  15.70  15.47  14.99  19.17  20.04 999.00  17.56  16.89  19.83  13.97  18.41   9.77  14.83   4.71  20.66  18.66  19.45  16.70  17.15  20.45  19.74  18.06  20.94  22.33
 wrfout_d04_2016-01-27_19:00:00 999.00  21.52  15.82  19.08  16.21  18.18  16.15  15.36  15.53  15.13  18.07  19.80 999.00  17.48  16.66  19.82  13.86  18.46   9.84  14.70   4.80  20.77  18.81  19.42  16.68  17.02  20.35  19.38  18.19  20.88  22.38
 wrfout_d04_2016-01-27_20:00:00 999.00  21.52  15.73  17.81  16.25  18.57  15.98  15.81  15.62  15.18  18.24  19.74 999.00  17.25  16.64  19.95  13.92  18.61   9.30  14.76   5.06  20.76  18.61  19.55  16.62  16.88  20.12  18.95  18.27  20.90  22.37
 wrfout_d04_2016-01-27_21:00:00 999.00  21.43  15.71  17.24  16.19  18.59  15.82  15.89  15.76  15.12  18.21  19.78 999.00  17.16  16.43  19.60  14.44  18.64  10.04  14.96   4.98  20.94  18.65  19.71  16.11  16.65  20.16  18.56  18.39  20.86  22.38
 wrfout_d04_2016-01-27_22:00:00 999.00  21.17  15.66  17.37  16.01  18.39  15.78  16.32  15.67  15.26  18.37  19.97 999.00  17.43  17.31  19.54  14.43  18.75   9.76  15.41   5.39  20.89  18.93  19.71  16.63  16.70  20.27  19.15  18.46  20.88  22.44
 wrfout_d04_2016-01-27_23:00:00 999.00  21.13  15.61  17.16  15.47  18.07  16.24  16.14  16.10  15.38  18.60  19.97 999.00  17.53  17.35  19.53  14.66  18.83  10.40  15.41   5.51  20.93  19.46  19.75  16.73  16.72  20.48  19.54  18.84  21.19  22.61
