 wrfout_d04_2016-07-13_00:00:00 999.00  28.29  24.43  29.94  25.54  29.65  30.07  29.74  30.15  30.77  30.18  30.38 999.00  30.93  30.70  30.25  25.68  30.25  18.30  29.42  13.91  28.97  29.42  29.25  30.83  31.07  30.45  31.28  29.24  28.76  30.54
 wrfout_d04_2016-07-13_01:00:00 999.00  28.13  25.69  31.36  26.82  30.60  31.58  30.33  31.60  32.00  31.13  31.43 999.00  32.38  32.00  31.23  27.02  31.00  19.14  30.72  14.67  29.03  29.60  29.88  32.46  31.97  31.37  31.85  29.93  29.27  31.22
 wrfout_d04_2016-07-13_02:00:00 999.00  28.27  26.80  32.48  27.96  31.45  33.07  30.97  32.96  33.06  31.91  32.14 999.00  33.58  33.24  31.73  28.28  31.41  19.74  31.96  15.50  29.02  29.86  30.32  32.45  32.74  32.05  32.36  30.62  29.68  31.72
 wrfout_d04_2016-07-13_03:00:00 999.00  28.15  27.59  32.96  28.95  32.76  34.16  31.07  34.21  33.18  32.41  32.54 999.00  34.06  34.42  32.08  28.76  31.73  20.07  31.48  15.78  28.99  29.77  30.86  34.12  33.56  32.66  32.75  31.17  29.98  32.02
 wrfout_d04_2016-07-13_04:00:00 999.00  28.24  27.85  31.34  29.35  32.66  35.40  31.45  35.41  33.25  32.57  32.54 999.00  33.92  35.22  32.33  29.24  31.92  18.04  33.50  16.20  29.00  29.91  31.12  34.61  34.02  32.99  32.95  31.42  30.13  32.21
 wrfout_d04_2016-07-13_05:00:00 999.00  28.47  27.60  32.55  29.02  30.96  34.14  31.05  33.97  33.02  32.47  32.12 999.00  33.69  35.57  32.23  29.39  32.01  20.54  34.27  16.19  29.04  29.93  31.20  34.74  33.97  33.19  33.11  31.48  30.11  32.25
 wrfout_d04_2016-07-13_06:00:00 999.00  28.23  25.17  30.25  26.27  30.95  31.67  30.31  32.19  32.07  31.42  31.87 999.00  33.44  35.78  32.07  29.00  31.77  20.17  34.30  15.94  29.04  29.81  31.12  34.65  33.77  33.11  33.17  31.36  29.98  32.19
 wrfout_d04_2016-07-13_07:00:00 999.00  28.07  25.08  29.99  25.96  31.33  29.54  30.06  29.39  31.41  29.60  30.46 999.00  32.89  34.80  31.80  28.76  31.55  19.20  34.02  14.16  29.05  29.73  30.97  34.32  33.42  32.86  32.98  30.98  29.68  31.97
 wrfout_d04_2016-07-13_08:00:00 999.00  28.06  24.52  29.60  25.43  31.52  29.80  29.65  29.34  31.30  29.04  30.73 999.00  32.41  33.98  31.47  26.69  31.21  19.07  33.35  14.68  29.03  29.61  30.57  33.48  32.70  32.42  32.64  30.22  29.13  31.61
 wrfout_d04_2016-07-13_09:00:00 999.00  28.09  24.81  29.67  25.72  30.57  29.26  29.27  29.29  30.52  28.56  30.66 999.00  31.35  32.77  30.32  25.48  30.74  18.04  32.15  13.70  29.04  29.57  29.90  32.75  32.08  31.76  32.28  29.28  28.48  31.21
 wrfout_d04_2016-07-13_10:00:00 999.00  28.14  24.06  29.27  24.93  29.82  29.45  28.77  29.41  29.88  29.19  29.75 999.00  30.87  31.59  29.65  24.75  30.10  17.10  31.26  12.16  29.03  29.28  28.92  31.87  31.22  30.90  31.77  27.82  27.61  30.68
 wrfout_d04_2016-07-13_11:00:00 999.00  28.19  23.15  27.54  23.74  29.17  29.02  28.55  29.27  29.71  28.91  29.13 999.00  30.37  30.76  29.35  23.50  29.58  15.96  30.63  10.68  29.03  29.04  28.17  30.90  30.40  30.22  31.31  26.84  27.15  30.16
 wrfout_d04_2016-07-13_12:00:00 999.00  28.07  23.30  27.40  24.16  28.69  28.96  28.58  29.39  29.73  28.51  28.76 999.00  30.21  30.39  29.49  22.92  29.38  15.89  30.10  10.38  29.02  28.96  27.74  30.57  30.14  29.89  31.14  26.69  27.08  30.01
 wrfout_d04_2016-07-13_13:00:00 999.00  27.90  23.07  26.94  23.77  28.54  28.85  28.58  29.07  29.86  27.96  28.72 999.00  29.88  30.09  29.40  22.49  29.17  16.34  29.32  10.60  29.04  28.92  27.49  30.39  29.96  29.67  30.90  26.52  27.00  29.79
 wrfout_d04_2016-07-13_14:00:00 999.00  27.80  23.10  26.66  23.25  28.18  28.70  28.58  28.96  29.67  27.56  28.47 999.00  29.55  29.72  29.18  22.53  29.09  16.34  28.72  10.82  29.00  28.84  27.36  30.13  29.78  29.47  30.67  26.44  26.93  29.56
 wrfout_d04_2016-07-13_15:00:00 999.00  27.92  23.06  26.49  23.38  27.85  28.41  28.46  29.55  29.40  27.47  28.13 999.00  29.37  29.44  28.99  21.99  28.97  16.41  28.26  10.91  28.99  28.76  27.03  29.77  29.60  29.26  30.34  26.30  26.82  29.30
 wrfout_d04_2016-07-13_16:00:00 999.00  27.98  22.97  26.30  23.01  27.70  28.07  28.34  28.67  29.08  27.29  27.91 999.00  29.20  29.03  28.86  21.77  28.87  16.28  27.82  10.74  28.96  28.70  26.59  29.37  29.40  29.00  29.95  26.14  26.74  29.03
 wrfout_d04_2016-07-13_17:00:00 999.00  28.02  22.71  26.09  22.35  27.59  27.94  28.19  28.37  28.81  27.27  27.76 999.00  28.93  28.69  28.66  21.52  28.77  16.23  27.64  10.77  28.92  28.63  26.23  28.92  29.15  28.68  29.76  26.11  26.71  28.92
 wrfout_d04_2016-07-13_18:00:00 999.00  27.90  22.61  25.98  22.23  27.79  27.93  27.98  27.79  28.35  26.96  27.54 999.00  28.73  28.50  28.51  21.31  28.72  16.33  27.31  10.87  28.87  28.56  25.90  28.48  28.93  28.61  29.50  25.97  26.67  28.73
 wrfout_d04_2016-07-13_19:00:00 999.00  28.05  22.51  25.81  22.05  27.64  27.64  27.84  27.52  27.97  26.75  27.22 999.00  28.56  28.36  28.30  21.14  28.63  16.37  27.00  11.04  28.83  28.50  25.71  28.09  28.61  28.50  29.46  25.87  26.65  28.65
 wrfout_d04_2016-07-13_20:00:00 999.00  27.98  22.40  25.59  22.77  27.58  27.11  27.65  27.03  27.62  26.51  27.03 999.00  28.28  28.11  28.11  20.93  28.54  16.29  26.62  11.03  28.82  28.49  25.91  27.78  28.40  28.42  29.41  25.77  26.64  28.49
 wrfout_d04_2016-07-13_21:00:00 999.00  27.90  22.33  25.36  22.68  27.36  26.79  27.50  26.75  27.36  26.32  26.95 999.00  28.00  27.84  27.98  20.67  28.50  16.18  26.46  10.91  28.78  28.51  25.98  27.77  28.39  28.40  29.37  25.66  26.64  28.43
 wrfout_d04_2016-07-13_22:00:00 999.00  28.02  22.89  27.78  23.76  27.48  27.38  28.02  27.49  27.87  27.12  27.57 999.00  28.09  27.97  28.21  23.20  28.67  16.57  26.72  11.70  28.78  28.48  27.36  27.87  28.53  28.74  29.59  26.49  27.14  28.72
 wrfout_d04_2016-07-13_23:00:00 999.00  28.47  23.90  28.75  24.97  29.04  28.64  28.82  28.84  29.27  28.44  28.82 999.00  28.98  28.94  29.08  24.72  29.44  18.14  27.97  13.35  28.81  28.93  28.37  29.37  29.72  29.65  30.40  28.22  28.12  29.56
