 wrfout_d04_2016-04-19_00:00:00 999.00  20.43  14.89  21.67  15.98  19.60  20.50  20.90  20.54  21.62  19.61  20.12 999.00  20.99  22.09  23.25  22.80  21.27  16.83  20.08  10.86  22.14  21.78  23.49  21.99  22.37  23.93  24.75  23.76  23.75  25.29
 wrfout_d04_2016-04-19_01:00:00 999.00  20.74  15.86  23.56  17.32  20.59  22.21  21.94  22.94  23.42  20.91  21.42 999.00  22.90  24.58  23.84  24.28  22.24  17.92  22.59  11.87  22.31  22.77  24.87  24.53  25.08  24.56  25.93  23.22  24.43  26.52
 wrfout_d04_2016-04-19_02:00:00 999.00  20.95  16.82  25.11  18.72  21.49  23.99  23.13  25.06  26.18  21.92  22.06 999.00  24.26  26.58  23.92  25.06  22.78  18.43  24.93  12.44  22.41  23.79  25.47  26.16  26.64  25.46  27.11  23.39  24.88  27.58
 wrfout_d04_2016-04-19_03:00:00 999.00  21.21  17.70  25.87  19.66  22.34  24.76  24.38  26.12  27.70  22.50  23.03 999.00  25.00  28.13  25.56  25.57  23.13  18.77  26.20  12.71  22.44  23.95  26.16  27.92  28.08  25.68  27.77  23.81  26.58  28.44
 wrfout_d04_2016-04-19_04:00:00 999.00  21.49  19.00  26.49  20.82  22.77  25.79  23.99  27.65  29.28  22.43  23.78 999.00  24.93  29.29  26.43  25.91  23.30  17.53  27.20  10.78  22.46  23.96  26.32  28.89  28.88  25.93  28.39  26.31  26.08  28.82
 wrfout_d04_2016-04-19_05:00:00 999.00  21.75  19.40  26.84  21.07  23.22  26.19  23.37  28.06  29.68  22.62  24.46 999.00  25.11  29.90  26.47  24.32  23.29  16.27  28.32   9.62  22.48  24.08  26.41  29.42  29.35  26.11  28.61  26.60  26.58  29.20
 wrfout_d04_2016-04-19_06:00:00 999.00  21.86  19.76  26.74  21.29  23.71  26.58  23.24  28.69  29.72  23.17  23.99 999.00  24.87  29.85  25.93  24.36  23.34  16.47  28.75   9.65  22.43  24.02  26.03  29.17  29.24  26.57  28.72  26.54  26.98  29.11
 wrfout_d04_2016-04-19_07:00:00 999.00  22.09  19.01  26.42  20.66  23.57  26.39  23.57  28.39  29.57  23.49  24.04 999.00  24.46  29.39  25.52  25.79  23.26  16.96  28.70   9.50  22.51  24.14  26.01  28.62  28.56  26.82  28.52  26.42  25.36  28.61
 wrfout_d04_2016-04-19_08:00:00 999.00  22.24  18.76  25.63  20.33  24.39  25.96  23.70  27.89  29.07  23.36  23.82 999.00  23.60  28.46  25.60  24.94  23.09  15.63  28.17   9.28  22.77  24.24  24.79  27.78  27.97  25.77  28.21  25.45  25.94  27.85
 wrfout_d04_2016-04-19_09:00:00 999.00  22.27  18.26  24.74  19.88  24.04  25.82  23.37  26.72  28.22  22.95  23.69 999.00  22.46  27.08  25.29  23.25  22.89  15.47  26.12   9.82  23.01  24.25  24.22  26.97  27.23  25.44  27.64  24.71  25.30  26.95
 wrfout_d04_2016-04-19_10:00:00 999.00  22.42  17.81  23.54  19.11  23.09  24.37  22.47  25.11  25.88  22.99  22.96 999.00  21.60  25.40  25.18  21.90  22.44  13.66  24.55   8.38  23.32  24.37  24.30  26.02  26.24  25.40  26.90  23.53  24.22  26.08
 wrfout_d04_2016-04-19_11:00:00 999.00  22.33  17.90  23.46  19.05  21.51  23.88  23.01  24.24  23.41  22.79  22.75 999.00  21.28  24.00  24.95  20.29  22.26  12.88  22.08   6.16  23.47  24.33  24.23  24.70  25.00  25.37  26.58  22.87  23.96  25.59
 wrfout_d04_2016-04-19_12:00:00 999.00  22.62  18.06  23.44  19.14  21.10  23.67  23.16  23.95  22.13  22.71  22.64 999.00  21.23  23.49  24.22  19.71  22.03  12.25  21.39   6.78  23.15  24.24  24.34  24.34  24.41  25.37  26.38  22.62  23.92  25.41
 wrfout_d04_2016-04-19_13:00:00 999.00  22.92  18.18  23.54  19.22  20.90  23.66  22.42  23.73  21.50  22.76  22.75 999.00  21.22  22.64  23.84  19.35  21.68  11.95  21.06   6.33  23.25  23.85  24.21  24.03  24.19  24.84  26.30  22.51  23.82  25.26
 wrfout_d04_2016-04-19_14:00:00 999.00  23.14  18.25  23.48  19.21  20.51  23.59  21.64  23.35  21.01  22.40  22.56 999.00  21.20  22.15  23.71  19.12  21.35  11.55  20.69   5.20  23.27  23.37  23.93  23.34  23.70  25.16  26.18  22.29  23.87  25.15
 wrfout_d04_2016-04-19_15:00:00 999.00  23.23  18.32  23.34  19.10  20.63  23.27  21.19  22.98  20.48  22.78  23.04 999.00  21.06  21.77  23.97  18.81  21.34  11.17  20.39   4.84  23.15  22.95  23.68  22.69  23.23  25.02  26.11  22.33  23.83  25.02
 wrfout_d04_2016-04-19_16:00:00 999.00  23.24  18.43  23.35  19.16  20.42  23.01  20.86  22.73  20.05  22.88  23.04 999.00  20.87  21.41  24.17  18.54  21.41  10.76  20.03   4.66  23.04  23.04  22.88  22.19  22.71  24.64  25.94  21.94  23.72  24.84
 wrfout_d04_2016-04-19_17:00:00 999.00  23.14  18.40  23.31  19.19  20.43  22.53  20.40  22.37  19.68  22.70  23.22 999.00  20.67  20.90  24.19  18.29  21.46  10.48  19.72   5.89  23.00  22.70  22.82  21.75  22.27  24.62  25.61  21.76  23.62  24.78
 wrfout_d04_2016-04-19_18:00:00 999.00  23.06  18.50  23.20  19.20  20.64  22.10  19.93  21.90  19.42  22.75  23.24 999.00  20.58  20.32  24.31  18.05  21.46  10.17  19.51   6.57  23.11  22.66  23.67  21.32  21.80  23.68  25.13  21.70  23.62  24.68
 wrfout_d04_2016-04-19_19:00:00 999.00  23.13  18.56  23.05  19.19  20.58  21.92  19.43  21.38  19.19  22.60  21.63 999.00  20.56  19.90  24.27  17.82  21.40  10.08  19.41   6.65  23.24  22.60  22.66  21.11  21.53  23.48  24.72  21.65  23.69  24.63
 wrfout_d04_2016-04-19_20:00:00 999.00  23.05  18.67  21.53  19.10  19.86  21.72  19.23  20.96  18.87  22.65  21.42 999.00  19.99  19.71  23.60  17.52  21.27   9.93  19.22   6.26  23.28  22.45  22.47  21.06  21.36  23.48  24.47  22.03  23.52  24.54
 wrfout_d04_2016-04-19_21:00:00 999.00  23.09  18.72  20.95  19.01  19.78  20.99  19.10  20.60  18.74  22.75  22.10 999.00  19.52  19.73  23.21  17.35  21.16   9.81  19.11   5.89  23.31  22.07  22.69  20.99  21.21  22.94  24.27  22.40  23.52  24.52
 wrfout_d04_2016-04-19_22:00:00 999.00  23.08  19.24  21.64  19.90  21.28  21.53  19.06  21.72  18.76  23.12  22.91 999.00  19.47  19.80  23.97  18.80  21.54  11.04  19.04   7.18  23.37  21.63  23.37  21.05  21.24  23.60  24.11  22.59  24.13  24.67
 wrfout_d04_2016-04-19_23:00:00 999.00  22.84  20.62  22.67  21.58  24.49  23.55  19.23  23.57  19.11  24.11  24.74 999.00  19.57  20.75  24.80  22.63  22.81  15.73  20.09  10.03  23.43  22.09  25.03  22.26  22.64  25.78  24.93  24.65  25.39  25.91
