 wrfout_d04_2016-10-21_00:00:00 999.00  27.75  23.48  28.14  24.59  28.97  29.30  28.23  28.88  29.24  28.61  28.17 999.00  28.98  28.79  29.12  25.79  29.85  17.70  28.69  10.48  29.04  30.11  27.79  31.39  30.85  28.96  30.21  27.10  28.33  28.45
 wrfout_d04_2016-10-21_01:00:00 999.00  27.55  24.82  28.94  26.07  29.70  30.70  31.27  30.93  31.49  29.16  28.52 999.00  28.76  29.85  28.29  26.07  29.67  18.70  29.00  10.79  29.21  29.83  28.52  30.76  30.17  29.05  29.95  27.07  28.48  28.35
 wrfout_d04_2016-10-21_02:00:00 999.00  27.57  25.68  31.43  27.03  30.62  32.45  30.86  32.62  32.64  29.98  28.58 999.00  29.11  31.25  28.43  26.64  29.68  19.42  29.63  11.10  29.18  29.75  29.17  30.45  30.06  29.25  30.08  27.23  28.79  28.63
 wrfout_d04_2016-10-21_03:00:00 999.00  27.59  26.03  30.90  27.70  30.99  32.84  31.10  33.04  32.98  30.08  28.38 999.00  31.14  32.49  29.12  30.18  29.72  20.11  30.17  10.88  29.10  29.75  29.38  30.32  30.02  29.36  30.23  27.61  29.22  28.86
 wrfout_d04_2016-10-21_04:00:00 999.00  27.58  26.65  32.36  28.04  29.65  33.07  29.67  33.35  33.24  29.81  29.58 999.00  32.66  33.64  30.48  27.89  29.69  20.38  30.27  11.19  28.86  29.66  28.94  30.42  30.14  29.45  30.42  28.02  29.42  29.28
 wrfout_d04_2016-10-21_05:00:00 999.00  27.62  25.19  31.21  26.25  30.91  32.13  28.71  32.87  32.97  30.62  29.53 999.00  31.26  34.25  30.09  28.63  29.40  20.07  30.30  11.15  28.69  29.65  28.09  30.45  30.25  29.55  30.78  28.07  29.28  29.62
 wrfout_d04_2016-10-21_06:00:00 999.00  27.61  25.97  32.08  27.25  30.61  33.08  29.33  33.75  32.69  30.78  29.45 999.00  30.52  34.45  29.59  28.28  29.24  19.59  30.14  12.68  28.49  29.51  28.50  30.44  30.31  30.06  31.01  28.72  29.18  30.50
 wrfout_d04_2016-10-21_07:00:00 999.00  27.51  25.93  30.64  27.02  30.46  33.75  28.38  33.72  31.92  29.79  28.67 999.00  29.74  34.05  29.03  27.46  28.79  18.98  29.95  12.07  28.48  29.39  28.90  30.50  30.41  30.11  31.40  28.30  28.63  30.11
 wrfout_d04_2016-10-21_08:00:00 999.00  27.42  24.95  28.55  25.97  29.92  32.48  27.18  33.26  30.37  29.37  28.32 999.00  28.79  33.28  29.16  26.65  28.77  18.03  29.88  11.21  28.50  29.37  28.34  30.54  30.37  29.56  30.93  27.64  28.17  29.57
 wrfout_d04_2016-10-21_09:00:00 999.00  27.44  23.57  27.78  24.45  29.00  30.62  26.45  31.72  29.07  28.58  27.90 999.00  28.67  31.49  28.66  24.62  28.56  16.62  29.64  10.38  28.52  29.28  27.51  30.02  29.65  28.91  30.52  26.74  27.14  28.96
 wrfout_d04_2016-10-21_10:00:00 999.00  27.41  23.20  26.37  23.81  28.70  30.12  26.26  30.33  28.59  28.25  27.60 999.00  28.43  30.37  28.22  23.56  28.53  16.55  29.45  10.49  28.57  29.19  26.98  29.58  28.95  28.62  30.31  26.39  26.82  28.53
 wrfout_d04_2016-10-21_11:00:00 999.00  27.42  23.09  26.27  23.24  28.50  29.49  26.01  29.30  28.26  27.77  27.62 999.00  28.58  30.09  27.98  23.08  28.48  16.66  29.03  10.50  28.53  29.13  26.79  28.31  28.06  28.24  30.03  25.74  26.77  28.32
 wrfout_d04_2016-10-21_12:00:00 999.00  27.46  22.92  27.68  23.48  28.37  29.25  25.56  29.09  27.32  27.52  27.42 999.00  28.51  29.81  27.82  22.67  28.39  16.61  28.79  10.37  28.52  29.13  26.62  29.57  28.18  27.73  29.76  26.04  26.70  28.22
 wrfout_d04_2016-10-21_13:00:00 999.00  27.49  22.67  27.64  23.10  28.16  28.70  25.31  28.87  26.94  27.12  27.37 999.00  28.45  29.45  27.54  22.43  28.25  16.23  28.85  10.31  28.39  29.14  26.53  29.83  29.11  27.10  29.66  25.75  26.66  28.03
 wrfout_d04_2016-10-21_14:00:00 999.00  27.42  22.48  26.81  22.44  28.07  28.34  25.17  28.42  26.74  26.81  27.24 999.00  28.23  29.13  27.22  22.24  28.11  16.33  28.76  10.35  28.31  29.04  26.49  29.58  27.72  27.42  29.38  25.16  26.61  27.80
 wrfout_d04_2016-10-21_15:00:00 999.00  27.35  22.34  26.35  22.22  27.75  28.16  25.10  27.96  26.48  26.42  27.21 999.00  27.70  28.79  26.50  22.07  28.03  16.36  28.30  10.23  28.26  28.91  26.36  29.22  27.57  27.31  28.95  25.49  26.55  27.57
 wrfout_d04_2016-10-21_16:00:00 999.00  27.30  21.97  26.37  21.95  27.33  27.61  25.04  27.60  26.41  26.07  27.18 999.00  27.35  28.43  26.28  21.95  27.93  16.22  27.73  10.24  28.26  28.78  25.74  28.85  27.31  26.66  28.75  25.73  26.42  27.38
 wrfout_d04_2016-10-21_17:00:00 999.00  27.24  21.27  25.50  21.81  26.44  27.24  24.94  27.24  26.24  25.88  27.15 999.00  27.08  28.02  26.33  21.81  27.97  16.51  27.24  10.25  28.26  28.58  26.54  28.84  28.44  26.55  28.69  25.95  26.31  27.31
 wrfout_d04_2016-10-21_18:00:00 999.00  27.16  21.27  25.47  21.79  26.15  26.74  24.72  26.80  26.03  25.94  27.26 999.00  26.78  27.63  27.36  21.73  27.94  16.47  26.97  10.41  28.24  28.59  26.55  28.58  27.14  26.20  28.75  25.53  26.29  27.16
 wrfout_d04_2016-10-21_19:00:00 999.00  27.07  21.19  25.38  21.77  25.97  26.44  24.68  26.53  25.85  26.08  27.28 999.00  26.36  27.26  27.20  21.51  27.91  16.34  26.87  10.36  28.23  28.47  26.77  28.39  27.03  25.82  28.65  25.34  26.34  27.12
 wrfout_d04_2016-10-21_20:00:00 999.00  27.02  21.18  25.19  21.83  25.84  26.04  24.69  26.10  25.51  25.15  27.15 999.00  26.05  26.93  26.30  21.33  27.88  16.33  26.49  10.24  28.21  28.39  26.14  28.42  26.96  26.16  28.58  25.60  26.33  26.98
 wrfout_d04_2016-10-21_21:00:00 999.00  27.00  21.07  25.05  21.70  25.62  25.72  24.49  25.89  25.25  24.97  27.21 999.00  25.80  26.67  26.11  21.21  27.87  16.34  26.33  10.31  28.21  28.40  25.97  28.45  26.79  25.86  28.53  24.96  26.38  27.00
 wrfout_d04_2016-10-21_22:00:00 999.00  27.09  20.95  24.95  21.64  25.54  25.54  24.55  25.83  25.15  24.94  27.38 999.00  25.57  26.35  26.08  21.11  27.88  16.44  26.42  10.23  28.18  28.30  25.93  28.19  26.68  26.19  28.65  25.22  26.07  27.12
 wrfout_d04_2016-10-21_23:00:00 999.00  27.04  23.30  27.11  24.33  27.54  26.69  26.56  27.18  26.65  26.86  27.69 999.00  27.21  27.10  27.61  22.50  27.99  16.61  26.62  10.72  28.16  28.37  26.78  28.75  28.35  26.69  28.75  26.04  26.99  27.71
