 wrfout_d04_2016-10-03_00:00:00 999.00  26.66  22.32  27.06  24.03  26.82  26.62  26.83  26.83  27.05  27.40  27.38 999.00  27.92  27.11  27.78  25.98  27.69  16.64  26.19  11.09  27.28  25.15  27.16  26.64  27.53  28.32  29.64  27.96  27.49  28.19
 wrfout_d04_2016-10-03_01:00:00 999.00  26.52  22.81  28.03  24.24  27.98  28.77  27.78  28.64  28.51  29.49  28.35 999.00  28.80  28.79  28.73  25.32  27.16  18.29  27.32  12.32  27.26  26.10  27.68  27.66  27.93  29.66  29.99  27.79  27.14  27.69
 wrfout_d04_2016-10-03_02:00:00 999.00  26.54  22.93  28.47  25.13  28.38  29.77  28.13  29.90  29.90  31.41  29.23 999.00  29.35  30.50  29.13  26.69  27.61  19.01  27.82  12.87  27.35  27.26  27.96  29.87  30.09  30.09  31.47  28.60  26.99  29.31
 wrfout_d04_2016-10-03_03:00:00 999.00  26.54  24.40  28.64  26.19  28.46  30.94  28.19  30.08  30.12  32.51  29.96 999.00  29.46  31.65  29.58  27.47  27.90  19.37  29.19  13.19  27.30  27.43  28.21  31.03  31.12  30.32  32.20  28.80  28.62  29.98
 wrfout_d04_2016-10-03_04:00:00 999.00  26.54  24.30  28.48  26.27  28.46  31.06  28.00  30.77  30.17  32.65  29.90 999.00  29.88  31.97  29.90  26.50  27.99  19.50  30.35  13.17  27.33  27.51  28.52  31.97  32.23  30.46  32.29  28.92  28.78  30.23
 wrfout_d04_2016-10-03_05:00:00 999.00  26.56  23.87  28.23  25.72  28.41  30.71  27.38  30.49  30.15  32.76  29.73 999.00  29.77  32.00  29.97  27.53  28.02  19.46  30.78  13.03  27.26  27.59  28.45  32.55  32.55  30.40  32.21  28.74  28.57  30.17
 wrfout_d04_2016-10-03_06:00:00 999.00  26.61  23.35  27.86  25.12  27.75  30.22  27.66  29.98  29.77  32.24  29.51 999.00  29.70  31.92  29.49  27.49  27.88  18.89  30.80  12.51  27.39  27.79  28.12  32.15  32.24  30.13  31.82  28.33  28.40  30.15
 wrfout_d04_2016-10-03_07:00:00 999.00  26.64  22.48  27.25  24.21  27.67  29.65  27.32  29.36  29.14  31.16  28.96 999.00  29.30  30.94  28.87  26.84  27.80  18.02  30.49  11.83  27.33  27.79  27.80  31.38  31.33  29.68  31.29  27.57  27.77  29.57
 wrfout_d04_2016-10-03_08:00:00 999.00  26.68  21.65  26.47  23.27  27.06  28.82  26.76  28.59  28.55  29.68  28.11 999.00  28.58  29.94  28.12  25.39  27.46  16.98  29.60  10.99  27.20  27.70  27.19  30.33  30.36  29.18  30.85  26.81  27.52  29.22
 wrfout_d04_2016-10-03_09:00:00 999.00  26.74  20.73  25.44  21.88  26.17  27.63  25.88  27.33  27.36  28.10  27.19 999.00  27.72  28.53  28.03  24.53  27.11  15.87  28.49  10.03  27.25  27.67  26.35  28.97  29.05  28.57  30.10  26.29  26.38  28.86
 wrfout_d04_2016-10-03_10:00:00 999.00  26.78  20.14  23.79  20.48  25.50  26.73  25.21  26.46  26.16  27.10  26.58 999.00  27.05  27.69  28.03  22.55  26.77  14.05  27.08   8.08  27.23  27.57  26.36  28.02  27.95  28.22  29.96  25.82  24.92  28.46
 wrfout_d04_2016-10-03_11:00:00 999.00  26.73  20.11  23.65  19.95  25.15  26.16  25.02  26.05  25.48  26.56  26.20 999.00  26.88  27.05  27.96  21.92  26.69  13.72  26.35   7.56  27.19  27.53  26.34  27.45  27.50  27.94  30.03  25.31  24.56  28.30
 wrfout_d04_2016-10-03_12:00:00 999.00  26.70  20.19  23.44  19.89  25.10  25.90  24.66  25.69  25.36  26.11  25.96 999.00  26.56  26.51  27.68  21.50  26.35  13.37  26.16   6.96  27.15  27.60  25.92  26.99  27.06  27.55  30.08  25.00  24.28  28.15
 wrfout_d04_2016-10-03_13:00:00 999.00  26.67  20.25  23.53  19.98  24.99  25.82  24.52  25.52  25.22  25.67  25.90 999.00  25.94  26.14  27.02  21.29  26.29  13.11  25.77   6.80  27.22  27.33  25.57  26.89  26.83  27.65  30.03  25.15  24.05  27.82
 wrfout_d04_2016-10-03_14:00:00 999.00  26.66  20.24  23.54  19.93  25.17  25.59  24.09  25.24  25.16  25.95  25.95 999.00  25.59  25.82  26.78  21.15  26.29  12.95  25.30   6.69  27.17  26.96  26.07  26.55  26.65  27.76  29.57  25.04  23.79  27.68
 wrfout_d04_2016-10-03_15:00:00 999.00  26.70  20.28  23.47  19.88  25.10  25.32  23.96  25.13  25.01  25.56  25.59 999.00  25.54  25.81  26.54  20.85  26.23  12.76  24.70   6.46  27.38  27.08  25.89  26.10  26.27  27.45  29.14  24.93  23.53  27.33
 wrfout_d04_2016-10-03_16:00:00 999.00  26.68  20.32  23.37  19.86  24.59  25.06  23.88  24.96  24.83  24.90  25.35 999.00  25.47  25.60  26.39  20.53  26.05  12.46  24.21   6.28  27.31  26.94  25.49  25.85  26.14  27.31  28.77  24.69  23.41  27.01
 wrfout_d04_2016-10-03_17:00:00 999.00  26.89  20.55  23.36  21.39  24.16  25.36  24.89  24.88  24.59  24.97  25.00 999.00  25.39  25.28  26.38  20.22  25.81  12.25  23.78   6.12  27.20  26.80  25.49  25.59  25.91  27.23  28.57  24.56  23.33  27.02
 wrfout_d04_2016-10-03_18:00:00 999.00  26.88  20.46  24.55  21.40  24.59  24.82  24.78  24.75  24.48  24.44  24.40 999.00  25.31  24.95  25.90  19.87  25.80  12.14  23.43   5.99  26.98  26.44  25.13  25.25  25.52  27.00  28.17  24.47  23.25  26.69
 wrfout_d04_2016-10-03_19:00:00 999.00  26.85  20.38  23.33  20.90  24.84  24.49  23.78  24.38  24.08  24.38  25.22 999.00  25.24  24.34  25.73  19.66  25.83  11.91  23.45   5.94  26.97  26.51  24.60  25.06  25.22  26.78  28.10  24.44  23.17  26.52
 wrfout_d04_2016-10-03_20:00:00 999.00  26.83  20.25  23.15  19.62  24.84  24.15  24.79  24.04  23.82  24.20  25.31 999.00  25.32  24.23  25.48  19.44  25.96  11.75  23.38   5.93  26.97  26.13  24.53  24.82  25.00  26.71  28.01  24.28  23.01  26.27
 wrfout_d04_2016-10-03_21:00:00 999.00  26.81  20.06  23.17  20.26  24.66  23.84  24.87  23.76  23.56  24.00  25.26 999.00  25.27  23.93  25.12  19.24  25.94  11.56  23.27   5.84  26.95  25.93  24.42  24.60  24.71  26.67  28.04  24.03  22.92  26.29
 wrfout_d04_2016-10-03_22:00:00 999.00  26.86  20.08  23.19  19.54  23.90  23.83  23.54  23.84  23.52  24.06  25.01 999.00  24.40  23.71  25.12  19.16  25.95  11.56  23.53   5.86  26.94  26.05  24.47  24.22  24.33  26.65  28.13  24.09  23.10  26.44
 wrfout_d04_2016-10-03_23:00:00 999.00  26.82  20.73  25.64  21.95  25.40  25.16  25.42  25.85  25.55  26.42  26.50 999.00  26.31  24.78  26.84  21.83  26.73  14.96  24.14   9.76  27.03  25.50  26.43  24.95  25.07  26.72  28.52  25.86  26.11  27.41
