 wrfout_d04_2016-12-20_00:00:00 999.00  23.56  18.44  23.66  19.82  23.50  23.69  17.62  22.70  17.03  23.47  23.17 999.00  17.47  19.93  24.57  20.53  20.09  14.68  15.79   7.97  20.62  18.75  24.24  16.85  18.29  25.52  22.43  23.90  25.46  25.28
 wrfout_d04_2016-12-20_01:00:00 999.00  23.12  19.71  25.34  21.24  24.91  25.61  21.69  25.81  21.16  24.75  24.88 999.00  20.48  22.92  25.96  21.76  19.68  17.54  16.52   9.19  20.23  20.29  25.18  19.03  20.82  26.62  24.62  24.99  24.38  25.75
 wrfout_d04_2016-12-20_02:00:00 999.00  23.12  20.72  26.47  22.30  26.06  27.24  22.51  27.82  23.97  25.58  25.85 999.00  21.42  25.50  26.80  25.25  20.46  17.48  20.31  10.11  20.34  21.27  25.23  22.26  22.83  27.45  26.34  25.78  25.11  25.97
 wrfout_d04_2016-12-20_03:00:00 999.00  23.26  21.65  27.46  23.23  26.89  28.66  22.50  29.30  25.81  26.24  26.16 999.00  21.47  27.89  27.33  24.72  21.37  17.68  23.19  10.64  20.57  20.80  25.27  23.87  24.33  28.04  28.56  26.02  25.03  26.39
 wrfout_d04_2016-12-20_04:00:00 999.00  23.34  22.07  27.96  23.64  27.32  29.19  23.63  30.00  26.74  26.29  26.40 999.00  21.87  29.07  27.10  25.90  22.48  17.92  26.05  10.84  20.91  20.93  26.30  26.66  27.10  28.34  29.01  26.54  24.69  26.40
 wrfout_d04_2016-12-20_05:00:00 999.00  23.33  22.26  28.08  23.77  27.41  29.31  25.09  30.04  26.83  26.06  26.36 999.00  22.42  29.91  27.27  26.00  22.73  17.82  26.81  10.70  21.11  21.70  26.27  26.85  26.78  28.40  29.29  24.50  25.47  27.65
 wrfout_d04_2016-12-20_06:00:00 999.00  23.32  21.90  27.76  23.38  26.92  29.05  26.29  29.72  27.03  25.65  25.90 999.00  22.36  29.86  27.23  25.44  22.34  17.32  27.56  10.33  21.21  21.52  25.74  25.50  25.68  27.59  29.82  25.67  24.65  27.54
 wrfout_d04_2016-12-20_07:00:00 999.00  23.31  20.87  26.71  22.33  26.12  27.81  27.43  28.49  26.54  25.49  25.54 999.00  21.90  29.29  26.85  24.29  21.61  16.30  26.45   9.39  21.46  22.04  25.34  25.01  25.50  27.20  29.61  25.50  25.58  26.97
 wrfout_d04_2016-12-20_08:00:00 999.00  23.43  19.80  25.36  21.13  25.26  26.52  27.67  27.10  25.61  24.87  24.78 999.00  21.10  28.34  26.32  22.43  21.12  14.96  24.48   8.21  21.07  22.03  24.82  24.52  24.87  26.74  29.63  24.56  24.21  26.20
 wrfout_d04_2016-12-20_09:00:00 999.00  23.25  18.67  24.12  19.84  24.12  25.20  25.29  25.76  23.60  24.54  23.96 999.00  20.87  26.89  25.80  18.10  21.15  10.23  23.18   4.93  21.09  22.19  23.97  23.42  24.24  26.13  27.95  23.49  23.86  25.86
 wrfout_d04_2016-12-20_10:00:00 999.00  23.37  18.51  23.95  19.71  23.64  24.58  23.38  25.03  22.61  24.29  23.88 999.00  20.73  25.86  25.76  17.11  20.67   9.57  22.68   5.49  21.29  22.27  23.92  22.86  23.53  25.94  27.25  22.99  23.78  25.64
 wrfout_d04_2016-12-20_11:00:00 999.00  23.48  18.56  23.92  19.71  23.53  24.31  21.62  24.76  21.95  24.07  23.57 999.00  20.65  25.00  25.72  16.99  20.23   9.34  21.92   5.82  21.49  22.38  23.31  22.49  23.14  25.89  27.28  22.94  23.86  25.50
 wrfout_d04_2016-12-20_12:00:00 999.00  23.51  18.58  23.92  19.70  23.35  24.20  20.75  24.57  22.61  23.91  23.50 999.00  20.53  24.73  25.27  17.07  20.42   9.16  21.63   5.77  20.78  22.58  23.71  22.05  22.53  25.78  27.08  22.87  23.95  25.49
 wrfout_d04_2016-12-20_13:00:00 999.00  23.46  18.54  23.82  19.65  23.07  24.06  20.47  24.38  21.60  23.89  23.41 999.00  20.40  24.49  25.25  17.04  20.31   8.99  20.83   5.74  21.30  22.45  23.64  21.75  22.09  25.57  26.75  22.29  23.89  25.34
 wrfout_d04_2016-12-20_14:00:00 999.00  23.62  18.52  23.70  19.58  22.56  23.92  20.65  24.11  20.71  23.78  23.39 999.00  20.40  23.94  25.47  16.92  20.47   8.94  19.95   5.41  21.61  22.13  23.69  21.59  21.75  25.57  26.45  22.19  23.86  24.92
 wrfout_d04_2016-12-20_15:00:00 999.00  23.64  18.47  23.69  19.54  22.23  23.80  19.95  23.70  19.94  23.01  23.29 999.00  20.34  23.31  23.71  16.72  20.86   8.70  19.55   5.50  21.01  22.09  23.61  20.84  21.39  25.44  25.81  22.80  23.97  24.72
 wrfout_d04_2016-12-20_16:00:00 999.00  23.58  18.53  23.76  19.62  22.02  23.62  19.73  23.64  19.02  23.45  23.65 999.00  20.07  22.59  23.98  16.55  20.81   8.53  18.95   5.51  21.50  22.49  23.46  20.65  20.87  25.31  25.20  22.51  23.89  24.61
 wrfout_d04_2016-12-20_17:00:00 999.00  23.64  18.62  23.89  19.74  21.90  23.68  19.57  23.72  18.88  23.56  22.91 999.00  20.57  21.61  23.93  16.23  20.83   8.47  18.78   5.37  21.64  22.04  23.60  20.83  21.05  24.55  25.05  22.06  23.78  24.64
 wrfout_d04_2016-12-20_18:00:00 999.00  23.64  18.56  23.80  19.68  21.71  23.62  19.54  23.71  18.76  23.40  22.98 999.00  20.04  21.01  23.82  15.95  20.74   8.12  18.52   5.04  21.55  22.17  22.43  20.29  20.88  24.32  24.55  21.94  23.81  24.59
 wrfout_d04_2016-12-20_19:00:00 999.00  23.63  18.55  23.74  19.61  21.62  23.68  19.88  23.83  17.81  23.01  22.92 999.00  19.75  20.50  23.78  15.77  20.77   7.87  18.16   2.84  21.27  22.30  21.97  19.92  19.98  23.81  24.24  21.60  23.48  24.49
 wrfout_d04_2016-12-20_20:00:00 999.00  23.80  18.50  23.62  19.55  21.43  23.50  19.98  23.38  18.45  22.95  22.96 999.00  19.30  20.07  23.99  15.40  20.80   7.85  17.92   2.64  21.20  22.12  23.30  19.89  19.89  23.36  23.98  21.51  23.37  24.31
 wrfout_d04_2016-12-20_21:00:00 999.00  23.78  18.44  23.50  19.41  21.20  22.03  19.00  24.25  18.57  22.18  22.57 999.00  18.97  19.87  24.09  15.51  20.73   7.74  17.78   2.31  21.27  21.19  22.72  19.80  20.02  23.75  23.10  21.57  23.73  24.28
 wrfout_d04_2016-12-20_22:00:00 999.00  23.78  18.37  23.58  19.27  21.20  21.89  18.92  22.26  17.08  22.59  23.11 999.00  19.08  19.52  22.67  15.42  20.70   7.65  17.55   2.04  21.22  20.81  22.39  19.64  19.95  24.16  22.67  22.37  23.52  24.32
 wrfout_d04_2016-12-20_23:00:00 999.00  23.85  18.45  23.27  19.46  23.37  22.94  18.73  23.50  17.30  23.05  23.15 999.00  18.86  19.83  23.03  17.02  20.84   9.51  17.38   5.15  21.07  20.33  22.61  19.55  19.83  25.08  22.82  22.62  23.86  24.59
