 wrfout_d04_2016-02-24_00:00:00 999.00  15.10   8.19  12.77   9.20  13.88  13.87  13.76  13.64  13.82  14.10  13.53 999.00  15.35  15.38  16.92  14.87  15.24  11.32  13.75   4.06  17.01  16.84  17.17  15.44  15.54  18.58  16.88  17.01  18.88  19.39
 wrfout_d04_2016-02-24_01:00:00 999.00  14.91   8.30  12.95   9.29  13.69  13.94  13.77  13.61  15.18  14.48  13.64 999.00  15.38  15.59  17.11  18.00  16.01  10.22  14.07   3.96  17.77  17.27  17.40  15.51  15.95  19.07  17.44  17.19  18.70  19.13
 wrfout_d04_2016-02-24_02:00:00 999.00  14.94   8.24  13.15   9.35  13.68  14.00  13.83  13.78  15.01  14.73  13.74 999.00  16.38  17.82  17.25  20.24  16.27  13.60  15.09   4.09  17.65  17.51  17.94  16.38  16.17  19.83  19.21  18.03  18.74  20.82
 wrfout_d04_2016-02-24_03:00:00 999.00  15.01   8.24  13.34   9.44  13.68  13.99  14.09  13.83  14.79  14.82  13.76 999.00  17.80  19.26  17.23  20.98  17.20  14.48  17.67   3.98  17.57  18.42  18.22  17.10  17.15  19.89  21.44  18.55  18.89  21.36
 wrfout_d04_2016-02-24_04:00:00 999.00  14.94   8.21  13.28   9.27  13.75  14.02  14.07  13.79  14.56  14.62  13.80 999.00  17.02  20.08  17.45  20.78  16.51  14.96  19.59   4.15  17.68  19.06  18.15  19.98  19.78  19.92  22.43  18.83  18.94  21.78
 wrfout_d04_2016-02-24_05:00:00 999.00  14.75   8.11  13.08   9.12  13.69  13.91  14.00  13.73  14.42  14.41  13.75 999.00  17.66  18.48  17.50  20.31  16.58  14.55  20.54   4.39  17.41  19.27  18.12  22.25  22.14  19.77  23.03  18.67  19.01  21.96
 wrfout_d04_2016-02-24_06:00:00 999.00  14.64   7.94  12.92   8.99  13.54  13.78  13.81  13.66  14.33  14.14  13.71 999.00  17.75  18.37  17.36  19.97  16.52  12.91  20.18   4.61  17.48  19.37  17.72  22.59  22.96  19.84  23.45  18.14  18.99  21.80
 wrfout_d04_2016-02-24_07:00:00 999.00  14.50   7.72  12.71   8.79  13.34  13.66  13.60  13.54  14.34  13.92  13.65 999.00  17.43  18.46  17.12  18.26  16.42  11.86  20.41   4.31  17.37  19.59  17.59  20.83  22.10  19.53  23.73  17.81  19.69  21.19
 wrfout_d04_2016-02-24_08:00:00 999.00  14.55   7.47  12.52   8.50  13.08  13.39  13.44  13.29  14.58  13.63  13.30 999.00  17.08  17.91  16.86  17.40  16.01  10.73  19.93   3.93  17.39  19.29  16.65  20.97  21.11  19.21  23.78  17.40  18.99  20.45
 wrfout_d04_2016-02-24_09:00:00 999.00  14.54   7.15  12.24   8.22  12.96  13.20  13.16  13.10  13.83  13.40  13.20 999.00  16.00  17.46  16.61  16.46  15.70  10.32  18.11   3.75  17.33  19.61  16.14  20.97  21.11  18.60  23.28  16.81  18.77  19.52
 wrfout_d04_2016-02-24_10:00:00 999.00  14.60   7.05  12.07   8.14  13.00  13.14  13.03  12.99  13.13  13.17  12.97 999.00  14.66  15.33  16.39  15.29  15.53   9.79  17.51   3.59  17.47  18.45  15.90  18.86  19.49  17.83  22.87  16.30  18.41  18.62
 wrfout_d04_2016-02-24_11:00:00 999.00  14.69   6.91  12.01   8.01  13.09  13.04  13.04  12.88  12.89  12.99  12.79 999.00  14.08  14.83  16.11  14.55  15.48   9.73  15.79   3.52  17.45  18.22  15.77  17.80  18.13  17.52  22.84  16.03  18.10  18.17
 wrfout_d04_2016-02-24_12:00:00 999.00  14.77   6.93  11.99   8.04  13.23  13.04  13.10  12.83  12.77  12.91  12.73 999.00  13.84  14.51  15.83  14.58  15.46   9.70  14.79   3.44  17.27  18.13  15.50  17.28  17.49  17.31  22.83  15.92  17.86  17.98
 wrfout_d04_2016-02-24_13:00:00 999.00  14.69   7.00  12.00   8.02  13.32  13.07  12.96  12.87  12.78  12.74  12.62 999.00  13.67  14.12  15.73  14.64  15.32   9.76  14.08   3.38  17.24  17.89  15.46  16.51  16.81  16.97  21.94  15.77  17.73  17.86
 wrfout_d04_2016-02-24_14:00:00 999.00  14.72   7.06  12.01   8.01  13.30  13.14  13.03  12.96  12.82  12.72  12.58 999.00  13.74  13.84  15.68  14.46  15.22   6.41  13.65   2.92  17.31  17.48  15.44  15.83  16.10  16.60  20.47  15.51  17.71  17.47
 wrfout_d04_2016-02-24_15:00:00 999.00  14.80   7.22  12.04   8.18  13.46  13.17  13.13  12.97  12.87  12.59  12.55 999.00  13.79  13.79  15.59  14.18  15.25   6.05  13.35   2.66  17.35  17.34  15.28  15.45  15.65  16.48  19.96  15.28  17.60  17.01
 wrfout_d04_2016-02-24_16:00:00 999.00  14.83   7.27  12.08   8.23  13.44  13.18  13.25  13.02  12.96  12.78  12.43 999.00  13.78  13.66  15.37  14.15  15.37   5.66  12.97   2.34  17.38  17.25  15.17  15.12  15.25  16.24  19.42  15.28  17.32  16.79
 wrfout_d04_2016-02-24_17:00:00 999.00  14.88   7.31  12.09   8.29  13.40  13.22  13.32  13.09  13.08  12.78  12.47 999.00  13.79  13.61  15.37  11.97  15.48   5.31  13.20   2.11  17.43  17.20  14.99  15.00  15.34  16.16  18.71  15.16  17.33  16.67
 wrfout_d04_2016-02-24_18:00:00 999.00  14.96   7.33  12.12   8.43  13.63  13.38  13.16  13.19  13.50  12.80  12.59 999.00  13.90  13.78  15.61  13.53  15.63   8.06  13.32   1.96  17.63  17.21  15.21  14.89  15.32  15.85  18.01  14.93  17.29  16.63
 wrfout_d04_2016-02-24_19:00:00 999.00  14.98   7.37  12.16   8.54  13.61  13.54  13.40  13.40  13.61  12.44  12.60 999.00  14.16  14.18  15.85  13.62  15.66   7.92  13.44   2.01  17.80  17.24  15.41  14.96  15.48  15.92  17.71  15.10  17.41  16.58
 wrfout_d04_2016-02-24_20:00:00 999.00  15.01   7.44  12.20   8.62  13.53  13.51  13.57  13.39  13.81  12.28  12.55 999.00  14.35  14.69  15.85  13.52  15.82   4.91  13.29   1.80  17.97  17.05  15.50  14.86  15.34  15.92  17.60  15.14  17.52  16.73
 wrfout_d04_2016-02-24_21:00:00 999.00  15.12   7.48  12.23   8.68  13.55  13.54  13.60  13.41  13.88  12.40  12.71 999.00  14.64  14.75  15.85  13.76  15.79   4.62  13.60   1.50  18.15  15.90  15.30  14.99  15.43  16.36  17.75  15.16  17.45  16.84
 wrfout_d04_2016-02-24_22:00:00 999.00  15.20   7.51  12.27   8.69  13.48  13.62  13.66  13.48  14.08  12.61  12.95 999.00  14.84  14.98  16.11  13.85  16.06   5.12  13.71   1.68  18.27  16.26  15.33  15.36  15.79  16.59  18.25  15.42  17.76  17.11
 wrfout_d04_2016-02-24_23:00:00 999.00  15.20   7.62  12.37   8.83  13.71  13.77  13.78  13.56  14.12  13.10  13.27 999.00  15.17  15.45  16.37  13.81  16.66   8.38  13.60   2.52  18.30  17.24  16.20  15.94  16.31  16.90  18.76  15.75  17.94  17.51
