 wrfout_d04_2016-09-28_00:00:00 999.00  28.00  22.62  27.18  23.51  28.21  29.42  28.35  30.02  28.78  28.40  27.89 999.00  29.14  29.86  27.93  23.40  26.90  14.91  26.37  10.24  27.66  28.01  27.10  28.16  27.89  28.46  28.84  25.94  27.11  28.11
 wrfout_d04_2016-09-28_01:00:00 999.00  28.03  23.04  27.83  23.95  28.46  30.07  28.75  30.65  29.59  29.47  28.57 999.00  29.92  30.96  27.92  23.96  27.13  15.23  27.05  10.30  27.65  28.12  27.34  28.41  28.21  28.52  29.07  26.64  27.87  28.36
 wrfout_d04_2016-09-28_02:00:00 999.00  27.91  23.30  28.19  23.69  28.19  29.13  29.85  30.57  31.37  29.73  28.96 999.00  30.98  32.00  28.28  25.26  26.98  15.51  27.16  10.52  28.08  28.35  28.02  28.59  28.46  28.71  29.20  27.23  28.30  28.64
 wrfout_d04_2016-09-28_03:00:00 999.00  27.88  23.67  28.45  24.73  28.58  29.57  30.60  29.87  32.00  30.10  28.99 999.00  30.68  31.52  28.22  26.59  27.62  16.26  27.47  10.66  28.34  28.49  28.02  28.88  28.66  29.08  29.38  27.66  28.58  28.87
 wrfout_d04_2016-09-28_04:00:00 999.00  27.85  24.14  28.59  25.17  28.88  30.92  29.64  31.70  32.50  30.03  28.97 999.00  30.73  31.32  27.67  28.10  27.91  16.84  27.59  10.90  28.34  28.50  28.17  29.09  28.85  29.07  29.53  28.11  28.66  29.37
 wrfout_d04_2016-09-28_05:00:00 999.00  27.87  24.26  29.08  25.26  29.62  30.95  31.90  31.68  33.68  29.72  28.77 999.00  30.86  31.37  28.17  28.68  27.80  17.25  27.85  11.06  28.46  28.60  28.04  29.25  28.97  29.49  29.74  28.33  28.72  29.69
 wrfout_d04_2016-09-28_06:00:00 999.00  27.82  24.20  29.17  25.19  29.64  31.16  31.62  32.34  33.64  29.67  28.76 999.00  30.68  30.90  28.50  29.12  27.92  17.37  28.01  11.28  28.46  28.66  28.88  29.26  29.12  30.22  29.75  28.47  28.60  29.66
 wrfout_d04_2016-09-28_07:00:00 999.00  27.75  23.94  28.93  24.92  29.34  31.03  30.43  32.18  33.28  29.37  28.44 999.00  30.73  30.72  28.33  27.12  28.11  16.98  28.19  11.30  28.51  28.69  28.58  29.49  29.29  30.14  29.70  28.48  28.24  29.52
 wrfout_d04_2016-09-28_08:00:00 999.00  27.70  23.37  28.23  24.39  28.76  30.70  30.95  31.39  32.72  28.91  28.05 999.00  30.52  30.70  28.15  26.31  28.22  16.50  27.98  10.97  28.56  28.70  28.17  29.59  29.35  29.66  29.60  27.74  27.63  29.59
 wrfout_d04_2016-09-28_09:00:00 999.00  27.65  23.13  27.82  24.05  28.28  30.19  29.34  30.70  31.65  28.36  27.68 999.00  30.34  30.08  27.80  24.84  28.17  15.94  27.74  10.48  28.57  28.69  27.50  29.06  28.94  29.06  29.60  26.93  27.01  29.10
 wrfout_d04_2016-09-28_10:00:00 999.00  27.59  22.86  27.79  23.79  28.02  29.91  27.90  30.09  32.10  28.13  27.49 999.00  29.80  29.82  27.64  23.37  28.33  15.97  27.57  10.22  28.63  28.65  27.30  28.87  28.77  28.66  29.50  25.75  26.65  28.73
 wrfout_d04_2016-09-28_11:00:00 999.00  27.58  22.68  27.43  23.54  27.94  29.39  27.66  29.45  30.97  28.15  27.46 999.00  29.43  29.41  27.31  22.95  28.39  16.09  27.21  10.33  28.65  28.65  27.22  28.66  28.54  28.56  29.47  25.17  26.63  28.56
 wrfout_d04_2016-09-28_12:00:00 999.00  27.56  22.53  27.16  23.40  27.88  28.93  26.48  29.40  30.06  28.09  27.41 999.00  29.19  28.79  26.97  22.36  28.39  16.00  27.13  10.23  28.67  28.64  26.95  28.46  28.59  28.35  29.36  24.83  26.63  28.42
 wrfout_d04_2016-09-28_13:00:00 999.00  27.52  22.39  27.08  23.28  27.81  28.54  26.20  28.81  29.22  27.94  27.20 999.00  29.18  27.31  27.01  22.52  28.45  15.39  27.07   9.68  28.65  28.59  26.87  28.10  28.02  28.14  29.12  24.59  26.66  28.44
 wrfout_d04_2016-09-28_14:00:00 999.00  27.46  22.28  27.03  23.17  27.70  28.10  26.23  28.22  28.35  27.54  26.71 999.00  29.10  26.63  26.64  22.36  28.36  15.34  26.86   9.99  28.62  28.48  27.05  27.81  27.80  28.01  28.93  24.53  26.42  28.22
 wrfout_d04_2016-09-28_15:00:00 999.00  27.39  22.39  26.96  23.18  27.75  27.56  26.05  27.66  27.68  27.27  26.64 999.00  28.89  26.63  26.70  21.47  28.30  15.22  26.68   9.97  28.55  28.40  26.94  27.72  27.69  27.61  28.75  24.93  26.30  28.17
 wrfout_d04_2016-09-28_16:00:00 999.00  27.32  22.22  26.76  23.05  27.74  27.05  25.62  27.02  27.08  27.04  26.59 999.00  28.60  26.29  26.92  21.28  28.16  15.08  26.50   9.53  28.47  28.31  26.29  27.63  27.61  27.52  28.69  24.56  26.16  28.02
 wrfout_d04_2016-09-28_17:00:00 999.00  27.27  22.00  26.52  22.83  27.45  26.78  25.40  26.63  26.74  26.10  26.49 999.00  27.98  25.95  27.22  21.00  28.06  15.13  26.54   9.62  28.40  28.28  26.11  27.61  27.46  27.47  28.63  24.81  26.06  27.99
 wrfout_d04_2016-09-28_18:00:00 999.00  27.25  21.84  26.29  22.64  27.20  26.29  25.19  26.29  26.29  25.64  26.37 999.00  26.90  25.39  26.52  20.70  28.09  15.03  26.19   9.59  28.32  28.22  25.64  27.38  26.38  26.74  28.46  24.75  25.82  27.74
 wrfout_d04_2016-09-28_19:00:00 999.00  27.22  21.28  25.44  21.54  27.04  25.78  24.95  26.04  25.86  25.44  26.56 999.00  26.45  25.28  26.57  20.51  27.98  14.94  25.79   9.72  28.19  28.11  25.79  27.33  27.23  27.00  28.39  24.72  25.64  27.56
 wrfout_d04_2016-09-28_20:00:00 999.00  27.19  20.60  24.95  21.17  26.84  25.32  24.97  25.65  25.45  24.99  26.48 999.00  26.02  24.78  26.26  20.36  27.82  14.54  25.54   9.83  28.20  28.13  25.98  27.09  27.12  27.34  28.31  24.74  25.52  27.53
 wrfout_d04_2016-09-28_21:00:00 999.00  27.17  20.56  25.11  21.06  26.65  24.99  24.92  25.39  25.27  24.76  26.45 999.00  25.63  23.99  25.66  20.18  27.81  12.78  25.48   9.66  28.20  28.21  25.07  26.94  25.94  26.73  28.25  24.46  25.39  27.26
 wrfout_d04_2016-09-28_22:00:00 999.00  27.16  20.74  25.47  21.36  26.62  25.13  25.08  25.38  25.41  24.92  26.43 999.00  25.41  23.82  26.17  20.28  27.76  12.69  25.62   9.70  28.22  28.25  25.76  27.22  25.99  27.73  28.28  24.67  25.54  27.21
 wrfout_d04_2016-09-28_23:00:00 999.00  27.15  23.29  26.75  23.73  27.78  27.32  27.16  26.62  27.30  26.89  27.29 999.00  28.08  26.70  27.83  24.27  28.27  17.04  26.36  11.04  28.25  28.40  27.29  28.57  28.57  27.93  28.88  25.92  26.80  28.05
