 wrfout_d04_2016-01-16_00:00:00 999.00  19.12  12.09  18.24  13.47  17.88  17.88  17.94  17.65  17.44  17.86  18.07 999.00  17.25  16.48  19.78  17.01  17.99   9.72  14.80   2.06  19.57  18.98  20.55  16.51  16.61  21.18  19.50  18.80  21.12  21.81
 wrfout_d04_2016-01-16_01:00:00 999.00  18.35  12.31  19.25  14.15  17.53  18.85  18.48  18.90  18.74  17.18  18.65 999.00  18.25  18.90  21.08  19.99  17.93  11.37  16.63   3.77  18.08  19.43  20.98  18.28  18.49  22.41  21.32  20.66  22.42  22.72
 wrfout_d04_2016-01-16_02:00:00 999.00  18.54  13.01  20.23  14.92  18.35  20.00  19.33  20.30  20.48  18.74  19.22 999.00  19.99  21.23  21.63  19.54  18.60  12.68  19.04   4.76  18.37  19.75  20.83  20.01  20.40  22.62  22.49  21.49  22.90  23.67
 wrfout_d04_2016-01-16_03:00:00 999.00  18.68  13.32  20.78  15.51  18.65  20.88  20.28  21.44  21.92  19.34  20.52 999.00  21.02  22.93  21.76  20.69  19.09  13.54  21.02   5.68  18.74  20.22  21.32  21.79  22.02  22.50  23.55  20.96  21.67  24.39
 wrfout_d04_2016-01-16_04:00:00 999.00  18.85  14.48  21.64  16.31  19.53  21.52  20.69  22.57  23.29  19.56  19.76 999.00  21.68  24.05  22.63  21.28  19.48  13.80  22.59   6.48  18.96  20.80  21.87  23.50  23.77  23.27  23.76  20.78  21.72  24.90
 wrfout_d04_2016-01-16_05:00:00 999.00  18.96  14.63  22.15  16.61  20.07  21.99  20.63  23.73  24.26  19.90  20.15 999.00  21.86  24.96  22.04  21.39  19.71  13.78  23.63   6.63  19.21  20.43  21.93  24.55  24.53  24.10  23.07  21.17  21.53  25.08
 wrfout_d04_2016-01-16_06:00:00 999.00  19.11  14.61  21.98  16.61  20.26  21.98  20.95  23.53  24.72  19.63  20.11 999.00  22.04  25.59  21.41  21.20  19.94  13.31  24.01   6.44  19.45  20.35  22.42  25.02  24.23  23.63  23.61  20.77  21.42  24.82
 wrfout_d04_2016-01-16_07:00:00 999.00  19.20  14.65  21.34  16.37  19.73  22.08  22.48  23.11  25.21  19.95  19.96 999.00  21.47  25.80  21.39  20.56  19.96  12.74  24.12   5.90  19.51  20.22  22.09  24.02  23.60  22.92  23.56  22.02  21.47  24.36
 wrfout_d04_2016-01-16_08:00:00 999.00  19.41  14.24  20.52  15.78  19.88  21.27  22.69  22.27  24.60  19.91  19.47 999.00  20.50  25.02  21.33  19.34  19.24  11.92  23.49   5.00  19.33  20.28  21.63  22.33  22.27  22.74  23.58  21.33  21.28  23.77
 wrfout_d04_2016-01-16_09:00:00 999.00  19.65  14.09  19.51  15.35  19.54  20.40  21.02  20.95  22.92  19.55  19.53 999.00  19.32  23.18  21.40  17.42  18.61   9.94  20.86   3.62  19.35  20.46  20.80  21.59  21.75  22.51  23.67  20.02  21.31  23.14
 wrfout_d04_2016-01-16_10:00:00 999.00  19.96  14.02  19.19  15.17  19.26  19.76  19.72  20.06  21.53  19.27  19.09 999.00  18.14  21.94  21.46  14.64  18.56   8.30  20.29   3.37  19.33  20.65  20.59  20.84  21.19  22.49  23.89  19.38  21.36  22.53
 wrfout_d04_2016-01-16_11:00:00 999.00  20.11  14.54  19.29  15.70  19.25  19.62  20.27  19.38  20.09  18.86  19.28 999.00  18.34  21.75  21.44  16.04  18.56   8.23  19.63   3.41  19.49  20.82  20.30  20.41  20.68  22.02  23.80  19.51  21.39  22.45
 wrfout_d04_2016-01-16_12:00:00 999.00  20.35  14.47  19.73  15.46  17.79  20.14  19.98  20.25  19.85  17.23  19.37 999.00  18.39  22.05  21.38  15.64  18.50   8.88  19.22   3.47  19.73  20.68  19.63  20.45  20.77  22.29  23.45  19.72  21.48  22.28
 wrfout_d04_2016-01-16_13:00:00 999.00  20.38  14.82  19.94  15.32  18.68  18.79  19.86  19.98  18.94  17.16  19.11 999.00  18.41  21.08  21.30  14.04  18.53   9.55  18.84   3.75  19.80  20.75  20.37  20.03  20.63  22.28  23.70  19.32  21.36  22.18
 wrfout_d04_2016-01-16_14:00:00 999.00  20.55  15.09  19.77  15.95  17.55  19.50  19.36  19.50  19.52  18.90  19.60 999.00  18.44  20.19  21.40  13.82  18.69   9.97  17.94   4.21  19.81  20.86  20.52  19.80  20.27  22.08  23.60  19.43  21.64  22.42
 wrfout_d04_2016-01-16_15:00:00 999.00  20.63  15.25  19.60  16.04  18.44  19.46  18.72  19.57  19.17  18.21  19.30 999.00  18.43  20.14  21.48  13.66  18.67  10.22  17.73   4.02  19.94  20.71  20.40  19.36  19.62  22.40  23.00  18.94  21.60  22.62
 wrfout_d04_2016-01-16_16:00:00 999.00  20.43  14.87  19.35  15.14  19.36  19.69  19.05  18.99  18.77  18.18  18.57 999.00  18.54  19.88  21.55  13.05  18.37   9.50  17.57   4.22  20.28  20.66  20.53  19.24  19.68  22.27  22.79  19.24  21.66  22.99
 wrfout_d04_2016-01-16_17:00:00 999.00  20.58  14.56  18.24  13.81  16.89  18.27  19.10  17.80  17.24  18.18  18.47 999.00  18.32  19.33  21.52  13.00  18.26  10.03  17.38   4.44  20.28  19.39  20.86  18.82  19.16  22.22  22.16  18.23  21.69  22.98
 wrfout_d04_2016-01-16_18:00:00 999.00  20.34  14.70  18.55  15.26  18.25  18.93  16.79  17.65  17.79  18.17  18.45 999.00  17.81  18.91  21.35  12.80  18.56   9.56  17.10   4.48  20.17  19.23  20.73  18.34  18.62  22.00  21.30  18.59  21.96  22.92
 wrfout_d04_2016-01-16_19:00:00 999.00  20.09  14.30  17.93  15.11  18.03  18.57  17.38  18.13  17.46  16.91  18.16 999.00  17.66  18.65  20.77  14.05  18.69   9.81  16.99   4.41  20.06  19.04  20.80  18.69  18.47  21.98  20.44  19.11  21.40  22.93
 wrfout_d04_2016-01-16_20:00:00 999.00  19.97  13.35  16.35  12.74  17.78  17.77  17.24  17.78  17.14  18.19  17.98 999.00  17.50  18.62  20.60  14.11  17.56   9.97  16.53   4.21  20.45  19.66  19.67  18.13  17.96  20.82  20.08  18.50  21.02  22.70
 wrfout_d04_2016-01-16_21:00:00 999.00  19.60  13.85  17.41  14.36  17.51  17.67  16.79  17.58  16.72  17.31  17.18 999.00  17.61  18.11  20.63  12.31  18.51   9.14  15.96   4.00  20.37  18.53  19.54  17.71  17.33  19.97  19.46  18.72  20.90  22.81
 wrfout_d04_2016-01-16_22:00:00 999.00  19.31  13.37  16.04  13.68  17.46  16.34  16.53  16.28  16.56  17.88  18.18 999.00  17.73  18.07  19.90  12.36  18.09   9.50  15.82   4.04  20.59  18.66  20.97  17.30  17.45  20.83  19.55  18.43  21.09  23.29
 wrfout_d04_2016-01-16_23:00:00 999.00  19.02  13.43  16.59  13.98  17.24  17.19  15.74  16.97  16.33  18.16  18.70 999.00  17.73  18.30  21.77  13.37  19.22   9.53  15.94   3.90  20.59  18.33  21.58  17.57  18.20  21.63  20.23  19.95  22.29  23.82
