 wrfout_d04_2016-11-04_00:00:00 999.00  23.58  17.16  23.55  18.74  22.09  23.71  23.03  23.16  23.84  22.25  22.44 999.00  23.13  23.26  24.18  19.33  24.98  13.01  23.03   7.96  24.90  23.48  23.73  23.22  23.68  25.50  25.88  24.71  25.41  25.47
 wrfout_d04_2016-11-04_01:00:00 999.00  23.63  17.98  25.33  19.75  22.63  24.70  24.73  24.43  25.47  22.98  23.65 999.00  24.82  25.29  23.88  21.09  25.63  14.33  24.52   9.25  24.97  24.41  25.35  25.50  25.73  26.56  27.27  26.01  26.35  27.02
 wrfout_d04_2016-11-04_02:00:00 999.00  23.67  18.81  24.91  20.52  23.30  25.48  25.84  25.60  26.54  22.23  24.34 999.00  26.03  26.73  25.89  22.24  26.13  15.15  25.57   9.90  25.06  24.92  25.75  26.84  26.89  27.47  28.18  26.89  26.96  28.13
 wrfout_d04_2016-11-04_03:00:00 999.00  23.66  19.44  24.61  21.08  23.84  25.74  25.28  26.16  26.99  22.90  23.63 999.00  26.46  27.67  26.40  22.98  26.44  15.57  26.36  10.09  25.15  25.22  26.14  27.85  28.02  27.84  28.69  27.34  27.20  28.96
 wrfout_d04_2016-11-04_04:00:00 999.00  23.71  19.47  25.40  21.13  23.91  25.86  26.08  25.76  28.06  23.29  23.58 999.00  26.52  28.40  27.00  23.35  26.64  15.71  27.13  10.07  25.31  25.49  26.18  28.45  28.59  28.18  28.89  27.44  27.40  29.29
 wrfout_d04_2016-11-04_05:00:00 999.00  23.79  19.37  25.35  21.01  23.70  26.16  26.05  26.37  27.03  22.13  23.83 999.00  26.76  28.69  26.85  23.28  26.43  15.31  27.69   9.72  25.43  25.59  26.20  28.56  28.32  28.12  28.79  27.25  27.23  28.50
 wrfout_d04_2016-11-04_06:00:00 999.00  23.62  18.77  25.42  20.42  23.42  25.17  25.25  25.86  26.43  22.01  24.21 999.00  26.92  28.56  26.39  23.04  26.18  14.18  27.75   9.16  25.55  25.61  25.78  28.53  28.40  26.62  28.97  26.93  27.02  28.31
 wrfout_d04_2016-11-04_07:00:00 999.00  23.93  18.27  25.12  19.74  23.02  24.79  25.32  25.14  26.84  21.61  23.71 999.00  26.75  28.41  26.21  22.59  25.63  13.06  27.25   8.27  25.25  25.63  24.50  28.25  27.98  26.50  28.82  25.36  26.45  28.53
 wrfout_d04_2016-11-04_08:00:00 999.00  23.89  17.30  23.73  18.81  23.13  24.02  24.90  24.34  25.47  21.21  23.26 999.00  26.48  27.98  25.67  21.62  25.20  12.19  26.36   7.09  25.12  25.67  24.93  27.39  27.21  26.40  28.39  24.60  25.64  27.83
 wrfout_d04_2016-11-04_09:00:00 999.00  24.24  16.43  22.65  17.89  23.35  23.51  23.27  23.56  23.92  21.41  22.31 999.00  25.71  26.31  25.05  19.03  24.48  11.41  25.06   6.16  25.01  25.67  23.40  26.37  26.24  26.24  27.76  24.06  24.34  26.76
 wrfout_d04_2016-11-04_10:00:00 999.00  24.13  16.82  21.35  17.98  23.24  23.19  22.71  23.02  23.08  21.56  21.67 999.00  25.34  25.38  24.88  17.48  24.31   8.81  24.19   2.85  24.93  25.62  23.80  25.63  25.67  25.87  27.45  22.54  23.70  26.29
 wrfout_d04_2016-11-04_11:00:00 999.00  23.92  16.66  21.46  18.05  22.72  22.99  22.39  23.19  22.78  21.72  21.64 999.00  25.33  24.78  24.63  16.78  24.17   8.46  23.67   2.45  24.86  25.55  22.81  25.27  25.31  25.50  27.22  23.00  23.20  26.25
 wrfout_d04_2016-11-04_12:00:00 999.00  23.95  16.88  20.82  18.21  21.65  22.52  22.39  22.52  22.41  21.48  21.27 999.00  25.14  24.87  24.40  16.17  24.13   8.26  23.68   2.08  24.87  25.50  23.07  24.94  25.10  24.79  27.18  22.02  23.25  26.10
 wrfout_d04_2016-11-04_13:00:00 999.00  23.97  17.12  22.05  18.31  22.53  22.11  21.98  22.04  21.94  21.38  21.29 999.00  24.66  24.49  24.27  15.73  24.08   7.94  23.53   1.62  25.03  25.39  22.42  24.52  24.81  24.71  27.09  22.08  22.14  25.88
 wrfout_d04_2016-11-04_14:00:00 999.00  24.32  16.98  21.85  18.26  22.46  23.06  21.58  22.54  21.26  21.38  21.57 999.00  24.40  23.67  24.02  15.43  24.32   9.25  23.34   1.29  25.29  25.32  22.34  24.28  24.56  24.59  26.65  21.90  21.84  25.73
 wrfout_d04_2016-11-04_15:00:00 999.00  24.23  17.18  20.04  18.23  22.18  22.65  21.21  21.71  20.74  21.74  21.11 999.00  24.20  23.33  23.77  15.21  24.58   8.80  23.05   0.98  25.34  25.01  22.10  24.05  24.33  24.26  25.91  21.87  21.55  25.56
 wrfout_d04_2016-11-04_16:00:00 999.00  24.16  17.24  21.79  18.08  21.98  21.29  19.92  21.13  20.13  21.45  21.39 999.00  24.15  22.94  23.61  15.04  24.55   7.94  22.63   0.96  25.47  24.45  21.93  23.57  23.99  24.01  25.31  20.98  21.42  25.21
 wrfout_d04_2016-11-04_17:00:00 999.00  24.07  16.92  19.84  17.82  20.57  20.90  19.61  20.71  19.70  21.69  20.59 999.00  23.31  22.57  23.45  14.82  24.67   7.09  22.56   0.86  25.45  23.98  21.65  22.83  23.68  23.85  25.22  20.69  21.32  24.66
 wrfout_d04_2016-11-04_18:00:00 999.00  24.20  16.90  19.56  17.74  21.41  20.49  19.25  20.13  19.12  21.70  21.77 999.00  22.84  22.24  23.31  14.61  24.67   6.85  22.04   0.76  25.55  23.79  21.60  22.09  22.99  23.45  24.67  20.37  21.22  24.27
 wrfout_d04_2016-11-04_19:00:00 999.00  24.37  16.88  19.33  17.71  20.09  20.08  18.90  19.60  18.81  21.61  20.51 999.00  22.42  22.02  23.28  14.33  24.61   6.59  21.39   0.72  25.46  23.37  21.59  21.57  22.48  22.71  24.44  20.19  21.09  24.05
 wrfout_d04_2016-11-04_20:00:00 999.00  24.63  15.53  19.13  16.35  19.68  19.55  19.08  19.15  18.40  20.96  20.21 999.00  21.96  21.42  23.40  14.12  23.34   6.40  21.17   0.81  25.43  23.42  21.40  21.32  21.88  22.65  24.30  19.98  21.00  23.83
 wrfout_d04_2016-11-04_21:00:00 999.00  24.78  15.38  18.94  16.20  19.49  19.03  18.86  18.91  18.08  20.44  20.23 999.00  21.55  21.05  23.67  13.96  22.67   6.24  20.94   0.81  25.23  23.31  21.21  21.17  21.43  22.37  24.22  19.80  20.92  23.82
 wrfout_d04_2016-11-04_22:00:00 999.00  24.83  15.15  18.70  15.90  19.14  18.70  18.67  18.80  18.12  20.04  20.14 999.00  21.45  20.98  23.98  13.81  22.51   6.04  20.84   0.88  25.27  22.97  21.21  21.12  21.25  22.31  24.29  19.71  20.95  23.91
 wrfout_d04_2016-11-04_23:00:00 999.00  24.88  18.25  21.98  19.39  21.86  20.58  21.90  21.53  21.29  22.38  22.93 999.00  22.96  21.94  24.57  17.96  24.55  11.10  21.61   5.96  25.30  23.28  24.28  21.91  22.75  24.15  25.01  23.60  24.81  24.74
