 wrfout_d04_2016-02-25_00:00:00 999.00  15.15   7.72  12.60   9.00  13.86  14.04  13.90  13.83  14.14  13.39  13.63 999.00  15.40  15.84  16.49  14.06  16.85   9.71  14.56   2.75  18.42  17.79  17.35  16.67  16.91  17.35  19.28  17.06  18.28  18.86
 wrfout_d04_2016-02-25_01:00:00 999.00  15.21   7.76  12.91   9.03  13.95  14.19  13.96  14.06  14.32  13.63  14.04 999.00  15.74  16.68  16.59  15.06  17.13  11.48  15.33   3.41  18.45  18.49  17.99  17.47  17.87  18.51  20.28  18.38  19.03  19.66
 wrfout_d04_2016-02-25_02:00:00 999.00  15.29   7.85  13.16   9.09  14.09  14.27  13.95  14.12  14.39  13.84  14.12 999.00  16.05  17.21  17.00  15.58  17.30  11.68  16.23   4.39  18.53  18.94  18.38  18.98  19.32  19.28  20.84  18.88  18.92  20.03
 wrfout_d04_2016-02-25_03:00:00 999.00  15.37   7.82  13.28   9.09  14.27  14.38  13.91  14.29  14.32  14.21  14.08 999.00  16.27  17.52  17.30  15.46  17.04  12.63  16.91   5.24  18.59  18.97  19.00  20.96  21.50  20.62  20.66  20.32  19.40  21.03
 wrfout_d04_2016-02-25_04:00:00 999.00  15.42   7.92  13.45   9.19  14.23  14.51  13.98  14.42  14.45  14.30  14.26 999.00  16.35  17.84  17.71  15.27  17.14  11.73  18.18   4.75  18.60  19.33  19.00  20.76  22.25  20.84  21.70  20.81  19.28  21.13
 wrfout_d04_2016-02-25_05:00:00 999.00  15.48   8.05  13.59   9.26  14.17  14.41  14.10  14.40  14.42  14.37  14.58 999.00  16.71  18.22  17.83  15.13  16.97  12.05  17.68   4.15  18.66  19.66  19.20  20.71  21.90  21.82  22.44  20.82  20.68  21.91
 wrfout_d04_2016-02-25_06:00:00 999.00  15.50   8.13  13.68   9.34  14.29  14.47  14.36  14.42  14.54  14.51  14.62 999.00  16.84  18.59  17.86  15.14  16.91  11.12  17.46   3.93  18.41  19.62  19.56  21.72  22.45  21.56  23.35  20.99  19.65  22.41
 wrfout_d04_2016-02-25_07:00:00 999.00  15.48   8.21  13.57   9.46  14.34  14.60  14.44  14.54  14.67  14.42  14.97 999.00  17.08  19.18  17.88  15.92  16.79  11.25  17.42   3.84  18.41  19.79  19.51  22.27  22.62  21.87  23.42  20.88  19.43  22.10
 wrfout_d04_2016-02-25_08:00:00 999.00  15.41   8.33  13.55   9.53  14.42  14.60  14.40  14.56  14.82  14.72  15.34 999.00  17.04  19.06  17.81  15.37  16.72  10.42  17.29   3.68  18.38  19.71  18.93  21.66  21.93  21.29  23.01  20.30  20.23  21.39
 wrfout_d04_2016-02-25_09:00:00 999.00  15.46   8.45  13.22   9.54  14.07  14.53  14.28  14.61  15.01  14.56  15.39 999.00  16.38  18.98  17.81  14.53  16.63   9.65  17.01   3.56  18.43  19.65  18.02  20.27  20.63  20.56  22.42  19.30  19.64  20.75
 wrfout_d04_2016-02-25_10:00:00 999.00  15.52   8.35  13.06   9.46  13.93  14.37  14.30  14.18  14.95  14.34  15.27 999.00  16.05  18.58  17.51  14.02  16.71   9.15  16.89   3.36  18.40  19.60  17.97  19.07  19.59  19.76  22.21  17.55  19.18  20.05
 wrfout_d04_2016-02-25_11:00:00 999.00  15.63   8.37  13.03   9.43  13.88  13.99  13.91  13.77  14.71  14.07  14.90 999.00  16.20  17.98  17.39  14.06  16.71   9.05  16.49   3.22  18.41  19.53  18.12  18.40  18.78  19.36  22.06  17.50  19.28  19.81
 wrfout_d04_2016-02-25_12:00:00 999.00  15.67   8.37  13.02   9.49  14.01  13.80  13.93  13.59  14.51  13.89  14.90 999.00  16.19  18.40  17.52  14.18  16.62   9.02  16.40   3.19  18.52  19.53  18.41  18.03  18.32  19.38  21.95  17.54  19.23  19.60
 wrfout_d04_2016-02-25_13:00:00 999.00  15.65   8.38  13.06   9.51  14.12  13.93  14.10  13.73  14.43  14.06  14.87 999.00  16.01  18.20  17.47  14.10  16.77   8.98  16.52   3.13  18.54  19.38  17.71  17.88  18.16  19.40  21.56  17.52  19.37  19.66
 wrfout_d04_2016-02-25_14:00:00 999.00  15.52   8.39  13.06   9.54  14.17  13.90  14.09  13.77  14.51  14.02  15.35 999.00  15.93  17.63  17.71  14.11  16.75   8.93  16.26   3.02  18.51  19.24  18.24  17.67  17.98  19.58  20.96  17.79  19.34  19.31
 wrfout_d04_2016-02-25_15:00:00 999.00  15.53   8.38  13.01   9.50  13.89  13.72  14.07  13.73  14.62  13.99  14.74 999.00  15.84  16.54  17.73  13.91  16.71   7.25  15.89   1.77  18.64  19.08  18.18  17.48  17.83  19.54  20.64  16.82  19.43  19.18
 wrfout_d04_2016-02-25_16:00:00 999.00  15.43   8.56  13.02   9.58  13.92  13.88  14.10  13.77  14.59  14.00  14.33 999.00  15.79  16.37  17.73  13.55  16.85   5.24  15.32   2.41  18.81  18.97  18.26  17.57  17.63  19.48  20.28  16.98  19.45  19.03
 wrfout_d04_2016-02-25_17:00:00 999.00  15.63   8.69  13.06   9.71  14.10  14.13  14.15  13.93  14.75  13.89  14.32 999.00  15.87  16.36  17.84  14.06  17.00   8.27  15.31   2.41  18.85  19.03  18.20  17.52  17.79  19.63  20.02  17.15  19.46  19.19
 wrfout_d04_2016-02-25_18:00:00 999.00  15.56   8.75  13.08   9.72  14.11  14.16  14.22  13.98  14.68  14.03  14.27 999.00  15.78  16.35  17.92  13.87  17.06   8.13  15.30   2.42  18.83  18.86  18.21  17.46  17.84  19.46  19.27  17.44  19.45  19.00
 wrfout_d04_2016-02-25_19:00:00 999.00  15.50   8.85  13.07   9.81  14.05  14.06  14.18  13.85  14.56  14.08  14.43 999.00  15.66  16.33  17.94  13.41  17.05   7.45  15.37   2.34  18.78  18.78  18.09  17.37  17.77  19.47  19.43  17.46  19.49  19.10
 wrfout_d04_2016-02-25_20:00:00 999.00  15.30   8.74  13.08   9.75  14.05  13.97  14.13  13.67  14.69  13.95  14.40 999.00  15.45  16.22  17.87  13.53  16.83   4.56  15.27   1.89  18.82  18.83  17.91  17.10  17.53  19.31  18.82  17.33  19.59  19.34
 wrfout_d04_2016-02-25_21:00:00 999.00  15.20   8.57  13.07   9.63  14.02  13.99  14.00  13.71  14.67  13.89  14.38 999.00  15.52  16.21  18.00  13.56  16.72   4.35  15.19   1.97  18.89  18.14  17.84  16.92  17.33  19.14  18.59  17.30  19.64  19.36
 wrfout_d04_2016-02-25_22:00:00 999.00  15.19   8.65  13.06   9.68  14.02  14.00  13.97  13.76  14.55  13.95  14.47 999.00  15.57  16.24  18.40  13.54  16.82   4.19  15.36   1.09  18.81  18.14  17.81  16.97  17.32  19.03  18.36  17.23  19.61  19.50
 wrfout_d04_2016-02-25_23:00:00 999.00  15.22   8.80  13.07   9.77  14.12  14.00  13.71  13.73  14.54  14.08  14.79 999.00  15.67  15.83  18.85  14.18  16.94   7.67  15.76   2.14  18.83  17.96  17.91  17.31  17.61  19.13  18.72  17.70  19.81  19.92
