 wrfout_d04_2016-10-18_00:00:00 999.00  26.97  22.08  28.50  23.84  26.86  28.47  28.00  28.88  28.78  27.88  27.77 999.00  27.93  27.73  28.21  24.93  26.17  18.45  25.69  11.24  26.27  25.17  27.43  25.79  26.13  28.53  28.70  26.98  27.53  28.28
 wrfout_d04_2016-10-18_01:00:00 999.00  26.56  22.51  29.39  24.87  27.96  29.60  29.24  30.03  30.54  27.56  28.23 999.00  27.67  28.26  29.27  26.10  27.56  19.64  27.62  12.70  26.90  26.96  27.81  25.94  26.46  29.33  28.89  27.75  27.67  28.62
 wrfout_d04_2016-10-18_02:00:00 999.00  26.54  22.23  30.10  25.26  28.07  30.75  30.02  30.91  32.22  28.28  28.73 999.00  28.46  30.04  29.79  26.65  28.52  20.56  29.24  13.69  26.93  27.42  28.23  28.12  28.53  29.86  29.49  28.30  28.45  29.88
 wrfout_d04_2016-10-18_03:00:00 999.00  26.55  22.48  30.40  25.57  27.75  31.34  31.10  31.42  33.33  28.04  29.15 999.00  29.16  31.64  30.01  28.27  28.93  21.00  30.52  14.20  26.91  27.32  28.39  30.60  30.10  30.10  30.60  28.59  28.86  30.45
 wrfout_d04_2016-10-18_04:00:00 999.00  26.47  22.77  30.60  25.67  28.29  31.70  31.42  31.79  34.28  29.37  29.17 999.00  30.57  32.66  30.15  28.45  29.16  20.98  31.06  14.47  26.92  27.06  28.52  32.06  30.97  30.25  31.03  28.75  29.09  30.64
 wrfout_d04_2016-10-18_05:00:00 999.00  26.43  22.42  30.36  25.40  28.68  31.67  31.50  31.75  34.52  29.36  29.27 999.00  30.92  33.65  30.20  28.23  29.26  20.75  31.26  14.34  26.97  26.88  28.57  32.25  30.90  30.31  30.86  28.71  29.01  30.51
 wrfout_d04_2016-10-18_06:00:00 999.00  26.47  22.28  30.16  25.11  27.62  31.39  31.15  31.35  34.22  29.20  29.08 999.00  30.86  33.58  29.99  27.90  29.11  19.55  31.48  13.72  27.10  27.01  28.40  31.95  30.55  30.16  30.64  28.37  28.57  30.10
 wrfout_d04_2016-10-18_07:00:00 999.00  26.61  22.20  29.23  24.35  27.26  30.48  30.46  30.74  33.05  28.63  28.73 999.00  30.36  33.31  29.64  27.43  28.08  19.06  30.93  12.84  26.91  27.11  27.94  31.00  29.69  29.70  30.40  27.92  27.98  29.69
 wrfout_d04_2016-10-18_08:00:00 999.00  26.67  22.14  28.39  23.63  27.15  29.50  29.40  29.81  31.26  28.03  28.12 999.00  30.05  32.44  29.02  26.62  27.48  18.06  29.96  11.62  26.79  27.12  27.28  29.79  29.04  28.98  30.01  27.12  27.40  29.13
 wrfout_d04_2016-10-18_09:00:00 999.00  26.68  21.98  26.80  22.78  26.83  28.18  27.89  28.59  29.32  27.24  27.25 999.00  29.30  30.97  28.15  24.90  27.12  16.51  28.65   9.61  26.98  27.08  26.50  28.60  27.87  28.22  29.29  26.10  26.38  28.39
 wrfout_d04_2016-10-18_10:00:00 999.00  26.61  21.88  25.74  22.57  26.61  27.48  27.31  27.95  28.65  26.49  26.78 999.00  28.78  30.08  27.58  23.34  26.99  14.74  27.87   9.52  26.95  26.95  26.15  27.46  27.03  27.71  28.98  25.60  26.15  27.94
 wrfout_d04_2016-10-18_11:00:00 999.00  26.57  22.00  25.73  22.62  26.23  27.40  27.20  27.80  28.40  25.72  26.52 999.00  28.56  29.28  27.34  22.51  26.77  14.41  27.47   9.73  27.01  26.97  25.97  26.99  26.84  27.47  28.80  25.37  26.09  27.73
 wrfout_d04_2016-10-18_12:00:00 999.00  26.61  21.75  25.63  22.43  26.04  27.22  27.08  27.59  28.22  25.78  26.46 999.00  28.57  28.76  27.22  22.00  26.73  14.03  27.23   9.89  27.18  27.04  25.87  26.81  26.70  27.33  28.53  25.21  26.04  27.58
 wrfout_d04_2016-10-18_13:00:00 999.00  26.62  21.61  25.34  22.44  25.80  27.03  26.93  27.43  28.02  25.67  26.43 999.00  28.31  28.46  27.09  21.58  26.59  13.79  26.58   9.89  27.20  27.02  25.77  26.64  26.45  27.22  28.20  25.09  26.07  27.33
 wrfout_d04_2016-10-18_14:00:00 999.00  26.63  21.64  25.87  22.40  26.00  27.05  26.73  27.29  27.72  25.26  26.33 999.00  27.64  28.13  27.00  21.17  26.63  13.50  25.78   9.83  27.15  26.97  25.72  26.35  26.17  27.04  27.87  24.86  26.04  27.16
 wrfout_d04_2016-10-18_15:00:00 999.00  26.58  21.65  24.66  22.41  26.05  26.68  26.65  27.09  27.39  25.06  26.54 999.00  27.43  27.76  26.90  20.75  26.39  13.09  25.28   9.77  27.03  26.81  25.67  26.08  25.83  26.91  27.57  24.63  26.04  26.94
 wrfout_d04_2016-10-18_16:00:00 999.00  26.59  21.67  25.08  22.46  26.05  26.59  26.51  26.87  27.11  24.80  26.02 999.00  27.14  27.36  26.72  20.37  26.17  12.71  24.84   9.72  26.90  26.60  25.61  25.63  25.45  26.70  27.40  24.44  26.00  26.68
 wrfout_d04_2016-10-18_17:00:00 999.00  26.60  21.68  24.97  22.45  26.05  26.54  26.46  26.89  26.74  24.72  25.61 999.00  26.66  26.87  26.32  20.00  26.21  12.45  24.69   9.68  26.68  26.39  25.66  25.25  25.05  25.96  27.43  24.31  26.11  26.60
 wrfout_d04_2016-10-18_18:00:00 999.00  26.61  21.45  25.40  22.42  26.04  26.50  26.43  26.84  25.57  24.78  25.29 999.00  26.20  26.77  26.01  19.62  26.34  12.16  24.32   9.67  26.62  25.48  25.58  24.86  24.67  25.87  27.30  24.20  26.11  26.49
 wrfout_d04_2016-10-18_19:00:00 999.00  26.63  21.38  25.64  22.36  25.50  26.50  26.41  26.79  25.17  24.71  25.10 999.00  25.81  26.24  25.70  19.37  26.27  11.99  24.18   9.61  26.72  24.54  25.53  24.72  24.67  26.48  27.15  24.11  25.89  26.40
 wrfout_d04_2016-10-18_20:00:00 999.00  26.63  21.45  25.75  22.36  24.67  26.48  26.37  26.77  24.72  24.76  25.07 999.00  25.42  25.76  25.48  19.18  26.20  11.77  23.90   9.57  26.60  24.52  25.50  24.59  24.56  25.60  27.08  23.96  25.93  26.31
 wrfout_d04_2016-10-18_21:00:00 999.00  26.68  21.54  24.21  22.46  25.87  26.38  26.34  26.74  24.06  24.86  24.78 999.00  25.02  25.29  25.27  19.01  26.03  11.62  23.47   9.54  26.75  24.57  25.45  24.33  24.33  25.94  27.07  23.93  25.92  26.28
 wrfout_d04_2016-10-18_22:00:00 999.00  26.69  21.67  24.20  22.50  25.61  26.24  26.32  26.67  23.51  24.80  24.77 999.00  24.59  25.40  25.09  18.81  26.15  11.47  23.14   9.63  26.73  24.66  25.43  24.04  24.00  25.87  27.07  23.94  25.94  26.29
 wrfout_d04_2016-10-18_23:00:00 999.00  26.70  21.86  27.45  23.26  26.14  27.50  27.07  27.79  25.69  26.04  27.03 999.00  25.85  25.88  27.34  22.39  26.77  15.82  23.31  10.75  26.60  24.72  26.49  24.01  24.12  27.41  27.35  25.38  26.42  27.22
