 wrfout_d04_2016-10-27_00:00:00 999.00  26.40  24.39  26.17  25.34  27.12  27.27  24.93  26.89  25.47  27.74  28.31 999.00  25.59  26.47  28.36  24.68  27.03  18.94  25.86  13.13  26.75  26.10  27.47  27.02  27.40  28.60  29.18  27.55  27.70  28.72
 wrfout_d04_2016-10-27_01:00:00 999.00  26.61  25.90  29.66  27.64  29.95  29.51  27.61  29.66  27.82  28.65  29.26 999.00  27.91  28.13  29.14  24.18  27.93  19.66  26.97  14.44  26.89  25.98  28.14  26.94  27.98  29.83  30.06  28.12  28.07  29.46
 wrfout_d04_2016-10-27_02:00:00 999.00  26.68  26.69  30.61  28.59  31.70  31.79  27.85  31.16  28.62  29.50  29.71 999.00  28.57  29.68  29.69  25.19  28.44  21.09  28.43  15.10  26.91  26.81  28.44  29.24  29.58  30.27  30.77  28.49  28.51  30.43
 wrfout_d04_2016-10-27_03:00:00 999.00  26.71  27.23  31.34  29.28  32.22  33.65  27.87  32.80  28.75  29.33  30.04 999.00  28.98  31.13  29.97  27.66  28.74  21.51  29.73  15.30  27.14  26.83  28.81  31.01  31.25  30.43  31.43  28.87  28.81  31.05
 wrfout_d04_2016-10-27_04:00:00 999.00  26.69  27.56  31.25  29.69  32.28  34.05  27.83  34.06  28.53  29.82  30.13 999.00  29.10  31.88  29.80  28.02  28.87  21.57  30.60  15.35  26.94  26.95  28.73  31.71  31.77  30.25  31.64  28.91  28.91  31.43
 wrfout_d04_2016-10-27_05:00:00 999.00  26.69  27.70  31.04  29.62  32.06  34.02  27.67  34.37  28.59  29.79  30.16 999.00  29.23  32.43  30.03  27.98  28.84  21.33  31.48  15.18  26.89  27.22  28.59  32.03  32.06  30.50  31.54  28.90  28.82  31.59
 wrfout_d04_2016-10-27_06:00:00 999.00  26.69  27.32  30.81  28.96  31.59  33.66  27.46  34.26  28.39  29.62  29.90 999.00  28.99  32.31  29.88  27.78  28.72  20.88  31.77  14.72  26.93  27.38  28.29  31.99  32.08  30.31  31.39  28.52  28.54  31.39
 wrfout_d04_2016-10-27_07:00:00 999.00  26.69  26.48  29.90  27.86  30.92  33.02  27.08  33.45  28.02  28.66  29.42 999.00  28.57  31.57  28.87  27.17  28.43  19.93  31.46  14.01  26.94  27.23  28.18  31.38  31.50  29.96  31.13  27.94  28.03  30.59
 wrfout_d04_2016-10-27_08:00:00 999.00  26.68  25.23  28.40  26.57  29.70  32.28  26.72  31.42  27.72  28.07  28.58 999.00  27.97  30.58  28.69  26.26  27.87  18.83  30.36  13.08  26.97  27.22  27.58  30.46  30.69  29.40  30.70  27.25  27.27  29.83
 wrfout_d04_2016-10-27_09:00:00 999.00  26.67  22.87  26.48  23.65  28.30  30.63  25.78  29.87  26.72  27.72  27.57 999.00  26.81  29.33  28.25  24.11  27.04  16.53  28.55   9.76  26.96  27.20  26.99  29.13  29.18  28.60  30.08  25.94  25.88  28.59
 wrfout_d04_2016-10-27_10:00:00 999.00  26.68  21.83  25.41  22.42  27.64  28.92  25.57  28.81  25.67  27.58  27.20 999.00  26.20  28.05  28.02  22.53  26.50  15.21  27.25   7.86  26.99  27.26  26.73  27.77  27.76  28.12  29.88  24.85  25.24  27.78
 wrfout_d04_2016-10-27_11:00:00 999.00  26.69  21.48  25.12  22.05  27.44  28.23  25.41  27.84  25.28  27.53  27.12 999.00  25.94  27.21  27.90  21.97  26.35  14.93  26.20   7.35  26.97  27.32  26.41  27.21  27.29  27.99  29.82  24.41  24.98  27.34
 wrfout_d04_2016-10-27_12:00:00 999.00  26.68  21.12  24.93  21.68  27.15  28.20  24.87  27.33  25.39  27.42  26.88 999.00  25.69  26.46  27.79  21.58  26.19  14.50  25.69   6.83  26.95  27.36  26.44  26.82  27.01  27.72  29.76  24.01  24.73  27.03
 wrfout_d04_2016-10-27_13:00:00 999.00  26.65  20.88  24.71  21.48  27.63  27.99  25.45  26.85  24.85  27.22  26.72 999.00  25.40  26.02  27.61  21.30  26.06  14.03  25.45   6.42  26.96  27.27  25.68  26.48  26.68  27.54  29.69  23.74  24.57  26.74
 wrfout_d04_2016-10-27_14:00:00 999.00  26.63  20.68  24.44  21.34  26.87  28.13  25.32  26.37  24.40  26.95  26.51 999.00  25.24  26.06  27.24  21.04  25.66  13.60  25.10   6.09  26.98  26.88  25.15  26.17  26.39  27.45  29.46  23.51  24.51  26.42
 wrfout_d04_2016-10-27_15:00:00 999.00  26.62  21.22  24.03  21.10  26.12  27.27  25.01  25.91  24.33  26.29  26.23 999.00  25.10  25.92  26.81  20.76  25.40  13.09  24.80   5.77  26.93  26.77  24.87  25.78  26.35  27.39  29.15  23.11  24.44  26.10
 wrfout_d04_2016-10-27_16:00:00 999.00  26.61  21.11  23.73  20.90  25.51  26.53  24.83  25.52  24.38  25.76  25.77 999.00  24.88  25.65  26.79  20.48  24.96  12.62  24.37   5.47  26.88  26.45  24.53  25.70  25.81  27.33  28.76  22.93  24.35  25.81
 wrfout_d04_2016-10-27_17:00:00 999.00  26.60  20.81  23.50  20.66  25.13  26.05  24.71  25.23  24.16  25.49  25.45 999.00  24.38  25.46  26.84  20.22  24.58  12.18  24.14   5.18  26.88  26.08  24.27  25.19  25.32  27.20  28.54  22.71  24.32  25.71
 wrfout_d04_2016-10-27_18:00:00 999.00  26.59  19.92  23.31  20.41  24.65  25.49  24.51  25.04  23.97  25.24  25.26 999.00  23.98  24.99  26.83  19.98  24.29  11.75  23.82   4.89  26.79  25.75  24.05  24.72  24.85  27.04  28.25  22.50  24.25  25.58
 wrfout_d04_2016-10-27_19:00:00 999.00  26.59  19.67  23.11  20.18  24.26  25.07  24.59  24.57  23.93  24.94  25.07 999.00  23.63  24.53  26.64  19.73  24.18  11.35  23.47   4.62  26.70  25.48  23.83  24.30  24.40  26.65  28.04  22.28  24.26  25.50
 wrfout_d04_2016-10-27_20:00:00 999.00  26.56  19.42  24.40  19.95  23.80  24.84  24.70  24.67  23.97  24.74  24.79 999.00  23.21  23.90  26.53  19.52  24.91  11.06  23.06   4.37  26.58  25.24  23.66  23.87  23.98  26.08  27.83  22.03  24.33  25.30
 wrfout_d04_2016-10-27_21:00:00 999.00  26.57  19.24  24.33  19.75  23.44  24.80  24.65  24.77  24.02  24.55  24.63 999.00  23.47  23.09  26.42  19.29  24.93  10.83  22.48   4.17  26.40  24.97  23.50  23.45  23.56  25.71  27.76  21.92  24.31  25.22
 wrfout_d04_2016-10-27_22:00:00 999.00  26.55  19.08  24.19  19.57  23.22  24.73  24.50  24.47  24.12  24.42  24.52 999.00  23.43  22.84  26.34  19.08  23.41  10.66  21.55   4.02  26.21  24.77  23.35  23.01  23.15  25.23  27.75  21.85  23.94  25.31
 wrfout_d04_2016-10-27_23:00:00 999.00  26.52  22.04  25.08  23.36  24.95  25.05  24.50  24.47  24.23  26.35  26.73 999.00  23.90  22.88  26.44  23.21  24.65  16.12  21.63  10.00  25.45  23.93  25.87  23.73  24.35  26.40  28.15  25.02  25.87  26.38
