 wrfout_d04_2016-09-02_00:00:00 999.00  28.29  24.15  30.31  25.70  29.99  29.69  29.82  29.84  30.41  29.72  29.70 999.00  29.07  28.49  30.04  24.25  29.99  17.24  27.46  13.21  29.14  29.49  28.81  29.13  29.64  29.85  30.26  28.59  28.65  29.22
 wrfout_d04_2016-09-02_01:00:00 999.00  28.33  25.29  31.74  26.95  30.86  31.14  30.02  31.38  30.32  30.98  30.81 999.00  30.03  28.57  31.02  23.59  29.75  17.21  27.48  13.90  29.15  29.45  29.44  29.74  29.65  30.57  30.81  29.55  28.95  29.33
 wrfout_d04_2016-09-02_02:00:00 999.00  28.48  25.64  30.87  27.56  31.53  31.40  29.24  31.96  31.23  32.08  31.46 999.00  30.03  28.74  31.67  24.31  29.66  18.94  27.84  14.01  29.13  29.39  29.53  29.11  29.57  31.11  30.58  28.23  29.82  29.44
 wrfout_d04_2016-09-02_03:00:00 999.00  28.59  25.40  32.26  27.95  31.71  32.87  30.98  33.08  31.54  32.74  32.12 999.00  30.16  29.09  32.22  24.93  30.10  19.54  28.80  14.31  29.12  29.43  30.13  29.11  29.74  31.84  30.75  28.49  30.13  29.23
 wrfout_d04_2016-09-02_04:00:00 999.00  28.54  23.36  29.68  25.55  29.40  32.45  29.26  32.54  31.00  32.72  29.70 999.00  30.88  29.03  32.52  26.55  30.41  19.73  28.41  14.38  29.10  29.42  30.54  29.05  29.56  32.04  30.78  26.56  30.20  29.58
 wrfout_d04_2016-09-02_05:00:00 999.00  27.87  24.31  30.33  26.67  27.51  30.40  30.86  33.01  31.35  31.49  30.00 999.00  31.03  29.40  31.30  24.53  31.10  19.09  28.92  12.11  29.10  29.40  30.23  28.63  29.86  32.07  30.98  27.88  30.29  29.44
 wrfout_d04_2016-09-02_06:00:00 999.00  27.50  24.17  29.61  26.56  27.24  29.71  30.84  29.91  33.08  29.75  28.97 999.00  29.74  30.58  32.33  27.12  31.09  19.28  28.11  14.22  29.06  29.24  28.82  28.74  29.69  31.72  30.78  27.35  29.50  29.47
 wrfout_d04_2016-09-02_07:00:00 999.00  27.24  23.95  28.87  25.90  26.13  29.14  30.71  29.75  31.81  27.45  29.31 999.00  28.78  27.05  31.76  24.20  30.83  18.04  28.36  13.46  29.06  29.37  29.44  30.19  29.86  31.34  30.63  27.78  29.06  29.47
 wrfout_d04_2016-09-02_08:00:00 999.00  27.04  22.98  27.53  24.31  26.80  28.04  29.99  29.80  31.58  27.78  28.16 999.00  29.81  27.50  31.19  23.83  30.28  17.82  26.51  12.07  29.06  29.35  28.26  29.60  29.46  30.37  30.59  26.49  28.66  30.21
 wrfout_d04_2016-09-02_09:00:00 999.00  26.86  22.45  27.37  23.49  26.27  27.87  29.21  28.71  30.82  26.55  26.85 999.00  29.74  29.01  30.90  24.66  29.74  16.67  28.01  11.85  29.09  29.29  28.13  29.32  29.20  30.13  30.49  27.33  28.13  29.83
 wrfout_d04_2016-09-02_10:00:00 999.00  26.70  22.15  25.74  23.23  25.86  27.23  28.88  27.56  29.97  25.51  26.42 999.00  27.60  25.99  29.78  22.92  29.32  15.99  28.46  10.99  29.12  29.40  27.04  29.14  29.12  29.39  30.34  26.15  27.61  29.40
 wrfout_d04_2016-09-02_11:00:00 999.00  27.01  21.99  26.00  22.94  25.92  27.27  28.73  27.41  29.80  26.30  27.04 999.00  27.49  27.04  29.47  22.58  29.11  16.27  26.55  11.14  29.08  29.40  27.35  28.77  29.12  29.13  30.28  25.90  27.54  29.18
 wrfout_d04_2016-09-02_12:00:00 999.00  27.37  22.20  26.43  23.13  26.08  27.50  28.06  27.28  29.14  26.01  27.38 999.00  28.06  27.54  29.30  22.39  29.03  16.16  27.54  11.20  29.12  29.40  26.93  27.82  28.94  28.75  30.18  25.62  27.46  29.14
 wrfout_d04_2016-09-02_13:00:00 999.00  27.44  22.20  26.52  23.12  26.51  27.57  28.01  27.40  28.89  28.59  27.04 999.00  28.29  27.80  29.35  22.76  28.99  16.10  27.56  10.98  29.18  29.53  26.68  27.39  28.89  28.34  30.22  25.39  27.44  28.98
 wrfout_d04_2016-09-02_14:00:00 999.00  27.30  22.13  26.08  22.93  26.79  27.49  28.02  27.53  28.87  27.75  27.68 999.00  28.35  27.36  29.40  21.68  28.94  15.64  27.30  10.88  29.15  29.44  26.52  27.52  28.84  27.89  29.96  24.95  27.41  28.87
 wrfout_d04_2016-09-02_15:00:00 999.00  27.44  22.23  26.11  22.98  26.47  27.37  27.87  27.38  28.57  27.25  27.30 999.00  28.05  27.02  29.27  22.49  28.87  15.94  27.13  10.17  29.15  29.34  26.33  27.65  28.63  27.60  29.86  25.09  27.34  28.83
 wrfout_d04_2016-09-02_16:00:00 999.00  27.46  22.01  25.77  22.84  26.20  27.29  27.94  27.38  28.47  27.26  27.15 999.00  28.19  27.50  29.01  22.39  28.82  15.86  26.98  10.43  29.16  29.42  26.44  27.56  28.55  27.16  29.63  24.86  27.28  28.61
 wrfout_d04_2016-09-02_17:00:00 999.00  27.35  22.23  25.97  23.08  26.21  26.93  27.54  27.12  28.05  27.28  27.10 999.00  27.99  27.41  28.81  22.19  28.79  15.65  26.89  10.85  29.10  29.39  25.87  27.45  27.96  27.00  29.68  25.61  27.23  28.53
 wrfout_d04_2016-09-02_18:00:00 999.00  26.98  22.22  25.86  22.99  26.04  26.30  26.90  26.41  27.64  26.87  26.88 999.00  27.70  27.09  28.61  21.83  28.69  15.58  26.75  10.03  29.08  29.38  25.82  27.30  27.87  27.28  29.64  25.57  27.21  28.38
 wrfout_d04_2016-09-02_19:00:00 999.00  26.94  22.12  25.85  22.93  25.91  26.21  27.28  26.23  27.59  26.73  26.92 999.00  27.87  26.71  28.38  21.48  28.60  16.03  26.70  10.77  29.03  29.32  25.90  27.16  27.91  27.41  29.58  24.76  27.18  28.39
 wrfout_d04_2016-09-02_20:00:00 999.00  27.27  22.06  25.43  22.75  25.84  26.11  27.11  26.69  27.95  26.36  26.56 999.00  27.89  26.79  28.19  21.71  28.48  15.94  26.10  10.75  29.01  29.26  26.24  27.25  27.67  27.73  29.39  24.75  27.13  28.22
 wrfout_d04_2016-09-02_21:00:00 999.00  27.20  22.01  25.68  22.68  25.80  26.12  26.86  26.09  27.39  26.20  26.21 999.00  27.67  27.07  27.87  21.48  28.36  15.81  26.04  10.59  28.93  29.29  25.81  26.92  27.54  27.77  29.46  24.77  27.19  28.27
 wrfout_d04_2016-09-02_22:00:00 999.00  27.33  22.21  26.09  23.04  26.00  26.22  27.29  26.18  27.11  25.97  26.64 999.00  27.67  26.83  28.29  21.72  28.41  15.99  26.57  10.95  28.95  28.61  26.00  26.91  27.79  27.80  29.55  25.26  27.33  28.32
 wrfout_d04_2016-09-02_23:00:00 999.00  27.44  22.47  26.37  23.47  26.62  26.05  27.07  26.28  27.01  26.99  28.15 999.00  28.25  27.26  28.61  22.07  28.53  16.19  26.85  11.76  28.91  29.18  27.63  27.72  28.18  28.46  29.74  25.61  27.79  28.71
