 wrfout_d04_2016-10-22_00:00:00 999.00  26.95  24.25  28.53  24.98  28.83  28.19  27.54  28.44  28.04  28.02  28.51 999.00  28.78  28.13  28.45  24.38  28.29  17.17  27.19  11.11  28.18  28.41  27.73  29.38  28.98  27.75  29.37  27.33  27.77  28.62
 wrfout_d04_2016-10-22_01:00:00 999.00  27.01  24.75  29.26  26.44  30.07  29.83  28.68  30.01  29.77  28.87  28.91 999.00  29.64  29.22  29.22  24.97  28.79  17.74  27.90  11.65  28.18  28.45  28.54  29.99  29.67  29.25  29.99  27.87  28.49  29.58
 wrfout_d04_2016-10-22_02:00:00 999.00  27.04  25.14  30.14  26.74  30.75  31.09  29.45  31.12  30.33  30.05  29.49 999.00  30.50  30.19  29.72  25.10  29.12  18.29  28.85  12.22  28.21  28.61  28.80  30.98  30.51  29.84  30.65  28.31  28.96  30.36
 wrfout_d04_2016-10-22_03:00:00 999.00  27.00  25.38  30.26  26.81  31.17  31.82  29.33  31.69  30.93  30.66  29.91 999.00  31.38  30.74  29.64  25.51  29.29  18.73  29.77  12.94  28.19  28.74  29.10  31.52  30.98  30.11  31.05  28.47  29.14  30.78
 wrfout_d04_2016-10-22_04:00:00 999.00  26.96  25.26  30.02  26.75  31.06  32.27  29.16  31.92  30.85  31.07  30.15 999.00  31.49  31.39  30.16  26.10  29.50  19.03  30.50  13.27  28.17  28.78  29.16  31.99  31.32  30.20  31.28  28.14  29.25  31.00
 wrfout_d04_2016-10-22_05:00:00 999.00  26.86  24.94  29.76  26.46  30.51  32.17  29.16  31.99  30.81  31.27  29.98 999.00  31.24  31.57  30.12  26.21  29.49  19.07  30.86  13.09  28.13  28.78  29.00  31.96  31.25  30.06  31.27  28.52  29.15  31.07
 wrfout_d04_2016-10-22_06:00:00 999.00  26.78  24.38  29.37  26.08  29.87  31.98  28.67  32.00  29.87  31.03  29.38 999.00  30.90  31.57  29.80  26.52  29.35  18.67  31.12  12.61  28.11  28.71  28.21  31.69  30.98  29.81  31.09  28.67  28.91  30.91
 wrfout_d04_2016-10-22_07:00:00 999.00  26.70  24.17  28.52  25.60  29.20  31.52  28.36  31.52  29.33  30.60  29.08 999.00  30.42  31.44  29.51  25.73  29.09  18.05  30.88  11.91  28.08  28.60  27.79  31.24  30.60  29.45  30.82  28.15  28.45  30.60
 wrfout_d04_2016-10-22_08:00:00 999.00  26.64  23.32  27.93  24.69  28.38  30.23  27.89  30.84  28.80  29.88  28.58 999.00  29.75  30.87  28.95  24.80  28.70  17.11  30.38  11.34  28.05  28.38  27.55  30.60  29.98  29.06  30.50  27.58  27.71  29.93
 wrfout_d04_2016-10-22_09:00:00 999.00  26.51  22.39  26.87  23.31  27.44  29.59  27.41  29.80  28.24  28.70  28.09 999.00  29.06  29.97  28.38  23.45  28.15  16.33  29.44  10.91  28.01  28.25  27.37  29.73  29.12  28.52  30.12  26.70  26.75  29.31
 wrfout_d04_2016-10-22_10:00:00 999.00  26.59  22.45  26.28  23.29  27.10  28.95  27.35  29.46  28.10  27.97  28.20 999.00  28.65  29.11  28.22  22.52  27.81  16.38  28.83  10.91  27.99  28.11  27.25  29.00  28.54  28.37  29.90  25.78  26.37  29.01
 wrfout_d04_2016-10-22_11:00:00 999.00  26.57  22.50  26.47  23.38  26.98  28.41  27.24  28.72  27.98  27.68  28.03 999.00  28.58  28.51  28.17  22.15  27.70  16.45  28.22  10.95  27.97  28.07  27.23  28.67  28.28  28.28  29.78  25.50  26.27  28.79
 wrfout_d04_2016-10-22_12:00:00 999.00  26.65  22.50  26.28  23.21  27.73  28.38  27.23  28.37  27.84  27.55  28.51 999.00  28.38  28.10  27.88  21.77  27.56  16.33  27.75  11.08  27.95  28.05  27.07  28.42  28.16  28.05  29.56  25.39  26.20  28.67
 wrfout_d04_2016-10-22_13:00:00 999.00  26.56  22.53  26.05  22.94  27.23  27.85  27.16  28.52  27.54  27.43  27.96 999.00  28.18  27.69  27.72  21.50  27.41  16.06  27.35  11.06  27.92  28.01  27.03  27.93  27.64  27.93  29.39  25.29  26.14  28.48
 wrfout_d04_2016-10-22_14:00:00 999.00  26.58  22.40  25.85  23.16  26.82  27.94  26.89  27.93  27.30  27.18  27.41 999.00  27.84  27.39  27.66  21.44  27.27  15.66  26.95  10.81  27.89  27.94  26.95  27.58  27.39  27.84  29.21  25.27  26.08  28.26
 wrfout_d04_2016-10-22_15:00:00 999.00  26.49  22.28  25.64  23.15  26.45  27.43  26.73  27.36  27.01  27.01  26.94 999.00  27.48  27.17  27.50  21.15  27.14  15.60  26.66  10.70  27.86  27.88  26.89  27.15  27.02  27.76  28.88  25.25  25.98  28.03
 wrfout_d04_2016-10-22_16:00:00 999.00  26.43  22.04  25.43  22.93  26.01  26.96  26.71  26.82  27.09  26.49  26.56 999.00  27.00  26.90  27.17  21.08  27.03  15.57  26.35  10.31  27.82  27.75  26.83  26.73  26.65  27.71  28.63  25.20  25.91  27.78
 wrfout_d04_2016-10-22_17:00:00 999.00  26.39  21.79  25.21  22.73  25.78  26.69  26.62  26.50  26.96  26.23  26.41 999.00  26.39  26.56  26.75  20.86  26.93  15.58  26.32  10.36  27.73  27.72  26.77  26.29  26.26  27.68  28.66  25.14  25.86  27.74
 wrfout_d04_2016-10-22_18:00:00 999.00  26.33  21.67  24.95  22.48  25.39  26.25  26.46  26.07  26.73  25.90  26.18 999.00  26.03  26.27  26.54  20.69  26.80  15.42  26.07  10.18  27.69  27.65  26.60  25.88  25.82  27.68  28.53  25.07  25.82  27.54
 wrfout_d04_2016-10-22_19:00:00 999.00  26.15  21.58  24.71  22.29  25.41  25.94  26.26  25.79  26.54  25.67  25.88 999.00  25.74  25.93  26.21  20.52  25.89  15.25  25.85   9.94  27.66  27.50  26.67  25.49  25.38  27.65  28.49  25.01  25.81  27.45
 wrfout_d04_2016-10-22_20:00:00 999.00  26.66  21.46  24.48  22.17  25.52  25.57  26.05  25.41  26.41  25.37  25.56 999.00  25.49  25.61  25.83  20.36  25.65  15.12  25.57   9.95  27.63  27.32  26.64  25.13  25.01  27.50  28.29  24.98  25.79  27.25
 wrfout_d04_2016-10-22_21:00:00 999.00  26.48  21.60  24.39  22.12  25.10  25.27  25.93  25.11  25.98  25.19  25.36 999.00  25.28  25.28  26.26  20.15  25.39  14.97  25.41   9.89  27.61  27.37  26.44  24.81  24.75  26.26  28.21  24.88  25.84  27.18
 wrfout_d04_2016-10-22_22:00:00 999.00  26.38  21.69  24.40  22.34  24.67  25.11  25.91  24.95  25.81  25.11  25.28 999.00  25.10  24.98  25.88  19.98  25.16  14.76  25.15   9.58  27.57  27.32  26.40  24.52  24.46  25.92  28.22  24.51  25.88  27.23
 wrfout_d04_2016-10-22_23:00:00 999.00  26.34  21.85  26.42  22.64  26.03  26.43  26.48  26.50  26.78  26.56  26.94 999.00  26.80  26.29  27.33  22.25  26.99  15.81  25.81  10.50  27.53  27.18  27.15  25.40  25.57  27.90  28.70  26.55  26.81  27.98
