 wrfout_d04_2016-04-29_00:00:00 999.00  21.40  16.10  22.50  17.56  22.20  22.45  21.99  22.55  22.43  22.58  21.90 999.00  23.42  25.36  24.08  23.09  24.11  14.06  22.91   7.92  24.30  23.94  23.08  24.52  24.82  24.09  27.21  22.52  24.27  24.78
 wrfout_d04_2016-04-29_01:00:00 999.00  21.42  17.01  23.87  18.52  22.89  23.60  23.28  23.79  24.18  23.58  23.00 999.00  25.27  27.12  24.82  24.20  24.69  14.91  25.20   8.56  24.34  25.18  23.65  26.58  26.93  25.65  28.25  23.29  24.20  25.57
 wrfout_d04_2016-04-29_02:00:00 999.00  21.44  17.77  24.65  19.32  23.33  24.35  24.22  24.69  25.42  24.05  23.94 999.00  26.15  28.53  25.39  25.18  25.15  15.75  26.94   6.78  24.38  25.93  24.02  28.27  28.70  24.69  28.67  25.68  23.98  26.07
 wrfout_d04_2016-04-29_03:00:00 999.00  21.44  18.27  25.29  19.85  23.61  24.85  24.44  25.17  26.39  24.41  24.29 999.00  26.91  29.68  25.68  26.05  25.49  13.89  28.42   6.74  24.47  26.33  23.99  29.80  30.11  25.11  28.19  26.05  24.04  27.64
 wrfout_d04_2016-04-29_04:00:00 999.00  21.45  18.47  25.59  20.07  23.72  25.11  24.28  25.42  27.15  24.60  24.49 999.00  26.51  30.38  24.86  26.57  25.64  13.16  29.48   6.98  24.45  26.15  23.92  31.00  31.26  25.13  28.20  26.28  24.11  26.84
 wrfout_d04_2016-04-29_05:00:00 999.00  21.46  18.39  25.59  20.00  23.69  25.12  24.01  25.43  27.46  24.34  24.37 999.00  26.52  30.76  24.70  26.91  25.68  12.90  29.84   7.06  24.43  25.97  23.27  31.61  31.74  24.91  29.03  26.04  24.11  26.94
 wrfout_d04_2016-04-29_06:00:00 999.00  21.50  18.12  25.43  19.73  23.56  24.87  23.83  25.22  27.44  23.72  24.13 999.00  26.45  30.90  24.65  26.80  25.62  12.61  29.75   6.93  24.46  26.01  23.01  31.54  31.41  24.70  29.69  24.44  24.07  27.57
 wrfout_d04_2016-04-29_07:00:00 999.00  21.53  17.57  24.84  19.10  23.23  24.45  23.65  24.82  27.12  23.23  23.97 999.00  25.90  30.44  24.52  26.33  25.38  12.88  29.10   6.71  24.54  26.18  22.84  30.88  30.84  24.49  29.81  22.88  23.70  27.85
 wrfout_d04_2016-04-29_08:00:00 999.00  21.58  16.77  24.13  18.27  22.67  23.76  23.38  24.24  26.04  22.80  23.84 999.00  25.44  29.57  24.35  25.34  24.97  14.27  28.00   6.47  24.55  26.24  22.48  30.06  30.01  24.02  29.65  22.85  23.68  25.53
 wrfout_d04_2016-04-29_09:00:00 999.00  21.64  15.79  22.90  17.20  22.14  22.82  23.13  23.42  24.64  22.48  23.45 999.00  24.78  28.18  24.07  24.03  24.40  13.35  27.03   6.13  24.45  26.21  22.28  28.94  28.99  23.37  29.08  22.46  23.47  24.77
 wrfout_d04_2016-04-29_10:00:00 999.00  21.74  14.49  20.59  15.82  21.40  21.71  22.26  22.23  22.87  22.02  22.81 999.00  23.93  26.52  23.68  21.65  23.71  11.29  25.11   5.71  24.41  26.00  22.29  27.51  27.65  23.24  28.51  22.15  23.32  24.28
 wrfout_d04_2016-04-29_11:00:00 999.00  21.87  14.13  18.96  15.48  20.88  21.05  21.10  21.32  21.74  21.47  22.32 999.00  23.76  25.31  23.50  19.80  23.34   9.55  23.58   4.86  24.43  25.77  22.37  26.13  26.38  23.38  28.25  21.86  23.29  24.05
 wrfout_d04_2016-04-29_12:00:00 999.00  22.04  14.15  18.51  15.50  20.40  20.67  20.66  20.69  21.13  21.34  21.68 999.00  23.50  24.72  23.33  18.82  23.29  10.29  22.60   4.78  24.49  25.50  22.25  25.35  25.61  23.37  28.34  21.23  23.24  24.01
 wrfout_d04_2016-04-29_13:00:00 999.00  22.21  14.22  18.30  15.60  19.90  20.46  20.44  20.39  20.50  20.14  21.51 999.00  22.71  24.09  23.25  18.38  23.29  10.06  22.10   4.84  24.58  25.21  22.04  24.58  24.89  23.40  28.39  20.98  23.18  23.89
 wrfout_d04_2016-04-29_14:00:00 999.00  22.37  14.31  18.52  15.72  19.44  20.32  20.29  20.17  19.94  19.60  20.84 999.00  22.24  23.45  23.22  17.88  23.32   9.98  21.90   4.94  24.63  24.93  22.24  24.03  24.39  22.36  28.22  21.18  22.70  23.70
 wrfout_d04_2016-04-29_15:00:00 999.00  22.47  14.41  18.40  15.84  19.11  20.27  20.11  19.99  19.23  19.18  20.22 999.00  21.92  23.28  22.80  17.49  23.31  10.10  21.75   5.04  24.68  24.44  22.13  23.57  24.02  23.05  27.95  21.34  23.09  23.26
 wrfout_d04_2016-04-29_16:00:00 999.00  22.64  14.58  18.84  15.99  18.69  20.37  19.91  19.94  18.89  19.02  19.79 999.00  21.72  23.16  21.95  17.17  23.31  10.14  21.52   5.02  24.73  24.32  22.09  23.19  23.71  22.85  27.61  21.47  22.45  23.04
 wrfout_d04_2016-04-29_17:00:00 999.00  22.77  14.79  19.43  16.15  18.38  20.33  19.70  19.76  18.41  18.96  19.48 999.00  21.91  23.09  22.48  16.86  23.26  10.14  21.60   5.06  24.76  23.95  21.85  23.15  23.55  22.71  27.32  20.49  22.73  22.96
 wrfout_d04_2016-04-29_18:00:00 999.00  22.83  14.97  20.54  16.26  18.16  19.83  20.20  18.76  17.94  18.95  19.23 999.00  21.80  22.84  22.72  16.48  23.12  10.26  21.32   5.04  24.79  23.21  21.06  23.18  23.58  21.43  26.78  20.21  22.28  23.04
 wrfout_d04_2016-04-29_19:00:00 999.00  22.91  15.08  20.75  16.36  18.08  20.95  18.19  18.59  19.24  18.82  19.08 999.00  21.79  22.57  22.92  16.12  22.13   9.85  20.89   5.00  24.82  23.22  20.57  23.08  23.54  21.88  26.61  21.12  22.17  23.03
 wrfout_d04_2016-04-29_20:00:00 999.00  23.05  15.22  20.82  16.44  17.91  19.02  18.94  18.34  19.30  18.75  19.02 999.00  21.76  22.41  22.90  15.86  21.90   9.53  21.09   5.10  24.91  23.11  20.35  22.67  23.34  21.99  26.21  21.05  21.99  22.90
 wrfout_d04_2016-04-29_21:00:00 999.00  23.24  15.36  20.04  16.57  17.95  18.83  18.85  17.92  19.28  18.83  18.74 999.00  22.33  22.56  22.91  15.75  21.68   9.39  21.11   5.10  24.95  22.82  20.30  22.44  23.15  22.12  26.07  20.61  21.81  23.16
 wrfout_d04_2016-04-29_22:00:00 999.00  23.49  16.48  21.02  17.67  21.01  21.34  19.78  20.07  19.59  21.38  21.49 999.00  22.46  22.80  23.14  18.48  23.43  11.19  21.25   5.62  24.90  23.27  21.60  22.53  23.23  22.82  25.96  21.60  23.04  23.87
 wrfout_d04_2016-04-29_23:00:00 999.00  23.95  18.46  21.82  19.75  23.46  22.82  20.95  21.86  20.89  23.50  23.16 999.00  23.64  23.26  24.45  21.88  23.79  13.36  21.99   6.80  24.90  23.42  23.41  24.11  24.68  23.91  26.53  23.68  24.61  25.25
