 wrfout_d04_2016-01-14_00:00:00 999.00  15.08   8.59  13.88  10.23  14.04  13.68  14.67  13.52  14.41  14.38  14.02 999.00  14.80  13.97  17.64  13.05  16.60   7.44  12.87   0.94  17.90  16.12  18.44  14.35  14.42  19.16  16.15  18.50  20.55  19.43
 wrfout_d04_2016-01-14_01:00:00 999.00  15.38   8.91  14.39  11.07  14.44  14.13  15.35  14.15  15.82  15.28  14.65 999.00  16.36  16.75  18.03  15.48  17.39   8.69  14.43   2.08  17.98  16.82  19.34  16.18  16.31  21.03  17.01  19.79  21.40  20.95
 wrfout_d04_2016-01-14_02:00:00 999.00  15.62   9.31  15.34  11.85  14.73  14.91  15.72  15.37  16.82  16.22  15.39 999.00  17.93  18.78  18.68  17.28  17.97   9.52  16.25   2.59  18.12  17.70  20.27  17.66  17.34  22.32  18.02  20.69  21.48  21.79
 wrfout_d04_2016-01-14_03:00:00 999.00  15.80   9.89  16.38  12.73  14.87  16.03  16.06  17.10  17.71  16.88  16.47 999.00  18.64  19.96  20.14  17.75  18.39  10.09  17.90   3.12  18.31  18.41  20.76  19.20  19.18  22.95  18.78  21.15  21.51  22.23
 wrfout_d04_2016-01-14_04:00:00 999.00  15.96  10.01  17.10  12.50  15.01  17.81  16.72  17.78  18.21  17.74  17.34 999.00  19.14  20.93  20.51  18.13  18.67  10.65  19.79   3.08  18.46  19.59  21.07  19.31  19.15  23.20  19.77  21.32  20.95  23.04
 wrfout_d04_2016-01-14_05:00:00 999.00  16.15  10.26  17.86  13.34  16.10  18.58  17.18  18.17  18.67  18.48  18.13 999.00  19.74  21.60  20.04  18.32  18.98  10.55  20.58   3.33  18.63  19.75  20.68  20.40  19.92  23.37  20.27  21.86  21.99  23.65
 wrfout_d04_2016-01-14_06:00:00 999.00  16.34  11.22  17.56  13.41  16.17  18.43  17.19  18.15  18.68  19.13  17.94 999.00  19.93  22.05  20.07  18.20  19.14  10.53  21.23   3.42  18.87  19.93  20.24  22.06  21.56  23.31  21.14  21.74  22.18  23.79
 wrfout_d04_2016-01-14_07:00:00 999.00  16.43  11.24  17.05  13.11  15.82  18.20  17.24  17.99  18.56  19.01  17.58 999.00  19.34  22.39  20.09  17.80  18.98  10.00  21.43   2.73  18.97  20.10  20.36  22.47  22.46  23.04  22.71  21.48  21.36  23.01
 wrfout_d04_2016-01-14_08:00:00 999.00  16.62  10.59  16.65  12.28  15.98  17.63  16.95  17.34  17.99  18.31  17.21 999.00  18.60  22.13  19.72  16.94  18.49   9.11  21.07   1.79  18.35  20.09  20.17  22.35  22.38  22.57  22.80  20.59  20.76  22.89
 wrfout_d04_2016-01-14_09:00:00 999.00  16.73   9.44  14.84  10.85  15.85  16.61  16.10  16.61  16.63  17.24  16.98 999.00  17.78  20.60  19.39  14.11  17.78   6.20  19.65   0.37  18.19  20.08  18.94  20.87  21.09  22.00  22.63  19.43  20.24  22.28
 wrfout_d04_2016-01-14_10:00:00 999.00  16.71   9.03  13.02  10.39  15.73  15.91  15.74  16.12  15.42  16.64  16.91 999.00  17.32  17.95  18.96  11.42  17.44   3.88  17.28  -0.40  18.35  19.90  18.45  19.11  19.23  21.12  22.43  18.40  19.81  21.65
 wrfout_d04_2016-01-14_11:00:00 999.00  16.84   8.97  12.67  10.36  15.59  14.13  15.68  14.22  14.67  16.10  16.87 999.00  16.88  16.83  18.42  10.85  17.32   4.46  16.08  -0.49  18.91  19.54  18.26  18.22  18.41  20.15  22.41  17.85  19.60  21.38
 wrfout_d04_2016-01-14_12:00:00 999.00  16.95   8.93  12.43  10.37  15.48  13.37  15.43  13.27  13.68  14.63  16.31 999.00  16.41  16.10  18.38  10.27  17.39   3.19  15.68  -0.48  19.18  19.03  17.18  17.17  17.34  19.96  22.13  17.60  18.82  20.90
 wrfout_d04_2016-01-14_13:00:00 999.00  17.08   8.89  12.05  10.33  12.80  12.90  14.82  12.72  13.17  15.51  14.77 999.00  16.09  15.61  18.62  10.01  17.46   2.93  15.31  -0.49  19.31  18.46  16.94  16.58  16.64  19.98  19.43  17.00  20.19  20.38
 wrfout_d04_2016-01-14_14:00:00 999.00  17.26   9.05  11.84  10.52  12.20  12.33  14.48  12.24  12.89  15.45  13.49 999.00  15.73  15.20  18.30   9.81  17.54   2.63  14.84  -0.56  19.39  18.45  16.72  16.17  16.18  19.44  18.23  16.75  18.57  20.10
 wrfout_d04_2016-01-14_15:00:00 999.00  17.40   9.15  11.67  10.58  12.38  11.83  13.56  11.80  12.79  13.42  13.11 999.00  15.58  15.05  17.47   9.59  17.79   2.30  14.44  -0.82  19.55  18.27  16.56  15.80  15.74  19.38  17.63  16.53  20.01  19.98
 wrfout_d04_2016-01-14_16:00:00 999.00  17.51   9.20  12.99  10.74  12.02  13.05  14.61  13.07  14.13  13.04  12.89 999.00  15.39  15.53  17.15   9.45  17.78   2.22  13.95  -1.01  18.88  17.40  16.42  15.65  15.88  19.19  17.69  16.32  18.66  20.10
 wrfout_d04_2016-01-14_17:00:00 999.00  17.64   9.48  13.23  10.70  12.94  13.14  14.91  13.14  14.21  12.75  12.77 999.00  15.47  15.34  16.59   9.71  17.35   2.69  13.73   0.58  18.99  17.71  16.31  15.64  15.80  18.72  17.90  16.11  19.11  19.91
 wrfout_d04_2016-01-14_18:00:00 999.00  17.82   9.28  12.57  10.82  12.81  12.27  14.33  12.17  13.90  12.91  12.67 999.00  15.48  15.23  17.33  11.61  17.30   6.38  13.71   1.13  18.88  18.46  16.92  15.67  15.78  18.22  18.15  15.80  18.81  19.93
 wrfout_d04_2016-01-14_19:00:00 999.00  17.94  10.06  12.98  11.44  12.72  12.50  14.15  12.90  14.16  14.09  13.67 999.00  15.56  15.20  15.94  11.83  17.17   5.44  13.74   0.71  18.99  18.35  16.00  15.67  15.89  17.46  18.16  16.67  19.34  19.94
 wrfout_d04_2016-01-14_20:00:00 999.00  18.08   9.53  13.27  11.13  12.82  12.52  14.06  12.95  13.84  14.01  13.97 999.00  15.73  15.39  15.59  11.95  17.38   5.45  13.67   0.67  19.12  17.40  17.34  15.17  15.54  18.42  16.91  16.84  19.22  19.91
 wrfout_d04_2016-01-14_21:00:00 999.00  18.17   9.77  13.39  11.07  13.07  12.42  14.28  12.80  13.83  13.60  14.05 999.00  15.66  15.80  15.73  11.43  17.43   6.05  13.67   0.69  19.26  16.93  17.31  15.37  15.36  18.59  16.90  16.99  19.79  19.48
 wrfout_d04_2016-01-14_22:00:00 999.00  18.21   8.56  13.55  11.13  11.74  12.29  15.27  12.80  13.85  14.73  13.89 999.00  15.78  15.72  16.82  11.41  17.12   5.83  13.98   0.59  19.05  17.82  17.40  15.47  15.54  19.17  17.71  16.82  19.90  19.88
 wrfout_d04_2016-01-14_23:00:00 999.00  18.24  10.14  14.24  11.49  12.18  12.79  15.53  13.53  14.34  15.68  14.86 999.00  16.07  15.89  18.16  11.82  16.93   6.01  13.61   0.57  18.83  18.43  17.61  15.45  15.71  19.75  18.38  17.18  20.15  20.27
