 wrfout_d04_2016-07-15_00:00:00 999.00  27.49  24.75  30.22  26.05  30.35  30.96  28.66  30.90  30.18  30.01  29.67 999.00  29.92  29.85  29.59  26.01  28.75  22.21  28.64  14.72  27.38  27.82  28.04  29.96  29.78  29.38  30.14  28.65  28.29  29.43
 wrfout_d04_2016-07-15_01:00:00 999.00  27.59  25.74  31.07  27.20  31.89  32.56  29.09  32.55  31.03  31.04  30.48 999.00  31.20  31.32  30.25  26.88  29.42  21.21  29.83  15.57  27.43  27.94  28.50  31.43  30.96  30.53  30.86  31.73  28.83  30.08
 wrfout_d04_2016-07-15_02:00:00 999.00  27.55  26.46  31.81  28.05  33.31  33.82  29.39  33.63  31.62  31.41  31.02 999.00  31.67  32.77  30.46  27.71  29.95  21.96  31.01  16.26  27.48  28.06  28.32  32.32  31.68  31.13  31.45  32.08  29.23  30.63
 wrfout_d04_2016-07-15_03:00:00 999.00  27.76  27.01  32.22  28.64  34.00  34.65  29.55  34.65  31.75  31.79  31.47 999.00  31.98  33.75  30.69  28.19  30.31  22.35  31.65  16.54  27.52  28.14  29.19  32.88  32.23  31.51  31.82  32.27  29.49  30.92
 wrfout_d04_2016-07-15_04:00:00 999.00  27.86  27.34  32.38  28.99  33.51  35.06  29.63  35.00  31.81  31.99  31.95 999.00  32.15  34.57  30.79  28.81  30.53  22.67  32.28  16.73  27.54  28.18  29.53  33.29  32.57  31.74  32.04  32.99  29.62  31.06
 wrfout_d04_2016-07-15_05:00:00 999.00  27.91  27.43  32.38  29.05  33.20  35.13  29.59  35.02  31.76  32.02  32.26 999.00  32.15  35.15  30.86  28.15  30.61  21.41  32.87  16.59  27.54  28.20  29.73  33.45  32.69  31.96  32.13  32.77  29.60  31.14
 wrfout_d04_2016-07-15_06:00:00 999.00  27.93  27.26  32.26  28.86  32.67  34.96  29.43  34.82  31.54  31.83  32.15 999.00  32.07  35.16  30.76  29.20  30.55  21.02  32.89  15.34  27.55  28.21  29.93  33.45  32.65  32.27  32.14  32.13  29.43  31.14
 wrfout_d04_2016-07-15_07:00:00 999.00  27.64  26.84  31.94  28.41  32.14  34.50  29.21  34.34  31.23  31.25  31.92 999.00  31.84  34.89  30.72  28.86  30.37  20.21  32.63  14.56  27.56  28.19  29.88  33.17  32.41  32.40  32.03  31.62  29.08  30.95
 wrfout_d04_2016-07-15_08:00:00 999.00  27.26  26.20  31.36  27.73  31.33  33.83  28.85  33.61  30.65  30.70  31.46 999.00  31.49  34.19  30.45  28.23  30.05  19.57  32.03  13.97  27.58  28.13  29.42  32.67  32.05  32.09  31.76  31.39  28.60  30.58
 wrfout_d04_2016-07-15_09:00:00 999.00  27.22  25.23  30.37  26.64  30.20  33.02  28.37  32.78  29.84  30.18  30.72 999.00  30.87  33.20  30.24  27.15  29.55  19.64  31.33  13.45  27.59  28.12  28.98  32.02  31.43  31.34  31.41  30.17  27.98  30.12
 wrfout_d04_2016-07-15_10:00:00 999.00  27.34  23.89  29.25  25.16  29.19  31.83  27.75  31.48  29.07  29.16  29.55 999.00  30.05  31.80  29.29  25.49  28.90  18.29  30.15  12.51  27.58  28.02  28.14  31.04  30.39  30.42  30.91  28.71  27.22  29.46
 wrfout_d04_2016-07-15_11:00:00 999.00  27.30  23.17  27.20  24.19  28.31  30.66  27.44  30.14  28.64  28.24  28.73 999.00  29.50  30.60  28.77  23.82  28.26  16.50  29.26   8.60  27.56  27.80  27.31  29.98  29.58  29.59  30.39  26.19  26.87  28.89
 wrfout_d04_2016-07-15_12:00:00 999.00  27.23  23.02  26.85  23.89  28.90  29.82  27.49  29.32  28.73  27.77  28.36 999.00  29.30  29.75  28.43  23.05  28.00  14.67  28.90   8.18  27.54  27.58  27.05  29.62  29.17  29.11  30.20  25.71  26.82  28.65
 wrfout_d04_2016-07-15_13:00:00 999.00  27.12  23.04  26.58  23.77  28.62  29.40  27.72  28.91  29.06  27.32  28.38 999.00  28.84  29.27  28.13  22.08  27.85  14.25  28.48   7.97  27.53  27.47  26.87  29.40  28.96  28.81  30.05  25.27  26.77  28.40
 wrfout_d04_2016-07-15_14:00:00 999.00  27.18  23.06  26.39  23.68  28.20  29.15  27.93  28.71  28.95  27.03  28.17 999.00  28.42  28.70  27.77  21.79  27.71  13.88  27.99   7.77  27.52  27.39  26.67  29.19  28.77  28.53  29.85  24.94  26.71  28.12
 wrfout_d04_2016-07-15_15:00:00 999.00  27.25  23.05  26.23  23.66  27.93  29.08  27.93  28.68  28.70  26.77  27.87 999.00  28.22  28.24  27.50  21.49  27.59  13.68  27.68   7.59  27.49  27.37  26.47  28.96  28.57  28.23  29.60  24.63  26.64  27.84
 wrfout_d04_2016-07-15_16:00:00 999.00  27.16  22.95  25.98  23.57  27.75  28.84  27.87  28.39  28.47  26.45  27.65 999.00  28.08  27.93  27.35  21.23  27.48  13.47  27.28   7.43  27.46  27.36  26.20  28.64  28.39  27.94  29.31  24.31  26.57  27.58
 wrfout_d04_2016-07-15_17:00:00 999.00  27.37  22.80  25.73  23.37  27.58  28.62  27.71  28.17  28.33  25.92  27.43 999.00  27.91  27.60  27.28  20.97  27.37  13.29  27.10   7.30  27.44  27.34  25.97  28.22  28.12  27.70  29.22  24.05  26.52  27.52
 wrfout_d04_2016-07-15_18:00:00 999.00  27.32  22.64  25.48  23.17  27.37  28.37  27.56  27.93  28.13  25.72  27.24 999.00  27.77  27.42  27.23  20.70  27.30  13.15  26.81   7.19  27.42  27.30  25.73  27.58  27.64  27.48  28.99  23.82  26.47  27.37
 wrfout_d04_2016-07-15_19:00:00 999.00  27.32  22.49  25.24  23.05  27.19  28.38  27.41  27.73  27.97  25.42  27.05 999.00  27.74  27.29  27.13  20.43  27.28  13.01  26.58   7.06  27.39  27.22  25.54  27.11  27.19  27.43  28.85  23.60  26.45  27.37
 wrfout_d04_2016-07-15_20:00:00 999.00  27.29  22.33  25.02  22.95  26.98  27.80  27.30  27.35  27.75  25.22  26.46 999.00  27.61  27.15  27.02  20.17  27.22  12.85  26.36   6.95  27.39  27.05  25.33  26.88  26.94  27.34  28.59  23.38  26.47  27.24
 wrfout_d04_2016-07-15_21:00:00 999.00  27.25  22.24  24.85  22.90  26.76  27.55  27.22  27.21  27.61  25.04  26.09 999.00  27.49  27.05  26.80  19.93  27.19  12.69  26.26   6.86  27.40  26.92  25.16  26.72  26.70  27.16  28.46  23.23  26.47  27.32
 wrfout_d04_2016-07-15_22:00:00 999.00  27.33  22.48  27.34  23.37  27.13  28.15  27.39  27.80  27.86  25.00  26.21 999.00  27.67  27.27  26.41  22.48  27.39  15.69  26.50  10.63  27.42  26.89  27.30  26.80  26.64  27.38  28.62  25.50  26.81  27.68
 wrfout_d04_2016-07-15_23:00:00 999.00  27.57  23.37  28.98  24.57  28.53  29.45  28.14  29.30  28.99  26.44  27.17 999.00  28.76  28.39  27.44  23.81  28.19  19.30  27.43  13.48  27.44  27.54  27.95  28.27  28.14  28.99  29.36  28.64  27.59  28.57
