 wrfout_d04_2016-03-05_00:00:00 999.00  21.95  18.64  21.11  18.51  22.53  20.92  17.29  21.12  16.92  22.53  22.20 999.00  16.74  20.82  22.06  18.89  20.46  12.19  18.60   6.13  21.24  21.13  23.01  20.52  21.22  24.03  23.09  23.03  23.15  23.92
 wrfout_d04_2016-03-05_01:00:00 999.00  22.20  20.27  21.93  21.06  23.98  23.36  17.62  23.30  17.73  23.52  21.78 999.00  17.54  23.89  22.21  21.39  21.50  13.48  21.58   7.13  20.83  21.44  23.18  23.38  23.50  25.08  24.95  23.91  24.09  25.10
 wrfout_d04_2016-03-05_02:00:00 999.00  22.12  19.70  22.26  21.88  25.01  25.52  18.12  25.26  20.78  24.39  20.81 999.00  18.75  26.22  21.95  22.72  21.70  14.36  23.56   7.66  20.70  21.84  23.84  25.30  25.56  25.51  26.71  24.74  24.62  26.06
 wrfout_d04_2016-03-05_03:00:00 999.00  22.08  19.78  22.62  22.49  26.16  27.17  18.56  27.01  23.22  23.59  22.94 999.00  20.35  27.14  22.68  23.48  21.20  14.12  25.09   7.92  20.02  21.65  24.08  26.45  26.80  25.72  28.10  25.14  24.89  27.22
 wrfout_d04_2016-03-05_04:00:00 999.00  22.05  20.23  22.30  23.03  26.99  28.29  19.33  28.14  24.12  24.47  24.16 999.00  20.97  27.34  23.07  23.68  21.78  14.31  25.77   8.21  19.89  21.43  24.09  27.49  27.61  25.85  28.77  25.24  25.19  27.55
 wrfout_d04_2016-03-05_05:00:00 999.00  21.81  20.72  22.01  23.68  27.22  27.90  19.02  28.71  23.78  24.51  24.76 999.00  21.74  27.40  22.30  23.80  22.64  13.33  26.42   7.97  20.28  21.46  23.89  28.02  28.18  25.88  28.90  25.16  25.10  27.55
 wrfout_d04_2016-03-05_06:00:00 999.00  21.87  21.31  21.86  23.50  27.32  26.42  18.73  27.89  23.14  24.74  25.15 999.00  21.85  27.43  24.02  23.66  22.76  13.25  26.55   7.94  20.56  21.57  23.98  27.75  27.89  25.64  28.47  24.64  24.70  27.37
 wrfout_d04_2016-03-05_07:00:00 999.00  21.96  18.73  21.42  20.08  24.29  24.14  18.65  25.68  22.61  24.39  24.72 999.00  21.42  27.14  24.62  23.16  22.50  13.49  26.20   7.31  20.84  21.79  23.46  27.08  27.34  25.16  27.73  24.28  24.22  26.60
 wrfout_d04_2016-03-05_08:00:00 999.00  22.16  19.58  23.21  20.65  24.27  25.51  19.31  25.80  22.87  23.37  23.24 999.00  20.18  26.54  24.36  22.34  21.87  12.89  25.47   6.50  20.85  21.67  23.41  26.16  26.43  24.99  26.99  23.58  23.56  25.78
 wrfout_d04_2016-03-05_09:00:00 999.00  22.11  18.56  22.31  19.68  23.85  24.82  19.09  24.66  22.93  22.73  22.69 999.00  19.34  25.34  23.76  21.08  20.72  11.74  24.36   5.42  20.78  21.77  22.97  25.01  25.27  24.41  26.33  22.75  22.78  24.49
 wrfout_d04_2016-03-05_10:00:00 999.00  22.11  17.08  19.30  17.38  22.40  24.23  18.33  24.04  21.38  22.09  22.18 999.00  18.51  24.03  23.56  18.44  20.35   9.32  22.85   3.43  20.86  22.07  22.54  23.84  24.05  24.08  25.83  21.56  22.06  23.76
 wrfout_d04_2016-03-05_11:00:00 999.00  22.14  16.74  18.40  16.89  21.78  23.20  17.88  23.16  18.56  22.74  21.76 999.00  18.05  23.28  23.07  17.70  20.25   9.13  21.74   2.88  21.06  22.08  22.26  22.70  23.09  23.89  25.77  21.10  21.93  23.55
 wrfout_d04_2016-03-05_12:00:00 999.00  22.16  16.54  18.13  16.25  21.51  22.26  17.35  22.73  18.38  21.58  21.10 999.00  17.74  22.63  22.96  17.15  20.24   8.92  21.13   2.51  21.27  22.11  21.86  22.33  22.58  23.67  26.05  20.88  22.20  23.37
 wrfout_d04_2016-03-05_13:00:00 999.00  22.20  15.74  18.12  15.86  20.85  20.84  17.26  21.12  18.07  20.87  20.42 999.00  17.70  22.25  22.27  16.82  20.13   8.61  20.34   2.29  21.31  21.93  21.58  22.14  22.32  23.42  26.21  20.63  21.85  23.05
 wrfout_d04_2016-03-05_14:00:00 999.00  22.21  14.86  18.04  15.46  20.26  19.72  17.21  19.33  17.76  20.34  19.95 999.00  17.84  22.08  21.70  16.38  20.03   8.30  19.67   1.88  21.33  22.11  21.33  22.05  21.97  23.09  25.59  20.35  22.26  22.88
 wrfout_d04_2016-03-05_15:00:00 999.00  22.15  14.52  17.24  15.09  19.54  19.43  17.37  19.00  17.92  19.86  19.56 999.00  17.98  21.73  21.17  15.75  19.84   7.92  19.12   1.88  21.19  22.00  21.05  21.61  21.74  22.91  24.92  20.09  22.17  22.65
 wrfout_d04_2016-03-05_16:00:00 999.00  22.10  14.30  17.25  14.89  18.92  18.85  17.59  19.03  18.32  19.41  19.33 999.00  17.96  21.30  20.71  15.25  19.33   6.92  18.62   0.29  21.18  21.59  20.86  20.91  21.25  22.76  24.58  19.45  22.08  22.39
 wrfout_d04_2016-03-05_17:00:00 999.00  22.05  14.12  16.97  14.76  18.54  18.43  16.84  18.62  18.10  19.03  19.11 999.00  17.58  20.72  20.21  14.93  18.90   6.17  18.53  -0.02  21.30  21.15  20.68  20.30  20.63  22.57  24.29  19.15  22.00  22.34
 wrfout_d04_2016-03-05_18:00:00 999.00  22.01  13.81  16.54  14.48  18.25  17.99  16.23  18.26  16.56  18.65  18.97 999.00  16.93  20.20  20.06  14.66  18.61   5.81  18.19  -0.07  21.32  21.01  20.42  19.74  20.02  22.11  23.79  19.14  21.48  22.25
 wrfout_d04_2016-03-05_19:00:00 999.00  21.95  13.44  17.66  14.16  17.90  17.62  16.40  17.92  16.04  18.31  18.54 999.00  16.76  19.74  19.81  14.40  18.38   5.53  16.85  -0.16  21.11  21.21  20.12  19.11  19.43  21.63  23.21  18.90  21.39  22.02
 wrfout_d04_2016-03-05_20:00:00 999.00  21.80  13.18  17.50  13.92  17.38  18.09  16.46  18.05  16.54  17.98  18.28 999.00  16.59  19.19  19.53  14.06  18.15   5.24  15.71  -0.16  21.22  21.39  19.99  18.34  18.64  21.24  22.59  18.45  21.01  21.91
 wrfout_d04_2016-03-05_21:00:00 999.00  19.79  12.91  16.68  13.57  17.01  17.83  16.34  17.69  16.77  17.45  18.12 999.00  16.49  18.66  19.32  13.67  17.64   4.91  15.60  -0.08  20.36  20.91  19.79  18.15  18.36  20.72  22.11  18.18  21.02  21.85
 wrfout_d04_2016-03-05_22:00:00 999.00  19.16  12.78  15.96  13.48  17.49  17.61  16.18  17.48  16.29  17.18  17.93 999.00  16.43  18.15  19.07  13.48  17.98   4.74  15.59   0.01  19.29  19.33  19.54  17.65  18.01  20.22  21.57  17.88  20.85  22.06
 wrfout_d04_2016-03-05_23:00:00 999.00  18.99  15.71  17.45  16.56  18.68  17.48  16.64  17.43  16.16  19.94  21.03 999.00  16.44  18.71  21.45  17.64  18.17   9.62  15.60   4.38  19.16  18.75  22.01  17.46  18.27  21.99  21.53  20.71  22.08  22.99
