 wrfout_d04_2016-02-15_00:00:00 999.00  10.61   3.77   8.36   4.80   9.40   9.43   9.62   9.09   9.17  10.31   9.36 999.00  10.20   9.40  13.29  10.95  12.08   7.56   9.01   2.45  13.99  13.19  13.20  10.80  10.93  15.10  13.88  14.27  16.54  16.70
 wrfout_d04_2016-02-15_01:00:00 999.00  10.75   3.86   8.61   5.04   9.60   9.67   9.96   9.36   9.35  10.62   9.65 999.00  10.66   9.73  13.75  11.40  12.82   7.46   9.31   2.55  14.91  13.30  13.35  11.23  11.44  14.88  13.41  14.53  17.15  16.91
 wrfout_d04_2016-02-15_02:00:00 999.00  10.77   3.73   8.67   5.08   9.72   9.90  10.14   9.56   9.75  10.48   9.84 999.00  10.88  12.67  13.56  12.99  12.90   7.46  10.16   2.47  14.94  13.61  13.45  11.86  11.80  14.73  13.89  14.88  17.16  17.30
 wrfout_d04_2016-02-15_03:00:00 999.00  10.67   3.73   8.81   5.16   9.87  10.09  10.12   9.65   9.98  10.31   9.87 999.00  11.05  10.85  13.55  14.51  12.98   7.19  12.04   2.22  14.83  14.37  13.36  12.22  12.33  14.87  14.96  14.92  16.98  18.27
 wrfout_d04_2016-02-15_04:00:00 999.00  10.66   3.67   8.93   5.23   9.91  10.16  10.12   9.85  10.15  10.27   9.87 999.00  11.36  11.40  13.60  15.78  13.79   7.45  11.10   2.04  14.82  14.62  13.29  13.16  13.15  14.41  16.68  14.70  16.74  18.58
 wrfout_d04_2016-02-15_05:00:00 999.00  10.76   3.61   9.13   5.17   9.89  10.10  10.10  10.08  10.20  10.34   9.68 999.00  11.58  12.58  13.50  14.06  14.19   9.54  11.22   2.03  14.96  14.17  13.27  13.11  13.38  14.42  16.79  14.50  16.62  18.19
 wrfout_d04_2016-02-15_06:00:00 999.00  10.88   3.66   9.16   5.20  10.10  10.10  10.47  10.10  10.71  10.43   9.50 999.00  11.49  12.32  13.40  15.30  14.12   9.80  11.70   1.84  15.03  14.30  13.13  13.08  13.30  14.53  16.16  14.44  16.36  18.26
 wrfout_d04_2016-02-15_07:00:00 999.00  11.02   3.76   9.29   5.40  10.27  10.30  10.60  10.29  11.02  10.45   9.31 999.00  11.22  11.59  13.28  14.61  14.02   9.70  11.60   1.61  15.25  14.42  13.32  13.07  13.24  14.61  16.99  14.52  16.32  18.03
 wrfout_d04_2016-02-15_08:00:00 999.00  11.20   3.88   9.65   5.37  10.39  10.59  10.58  10.43  10.77  10.50   9.28 999.00  11.15  10.83  13.21  13.26  13.92   8.91  11.35   1.29  15.47  14.17  13.23  12.91  13.12  14.63  17.40  14.39  16.24  17.22
 wrfout_d04_2016-02-15_09:00:00 999.00  11.39   3.91   9.48   5.20  10.53  10.58  10.50  10.48  10.47  10.41   9.29 999.00  11.16  10.35  13.26  10.88  13.82   7.52  11.05   1.06  15.66  13.97  13.00  12.65  12.82  14.45  17.12  14.17  16.14  17.14
 wrfout_d04_2016-02-15_10:00:00 999.00  11.59   3.80   9.00   4.62  10.52  10.44  10.51  10.29  10.30  10.39   9.37 999.00  11.14  10.10  13.31   9.75  13.78   5.53  10.71   0.76  15.87  13.95  12.91  12.13  12.22  14.35  16.53  13.94  16.14  16.88
 wrfout_d04_2016-02-15_11:00:00 999.00  11.77   3.98   9.18   5.13  10.75  10.55  10.65  10.19  10.23  10.49   9.52 999.00  11.16  10.23  13.37   9.70  13.76   5.36  10.19   0.58  15.80  13.89  12.86  11.85  11.92  14.13  15.76  13.86  16.29  16.59
 wrfout_d04_2016-02-15_12:00:00 999.00  11.93   4.13   9.31   5.35  10.90  10.76  10.83  10.26  10.27  10.64   9.69 999.00  11.18  10.46  13.36   9.56  13.76   5.29  10.03   0.49  15.87  14.03  12.96  11.56  11.71  13.98  15.50  13.78  16.26  16.42
 wrfout_d04_2016-02-15_13:00:00 999.00  12.10   4.27   9.43   5.48  11.03  10.91  10.96  10.37  10.42  10.60   9.90 999.00  11.09  10.67  13.30   8.11  13.80   5.36   9.86   0.39  15.88  14.05  13.05  11.59  11.68  13.87  14.69  13.73  16.34  16.20
 wrfout_d04_2016-02-15_14:00:00 999.00  12.25   4.39   9.54   5.61  11.11  11.12  11.07  10.38  10.50  10.47  10.07 999.00  11.08  10.87  13.19   7.76  13.84   5.37   9.71   0.31  15.99  14.20  13.07  11.56  11.55  13.82  14.02  13.71  16.41  16.06
 wrfout_d04_2016-02-15_15:00:00 999.00  12.35   4.47   9.60   5.70  11.17  10.80  11.13  10.35  10.52  10.41  10.21 999.00  11.08  10.93  13.10   7.46  13.81   5.33   9.58   0.25  16.00  14.43  12.99  11.50  11.62  13.69  13.70  13.69  16.23  15.90
 wrfout_d04_2016-02-15_16:00:00 999.00  12.42   4.58   9.61   5.81  11.20  10.42  11.18  10.25  10.50  10.37  10.33 999.00  11.08  10.79  12.99   7.16  13.74   5.22   9.36   0.24  15.89  14.61  12.96  11.37  11.49  13.51  13.53  13.68  16.16  15.71
 wrfout_d04_2016-02-15_17:00:00 999.00  12.46   4.68   9.65   5.91  11.29  10.53  11.19  10.25  10.55  10.38  10.57 999.00  11.13  10.79  12.97   6.81  13.82   5.09   9.37   0.20  15.91  14.48  12.93  11.08  11.31  13.50  13.52  13.59  15.98  15.62
 wrfout_d04_2016-02-15_18:00:00 999.00  12.50   4.76   9.64   6.00  11.36  10.37  11.19  10.20  10.58  10.44  10.74 999.00  11.13  10.99  12.98   6.60  14.04   4.91   9.29   0.13  16.08  14.25  12.97  11.00  11.16  13.41  13.37  13.48  15.84  15.41
 wrfout_d04_2016-02-15_19:00:00 999.00  12.92   4.91   9.70   6.16  11.43  10.25  11.18  10.39  10.65  10.55  10.87 999.00  11.14  11.16  13.01   6.44  14.21   4.74   9.35   0.14  16.23  13.71  13.03  11.05  11.18  13.42  13.15  13.36  15.87  15.35
 wrfout_d04_2016-02-15_20:00:00 999.00  13.21   4.99   9.77   6.29  11.49  10.13  11.18  10.18  10.78  10.58  10.97 999.00  11.13  10.99  13.00   8.70  14.21   5.76   9.32   0.15  16.29  13.79  13.08  10.98  11.12  13.37  12.90  13.33  16.02  15.16
 wrfout_d04_2016-02-15_21:00:00 999.00  13.40   5.06   9.85   6.36  11.75  10.28  11.33  10.77  10.91  10.72  10.97 999.00  11.37  10.82  13.15   7.94  14.24   5.16   9.20   0.34  16.22  14.39  13.23  10.97  11.07  13.45  12.77  13.37  16.26  15.37
 wrfout_d04_2016-02-15_22:00:00 999.00  13.50   5.36   9.98   6.20  12.02  10.73  10.88  10.77  11.06  10.84  11.23 999.00  11.49  10.97  13.27   8.40  14.26   4.81   9.42   0.42  16.33  14.49  13.41  11.11  11.29  13.68  12.93  13.39  16.34  15.40
 wrfout_d04_2016-02-15_23:00:00 999.00  13.57   5.53  10.95   6.78  12.48  11.25  11.25  11.25  11.43  11.17  11.67 999.00  11.57  11.12  13.31   9.63  14.40   5.50   9.63   0.59  16.51  14.48  13.60  11.25  11.49  14.05  13.15  13.53  16.47  15.87
