 wrfout_d04_2016-05-16_00:00:00 999.00  22.10  17.59  21.14  18.70  22.43  23.03  22.46  24.37  23.92  25.02  26.31 999.00  24.62  25.04  29.35  21.42  26.46  15.71  26.52   9.99  26.71  26.70  28.43  28.28  28.60  29.23  29.91  28.33  28.10  29.54
 wrfout_d04_2016-05-16_01:00:00 999.00  21.74  17.28  21.47  18.35  22.00  22.80  21.90  22.50  22.60  24.45  24.89 999.00  25.48  26.65  30.52  21.23  26.51  15.21  26.91  10.30  26.86  27.48  28.57  29.35  29.56  29.93  30.88  28.36  28.79  30.04
 wrfout_d04_2016-05-16_02:00:00 999.00  21.52  17.19  21.23  18.23  21.61  23.05  21.37  23.07  21.83  23.56  24.16 999.00  25.99  28.39  28.99  20.83  25.79  15.93  27.80  11.07  26.28  28.11  29.34  30.72  30.10  30.47  30.08  28.98  29.35  30.84
 wrfout_d04_2016-05-16_03:00:00 999.00  21.59  16.50  20.69  17.32  20.81  22.60  20.92  22.48  21.73  23.08  23.45 999.00  25.10  29.63  28.50  24.06  26.03  18.83  27.27  11.25  26.15  26.45  28.68  30.62  30.83  29.48  31.47  29.24  29.69  31.49
 wrfout_d04_2016-05-16_04:00:00 999.00  21.64  16.29  20.94  17.84  20.65  22.16  20.91  21.73  21.52  22.60  22.18 999.00  24.38  27.67  26.39  25.29  26.47  18.03  26.59  11.76  26.24  26.61  28.89  28.36  29.85  30.45  31.78  29.43  29.78  31.61
 wrfout_d04_2016-05-16_05:00:00 999.00  21.28  15.97  20.02  17.19  20.71  21.90  20.82  21.60  21.22  22.16  21.49 999.00  23.63  26.15  24.96  27.00  25.65  17.00  28.47  10.72  26.42  27.33  28.14  29.60  30.28  30.97  31.39  28.29  29.73  32.22
 wrfout_d04_2016-05-16_06:00:00 999.00  21.30  15.60  20.28  16.50  20.53  21.63  20.82  21.49  21.17  21.48  21.15 999.00  23.67  25.11  25.20  26.46  25.13  16.20  28.60  11.43  26.29  27.04  25.23  30.54  30.95  30.00  31.33  25.80  29.62  32.04
 wrfout_d04_2016-05-16_07:00:00 999.00  21.17  15.40  20.08  16.40  20.33  21.62  20.66  21.14  21.05  21.34  20.96 999.00  23.17  24.34  24.82  25.83  24.69  16.21  26.95  10.72  25.97  26.66  24.41  30.69  30.73  30.14  31.19  28.89  29.11  31.75
 wrfout_d04_2016-05-16_08:00:00 999.00  21.06  15.21  19.96  16.24  20.21  20.68  20.64  20.62  20.75  21.15  20.71 999.00  23.13  26.14  24.19  23.16  24.57  16.05  26.04  10.48  25.70  26.72  23.48  29.71  29.82  28.62  30.78  27.70  28.67  29.64
 wrfout_d04_2016-05-16_09:00:00 999.00  21.17  15.16  19.91  16.20  20.27  20.63  20.47  20.43  20.79  20.68  20.52 999.00  23.02  24.25  23.92  23.35  23.99  15.75  25.97  10.70  25.26  26.20  24.21  28.93  29.03  26.42  30.39  26.94  27.94  28.19
 wrfout_d04_2016-05-16_10:00:00 999.00  20.84  14.89  19.69  15.77  20.02  20.53  20.34  20.40  20.50  20.63  20.36 999.00  21.99  23.01  23.88  22.16  23.54  15.34  24.20  10.01  25.28  25.73  23.58  26.75  27.14  26.42  30.15  24.81  26.90  26.90
 wrfout_d04_2016-05-16_11:00:00 999.00  20.81  14.80  19.67  15.65  19.96  20.35  19.94  20.31  20.72  20.72  20.13 999.00  21.51  22.30  23.38  20.60  23.69  13.47  22.13   9.36  25.15  25.43  23.17  25.06  25.48  25.48  29.88  23.09  26.44  25.69
 wrfout_d04_2016-05-16_12:00:00 999.00  20.87  14.67  19.65  15.51  19.90  20.17  19.92  20.04  20.54  20.38  19.92 999.00  21.71  22.27  23.13  20.14  23.82  12.89  21.60   7.09  25.43  25.00  23.09  24.19  24.53  25.08  28.39  22.80  23.85  25.09
 wrfout_d04_2016-05-16_13:00:00 999.00  20.70  14.65  19.76  15.48  20.05  20.21  19.96  20.29  20.36  20.09  19.80 999.00  21.64  21.99  23.24  19.88  23.80  12.67  20.80   6.92  25.72  24.82  23.00  23.16  23.49  24.96  27.87  22.44  24.25  24.98
 wrfout_d04_2016-05-16_14:00:00 999.00  20.60  14.82  19.79  15.63  19.89  20.13  20.10  20.26  20.39  19.83  19.54 999.00  21.43  21.70  23.34  20.56  23.72  12.63  20.75   8.73  25.51  24.30  22.93  22.75  22.99  24.98  27.23  22.28  24.65  24.66
 wrfout_d04_2016-05-16_15:00:00 999.00  20.47  14.73  19.71  15.55  19.75  20.13  19.85  20.21  20.27  19.54  19.38 999.00  21.40  21.54  23.18  20.51  23.91  12.20  20.23   6.17  25.41  24.53  22.50  22.50  22.82  24.88  26.24  22.30  24.67  24.87
 wrfout_d04_2016-05-16_16:00:00 999.00  20.54  14.74  19.67  15.49  19.72  20.01  19.98  20.08  20.37  19.41  19.30 999.00  21.37  21.45  23.20  19.36  23.92  11.78  20.01   5.78  25.64  24.23  22.62  22.18  22.43  24.60  25.67  22.30  24.57  24.70
 wrfout_d04_2016-05-16_17:00:00 999.00  20.69  14.58  19.56  15.31  19.54  20.03  20.04  20.22  20.41  19.45  19.29 999.00  21.35  20.92  23.13  19.17  23.91  11.56  19.69   5.40  25.54  24.35  22.73  22.10  22.24  24.48  25.18  21.88  24.01  24.58
 wrfout_d04_2016-05-16_18:00:00 999.00  20.63  14.47  19.29  15.34  19.89  20.04  20.13  20.15  20.36  19.43  19.56 999.00  21.25  20.62  23.24  18.91  23.86  12.74  19.71   6.67  25.51  23.66  22.68  21.99  22.13  24.36  24.76  22.12  23.93  24.70
 wrfout_d04_2016-05-16_19:00:00 999.00  20.77  14.48  19.36  15.31  19.89  20.22  20.15  20.49  20.28  19.27  19.76 999.00  21.36  20.58  22.69  18.75  23.98  12.67  19.54   5.00  25.41  23.99  22.85  21.87  22.06  24.51  24.45  22.27  23.79  24.29
 wrfout_d04_2016-05-16_20:00:00 999.00  21.07  14.63  19.56  15.38  19.87  20.27  20.18  20.56  20.53  19.37  19.89 999.00  21.39  20.55  22.83  18.47  24.01  11.57  19.62   5.01  25.40  23.77  23.07  21.51  21.90  24.32  24.44  21.55  23.79  24.34
 wrfout_d04_2016-05-16_21:00:00 999.00  21.36  15.12  19.76  15.86  19.83  20.44  20.40  20.70  20.31  19.55  19.85 999.00  21.20  20.56  22.56  18.23  24.21  10.93  19.54   4.78  25.71  24.15  22.86  21.50  22.00  24.39  24.46  22.11  23.96  24.78
 wrfout_d04_2016-05-16_22:00:00 999.00  21.66  15.34  20.04  16.16  19.95  20.61  20.72  20.96  20.39  19.65  20.42 999.00  21.46  20.92  22.78  20.97  24.09  14.02  19.86   8.27  25.75  23.99  23.69  21.86  22.33  24.78  24.48  22.68  24.39  24.73
 wrfout_d04_2016-05-16_23:00:00 999.00  21.86  15.46  20.72  16.60  20.18  20.74  21.00  20.83  21.11  20.11  20.60 999.00  22.21  21.56  23.63  22.87  24.39  15.86  20.62   9.85  25.71  23.61  25.10  23.58  23.98  26.09  25.43  24.67  24.28  25.43
