 wrfout_d04_2016-03-10_00:00:00 999.00  15.23   8.87  13.25   9.89  14.11  14.39  13.82  13.94  13.82  14.91  14.27 999.00  14.66  14.70  17.23  15.44  14.50  10.15  14.53   5.28  16.62  17.69  18.44  16.76  16.89  20.72  19.87  20.81  21.64  21.76
 wrfout_d04_2016-03-10_01:00:00 999.00  15.40   9.11  13.53  10.15  14.17  14.60  13.90  14.22  13.73  15.09  14.50 999.00  14.80  14.34  17.63  16.32  14.95  10.33  14.13   5.49  17.82  17.90  18.75  16.11  16.34  20.20  18.78  19.06  20.58  22.22
 wrfout_d04_2016-03-10_02:00:00 999.00  15.46   9.10  13.55  10.14  14.27  14.41  13.81  13.90  13.74  15.09  14.56 999.00  14.74  14.08  17.32  16.06  14.92  10.74  13.92   5.76  17.13  18.08  18.11  16.77  17.09  20.09  19.42  20.05  20.86  21.73
 wrfout_d04_2016-03-10_03:00:00 999.00  15.26   8.97  13.48   9.85  14.15  14.24  13.65  13.83  13.64  15.52  14.50 999.00  14.81  14.07  17.84  15.44  14.81  10.81  14.32   5.82  17.37  17.95  18.35  16.85  17.24  19.63  21.30  20.00  20.74  22.19
 wrfout_d04_2016-03-10_04:00:00 999.00  15.19   8.83  13.15   9.78  13.95  13.97  13.53  13.80  13.25  15.11  14.71 999.00  14.43  13.92  17.58  15.20  14.66  11.04  13.71   6.11  17.23  17.64  17.81  16.89  17.05  19.88  21.24  19.73  20.75  24.30
 wrfout_d04_2016-03-10_05:00:00 999.00  14.85   8.78  12.99   9.79  13.83  13.66  13.28  13.57  13.06  14.90  14.74 999.00  14.18  13.73  17.33  13.99  14.26  10.83  13.09   6.27  16.93  16.93  17.79  16.35  16.43  19.79  20.28  19.38  21.24  23.85
 wrfout_d04_2016-03-10_06:00:00 999.00  14.62   8.41  12.66   9.40  13.56  13.61  13.11  13.42  12.85  14.76  14.56 999.00  13.95  13.63  17.16  13.49  14.00  10.48  13.04   6.05  16.80  17.02  17.48  15.68  15.76  19.04  19.81  19.09  21.13  23.01
 wrfout_d04_2016-03-10_07:00:00 999.00  14.42   7.98  12.20   8.96  13.23  13.31  12.92  13.09  12.68  14.49  14.20 999.00  13.66  13.32  16.98  13.85  13.91  10.34  12.44   5.79  16.41  16.92  17.21  14.88  15.02  18.52  19.01  18.64  20.39  22.42
 wrfout_d04_2016-03-10_08:00:00 999.00  14.26   7.53  11.75   8.44  12.92  12.95  12.52  12.71  12.34  14.28  13.98 999.00  13.46  13.02  16.90  12.04  13.68  10.05  12.21   5.72  16.19  16.89  16.81  14.06  14.15  18.17  18.03  18.14  19.41  21.17
 wrfout_d04_2016-03-10_09:00:00 999.00  14.03   7.23  11.33   8.15  12.54  12.46  12.08  12.31  11.91  14.05  13.57 999.00  13.13  12.75  16.75  11.78  13.55  10.04  11.80   5.60  16.16  16.57  16.56  13.88  13.94  17.27  16.65  17.74  19.11  20.33
 wrfout_d04_2016-03-10_10:00:00 999.00  13.94   6.89  11.10   7.86  12.28  12.03  11.97  11.91  11.65  13.58  13.15 999.00  12.87  12.45  16.59  11.74  13.41   9.60  11.40   5.46  16.12  16.41  16.19  13.39  13.42  17.01  16.37  17.20  19.12  19.91
 wrfout_d04_2016-03-10_11:00:00 999.00  13.88   6.76  11.04   7.72  12.10  11.70  11.87  11.62  11.64  13.30  12.86 999.00  12.66  12.71  16.44  12.07  13.59   9.31  11.07   5.38  16.24  15.71  16.04  13.17  13.35  16.50  15.62  16.94  18.96  19.15
 wrfout_d04_2016-03-10_12:00:00 999.00  13.86   6.64  11.13   7.61  11.98  11.55  11.78  11.58  11.57  13.13  12.47 999.00  12.75  12.50  16.31  12.39  13.75   9.44  10.95   5.20  16.28  15.59  15.82  12.77  12.86  16.46  15.22  16.63  18.35  18.82
 wrfout_d04_2016-03-10_13:00:00 999.00  13.92   6.74  11.15   7.69  12.05  11.39  11.96  11.43  11.63  12.84  12.28 999.00  12.67  12.28  15.97  12.65  13.65   9.68  10.49   5.27  16.15  15.59  15.45  12.83  12.87  16.52  14.92  16.25  18.26  18.39
 wrfout_d04_2016-03-10_14:00:00 999.00  14.00   6.94  11.20   7.84  12.21  11.22  12.01  11.28  11.49  12.51  12.15 999.00  12.71  12.09  15.69  12.58  13.52   8.84  10.21   4.94  16.06  15.70  15.15  12.51  12.68  16.11  15.10  16.00  18.06  17.91
 wrfout_d04_2016-03-10_15:00:00 999.00  13.96   7.00  11.25   7.90  12.28  11.04  12.10  11.15  11.59  12.38  12.11 999.00  12.60  11.72  15.67  12.67  13.36   9.14   9.85   4.82  16.01  15.81  14.95  12.77  12.98  15.91  14.50  15.58  17.96  17.41
 wrfout_d04_2016-03-10_16:00:00 999.00  13.85   6.99  11.24   7.91  12.20  10.96  12.00  11.11  11.56  12.22  11.98 999.00  12.75  11.64  15.34  12.73  13.20   8.97   9.56   4.67  15.63  15.44  14.80  12.13  12.34  15.73  14.23  15.43  17.71  17.23
 wrfout_d04_2016-03-10_17:00:00 999.00  13.64   6.98  11.26   7.90  12.22  10.95  12.10  11.08  11.54  12.17  11.90 999.00  12.74  11.63  15.09  12.02  13.05   8.36   9.57   4.09  15.68  14.96  14.70  11.87  11.97  15.30  13.90  15.46  17.73  17.11
 wrfout_d04_2016-03-10_18:00:00 999.00  13.59   7.00  11.27   7.90  12.25  11.03  12.08  11.11  11.51  12.00  11.97 999.00  12.74  11.57  15.23  12.26  13.05   8.19   9.54   4.07  15.65  14.51  14.76  11.68  11.77  15.20  13.19  15.16  17.68  16.89
 wrfout_d04_2016-03-10_19:00:00 999.00  13.53   6.93  11.25   7.85  12.30  11.11  11.94  11.15  11.58  11.92  11.94 999.00  12.71  11.63  15.57  12.14  12.95   8.17   9.60   3.96  15.70  14.62  14.79  11.86  11.83  15.17  12.91  15.17  17.38  16.80
 wrfout_d04_2016-03-10_20:00:00 999.00  13.69   6.92  11.24   7.81  12.18  11.17  11.92  11.18  11.57  11.94  11.91 999.00  12.82  11.69  15.43  11.78  12.93   8.09   9.54   3.89  15.72  15.00  14.80  11.91  11.94  15.33  12.77  15.17  17.16  16.82
 wrfout_d04_2016-03-10_21:00:00 999.00  13.78   6.81  11.21   7.73  12.00  11.12  11.91  11.17  11.58  11.92  11.83 999.00  12.79  11.90  15.02  11.93  13.14   8.13   9.67   3.81  15.69  15.19  14.78  12.06  12.04  15.44  12.76  15.19  17.24  16.82
 wrfout_d04_2016-03-10_22:00:00 999.00  13.89   6.88  11.21   7.75  12.00  11.08  12.15  11.18  11.69  11.86  11.81 999.00  12.84  11.72  15.27  11.61  13.50   8.20   9.65   3.82  16.09  15.04  14.76  12.03  12.02  15.23  12.79  15.09  17.30  16.84
 wrfout_d04_2016-03-10_23:00:00 999.00  14.02   7.04  11.36   8.01  12.14  11.22  12.33  11.28  11.86  11.94  12.01 999.00  12.92  11.75  15.36  11.66  13.67   8.32   9.85   3.91  16.00  14.45  14.91  11.99  11.99  15.13  13.04  15.10  17.68  16.98
