 wrfout_d04_2016-03-27_00:00:00 999.00  15.47   9.30  13.89  10.72  13.63  13.12  15.95  14.63  15.78  16.98  16.23 999.00  16.06  15.60  17.42  14.21  17.34   4.63  13.97  -3.12  18.02  16.81  17.58  16.02  16.13  18.02  17.14  17.03  18.05  18.55
 wrfout_d04_2016-03-27_01:00:00 999.00  15.90   9.57  16.50  10.93  14.08  14.60  16.41  16.65  17.18  18.06  17.34 999.00  17.37  17.35  18.52  12.68  17.90   5.69  15.76  -2.04  17.94  17.40  18.48  17.98  18.14  19.60  19.21  18.32  17.79  19.93
 wrfout_d04_2016-03-27_02:00:00 999.00  15.78  10.86  16.85  11.69  15.05  14.68  16.47  16.09  17.81  19.11  18.42 999.00  18.32  18.42  19.31  15.16  18.32   6.49  17.31  -1.28  17.90  18.09  19.04  19.44  19.59  20.58  20.69  19.18  18.15  20.83
 wrfout_d04_2016-03-27_03:00:00 999.00  15.70  10.17  17.17  11.52  15.86  16.01  16.05  17.24  17.54  19.68  18.11 999.00  18.67  19.22  19.82  15.86  18.58   7.18  18.46  -0.74  17.92  18.64  19.41  20.61  20.65  21.12  21.80  19.42  19.53  21.65
 wrfout_d04_2016-03-27_04:00:00 999.00  15.61  11.00  17.29  13.12  16.95  16.81  15.84  16.78  17.55  20.20  18.19 999.00  18.57  19.80  20.07  16.41  18.64   7.62  19.36  -0.36  17.91  18.76  19.67  21.34  21.49  21.16  22.82  19.38  20.91  21.89
 wrfout_d04_2016-03-27_05:00:00 999.00  15.51  10.44  17.13  12.97  16.68  16.44  15.86  18.47  17.16  19.47  18.18 999.00  18.05  19.70  20.18  16.63  18.52   7.74  19.66  -0.24  17.85  18.85  19.57  22.10  22.18  20.61  23.30  19.62  20.95  21.82
 wrfout_d04_2016-03-27_06:00:00 999.00  15.64  10.23  16.83  12.72  16.69  16.57  15.70  17.71  17.31  18.29  17.71 999.00  17.71  19.43  19.52  16.50  18.46   7.52  19.75  -0.49  17.84  18.72  19.33  21.97  21.99  20.47  23.42  19.31  20.87  21.94
 wrfout_d04_2016-03-27_07:00:00 999.00  15.78  10.40  16.35  12.10  16.42  16.80  15.66  17.89  17.02  17.84  17.40 999.00  17.36  18.96  18.83  16.00  18.20   6.90  18.66  -1.17  17.86  18.73  19.37  21.44  21.41  20.45  23.03  18.87  19.02  22.19
 wrfout_d04_2016-03-27_08:00:00 999.00  15.83   9.89  15.69  11.54  15.98  17.24  15.43  16.97  16.54  17.05  16.84 999.00  16.89  18.25  17.93  14.97  17.45   6.05  17.80  -2.20  17.87  18.68  18.86  20.64  20.65  20.36  22.46  18.85  19.43  22.24
 wrfout_d04_2016-03-27_09:00:00 999.00  15.78   8.99  14.75  10.40  15.37  16.11  15.15  16.16  15.73  16.73  16.00 999.00  16.38  16.85  17.34  13.42  16.98   4.46  17.00  -3.55  17.83  17.99  18.19  19.16  19.12  20.10  21.79  18.60  18.99  21.65
 wrfout_d04_2016-03-27_10:00:00 999.00  15.79   7.56  12.80   8.81  14.27  13.67  14.55  14.82  14.50  15.37  15.71 999.00  15.58  15.42  16.76  10.76  16.39   1.19  15.37  -6.09  17.33  17.96  16.64  17.93  17.89  19.52  20.69  16.69  17.94  20.70
 wrfout_d04_2016-03-27_11:00:00 999.00  15.76   7.14  11.71   8.42  13.02  11.63  14.33  13.62  13.65  14.60  15.22 999.00  15.24  14.43  16.78   9.08  16.13  -0.18  14.36  -5.98  17.40  17.49  16.12  16.47  16.65  17.89  19.18  15.90  17.35  20.32
 wrfout_d04_2016-03-27_12:00:00 999.00  15.74   6.91  10.89   8.21  11.93  10.57  14.14  12.17  12.47  12.60  13.87 999.00  14.98  13.81  16.60   8.25  16.10  -0.17  13.58  -5.81  17.41  17.11  15.86  15.62  15.67  16.87  18.25  14.89  16.89  19.36
 wrfout_d04_2016-03-27_13:00:00 999.00  15.76   6.63  10.29   7.99  11.19   9.73  13.80  11.15  11.64  11.65  13.24 999.00  14.29  13.56  16.44   7.67  16.07  -0.15  13.17  -5.85  17.52  16.84  15.60  15.01  15.08  16.61  17.16  14.37  17.29  18.45
 wrfout_d04_2016-03-27_14:00:00 999.00  15.75   6.37   9.76   7.76  10.66   8.84  12.85  10.26  10.95  10.82  12.88 999.00  13.90  13.28  16.23   7.15  16.03  -0.35  12.64  -6.17  17.71  16.59  15.38  14.58  14.64  16.14  16.47  13.94  16.93  17.37
 wrfout_d04_2016-03-27_15:00:00 999.00  15.75   6.03   9.18   7.54   9.77   7.96  11.78   9.48  10.30  10.07  12.59 999.00  13.54  12.36  16.02   6.63  16.10  -0.43  12.17  -6.14  18.06  16.43  15.20  14.20  14.18  16.48  15.70  14.29  16.96  16.66
 wrfout_d04_2016-03-27_16:00:00 999.00  15.81   5.86   8.61   7.32   9.40   7.13  11.33   8.82   9.77   9.29  12.21 999.00  12.88  11.81  15.46   6.06  16.28  -0.48  11.63  -5.86  18.13  16.54  14.87  13.64  13.44  15.65  15.15  14.17  17.00  16.31
 wrfout_d04_2016-03-27_17:00:00 999.00  15.98   5.67   8.16   7.18   8.62   6.44  10.87   8.29   9.35   8.64  11.87 999.00  11.90  11.26  14.26   5.60  16.29  -0.51  11.28  -5.70  18.07  16.33  14.43  12.24  12.26  15.33  14.79  13.13  16.47  16.34
 wrfout_d04_2016-03-27_18:00:00 999.00  16.21   5.44   7.83   7.12   8.39   5.87  10.52   7.75   8.98   8.30  11.27 999.00  11.53  10.72  13.77   5.05  16.21  -0.55  10.85  -5.71  18.07  15.87  13.56  11.51  11.51  16.03  14.62  12.76  16.51  16.40
 wrfout_d04_2016-03-27_19:00:00 999.00  16.24   5.47   7.62   7.21   8.08   5.41  10.31   7.30   8.60   7.93   9.88 999.00  11.30  10.11  13.11   4.56  16.17  -0.63  10.55  -5.82  18.02  15.94  13.41  10.85  10.84  15.96  14.43  12.75  16.76  16.20
 wrfout_d04_2016-03-27_20:00:00 999.00  16.18   5.85   7.43   7.36   7.71   5.04  10.05   7.00   8.34   7.52   9.67 999.00  11.04  10.06  12.60   4.18  16.11  -0.77   9.71  -7.30  17.93  16.07  13.45  10.31  10.35  15.78  14.21  12.75  16.60  16.02
 wrfout_d04_2016-03-27_21:00:00 999.00  16.17   5.88   7.11   7.35   7.51   4.78   9.88   6.84   8.17   7.06   9.67 999.00  10.80   9.54  12.16   3.85  15.99  -0.86   9.24  -7.73  18.06  15.85  13.82   9.87   9.88  15.67  13.96  12.60  16.69  16.03
 wrfout_d04_2016-03-27_22:00:00 999.00  16.18   6.25   7.06   7.54   7.52   4.76   9.84   6.61   8.23   7.48   9.78 999.00  10.48   8.99  11.95   3.70  15.91  -0.89   9.38  -7.82  18.10  15.83  13.72   9.55   9.63  15.78  13.89  13.39  16.37  15.83
 wrfout_d04_2016-03-27_23:00:00 999.00  16.25   8.49  11.70   9.70  12.70   9.08  12.74  11.13  13.19  13.34  14.27 999.00  13.72  12.87  15.52  10.67  16.70   4.82  10.75  -1.47  18.08  15.77  16.01  12.84  13.03  16.25  14.52  15.04  17.60  16.97
