 wrfout_d04_2016-07-14_00:00:00 999.00  28.48  24.77  30.02  25.86  30.05  30.01  29.42  30.28  30.59  29.86  30.04 999.00  30.55  30.31  30.11  26.24  30.23  19.26  29.49  14.66  28.93  29.14  29.20  31.19  31.28  30.60  31.49  29.65  28.84  30.33
 wrfout_d04_2016-07-14_01:00:00 999.00  27.60  25.68  31.41  27.20  31.63  31.67  29.45  31.77  31.34  30.94  30.72 999.00  31.56  31.46  30.20  27.71  29.87  20.61  30.41  15.59  27.60  28.53  29.50  31.80  31.47  31.24  31.41  30.76  29.21  30.49
 wrfout_d04_2016-07-14_02:00:00 999.00  27.59  26.67  31.95  28.35  32.46  33.27  29.69  33.29  31.97  31.58  31.70 999.00  32.13  32.99  30.62  28.43  30.45  21.26  31.66  16.08  27.60  28.65  30.01  32.98  32.31  32.09  31.99  31.72  29.63  31.04
 wrfout_d04_2016-07-14_03:00:00 999.00  27.59  27.25  32.17  29.17  32.66  34.47  29.84  34.40  32.20  32.04  32.24 999.00  32.43  34.16  30.85  28.78  30.83  21.67  32.56  16.27  27.57  28.68  30.34  33.63  32.91  32.75  32.33  32.41  29.92  31.36
 wrfout_d04_2016-07-14_04:00:00 999.00  27.74  27.40  32.22  29.41  32.02  35.32  29.89  35.32  32.12  32.38  32.50 999.00  32.57  35.17  31.01  29.25  31.06  21.91  33.51  15.94  27.58  28.65  30.61  33.99  33.26  33.27  32.54  32.85  30.03  31.55
 wrfout_d04_2016-07-14_05:00:00 999.00  27.82  27.27  32.04  29.22  31.35  35.14  29.77  35.14  31.88  32.53  32.50 999.00  32.56  35.54  31.05  29.54  31.11  21.72  33.93  15.01  27.61  28.59  30.88  34.11  33.35  33.44  32.59  33.00  29.99  31.64
 wrfout_d04_2016-07-14_06:00:00 999.00  27.83  26.87  31.69  28.70  31.33  34.69  29.59  34.72  31.59  32.61  32.57 999.00  32.43  35.27  31.00  29.54  31.04  21.24  33.80  14.42  27.63  28.56  31.09  33.98  33.21  33.89  32.55  32.81  29.77  31.55
 wrfout_d04_2016-07-14_07:00:00 999.00  27.83  26.26  31.29  27.94  31.30  34.11  29.32  34.11  31.23  32.44  32.31 999.00  32.14  34.76  30.81  28.34  30.83  20.54  33.27  14.85  27.61  28.53  30.99  33.67  32.91  34.27  32.42  32.27  29.38  31.34
 wrfout_d04_2016-07-14_08:00:00 999.00  27.67  25.41  30.66  27.10  30.77  33.26  28.94  33.29  30.70  30.68  31.98 999.00  31.65  33.75  30.49  27.54  30.47  19.80  32.44  14.87  27.59  28.49  30.75  33.12  32.38  34.27  32.18  31.43  28.83  30.92
 wrfout_d04_2016-07-14_09:00:00 999.00  27.43  24.68  29.92  26.16  30.07  31.93  28.42  32.28  29.82  28.30  31.03 999.00  31.01  32.51  29.92  26.32  29.92  18.66  31.58  13.63  27.59  28.46  29.96  32.30  31.70  33.87  31.75  30.26  28.14  30.41
 wrfout_d04_2016-07-14_10:00:00 999.00  27.41  23.64  28.94  24.91  29.22  31.12  27.89  31.04  29.25  28.52  30.28 999.00  30.27  31.46  29.41  25.17  29.22  17.51  30.56  12.07  27.59  28.33  28.79  31.40  30.86  32.81  31.31  28.83  27.34  29.69
 wrfout_d04_2016-07-14_11:00:00 999.00  27.21  22.95  27.46  24.06  28.65  30.43  27.71  30.25  29.04  27.79  29.51 999.00  29.80  30.65  28.66  23.74  28.40  15.89  29.73   8.25  27.58  28.03  27.38  30.42  30.04  31.57  30.90  28.54  26.93  29.08
 wrfout_d04_2016-07-14_12:00:00 999.00  27.18  22.89  27.18  23.93  29.01  30.05  27.82  29.68  29.21  27.47  29.35 999.00  29.72  29.89  28.33  22.69  28.13  15.08  29.27   8.08  27.56  27.83  27.25  29.99  29.60  31.46  30.68  28.48  26.90  28.84
 wrfout_d04_2016-07-14_13:00:00 999.00  27.10  22.94  27.01  23.93  28.96  29.68  28.03  29.28  29.56  27.58  28.88 999.00  29.34  29.50  28.15  22.22  27.92  15.71  28.88  10.15  27.54  27.73  27.36  29.67  29.32  30.46  30.48  28.21  26.88  28.60
 wrfout_d04_2016-07-14_14:00:00 999.00  27.07  23.05  26.94  23.98  28.49  29.36  28.17  29.09  29.40  27.55  28.48 999.00  29.02  29.12  28.01  21.92  27.70  15.37  28.44  10.23  27.51  27.63  27.14  29.45  29.09  29.53  30.22  26.59  26.85  28.34
 wrfout_d04_2016-07-14_15:00:00 999.00  27.02  23.07  26.78  23.98  28.11  29.32  28.13  29.05  29.16  27.39  28.01 999.00  28.80  28.76  27.84  21.67  27.52  15.00  28.00  10.39  27.45  27.51  26.89  29.19  28.85  28.88  29.87  25.73  26.80  28.00
 wrfout_d04_2016-07-14_16:00:00 999.00  26.91  23.03  26.59  23.84  28.00  29.16  28.02  28.89  28.91  27.12  27.35 999.00  28.57  28.36  27.63  21.45  27.43  14.09  27.57  10.51  27.43  27.42  26.58  28.89  28.58  28.47  29.49  25.19  26.75  27.69
 wrfout_d04_2016-07-14_17:00:00 999.00  26.93  22.95  26.35  23.72  27.91  28.97  27.86  28.68  28.71  27.09  27.15 999.00  28.34  28.02  27.47  21.23  27.42  13.37  27.39  10.60  27.42  27.31  26.25  28.56  28.31  28.12  29.37  24.81  26.69  27.60
 wrfout_d04_2016-07-14_18:00:00 999.00  27.08  22.86  26.07  23.61  27.69  28.73  27.67  28.98  28.48  26.91  27.03 999.00  28.15  27.77  27.33  21.01  27.31  13.19  27.00  10.43  27.40  27.16  25.99  28.21  28.03  27.78  29.05  24.45  26.61  27.43
 wrfout_d04_2016-07-14_19:00:00 999.00  26.85  22.74  25.84  23.53  27.50  28.54  27.49  28.57  28.26  26.67  26.92 999.00  27.93  27.51  27.16  20.76  27.22  13.00  26.73   9.92  27.39  27.03  25.84  27.79  27.67  27.50  28.81  24.09  26.57  27.41
 wrfout_d04_2016-07-14_20:00:00 999.00  27.13  22.60  25.62  23.38  27.24  28.20  27.33  27.98  27.99  26.38  26.72 999.00  27.68  27.25  27.00  20.54  27.13  12.73  26.37   8.70  27.37  26.93  25.65  27.34  27.22  27.25  28.52  23.79  26.53  27.24
 wrfout_d04_2016-07-14_21:00:00 999.00  27.40  22.49  25.44  23.23  26.93  27.87  27.23  27.64  27.78  26.10  26.54 999.00  27.47  27.04  26.88  20.34  27.06  12.55  26.15   7.32  27.36  26.85  25.38  26.93  26.81  27.00  28.34  23.55  26.52  27.17
 wrfout_d04_2016-07-14_22:00:00 999.00  27.44  22.79  27.68  23.77  27.50  28.61  27.42  28.32  27.98  26.40  26.91 999.00  27.58  27.18  27.20  23.27  27.25  16.08  26.38  11.15  27.35  26.64  27.04  26.76  26.69  27.14  28.50  25.81  26.89  27.57
 wrfout_d04_2016-07-14_23:00:00 999.00  27.41  23.64  28.97  24.87  28.86  29.60  28.09  29.63  28.98  28.29  28.21 999.00  28.52  28.24  28.48  25.79  27.97  18.90  27.44  13.59  27.35  27.25  27.72  28.22  28.16  28.10  29.37  27.85  27.66  28.57
