 wrfout_d04_2016-01-06_00:00:00 999.00  19.62  15.31  18.39  16.31  19.06  19.26  18.80  19.28  18.70  21.92  21.73 999.00  18.60  19.33  23.03  17.88  19.59  11.72  18.40   5.32  20.43  21.23  24.10  20.40  20.78  24.33  24.14  23.35  24.24  24.87
 wrfout_d04_2016-01-06_01:00:00 999.00  19.43  15.06  18.75  16.28  19.21  19.76  19.22  19.79  19.21  21.47  21.10 999.00  19.41  21.42  23.60  17.61  20.03  12.28  18.99   6.56  20.27  20.66  24.70  21.00  22.10  25.40  24.35  24.49  24.95  25.49
 wrfout_d04_2016-01-06_02:00:00 999.00  19.71  15.02  18.59  15.93  19.13  20.15  19.20  20.28  19.50  21.92  22.50 999.00  21.16  22.70  24.22  17.22  20.25  13.22  20.75   5.61  20.06  20.69  25.12  22.44  22.45  26.05  25.20  25.95  25.56  26.09
 wrfout_d04_2016-01-06_03:00:00 999.00  19.57  14.94  18.78  16.21  19.15  20.06  19.04  20.00  19.26  22.23  21.27 999.00  21.66  23.60  24.63  19.96  20.54  11.40  23.00   5.56  20.25  20.92  25.21  23.28  23.54  26.34  25.64  27.54  26.00  26.26
 wrfout_d04_2016-01-06_04:00:00 999.00  19.94  15.30  20.49  17.53  19.06  20.17  18.77  19.63  18.95  23.25  21.38 999.00  21.44  24.13  25.19  19.42  20.67  13.28  23.91   5.40  20.04  21.19  24.91  24.37  24.11  26.68  26.03  28.10  26.04  26.08
 wrfout_d04_2016-01-06_05:00:00 999.00  20.01  14.56  18.96  15.63  19.23  20.47  18.66  20.49  18.89  22.82  20.17 999.00  20.76  23.89  24.35  19.90  20.05  14.48  23.78   5.95  19.80  21.07  24.40  26.10  26.23  26.45  27.37  27.07  25.98  26.20
 wrfout_d04_2016-01-06_06:00:00 999.00  19.82  14.35  19.38  16.10  19.01  20.25  18.50  20.04  18.78  23.07  20.11 999.00  21.30  22.77  23.65  20.96  19.51  14.54  24.95   6.93  19.41  20.55  22.74  26.48  26.33  26.88  27.57  26.28  25.83  26.27
 wrfout_d04_2016-01-06_07:00:00 999.00  19.70  14.00  18.74  15.40  19.20  20.33  18.57  19.71  18.71  21.85  19.99 999.00  20.14  23.31  23.85  20.86  19.64  13.80  24.96   6.50  19.23  20.35  22.38  24.80  24.75  24.86  27.34  25.01  24.61  26.37
 wrfout_d04_2016-01-06_08:00:00 999.00  19.66  13.78  18.09  14.76  18.93  20.08  18.44  19.74  18.55  20.90  19.73 999.00  19.63  21.93  23.09  19.88  19.15  12.48  23.74   5.62  19.50  20.32  22.04  23.04  22.95  24.00  26.46  24.12  24.25  25.11
 wrfout_d04_2016-01-06_09:00:00 999.00  19.43  13.45  17.89  14.45  18.79  19.54  18.56  19.35  18.48  20.48  19.52 999.00  18.93  20.19  22.40  17.61  18.88  10.38  20.71   2.03  19.77  20.27  21.52  22.15  21.95  23.74  24.97  21.80  23.60  24.42
 wrfout_d04_2016-01-06_10:00:00 999.00  19.43  13.13  17.31  14.17  18.40  19.42  18.68  18.73  18.47  20.23  19.00 999.00  18.39  19.03  22.16  15.06  18.00   6.90  18.76   2.13  19.48  19.98  21.06  20.51  20.69  23.04  24.22  21.39  22.03  24.07
 wrfout_d04_2016-01-06_11:00:00 999.00  19.32  12.97  16.94  13.90  17.91  18.77  18.41  18.98  18.39  20.01  18.76 999.00  18.31  18.68  21.85  14.55  17.77   8.97  17.88   2.42  19.21  19.84  20.72  19.45  19.64  22.99  23.56  21.27  21.95  23.87
 wrfout_d04_2016-01-06_12:00:00 999.00  19.04  12.74  17.34  13.79  18.13  18.60  18.33  18.28  18.30  19.68  18.59 999.00  18.76  18.58  21.68  14.09  17.88   8.46  17.30  -0.59  19.16  19.74  20.49  19.01  19.10  22.75  22.98  20.97  21.88  23.29
 wrfout_d04_2016-01-06_13:00:00 999.00  18.68  12.63  17.12  13.60  17.80  18.29  18.22  17.63  18.19  19.23  18.44 999.00  18.68  18.37  21.67  13.81  18.46   8.53  17.24  -0.55  19.35  19.72  20.61  18.63  18.69  22.76  21.80  20.79  21.91  23.02
 wrfout_d04_2016-01-06_14:00:00 999.00  18.57  12.54  16.94  13.47  17.63  18.15  18.08  17.62  17.81  19.04  18.10 999.00  18.43  18.47  21.58  13.51  18.19   8.53  17.19  -0.66  19.40  19.66  20.23  18.37  18.40  22.46  21.01  20.37  21.64  22.65
 wrfout_d04_2016-01-06_15:00:00 999.00  18.53  12.31  16.41  13.34  17.53  17.95  17.89  17.60  17.08  18.70  18.09 999.00  18.14  18.41  21.47  13.25  18.05   8.61  17.03  -0.56  19.31  19.69  19.90  18.33  18.33  22.16  20.39  19.89  21.39  22.22
 wrfout_d04_2016-01-06_16:00:00 999.00  18.74  12.22  16.67  12.88  17.27  17.83  17.53  17.20  17.46  18.32  17.97 999.00  17.81  18.16  21.35  13.06  18.04   8.47  16.59  -0.72  19.28  19.58  19.62  18.12  18.20  21.91  19.79  19.83  21.24  21.96
 wrfout_d04_2016-01-06_17:00:00 999.00  18.40  12.18  16.59  12.82  17.36  17.72  17.63  17.05  16.87  17.96  17.86 999.00  17.52  17.82  21.24  12.94  17.77   8.23  16.23  -0.72  19.13  19.35  19.66  17.77  17.86  21.42  19.40  18.80  21.13  21.50
 wrfout_d04_2016-01-06_18:00:00 999.00  18.33  12.05  16.67  12.75  17.45  17.47  17.51  16.95  16.84  17.69  17.66 999.00  17.28  17.32  21.10  12.88  17.52   8.07  15.87  -0.79  19.01  19.37  19.51  17.45  17.50  21.05  19.17  18.34  21.00  21.16
 wrfout_d04_2016-01-06_19:00:00 999.00  18.41  11.91  16.44  12.58  17.20  17.33  17.34  16.98  16.61  17.45  17.19 999.00  17.10  16.61  20.49  12.70  17.47   8.01  15.49  -0.80  19.00  19.36  19.30  17.14  17.18  20.78  18.77  18.40  20.85  21.09
 wrfout_d04_2016-01-06_20:00:00 999.00  18.27  11.79  16.45  12.47  17.03  17.15  17.32  16.88  16.72  17.30  17.14 999.00  16.98  15.76  20.36  12.49  17.49   7.91  15.19  -0.80  18.97  19.35  19.18  16.69  16.80  20.36  18.35  18.58  20.66  20.93
 wrfout_d04_2016-01-06_21:00:00 999.00  18.09  11.64  16.40  12.34  17.03  16.97  17.25  16.79  16.58  17.27  17.15 999.00  16.84  15.41  20.30  12.27  17.51   7.83  14.93  -0.78  18.89  18.96  19.10  16.12  16.24  20.40  18.18  18.10  20.62  20.79
 wrfout_d04_2016-01-06_22:00:00 999.00  17.96  11.52  16.32  12.24  17.13  16.89  17.27  16.73  16.37  17.19  16.91 999.00  16.85  15.40  20.19  12.00  17.46   7.68  14.84  -0.85  18.93  18.42  19.05  16.29  16.61  20.50  18.41  18.27  20.43  20.68
 wrfout_d04_2016-01-06_23:00:00 999.00  18.00  11.39  16.31  12.26  17.06  16.92  17.25  16.61  16.54  17.06  16.91 999.00  16.83  16.30  20.25  12.81  17.54   7.97  14.90   0.56  18.95  18.25  19.17  16.34  16.50  20.68  18.94  18.00  20.64  20.50
