 wrfout_d04_2016-07-23_00:00:00 999.00  28.29  25.48  30.20  26.91  30.77  30.33  29.33  30.65  30.16  30.52  30.44 999.00  30.09  29.51  30.58  27.32  29.48  21.21  28.47  15.12  28.53  28.83  29.03  30.17  30.12  30.16  31.11  30.64  28.34  29.66
 wrfout_d04_2016-07-23_01:00:00 999.00  28.50  27.12  31.54  28.37  32.41  32.23  30.23  32.49  31.52  31.96  31.82 999.00  31.55  31.21  31.15  27.59  30.34  23.06  30.07  14.84  28.94  29.25  30.02  31.26  31.24  31.24  30.56  30.34  30.00  31.15
 wrfout_d04_2016-07-23_02:00:00 999.00  28.55  28.23  31.85  29.61  32.98  33.94  30.59  34.00  32.22  32.56  32.50 999.00  32.04  32.86  31.78  28.44  30.83  21.73  31.25  15.44  28.89  29.46  30.37  32.05  32.19  31.75  31.89  31.14  30.56  31.78
 wrfout_d04_2016-07-23_03:00:00 999.00  28.63  29.01  32.16  30.44  32.09  34.91  30.79  35.06  32.66  32.77  32.87 999.00  32.53  33.92  32.13  28.97  31.13  22.10  31.94  15.66  28.88  29.50  30.46  33.05  32.62  32.08  32.81  31.67  30.93  32.33
 wrfout_d04_2016-07-23_04:00:00 999.00  28.70  29.45  32.38  30.94  31.55  35.40  31.00  35.92  33.06  32.99  33.15 999.00  32.77  35.00  32.23  28.57  31.34  22.27  32.27  14.89  28.92  29.40  30.47  33.66  32.92  32.46  33.03  32.12  31.10  32.22
 wrfout_d04_2016-07-23_05:00:00 999.00  28.73  29.62  32.50  31.17  31.56  35.43  31.10  36.42  33.30  33.08  33.20 999.00  32.85  35.44  32.29  29.79  31.47  22.18  33.04  13.04  28.97  29.38  30.43  34.00  33.12  32.57  33.07  32.20  31.09  32.65
 wrfout_d04_2016-07-23_06:00:00 999.00  28.68  29.49  32.45  31.13  31.64  35.37  30.97  36.63  33.29  32.80  33.06 999.00  32.92  35.40  32.23  29.90  31.49  21.59  32.82  12.90  29.04  29.44  30.36  34.07  33.02  32.53  32.99  31.94  30.96  32.62
 wrfout_d04_2016-07-23_07:00:00 999.00  28.83  28.88  32.02  30.77  31.45  35.18  30.92  36.43  33.30  32.44  32.65 999.00  32.87  35.27  32.08  29.77  31.26  21.17  32.32  12.71  29.11  29.49  30.22  33.91  32.95  32.36  32.75  31.61  30.60  32.34
 wrfout_d04_2016-07-23_08:00:00 999.00  28.93  27.97  31.47  29.87  31.58  34.65  30.71  35.72  32.77  31.91  31.76 999.00  32.53  34.85  31.78  28.86  30.98  19.03  31.18  12.53  29.20  29.53  29.91  33.58  32.64  32.06  32.62  30.97  30.15  32.03
 wrfout_d04_2016-07-23_09:00:00 999.00  28.77  26.86  30.68  28.82  31.94  33.71  29.97  34.59  32.12  31.29  31.00 999.00  31.91  34.04  31.41  27.76  30.69  18.48  30.65  12.30  29.33  29.53  29.50  32.95  31.78  31.71  32.57  30.02  29.50  31.54
 wrfout_d04_2016-07-23_10:00:00 999.00  28.57  25.55  29.51  27.37  31.55  32.56  28.88  32.96  30.95  30.50  30.03 999.00  31.24  33.28  30.83  26.71  30.08  17.28  30.42  11.74  29.40  29.57  28.91  31.64  30.96  31.17  32.35  28.53  28.43  30.99
 wrfout_d04_2016-07-23_11:00:00 999.00  28.63  23.27  27.27  23.96  30.06  31.45  27.85  31.62  30.17  29.39  29.46 999.00  30.41  32.20  30.32  24.11  29.56  14.75  29.78   7.95  29.33  29.52  27.12  30.92  30.24  30.58  31.92  26.59  26.12  30.52
 wrfout_d04_2016-07-23_12:00:00 999.00  28.64  23.08  26.91  23.73  29.41  30.85  27.56  30.97  29.74  28.71  29.32 999.00  30.02  31.06  29.90  23.35  29.35  14.25  29.45   7.50  29.32  29.49  26.79  30.25  29.80  30.15  31.63  26.23  25.79  30.37
 wrfout_d04_2016-07-23_13:00:00 999.00  28.66  22.82  26.70  23.44  29.17  30.41  27.22  30.60  29.55  28.35  28.99 999.00  29.73  30.12  29.38  22.89  29.28  14.19  29.10   6.98  29.32  29.35  26.44  29.99  29.61  29.87  31.40  26.08  25.64  30.17
 wrfout_d04_2016-07-23_14:00:00 999.00  28.65  22.48  26.58  23.12  28.88  30.25  26.79  30.30  29.30  28.17  28.60 999.00  29.53  29.73  28.98  22.56  29.08  13.83  28.72   6.46  29.52  29.12  26.13  29.64  29.50  29.43  31.24  25.73  25.43  29.42
 wrfout_d04_2016-07-23_15:00:00 999.00  28.62  22.22  26.39  22.88  28.49  29.95  26.42  29.87  28.92  27.86  28.33 999.00  29.38  29.57  28.60  22.24  29.01  13.36  28.08   6.13  29.66  28.96  25.86  29.36  29.37  28.84  30.82  25.42  25.45  28.74
 wrfout_d04_2016-07-23_16:00:00 999.00  28.51  21.95  26.11  22.63  28.13  29.81  26.14  29.40  28.43  27.66  28.09 999.00  29.15  29.15  28.34  21.96  28.58  12.95  27.55   5.82  29.62  28.83  25.64  29.10  29.34  28.72  30.54  25.12  26.10  28.52
 wrfout_d04_2016-07-23_17:00:00 999.00  28.47  21.70  25.62  22.42  28.91  30.22  25.82  28.84  28.00  27.46  27.91 999.00  28.81  28.75  28.09  21.65  28.00  12.56  27.25   5.55  29.47  28.58  25.42  28.51  28.77  28.64  30.29  24.81  24.68  28.41
 wrfout_d04_2016-07-23_18:00:00 999.00  28.42  21.39  25.23  22.09  28.21  29.46  25.54  28.23  27.37  27.22  27.96 999.00  28.52  28.48  27.92  21.42  27.68  12.14  27.06   5.35  29.29  28.30  25.21  28.02  28.33  28.38  30.00  24.37  25.48  28.06
 wrfout_d04_2016-07-23_19:00:00 999.00  28.43  21.14  24.97  21.81  27.78  28.89  25.27  27.76  26.75  26.99  28.26 999.00  28.30  28.19  27.95  21.15  27.37  11.77  26.84   5.18  29.13  27.69  25.03  27.65  28.04  27.94  29.86  24.03  25.36  28.04
 wrfout_d04_2016-07-23_20:00:00 999.00  28.31  20.77  24.70  21.43  27.07  28.10  24.95  27.40  26.26  26.71  27.67 999.00  28.10  27.86  27.98  20.86  27.12  11.48  26.61   5.03  29.04  27.51  24.87  27.14  27.69  27.67  29.70  23.86  24.12  27.81
 wrfout_d04_2016-07-23_21:00:00 999.00  28.28  20.60  24.50  21.27  26.48  27.70  24.72  27.14  26.00  26.54  27.27 999.00  27.93  27.56  27.86  20.63  26.90  11.25  26.51   4.89  28.98  27.32  24.75  26.77  27.39  27.61  29.56  23.74  23.99  28.05
 wrfout_d04_2016-07-23_22:00:00 999.00  28.18  22.90  27.00  23.98  26.68  27.68  26.59  27.57  26.42  27.22  27.71 999.00  28.06  27.51  27.89  23.03  28.04  14.11  26.54   8.29  28.97  27.05  26.75  26.63  27.39  27.59  29.60  25.84  26.13  27.88
 wrfout_d04_2016-07-23_23:00:00 999.00  28.34  24.58  28.58  25.59  28.47  28.83  28.56  28.94  28.47  28.61  29.14 999.00  29.14  28.58  28.40  25.80  28.99  17.22  27.74  12.48  28.96  27.45  28.31  28.15  28.33  29.05  30.33  28.79  28.11  29.40
