 wrfout_d04_2016-12-03_00:00:00 999.00  22.21  15.86  22.29  17.52  21.59  22.59  21.93  22.19  22.02  20.69  21.16 999.00  21.57  20.96  23.91  21.65  22.14  13.53  18.87   7.95  22.54  22.01  23.68  20.58  21.00  24.81  22.93  23.15  24.39  25.30
 wrfout_d04_2016-12-03_01:00:00 999.00  22.23  16.33  23.76  18.17  21.98  23.51  22.82  22.87  23.56  21.30  22.01 999.00  23.33  23.45  24.33  24.48  22.85  14.63  21.04   9.12  22.62  22.67  23.72  22.27  22.49  24.97  25.10  24.37  24.95  26.22
 wrfout_d04_2016-12-03_02:00:00 999.00  22.30  16.93  24.35  19.01  22.39  24.47  24.00  24.69  25.03  21.93  22.54 999.00  24.39  25.47  24.61  23.29  23.56  16.58  23.17   9.55  22.75  23.58  25.15  24.14  24.53  25.45  27.18  24.59  25.52  27.22
 wrfout_d04_2016-12-03_03:00:00 999.00  22.57  17.76  25.38  19.82  22.78  24.76  24.34  25.08  26.23  22.58  24.03 999.00  25.19  27.09  25.17  24.47  23.65  17.08  24.59   9.02  22.84  24.00  26.18  26.12  26.27  27.72  28.46  25.49  25.78  27.46
 wrfout_d04_2016-12-03_04:00:00 999.00  22.80  17.47  25.46  19.86  23.04  25.19  24.48  25.59  26.73  22.70  24.45 999.00  25.08  28.18  25.76  25.08  23.82  17.28  26.45   9.15  22.80  24.12  25.75  27.20  27.64  27.29  29.05  25.03  25.90  28.15
 wrfout_d04_2016-12-03_05:00:00 999.00  22.77  17.71  25.58  20.10  22.73  25.26  24.70  25.77  27.40  22.64  24.48 999.00  25.04  28.41  25.05  24.88  23.82  17.17  27.31   9.14  22.81  23.97  25.64  28.56  28.50  27.08  29.52  24.91  25.34  28.20
 wrfout_d04_2016-12-03_06:00:00 999.00  22.79  17.67  25.34  19.95  22.72  25.34  24.51  26.25  27.32  23.02  24.08 999.00  24.89  28.22  26.19  24.66  23.69  16.59  27.48   8.15  22.75  23.98  25.13  28.74  28.62  27.09  29.78  24.97  24.84  27.76
 wrfout_d04_2016-12-03_07:00:00 999.00  22.89  17.45  24.79  19.40  22.89  24.55  24.67  25.34  26.96  22.08  23.87 999.00  24.40  27.21  25.45  24.03  23.51  15.75  27.14   8.02  22.84  24.10  24.75  28.14  28.09  26.46  29.67  24.92  25.17  27.46
 wrfout_d04_2016-12-03_08:00:00 999.00  23.01  17.43  24.01  18.96  22.51  23.76  23.77  24.35  25.69  22.60  23.57 999.00  23.72  26.31  25.37  22.85  22.97  14.58  25.42   8.07  22.85  24.11  24.05  27.12  27.08  25.98  29.20  24.16  23.97  26.49
 wrfout_d04_2016-12-03_09:00:00 999.00  23.22  17.23  21.38  18.37  22.62  23.08  22.87  23.24  23.89  22.65  23.52 999.00  23.07  24.03  25.07  19.12  22.44  10.49  24.16   4.46  22.89  24.00  23.14  25.55  25.58  25.62  28.86  22.83  23.68  25.96
 wrfout_d04_2016-12-03_10:00:00 999.00  23.31  17.31  21.16  18.45  22.17  22.85  22.74  23.03  23.51  22.38  23.67 999.00  22.97  23.32  24.81  18.16  22.34  10.02  22.76   3.07  22.98  24.18  23.12  24.52  24.63  25.26  28.93  22.53  23.55  25.59
 wrfout_d04_2016-12-03_11:00:00 999.00  23.31  17.30  21.00  18.41  22.10  22.77  22.69  22.88  23.14  22.36  23.39 999.00  23.01  23.17  24.62  17.74  22.25   9.80  21.92   2.94  23.06  23.95  22.92  23.55  23.81  25.28  28.71  21.94  23.87  25.30
 wrfout_d04_2016-12-03_12:00:00 999.00  23.47  17.46  20.96  18.61  21.81  22.83  22.63  22.93  22.71  22.22  23.17 999.00  23.02  23.15  24.58  17.41  22.28   9.43  21.44   2.64  23.12  23.85  22.54  22.87  23.11  24.88  27.88  21.78  23.86  25.10
 wrfout_d04_2016-12-03_13:00:00 999.00  23.49  17.59  21.43  18.81  21.43  22.88  22.49  22.89  22.27  22.10  22.72 999.00  22.93  23.15  24.63  17.14  22.26   9.11  21.15   2.35  23.13  23.59  22.49  22.49  22.66  24.69  26.77  21.94  23.88  24.85
 wrfout_d04_2016-12-03_14:00:00 999.00  23.50  17.76  22.58  18.94  21.18  22.97  22.33  22.88  21.94  22.15  22.08 999.00  22.82  23.19  24.53  16.86  22.32   8.80  20.87   2.19  23.23  23.25  22.42  22.07  22.35  24.69  25.93  21.63  23.73  24.52
 wrfout_d04_2016-12-03_15:00:00 999.00  23.57  17.99  23.07  19.13  21.04  23.07  22.15  22.81  21.19  22.29  21.68 999.00  22.69  22.90  24.33  16.58  22.40   8.61  20.67   2.11  23.27  23.19  21.67  21.75  22.02  24.69  25.33  21.38  23.95  24.19
 wrfout_d04_2016-12-03_16:00:00 999.00  23.75  18.08  23.19  19.19  20.80  23.06  21.99  22.75  20.36  20.89  21.41 999.00  22.63  22.41  24.19  16.33  22.28   8.34  20.34   2.12  23.19  23.23  21.58  21.48  21.71  24.69  24.44  21.29  23.65  24.00
 wrfout_d04_2016-12-03_17:00:00 999.00  24.01  18.22  23.31  19.31  20.90  23.05  20.99  22.50  20.04  20.78  21.28 999.00  22.62  21.93  24.20  16.09  22.23   8.10  20.33   2.02  22.85  23.15  21.54  21.41  21.64  24.87  23.95  21.23  23.69  23.98
 wrfout_d04_2016-12-03_18:00:00 999.00  24.12  18.30  23.24  19.36  20.75  22.94  20.62  21.29  19.54  20.64  21.00 999.00  22.46  21.42  24.08  15.97  22.13   7.89  19.89   3.55  22.70  23.14  21.54  21.27  21.47  24.60  23.44  20.90  23.51  23.83
 wrfout_d04_2016-12-03_19:00:00 999.00  24.12  18.46  23.30  19.50  20.83  22.83  20.04  21.12  19.25  20.66  20.72 999.00  22.60  21.17  23.68  15.89  22.11   7.77  19.76   2.31  22.50  23.01  21.34  21.12  21.33  24.22  23.20  20.78  23.83  23.80
 wrfout_d04_2016-12-03_20:00:00 999.00  24.12  18.42  22.49  19.37  20.51  21.54  19.47  21.02  18.90  20.37  20.37 999.00  22.50  20.97  23.15  15.79  22.24   7.61  19.44   3.44  22.48  22.56  21.24  20.84  20.99  23.75  22.84  20.61  23.42  23.76
 wrfout_d04_2016-12-03_21:00:00 999.00  24.10  18.31  20.96  19.18  20.29  21.27  19.20  20.27  18.68  20.06  20.39 999.00  22.65  21.01  22.95  15.58  22.43   7.46  19.05   4.06  22.41  22.41  21.03  20.62  20.79  23.38  22.58  20.53  23.39  23.69
 wrfout_d04_2016-12-03_22:00:00 999.00  24.20  18.18  20.51  18.89  20.34  20.78  18.95  20.02  18.68  19.93  20.33 999.00  21.88  21.03  23.47  15.45  22.33   7.33  18.66   3.90  22.55  22.46  20.97  20.59  20.78  23.87  22.47  20.43  23.20  23.63
 wrfout_d04_2016-12-03_23:00:00 999.00  23.92  18.32  21.73  19.22  22.27  21.59  20.08  21.46  20.06  22.25  22.85 999.00  22.54  21.31  24.29  17.40  22.59   9.92  18.76   5.86  23.26  22.44  22.56  20.95  21.16  24.28  22.81  21.96  23.97  24.20
