 wrfout_d04_2016-09-18_00:00:00 999.00  26.02  20.44  24.85  21.34  25.45  26.11  26.05  26.00  25.65  28.26  28.42 999.00  27.33  27.25  28.64  24.13  28.17  15.93  25.49  10.13  28.00  27.69  28.48  27.00  27.29  29.19  28.69  27.63  26.93  28.03
 wrfout_d04_2016-09-18_01:00:00 999.00  26.19  20.96  26.03  22.38  27.56  27.84  26.06  27.09  25.35  29.03  28.91 999.00  26.39  25.30  28.69  23.56  27.93  17.98  26.53  11.67  27.92  26.77  29.25  28.31  28.55  29.90  29.52  28.27  27.14  28.33
 wrfout_d04_2016-09-18_02:00:00 999.00  26.71  21.19  26.20  22.58  28.93  29.19  26.69  27.96  26.45  29.67  29.85 999.00  26.59  26.79  29.27  24.70  28.42  18.94  27.53  12.22  27.90  27.38  29.72  29.24  29.40  30.64  29.88  28.40  27.68  28.91
 wrfout_d04_2016-09-18_03:00:00 999.00  27.12  22.09  26.40  23.28  28.85  28.08  27.01  27.95  27.25  29.91  29.94 999.00  28.21  28.71  30.22  25.78  28.94  18.88  27.93  12.54  27.82  27.76  30.05  29.84  29.96  30.86  30.13  28.82  27.68  29.36
 wrfout_d04_2016-09-18_04:00:00 999.00  27.39  22.47  26.83  23.98  29.07  28.53  27.30  27.97  27.62  29.87  29.96 999.00  28.51  29.04  30.26  26.63  29.61  19.54  28.75  13.43  27.86  27.98  29.53  30.39  30.59  31.20  30.74  28.92  27.84  29.44
 wrfout_d04_2016-09-18_05:00:00 999.00  27.34  22.10  26.95  23.04  29.12  28.64  27.48  27.90  27.76  29.83  29.72 999.00  28.32  28.07  30.54  26.75  30.02  19.36  29.56  13.58  27.75  27.86  30.01  30.82  30.98  30.98  30.94  28.64  27.97  29.43
 wrfout_d04_2016-09-18_06:00:00 999.00  27.29  21.80  26.63  23.05  28.76  28.19  27.45  28.35  28.36  29.61  29.20 999.00  28.31  28.62  29.98  26.46  29.66  18.84  30.34  12.72  27.99  28.07  29.78  30.80  30.97  30.71  30.86  28.55  27.74  29.33
 wrfout_d04_2016-09-18_07:00:00 999.00  27.25  21.22  27.16  22.49  28.48  27.95  27.63  28.60  28.23  29.11  29.19 999.00  28.33  29.01  29.24  25.64  29.25  18.35  29.19  11.96  27.92  28.18  29.26  30.58  30.43  30.55  30.27  28.18  27.57  29.17
 wrfout_d04_2016-09-18_08:00:00 999.00  27.22  21.03  25.89  22.32  27.69  27.80  27.23  28.27  27.71  28.51  28.60 999.00  28.04  28.37  28.92  24.91  28.57  16.90  28.21  11.55  27.88  28.03  28.48  29.72  29.78  29.95  30.15  27.82  27.01  28.86
 wrfout_d04_2016-09-18_09:00:00 999.00  27.24  20.53  25.45  21.76  26.93  27.50  27.02  27.95  27.26  27.78  27.91 999.00  27.72  27.55  28.03  23.40  28.05  16.34  27.29  11.00  27.95  27.97  27.67  28.78  28.77  28.37  30.22  26.93  26.34  28.53
 wrfout_d04_2016-09-18_10:00:00 999.00  27.30  20.11  24.22  21.20  26.42  27.35  26.33  27.53  27.10  27.37  26.64 999.00  27.37  26.84  26.86  22.23  27.69  15.44  26.51   9.11  28.01  28.08  27.14  28.15  27.96  28.48  30.20  26.06  26.16  28.24
 wrfout_d04_2016-09-18_11:00:00 999.00  27.30  19.96  24.07  20.74  26.04  27.55  26.15  27.35  26.88  26.92  26.59 999.00  26.76  26.46  26.78  21.76  27.40  14.48  26.18   8.59  28.02  27.85  26.83  27.69  27.78  28.47  30.15  25.83  26.18  28.20
 wrfout_d04_2016-09-18_12:00:00 999.00  27.33  20.10  24.49  21.12  25.66  27.50  25.98  27.02  26.74  26.50  26.24 999.00  27.07  26.34  26.63  21.48  27.57  14.32  26.28   8.31  28.02  27.65  26.69  27.12  27.22  28.24  30.11  25.38  26.09  28.15
 wrfout_d04_2016-09-18_13:00:00 999.00  27.34  19.82  24.35  20.42  25.38  26.87  26.00  26.47  26.55  26.13  26.13 999.00  26.00  25.87  26.13  21.32  27.56  14.22  25.85   8.39  28.06  27.32  25.17  26.76  26.83  28.13  29.76  25.32  26.05  28.08
 wrfout_d04_2016-09-18_14:00:00 999.00  27.34  19.77  24.27  20.72  25.17  25.92  25.93  26.76  26.38  25.83  26.07 999.00  26.79  25.90  25.97  21.39  27.09  13.97  25.47   8.70  27.92  27.01  25.60  26.56  26.55  27.12  29.32  24.98  26.08  27.94
 wrfout_d04_2016-09-18_15:00:00 999.00  27.32  19.75  23.58  20.75  24.89  25.59  25.92  26.09  25.77  25.40  25.63 999.00  26.02  25.91  25.95  21.21  27.49  13.74  25.18   7.70  28.11  27.27  25.37  26.09  26.12  26.99  29.14  24.84  25.90  27.66
 wrfout_d04_2016-09-18_16:00:00 999.00  27.35  19.84  24.16  19.71  24.61  25.76  25.31  25.96  25.49  25.05  25.09 999.00  26.61  24.97  25.75  20.96  27.52  13.51  24.64   8.82  28.05  27.56  25.18  25.66  25.64  26.98  28.96  24.84  25.89  27.08
 wrfout_d04_2016-09-18_17:00:00 999.00  27.27  19.61  24.20  20.78  24.96  25.63  25.27  25.70  24.46  24.48  24.77 999.00  26.24  24.79  25.95  20.74  27.29  13.28  24.58   7.22  28.18  27.59  24.98  25.34  25.36  26.94  28.59  24.54  25.66  27.00
 wrfout_d04_2016-09-18_18:00:00 999.00  27.11  20.00  23.53  20.83  24.91  25.37  25.75  25.43  24.65  24.23  24.64 999.00  25.72  24.35  25.84  20.51  27.25  13.06  24.25   7.03  28.24  27.30  24.92  24.91  24.95  26.73  28.17  24.32  25.15  26.70
 wrfout_d04_2016-09-18_19:00:00 999.00  26.96  19.72  24.08  19.60  25.11  25.15  25.82  25.26  23.60  23.96  24.29 999.00  26.10  23.90  25.82  20.31  27.12  12.66  24.13   7.06  28.24  27.26  25.24  24.49  24.53  26.59  28.14  24.45  24.71  26.16
 wrfout_d04_2016-09-18_20:00:00 999.00  26.84  19.57  24.15  20.33  25.08  24.87  25.73  24.11  23.32  23.79  24.61 999.00  25.79  23.65  25.12  20.11  26.98  12.58  23.76   7.06  28.09  26.74  25.06  24.14  24.25  26.59  27.70  23.89  24.15  25.85
 wrfout_d04_2016-09-18_21:00:00 999.00  26.77  19.54  24.04  20.30  25.29  24.71  25.38  23.78  23.34  23.69  24.45 999.00  25.14  23.43  25.84  20.11  26.97  12.40  23.46   6.97  27.94  26.30  24.32  23.94  24.07  26.74  27.64  23.92  24.36  25.30
 wrfout_d04_2016-09-18_22:00:00 999.00  26.77  19.53  24.11  20.49  25.43  23.94  25.67  23.92  23.30  24.01  24.19 999.00  25.03  23.20  25.29  20.11  27.00  12.60  23.12   6.72  27.82  26.53  25.05  24.15  23.69  26.67  27.32  24.12  25.54  25.65
 wrfout_d04_2016-09-18_23:00:00 999.00  26.70  20.08  25.33  21.39  25.69  25.16  25.81  25.90  25.73  25.70  25.92 999.00  26.03  25.39  26.06  22.38  27.62  15.00  23.82   9.65  27.81  26.42  25.75  24.92  25.03  26.68  27.81  24.08  25.46  26.05
