 wrfout_d04_2016-08-21_00:00:00 999.00  28.40  25.41  29.28  26.23  29.26  29.66  28.76  29.63  29.30  29.39  29.36 999.00  29.48  29.66  30.09  25.01  29.05  17.97  28.21  12.19  27.39  26.64  28.64  29.30  29.59  30.07  30.44  29.74  29.22  30.24
 wrfout_d04_2016-08-21_01:00:00 999.00  28.42  24.05  30.21  26.47  30.30  31.21  29.40  31.08  30.86  30.56  30.41 999.00  30.53  31.38  31.00  26.30  29.96  18.85  29.70  13.40  27.42  27.28  29.23  31.01  31.17  31.03  30.95  29.15  29.98  31.63
 wrfout_d04_2016-08-21_02:00:00 999.00  28.47  24.36  30.75  25.37  30.94  32.49  29.64  32.57  32.08  31.29  30.96 999.00  31.15  31.88  31.41  27.80  30.46  19.18  31.10  14.32  27.42  27.25  29.88  32.59  32.22  31.56  31.26  29.74  30.54  32.54
 wrfout_d04_2016-08-21_03:00:00 999.00  28.52  24.87  31.25  26.85  31.12  33.76  29.96  33.82  32.33  31.44  31.29 999.00  31.51  33.64  31.70  27.19  30.82  19.64  31.46  14.19  27.48  27.21  30.18  33.58  32.71  31.99  31.48  30.13  30.88  33.16
 wrfout_d04_2016-08-21_04:00:00 999.00  28.59  25.96  31.50  26.73  31.20  34.46  30.17  34.68  32.51  31.46  31.45 999.00  31.73  34.16  31.89  27.33  31.05  19.06  32.76  12.49  27.63  27.35  30.31  34.11  33.11  32.23  31.74  30.40  31.16  33.55
 wrfout_d04_2016-08-21_05:00:00 999.00  28.65  27.40  31.76  29.27  31.32  34.56  30.31  34.58  32.43  31.42  31.44 999.00  31.87  34.77  31.95  27.68  31.13  18.95  33.44  12.58  27.75  27.54  30.31  34.35  33.20  32.27  31.93  30.49  31.14  33.69
 wrfout_d04_2016-08-21_06:00:00 999.00  28.70  26.80  32.40  28.84  31.28  34.46  30.47  33.68  32.57  31.25  31.24 999.00  31.79  34.60  31.85  27.82  31.13  20.54  32.92  12.57  27.86  27.54  30.23  34.26  32.93  32.21  31.88  30.36  30.90  33.61
 wrfout_d04_2016-08-21_07:00:00 999.00  28.74  26.37  33.21  28.17  31.09  33.74  30.33  33.25  32.65  30.95  30.83 999.00  31.42  33.93  31.58  28.88  30.91  20.37  31.24  12.52  27.81  27.63  30.03  33.38  32.06  31.97  31.58  29.92  30.63  33.17
 wrfout_d04_2016-08-21_08:00:00 999.00  28.71  25.34  33.04  26.97  30.82  32.70  29.90  33.01  32.35  30.40  30.24 999.00  30.91  33.33  31.16  28.39  30.46  20.11  30.20  12.64  27.89  27.73  29.62  31.32  30.39  31.58  31.02  29.46  30.00  32.42
 wrfout_d04_2016-08-21_09:00:00 999.00  28.66  24.06  31.51  25.50  30.32  31.54  29.46  32.13  31.50  29.80  29.49 999.00  30.27  32.30  30.66  25.54  29.77  18.42  29.34  12.58  27.95  28.01  28.88  30.85  30.57  31.03  30.93  28.63  29.17  31.40
 wrfout_d04_2016-08-21_10:00:00 999.00  28.62  22.65  29.11  24.01  29.18  30.64  28.69  31.18  30.27  29.09  28.66 999.00  29.52  30.75  29.97  24.06  29.19  17.02  29.34  12.27  27.86  27.93  27.85  30.40  30.01  30.23  30.66  27.29  27.84  30.20
 wrfout_d04_2016-08-21_11:00:00 999.00  28.60  22.29  27.93  23.54  28.20  29.42  28.84  29.77  29.51  28.39  28.31 999.00  29.02  30.17  29.55  23.40  28.66  16.44  28.78  11.41  27.91  27.90  27.32  29.87  29.80  29.79  30.32  26.06  27.02  29.46
 wrfout_d04_2016-08-21_12:00:00 999.00  28.56  22.06  27.62  23.31  27.76  28.69  28.78  28.97  29.74  27.76  28.12 999.00  28.85  29.74  29.30  22.69  28.32  14.62  28.13   9.47  27.88  27.89  26.83  29.81  29.80  29.36  30.40  25.76  26.70  29.22
 wrfout_d04_2016-08-21_13:00:00 999.00  28.51  21.96  27.65  23.20  27.48  28.34  28.54  28.55  29.87  27.52  27.98 999.00  28.76  29.80  29.04  22.42  28.09  14.21  27.78   8.00  27.80  27.91  26.48  29.14  29.57  29.00  30.41  25.52  26.35  28.85
 wrfout_d04_2016-08-21_14:00:00 999.00  28.46  21.86  27.54  23.11  27.24  28.10  28.02  28.22  28.83  27.29  27.81 999.00  28.59  29.75  28.75  22.11  27.89  13.87  27.76   7.61  27.79  27.80  26.16  29.01  29.05  28.67  30.70  25.27  25.95  28.42
 wrfout_d04_2016-08-21_15:00:00 999.00  28.45  21.78  27.27  23.03  27.02  27.96  27.27  27.88  28.16  27.17  27.53 999.00  28.46  29.30  28.38  21.74  27.77  13.65  27.16   7.13  27.81  27.85  25.91  29.32  29.42  28.42  30.64  25.09  25.82  28.12
 wrfout_d04_2016-08-21_16:00:00 999.00  28.42  21.71  26.65  22.96  26.82  27.71  26.78  27.56  27.69  26.99  27.30 999.00  28.28  29.19  28.03  21.52  27.77  13.35  26.55   6.78  27.81  27.78  25.63  28.72  29.29  28.20  30.24  24.92  25.85  27.72
 wrfout_d04_2016-08-21_17:00:00 999.00  28.36  21.58  25.79  22.82  26.70  27.49  26.40  27.33  27.38  26.85  27.10 999.00  28.10  28.95  27.76  21.35  27.71  12.94  26.48   6.40  27.71  27.65  25.36  28.27  28.95  28.06  30.01  24.75  25.81  27.71
 wrfout_d04_2016-08-21_18:00:00 999.00  28.30  21.40  25.48  22.67  26.52  27.24  26.10  27.06  27.21  26.64  26.76 999.00  27.93  28.65  27.56  21.15  27.59  12.74  26.32   6.06  27.77  27.48  25.13  27.84  28.33  27.80  29.94  24.45  25.77  27.46
 wrfout_d04_2016-08-21_19:00:00 999.00  28.30  21.28  25.21  22.46  26.37  27.08  25.85  26.85  26.97  26.48  27.48 999.00  27.80  28.34  27.37  20.96  27.34  12.31  26.10   5.58  27.71  27.28  24.93  27.27  27.99  27.65  29.89  24.10  25.58  27.35
 wrfout_d04_2016-08-21_20:00:00 999.00  28.31  21.11  24.97  22.27  26.16  26.86  25.62  26.60  26.86  26.42  26.98 999.00  27.78  27.90  27.25  20.76  27.19  12.09  25.76   5.32  27.59  27.31  24.83  27.05  27.51  27.55  29.68  23.80  25.42  27.11
 wrfout_d04_2016-08-21_21:00:00 999.00  28.32  20.21  24.83  21.98  26.00  26.69  25.41  26.44  26.63  26.78  26.66 999.00  27.67  27.70  27.17  20.56  27.15  11.81  25.51   5.03  27.57  26.99  24.72  26.33  27.03  27.41  29.36  23.71  25.62  26.96
 wrfout_d04_2016-08-21_22:00:00 999.00  28.30  21.74  26.17  22.94  26.21  26.85  26.14  26.66  26.53  26.33  26.30 999.00  27.66  27.64  27.20  21.65  27.18  12.82  25.51   6.47  27.56  26.58  25.76  26.35  26.62  27.46  29.11  24.76  26.51  27.12
 wrfout_d04_2016-08-21_23:00:00 999.00  28.31  23.49  28.21  24.88  27.79  28.24  27.71  27.96  27.73  27.61  27.54 999.00  28.47  28.37  28.27  23.70  28.16  16.90  26.48  11.80  27.49  27.26  27.74  27.65  28.00  28.78  29.78  27.44  28.40  28.49
