 wrfout_d04_2016-12-24_00:00:00 999.00  18.01  11.10  16.93  12.70  17.21  17.70  17.30  17.72  18.03  16.44  17.67 999.00  19.45  19.68  18.44  18.34  20.44  11.75  18.99   4.54  21.49  19.99  18.30  18.82  19.89  19.57  22.55  18.01  19.27  19.79
 wrfout_d04_2016-12-24_01:00:00 999.00  18.22  11.85  18.19  13.57  17.64  18.78  18.46  19.04  19.65  16.65  18.04 999.00  21.13  21.18  19.18  21.20  21.24  14.69  20.57   5.75  21.51  20.91  19.20  21.15  21.77  21.04  23.85  19.42  19.54  20.66
 wrfout_d04_2016-12-24_02:00:00 999.00  18.44  12.39  19.10  14.23  17.99  19.68  19.66  20.11  21.68  16.91  18.52 999.00  22.44  22.93  19.63  21.85  21.89  14.14  21.96   6.60  21.47  21.67  19.98  22.84  23.07  22.20  24.84  20.30  19.78  21.71
 wrfout_d04_2016-12-24_03:00:00 999.00  18.65  12.98  19.77  14.87  18.43  20.32  20.71  20.85  23.04  17.29  18.67 999.00  23.01  24.63  20.11  22.71  22.20  14.83  22.98   7.30  21.66  21.86  20.53  24.23  24.46  22.86  25.23  20.91  20.24  22.34
 wrfout_d04_2016-12-24_04:00:00 999.00  18.85  13.68  20.24  15.37  18.95  20.81  21.38  21.36  24.38  17.81  18.81 999.00  23.52  25.59  20.42  22.67  22.35  15.10  23.88   7.64  21.72  21.97  20.82  25.22  25.33  23.19  25.44  21.41  20.49  23.09
 wrfout_d04_2016-12-24_05:00:00 999.00  19.03  14.05  20.61  15.75  19.67  21.22  21.83  21.66  24.60  18.24  18.92 999.00  23.87  26.51  20.58  22.49  22.38  15.00  24.67   7.65  21.70  22.08  20.97  25.98  25.80  23.33  25.58  21.47  20.66  23.32
 wrfout_d04_2016-12-24_06:00:00 999.00  19.27  14.05  20.53  15.70  19.66  21.37  21.89  21.52  24.31  18.53  18.93 999.00  24.19  26.63  20.94  22.35  22.23  14.66  25.28   7.34  21.76  22.28  20.80  25.87  25.51  23.26  25.57  21.11  20.50  23.29
 wrfout_d04_2016-12-24_07:00:00 999.00  19.40  13.83  20.05  15.39  19.56  20.93  21.57  21.06  23.66  18.59  18.82 999.00  24.16  26.09  20.78  21.49  21.69  13.97  25.04   6.56  21.76  22.22  20.59  25.07  24.87  22.86  25.28  20.71  20.70  22.94
 wrfout_d04_2016-12-24_08:00:00 999.00  19.51  13.38  19.27  14.87  19.49  20.43  20.72  20.33  22.19  18.63  18.69 999.00  23.62  25.37  20.83  20.07  21.33  12.52  23.97   5.35  21.53  22.13  20.06  23.93  23.77  22.27  24.83  20.41  20.35  22.40
 wrfout_d04_2016-12-24_09:00:00 999.00  19.60  12.73  18.22  14.09  19.36  19.64  19.47  19.46  20.50  18.54  18.75 999.00  22.90  24.62  20.69  16.88  20.83   8.23  22.69   2.72  21.64  22.29  18.99  23.07  22.93  21.76  24.70  19.15  20.29  21.67
 wrfout_d04_2016-12-24_10:00:00 999.00  19.83  12.85  18.25  14.15  19.33  19.31  19.18  19.12  20.08  18.57  18.94 999.00  22.45  23.62  20.72  15.25  20.57   6.59  21.82   1.86  21.59  22.46  19.23  22.50  22.48  21.30  24.60  19.02  20.34  21.46
 wrfout_d04_2016-12-24_11:00:00 999.00  20.16  13.06  18.40  14.32  19.29  19.23  19.11  19.12  19.83  18.59  19.08 999.00  22.17  23.40  20.65  14.72  20.62   6.23  21.02   0.20  21.51  22.67  19.34  22.44  22.39  20.75  24.44  18.79  20.46  21.16
 wrfout_d04_2016-12-24_12:00:00 999.00  20.34  13.22  18.63  14.54  19.45  19.28  19.17  19.11  19.69  18.54  19.50 999.00  21.87  23.34  20.75  14.25  20.72   6.05  20.97   0.01  21.60  22.60  18.67  22.49  22.39  20.69  24.30  18.72  20.47  20.73
 wrfout_d04_2016-12-24_13:00:00 999.00  20.65  13.60  18.84  14.87  19.31  19.39  19.23  19.16  19.49  18.18  19.34 999.00  21.71  22.99  21.05  13.86  20.76   5.84  20.96  -0.15  21.78  22.24  18.46  22.27  22.36  20.78  24.17  18.51  20.16  20.52
 wrfout_d04_2016-12-24_14:00:00 999.00  20.95  13.94  19.09  15.03  19.43  19.86  19.31  19.27  18.49  17.92  19.07 999.00  21.62  22.05  21.26  13.57  20.75   5.58  20.71  -0.31  21.88  21.93  19.07  22.01  22.24  20.98  24.00  18.60  20.27  20.38
 wrfout_d04_2016-12-24_15:00:00 999.00  21.21  14.11  19.12  15.11  19.15  19.47  19.33  19.40  18.18  18.05  19.01 999.00  21.43  21.31  21.24  13.31  20.71   5.29  20.52  -0.36  21.90  21.58  18.58  21.90  22.08  21.06  23.99  17.62  20.70  20.52
 wrfout_d04_2016-12-24_16:00:00 999.00  21.38  14.34  19.20  15.22  18.97  19.32  19.30  19.31  17.53  18.08  17.11 999.00  21.23  20.77  21.07  13.00  20.61   5.04  20.14  -0.41  21.80  21.49  19.47  21.66  21.89  20.90  23.66  18.28  20.66  20.61
 wrfout_d04_2016-12-24_17:00:00 999.00  21.55  14.37  19.64  15.39  19.12  19.28  19.69  19.25  17.00  18.24  17.08 999.00  21.20  20.40  20.89  12.71  20.81   4.76  19.99  -0.44  21.74  21.41  19.59  21.38  21.73  20.89  23.54  17.49  20.57  20.66
 wrfout_d04_2016-12-24_18:00:00 999.00  21.43  14.26  19.70  15.38  19.06  19.33  19.31  19.18  16.30  18.37  17.05 999.00  20.93  20.13  20.46  12.42  20.91   4.56  19.43  -0.44  21.78  21.40  19.61  20.66  21.69  20.60  23.07  17.26  20.58  20.70
 wrfout_d04_2016-12-24_19:00:00 999.00  21.10  14.35  19.82  15.43  18.79  19.28  19.48  19.20  15.95  18.59  17.07 999.00  20.58  19.99  20.14  12.17  20.87   4.42  19.43  -0.43  21.79  21.35  18.45  19.91  21.15  20.33  22.53  17.25  20.67  20.66
 wrfout_d04_2016-12-24_20:00:00 999.00  21.30  14.46  19.96  15.58  17.47  19.23  19.21  19.24  15.75  18.15  16.94 999.00  19.97  19.95  20.71  11.99  21.15   4.29  19.13  -0.45  21.81  21.14  17.90  19.71  20.09  19.39  22.22  17.19  20.86  20.43
 wrfout_d04_2016-12-24_21:00:00 999.00  21.44  14.52  19.75  15.64  17.25  19.30  17.38  19.06  15.55  16.70  16.96 999.00  19.82  19.61  20.73  11.88  21.11   4.15  18.75  -0.53  21.97  21.00  17.68  19.33  19.71  19.17  22.02  17.16  20.65  20.61
 wrfout_d04_2016-12-24_22:00:00 999.00  21.38  14.69  19.86  15.85  17.49  19.48  17.18  19.00  15.62  16.72  17.09 999.00  20.18  19.58  21.09  11.82  21.25   4.07  18.71  -0.59  22.03  20.10  17.56  18.97  19.80  19.26  21.84  17.12  20.64  20.69
 wrfout_d04_2016-12-24_23:00:00 999.00  21.20  15.09  20.02  16.17  19.96  20.04  17.76  19.67  16.88  18.08  18.21 999.00  20.27  19.83  21.37  13.22  21.27   5.92  19.14   1.43  22.22  19.89  19.38  19.05  19.82  20.78  22.20  18.02  21.04  21.05
