 wrfout_d04_2016-09-27_00:00:00 999.00  27.69  22.45  26.41  23.12  26.98  27.73  27.02  27.62  27.65  27.34  26.53 999.00  27.90  27.64  28.69  22.13  27.30  16.76  25.99  11.60  27.64  28.18  28.59  27.71  27.79  26.65  28.05  25.66  24.52  26.47
 wrfout_d04_2016-09-27_01:00:00 999.00  27.78  22.55  26.56  23.12  27.01  27.76  27.17  27.83  28.05  27.40  26.83 999.00  28.05  27.80  28.81  22.74  28.22  17.40  26.17  12.08  27.89  27.96  28.72  27.30  27.32  27.69  27.44  26.06  24.53  26.33
 wrfout_d04_2016-09-27_02:00:00 999.00  27.45  22.42  26.41  23.22  26.88  27.89  27.08  27.74  27.53  27.30  26.78 999.00  28.16  27.72  28.88  23.23  27.91  17.40  26.49  12.31  27.76  27.81  28.88  27.60  27.50  28.57  27.77  26.55  24.75  26.67
 wrfout_d04_2016-09-27_03:00:00 999.00  27.20  22.15  26.27  22.71  26.77  27.67  27.05  27.66  27.64  27.15  26.48 999.00  28.29  27.83  28.68  23.76  27.71  17.28  26.70  12.38  27.59  28.24  28.27  27.89  27.78  28.98  27.78  27.23  25.54  26.58
 wrfout_d04_2016-09-27_04:00:00 999.00  27.23  21.97  25.91  22.62  26.90  27.56  27.08  27.47  27.40  26.83  25.61 999.00  28.18  28.02  27.87  22.35  27.96  17.20  26.94  12.16  27.44  28.68  26.42  28.25  28.13  32.39  28.00  26.90  25.76  26.50
 wrfout_d04_2016-09-27_05:00:00 999.00  27.38  21.81  25.77  22.63  26.63  27.25  26.87  27.18  26.91  25.83  26.17 999.00  27.61  27.09  26.81  21.80  28.00  16.68  26.66  11.69  27.87  28.59  27.88  28.33  28.23  33.61  27.98  26.73  25.73  26.56
 wrfout_d04_2016-09-27_06:00:00 999.00  27.53  21.84  25.73  22.84  25.82  26.78  26.23  26.64  26.46  26.77  26.44 999.00  26.92  26.69  26.60  21.64  27.63  16.49  25.69  11.57  27.65  28.48  29.32  28.29  28.14  34.82  28.10  26.58  25.63  26.73
 wrfout_d04_2016-09-27_07:00:00 999.00  27.34  22.28  26.30  23.16  26.41  27.16  26.03  27.27  26.80  26.89  26.71 999.00  26.66  26.36  27.09  21.69  27.55  16.42  24.92  11.71  27.61  28.46  29.75  27.96  27.81  33.90  27.57  26.05  25.47  26.66
 wrfout_d04_2016-09-27_08:00:00 999.00  27.44  22.33  26.49  23.08  26.50  27.30  27.17  27.46  27.72  27.20  27.04 999.00  27.15  26.91  27.63  22.17  27.05  16.51  24.57  12.25  27.51  27.80  29.31  27.41  27.26  31.96  27.84  25.39  25.48  26.43
 wrfout_d04_2016-09-27_09:00:00 999.00  28.08  22.28  26.57  23.15  26.34  27.41  27.36  27.73  28.05  27.12  26.50 999.00  27.54  27.80  27.86  21.99  27.02  16.74  24.67  12.53  27.68  26.91  29.15  26.30  26.68  30.88  27.09  25.08  25.54  26.42
 wrfout_d04_2016-09-27_10:00:00 999.00  28.18  22.24  26.42  23.08  26.63  27.44  27.39  27.62  28.47  27.06  26.88 999.00  28.02  27.89  27.71  22.49  25.99  16.84  24.25  12.72  27.03  26.52  28.88  25.93  26.27  30.16  27.26  24.69  25.36  26.39
 wrfout_d04_2016-09-27_11:00:00 999.00  28.16  22.21  26.40  23.01  26.67  27.60  28.07  27.96  30.33  27.17  26.84 999.00  26.90  26.13  28.09  22.74  25.79  16.93  24.45  12.77  26.73  26.65  26.65  26.10  26.13  28.85  27.34  24.22  25.14  26.59
 wrfout_d04_2016-09-27_12:00:00 999.00  27.59  22.19  26.44  22.97  26.57  28.01  28.50  27.83  31.03  27.17  26.61 999.00  26.93  26.56  27.10  22.40  25.40  16.57  24.38  12.25  26.62  27.06  25.99  26.55  26.55  27.69  27.63  24.20  25.04  26.46
 wrfout_d04_2016-09-27_13:00:00 999.00  27.43  22.10  26.41  22.96  26.71  27.97  29.23  27.84  29.41  26.82  26.25 999.00  27.32  26.50  26.86  22.15  25.68  16.20  24.15  12.18  26.83  26.98  25.86  26.94  26.79  27.38  27.83  24.08  25.34  26.19
 wrfout_d04_2016-09-27_14:00:00 999.00  27.38  21.92  26.08  22.75  26.61  27.66  28.83  27.82  28.53  26.72  26.24 999.00  27.21  26.03  27.16  22.48  25.75  16.69  24.83  12.42  26.93  27.21  25.80  26.92  26.76  26.96  27.53  24.25  25.83  26.45
 wrfout_d04_2016-09-27_15:00:00 999.00  27.50  21.82  25.77  22.54  26.44  27.53  28.04  28.05  29.30  26.73  26.04 999.00  26.50  25.92  27.13  22.49  25.82  16.46  24.29  12.21  27.00  27.04  25.93  27.06  27.00  27.23  27.36  25.04  25.96  27.49
 wrfout_d04_2016-09-27_16:00:00 999.00  27.76  21.66  25.92  22.47  26.54  27.47  28.32  27.77  28.67  26.92  26.55 999.00  26.54  26.08  27.16  22.67  25.78  16.31  24.33  12.19  26.91  27.62  26.22  27.40  27.17  27.70  27.14  25.17  26.35  27.70
 wrfout_d04_2016-09-27_17:00:00 999.00  27.49  21.92  26.44  22.77  26.66  28.05  27.85  28.19  29.42  26.99  26.49 999.00  26.46  26.27  27.22  22.12  26.00  16.21  25.16  11.81  26.68  28.36  26.66  27.85  27.70  27.92  28.00  25.23  26.44  27.66
 wrfout_d04_2016-09-27_18:00:00 999.00  27.64  22.00  26.48  22.78  26.76  27.61  28.02  28.12  29.52  27.11  26.65 999.00  26.65  26.91  27.75  22.49  26.21  16.19  25.73  11.52  26.53  28.57  26.71  28.16  27.97  28.13  27.91  25.20  26.46  27.70
 wrfout_d04_2016-09-27_19:00:00 999.00  27.88  22.03  26.59  22.86  26.98  27.97  27.70  28.65  27.97  27.46  27.11 999.00  27.02  27.56  28.25  22.79  26.13  16.26  25.68  11.78  26.45  28.05  26.81  27.73  27.50  28.10  27.78  25.37  26.45  27.75
 wrfout_d04_2016-09-27_20:00:00 999.00  28.12  22.29  26.53  23.16  27.41  28.36  26.84  29.08  29.25  27.61  27.23 999.00  27.54  27.62  28.37  22.68  25.91  16.21  25.29  11.52  26.63  27.61  27.03  27.45  27.21  28.28  28.12  25.28  26.44  27.69
 wrfout_d04_2016-09-27_21:00:00 999.00  28.11  22.37  26.82  23.27  27.69  28.58  27.96  28.87  27.86  27.81  27.32 999.00  27.74  27.17  27.53  22.39  25.62  16.03  24.62  11.47  26.73  27.80  27.00  27.83  27.85  28.30  28.45  25.16  26.45  27.64
 wrfout_d04_2016-09-27_22:00:00 999.00  27.97  22.39  26.76  23.28  27.72  28.12  27.71  28.78  27.16  27.88  27.39 999.00  27.41  26.39  28.37  23.04  25.97  15.60  25.98  11.04  27.11  28.16  27.03  27.91  27.74  28.26  28.56  24.99  26.51  27.70
 wrfout_d04_2016-09-27_23:00:00 999.00  27.92  22.38  26.57  23.20  27.86  28.46  28.00  28.77  27.65  28.00  27.60 999.00  28.49  28.53  28.07  23.44  25.98  14.62  26.25  10.40  27.44  28.04  27.07  28.03  27.87  28.34  28.65  25.26  26.75  27.91
