 wrfout_d04_2016-12-04_00:00:00 999.00  23.82  19.75  23.53  20.67  23.60  23.00  22.01  23.00  21.70  24.19  23.86 999.00  23.11  22.76  25.27  21.14  23.28  14.96  19.78   8.38  23.43  22.38  24.62  22.33  22.48  25.81  23.54  24.63  25.15  25.73
 wrfout_d04_2016-12-04_01:00:00 999.00  23.72  20.59  24.57  21.75  24.94  24.50  22.90  24.75  23.48  25.42  25.04 999.00  23.90  24.17  26.21  21.48  23.32  17.61  22.15   9.70  23.60  22.73  25.50  24.12  24.27  27.04  25.17  25.77  25.80  27.06
 wrfout_d04_2016-12-04_02:00:00 999.00  23.64  21.06  25.06  22.35  25.69  25.78  23.60  26.16  24.63  26.28  26.01 999.00  25.01  25.01  27.18  23.21  23.83  16.52  23.64  10.68  23.65  23.18  25.98  25.36  25.58  27.80  27.69  26.51  26.35  28.16
 wrfout_d04_2016-12-04_03:00:00 999.00  23.60  21.08  24.84  23.12  26.29  27.04  24.06  27.14  25.86  27.20  26.30 999.00  25.27  25.50  27.53  24.23  22.40  17.15  25.64  11.16  23.38  24.18  26.39  26.25  26.41  28.23  28.87  26.73  26.69  29.02
 wrfout_d04_2016-12-04_04:00:00 999.00  23.51  21.87  25.79  23.30  26.38  27.75  23.72  27.94  25.91  27.34  26.85 999.00  25.40  26.03  27.71  24.51  23.43  17.25  26.98  11.25  23.29  24.30  26.36  28.19  28.23  28.17  29.63  26.85  26.82  29.53
 wrfout_d04_2016-12-04_05:00:00 999.00  23.53  21.70  25.86  23.42  24.59  28.01  22.93  27.93  25.22  27.26  26.82 999.00  25.35  26.49  27.62  24.64  23.81  17.31  27.50  11.12  22.86  24.18  26.28  28.94  29.03  28.24  30.24  26.76  26.73  29.67
 wrfout_d04_2016-12-04_06:00:00 999.00  23.49  21.57  24.85  23.06  24.37  27.94  22.90  27.45  25.38  26.78  26.53 999.00  24.89  27.45  27.34  24.52  23.59  16.91  27.57  10.73  22.74  24.09  26.06  28.78  28.83  28.00  30.56  26.46  26.46  29.54
 wrfout_d04_2016-12-04_07:00:00 999.00  23.43  20.72  24.08  22.36  24.11  27.00  22.71  26.64  25.12  26.28  25.88 999.00  24.61  26.89  27.14  24.05  23.51  15.98  27.33   9.87  22.83  24.05  25.56  28.17  28.22  27.77  30.44  26.00  25.93  29.01
 wrfout_d04_2016-12-04_08:00:00 999.00  23.40  19.41  23.51  21.23  23.81  26.06  22.53  25.97  24.34  25.36  24.94 999.00  23.79  26.54  26.50  22.90  23.25  14.73  25.88   8.78  22.81  23.95  24.80  27.28  27.17  27.00  29.95  25.04  25.20  28.08
 wrfout_d04_2016-12-04_09:00:00 999.00  23.54  18.64  22.11  19.97  23.15  25.06  22.57  24.78  23.05  24.20  24.28 999.00  23.24  25.09  25.83  19.29  22.55  13.27  24.49   4.52  22.80  23.91  23.78  25.77  25.91  26.33  29.38  23.63  23.90  26.82
 wrfout_d04_2016-12-04_10:00:00 999.00  23.41  18.38  22.00  19.80  22.87  24.11  22.49  24.14  22.73  23.63  24.07 999.00  23.34  23.98  25.34  18.30  22.32  10.29  23.17   3.89  22.90  23.91  23.52  24.96  25.01  26.01  29.26  22.83  23.54  26.19
 wrfout_d04_2016-12-04_11:00:00 999.00  23.38  18.15  21.18  18.85  22.86  23.54  22.62  23.80  22.38  23.46  23.70 999.00  23.31  23.41  24.95  17.89  22.28  10.12  22.29   5.14  22.96  23.62  23.23  24.13  24.44  25.88  29.18  22.42  23.34  25.79
 wrfout_d04_2016-12-04_12:00:00 999.00  23.40  18.16  20.94  18.60  22.74  23.63  22.67  23.54  22.24  23.52  23.66 999.00  23.28  23.15  24.79  17.54  22.26   9.83  22.02   3.49  23.30  23.40  23.57  23.31  23.67  25.71  28.54  22.15  23.23  25.50
 wrfout_d04_2016-12-04_13:00:00 999.00  23.25  17.90  20.70  19.33  22.85  23.30  22.56  23.17  22.21  23.50  23.50 999.00  22.94  23.12  24.73  17.33  22.24   9.53  21.86   4.47  23.27  23.25  23.71  22.85  23.32  25.60  27.69  21.93  23.19  25.21
 wrfout_d04_2016-12-04_14:00:00 999.00  23.31  18.11  20.60  18.86  22.97  22.94  21.97  22.81  22.21  23.32  23.39 999.00  22.40  22.97  24.57  17.16  22.30   9.32  21.46   4.88  23.17  23.20  23.76  22.53  23.02  25.50  27.06  21.56  23.09  24.89
 wrfout_d04_2016-12-04_15:00:00 999.00  23.20  17.69  20.42  18.85  22.89  22.69  22.48  23.07  22.69  23.23  23.47 999.00  22.67  22.24  24.43  17.01  22.61   8.99  20.89   5.13  23.36  23.30  23.55  22.14  22.60  25.32  26.70  21.35  23.06  24.57
 wrfout_d04_2016-12-04_16:00:00 999.00  23.15  17.57  20.20  18.74  22.73  23.12  21.98  23.15  22.69  23.06  23.45 999.00  22.86  21.74  24.28  16.82  22.77   8.75  20.31   5.29  23.60  23.26  22.99  21.78  22.10  25.23  26.35  21.03  23.13  24.24
 wrfout_d04_2016-12-04_17:00:00 999.00  23.18  17.47  20.03  18.72  22.63  22.99  22.03  23.01  22.63  23.04  23.24 999.00  22.85  21.82  24.21  16.58  22.38   8.58  20.17   5.60  23.52  23.08  22.07  21.54  21.84  25.17  26.13  20.81  23.13  24.17
 wrfout_d04_2016-12-04_18:00:00 999.00  23.22  17.44  19.94  18.62  22.57  23.09  21.87  22.91  22.47  23.06  22.79 999.00  22.49  21.64  23.97  16.31  22.74   8.47  19.74   5.68  23.57  22.75  21.81  21.25  21.45  25.09  25.47  20.50  23.19  23.92
 wrfout_d04_2016-12-04_19:00:00 999.00  23.11  17.43  19.86  18.58  22.08  22.74  21.78  22.77  22.37  22.83  22.73 999.00  22.63  21.64  23.99  16.03  22.66   8.30  19.53   5.76  23.21  22.72  21.70  21.06  21.21  25.05  24.88  20.47  23.64  23.90
 wrfout_d04_2016-12-04_20:00:00 999.00  22.84  17.36  19.71  18.56  22.51  22.85  21.84  22.66  20.78  22.51  22.57 999.00  22.67  21.29  23.86  15.75  22.47   8.07  19.34   5.97  22.99  22.48  21.56  20.70  20.87  24.95  24.32  20.44  23.29  24.10
 wrfout_d04_2016-12-04_21:00:00 999.00  22.83  17.42  19.66  18.52  22.03  21.81  21.76  21.82  20.41  22.39  22.49 999.00  22.59  21.15  23.89  15.51  22.67   7.93  19.22   5.98  23.40  22.42  22.24  20.51  20.50  24.87  23.86  20.45  23.16  24.20
 wrfout_d04_2016-12-04_22:00:00 999.00  22.62  17.61  19.56  18.53  22.48  21.34  21.72  22.46  20.30  22.53  22.32 999.00  22.65  21.21  24.03  15.33  22.67   7.63  19.29   5.71  23.82  22.58  21.35  20.66  20.58  24.86  23.72  20.56  23.11  24.31
 wrfout_d04_2016-12-04_23:00:00 999.00  22.82  17.61  21.39  18.83  22.57  22.74  22.26  22.80  21.81  22.78  22.21 999.00  22.61  21.48  24.33  17.55  22.72  10.26  19.69   6.95  23.60  22.61  23.05  20.91  21.20  24.82  23.93  22.02  23.88  24.45
