 wrfout_d04_2016-07-03_00:00:00 999.00  28.85  24.67  29.07  25.65  29.85  29.95  29.78  29.94  30.57  29.31  29.59 999.00  30.26  28.96  29.58  25.27  30.08  20.20  28.24  12.58  29.61  29.45  28.51  30.59  30.46  29.75  31.15  29.65  28.88  29.76
 wrfout_d04_2016-07-03_01:00:00 999.00  28.91  25.03  30.21  26.52  30.53  31.14  30.52  31.05  31.70  30.07  30.35 999.00  31.57  30.45  30.26  26.57  30.41  22.01  29.33  13.11  29.68  29.71  28.83  31.89  31.51  30.27  31.67  28.81  29.57  30.05
 wrfout_d04_2016-07-03_02:00:00 999.00  28.94  26.03  31.28  27.80  30.89  32.24  30.97  32.01  32.36  31.36  31.09 999.00  32.23  32.00  30.71  27.32  30.64  21.08  30.79  15.17  29.60  29.88  29.14  32.49  32.05  30.65  32.19  29.07  30.25  30.40
 wrfout_d04_2016-07-03_03:00:00 999.00  28.97  26.35  31.62  27.75  32.35  33.31  31.18  33.07  32.96  32.06  31.51 999.00  32.15  33.01  31.09  28.39  30.96  21.54  32.25  15.55  29.51  29.94  29.35  33.35  32.72  30.94  32.61  29.21  30.62  31.10
 wrfout_d04_2016-07-03_04:00:00 999.00  29.06  27.05  32.06  29.36  32.62  34.41  31.19  34.29  33.18  32.63  31.61 999.00  32.54  33.82  31.31  28.82  31.08  20.89  33.34  14.98  29.44  30.14  29.45  33.81  33.14  31.15  32.99  29.59  30.64  31.73
 wrfout_d04_2016-07-03_05:00:00 999.00  29.04  27.07  31.92  29.25  32.61  33.45  31.11  35.12  33.08  32.88  31.71 999.00  32.93  34.00  31.31  28.67  30.88  19.60  33.60  13.11  29.46  30.06  29.47  34.08  33.36  31.13  33.06  29.60  30.62  31.80
 wrfout_d04_2016-07-03_06:00:00 999.00  29.03  26.84  31.74  29.07  32.31  34.33  30.77  35.18  32.78  32.86  31.71 999.00  32.78  34.52  31.32  28.82  30.84  19.00  33.87  12.40  29.52  29.95  29.36  33.85  33.16  31.03  32.85  29.46  30.45  31.66
 wrfout_d04_2016-07-03_07:00:00 999.00  29.14  25.35  30.99  28.42  31.93  33.20  30.39  33.84  32.07  32.65  31.21 999.00  32.06  33.77  31.18  28.86  30.84  17.91  32.94  12.20  29.57  29.96  29.12  33.51  32.77  30.79  32.65  29.13  30.11  31.46
 wrfout_d04_2016-07-03_08:00:00 999.00  29.17  26.02  30.13  27.65  31.58  32.67  29.86  32.56  31.38  32.15  30.76 999.00  31.36  32.64  30.78  26.96  30.87  18.53  32.34  12.29  29.52  29.92  28.87  32.75  31.90  30.50  32.10  28.82  29.69  31.19
 wrfout_d04_2016-07-03_09:00:00 999.00  29.12  24.99  29.35  26.48  30.80  27.71  29.64  27.41  30.96  31.35  30.13 999.00  30.99  31.74  30.32  25.20  30.35  17.19  31.23  11.81  29.52  29.94  28.36  31.77  31.33  30.12  31.97  28.12  29.10  30.52
 wrfout_d04_2016-07-03_10:00:00 999.00  29.12  23.75  26.93  25.27  29.30  28.23  29.05  27.41  30.17  30.31  29.61 999.00  30.50  30.99  29.93  23.94  29.94  17.36  30.24  11.64  29.58  29.87  27.68  30.98  30.60  29.65  31.48  27.27  28.01  29.94
 wrfout_d04_2016-07-03_11:00:00 999.00  29.05  22.50  26.46  23.13  28.82  29.19  28.50  28.42  29.72  29.47  28.90 999.00  30.16  29.47  29.64  23.65  29.42  15.75  29.46   9.63  29.59  29.91  27.16  30.56  30.13  29.26  31.14  25.79  26.33  29.56
 wrfout_d04_2016-07-03_12:00:00 999.00  29.05  22.64  26.61  23.38  28.77  29.12  28.64  28.70  29.41  29.13  28.74 999.00  29.96  29.37  29.13  23.13  29.22  14.88  29.12   9.99  29.54  29.77  27.01  30.14  29.84  28.88  30.93  25.39  25.98  29.39
 wrfout_d04_2016-07-03_13:00:00 999.00  28.97  22.33  26.61  23.19  28.58  29.31  28.13  29.00  29.32  28.88  28.55 999.00  29.79  29.35  28.85  22.89  29.07  14.54  28.89   9.70  29.52  29.58  26.67  29.96  29.65  28.57  30.65  25.10  25.62  29.15
 wrfout_d04_2016-07-03_14:00:00 999.00  28.90  22.19  26.52  23.06  28.12  29.23  28.15  28.96  29.19  28.46  28.31 999.00  29.53  29.15  28.56  22.41  29.02  14.49  28.49   9.51  29.48  29.42  26.56  29.73  29.46  28.18  30.42  24.85  25.36  28.85
 wrfout_d04_2016-07-03_15:00:00 999.00  28.92  22.06  26.31  22.80  28.01  30.44  27.83  28.68  28.87  28.03  28.14 999.00  29.27  28.90  28.35  22.05  28.90  13.70  27.97   9.20  29.39  29.31  26.32  29.42  29.31  27.77  30.10  24.54  25.14  28.53
 wrfout_d04_2016-07-03_16:00:00 999.00  28.81  22.06  26.19  22.66  27.78  29.67  28.49  29.58  28.51  27.66  27.92 999.00  29.00  28.66  28.14  21.79  28.82  13.04  27.69   8.92  29.32  29.21  26.07  29.06  29.17  27.61  29.81  24.30  24.97  28.12
 wrfout_d04_2016-07-03_17:00:00 999.00  28.71  21.78  26.09  22.60  27.48  29.34  27.55  29.28  28.27  27.42  27.68 999.00  28.82  28.35  27.97  21.49  28.70  12.69  27.60   8.87  29.48  29.11  25.71  28.66  28.90  27.41  29.70  24.07  24.83  27.97
 wrfout_d04_2016-07-03_18:00:00 999.00  28.75  22.14  25.96  22.36  27.25  28.76  27.13  28.66  27.92  27.28  27.34 999.00  28.57  28.09  27.70  21.30  28.58  12.29  27.35   8.75  29.42  28.62  25.47  28.09  28.29  27.17  29.42  23.91  24.71  27.64
 wrfout_d04_2016-07-03_19:00:00 999.00  28.78  21.80  25.68  22.60  27.07  28.41  26.69  28.28  27.45  27.07  27.02 999.00  28.37  27.72  27.32  20.96  28.50  12.09  27.18   8.77  29.35  27.92  25.03  27.71  27.76  27.01  29.27  23.77  24.61  27.47
 wrfout_d04_2016-07-03_20:00:00 999.00  28.82  22.71  25.75  22.15  27.40  27.85  26.65  27.71  27.19  26.78  26.85 999.00  28.27  27.41  26.85  20.69  28.45  11.87  26.92   8.70  29.35  27.60  24.81  27.53  27.49  26.89  29.09  23.65  24.56  27.22
 wrfout_d04_2016-07-03_21:00:00 999.00  28.89  22.45  25.46  22.06  26.92  27.50  26.20  27.37  27.15  26.58  26.54 999.00  27.99  27.22  26.57  20.46  28.52  11.54  26.68   8.66  29.38  27.43  24.75  27.36  27.29  26.74  29.08  23.54  24.52  27.10
 wrfout_d04_2016-07-03_22:00:00 999.00  28.79  23.43  27.46  24.77  27.76  27.73  27.87  27.70  27.54  27.37  27.56 999.00  28.36  27.39  27.83  22.55  28.91  14.21  26.90   9.79  29.21  27.33  26.88  27.38  27.36  27.16  29.45  26.13  27.17  27.62
 wrfout_d04_2016-07-03_23:00:00 999.00  28.82  24.45  29.63  24.92  29.22  29.07  28.21  28.94  29.32  28.73  28.78 999.00  29.56  28.44  29.10  24.00  29.85  18.45  27.87  12.13  29.28  28.02  28.11  28.82  28.95  28.70  30.37  28.11  28.62  29.08
