 wrfout_d04_2016-09-04_00:00:00 999.00  28.48  24.30  28.72  25.67  28.72  28.26  28.16  28.07  28.96  29.01  29.12 999.00  30.03  30.10  30.22  24.99  27.35  18.09  27.99  12.73  27.60  27.26  29.18  27.50  26.40  29.19  28.63  24.68  24.80  27.01
 wrfout_d04_2016-09-04_01:00:00 999.00  28.50  25.33  30.65  26.57  29.89  30.85  29.66  30.79  30.23  30.09  29.82 999.00  31.00  31.64  31.01  26.13  29.90  18.89  29.43  13.97  27.76  28.22  29.45  28.98  29.01  30.67  29.59  28.50  26.37  27.48
 wrfout_d04_2016-09-04_02:00:00 999.00  28.54  26.25  32.05  27.22  31.78  32.80  30.51  33.13  31.73  30.70  30.41 999.00  31.47  32.96  31.43  27.70  29.80  20.53  30.90  14.63  27.89  28.46  29.41  30.55  30.68  31.39  30.56  28.80  26.84  28.11
 wrfout_d04_2016-09-04_03:00:00 999.00  28.81  26.71  32.92  28.18  32.40  33.78  30.37  34.16  33.20  31.05  30.80 999.00  32.23  34.04  31.91  29.15  31.30  18.37  31.88  12.27  28.09  28.74  29.25  32.60  32.04  31.86  29.69  28.39  27.29  30.68
 wrfout_d04_2016-09-04_04:00:00 999.00  28.89  27.08  33.29  28.56  32.78  34.42  30.13  34.70  34.25  31.31  31.07 999.00  32.07  34.56  31.76  28.70  31.58  18.32  32.68  12.48  28.21  28.54  29.76  32.90  32.49  31.74  31.16  29.53  26.63  30.43
 wrfout_d04_2016-09-04_05:00:00 999.00  28.87  26.74  33.39  28.36  32.63  34.39  30.01  34.53  33.10  31.26  31.12 999.00  31.64  34.68  31.43  28.45  31.55  20.10  31.93  12.67  28.17  28.54  30.01  33.20  32.45  31.45  30.76  29.66  26.25  30.35
 wrfout_d04_2016-09-04_06:00:00 999.00  28.86  26.06  32.76  27.67  32.11  33.91  30.23  34.00  33.32  31.08  31.02 999.00  31.32  34.42  31.92  26.47  31.52  17.90  28.85  13.57  28.31  28.52  29.70  32.56  32.06  32.08  30.23  29.26  27.61  29.34
 wrfout_d04_2016-09-04_07:00:00 999.00  28.84  25.71  32.04  27.19  31.63  33.22  31.14  33.32  35.27  30.89  30.74 999.00  30.52  31.79  31.66  25.29  30.39  17.80  26.25  12.80  28.22  28.60  29.75  30.59  30.07  31.01  29.49  29.10  28.10  29.14
 wrfout_d04_2016-09-04_08:00:00 999.00  28.80  24.73  31.16  26.17  30.60  32.35  30.49  32.58  33.96  30.49  30.35 999.00  29.97  31.53  31.43  25.26  29.98  17.14  27.30  12.33  28.12  28.52  29.28  29.15  28.90  30.30  29.65  28.55  27.93  28.74
 wrfout_d04_2016-09-04_09:00:00 999.00  28.84  23.71  29.70  25.03  29.68  31.06  30.50  31.05  32.31  29.90  29.73 999.00  29.39  30.37  30.93  24.09  29.40  16.35  27.14  11.80  28.27  28.34  28.33  28.91  28.85  29.89  29.24  27.87  26.57  28.84
 wrfout_d04_2016-09-04_10:00:00 999.00  28.79  22.64  27.61  23.96  28.63  29.61  29.52  29.90  30.75  29.04  29.05 999.00  28.98  30.01  30.01  23.54  28.86  16.05  26.57  11.48  28.61  27.84  27.74  27.72  28.21  29.66  29.05  26.64  26.49  28.54
 wrfout_d04_2016-09-04_11:00:00 999.00  28.72  22.34  27.13  23.65  28.18  28.65  28.77  29.11  29.73  27.83  28.73 999.00  28.41  29.74  29.59  23.27  28.34  15.86  26.60  10.98  28.80  27.51  27.72  27.18  27.74  29.35  29.49  26.34  26.15  28.70
 wrfout_d04_2016-09-04_12:00:00 999.00  28.76  22.35  26.95  23.66  28.09  28.33  28.31  28.72  29.21  27.53  28.53 999.00  28.69  29.32  29.39  23.01  28.31  16.39  26.48  10.31  28.80  27.23  27.45  27.09  27.46  29.01  29.13  25.57  26.05  28.56
 wrfout_d04_2016-09-04_13:00:00 999.00  28.73  22.47  26.82  23.76  27.99  28.24  28.04  28.52  29.28  27.34  28.37 999.00  28.65  28.40  29.17  22.58  28.22  15.15  26.86   9.62  28.73  27.23  27.05  27.04  27.33  28.79  28.60  25.66  26.55  28.49
 wrfout_d04_2016-09-04_14:00:00 999.00  28.71  22.60  26.86  23.89  27.81  28.19  28.00  28.48  29.08  27.42  28.30 999.00  28.37  27.66  28.98  22.03  28.29  14.43  27.04  10.05  28.70  27.51  27.71  27.08  27.27  28.66  28.85  25.20  26.39  26.56
 wrfout_d04_2016-09-04_15:00:00 999.00  28.68  22.66  26.60  23.92  27.77  28.06  27.94  28.29  28.86  27.30  27.68 999.00  28.37  27.56  28.94  22.17  28.23  14.20  26.40   8.19  28.57  27.56  26.63  27.32  27.03  28.75  28.79  24.62  26.64  26.95
 wrfout_d04_2016-09-04_16:00:00 999.00  28.70  23.08  26.48  24.09  27.95  28.02  27.82  28.09  28.61  27.11  27.83 999.00  28.22  27.51  29.14  21.65  28.25  14.01  26.21   9.98  28.62  27.50  27.18  27.10  27.13  28.36  28.42  24.95  26.28  27.26
 wrfout_d04_2016-09-04_17:00:00 999.00  28.64  23.15  26.47  24.10  28.00  28.02  27.68  28.03  28.15  26.97  27.95 999.00  27.71  27.26  29.02  21.27  28.20  13.91  25.74   8.03  28.40  27.38  26.51  26.82  27.00  28.47  28.38  24.65  26.30  27.21
 wrfout_d04_2016-09-04_18:00:00 999.00  28.59  22.85  26.36  24.03  27.67  27.97  27.48  27.89  27.87  26.93  27.68 999.00  27.67  27.05  28.95  21.01  28.15  13.40  25.79   9.56  28.38  27.27  26.77  26.87  26.96  28.24  28.43  24.38  25.77  27.29
 wrfout_d04_2016-09-04_19:00:00 999.00  28.58  22.91  26.36  24.00  27.62  27.96  27.14  27.82  27.55  27.13  27.34 999.00  27.56  27.15  28.91  20.96  28.08  13.31  25.71   9.80  28.29  27.95  26.50  26.68  26.57  27.97  28.24  24.60  26.06  27.20
 wrfout_d04_2016-09-04_20:00:00 999.00  28.58  23.12  26.09  23.97  27.27  27.68  26.61  27.48  26.98  26.77  27.16 999.00  27.63  27.06  28.75  20.73  25.79  12.93  25.54   7.57  28.51  27.65  26.88  26.38  26.45  28.05  28.36  24.68  25.35  27.09
 wrfout_d04_2016-09-04_21:00:00 999.00  28.57  22.71  25.92  23.81  27.17  27.63  26.19  27.17  26.51  26.81  27.06 999.00  27.47  27.06  28.46  21.63  26.56  12.68  25.69   9.40  28.38  27.43  25.94  26.43  26.43  27.45  28.30  24.13  25.50  27.16
 wrfout_d04_2016-09-04_22:00:00 999.00  28.55  22.96  26.77  24.11  27.61  27.70  26.58  27.47  26.45  27.24  27.50 999.00  27.56  27.13  28.59  21.55  27.32  13.07  25.64   9.43  28.42  26.98  26.07  26.49  26.26  27.57  28.56  24.59  25.90  27.46
 wrfout_d04_2016-09-04_23:00:00 999.00  28.58  23.46  29.10  25.34  28.49  29.00  28.59  28.96  28.14  27.76  28.73 999.00  28.81  28.32  29.58  24.31  28.39  16.51  26.20  11.48  28.42  26.72  27.83  27.36  27.21  28.95  29.04  25.51  25.77  27.86
