 wrfout_d04_2016-08-06_00:00:00 999.00  28.67  23.97  28.73  26.03  29.40  29.25  28.70  29.23  29.13  30.45  29.94 999.00  28.43  27.93  30.21  24.53  28.82  18.01  27.29  12.08  28.51  27.52  29.19  28.25  28.59  29.86  30.29  29.11  29.23  28.42
 wrfout_d04_2016-08-06_01:00:00 999.00  28.65  24.90  29.61  27.33  30.21  30.74  29.36  30.58  30.52  32.01  30.84 999.00  28.67  28.72  31.07  27.68  29.09  19.03  27.78  13.05  28.56  27.74  29.62  28.56  28.88  30.82  30.88  29.40  30.01  28.64
 wrfout_d04_2016-08-06_02:00:00 999.00  28.69  25.70  30.23  28.10  30.60  31.81  30.03  31.75  31.80  33.25  31.45 999.00  28.97  29.67  31.49  27.65  29.48  20.26  28.65  14.01  28.62  28.02  29.77  28.59  29.00  31.39  31.52  30.00  30.62  29.07
 wrfout_d04_2016-08-06_03:00:00 999.00  28.76  26.24  30.60  28.78  30.98  32.46  30.42  32.54  32.65  34.00  31.46 999.00  29.14  31.55  31.57  27.90  29.97  20.89  28.30  14.61  28.58  28.40  29.71  28.83  29.16  31.86  31.30  30.38  31.14  30.11
 wrfout_d04_2016-08-06_04:00:00 999.00  28.85  26.46  30.71  29.05  31.14  32.78  30.61  32.97  33.07  34.78  31.65 999.00  30.41  32.84  31.57  27.99  30.31  21.14  28.80  14.89  28.56  28.55  29.99  29.70  29.54  31.91  31.40  30.46  31.61  31.57
 wrfout_d04_2016-08-06_05:00:00 999.00  28.95  26.44  30.65  29.05  31.15  32.75  30.51  33.05  33.01  34.97  31.47 999.00  31.15  32.83  31.43  28.83  30.36  20.17  30.28  14.68  28.64  28.54  30.17  31.23  30.85  31.78  32.28  30.10  31.76  31.73
 wrfout_d04_2016-08-06_06:00:00 999.00  29.03  26.11  30.51  28.70  30.93  32.50  30.05  32.79  32.33  34.95  31.22 999.00  31.21  32.73  31.86  28.39  29.81  19.14  32.38  13.49  28.67  28.66  29.96  32.24  31.93  31.45  32.42  27.23  31.20  31.51
 wrfout_d04_2016-08-06_07:00:00 999.00  29.08  25.68  30.18  28.13  30.60  32.25  29.78  32.21  31.71  34.12  30.68 999.00  31.08  32.19  30.93  28.25  29.35  17.64  32.29  13.19  28.68  28.80  29.62  32.18  31.89  30.68  31.66  27.50  31.10  30.58
 wrfout_d04_2016-08-06_08:00:00 999.00  29.12  25.43  30.05  27.72  30.11  31.92  29.99  31.52  31.90  33.09  30.31 999.00  30.97  32.16  30.42  27.44  28.92  17.02  31.96  12.85  28.64  28.83  29.49  31.48  30.85  30.95  31.16  27.40  30.72  30.22
 wrfout_d04_2016-08-06_09:00:00 999.00  29.18  24.34  29.49  26.39  29.47  31.75  29.28  31.23  31.37  31.96  29.87 999.00  30.22  31.80  29.77  25.15  28.78  16.94  31.10  12.36  28.64  28.91  28.58  30.50  29.95  30.17  31.15  27.25  29.31  30.03
 wrfout_d04_2016-08-06_10:00:00 999.00  29.24  23.17  28.41  24.81  28.86  31.01  28.65  30.52  30.18  30.52  29.38 999.00  29.37  30.58  29.37  23.88  28.59  16.28  29.70  11.30  28.84  29.11  28.22  29.70  29.39  29.63  30.65  26.42  28.15  29.93
 wrfout_d04_2016-08-06_11:00:00 999.00  29.23  22.20  27.25  23.61  28.36  29.68  28.06  29.89  29.06  29.40  28.84 999.00  28.86  29.65  28.64  23.24  28.69  15.68  28.81  10.94  28.84  29.09  27.92  29.11  29.04  29.66  30.58  25.76  27.53  29.70
 wrfout_d04_2016-08-06_12:00:00 999.00  29.22  22.15  26.59  23.55  28.04  29.09  27.96  29.12  28.52  28.77  28.70 999.00  28.83  28.99  28.43  22.94  28.67  14.92  28.04  10.81  28.89  29.08  27.04  28.95  28.85  29.63  30.75  25.59  26.90  29.55
 wrfout_d04_2016-08-06_13:00:00 999.00  29.20  22.02  26.45  22.95  27.71  28.60  27.78  28.41  28.15  28.29  28.27 999.00  28.73  28.94  28.27  22.46  28.43  14.08  27.80   7.86  28.99  29.03  26.74  28.47  28.51  29.15  30.91  25.28  26.30  29.37
 wrfout_d04_2016-08-06_14:00:00 999.00  29.17  22.02  26.32  22.64  27.42  28.35  27.66  28.13  27.92  28.00  27.92 999.00  28.52  28.75  28.13  22.19  28.28  13.66  27.15   9.06  28.91  29.00  26.51  28.27  28.30  29.06  30.62  25.04  26.60  28.91
 wrfout_d04_2016-08-06_15:00:00 999.00  29.10  22.12  26.18  22.94  27.11  28.05  27.38  27.82  27.59  27.84  27.67 999.00  28.14  28.40  28.03  21.87  28.44  13.52  26.75   7.82  28.88  28.82  26.28  28.00  28.06  28.89  30.30  24.88  25.95  28.64
 wrfout_d04_2016-08-06_16:00:00 999.00  29.07  22.00  25.97  23.11  26.96  27.58  27.04  27.42  27.39  27.70  27.50 999.00  27.83  27.88  27.94  21.56  27.79  13.38  26.33   7.45  28.81  28.88  26.14  27.90  27.92  28.62  29.82  24.66  25.74  27.87
 wrfout_d04_2016-08-06_17:00:00 999.00  29.03  21.89  25.75  23.07  26.81  27.47  27.13  27.34  27.26  27.22  27.47 999.00  27.54  27.68  27.78  21.41  27.54  13.36  26.22   7.14  28.78  28.83  25.91  27.70  27.80  28.14  29.61  24.63  25.39  27.94
 wrfout_d04_2016-08-06_18:00:00 999.00  29.02  21.84  25.47  21.79  26.62  27.25  26.88  27.27  27.26  27.01  27.25 999.00  27.39  27.51  27.67  21.20  27.30  13.11  26.10   6.82  28.78  28.83  25.90  27.57  27.74  27.93  29.43  24.14  25.27  27.95
 wrfout_d04_2016-08-06_19:00:00 999.00  29.00  21.68  25.07  21.52  26.37  27.13  26.29  27.76  27.04  26.92  27.04 999.00  27.36  26.99  27.61  20.94  27.67  12.77  25.97   6.61  28.75  28.37  25.62  27.27  27.51  27.78  29.17  23.85  25.07  27.70
 wrfout_d04_2016-08-06_20:00:00 999.00  28.99  21.73  24.81  22.19  26.74  26.81  26.07  27.24  26.78  26.67  26.84 999.00  27.20  26.62  27.58  20.53  26.83  12.55  25.71   6.49  28.83  28.02  25.60  27.07  27.23  27.76  28.89  23.75  24.80  27.43
 wrfout_d04_2016-08-06_21:00:00 999.00  28.99  21.66  24.71  21.51  26.60  26.60  25.85  26.97  26.60  26.57  26.80 999.00  26.94  26.38  27.44  20.38  26.69  12.42  25.60   6.31  28.85  27.07  25.44  26.62  26.91  27.59  28.44  23.79  24.78  27.42
 wrfout_d04_2016-08-06_22:00:00 999.00  29.01  22.26  26.51  23.49  26.48  26.78  26.67  26.84  26.72  27.03  27.14 999.00  26.99  26.30  27.68  21.61  27.35  13.76  25.65   7.89  28.89  27.14  26.16  26.36  26.82  27.23  28.29  24.83  25.76  27.58
 wrfout_d04_2016-08-06_23:00:00 999.00  29.05  23.58  28.66  25.32  28.34  27.94  28.20  28.00  27.94  28.72  28.44 999.00  28.02  26.96  28.54  23.94  28.71  16.36  26.60  11.45  28.72  27.68  28.17  27.49  27.86  28.45  29.36  27.35  27.46  28.34
