 wrfout_d04_2016-08-10_00:00:00 999.00  28.91  25.59  31.38  27.32  30.69  31.31  29.55  30.81  29.47  29.74  29.98 999.00  29.37  29.10  28.79  25.91  28.87  18.33  27.95  13.37  28.05  27.59  29.14  29.62  29.37  29.45  31.07  27.94  28.79  29.27
 wrfout_d04_2016-08-10_01:00:00 999.00  29.20  27.76  33.37  29.41  32.58  33.72  30.61  33.39  31.52  31.25  31.26 999.00  29.69  30.26  29.75  27.51  30.68  20.40  28.78  14.58  29.15  28.35  29.83  29.62  29.77  31.16  31.47  28.64  29.75  29.79
 wrfout_d04_2016-08-10_02:00:00 999.00  29.25  28.57  34.87  30.62  33.50  35.04  30.83  35.33  32.93  31.79  31.79 999.00  30.69  31.86  31.55  28.45  31.30  21.20  29.84  15.44  29.18  28.87  30.51  31.05  31.50  32.05  31.85  30.17  30.44  31.65
 wrfout_d04_2016-08-10_03:00:00 999.00  29.29  28.92  36.18  31.07  33.86  36.15  30.89  36.33  33.27  32.39  32.03 999.00  31.45  33.21  32.12  27.83  31.34  21.85  30.84  14.77  29.17  28.98  30.75  31.58  32.00  32.44  32.06  30.43  30.85  32.41
 wrfout_d04_2016-08-10_04:00:00 999.00  29.31  28.81  36.56  30.99  33.71  36.62  30.75  36.92  33.03  32.75  32.11 999.00  31.87  33.66  32.41  29.39  31.32  21.87  32.13  13.08  29.16  29.01  30.84  32.22  32.49  32.66  31.85  30.61  31.03  32.81
 wrfout_d04_2016-08-10_05:00:00 999.00  29.33  28.31  36.23  30.50  33.39  36.51  31.30  37.03  32.83  32.61  32.01 999.00  31.60  34.05  32.45  28.14  31.23  21.10  32.22  12.74  29.16  29.22  30.85  33.15  33.08  32.75  32.35  30.70  31.08  32.97
 wrfout_d04_2016-08-10_06:00:00 999.00  29.34  25.29  35.83  26.91  30.95  34.88  32.23  36.45  33.08  30.14  29.59 999.00  31.69  33.24  32.48  29.68  31.34  18.57  33.31  12.65  29.08  29.27  29.39  33.28  33.38  32.63  32.65  30.54  31.05  32.95
 wrfout_d04_2016-08-10_07:00:00 999.00  29.38  24.44  31.36  25.87  29.79  31.00  32.01  32.22  33.40  29.38  29.28 999.00  31.03  31.58  31.12  27.49  30.61  19.33  32.19  13.11  29.15  29.25  28.97  33.02  33.13  32.32  32.46  30.19  30.71  32.71
 wrfout_d04_2016-08-10_08:00:00 999.00  29.40  24.07  31.22  25.62  29.80  30.47  31.49  31.17  32.99  29.11  29.17 999.00  29.19  28.53  29.97  26.81  30.86  19.54  30.92  13.04  29.21  29.20  29.68  32.39  32.03  31.51  31.95  29.62  30.36  32.31
 wrfout_d04_2016-08-10_09:00:00 999.00  29.42  24.02  31.55  25.62  29.26  31.07  30.70  31.13  30.95  29.23  28.94 999.00  28.59  28.42  29.57  24.46  30.21  19.08  27.87  14.08  29.22  29.25  28.24  30.67  30.90  30.79  31.58  29.02  29.69  31.56
 wrfout_d04_2016-08-10_10:00:00 999.00  29.45  23.95  30.45  25.44  29.03  30.09  30.67  30.43  29.83  29.27  29.10 999.00  28.57  27.78  29.57  23.70  29.43  17.46  28.23  12.74  29.28  29.16  27.92  29.54  29.82  30.41  31.35  28.02  28.42  30.50
 wrfout_d04_2016-08-10_11:00:00 999.00  29.44  23.79  29.21  25.32  28.95  29.87  30.29  30.05  31.03  29.23  28.92 999.00  28.30  27.14  28.53  23.15  29.20  16.91  26.95  12.27  29.27  29.10  27.76  28.89  29.34  29.97  30.74  26.43  27.23  29.94
 wrfout_d04_2016-08-10_12:00:00 999.00  29.46  23.98  29.23  25.39  29.04  30.16  29.50  29.92  30.56  29.31  26.55 999.00  28.20  27.09  28.13  22.47  29.12  16.19  26.92  11.89  29.11  28.33  27.17  27.74  27.74  29.59  30.36  26.00  27.04  29.77
 wrfout_d04_2016-08-10_13:00:00 999.00  29.46  23.76  29.35  25.42  28.79  29.96  29.27  29.83  30.30  29.29  28.61 999.00  28.30  27.24  28.86  22.62  28.94  16.27  26.84  11.66  29.05  27.39  27.09  26.78  27.02  29.63  28.19  25.93  26.53  29.66
 wrfout_d04_2016-08-10_14:00:00 999.00  29.46  23.63  28.47  25.16  28.69  29.62  29.13  29.45  29.92  29.29  28.75 999.00  28.18  27.29  29.98  22.82  28.71  16.33  26.91  11.31  28.99  27.24  26.82  26.57  26.91  29.13  27.35  26.02  26.72  29.56
 wrfout_d04_2016-08-10_15:00:00 999.00  29.42  23.68  29.11  25.44  28.62  29.63  28.86  29.21  29.63  29.18  28.43 999.00  28.35  27.47  29.88  22.85  28.74  16.23  26.57  11.14  28.85  26.72  26.71  26.60  26.61  28.47  27.38  25.91  26.71  28.17
 wrfout_d04_2016-08-10_16:00:00 999.00  29.41  23.66  28.79  25.27  28.58  29.68  28.88  29.32  29.34  29.20  28.40 999.00  28.37  27.39  29.91  22.50  28.66  16.38  25.60  11.17  28.71  26.71  26.36  26.34  26.30  28.38  27.93  25.69  26.61  28.13
 wrfout_d04_2016-08-10_17:00:00 999.00  29.41  23.65  27.85  25.19  28.48  29.63  28.80  29.26  29.23  29.07  28.25 999.00  28.23  27.15  30.01  22.00  28.58  15.91  26.23  10.93  28.66  26.77  26.02  26.13  26.00  28.01  28.30  25.82  26.64  28.28
 wrfout_d04_2016-08-10_18:00:00 999.00  29.41  23.65  28.60  25.25  28.56  29.57  28.75  29.29  29.23  29.09  28.18 999.00  28.01  26.88  28.89  22.12  28.48  16.13  24.80  11.02  28.62  27.08  26.35  26.29  26.30  27.58  28.44  25.41  26.75  28.10
 wrfout_d04_2016-08-10_19:00:00 999.00  29.44  23.63  27.68  25.06  28.49  29.02  28.76  28.85  29.17  28.92  27.93 999.00  27.51  26.66  27.41  22.47  28.18  16.07  24.74  10.80  28.74  26.97  26.02  26.34  26.35  27.26  28.79  25.51  26.50  28.21
 wrfout_d04_2016-08-10_20:00:00 999.00  29.46  23.64  28.30  25.13  28.56  29.07  28.75  28.90  28.85  29.01  27.88 999.00  27.18  26.43  26.36  22.31  27.09  16.18  25.12  10.85  28.54  27.23  26.02  26.38  26.44  27.06  28.96  25.36  26.53  28.17
 wrfout_d04_2016-08-10_21:00:00 999.00  29.49  23.87  28.34  25.14  28.55  29.24  28.69  28.72  28.75  28.84  28.14 999.00  26.98  26.41  28.27  22.17  26.89  15.97  25.81  10.91  28.40  27.12  26.32  26.27  26.59  27.04  28.96  25.14  26.63  28.13
 wrfout_d04_2016-08-10_22:00:00 999.00  29.56  23.94  28.96  25.39  28.67  29.24  28.81  29.04  28.02  28.71  28.37 999.00  27.16  26.39  28.73  22.06  26.75  16.47  26.27  11.45  28.27  27.71  26.48  26.42  26.72  27.11  29.02  25.24  26.93  28.27
 wrfout_d04_2016-08-10_23:00:00 999.00  29.60  24.19  29.78  25.76  29.12  29.45  28.96  29.30  27.61  28.86  28.27 999.00  26.87  26.20  29.04  22.91  27.39  16.35  26.24  11.32  28.29  27.32  27.61  26.75  26.84  27.73  29.48  27.37  28.11  28.91
