 wrfout_d04_2016-06-18_00:00:00 999.00  27.33  24.53  29.39  25.87  29.22  29.87  28.47  30.01  29.59  29.50  29.83 999.00  29.90  29.83  30.20  26.81  29.54  20.36  28.76  14.33  28.26  28.43  28.90  30.31  30.25  30.01  30.71  29.23  29.24  29.99
 wrfout_d04_2016-06-18_01:00:00 999.00  27.38  24.81  29.78  27.06  30.38  31.37  28.03  31.38  30.37  30.46  30.72 999.00  31.08  31.49  30.70  28.33  30.15  21.13  30.19  15.00  28.35  28.61  29.40  31.91  31.39  30.63  31.56  29.67  29.24  31.10
 wrfout_d04_2016-06-18_02:00:00 999.00  27.40  25.35  30.42  26.64  30.33  32.72  28.61  32.49  30.49  31.58  31.52 999.00  31.55  32.93  30.86  29.24  30.63  21.59  31.38  15.20  28.42  28.71  29.72  32.92  32.16  31.17  32.24  30.24  30.43  31.82
 wrfout_d04_2016-06-18_03:00:00 999.00  27.34  25.73  29.95  27.73  30.04  32.57  29.47  33.03  30.46  32.36  32.09 999.00  31.85  34.10  31.10  29.80  30.94  21.61  32.39  15.21  28.46  28.75  29.84  33.67  32.71  31.36  32.65  30.63  30.79  32.23
 wrfout_d04_2016-06-18_04:00:00 999.00  27.39  24.91  29.26  26.47  29.92  33.23  29.54  33.84  31.63  32.80  32.22 999.00  31.93  34.73  31.29  30.28  31.13  20.39  33.18  14.44  28.50  28.62  29.89  33.99  32.98  31.53  32.74  31.16  30.96  31.98
 wrfout_d04_2016-06-18_05:00:00 999.00  27.36  24.51  28.75  25.98  29.45  31.04  29.30  32.23  31.61  32.40  32.08 999.00  31.31  34.84  31.29  29.39  31.17  19.51  33.47  12.28  28.54  28.48  30.02  34.04  32.99  31.65  32.79  30.99  30.96  32.46
 wrfout_d04_2016-06-18_06:00:00 999.00  27.27  23.88  28.46  25.20  29.52  30.37  29.40  31.78  31.87  30.95  30.70 999.00  30.48  33.45  31.23  30.82  31.09  18.35  33.11  12.09  28.52  28.38  30.06  33.91  32.92  31.54  32.80  30.89  30.71  32.60
 wrfout_d04_2016-06-18_07:00:00 999.00  27.31  24.23  28.58  25.55  29.35  30.03  28.98  30.99  31.44  29.56  29.65 999.00  30.38  31.89  30.73  30.05  30.92  17.72  32.52  12.85  28.43  28.31  29.89  33.59  32.63  31.41  32.70  30.40  30.31  32.25
 wrfout_d04_2016-06-18_08:00:00 999.00  27.48  24.11  28.73  25.20  29.09  30.11  29.26  30.40  31.03  28.77  28.47 999.00  30.46  31.54  29.89  27.08  30.64  17.34  31.64  12.22  28.39  28.30  29.52  32.82  32.15  30.94  32.43  29.66  29.86  31.91
 wrfout_d04_2016-06-18_09:00:00 999.00  27.74  23.73  28.94  24.83  29.20  30.40  28.72  29.84  30.84  27.96  27.94 999.00  30.29  31.42  29.69  24.97  30.24  16.66  30.83  11.55  28.35  28.34  29.01  32.11  31.48  30.48  32.05  28.86  29.14  31.15
 wrfout_d04_2016-06-18_10:00:00 999.00  27.80  23.23  28.18  24.25  28.92  30.00  27.87  30.02  30.50  28.20  28.02 999.00  30.46  31.16  29.27  23.57  29.77  15.47  29.82  10.61  28.35  28.38  28.46  31.28  30.56  29.95  31.73  27.84  28.01  30.09
 wrfout_d04_2016-06-18_11:00:00 999.00  27.72  22.38  27.10  23.22  28.47  29.67  27.01  29.78  30.04  27.49  27.36 999.00  30.08  30.86  28.94  23.16  29.17  17.09  29.41  11.51  28.27  28.34  27.74  30.63  30.07  29.49  31.35  26.37  26.78  29.07
 wrfout_d04_2016-06-18_12:00:00 999.00  27.56  22.85  26.92  23.70  28.01  29.39  26.61  29.33  29.63  27.67  27.46 999.00  29.37  30.31  28.75  22.79  28.65  17.18  28.90  11.23  28.23  28.26  27.47  30.09  29.59  29.06  31.04  25.75  26.46  28.68
 wrfout_d04_2016-06-18_13:00:00 999.00  27.62  22.59  27.29  23.08  28.26  28.99  26.63  29.19  28.82  27.51  27.64 999.00  29.14  29.93  28.78  22.61  28.37  15.69  28.74  10.63  28.19  28.27  27.27  29.65  29.15  28.68  31.22  25.36  26.47  28.36
 wrfout_d04_2016-06-18_14:00:00 999.00  27.60  22.75  27.17  23.39  28.45  28.82  26.34  28.94  29.05  27.27  27.47 999.00  28.99  29.48  28.56  22.39  28.26  15.32  28.42  10.31  28.24  28.26  26.83  29.25  28.99  28.54  31.49  25.14  26.23  28.04
 wrfout_d04_2016-06-18_15:00:00 999.00  27.69  22.78  26.37  22.53  28.29  28.79  25.83  28.57  28.71  27.11  27.33 999.00  28.83  29.00  28.34  22.06  28.13  15.34  28.02  10.09  28.39  28.38  26.36  29.02  28.85  28.28  31.23  24.78  26.13  27.71
 wrfout_d04_2016-06-18_16:00:00 999.00  27.63  22.63  26.01  22.38  28.01  29.10  25.85  28.22  28.07  26.87  27.20 999.00  28.58  28.59  28.04  21.82  28.09  14.82  27.51   9.78  28.52  28.43  26.21  28.70  28.55  27.94  30.73  24.66  26.05  27.45
 wrfout_d04_2016-06-18_17:00:00 999.00  27.64  21.39  25.24  22.02  27.74  28.78  25.79  28.02  27.54  26.60  26.94 999.00  28.43  28.35  27.74  21.35  28.18  14.06  27.22   9.49  28.71  28.16  25.85  28.18  28.39  27.62  30.43  24.61  26.10  27.36
 wrfout_d04_2016-06-18_18:00:00 999.00  27.59  21.29  25.08  21.94  27.03  27.73  25.47  27.70  27.02  26.25  26.71 999.00  28.31  28.12  27.57  21.05  28.27  13.63  26.86   8.77  28.68  28.06  25.74  27.55  27.92  27.36  30.29  24.48  26.09  27.21
 wrfout_d04_2016-06-18_19:00:00 999.00  27.59  21.00  24.76  21.74  26.79  27.45  24.91  27.48  26.57  26.23  26.55 999.00  28.16  27.86  27.38  20.96  28.28  14.16  26.41   9.10  28.64  27.24  25.65  27.12  27.44  27.07  29.89  24.24  26.72  27.25
 wrfout_d04_2016-06-18_20:00:00 999.00  27.62  20.58  24.52  21.29  26.41  27.15  24.57  27.36  26.07  25.97  26.40 999.00  28.01  27.71  27.24  20.70  28.24  13.63  25.97   9.13  28.63  26.86  24.98  26.72  26.96  26.83  29.42  24.13  26.17  27.08
 wrfout_d04_2016-06-18_21:00:00 999.00  27.52  20.33  24.37  21.05  26.06  26.64  24.40  26.96  26.12  25.75  26.31 999.00  27.79  27.61  27.03  20.42  28.22  13.48  25.77   8.35  28.68  26.65  24.89  26.61  26.69  26.77  29.10  24.18  25.68  27.04
 wrfout_d04_2016-06-18_22:00:00 999.00  27.59  22.99  26.95  23.92  27.04  27.34  26.84  27.48  26.65  26.53  27.01 999.00  27.93  27.79  27.51  22.95  28.64  15.48  26.16  10.31  28.65  26.41  26.45  26.96  27.04  26.99  29.06  25.69  27.40  27.45
 wrfout_d04_2016-06-18_23:00:00 999.00  27.59  26.02  28.47  26.59  28.75  28.74  28.48  28.76  28.53  27.47  28.02 999.00  28.63  28.69  28.75  25.23  29.40  19.20  26.85  12.89  28.53  27.19  27.91  28.40  28.50  28.26  30.02  27.91  28.60  28.45
