 wrfout_d04_2016-11-06_00:00:00 999.00  24.79  19.69  26.09  21.60  24.96  25.26  24.09  25.23  23.21  24.76  24.64 999.00  24.11  23.45  23.09  20.11  24.42  16.37  22.97   8.81  24.19  23.52  25.27  23.50  24.10  26.91  26.07  24.99  24.08  26.17
 wrfout_d04_2016-11-06_01:00:00 999.00  24.90  20.68  27.39  22.88  26.08  26.94  26.00  27.27  25.37  25.65  25.68 999.00  25.59  25.25  22.98  21.37  25.23  16.07  24.35   9.97  24.26  24.62  25.65  25.61  25.74  27.66  27.59  25.48  24.20  27.70
 wrfout_d04_2016-11-06_02:00:00 999.00  24.97  21.65  28.47  23.92  26.42  28.34  26.31  28.69  26.98  25.50  25.26 999.00  26.50  27.00  24.84  23.63  25.78  17.02  25.56  10.60  24.31  24.81  25.80  26.98  27.15  27.39  28.73  26.77  24.46  28.53
 wrfout_d04_2016-11-06_03:00:00 999.00  24.97  22.13  29.15  24.46  26.65  29.12  26.34  29.49  28.23  26.42  26.47 999.00  26.79  28.43  26.19  24.31  26.03  17.31  26.64  10.76  24.46  24.93  24.83  27.90  28.05  27.34  29.20  26.77  24.32  27.11
 wrfout_d04_2016-11-06_04:00:00 999.00  24.93  22.13  29.46  24.52  27.33  29.32  27.15  29.75  28.52  26.77  25.58 999.00  26.96  29.29  26.08  24.65  26.35  16.43  27.57  10.66  24.61  24.89  23.97  28.69  28.84  27.65  29.34  27.34  24.41  27.46
 wrfout_d04_2016-11-06_05:00:00 999.00  24.90  21.90  29.38  24.33  27.31  29.37  27.98  29.91  28.40  26.80  25.91 999.00  27.04  29.51  26.07  24.69  26.11  16.64  28.14   9.88  24.68  24.87  23.99  28.94  29.02  27.97  29.46  25.94  24.40  28.11
 wrfout_d04_2016-11-06_06:00:00 999.00  24.88  21.38  28.91  23.63  26.96  28.89  27.80  29.66  28.34  26.22  25.13 999.00  26.92  29.43  26.15  24.17  25.90  16.39  28.22   9.18  24.60  25.01  24.43  28.78  28.82  27.41  29.49  25.66  25.03  28.30
 wrfout_d04_2016-11-06_07:00:00 999.00  24.86  20.61  27.99  22.68  26.47  28.36  27.58  28.54  28.12  25.94  24.63 999.00  26.49  28.92  26.06  23.30  25.60  15.21  27.72   8.49  24.64  25.04  24.24  28.22  28.16  26.34  29.12  25.20  24.79  26.08
 wrfout_d04_2016-11-06_08:00:00 999.00  24.97  19.68  26.49  21.42  25.51  27.16  28.11  27.43  27.52  25.33  24.35 999.00  26.03  28.28  25.58  22.35  25.30  14.37  26.73   8.33  24.74  25.04  23.43  27.12  27.24  25.33  28.53  25.20  24.41  26.31
 wrfout_d04_2016-11-06_09:00:00 999.00  25.12  18.52  24.57  19.92  24.60  25.50  26.17  25.92  25.62  24.66  24.36 999.00  25.28  27.15  24.93  21.58  24.58  12.00  25.57   6.08  24.82  25.08  23.12  25.99  26.08  24.89  27.96  24.33  24.35  26.69
 wrfout_d04_2016-11-06_10:00:00 999.00  25.11  18.35  24.36  19.73  24.34  24.57  25.05  24.87  24.37  23.73  24.48 999.00  25.08  26.33  24.98  20.82  24.30  10.59  24.54   4.57  24.71  25.10  22.75  25.31  25.52  24.89  27.79  22.90  24.27  26.78
 wrfout_d04_2016-11-06_11:00:00 999.00  25.12  18.26  24.22  19.73  24.32  24.36  24.37  24.50  24.06  23.77  24.10 999.00  25.15  26.05  24.49  18.55  24.27  10.49  23.99   4.22  24.68  25.19  22.90  24.98  25.18  24.81  27.58  23.03  24.24  26.85
 wrfout_d04_2016-11-06_12:00:00 999.00  25.12  18.36  24.28  19.77  24.34  24.38  23.89  24.40  24.04  24.02  23.79 999.00  25.09  25.80  24.28  18.07  24.26  10.37  23.79   4.01  24.69  25.29  23.37  24.86  24.99  24.83  27.55  22.90  24.19  25.46
 wrfout_d04_2016-11-06_13:00:00 999.00  25.10  18.37  24.24  19.79  24.14  24.32  23.48  24.29  23.95  23.40  23.93 999.00  24.98  25.11  24.56  17.67  24.25  10.14  23.46   3.70  24.69  25.29  23.04  24.73  24.84  24.69  27.62  22.79  24.23  24.94
 wrfout_d04_2016-11-06_14:00:00 999.00  25.12  18.40  24.22  19.80  24.34  24.23  22.83  24.28  23.47  23.18  24.02 999.00  24.66  24.40  24.82  17.38  24.17   9.89  23.05   3.43  24.72  25.20  22.90  24.56  24.71  24.60  27.37  22.42  24.16  25.79
 wrfout_d04_2016-11-06_15:00:00 999.00  25.12  18.38  24.17  19.75  24.28  24.10  22.36  24.09  23.13  22.97  24.17 999.00  24.10  23.91  24.67  17.15  24.06   9.59  22.78   3.11  24.78  25.11  22.62  24.22  24.59  23.91  27.04  22.42  24.08  25.52
 wrfout_d04_2016-11-06_16:00:00 999.00  25.09  18.33  24.13  19.63  24.02  23.85  21.90  23.87  22.37  23.01  23.89 999.00  23.62  23.51  24.62  16.96  23.80   9.31  22.34   2.88  24.77  24.96  22.36  24.08  24.50  24.56  26.55  22.29  24.00  25.34
 wrfout_d04_2016-11-06_17:00:00 999.00  25.04  18.22  23.90  19.48  23.72  23.71  21.41  23.45  21.86  23.09  23.55 999.00  23.24  23.22  22.99  16.77  23.78   8.99  22.20   2.63  24.80  24.85  22.56  23.65  24.12  24.85  26.38  22.36  23.68  25.28
 wrfout_d04_2016-11-06_18:00:00 999.00  25.04  18.08  23.94  19.41  23.41  23.65  21.05  22.43  21.25  23.11  22.91 999.00  22.89  22.86  22.58  16.55  24.18   8.69  21.81   2.43  24.85  24.85  22.68  23.27  23.94  23.79  25.68  22.14  23.46  25.24
 wrfout_d04_2016-11-06_19:00:00 999.00  25.09  17.93  23.68  19.19  23.02  23.44  20.73  22.13  20.84  23.07  23.07 999.00  22.55  22.56  22.52  16.35  23.05   8.43  21.76   2.34  24.88  24.71  22.61  22.80  23.42  23.57  25.51  22.20  23.88  25.18
 wrfout_d04_2016-11-06_20:00:00 999.00  25.12  17.82  23.47  19.06  21.97  23.12  20.49  21.76  20.35  22.75  23.20 999.00  22.05  22.20  22.57  16.17  23.31   8.28  21.60   2.19  24.84  24.58  22.37  22.48  23.12  23.81  25.28  22.01  23.74  24.61
 wrfout_d04_2016-11-06_21:00:00 999.00  25.13  17.72  23.21  18.93  21.54  22.89  20.23  21.56  20.06  22.81  22.97 999.00  21.82  22.02  22.54  16.02  22.90   8.14  21.47   2.09  24.82  23.52  22.23  22.14  22.62  24.10  25.17  22.04  23.70  24.07
 wrfout_d04_2016-11-06_22:00:00 999.00  25.14  17.61  23.05  18.82  21.55  22.65  20.02  21.41  19.71  22.69  22.33 999.00  21.95  21.97  22.82  15.80  22.61   8.07  21.40   2.02  24.74  23.05  22.38  22.14  22.42  24.31  24.90  22.04  23.68  24.60
 wrfout_d04_2016-11-06_23:00:00 999.00  25.18  18.55  24.29  20.08  23.31  23.62  22.68  23.21  21.68  22.75  22.58 999.00  23.11  22.55  22.98  19.48  24.17  12.33  22.09   6.87  24.62  22.95  22.73  22.56  23.02  24.06  25.36  22.10  24.01  25.04
