 wrfout_d04_2016-05-09_00:00:00 999.00  26.62  22.61  27.15  23.66  28.08  27.93  26.92  27.84  27.99  28.30  28.18 999.00  29.04  28.19  28.17  25.57  28.90  19.43  28.10  13.08  27.58  28.14  27.09  29.84  29.94  28.63  29.85  27.45  28.06  29.10
 wrfout_d04_2016-05-09_01:00:00 999.00  25.69  23.86  28.19  25.19  29.49  28.93  27.12  29.19  29.13  30.80  30.34 999.00  30.46  30.25  30.49  27.28  30.49  20.13  29.19  13.60  28.82  28.96  28.47  31.33  31.03  30.03  30.91  28.99  28.16  30.42
 wrfout_d04_2016-05-09_02:00:00 999.00  25.47  24.39  29.38  26.23  29.99  29.97  27.54  29.95  30.75  30.43  30.02 999.00  30.99  32.04  30.65  28.94  31.02  20.71  30.45  14.14  28.95  29.24  29.07  32.58  32.01  30.81  31.89  29.80  28.46  31.14
 wrfout_d04_2016-05-09_03:00:00 999.00  25.37  25.63  28.73  27.47  30.52  30.80  27.73  31.31  30.41  31.62  31.47 999.00  31.32  33.55  30.65  29.60  31.36  21.17  31.45  14.35  29.12  29.60  29.57  33.32  32.67  31.18  32.50  29.43  28.99  31.77
 wrfout_d04_2016-05-09_04:00:00 999.00  25.31  26.16  29.25  27.89  30.39  30.92  27.94  32.34  29.83  32.11  31.51 999.00  31.36  34.12  30.94  30.08  31.37  21.37  32.53  14.25  29.21  29.83  29.68  33.96  33.11  31.38  32.77  28.78  29.38  32.29
 wrfout_d04_2016-05-09_05:00:00 999.00  25.25  25.78  29.78  28.04  29.87  31.49  28.81  32.85  30.27  32.23  31.39 999.00  31.63  34.02  31.26  30.38  31.16  21.34  33.14  14.14  29.15  29.86  29.80  34.17  33.42  31.53  33.08  29.59  29.89  32.45
 wrfout_d04_2016-05-09_06:00:00 999.00  25.27  25.17  29.54  27.48  29.47  31.92  27.97  32.69  30.54  32.15  31.08 999.00  31.71  33.50  31.33  30.14  31.10  21.02  33.41  13.81  29.14  29.99  29.68  34.29  33.33  31.47  33.03  29.74  29.77  32.34
 wrfout_d04_2016-05-09_07:00:00 999.00  25.34  24.51  29.79  27.37  29.01  31.02  27.51  31.71  30.04  31.68  30.77 999.00  31.45  32.96  31.11  29.65  31.00  20.34  33.24  13.45  28.94  29.89  29.47  33.89  32.98  31.19  32.59  29.63  29.32  31.95
 wrfout_d04_2016-05-09_08:00:00 999.00  25.37  23.98  29.40  26.34  28.71  30.44  28.22  31.25  29.83  31.29  28.17 999.00  30.78  32.58  30.81  28.62  30.69  19.46  32.52  12.77  29.06  29.82  28.69  33.15  32.25  30.81  32.17  29.04  28.94  31.36
 wrfout_d04_2016-05-09_09:00:00 999.00  25.49  23.43  28.20  25.15  28.35  30.23  28.00  30.34  28.94  30.20  28.95 999.00  30.08  31.59  30.17  27.27  30.15  18.15  31.28  11.77  29.01  29.67  28.30  32.05  31.44  30.09  31.66  28.38  28.12  30.78
 wrfout_d04_2016-05-09_10:00:00 999.00  25.40  22.62  27.63  24.13  27.74  29.56  27.59  29.84  28.19  29.52  28.36 999.00  29.27  30.52  29.80  25.63  29.43  16.41  29.99  10.22  28.98  29.55  28.03  31.07  30.45  29.75  30.92  27.13  27.10  30.06
 wrfout_d04_2016-05-09_11:00:00 999.00  25.47  21.74  27.51  22.95  27.22  29.00  27.35  29.52  27.86  28.35  27.99 999.00  29.06  29.72  29.46  24.14  28.88  14.31  28.87   8.72  28.93  29.45  27.63  30.08  29.71  29.58  30.46  26.27  26.49  29.53
 wrfout_d04_2016-05-09_12:00:00 999.00  25.54  21.48  26.65  22.69  26.82  28.36  27.16  28.92  27.63  28.16  27.84 999.00  28.98  29.03  29.15  22.88  28.60  14.63  28.40   9.60  28.91  29.36  27.54  29.65  29.38  29.32  30.26  25.31  26.36  29.40
 wrfout_d04_2016-05-09_13:00:00 999.00  25.52  21.31  26.45  22.45  26.52  27.66  27.29  28.06  27.65  27.96  27.77 999.00  28.91  28.56  28.95  22.00  28.34  15.26  27.89   9.71  28.82  29.28  27.65  29.46  29.26  29.16  30.04  25.01  26.25  29.23
 wrfout_d04_2016-05-09_14:00:00 999.00  25.55  21.34  26.13  22.11  26.47  27.97  26.65  27.65  27.51  27.72  27.48 999.00  28.68  28.29  28.66  21.41  28.19  15.52  27.14   9.71  28.75  29.13  27.66  29.10  29.07  28.64  29.81  24.71  26.22  29.00
 wrfout_d04_2016-05-09_15:00:00 999.00  25.70  21.39  25.77  22.08  27.20  27.48  26.62  27.80  26.92  27.35  27.17 999.00  28.29  27.71  28.48  20.90  27.97  15.54  26.63   9.64  28.66  28.99  27.14  28.41  28.77  28.07  29.61  24.49  26.17  28.72
 wrfout_d04_2016-05-09_16:00:00 999.00  25.88  21.66  25.31  21.80  26.65  26.87  26.02  27.08  26.55  26.96  26.98 999.00  28.02  27.60  28.27  20.48  27.83  15.35  26.23   9.72  28.65  28.95  26.90  27.72  28.26  27.95  29.40  24.24  26.17  28.43
 wrfout_d04_2016-05-09_17:00:00 999.00  25.81  21.39  24.92  21.26  26.33  26.32  25.60  26.48  26.14  26.90  26.54 999.00  27.77  27.32  27.80  20.40  27.69  15.16  26.06   9.62  28.39  28.89  26.75  27.33  27.85  28.00  29.27  24.14  26.18  28.35
 wrfout_d04_2016-05-09_18:00:00 999.00  25.52  21.54  24.89  21.12  25.81  26.00  25.87  26.28  25.76  26.57  26.31 999.00  27.59  27.10  27.72  20.48  27.60  15.23  25.83   9.53  28.22  28.64  26.49  27.22  27.43  27.97  29.09  24.10  26.21  28.17
 wrfout_d04_2016-05-09_19:00:00 999.00  25.68  21.42  24.59  22.03  25.44  25.67  26.11  25.73  25.63  26.18  25.98 999.00  27.41  26.96  27.64  20.29  27.54  15.04  25.73   9.36  28.22  28.44  26.44  27.06  27.01  28.01  28.97  23.99  26.24  28.10
 wrfout_d04_2016-05-09_20:00:00 999.00  25.54  21.14  24.60  21.87  25.11  25.34  26.10  25.53  25.59  26.08  25.65 999.00  27.26  26.78  27.56  19.78  27.46  14.90  25.62   9.17  28.17  28.04  26.41  26.83  26.64  28.08  28.80  23.98  26.27  28.00
 wrfout_d04_2016-05-09_21:00:00 999.00  25.53  21.20  24.34  21.80  25.14  25.23  26.00  25.32  25.76  26.09  25.95 999.00  27.16  26.49  27.49  19.90  27.42  14.82  25.65   9.07  28.21  27.81  26.49  26.60  26.15  28.15  28.75  23.96  26.31  27.99
 wrfout_d04_2016-05-09_22:00:00 999.00  25.59  21.57  25.50  22.62  25.88  25.92  26.40  25.91  27.08  26.62  27.33 999.00  27.39  26.98  27.70  22.15  27.69  15.10  25.86   9.25  28.27  27.71  26.89  27.11  26.86  28.39  29.00  24.90  26.72  28.30
 wrfout_d04_2016-05-09_23:00:00 999.00  25.61  21.90  26.47  23.13  27.77  27.32  27.18  27.70  28.48  27.82  28.36 999.00  28.59  28.23  28.66  25.08  28.42  16.16  27.17   9.87  28.33  28.50  27.75  28.34  28.17  28.83  29.71  26.64  27.67  29.14
