 wrfout_d04_2016-07-27_00:00:00 999.00  28.50  24.89  30.36  26.16  29.79  30.49  29.74  30.55  30.42  30.58  30.56 999.00  30.64  29.88  30.80  25.44  30.56  17.41  29.05  12.16  29.55  28.88  29.34  30.27  30.37  30.93  31.54  29.64  29.80  30.29
 wrfout_d04_2016-07-27_01:00:00 999.00  28.65  26.27  31.54  27.68  31.45  32.13  30.21  32.20  31.44  31.69  31.67 999.00  31.79  31.48  31.78  27.27  31.11  19.43  30.39  13.48  29.59  29.37  29.68  31.90  31.65  31.82  32.10  30.38  30.47  30.96
 wrfout_d04_2016-07-27_02:00:00 999.00  28.77  27.27  32.16  28.90  33.24  33.67  30.59  33.71  32.03  32.53  32.55 999.00  32.20  32.82  32.19  28.27  31.56  20.87  31.59  14.26  29.64  29.53  30.00  33.13  32.42  32.39  32.67  31.11  30.95  31.52
 wrfout_d04_2016-07-27_03:00:00 999.00  28.79  27.88  32.50  29.64  33.94  34.73  30.86  34.68  32.43  32.76  32.94 999.00  32.63  34.34  32.42  28.91  31.81  20.95  32.62  14.63  29.73  29.58  30.42  32.94  32.85  32.67  33.01  31.81  31.31  31.98
 wrfout_d04_2016-07-27_04:00:00 999.00  28.90  28.27  32.61  30.05  32.94  35.61  31.17  35.54  32.80  32.89  33.01 999.00  32.95  34.94  32.62  29.46  31.95  20.84  33.20  14.76  29.72  29.94  30.60  33.43  33.35  32.89  33.37  32.21  31.50  32.33
 wrfout_d04_2016-07-27_05:00:00 999.00  29.01  28.39  32.62  30.20  32.70  36.16  31.29  35.97  32.93  33.02  33.12 999.00  32.97  35.48  32.88  29.76  31.89  18.85  33.54  14.66  29.61  29.82  30.67  34.24  33.39  32.99  33.42  32.35  31.54  32.58
 wrfout_d04_2016-07-27_06:00:00 999.00  29.10  28.31  32.36  30.06  32.50  36.30  31.15  36.10  32.90  33.27  33.22 999.00  32.82  35.46  32.73  30.00  31.77  18.02  33.30  14.07  29.56  29.85  30.69  34.08  33.21  32.99  33.30  32.46  31.45  32.58
 wrfout_d04_2016-07-27_07:00:00 999.00  29.08  27.87  31.97  29.54  32.29  35.93  30.93  35.72  32.57  33.23  33.27 999.00  32.48  34.62  32.45  29.68  31.57  19.37  33.09  11.97  29.48  29.66  30.45  33.69  32.92  32.87  33.15  32.19  31.11  32.31
 wrfout_d04_2016-07-27_08:00:00 999.00  29.09  27.14  31.38  28.75  32.00  35.15  30.62  34.85  31.86  32.78  32.51 999.00  32.07  34.13  32.15  29.07  31.24  18.27  32.42  11.25  29.43  29.56  30.21  33.17  32.30  32.53  33.01  31.76  30.56  31.90
 wrfout_d04_2016-07-27_09:00:00 999.00  29.08  26.07  30.81  27.51  31.60  34.00  30.10  33.90  31.12  32.46  32.00 999.00  31.69  33.16  31.84  28.08  30.79  18.09  31.35  11.20  29.44  29.78  29.57  32.15  31.63  32.00  32.46  30.60  29.75  31.45
 wrfout_d04_2016-07-27_10:00:00 999.00  29.00  24.61  29.79  25.95  30.52  32.89  29.32  32.77  30.43  31.29  30.90 999.00  31.00  32.06  31.38  26.13  30.19  16.85  30.42  10.34  29.49  29.68  28.64  31.33  30.90  31.22  31.89  29.02  28.87  30.80
 wrfout_d04_2016-07-27_11:00:00 999.00  28.98  23.40  27.78  24.51  29.13  31.87  28.67  31.49  29.76  29.66  30.35 999.00  30.45  30.93  30.90  24.02  29.75  13.46  29.30   6.27  29.55  29.68  28.00  30.27  30.07  30.75  31.37  26.94  28.42  30.29
 wrfout_d04_2016-07-27_12:00:00 999.00  29.04  23.38  27.33  24.03  28.79  31.10  28.58  30.59  29.56  29.21  30.10 999.00  30.24  30.22  30.47  22.85  29.59  13.12  28.98   5.91  29.60  29.80  27.85  29.83  29.77  30.53  31.14  26.46  28.16  30.04
 wrfout_d04_2016-07-27_13:00:00 999.00  29.07  23.33  27.02  23.65  28.71  30.40  28.60  29.81  29.30  29.01  29.70 999.00  30.12  29.84  30.11  22.22  29.46  12.85  28.81   5.61  29.59  29.78  27.48  29.63  29.60  30.19  30.99  26.03  27.98  29.75
 wrfout_d04_2016-07-27_14:00:00 999.00  29.01  23.16  26.65  23.47  28.43  29.81  28.56  29.28  29.01  28.88  29.41 999.00  29.60  29.39  29.75  21.72  29.31  12.61  28.55   5.40  29.52  29.62  27.25  29.54  29.50  30.02  30.82  25.78  27.80  29.52
 wrfout_d04_2016-07-27_15:00:00 999.00  28.95  22.92  26.16  23.29  28.21  29.29  28.51  28.80  28.81  28.74  29.12 999.00  29.11  28.94  29.38  21.33  29.21  12.39  28.15   5.25  29.43  29.50  26.83  29.40  29.35  29.81  30.61  25.52  27.53  29.26
 wrfout_d04_2016-07-27_16:00:00 999.00  28.75  22.76  25.83  23.21  27.74  28.85  28.55  28.35  28.58  28.56  28.75 999.00  28.79  28.51  29.12  21.02  29.09  12.08  27.68   5.07  29.35  29.36  26.69  29.06  29.29  29.62  30.30  25.28  27.29  28.92
 wrfout_d04_2016-07-27_17:00:00 999.00  28.89  22.62  25.63  23.05  27.34  28.60  28.45  28.13  28.29  28.33  28.48 999.00  28.45  28.06  28.94  20.74  29.02  11.70  27.47   4.90  29.24  28.88  26.55  28.43  29.14  29.40  30.15  25.09  27.12  28.81
 wrfout_d04_2016-07-27_18:00:00 999.00  28.86  22.52  25.40  22.82  27.11  29.18  28.19  27.85  27.85  27.92  28.24 999.00  28.18  27.64  28.84  20.40  28.92  11.32  27.16   4.77  29.17  28.30  26.40  27.54  28.71  29.21  29.98  24.86  26.48  28.32
 wrfout_d04_2016-07-27_19:00:00 999.00  28.74  22.48  25.19  22.27  26.94  28.75  27.88  27.53  27.49  27.60  28.93 999.00  27.99  27.34  28.78  20.06  28.86  11.04  26.84   4.68  29.15  27.57  26.27  27.01  27.88  29.07  29.87  24.65  25.91  28.01
 wrfout_d04_2016-07-27_20:00:00 999.00  28.74  22.51  24.99  21.39  26.69  28.12  27.59  27.18  26.91  27.24  28.33 999.00  27.74  27.11  28.69  19.77  28.78  10.84  26.47   4.57  29.17  27.24  26.16  26.74  27.50  28.96  29.68  24.44  25.96  27.80
 wrfout_d04_2016-07-27_21:00:00 999.00  28.75  22.53  24.79  21.11  26.58  27.70  27.33  27.15  26.72  27.04  28.01 999.00  27.52  26.91  28.63  19.55  28.67  10.65  26.20   4.40  29.17  26.98  26.11  26.55  27.25  28.78  29.59  24.26  25.61  27.68
 wrfout_d04_2016-07-27_22:00:00 999.00  28.61  23.05  27.50  23.86  27.45  27.78  27.89  27.53  27.32  27.61  28.36 999.00  27.74  26.93  28.82  21.85  28.90  13.16  26.37   7.33  29.15  26.80  27.82  26.54  27.13  28.85  29.86  26.15  27.58  27.88
 wrfout_d04_2016-07-27_23:00:00 999.00  28.57  24.55  29.30  25.63  29.26  29.21  29.32  29.17  29.37  29.25  29.54 999.00  29.03  28.27  29.77  24.03  29.69  18.45  27.62  11.17  29.15  27.37  29.18  28.24  28.57  30.37  30.62  28.56  29.45  28.96
