 wrfout_d04_2016-04-04_00:00:00 999.00  20.70  19.43  22.23  20.32  22.90  23.36  21.20  23.34  22.48  24.64  24.19 999.00  24.62  24.18  25.91  21.13  21.29  15.89  21.49   9.76  21.61  22.25  24.35  21.86  22.73  25.31  24.01  24.47  24.91  23.96
 wrfout_d04_2016-04-04_01:00:00 999.00  20.55  19.87  22.78  20.82  24.56  24.31  21.54  24.51  23.17  25.34  23.86 999.00  25.97  25.98  27.03  23.27  21.67  17.06  23.73  10.75  21.73  22.83  24.81  23.65  23.93  26.10  25.83  25.53  25.49  24.58
 wrfout_d04_2016-04-04_02:00:00 999.00  20.68  20.10  22.99  21.14  25.06  25.50  21.76  25.71  24.03  25.17  25.17 999.00  26.74  27.99  25.84  24.58  22.19  17.91  25.89  11.54  21.94  23.10  24.57  26.98  26.73  26.58  27.04  26.65  25.98  24.99
 wrfout_d04_2016-04-04_03:00:00 999.00  20.61  20.19  23.53  21.29  24.96  25.87  21.68  26.57  24.21  25.27  26.30 999.00  27.05  29.46  25.16  25.16  23.08  18.09  27.76  11.75  21.96  22.98  24.51  29.24  28.76  27.01  27.72  28.07  26.13  25.56
 wrfout_d04_2016-04-04_04:00:00 999.00  20.30  20.39  23.43  21.49  23.01  25.72  21.34  26.76  24.25  26.72  26.47 999.00  26.89  30.14  25.20  25.53  23.83  18.34  28.95  11.81  22.25  22.57  24.68  30.59  29.61  27.47  28.22  31.91  25.88  26.24
 wrfout_d04_2016-04-04_05:00:00 999.00  20.21  20.84  22.67  21.79  21.76  25.90  21.72  27.21  23.90  26.07  25.55 999.00  26.92  30.54  25.28  25.41  24.24  18.15  29.44  11.55  22.30  22.41  25.03  30.89  29.62  27.69  28.53  33.33  25.73  26.54
 wrfout_d04_2016-04-04_06:00:00 999.00  20.45  21.06  22.03  21.93  20.84  24.88  21.96  26.78  23.88  25.23  22.61 999.00  26.06  30.40  25.13  25.12  24.29  17.59  29.48  10.96  22.35  22.44  24.88  30.86  29.45  27.73  28.74  32.42  25.75  26.87
 wrfout_d04_2016-04-04_07:00:00 999.00  20.79  20.41  21.98  21.21  20.84  24.21  21.96  25.93  23.78  23.87  22.23 999.00  25.66  28.93  25.26  24.66  24.21  16.88  28.95  10.22  22.33  22.58  25.55  30.49  29.05  27.65  28.82  29.75  25.50  26.69
 wrfout_d04_2016-04-04_08:00:00 999.00  21.03  19.78  22.57  20.78  20.90  23.75  21.81  25.04  23.95  23.21  21.88 999.00  24.66  28.11  24.53  23.98  24.31  15.62  27.78   9.20  22.28  22.70  25.05  29.77  28.38  26.99  28.57  28.18  24.92  26.27
 wrfout_d04_2016-04-04_09:00:00 999.00  21.30  19.24  22.30  20.08  20.59  23.77  20.56  24.40  23.51  22.91  21.64 999.00  23.46  27.28  23.51  22.80  23.92  14.22  26.73   8.05  22.30  22.83  24.46  28.65  27.14  26.12  27.92  26.14  24.12  25.54
 wrfout_d04_2016-04-04_10:00:00 999.00  21.46  17.99  20.73  18.37  20.45  22.46  20.29  23.57  22.32  22.70  21.37 999.00  22.75  26.07  23.22  20.69  22.99  12.44  25.55   6.85  22.38  22.93  23.78  27.26  25.88  25.19  26.82  24.17  23.17  24.85
 wrfout_d04_2016-04-04_11:00:00 999.00  21.57  17.41  20.92  17.84  20.53  22.14  20.29  22.49  21.81  22.48  21.51 999.00  22.65  25.41  23.00  19.78  22.60  12.94  25.02   6.95  22.46  23.01  23.49  26.12  24.86  24.73  25.93  23.18  22.98  24.53
 wrfout_d04_2016-04-04_12:00:00 999.00  21.69  17.61  21.02  17.49  20.64  22.03  20.27  22.26  21.34  22.46  21.84 999.00  22.28  25.07  22.87  19.18  22.36  13.07  24.53   7.21  22.48  23.06  23.17  25.21  24.49  24.36  25.57  22.24  22.78  24.38
 wrfout_d04_2016-04-04_13:00:00 999.00  21.87  16.95  19.93  17.20  20.55  21.57  20.61  21.94  21.10  22.96  21.88 999.00  21.76  24.71  22.92  18.74  22.21  12.97  24.36   7.22  22.47  22.89  22.92  24.70  24.57  24.01  25.78  21.59  22.56  24.11
 wrfout_d04_2016-04-04_14:00:00 999.00  21.74  16.50  19.69  17.03  20.65  21.82  20.67  21.82  20.90  22.01  22.10 999.00  21.46  24.23  22.91  18.53  22.05  12.84  23.92   7.02  22.46  22.76  22.53  24.46  24.58  23.88  25.91  21.06  22.08  24.19
 wrfout_d04_2016-04-04_15:00:00 999.00  21.60  16.55  19.45  16.95  19.90  21.65  20.09  21.65  20.54  21.67  22.33 999.00  21.10  23.81  22.90  18.23  21.64  12.66  22.80   6.90  22.47  22.64  22.16  24.29  24.25  23.89  25.50  20.63  21.38  24.13
 wrfout_d04_2016-04-04_16:00:00 999.00  21.55  16.16  19.40  16.85  19.40  20.48  20.09  21.55  20.64  22.39  22.32 999.00  20.39  23.24  22.81  17.69  21.10  12.23  21.82   6.55  22.44  22.57  21.80  23.95  23.83  23.90  25.03  20.37  20.72  23.73
 wrfout_d04_2016-04-04_17:00:00 999.00  21.55  15.89  19.13  16.57  19.83  19.98  20.03  21.81  20.27  22.83  22.41 999.00  20.16  22.30  22.80  17.15  20.96  11.39  21.08   6.03  22.19  22.55  21.65  23.34  23.49  23.80  24.94  20.21  20.57  23.57
 wrfout_d04_2016-04-04_18:00:00 999.00  21.56  15.52  18.87  16.24  18.94  19.59  19.79  20.78  20.13  22.39  22.13 999.00  20.00  21.10  22.76  16.76  20.72  10.87  20.48   5.83  21.81  22.44  21.49  22.66  23.02  23.89  24.93  20.07  20.44  23.27
 wrfout_d04_2016-04-04_19:00:00 999.00  21.56  15.26  19.39  15.96  18.57  20.40  19.60  20.48  20.05  20.92  20.82 999.00  20.11  20.41  22.49  16.48  20.40  10.15  19.39   5.71  21.60  22.25  21.33  22.28  22.53  23.47  24.88  19.92  20.33  23.10
 wrfout_d04_2016-04-04_20:00:00 999.00  21.50  15.29  19.75  15.67  18.27  19.04  19.53  21.29  20.00  20.51  20.39 999.00  20.80  20.00  22.45  16.22  20.18   9.49  18.92   5.70  21.16  21.91  21.19  21.66  22.10  23.03  24.65  19.71  20.23  22.95
 wrfout_d04_2016-04-04_21:00:00 999.00  21.37  16.75  19.63  15.49  19.60  20.07  19.46  21.23  19.78  20.29  20.28 999.00  20.73  19.82  22.51  16.00  20.00   9.26  18.62   5.72  20.77  21.29  20.98  20.89  21.19  22.61  24.51  19.63  20.28  22.82
 wrfout_d04_2016-04-04_22:00:00 999.00  20.95  16.64  19.50  17.15  20.03  20.54  19.42  21.19  19.82  20.75  20.79 999.00  20.75  19.79  21.74  16.14  19.93  10.26  18.47   5.84  20.62  21.11  21.01  20.59  20.68  22.48  24.58  19.80  20.58  22.77
 wrfout_d04_2016-04-04_23:00:00 999.00  20.61  17.79  20.48  18.60  21.50  21.04  19.04  21.78  19.86  23.63  23.86 999.00  21.33  20.77  23.43  21.06  20.02  13.94  18.51   7.53  20.57  20.88  23.14  20.46  20.70  23.17  24.97  22.35  23.37  23.37
