 wrfout_d04_2016-06-20_00:00:00 999.00  27.53  24.89  29.45  26.17  29.45  29.75  28.62  30.09  29.63  29.76  29.44 999.00  29.36  30.16  29.99  25.89  29.92  19.76  29.14  13.56  28.28  28.08  28.85  29.94  30.42  30.25  31.65  29.83  29.59  30.23
 wrfout_d04_2016-06-20_01:00:00 999.00  27.76  26.07  30.92  27.98  31.09  31.71  30.05  31.81  31.70  31.06  30.26 999.00  31.07  31.47  30.61  28.73  31.11  21.06  30.67  14.32  29.39  28.54  29.39  30.92  31.10  30.87  32.92  29.79  29.71  30.82
 wrfout_d04_2016-06-20_02:00:00 999.00  27.78  27.18  31.16  28.86  31.38  33.01  29.90  33.03  32.21  32.07  31.19 999.00  31.25  32.90  30.76  29.87  31.43  21.87  32.03  14.91  29.37  28.71  29.63  32.62  32.60  31.25  33.73  30.20  30.14  31.67
 wrfout_d04_2016-06-20_03:00:00 999.00  27.75  26.85  30.57  29.12  31.85  33.89  29.82  33.95  32.42  32.52  31.59 999.00  31.73  33.93  30.86  30.52  31.37  21.49  33.24  14.98  29.34  28.57  29.78  34.31  33.56  31.49  34.31  30.56  29.77  32.14
 wrfout_d04_2016-06-20_04:00:00 999.00  27.76  26.93  30.31  28.72  31.66  33.95  29.86  34.58  32.42  32.83  31.95 999.00  31.93  34.26  30.88  30.99  31.89  20.74  34.43  13.73  29.39  28.95  29.89  35.06  33.85  31.79  34.47  30.70  30.73  32.42
 wrfout_d04_2016-06-20_05:00:00 999.00  27.72  26.87  29.79  28.89  31.37  33.35  29.91  33.96  32.22  33.08  31.67 999.00  31.90  34.34  30.82  30.77  32.02  20.31  34.88  12.31  29.47  29.55  29.99  35.28  34.25  31.79  34.47  30.66  29.89  32.62
 wrfout_d04_2016-06-20_06:00:00 999.00  27.69  26.42  30.28  28.76  30.86  33.03  29.95  32.92  31.81  33.01  31.59 999.00  31.93  34.20  31.05  29.11  31.97  18.91  34.56  12.59  29.48  29.76  29.93  35.01  34.00  31.64  34.33  30.49  30.60  32.55
 wrfout_d04_2016-06-20_07:00:00 999.00  27.73  25.51  30.18  28.13  31.12  32.79  29.88  33.24  31.76  32.58  31.46 999.00  31.58  33.94  30.78  29.39  31.64  17.38  32.90  12.38  29.47  29.92  29.81  34.86  33.86  31.39  34.04  30.12  30.22  32.13
 wrfout_d04_2016-06-20_08:00:00 999.00  27.76  25.38  29.76  27.60  30.78  32.47  29.50  32.60  31.66  32.24  31.06 999.00  31.20  33.27  30.90  28.09  31.35  17.05  31.78  10.94  29.43  29.89  29.51  34.22  33.30  31.05  33.72  29.61  29.80  31.68
 wrfout_d04_2016-06-20_09:00:00 999.00  27.75  24.90  29.24  26.71  30.05  31.74  28.94  31.85  31.00  31.59  30.35 999.00  30.76  32.24  29.99  27.38  30.91  16.93  31.19  11.11  29.37  29.94  28.84  32.99  32.25  30.62  33.29  29.03  29.12  31.08
 wrfout_d04_2016-06-20_10:00:00 999.00  27.77  23.94  28.37  25.52  29.43  30.70  28.29  31.41  30.16  30.67  29.10 999.00  30.10  31.25  29.55  25.09  30.27  16.03  30.29  10.30  29.34  29.82  28.39  31.66  31.05  29.98  32.55  28.16  28.24  30.15
 wrfout_d04_2016-06-20_11:00:00 999.00  27.76  23.07  27.34  24.08  28.86  30.18  27.61  30.61  29.58  29.63  28.67 999.00  29.72  30.32  29.12  24.62  29.54  16.42  29.72   9.59  29.28  29.68  27.63  30.95  30.57  29.45  31.84  26.24  26.77  29.39
 wrfout_d04_2016-06-20_12:00:00 999.00  27.77  22.70  27.19  23.69  28.71  29.89  27.40  30.39  29.38  29.08  28.73 999.00  29.49  29.75  28.97  24.06  29.30  15.71  29.27   9.48  29.24  29.58  27.38  30.71  30.23  29.05  31.47  25.70  26.04  29.11
 wrfout_d04_2016-06-20_13:00:00 999.00  27.76  22.62  27.10  23.58  28.59  29.66  27.17  30.06  29.28  28.79  28.31 999.00  29.54  29.63  28.82  23.06  29.07  14.55  28.94   8.86  29.19  29.48  27.20  30.39  29.93  28.62  31.04  25.41  25.70  28.78
 wrfout_d04_2016-06-20_14:00:00 999.00  27.76  22.49  26.96  23.44  28.23  29.37  26.93  29.36  28.99  28.63  28.18 999.00  29.53  29.54  28.50  22.56  28.92  14.27  28.64   8.45  29.16  29.33  26.96  30.13  29.68  28.39  30.67  25.20  25.50  28.49
 wrfout_d04_2016-06-20_15:00:00 999.00  27.73  22.29  26.56  23.23  27.86  29.07  26.82  28.93  28.43  28.15  27.99 999.00  29.41  29.18  28.24  22.11  28.83  14.00  28.20   8.23  29.13  29.21  26.76  29.88  29.59  28.12  30.49  24.80  25.36  28.21
 wrfout_d04_2016-06-20_16:00:00 999.00  27.65  22.06  26.32  22.93  27.64  28.95  26.61  28.72  27.95  27.80  27.75 999.00  29.25  29.07  28.00  21.83  28.71  13.86  27.49   7.94  29.11  29.20  26.54  29.28  29.39  27.88  30.19  24.56  26.22  27.84
 wrfout_d04_2016-06-20_17:00:00 999.00  27.63  22.03  26.31  22.90  27.53  28.89  26.32  28.45  27.70  27.48  27.57 999.00  29.07  28.91  27.80  21.65  28.60  13.81  27.33   7.80  29.01  29.17  26.35  28.38  29.09  27.63  30.08  24.63  25.28  27.77
 wrfout_d04_2016-06-20_18:00:00 999.00  27.64  21.68  25.99  22.61  27.39  28.71  26.18  28.16  27.26  27.23  27.44 999.00  28.85  28.44  27.63  21.48  28.46  13.55  26.99   7.54  28.97  29.03  26.25  27.95  28.60  27.43  29.93  24.88  25.21  27.60
 wrfout_d04_2016-06-20_19:00:00 999.00  27.67  21.47  25.78  22.28  27.17  28.44  25.97  27.96  27.02  27.06  27.33 999.00  28.63  28.20  27.52  21.38  28.35  13.28  26.72   7.27  28.89  28.39  26.18  27.84  28.10  27.42  29.84  24.52  25.96  27.51
 wrfout_d04_2016-06-20_20:00:00 999.00  27.60  21.35  25.74  22.19  26.84  28.11  25.76  27.77  26.92  26.94  27.19 999.00  28.37  28.00  27.40  21.24  28.32  13.14  26.52   7.12  28.83  28.17  26.26  27.62  27.68  27.45  29.63  24.12  25.03  27.39
 wrfout_d04_2016-06-20_21:00:00 999.00  27.53  21.30  25.64  22.11  26.64  27.85  25.54  27.64  26.91  26.87  26.97 999.00  28.20  27.84  27.25  21.06  28.30  12.95  26.35   6.96  28.81  27.99  26.20  27.48  27.31  27.42  29.47  24.08  24.99  27.37
 wrfout_d04_2016-06-20_22:00:00 999.00  27.52  23.08  27.64  24.17  27.21  28.17  27.37  28.05  27.17  27.31  27.94 999.00  28.33  27.97  27.75  23.38  28.56  15.54  26.59   9.27  28.82  27.92  27.09  27.53  27.83  27.91  29.77  26.50  27.22  28.01
 wrfout_d04_2016-06-20_23:00:00 999.00  27.54  24.08  28.80  25.08  28.70  29.27  28.69  29.02  28.84  28.60  29.23 999.00  29.21  28.71  29.06  25.89  29.21  18.39  27.73  12.45  28.84  28.03  28.10  28.57  29.21  29.26  30.75  28.38  28.61  29.50
