 wrfout_d04_2016-03-29_00:00:00 999.00  19.81  13.81  17.42  15.36  18.39  16.41  16.66  16.87  16.96  18.92  19.23 999.00  18.16  17.57  18.90  15.91  20.04  10.18  16.76   6.31  20.23  17.80  19.53  17.29  17.85  19.26  19.93  19.19  19.83  20.60
 wrfout_d04_2016-03-29_01:00:00 999.00  19.81  15.19  19.29  15.80  20.67  19.17  17.36  19.27  18.55  19.89  20.36 999.00  19.72  19.67  19.36  15.36  21.20  11.67  18.78   7.33  20.32  18.86  20.15  20.03  20.37  20.63  21.55  20.36  20.76  21.85
 wrfout_d04_2016-03-29_02:00:00 999.00  19.98  16.30  20.69  17.03  21.94  20.96  17.60  21.05  20.19  21.17  21.09 999.00  20.97  21.44  20.49  18.25  21.98  12.21  20.32   7.83  20.54  19.96  20.50  21.90  22.19  22.19  23.44  21.19  21.48  22.67
 wrfout_d04_2016-03-29_03:00:00 999.00  19.91  17.09  21.25  17.93  22.67  22.55  17.82  22.40  21.13  21.98  21.83 999.00  21.59  22.95  21.45  19.34  22.58  12.81  21.86   7.86  20.69  20.82  20.86  23.43  23.74  22.77  24.96  21.68  22.13  23.37
 wrfout_d04_2016-03-29_04:00:00 999.00  20.13  17.68  21.13  18.69  22.75  23.61  17.96  23.41  21.74  22.47  22.22 999.00  22.11  24.14  22.84  20.09  22.57  13.06  23.14   7.87  20.64  21.04  21.14  24.82  25.13  23.15  24.89  21.97  22.59  23.84
 wrfout_d04_2016-03-29_05:00:00 999.00  20.20  17.94  20.86  18.98  22.22  24.09  18.24  24.11  22.10  21.61  22.44 999.00  22.29  25.31  22.61  20.69  21.78  13.23  24.12   7.75  20.70  21.32  21.30  25.86  26.07  23.45  25.94  22.14  22.75  24.14
 wrfout_d04_2016-03-29_06:00:00 999.00  20.32  17.94  20.70  19.01  21.95  24.09  18.44  24.32  22.17  21.37  22.29 999.00  21.51  25.92  22.47  20.80  21.77  13.19  23.89   7.54  20.98  21.60  21.19  26.72  25.58  23.43  26.23  22.20  22.70  24.20
 wrfout_d04_2016-03-29_07:00:00 999.00  20.42  17.39  20.26  18.65  21.73  23.88  17.92  24.18  21.31  21.22  21.57 999.00  21.73  25.16  21.94  20.33  21.77  12.65  23.51   6.85  21.22  22.09  21.20  25.75  25.06  23.31  25.04  21.99  22.41  23.95
 wrfout_d04_2016-03-29_08:00:00 999.00  20.57  16.04  19.34  17.48  21.07  22.31  17.85  23.28  20.28  21.08  20.94 999.00  20.59  24.30  21.70  19.69  21.50  11.72  24.14   6.10  21.38  22.31  21.16  25.08  24.67  23.11  24.44  21.56  22.04  23.71
 wrfout_d04_2016-03-29_09:00:00 999.00  20.63  15.89  18.52  15.89  20.10  21.18  17.63  22.23  19.21  20.80  20.49 999.00  19.83  23.30  21.51  18.70  21.39  10.30  23.18   4.93  21.59  22.54  20.94  24.29  24.07  22.80  24.42  20.85  21.40  22.87
 wrfout_d04_2016-03-29_10:00:00 999.00  20.68  12.81  17.72  13.49  19.08  20.62  17.67  20.63  18.54  20.25  20.16 999.00  19.46  21.75  21.44  15.38  21.16   7.10  22.60   3.12  21.79  22.69  20.43  23.18  22.99  22.25  24.44  18.59  19.43  21.82
 wrfout_d04_2016-03-29_11:00:00 999.00  20.79  11.90  17.46  12.65  18.46  19.83  17.96  19.82  18.78  18.67  20.09 999.00  19.19  21.80  21.12  14.20  21.19   7.34  21.95   3.36  21.98  22.74  19.83  22.37  22.64  21.79  24.41  17.63  19.15  21.63
 wrfout_d04_2016-03-29_12:00:00 999.00  20.87  11.75  17.30  12.34  17.84  18.86  18.02  19.30  17.63  18.00  19.50 999.00  19.30  21.82  20.52  13.76  21.10   6.83  19.89   3.52  22.23  22.81  19.45  22.08  22.24  20.94  24.19  17.44  18.85  21.59
 wrfout_d04_2016-03-29_13:00:00 999.00  20.85  11.26  15.79  12.13  17.99  18.33  16.93  18.30  18.05  17.65  18.97 999.00  19.43  21.76  20.15  13.66  21.12   6.30  19.56   3.72  22.46  22.85  19.02  21.75  21.98  20.22  24.17  17.05  19.29  21.46
 wrfout_d04_2016-03-29_14:00:00 999.00  20.89  11.16  15.97  12.05  17.72  17.74  16.63  17.66  18.29  17.41  18.93 999.00  19.03  21.69  20.03  13.62  21.15   6.19  19.42   3.77  22.62  22.35  18.60  21.18  21.55  20.01  24.11  16.88  18.86  21.32
 wrfout_d04_2016-03-29_15:00:00 999.00  20.92  11.17  15.79  12.14  17.46  17.59  17.50  17.36  18.21  17.31  18.49 999.00  18.66  20.86  19.97  13.45  21.21   5.96  19.09   3.83  22.69  21.35  18.37  20.75  20.89  19.84  23.78  16.70  19.05  20.89
 wrfout_d04_2016-03-29_16:00:00 999.00  20.97  11.12  15.67  12.06  17.12  17.14  16.50  17.00  16.26  17.06  17.75 999.00  18.31  20.16  19.15  13.32  21.29   5.74  18.55   3.91  22.67  21.35  18.23  20.12  20.22  19.76  23.33  16.62  18.77  20.72
 wrfout_d04_2016-03-29_17:00:00 999.00  21.05  11.02  15.52  11.95  16.87  16.77  16.10  16.62  15.49  16.84  17.50 999.00  19.28  20.30  18.49  13.11  20.02   5.46  18.01   4.05  22.66  21.21  18.06  19.51  19.60  19.52  23.01  16.33  18.42  20.48
 wrfout_d04_2016-03-29_18:00:00 999.00  21.07  10.87  15.15  11.76  16.69  16.26  15.54  16.21  15.10  16.68  17.21 999.00  19.33  20.28  18.02  12.71  19.33   5.28  17.75   4.16  22.63  20.73  17.93  19.00  19.09  19.45  22.59  15.88  17.74  20.29
 wrfout_d04_2016-03-29_19:00:00 999.00  20.75  10.71  14.98  11.58  16.44  15.70  15.15  15.69  14.74  16.44  16.97 999.00  19.08  19.77  17.61  12.48  18.89   5.22  17.66   4.29  22.62  20.56  17.79  18.49  18.61  19.10  22.33  15.73  17.60  20.28
 wrfout_d04_2016-03-29_20:00:00 999.00  20.58  10.57  14.52  11.41  16.15  15.27  16.67  15.48  14.54  16.11  16.69 999.00  18.20  18.80  17.26  12.32  18.67   5.14  17.39   4.40  22.66  20.08  17.68  17.99  18.15  18.66  21.99  15.67  17.58  20.30
 wrfout_d04_2016-03-29_21:00:00 999.00  20.64  10.48  14.49  11.31  15.93  14.75  16.99  14.98  14.27  15.70  16.53 999.00  19.05  18.18  17.29  12.18  18.53   5.14  17.30   4.40  22.70  19.60  17.61  17.50  17.67  18.33  21.65  15.67  17.52  20.35
 wrfout_d04_2016-03-29_22:00:00 999.00  20.63  10.77  14.75  11.58  15.84  14.51  15.70  14.97  14.40  15.87  16.59 999.00  17.85  17.75  17.26  12.28  18.40   5.28  17.20   4.40  22.58  19.89  17.73  17.13  17.27  18.24  21.67  15.79  17.80  20.45
 wrfout_d04_2016-03-29_23:00:00 999.00  20.67  15.51  18.82  16.69  19.44  17.57  18.25  18.34  18.38  19.69  19.67 999.00  19.86  19.79  20.37  18.40  21.42  10.87  18.05   6.06  22.42  20.25  20.97  19.00  19.31  20.56  22.59  20.42  21.92  21.57
