 wrfout_d04_2016-11-26_00:00:00 999.00  25.09  18.99  24.04  20.13  24.51  25.45  23.11  24.93  22.49  23.01  23.30 999.00  23.54  23.14  22.93  19.68  23.47  13.70  23.25   8.48  24.95  24.18  23.40  23.46  24.15  24.87  25.97  23.51  23.90  25.35
 wrfout_d04_2016-11-26_01:00:00 999.00  24.96  20.36  25.53  21.53  25.57  26.87  24.58  27.69  25.16  24.07  23.92 999.00  25.05  24.76  23.54  21.49  23.44  15.81  23.80  10.04  24.02  22.90  23.82  23.91  24.46  24.89  25.92  23.79  23.50  25.29
 wrfout_d04_2016-11-26_02:00:00 999.00  24.96  21.37  26.16  22.59  26.57  28.62  24.73  28.48  25.89  25.53  25.13 999.00  25.69  26.27  23.72  23.08  23.21  16.61  24.98  10.24  23.78  24.38  24.49  25.99  26.25  25.61  26.92  24.37  24.88  26.06
 wrfout_d04_2016-11-26_03:00:00 999.00  25.09  22.15  24.97  23.51  27.71  29.08  24.41  28.58  25.74  26.74  25.67 999.00  23.25  27.08  23.32  23.81  22.77  16.70  25.63  10.21  23.47  24.66  24.90  27.01  27.01  26.90  28.01  24.84  24.28  26.44
 wrfout_d04_2016-11-26_04:00:00 999.00  25.06  21.50  24.96  22.65  28.47  28.65  22.75  28.82  23.56  27.15  26.12 999.00  21.91  24.72  24.62  22.37  22.34  16.44  26.27   9.40  23.15  24.70  25.64  27.82  27.89  27.36  27.96  25.22  24.24  26.20
 wrfout_d04_2016-11-26_05:00:00 999.00  24.93  21.24  23.62  22.43  25.60  25.79  21.78  25.46  22.40  25.97  26.20 999.00  21.94  21.68  25.10  21.84  21.51  16.61  23.10   9.98  22.75  24.06  25.59  27.91  27.73  27.58  27.71  24.36  24.25  26.70
 wrfout_d04_2016-11-26_06:00:00 999.00  24.93  18.58  22.38  20.06  24.49  23.70  21.39  23.85  21.74  25.02  25.65 999.00  21.84  21.67  26.13  20.07  21.29  15.50  22.31  10.60  22.42  23.58  25.50  25.82  26.37  27.58  28.05  23.75  24.16  26.19
 wrfout_d04_2016-11-26_07:00:00 999.00  24.15  18.00  21.94  19.43  23.73  22.98  21.45  23.20  21.54  24.40  25.23 999.00  21.82  21.11  26.37  18.84  21.23  15.12  21.24  10.52  22.42  23.32  25.31  24.28  25.41  27.42  28.11  23.11  23.74  26.00
 wrfout_d04_2016-11-26_08:00:00 999.00  24.11  17.90  21.87  19.28  22.74  22.67  21.58  22.65  21.48  24.15  24.09 999.00  21.97  21.14  25.71  18.25  21.34  14.00  20.85   9.34  22.75  23.04  24.84  23.23  23.59  26.81  27.47  22.97  23.76  25.50
 wrfout_d04_2016-11-26_09:00:00 999.00  22.89  17.92  21.86  18.91  22.31  22.76  21.69  22.39  21.06  23.96  23.64 999.00  21.53  21.44  25.47  17.95  21.42  12.99  20.58   6.90  22.80  22.78  23.07  22.76  22.98  26.46  26.10  22.57  23.48  25.33
 wrfout_d04_2016-11-26_10:00:00 999.00  22.34  17.35  20.99  18.52  21.80  22.09  21.63  21.72  21.45  24.07  23.51 999.00  21.95  21.71  25.07  17.27  21.40  11.83  20.57   6.53  22.80  22.49  24.06  22.14  22.35  26.12  25.03  22.30  23.44  25.10
 wrfout_d04_2016-11-26_11:00:00 999.00  22.07  16.87  20.55  17.96  21.23  21.87  21.29  21.63  21.41  24.05  23.11 999.00  21.95  21.63  24.53  17.06  21.37   9.51  20.51   6.37  22.82  22.49  23.59  21.70  21.77  25.79  24.81  22.28  23.34  24.85
 wrfout_d04_2016-11-26_12:00:00 999.00  21.38  15.98  19.64  17.03  20.92  21.15  20.78  21.15  20.88  23.42  22.77 999.00  22.40  21.50  24.30  17.04  20.34   9.62  20.42   6.53  22.78  22.66  23.32  21.84  21.83  25.53  24.40  22.24  23.22  25.02
 wrfout_d04_2016-11-26_13:00:00 999.00  20.63  15.44  19.35  16.48  20.17  20.71  19.84  20.46  19.82  22.20  22.04 999.00  22.46  21.46  24.42  17.00  19.90   9.47  20.51   6.46  22.32  22.69  23.54  21.86  21.88  25.11  23.82  22.35  23.40  24.92
 wrfout_d04_2016-11-26_14:00:00 999.00  19.78  14.88  18.70  15.85  19.37  20.44  19.89  19.93  19.64  21.79  20.88 999.00  21.29  21.10  24.54  15.73  19.98   8.98  20.53   6.31  21.76  22.75  23.31  22.09  22.12  25.09  23.58  22.17  23.46  24.63
 wrfout_d04_2016-11-26_15:00:00 999.00  19.34  14.20  18.03  15.24  19.15  19.59  19.00  19.22  19.29  21.19  20.69 999.00  20.68  20.03  24.22  16.90  19.98   8.73  20.24   6.51  21.74  23.02  23.60  22.09  22.04  25.01  23.23  21.96  23.59  24.57
 wrfout_d04_2016-11-26_16:00:00 999.00  19.47  13.70  17.60  14.47  18.31  19.34  18.85  19.04  18.81  20.47  19.80 999.00  20.28  19.51  22.80  16.34  19.55   9.22  19.76   6.62  21.36  22.77  23.16  21.83  21.83  24.76  22.86  22.09  23.65  24.26
 wrfout_d04_2016-11-26_17:00:00 999.00  19.51  13.46  17.26  14.35  18.13  18.82  18.52  18.32  18.31  19.50  19.10 999.00  19.93  19.11  22.56  15.21  19.54  10.43  19.11   7.06  21.37  22.35  23.14  21.36  21.31  24.79  23.04  21.84  23.55  24.25
 wrfout_d04_2016-11-26_18:00:00 999.00  19.33  13.43  17.31  14.17  18.12  18.70  18.38  18.28  17.96  19.18  18.73 999.00  19.29  18.48  21.83  16.12  19.51  11.74  18.22   7.04  22.07  21.96  23.00  20.79  20.84  24.07  22.37  21.89  23.74  24.21
 wrfout_d04_2016-11-26_19:00:00 999.00  19.41  13.40  17.28  14.21  18.03  18.59  18.16  18.01  18.08  19.11  18.59 999.00  19.13  18.03  21.17  16.26  20.33  11.39  17.62   7.28  21.74  21.80  21.52  20.39  20.42  23.91  21.50  21.87  23.66  24.15
 wrfout_d04_2016-11-26_20:00:00 999.00  19.31  13.41  17.22  14.12  17.98  18.37  18.04  17.91  17.94  18.57  18.20 999.00  19.08  17.99  20.96  16.14  20.16  11.15  17.13   7.63  21.76  21.55  20.99  19.55  19.65  22.96  20.78  21.77  23.69  24.22
 wrfout_d04_2016-11-26_21:00:00 999.00  19.55  13.42  17.30  14.28  18.03  17.92  18.14  17.72  17.99  18.36  17.87 999.00  19.16  18.21  20.76  16.15  20.24  11.03  16.71   7.63  21.83  21.03  20.89  18.79  18.91  22.37  20.15  21.37  23.40  23.76
 wrfout_d04_2016-11-26_22:00:00 999.00  19.71  13.41  17.36  14.31  18.49  17.75  18.27  17.61  18.08  18.42  17.94 999.00  19.02  18.18  20.97  16.36  20.54  11.10  16.55   7.62  21.86  20.71  20.52  18.40  18.47  22.13  19.86  20.66  23.29  22.71
 wrfout_d04_2016-11-26_23:00:00 999.00  19.88  13.54  17.48  14.41  18.35  17.70  18.40  17.70  18.06  17.96  17.97 999.00  18.85  18.36  21.22  16.38  20.78  11.31  16.73   7.67  21.92  20.66  20.55  18.33  18.36  21.93  19.77  20.07  22.98  22.46
