 wrfout_d04_2016-11-28_00:00:00 999.00  19.26  12.07  18.18  13.47  18.51  18.49  18.26  18.24  18.48  17.93  18.54 999.00  18.80  18.77  20.75  17.59  20.15  12.31  17.26   8.09  21.82  19.85  19.71  18.59  18.98  20.87  21.90  17.66  19.72  20.03
 wrfout_d04_2016-11-28_01:00:00 999.00  19.29  12.79  19.01  14.10  18.85  18.96  18.68  18.67  19.36  19.09  18.99 999.00  19.91  19.67  21.72  18.79  20.06  14.03  18.91   8.64  21.83  20.44  20.11  20.03  20.18  21.09  22.30  18.41  20.02  20.76
 wrfout_d04_2016-11-28_02:00:00 999.00  19.42  13.33  19.86  14.70  19.02  19.45  19.76  18.94  19.85  19.56  19.37 999.00  20.69  22.29  22.04  20.27  21.03  17.31  20.32   7.96  21.81  21.12  21.48  20.53  20.78  21.86  23.13  18.56  20.08  20.82
 wrfout_d04_2016-11-28_03:00:00 999.00  19.53  13.66  20.37  15.29  19.53  19.71  20.02  19.00  20.31  19.43  19.95 999.00  21.03  23.15  21.90  21.25  21.43  13.39  20.54   7.48  21.90  21.42  21.17  23.16  23.34  22.03  22.62  18.95  20.40  21.23
 wrfout_d04_2016-11-28_04:00:00 999.00  19.67  14.10  20.67  15.58  19.59  20.75  19.81  19.46  20.45  19.81  20.28 999.00  21.62  24.94  22.97  21.85  21.57  15.22  21.90   9.88  21.91  22.23  20.62  22.75  23.38  22.36  23.01  18.81  20.01  21.77
 wrfout_d04_2016-11-28_05:00:00 999.00  19.86  14.09  20.73  15.62  19.58  20.36  20.79  19.39  20.70  19.42  20.08 999.00  22.34  24.85  22.98  21.47  21.73  15.66  22.84   8.47  21.97  22.79  21.11  24.40  23.28  22.14  23.27  19.43  19.89  22.65
 wrfout_d04_2016-11-28_06:00:00 999.00  19.88  14.13  20.60  15.51  19.64  20.15  20.73  19.62  20.72  19.43  19.95 999.00  21.90  23.76  22.92  20.95  21.64  14.67  23.56   9.18  21.96  23.30  21.04  24.92  24.72  22.61  23.53  19.14  19.87  21.91
 wrfout_d04_2016-11-28_07:00:00 999.00  20.03  13.72  20.12  15.10  19.51  19.97  20.37  19.54  20.28  19.16  19.93 999.00  21.99  23.93  22.29  20.14  20.91  14.00  23.73   8.43  21.89  23.43  20.06  24.74  24.02  22.06  23.93  19.84  19.86  22.19
 wrfout_d04_2016-11-28_08:00:00 999.00  19.86  13.09  19.30  14.40  19.49  19.59  19.74  19.46  19.72  18.39  19.89 999.00  21.24  23.21  21.90  19.49  21.29  12.96  22.77   7.51  22.05  23.44  20.02  24.07  23.92  21.70  23.93  19.21  19.88  21.88
 wrfout_d04_2016-11-28_09:00:00 999.00  20.10  12.42  16.45  13.72  19.54  19.61  18.88  19.44  18.94  17.89  19.42 999.00  20.48  22.08  21.53  16.44  21.12  10.07  22.17   5.56  22.23  23.42  19.94  23.41  23.32  21.29  24.29  17.80  20.03  21.13
 wrfout_d04_2016-11-28_10:00:00 999.00  20.08  12.69  16.08  13.69  19.37  19.49  18.77  19.30  18.82  17.77  19.45 999.00  19.61  21.12  21.06  15.39  20.91   9.22  21.23   6.10  22.29  23.28  19.75  22.94  22.87  20.62  24.47  17.42  20.25  20.91
 wrfout_d04_2016-11-28_11:00:00 999.00  19.98  12.29  15.72  13.62  19.23  19.44  18.67  19.20  18.66  17.54  19.63 999.00  19.21  20.11  20.70  15.11  20.78   8.64  20.82   5.30  22.40  22.96  19.25  22.46  22.59  20.29  24.26  17.20  20.46  20.72
 wrfout_d04_2016-11-28_12:00:00 999.00  19.99  12.62  15.54  13.68  19.36  19.33  18.57  19.12  18.57  17.60  19.54 999.00  18.96  19.65  20.61  14.66  20.79   8.10  20.87   5.11  22.63  22.73  19.32  22.11  22.34  20.09  24.37  17.13  20.42  20.68
 wrfout_d04_2016-11-28_13:00:00 999.00  20.02  12.52  15.33  13.67  19.06  19.29  18.57  19.03  18.58  17.98  19.34 999.00  18.87  19.95  20.55  14.12  20.94   7.74  20.62   5.04  22.83  22.41  19.42  21.59  21.81  20.07  24.17  17.31  20.45  20.94
 wrfout_d04_2016-11-28_14:00:00 999.00  20.07  12.72  15.22  13.73  19.04  18.48  18.49  18.76  18.56  18.23  19.40 999.00  18.58  19.84  20.08  13.95  21.15   7.40  20.10   4.99  22.98  21.92  19.43  21.10  21.39  20.23  24.19  17.31  20.62  20.61
 wrfout_d04_2016-11-28_15:00:00 999.00  20.18  12.74  15.16  13.78  19.00  18.31  18.37  18.39  18.58  18.06  19.42 999.00  17.86  19.43  19.82  13.56  21.46   7.19  19.78   5.05  22.99  21.44  19.51  20.53  20.51  20.38  23.95  17.47  20.78  20.59
 wrfout_d04_2016-11-28_16:00:00 999.00  20.15  12.64  15.05  13.71  19.29  18.29  18.44  17.99  18.54  18.18  19.06 999.00  17.82  18.52  19.87  13.20  21.46   6.97  19.66   5.01  23.04  21.13  19.72  19.49  19.47  20.17  23.95  17.91  20.60  20.90
 wrfout_d04_2016-11-28_17:00:00 999.00  20.20  12.79  15.01  13.91  19.37  18.46  18.46  18.15  18.58  17.91  19.16 999.00  17.72  18.53  20.21  13.06  21.49   6.72  18.97   4.73  23.01  21.06  19.70  19.15  19.19  20.79  23.79  17.34  20.65  20.86
 wrfout_d04_2016-11-28_18:00:00 999.00  20.24  12.77  15.05  13.91  19.49  18.34  18.55  18.58  18.65  17.74  18.89 999.00  16.99  17.93  20.36  12.98  21.57   6.40  18.36   4.66  23.02  21.08  19.57  18.44  18.50  20.81  23.14  18.14  20.72  20.96
 wrfout_d04_2016-11-28_19:00:00 999.00  20.32  13.03  15.08  14.10  19.39  18.49  18.54  18.76  18.63  18.10  19.41 999.00  16.93  17.60  20.51  12.82  21.59   6.20  18.33   4.42  23.11  20.75  19.58  18.08  18.11  21.21  22.86  18.15  20.68  21.00
 wrfout_d04_2016-11-28_20:00:00 999.00  20.39  12.88  14.99  14.01  19.47  18.28  18.53  18.90  18.64  18.04  19.02 999.00  16.25  16.86  20.54  12.69  21.66   6.18  18.24   3.90  23.16  20.65  19.85  17.48  17.47  20.96  22.54  17.51  20.73  21.00
 wrfout_d04_2016-11-28_21:00:00 999.00  20.35  12.91  14.92  14.12  19.49  18.56  18.57  19.08  18.65  17.79  19.20 999.00  16.53  16.17  20.47  12.58  21.81   6.10  18.03   1.71  23.34  20.66  20.03  18.23  18.49  21.19  22.21  18.06  20.78  21.11
 wrfout_d04_2016-11-28_22:00:00 999.00  20.22  13.14  14.95  14.25  19.49  18.60  18.70  19.03  18.78  17.93  19.31 999.00  17.02  16.49  20.74  12.56  21.92   6.06  18.00   1.44  23.46  20.85  20.42  18.56  18.88  21.24  22.13  18.18  20.88  21.13
 wrfout_d04_2016-11-28_23:00:00 999.00  20.40  13.38  18.01  14.63  19.46  19.22  19.01  19.02  19.06  17.86  19.94 999.00  18.70  17.75  20.97  15.31  22.08   9.38  18.37   5.46  23.47  20.28  20.78  18.84  19.30  21.50  22.59  18.56  20.95  21.52
