 wrfout_d04_2016-04-02_00:00:00 999.00  21.47  19.26  22.95  20.00  24.12  22.07  19.50  22.18  19.81  22.78  23.07 999.00  22.36  22.90  23.83  20.06  22.76  15.09  21.43   9.55  22.92  22.05  23.72  23.44  23.89  24.93  25.69  23.93  25.08  24.75
 wrfout_d04_2016-04-02_01:00:00 999.00  21.51  20.29  24.29  21.03  25.53  24.27  20.56  24.47  21.98  23.85  24.43 999.00  23.86  24.74  25.18  22.62  23.40  16.34  23.49  10.42  22.97  23.13  24.21  25.52  25.90  26.36  27.38  24.64  25.92  26.56
 wrfout_d04_2016-04-02_02:00:00 999.00  21.54  21.40  25.26  21.99  26.22  26.17  21.05  26.24  23.43  23.38  25.11 999.00  24.69  26.45  25.36  24.10  24.97  17.25  25.41  10.99  23.00  23.61  24.42  27.38  27.77  26.42  27.80  25.06  26.47  27.63
 wrfout_d04_2016-04-02_03:00:00 999.00  21.57  22.25  25.55  22.92  26.65  27.81  20.86  27.62  24.49  23.16  25.57 999.00  25.10  28.02  26.03  25.01  25.69  17.87  26.58  11.43  23.11  23.48  24.60  29.11  28.93  25.66  28.18  25.35  26.73  28.49
 wrfout_d04_2016-04-02_04:00:00 999.00  21.55  22.88  24.96  23.66  26.87  28.65  20.99  28.40  24.95  23.43  25.94 999.00  25.21  29.21  26.22  25.67  26.00  18.17  27.86  11.61  23.16  23.25  24.75  30.12  29.30  25.74  28.51  26.23  26.97  29.25
 wrfout_d04_2016-04-02_05:00:00 999.00  21.64  23.22  24.83  24.05  26.88  28.86  20.52  29.17  25.03  23.30  26.10 999.00  25.38  29.89  26.34  25.82  25.99  16.98  28.66  11.53  23.13  23.36  24.81  30.52  29.46  25.94  28.64  26.39  26.94  29.65
 wrfout_d04_2016-04-02_06:00:00 999.00  21.69  23.13  24.59  24.03  26.42  28.36  20.44  28.34  25.01  23.47  25.74 999.00  25.36  30.25  24.91  25.89  25.70  16.21  29.08  11.14  23.08  23.52  24.48  30.48  29.04  25.98  28.51  26.29  26.59  29.59
 wrfout_d04_2016-04-02_07:00:00 999.00  21.65  22.62  23.75  23.66  25.82  28.10  20.64  27.39  24.95  23.49  24.92 999.00  25.46  29.95  24.33  25.60  25.67  16.01  28.91  10.53  22.99  23.59  24.43  29.71  28.40  25.71  28.28  25.94  26.16  28.98
 wrfout_d04_2016-04-02_08:00:00 999.00  21.67  21.64  22.62  23.00  24.94  26.48  20.52  27.42  24.60  23.54  24.24 999.00  25.19  29.19  24.41  24.84  25.24  16.16  27.97   9.80  22.86  23.67  24.32  28.75  27.69  25.45  27.62  25.25  25.49  28.33
 wrfout_d04_2016-04-02_09:00:00 999.00  21.64  20.31  21.69  21.08  23.80  24.60  20.05  26.27  23.40  23.40  23.69 999.00  24.54  28.03  24.18  23.71  24.44  14.80  26.35   8.63  22.78  23.75  24.24  27.70  26.83  24.96  26.87  24.38  24.56  26.99
 wrfout_d04_2016-04-02_10:00:00 999.00  21.70  18.68  20.34  19.41  22.43  23.00  19.70  24.80  22.39  22.78  23.26 999.00  23.46  26.59  23.97  21.07  23.49  13.58  24.99   6.26  22.77  23.83  23.91  26.44  25.60  24.47  26.12  23.20  23.20  25.58
 wrfout_d04_2016-04-02_11:00:00 999.00  21.69  17.80  20.21  18.56  21.69  22.94  19.93  24.09  21.71  22.49  23.07 999.00  22.98  25.36  23.82  19.89  22.69  11.29  24.01   5.30  22.77  23.88  23.64  25.52  24.92  24.41  25.80  23.21  22.72  24.79
 wrfout_d04_2016-04-02_12:00:00 999.00  21.67  17.15  20.01  17.85  21.32  23.32  20.70  23.78  21.76  22.49  23.00 999.00  22.94  24.95  23.40  19.13  22.50  11.21  23.70   4.98  22.79  23.91  23.47  25.21  24.78  24.53  25.74  22.98  22.27  24.52
 wrfout_d04_2016-04-02_13:00:00 999.00  21.58  16.56  19.86  17.35  21.11  22.96  20.90  23.03  21.68  22.44  22.62 999.00  22.96  24.57  23.22  18.63  22.39  11.08  23.52   5.00  22.82  23.91  23.33  25.14  24.77  24.65  25.75  22.76  21.57  24.24
 wrfout_d04_2016-04-02_14:00:00 999.00  21.54  16.09  19.54  16.91  20.93  22.94  20.61  22.65  21.46  22.29  22.11 999.00  23.05  24.26  23.57  18.30  22.31  10.77  23.43   4.70  22.88  23.80  23.15  25.06  24.74  24.08  25.55  22.44  21.44  23.99
 wrfout_d04_2016-04-02_15:00:00 999.00  21.53  15.79  19.42  16.70  20.79  22.29  20.10  22.05  21.37  22.13  21.73 999.00  23.15  24.04  23.57  18.07  22.24  10.54  23.34   4.54  22.95  23.63  23.08  24.92  24.59  23.60  25.23  22.30  21.35  23.73
 wrfout_d04_2016-04-02_16:00:00 999.00  21.61  15.58  19.38  16.54  20.83  21.91  19.79  21.57  21.15  22.00  21.37 999.00  23.11  23.90  23.61  17.85  22.19  10.40  23.02   4.37  23.05  23.45  23.06  24.68  24.46  23.44  24.97  21.88  21.29  23.57
 wrfout_d04_2016-04-02_17:00:00 999.00  21.55  16.57  19.39  16.55  20.87  21.43  19.70  21.23  20.87  21.94  21.14 999.00  23.18  23.74  23.57  17.57  22.21  10.17  22.72   4.14  23.13  23.27  22.12  24.38  24.41  23.53  25.02  20.71  21.29  23.55
 wrfout_d04_2016-04-02_18:00:00 999.00  21.45  16.88  19.44  16.61  20.71  21.25  19.72  21.02  20.52  20.55  20.65 999.00  23.25  23.57  23.41  17.36  22.16   9.97  22.50   3.77  23.15  23.10  21.97  24.14  24.14  23.85  25.08  20.36  21.23  23.80
 wrfout_d04_2016-04-02_19:00:00 999.00  21.43  17.06  19.39  16.48  20.44  20.97  19.58  20.81  20.32  20.07  20.24 999.00  23.24  23.41  23.42  17.22  22.13   9.71  22.32   3.63  23.19  23.07  22.84  23.88  23.87  23.32  24.84  20.10  21.06  23.92
 wrfout_d04_2016-04-02_20:00:00 999.00  21.43  17.46  19.24  16.44  20.11  20.68  19.42  20.52  20.06  19.74  20.06 999.00  22.96  23.18  23.32  17.07  22.17   9.61  21.92   3.54  23.45  22.95  22.78  23.64  23.85  23.22  24.70  19.91  20.90  23.71
 wrfout_d04_2016-04-02_21:00:00 999.00  21.39  17.58  19.11  17.48  19.94  20.48  19.24  20.32  19.79  19.48  19.83 999.00  22.40  22.95  23.44  16.94  22.78   9.55  21.59   3.47  23.50  23.12  22.85  23.37  23.75  23.64  24.69  19.74  20.92  23.55
 wrfout_d04_2016-04-02_22:00:00 999.00  21.55  17.68  19.55  17.83  20.46  20.61  19.46  20.55  19.81  19.74  20.22 999.00  22.33  22.77  23.60  17.17  23.08   9.98  21.28   3.89  23.48  23.43  22.29  22.99  23.09  22.84  24.83  20.01  21.29  23.83
 wrfout_d04_2016-04-02_23:00:00 999.00  21.61  18.40  22.50  19.11  22.45  21.67  21.38  21.98  21.42  22.26  22.82 999.00  23.82  23.53  23.93  20.39  23.59  14.14  21.94   8.33  23.59  23.02  23.81  23.64  23.68  24.29  25.41  23.26  24.35  24.73
