 wrfout_d04_2016-01-19_00:00:00 999.00  14.37   7.57  13.23   8.79  13.91  14.24  14.16  14.05  14.04  14.08  14.08 999.00  14.72  15.00  16.76  12.99  16.83   6.99  14.65   0.57  18.15  17.12  17.62  16.68  16.97  18.22  18.14  17.11  18.85  18.89
 wrfout_d04_2016-01-19_01:00:00 999.00  14.60   8.46  13.91  10.43  14.50  14.53  14.85  14.46  15.38  15.16  14.46 999.00  16.22  17.54  18.05  15.75  17.37   8.52  14.40   1.15  18.28  18.85  19.28  17.86  18.00  20.51  19.43  19.56  20.25  21.18
 wrfout_d04_2016-01-19_02:00:00 999.00  14.51   8.50  13.96  10.74  13.82  14.45  14.98  14.45  15.86  15.34  14.70 999.00  18.09  19.07  18.24  17.45  17.57   9.47  17.15   1.16  18.40  19.08  19.84  19.38  19.52  22.16  20.28  20.37  20.11  20.37
 wrfout_d04_2016-01-19_03:00:00 999.00  14.45   8.27  13.66   9.83  13.34  14.22  14.60  14.07  16.49  15.20  14.82 999.00  19.03  20.48  18.51  17.99  17.76  10.32  19.10   1.22  18.15  19.16  19.68  20.60  20.72  22.24  20.57  20.41  19.79  20.79
 wrfout_d04_2016-01-19_04:00:00 999.00  14.32   8.13  14.41  10.18  13.30  14.02  14.52  14.08  16.81  14.96  14.50 999.00  19.09  21.59  18.56  18.56  18.04  10.94  20.21   1.19  18.21  19.26  19.39  20.46  20.36  22.33  21.00  20.18  19.78  22.88
 wrfout_d04_2016-01-19_05:00:00 999.00  14.36   8.06  14.19  10.53  13.41  14.10  14.33  14.06  16.45  14.16  13.87 999.00  18.61  22.01  18.40  19.22  17.42  11.16  19.89   1.20  18.35  19.17  19.31  19.80  19.67  22.16  21.82  20.68  19.86  22.93
 wrfout_d04_2016-01-19_06:00:00 999.00  14.54   7.77  14.06  10.23  13.52  14.07  14.37  14.06  16.45  14.06  13.41 999.00  18.28  22.41  18.25  18.79  17.37  10.89  19.70   1.17  18.35  19.13  19.39  19.41  19.38  21.81  22.33  21.35  20.02  23.71
 wrfout_d04_2016-01-19_07:00:00 999.00  14.34   7.66  13.93   9.94  13.43  14.12  14.19  14.04  15.93  13.99  13.37 999.00  17.91  22.27  17.79  18.38  17.50  10.26  19.52   1.06  18.30  19.20  18.97  19.11  19.20  21.37  22.23  19.69  19.32  22.37
 wrfout_d04_2016-01-19_08:00:00 999.00  14.25   7.63  13.60   9.44  13.34  14.05  14.14  13.92  15.12  13.68  12.97 999.00  17.22  20.54  17.48  17.46  16.71   9.42  18.67   0.97  18.19  19.02  18.36  18.80  18.74  20.86  21.52  19.07  19.19  22.01
 wrfout_d04_2016-01-19_09:00:00 999.00  14.41   7.53  13.13   8.61  13.22  13.76  14.04  13.68  14.10  13.23  12.84 999.00  16.17  18.47  17.36  15.40  16.45   7.27  17.33   0.61  17.50  19.08  18.06  18.18  18.21  20.27  21.04  18.45  19.30  21.44
 wrfout_d04_2016-01-19_10:00:00 999.00  14.49   7.59  12.99   8.45  13.25  13.71  13.96  13.58  13.51  12.99  12.81 999.00  15.19  16.62  17.32  12.23  16.42   3.80  16.64   0.43  17.16  18.93  17.70  17.74  17.89  19.60  20.81  18.12  19.46  20.76
 wrfout_d04_2016-01-19_11:00:00 999.00  14.38   7.71  13.05   8.55  13.32  13.76  14.03  13.62  13.37  12.94  13.05 999.00  14.78  15.78  17.33  12.01  16.20   5.73  15.48   0.63  17.43  18.79  17.69  17.26  17.41  19.26  20.36  17.83  19.33  20.35
 wrfout_d04_2016-01-19_12:00:00 999.00  14.26   7.79  13.05   8.57  13.28  13.75  14.11  13.68  13.47  12.88  13.30 999.00  14.71  15.43  17.27  11.30  16.11   6.79  15.18   0.75  17.50  18.45  17.84  16.88  17.05  19.13  19.84  17.60  19.18  20.23
 wrfout_d04_2016-01-19_13:00:00 999.00  14.30   7.84  12.97   8.59  13.22  13.66  14.10  13.65  13.70  12.85  13.44 999.00  14.61  15.24  17.37  11.15  16.30   7.40  14.41   0.91  17.59  18.05  17.95  16.53  16.60  19.11  18.99  17.41  19.49  19.81
 wrfout_d04_2016-01-19_14:00:00 999.00  14.34   7.87  12.94   8.85  13.29  13.61  14.00  13.61  13.92  12.72  13.34 999.00  14.26  15.01  17.34  11.06  16.42   7.73  14.08   1.12  17.71  18.19  17.64  15.88  15.99  18.86  18.75  17.28  19.59  19.63
 wrfout_d04_2016-01-19_15:00:00 999.00  14.41   7.74  12.92   8.78  13.34  13.67  13.96  13.62  13.84  12.60  13.15 999.00  14.38  15.17  17.25  11.05  16.25   6.89  13.94   0.96  17.68  18.30  17.76  15.75  16.01  18.65  18.55  17.24  19.87  19.60
 wrfout_d04_2016-01-19_16:00:00 999.00  14.47   7.74  12.94   8.71  13.32  13.67  13.94  13.63  13.83  12.72  13.16 999.00  14.52  15.08  17.23  10.62  16.25   7.51  13.79   1.02  17.59  17.80  17.56  15.53  15.71  18.65  17.79  17.20  19.82  19.49
 wrfout_d04_2016-01-19_17:00:00 999.00  14.53   7.80  12.94   8.74  13.37  13.64  14.01  13.60  13.78  12.92  13.02 999.00  14.52  14.54  17.31  10.56  15.73   7.06  13.59   1.05  17.47  17.72  16.43  14.96  15.03  18.79  17.89  17.18  19.80  19.42
 wrfout_d04_2016-01-19_18:00:00 999.00  14.62   7.74  12.95   8.69  13.34  13.65  13.87  13.59  13.79  12.83  12.96 999.00  14.48  14.38  17.42  10.32  15.78   7.23  13.54   0.33  17.43  18.06  16.52  15.03  14.11  18.79  17.40  16.39  19.28  19.52
 wrfout_d04_2016-01-19_19:00:00 999.00  14.61   7.77  13.00   8.70  13.30  13.59  13.75  13.51  13.75  12.75  12.96 999.00  14.38  14.65  17.37  10.05  16.57   7.37  13.32   0.27  17.64  17.62  16.74  15.13  15.28  17.85  16.93  16.17  19.82  19.31
 wrfout_d04_2016-01-19_20:00:00 999.00  14.60   7.82  12.94   8.79  13.27  13.57  13.85  13.51  13.70  12.70  13.01 999.00  14.44  14.34  17.25  12.79  16.52   7.46  13.10   0.74  17.56  17.31  15.90  15.01  15.10  16.74  16.79  16.64  19.44  19.76
 wrfout_d04_2016-01-19_21:00:00 999.00  14.61   7.88  12.91   8.80  13.25  13.45  13.89  13.42  13.69  12.69  13.00 999.00  14.42  14.42  17.32  10.81  16.33   7.76  12.91   0.80  17.75  17.52  16.59  14.92  15.08  16.53  16.84  16.72  20.08  19.74
 wrfout_d04_2016-01-19_22:00:00 999.00  14.70   7.93  12.85   8.87  13.07  13.33  13.41  13.40  13.59  12.96  13.06 999.00  14.33  14.43  17.32   9.95  16.39   8.18  13.14   1.37  17.60  17.79  16.20  15.00  15.18  18.46  17.47  16.88  19.82  19.88
 wrfout_d04_2016-01-19_23:00:00 999.00  14.85   8.19  12.91   9.17  13.30  13.43  13.50  13.21  13.69  12.96  13.26 999.00  14.23  14.58  17.43  11.82  15.82   6.28  13.31   1.55  17.72  18.09  16.41  15.14  15.34  18.64  17.84  16.70  20.33  19.72
