 wrfout_d04_2016-05-15_00:00:00 999.00  26.49  23.96  28.71  24.92  29.51  29.37  26.27  29.57  27.52  26.97  27.94 999.00  27.87  27.81  29.54  23.21  26.93  17.37  24.38  10.88  26.39  25.78  28.01  27.76  28.60  29.22  30.18  27.51  27.95  28.68
 wrfout_d04_2016-05-15_01:00:00 999.00  26.62  24.55  29.93  25.78  30.42  30.52  27.27  30.75  28.48  29.57  29.55 999.00  29.08  29.90  27.64  27.16  27.77  17.81  28.55   9.77  26.72  27.34  28.19  29.60  29.87  29.73  30.48  27.79  28.05  29.28
 wrfout_d04_2016-05-15_02:00:00 999.00  26.64  25.51  30.12  26.75  31.47  31.82  26.92  32.12  28.91  30.90  30.23 999.00  29.65  31.58  28.79  28.13  28.21  16.23  30.03  10.00  26.91  27.62  28.38  30.83  31.05  30.23  30.80  28.19  28.49  29.92
 wrfout_d04_2016-05-15_03:00:00 999.00  26.68  26.29  30.07  27.71  32.20  32.92  26.82  33.08  29.38  31.46  30.53 999.00  29.82  32.70  28.43  28.54  28.58  16.93  30.60  10.26  27.05  27.53  28.50  32.06  31.56  30.55  30.97  28.56  28.83  30.48
 wrfout_d04_2016-05-15_04:00:00 999.00  26.71  26.65  29.84  28.07  31.05  33.37  26.73  33.62  29.66  31.67  28.35 999.00  29.73  33.04  30.33  28.74  29.01  15.88  31.42  10.61  27.09  27.36  28.64  32.13  32.10  30.69  31.02  28.76  29.05  30.81
 wrfout_d04_2016-05-15_05:00:00 999.00  26.71  26.62  29.12  28.22  30.31  32.84  26.92  33.46  29.60  30.01  29.46 999.00  29.76  33.00  30.40  28.75  29.21  15.97  31.21  10.95  26.97  27.46  28.73  31.75  31.76  30.69  31.06  28.86  29.04  30.93
 wrfout_d04_2016-05-15_06:00:00 999.00  26.72  26.15  28.90  27.77  30.21  32.48  27.29  33.30  30.00  28.37  27.31 999.00  29.57  32.87  28.33  26.31  29.38  18.23  31.04  10.65  26.93  27.57  28.66  32.00  31.53  30.62  31.11  28.75  28.95  30.94
 wrfout_d04_2016-05-15_07:00:00 999.00  26.68  25.71  28.31  27.00  30.00  31.66  26.41  32.77  29.80  27.25  26.48 999.00  29.14  32.18  28.27  27.43  29.32  17.88  30.72  10.22  26.96  27.57  28.22  31.56  31.28  30.38  31.12  28.47  28.66  30.64
 wrfout_d04_2016-05-15_08:00:00 999.00  26.71  24.72  27.90  25.87  27.69  30.67  26.62  31.76  29.74  28.11  27.25 999.00  28.71  31.28  28.89  26.70  29.12  17.70  30.12  10.84  26.91  27.64  27.78  30.91  30.47  29.85  30.81  28.01  27.51  30.12
 wrfout_d04_2016-05-15_09:00:00 999.00  26.73  23.87  27.29  25.17  28.67  30.19  26.21  31.05  29.26  28.09  26.80 999.00  28.52  30.70  28.67  25.54  28.63  15.32  29.08  10.13  27.01  27.72  27.00  30.07  29.95  29.20  30.62  27.44  27.60  29.44
 wrfout_d04_2016-05-15_10:00:00 999.00  26.37  22.50  26.07  23.65  27.79  28.76  25.53  30.12  28.30  27.61  26.33 999.00  28.13  29.96  27.41  24.22  28.06  14.49  28.26   9.18  27.13  27.83  26.56  29.09  29.35  28.39  30.28  26.45  26.48  28.76
 wrfout_d04_2016-05-15_11:00:00 999.00  26.12  21.68  25.43  22.29  26.39  27.90  25.63  29.11  27.37  26.69  26.47 999.00  28.07  29.42  26.84  22.32  27.68  14.20  27.07   8.94  27.17  27.81  26.26  28.20  28.64  27.42  29.94  24.78  25.18  28.06
 wrfout_d04_2016-05-15_12:00:00 999.00  26.25  21.73  25.65  22.38  26.13  27.93  25.84  28.61  27.03  26.27  26.26 999.00  28.15  29.18  26.47  21.57  27.50  13.10  26.54   8.39  27.28  27.70  26.04  27.89  28.10  27.18  29.77  24.27  24.79  27.83
 wrfout_d04_2016-05-15_13:00:00 999.00  26.34  21.15  25.21  21.58  26.09  27.93  25.84  27.99  26.74  26.21  26.48 999.00  28.05  28.85  26.43  21.07  27.29  12.90  25.86   6.89  27.48  27.98  25.65  27.59  27.79  26.91  29.57  24.01  24.69  27.49
 wrfout_d04_2016-05-15_14:00:00 999.00  26.37  20.73  24.97  21.51  26.14  27.85  25.45  28.80  26.57  26.58  25.98 999.00  27.95  28.44  26.42  21.20  27.15  12.46  25.61   6.41  27.51  27.83  25.53  27.32  27.61  26.89  29.35  23.67  24.13  27.34
 wrfout_d04_2016-05-15_15:00:00 999.00  26.34  20.50  25.01  21.21  25.99  27.31  24.98  27.98  26.40  25.97  26.32 999.00  27.71  28.11  26.29  21.07  26.98  12.26  25.47   6.01  27.47  27.72  25.37  27.03  27.44  26.57  29.11  23.46  23.93  27.14
 wrfout_d04_2016-05-15_16:00:00 999.00  26.27  20.95  24.81  21.25  25.92  26.98  24.81  27.06  26.16  25.88  25.25 999.00  27.47  27.89  25.84  20.60  26.85  11.91  25.22   5.54  27.47  26.74  25.39  26.82  27.27  26.39  28.95  23.22  23.77  26.99
 wrfout_d04_2016-05-15_17:00:00 999.00  26.21  20.38  24.02  20.44  25.67  26.61  24.37  26.66  26.01  25.59  25.00 999.00  27.28  27.51  25.95  19.94  26.74  11.59  25.16   5.14  27.59  26.75  24.91  26.47  27.01  26.70  28.63  23.00  23.77  26.79
 wrfout_d04_2016-05-15_18:00:00 999.00  26.24  20.39  23.90  21.02  25.39  26.25  24.25  26.19  25.45  25.23  24.56 999.00  27.19  27.09  25.67  19.52  26.74  11.68  24.88   5.27  27.67  26.66  24.66  25.97  26.56  26.63  27.91  22.81  23.58  26.84
 wrfout_d04_2016-05-15_19:00:00 999.00  26.23  19.90  23.75  20.94  24.95  25.86  24.48  25.75  25.12  24.85  24.36 999.00  27.15  26.71  25.11  19.40  26.68  11.63  24.52   5.84  27.69  25.67  24.54  25.55  26.16  25.92  27.53  22.74  23.52  26.73
 wrfout_d04_2016-05-15_20:00:00 999.00  25.10  20.19  24.64  20.81  24.54  25.53  25.01  26.02  25.19  24.19  24.23 999.00  27.15  26.37  24.98  19.25  26.61  11.45  24.06   5.43  27.71  25.29  24.39  25.23  25.99  25.74  27.42  22.75  23.41  26.56
 wrfout_d04_2016-05-15_21:00:00 999.00  23.81  19.98  24.44  20.78  25.23  25.83  24.11  25.94  24.84  23.95  23.89 999.00  26.25  26.15  25.03  19.14  26.62  11.61  23.82   5.97  27.70  25.48  24.29  25.01  25.85  25.63  27.44  22.51  23.43  26.53
 wrfout_d04_2016-05-15_22:00:00 999.00  22.38  20.69  24.31  22.05  24.72  25.53  23.85  25.79  23.59  25.61  26.31 999.00  25.76  26.27  26.79  21.15  26.32  13.12  24.23   7.84  27.68  25.51  25.91  25.26  25.79  26.19  27.78  24.83  25.79  26.99
 wrfout_d04_2016-05-15_23:00:00 999.00  22.39  19.58  23.82  20.95  23.80  25.82  23.88  25.70  23.93  26.82  26.91 999.00  24.98  25.30  28.25  23.12  26.36  15.49  25.85  10.26  27.51  26.05  27.46  26.51  26.93  27.82  28.64  27.07  27.46  28.46
