 wrfout_d04_2016-01-09_00:00:00 999.0  46.6  72.5 188.6  59.8  55.1  69.6  50.1  74.4  45.2 244.5 296.9 999.0  14.2 343.1  15.8 190.0  23.1 224.1   8.1 228.7  18.0  14.5  27.1 355.7 359.4  12.6 347.7  18.4  31.5  22.7
 wrfout_d04_2016-01-09_01:00:00 999.0  54.1  73.0 108.1  60.9  53.3  69.1  50.0  68.0  46.5 231.2 295.4 999.0  10.4 342.2  26.3 199.3  21.3 227.7   0.0 235.8  18.2  22.8  36.1 359.0   2.7  15.7   1.1  27.2  33.8  35.3
 wrfout_d04_2016-01-09_02:00:00 999.0  58.8  71.7  87.0  61.9  65.3  66.6  52.1  67.4  49.8 247.1 296.4 999.0   1.2 331.1  34.2 215.2  21.5 233.8 335.6 254.8  26.3  11.5  29.6 356.7 358.1  26.0 327.8  22.4  30.6  39.3
 wrfout_d04_2016-01-09_03:00:00 999.0  57.3  78.2  96.6  68.1  70.7  71.0  52.2  68.3  49.4 270.4 322.0 999.0 357.0 329.8  24.8 230.7  20.0 236.7 331.4 265.3  14.3 358.6  36.6 346.3 345.4  52.8 321.5  30.5  35.6  49.2
 wrfout_d04_2016-01-09_04:00:00 999.0  49.1  79.1  97.0  68.0  60.9  73.7  46.8  68.3  47.4  75.2 289.7 999.0 358.8 263.8  34.7 244.1  16.9 245.2 311.8 275.5  11.1 348.4  36.4 341.1 338.0  49.8 297.1  41.5  39.7  46.4
 wrfout_d04_2016-01-09_05:00:00 999.0  46.1  75.1  93.2  65.1  57.9  71.2  36.6  67.6  39.1   3.4  30.5 999.0   0.0 279.3  35.0 239.6  17.7 257.2 310.3 279.8  11.4 347.2  37.7 325.8 332.9  37.4 298.3  39.8  34.9  47.6
 wrfout_d04_2016-01-09_06:00:00 999.0  44.1  76.3 101.7  67.8  60.2  72.4  35.9  70.3  42.4  19.3 332.2 999.0 358.1 296.2  16.1 239.5  16.2 284.3 319.2 279.1  14.8 348.9  36.2 331.7 334.5  44.3 303.0  36.2  36.6  46.6
 wrfout_d04_2016-01-09_07:00:00 999.0  35.3  77.5  99.7  67.7  67.0  64.9  36.3  66.2  42.1  43.0 291.0 999.0   0.2 320.3  16.6 243.2  14.7 297.7 326.6 275.4  12.1 352.2  44.6 331.3 334.7  55.1 308.9  32.6  38.3  54.1
 wrfout_d04_2016-01-09_08:00:00 999.0  32.4  78.6 101.8  65.5  56.8  69.1  40.7  65.4  47.0 335.7 316.9 999.0   5.6 337.7  19.8 234.9  17.3 276.1 324.3 268.9  13.5 355.8  36.4 335.5 337.4  44.5 312.4  42.6  42.2  40.8
 wrfout_d04_2016-01-09_09:00:00 999.0  26.1  82.9  87.9  65.3  53.1  80.0  38.1  64.6  36.6 332.4 276.1 999.0   4.1 341.2  20.7 227.0  18.7 272.7 328.4 235.5  18.1 357.0  21.5 334.8 341.1  27.2 313.3  32.1  44.5  39.5
 wrfout_d04_2016-01-09_10:00:00 999.0  25.9  85.0 109.7  65.4  61.5  83.4  43.6  67.7  25.4 315.4 267.9 999.0  10.1 357.8   0.6 210.6  23.4 203.1 336.9 216.5  17.4 357.2  35.5 338.8 347.1   0.1 321.2   3.1  42.5  46.7
 wrfout_d04_2016-01-09_11:00:00 999.0  32.0  83.4 114.7  61.7  54.5  85.1  45.4  74.5  40.0 236.9 247.0 999.0  10.0 332.4 354.4 139.3  25.2 206.1 350.8 205.8  18.2   7.0  17.6 353.6 355.7 347.3 354.8   7.2  44.9  47.4
 wrfout_d04_2016-01-09_12:00:00 999.0  31.6  84.4 175.9  62.0  62.5  97.1  46.1  81.1  39.2 292.1 290.3 999.0   9.1   6.8 356.3  89.0  24.9 215.7 356.1 204.5  21.8  13.6   9.4 351.1 356.9 356.5   2.3   6.1  51.4  54.5
 wrfout_d04_2016-01-09_13:00:00 999.0  32.6  86.4 175.8  66.7  59.4  88.2  41.8  73.9  40.3 329.4 274.3 999.0   2.7 346.8 353.4 157.2  26.6 211.4 350.2 202.9  23.4  16.2  28.5 352.4 357.1   6.4 354.8   2.6  49.4  44.9
 wrfout_d04_2016-01-09_14:00:00 999.0  42.8  86.2 164.1  65.7  71.8  87.3  48.5  70.4  49.9 324.0 294.4 999.0  11.0 342.0 334.5 180.9  21.3 209.1 332.7 208.1  17.5  18.8   2.1 347.2 356.4   0.7   7.0   8.3  49.8  65.2
 wrfout_d04_2016-01-09_15:00:00 999.0  68.4  91.0 159.5  67.6 106.6  84.4  57.0  64.6  48.5 314.3 274.9 999.0   8.0 348.9 332.2 171.2  21.4 211.2 333.4 210.6  15.9  22.0  22.2   1.5   7.8   0.4   4.1   9.8  53.8  56.7
 wrfout_d04_2016-01-09_16:00:00 999.0  83.4  92.7 139.9  71.1 101.9  79.3  56.1  66.1  52.2 313.3 297.4 999.0   9.9   3.5 319.2 167.9  22.0 210.1 356.7 210.2  18.5  30.0 359.7   9.0  13.6 351.9   1.0   7.1  48.3  48.5
 wrfout_d04_2016-01-09_17:00:00 999.0  71.6  95.0 127.0  72.9 180.3  77.2  55.7  68.6  48.8 316.8 267.4 999.0  12.5 328.8 322.4 172.2  24.2 207.8   5.3 212.3  19.6  38.2 337.1  13.4   9.3 359.1 356.9   0.3  55.0  54.0
 wrfout_d04_2016-01-09_18:00:00 999.0  78.5  95.9 121.9  73.2 205.1  77.6  53.4  71.0 104.5 315.8  57.2 999.0   4.4 342.8 335.6 163.9  25.7 204.6  13.0 211.2  21.3  27.4  24.7   5.5   8.9 350.2 344.6   1.8  52.2  46.4
 wrfout_d04_2016-01-09_19:00:00 999.0  85.3  97.0 119.6  73.6 225.5  76.0  55.4  70.3 152.1 307.8 249.5 999.0   4.3   5.9 343.2 148.4  25.6 198.3   1.6 207.7  20.2  24.5   8.6 357.7   2.4 339.2 345.3 359.5  52.7  22.8
 wrfout_d04_2016-01-09_20:00:00 999.0  73.7  98.1 117.0  71.8 206.5  75.7  71.9  71.8 154.8 313.0 259.6 999.0   8.9 355.0 329.7 136.2  21.0 199.6   3.2 206.7  19.1  22.6   2.2 355.4   6.4  18.9  14.2   4.1  57.4  47.6
 wrfout_d04_2016-01-09_21:00:00 999.0  79.4  99.2 117.2  72.5 235.0  74.6  87.3  71.2  79.7 305.4 269.3 999.0   8.8 349.9 333.6 132.9  22.7 201.8 328.4 206.3  20.6  18.1  24.5  10.4  12.5 343.9  24.5  11.9  60.2  57.9
 wrfout_d04_2016-01-09_22:00:00 999.0  82.8  97.3 117.1  71.0 182.9  74.3  84.9  74.4  85.3 321.3 243.5 999.0 356.2 334.4 342.5 129.3  18.4 204.3 350.5 211.9  16.1  19.2   2.8  12.6  11.3 316.7  14.5 355.7  50.9  65.5
 wrfout_d04_2016-01-09_23:00:00 999.0  88.3  95.9 120.8  74.3 234.5  75.6  78.8  71.8  55.4 316.0 233.7 999.0 358.6 326.8 345.4 123.9  13.8 202.6   4.4 201.0   9.7  21.1 353.8  13.0  12.4 338.9 349.3  10.3  68.8  71.6
