 wrfout_d04_2016-06-10_00:00:00 999.0  81.3 111.8 143.2 108.1  87.9  80.2  94.4  63.4  95.2  70.0  49.0 999.0 192.9 234.6 242.1 314.0 281.4 222.9 175.4 219.4 179.8 128.2 233.2 128.6  92.9 359.6 183.9 199.2 228.8 212.4
 wrfout_d04_2016-06-10_01:00:00 999.0  88.4 128.2 161.1 136.8  86.5 105.1 160.6 136.9 160.2  72.0 216.2 999.0 175.7 161.7 178.7 340.2  77.6 206.9 149.8 220.7 156.0 126.9 225.6 135.3 123.2   2.9 182.6 221.5 228.9 221.8
 wrfout_d04_2016-06-10_02:00:00 999.0  90.2 125.0 174.8 136.5  87.0  82.0 242.2 138.2 219.8  86.2  47.6 999.0 174.7 162.0 212.5  34.0  89.9 196.1 144.7 220.9 166.4 136.7 233.7 109.8 106.9 341.5 175.1 197.9 213.7 199.8
 wrfout_d04_2016-06-10_03:00:00 999.0  64.9 195.4 177.4 181.2  58.0  56.3   3.0  47.2 243.7  51.6  17.5 999.0 173.5 182.2 176.5  19.7 279.5 207.6 177.0 233.4 172.2 130.9 222.3  83.4 102.2 196.8 171.4 200.5 218.8 203.2
 wrfout_d04_2016-06-10_04:00:00 999.0  65.2  57.0 268.8  90.2  56.5 109.8 340.1 102.6  47.5  89.5  73.9 999.0 191.2 204.7 176.3 293.7  96.7 189.0 167.5 187.1 165.5 110.2 180.4 112.7 119.5 136.3 159.8 210.5 220.8 201.0
 wrfout_d04_2016-06-10_05:00:00 999.0  68.9  64.5 211.7  63.8  48.3  65.4  10.2  38.7 307.9  60.5 114.6 999.0 195.5 220.3 182.6 341.0  78.9 188.5 170.6 192.6 167.3 105.7  97.9 134.5 134.0 188.5 162.0 213.2 216.2 198.1
 wrfout_d04_2016-06-10_06:00:00 999.0  85.1  89.7 211.7  94.0  62.6  85.2   2.3   4.4 337.8  41.2  99.0 999.0 192.6 201.7 220.5 310.6 278.1 194.7 165.8 200.3 158.6  99.3 338.8 133.5 195.2 195.0 160.1 207.2 221.5 198.6
 wrfout_d04_2016-06-10_07:00:00 999.0  92.3  85.6 238.3  85.6  65.8  69.7  33.2  63.9   1.5  51.7 127.0 999.0 201.3 254.0 220.0 354.7 175.4 193.0 158.9 200.4 164.9 109.8  68.4  71.7  63.7 195.5 164.9 186.9 217.7 196.5
 wrfout_d04_2016-06-10_08:00:00 999.0  93.3 103.9 295.8  95.7  63.2  66.4 356.7  49.2 331.9  60.4  84.6 999.0 169.5  57.5 220.5  34.7 127.5 181.4 174.6 195.8 120.3  63.2 230.6 113.1 116.1 202.0 176.8 182.8 209.5 200.0
 wrfout_d04_2016-06-10_09:00:00 999.0  85.6 104.1 312.3  82.4  72.3  77.8   0.2  82.2 283.1 285.9 126.0 999.0 188.2 267.0 180.8  31.9 156.4 191.3 168.5 183.3 291.5 104.2 226.8 119.0 130.2 234.1 167.8 235.1 219.1 204.1
 wrfout_d04_2016-06-10_10:00:00 999.0  64.4 115.2 301.8  78.4  75.4  69.5 341.3  51.5 303.9 310.6  95.0 999.0 191.1  87.1 206.6  92.8 152.3 187.1 137.4 179.8 348.4 356.9 241.8 158.1 166.8 213.0 177.6 237.6 211.8 205.6
 wrfout_d04_2016-06-10_11:00:00 999.0  79.7 104.0 318.4  71.0  51.1  82.9 329.1  60.9 348.9 130.1 114.1 999.0  17.5 195.2 254.8 299.4 113.2 188.6 141.1 179.9 342.5  25.9 235.3 187.2 163.1 208.0 180.3 219.6 216.6 206.4
 wrfout_d04_2016-06-10_12:00:00 999.0  84.3 101.0 272.4  72.7  50.3  67.9 328.8  48.4   7.8 315.7  63.9 999.0  36.7 113.3 242.1  55.0  89.1 200.4 154.1 197.6  13.4  89.4 253.3  65.7  60.3 221.6 181.4 220.4 218.6 200.9
 wrfout_d04_2016-06-10_13:00:00 999.0  70.1 111.4 192.4  71.2  47.3  96.4 335.1 174.0 353.2 150.3 167.0 999.0  35.8  12.8 275.7  38.5 189.3 199.9 162.5 208.9 107.1 102.1 245.2 338.9 239.4 227.5 188.6 218.2 211.3 206.7
 wrfout_d04_2016-06-10_14:00:00 999.0 103.7 109.6 171.5  82.6  70.8  86.6 210.3  79.6  46.5 338.9 151.9 999.0  38.4 343.6 243.6  24.0 212.5 202.2 168.6 218.4 350.6 103.8 248.1  40.8 344.1 212.3 194.2 191.2 208.9 207.6
 wrfout_d04_2016-06-10_15:00:00 999.0  91.7 127.8 238.2 102.2  66.2  98.0  34.0  88.1  47.9 334.8 114.0 999.0   4.4   8.9 198.1   5.3 244.7 195.5 165.6 201.1 235.9 284.2 245.4 160.8 185.9 209.0 196.6 187.9 210.7 213.2
 wrfout_d04_2016-06-10_16:00:00 999.0  99.2 114.4 267.4  85.6  47.8  87.9  41.9  43.4  66.1  12.4 153.2 999.0 350.3 329.4 217.6   5.4 277.2 218.0 182.5 214.1 228.0 208.1 242.3 209.9 200.3 197.7 197.1 201.5 210.7 216.3
 wrfout_d04_2016-06-10_17:00:00 999.0 121.7  89.2 171.6  60.0  66.1  84.9 107.9  72.3  13.7  18.3  39.7 999.0 212.0 191.9 196.3 212.0 295.8 222.0 157.5 238.5 215.0 199.3 216.3 206.0 200.4 196.9 200.7 208.5 212.9 218.2
 wrfout_d04_2016-06-10_18:00:00 999.0 110.6  91.7 217.5  54.2  38.3  88.4 269.8  66.8 206.2  24.5 316.0 999.0 185.7 130.3 245.6  36.5 274.2 219.9 165.0 245.5 224.9 200.2 208.6 200.6 196.3 196.2 206.9 191.0 213.6 219.8
 wrfout_d04_2016-06-10_19:00:00 999.0 162.4 183.2 246.7  76.8 270.6 112.0 180.9 239.0 218.5 335.5 343.8 999.0 169.9 199.0 211.9 316.0 234.9 231.2 151.0 229.4 239.5 197.6 216.0 201.8 202.3 195.1 201.0 207.5 216.5 226.8
 wrfout_d04_2016-06-10_20:00:00 999.0 169.0 213.1 350.6 342.5 249.6 249.2 240.6 234.3 168.5 129.7  43.4 999.0 172.4 150.0 214.9  42.1 226.9 234.0 176.1 201.6 253.8 194.1 223.0 198.3 199.3 193.0 195.7 224.6 214.5 220.2
 wrfout_d04_2016-06-10_21:00:00 999.0 139.4 253.0 261.5 267.5 293.9 260.0 233.9 267.9  71.9  54.4 210.6 999.0 159.0 154.6 208.3  50.9 225.1 238.0 167.2 247.8 238.7 187.3 220.2 178.7 186.6 195.7 198.1 224.6 213.5 219.4
 wrfout_d04_2016-06-10_22:00:00 999.0 161.1 258.2 238.7 260.2 248.6 283.5 234.4 234.8  68.7 287.5 304.3 999.0 176.1 162.4 230.7  41.7 225.7 222.3 167.2 236.0 236.3 174.2 217.3 188.1 193.3 196.4 205.8 230.6 216.0 221.1
 wrfout_d04_2016-06-10_23:00:00 999.0 161.7 262.2 348.3 288.8 224.6 212.9 324.6 197.2   2.9 234.2 341.9 999.0 185.1 173.5 206.7 348.7 216.0 226.0 179.6 227.6 231.8 193.4 217.4 185.6 190.3 195.0 210.2 231.3 214.1 226.6
