 wrfout_d04_2016-11-14_00:00:00 999.0 186.0 264.3 215.3 237.9 235.4 245.2 252.1 236.8  24.9  45.0  55.9 999.0   4.7 349.4 234.4 343.8   8.5  89.0 350.8 311.8   6.2  25.6  57.8  16.0   8.9  40.5 352.6  43.3  61.7  58.3
 wrfout_d04_2016-11-14_01:00:00 999.0 198.3 246.7 273.3 233.3 234.6 243.8 300.5 182.9 302.1 100.2 122.0 999.0 357.2 338.7 197.3 358.7   8.9  65.1 356.6 335.1  11.1  23.7  63.5   1.0   3.4  64.1 348.4  60.2  67.7  56.1
 wrfout_d04_2016-11-14_02:00:00 999.0 207.4 247.5 295.8 231.9 271.1 256.0 318.3 208.2 309.4 103.6 131.8 999.0 349.5 332.9 142.3 350.7   8.9  49.4 356.5 343.9  11.9   0.2  73.2 352.5 355.6  74.6 316.3  67.1  59.4  59.4
 wrfout_d04_2016-11-14_03:00:00 999.0 226.6 253.7 308.2 233.6  15.8 289.1 325.3 166.8 311.1  95.7 138.9 999.0 346.2 335.1 141.1 344.7   7.1  44.4 346.2 345.5   9.9 345.8  80.0 346.0 346.0  76.4 290.8  70.8  53.3  63.3
 wrfout_d04_2016-11-14_04:00:00 999.0 239.9 275.3 313.5 243.9  32.3 301.1 332.5 147.9 316.7  94.8 139.7 999.0 346.9 337.9 140.8 330.5   2.1  46.2 349.8 347.2   3.9 338.9  88.6 338.5 332.2  80.1 276.8  73.5  60.1  65.3
 wrfout_d04_2016-11-14_05:00:00 999.0 250.9 305.1 317.9 242.5  41.7 333.7 342.3  99.6 322.4  91.9 138.7 999.0 349.6 337.2 141.6 320.0 357.1  50.1 343.8 350.8   5.1 334.5  92.9 331.9 328.8  82.5 267.8  74.8  59.5  64.5
 wrfout_d04_2016-11-14_06:00:00 999.0 259.2   0.7 326.7 228.7  42.1 336.8 352.5  36.6 328.0  91.3 142.0 999.0 350.8 340.6 144.1 307.2 353.1  54.2 330.3 354.3   3.4 334.7  91.5 325.9 321.2  80.8 261.9  74.1  55.7  64.3
 wrfout_d04_2016-11-14_07:00:00 999.0 263.8  48.1 331.3 211.4  37.2 335.0   5.0  12.3 332.9  88.6 146.5 999.0 353.9 342.0 148.3 299.5 352.3  58.5 334.9 357.3   0.4 335.6  86.0 327.4 322.6  79.0 261.5  66.5  53.1  65.4
 wrfout_d04_2016-11-14_08:00:00 999.0 269.9  95.4 332.9 191.8  24.3 345.5  13.7  10.2 340.5  79.2 151.2 999.0 355.7 348.9 151.6 280.9 355.4  69.7 335.5   8.1   4.9 336.1  87.6 329.8 326.3  71.3 265.0  60.8  48.3  62.6
 wrfout_d04_2016-11-14_09:00:00 999.0 281.3 134.3 328.1 153.9  36.3  40.9  33.4   6.2 354.4  66.7 149.5 999.0   1.5 350.9 160.7 217.9   2.7  90.3 340.9  93.4   4.3 339.5  64.0 332.5 328.6  64.4 268.9  59.3  45.1  61.8
 wrfout_d04_2016-11-14_10:00:00 999.0 290.8 158.4 300.8  45.1  34.6  81.7  47.2  25.8  14.2   8.8 159.9 999.0   0.9 358.0 187.9 146.2  13.4 107.5 346.3  99.1   8.8 344.5  29.5 340.2 340.6  54.4 275.2  40.0  46.3  61.7
 wrfout_d04_2016-11-14_11:00:00 999.0 304.3 177.1 274.4   7.2  25.3  94.2  49.1  63.7  28.8   5.8 149.5 999.0   5.6 350.4 213.2 154.7  17.7 124.4 352.2 137.4   5.6 354.1  16.9 342.5 350.8  43.9 282.2  21.7  47.2  64.9
 wrfout_d04_2016-11-14_12:00:00 999.0 327.7  73.8 191.9  25.7  15.1  89.0  67.8  84.9  46.4   2.2 341.2 999.0   8.2 351.9 233.3 173.2  22.3 124.0 353.5 147.6  10.2   5.4  11.7 350.3 356.7  31.4 285.3  12.5  44.6  65.3
 wrfout_d04_2016-11-14_13:00:00 999.0 350.5  83.9 155.5  41.2  21.6  99.9  77.9  79.7  57.6 352.6 350.2 999.0   9.0 359.1 249.1 139.3  24.7 116.0 351.1 146.7  14.6  18.8  10.7 353.9   4.1  15.7 292.6   6.6  44.3  64.8
 wrfout_d04_2016-11-14_14:00:00 999.0   4.1  77.9 141.0  46.8  23.6  91.6  67.2  51.8  57.5 297.5 352.0 999.0   9.2   3.8 262.0 133.7  27.0 109.0 355.8 153.8  22.5  24.9  11.8   2.9   3.1 353.9 344.1   6.1  47.9  62.9
 wrfout_d04_2016-11-14_15:00:00 999.0  13.9  75.6 177.8  44.8  19.4  84.1  57.1  33.3  41.9 257.8   6.8 999.0   6.6  16.3 274.9 120.4  29.4 108.3   4.8 159.0  27.2  28.2  16.7   8.7  10.5 350.8   4.2   5.7  39.9  58.6
 wrfout_d04_2016-11-14_16:00:00 999.0  18.8  74.1 227.0  45.2  24.2  89.3  49.2  33.9  31.3 259.8  19.2 999.0   5.0  46.1 278.6 110.6  28.6 106.8  10.8 158.4  29.2  19.4  25.5   8.3  13.0 357.0 356.7   8.8  37.0  55.5
 wrfout_d04_2016-11-14_17:00:00 999.0  20.3  73.4 193.6  44.2  18.1  83.2  44.2  38.9  24.9 269.8  22.9 999.0   6.2 105.8 277.2 113.6  25.7 109.3 359.5 164.2  27.6  29.9  29.8  10.2  16.3 357.0 348.0  11.9  40.0  57.0
 wrfout_d04_2016-11-14_18:00:00 999.0  21.4  70.5  84.9  42.6   8.5  80.6  41.3  56.4  26.8 277.9   2.0 999.0  10.2 344.1 279.6 134.2  19.8 105.0 345.1 166.8  20.8  32.8  33.6   4.6   6.7   2.0 346.3  11.6  34.3  58.0
 wrfout_d04_2016-11-14_19:00:00 999.0  26.0  67.9  73.3  41.7  32.1  87.6  37.0  75.6  30.2 290.0 318.1 999.0  16.3 353.8 280.7 160.6  13.9 108.4 346.9 167.0  15.5  32.3  34.0   6.4   5.4   5.2 345.7  12.8  49.9  61.3
 wrfout_d04_2016-11-14_20:00:00 999.0  34.0  66.9  54.6  43.8  42.0  91.2  42.4  87.1  34.3 298.3 287.2 999.0  12.9 359.9 293.9 170.0  15.2 110.1   0.4 164.2  11.8  36.9  32.7  10.5   9.6   5.5 340.1  14.9  48.7  63.7
 wrfout_d04_2016-11-14_21:00:00 999.0  36.7  65.7 336.3  46.0  36.5  93.1  43.6  92.6  33.4 321.0 275.0 999.0  14.9   2.2 324.6 169.6  16.8 118.8   1.7 166.1  14.7  44.6  37.5  11.7  14.0   2.0 340.6  10.3  37.1  66.0
 wrfout_d04_2016-11-14_22:00:00 999.0  37.6  65.1 263.6  46.5  51.2  96.6  49.4  95.9  32.2 328.6 277.6 999.0  14.9   0.9 348.9 159.2  20.5 127.8   6.5 174.7  20.0  36.8  32.8  20.3  21.2 359.4 342.3   7.5  34.1  63.8
 wrfout_d04_2016-11-14_23:00:00 999.0  37.8  66.0 237.7  48.3  61.9  84.5  53.5  83.1  36.1 345.9 271.9 999.0  15.1   6.4 355.1 163.2  23.4 118.0   9.5 196.0  22.7  27.2  39.9  14.4  14.3  14.9 337.9  12.0  36.3  63.8
