 wrfout_d04_2016-02-07_00:00:00 999.0   3.4  26.2 124.6  26.8 353.9 209.6  90.1 125.9  70.3 219.5 294.0 999.0  17.4  16.4  29.3 209.1  21.7  75.1   6.7 304.6  20.1  33.1  21.6  11.1  12.2 354.3  12.3  20.4  32.8  48.7
 wrfout_d04_2016-02-07_01:00:00 999.0   1.7  26.6  16.3  31.0   5.3  42.5  69.5  72.4  56.2 231.9 311.5 999.0  17.6   5.3  29.7 220.6  21.4  56.9   9.8 304.6  20.5  28.4  29.1   8.0  10.9  13.0  21.0  27.4  24.2  51.1
 wrfout_d04_2016-02-07_02:00:00 999.0 359.8  24.3   6.2  31.8   5.5 248.6  41.8  59.0  48.4 104.2 322.2 999.0  12.9 359.2  29.7 234.5  20.9  56.9   9.3 303.1  19.0  23.6  33.4   8.7  10.4  37.1  29.9  35.9  36.8  50.8
 wrfout_d04_2016-02-07_03:00:00 999.0 355.9  18.2 359.1  26.6   3.8 262.7  22.2  38.2  36.6  26.4 350.1 999.0  11.8 357.5  33.2 255.7  18.3  42.7   9.3 302.7  15.3  16.3  35.3   7.3   8.7  45.8   2.4  41.2  22.0  49.2
 wrfout_d04_2016-02-07_04:00:00 999.0 349.8   6.6 351.6   9.8 358.1 321.8  23.6 347.3  20.6 359.8   2.7 999.0   9.2 351.4  35.2 279.5  17.2  42.2   3.6 303.0  13.9   9.7  36.7   7.0   6.1  46.3 309.2  43.9  31.3  46.7
 wrfout_d04_2016-02-07_05:00:00 999.0 344.4 355.6 347.9 356.7 347.4 319.1  13.7 343.5  14.2 350.8  10.2 999.0   5.9 349.6  34.1 283.0  15.9  45.6 356.5 304.1  12.4   5.0  35.7   2.7   2.9  44.4 315.3  38.3  30.0  40.4
 wrfout_d04_2016-02-07_06:00:00 999.0 339.9 339.0 342.9 338.2 342.5 320.1   9.2 347.9   4.4 338.1  15.6 999.0   4.7 349.5  33.2 299.6  15.0  49.1 353.5 304.8  11.6   4.3  37.2 358.6   1.0  45.0 346.5  35.7  34.9  38.1
 wrfout_d04_2016-02-07_07:00:00 999.0 333.6 332.4 343.5 324.6 335.6 321.1   8.5 329.4 359.9 338.2  17.0 999.0   4.6 350.0  32.8 317.1  14.6  52.7 352.7 301.7  10.5   4.5  37.3 357.1 360.0  41.0   4.5  33.7  29.9  39.4
 wrfout_d04_2016-02-07_08:00:00 999.0 333.1 330.4 340.2 325.8 336.9 319.5   5.7 331.5 359.0 344.0  14.4 999.0   8.5 352.0  31.0 328.9  16.0  59.2 354.6 301.3   9.9   5.7  32.3 356.1 357.5  31.9  15.2  28.1  28.8  40.1
 wrfout_d04_2016-02-07_09:00:00 999.0 336.8 335.0 343.3 332.9 312.3 325.5   2.6 339.6 356.2 348.7   3.3 999.0  13.6 355.6  31.5 341.3  16.2  73.8 355.4 298.6  11.4   7.4  24.8 355.6 359.5  29.2  20.3  17.6  32.2  41.6
 wrfout_d04_2016-02-07_10:00:00 999.0 339.2 337.0 353.3 346.4 277.5 336.3   9.4 337.0   9.2 354.7 350.1 999.0  17.1   1.2  32.6 123.7  20.9  88.1 352.7 301.1  12.7  13.0   6.9 354.4   0.0  22.0  15.2   9.0 358.5  24.8
 wrfout_d04_2016-02-07_11:00:00 999.0 339.2 323.7 341.2 340.8 246.2 353.1  51.1 170.3  45.2 350.0 343.3 999.0  25.4   3.5  39.8 109.6  22.8  92.8 358.4 303.8  15.1  13.1 357.7 356.3   2.4 347.4   8.4 352.0  26.5  27.8
 wrfout_d04_2016-02-07_12:00:00 999.0 333.3 294.3 116.3 315.0 241.1 150.5 109.9 186.7  81.9   3.9 333.4 999.0  19.0  14.2  76.2 120.6  25.9  92.0 355.8 306.1  18.5  14.1 354.2 359.3   7.4 341.5   1.7 348.3  28.1  37.7
 wrfout_d04_2016-02-07_13:00:00 999.0 323.6 275.2 124.4 296.5 232.5 150.2 123.6 190.2 101.2 276.7 331.1 999.0  16.1   9.7 182.1 128.1  27.8  91.5   1.7 305.5  20.7  17.4 356.5   1.3  10.2 344.1 352.9 344.9  26.3  45.4
 wrfout_d04_2016-02-07_14:00:00 999.0 308.8 278.8 128.2 289.4 229.6  34.5 131.8 200.7  91.1 198.7 334.2 999.0   9.8   8.3 258.3 129.7  29.8  92.4   4.8 302.7  21.6  20.3 357.6   9.8  13.3 340.1 352.9 346.8  41.4  45.8
 wrfout_d04_2016-02-07_15:00:00 999.0 284.8 280.1 130.9 298.8 225.1  34.8 139.1 206.3  91.3 166.2 322.6 999.0   4.8   4.9 261.3 152.7  29.5  91.3   4.9 300.3  22.5  20.9 357.3  11.5  16.2 344.1   4.6 351.9  38.7  44.1
 wrfout_d04_2016-02-07_16:00:00 999.0 279.2 272.5 128.6 280.1 224.7 359.0 145.6 238.4  99.7 177.3 304.3 999.0   5.1 339.1 258.0 175.9  30.4  87.1   1.3 298.3  24.6  18.2 353.8  12.9  17.1 341.4 354.4 351.1  33.4  46.3
 wrfout_d04_2016-02-07_17:00:00 999.0 294.9 270.7 124.5 278.9 227.9   0.0 153.2 270.4  86.4 180.4 295.7 999.0   8.3 318.7 262.0 169.4  30.3  81.8   0.5 297.7  24.0  17.1 351.4  10.5  16.5 343.3   5.6 345.4  30.2  43.5
 wrfout_d04_2016-02-07_18:00:00 999.0 306.6 275.0 110.9 302.1 232.1 357.1 139.6   5.0  76.6 178.6 295.1 999.0   8.4 343.4 262.1 159.9  29.6  74.6 359.5 298.6  23.3  17.1 349.3   2.7  12.3 342.3  17.9 345.6  22.3  40.6
 wrfout_d04_2016-02-07_19:00:00 999.0 313.4 291.9 102.3 315.7 237.7 173.8 111.8 356.9  91.3 193.4 296.7 999.0  12.6 352.8 251.7 161.5  28.5  68.1 358.5 302.5  22.2  18.1 337.6   9.7  15.0 341.0  14.9 341.2  61.6  46.6
 wrfout_d04_2016-02-07_20:00:00 999.0 316.8 304.6 123.8 323.1 237.0   8.9 111.1 289.2  82.1 239.2 294.7 999.0  11.7 356.3 259.2 174.4  23.3  65.8 354.7 304.6  22.6  18.0 323.4  32.8  23.0 344.3  22.8 338.7  41.0  49.7
 wrfout_d04_2016-02-07_21:00:00 999.0 324.2 320.7 136.8 335.3 236.8 359.7 111.8 295.8  75.2 291.5 294.4 999.0  11.0 352.9 257.8 194.5  19.1  72.8 352.9 299.7  19.2  17.6 310.5  18.1  16.3 343.5  27.8 340.4  33.5  47.5
 wrfout_d04_2016-02-07_22:00:00 999.0 328.3 331.9 139.7 345.9 239.0   4.8 111.8 307.7  73.2 328.6 284.6 999.0  12.3 352.4 255.2 197.4  18.5  79.0 355.2 298.1  18.8  17.9 313.4  50.5  31.2 338.8  34.4 343.2  40.8  46.3
 wrfout_d04_2016-02-07_23:00:00 999.0 326.4 345.0 139.8 356.2 231.6   4.5 108.5 342.4  69.0 302.6 304.0 999.0  12.8   3.5 260.5 187.3  17.5  77.8   2.3 295.5  17.5  19.4 319.4  30.9  31.2 337.2  32.8 341.3  45.2  48.7
