 wrfout_d04_2016-10-16_00:00:00 999.0  85.3 103.4 115.0  94.5 107.2  97.0  68.0  84.1 169.7 121.4 157.8 999.0 199.2 179.3 357.4 280.7  23.2  92.3 302.2 142.6   7.1  44.4  36.1 359.7 345.3  37.0 287.9  31.7  49.9  58.4
 wrfout_d04_2016-10-16_01:00:00 999.0  88.5 105.9 116.9  98.4 112.3 106.3  75.9  93.8 190.0 115.6 145.6 999.0 231.7 196.7  79.6 324.3  19.0  28.7 309.5 139.6   8.5 340.2  39.8 349.4 340.0  45.2 277.7  38.2  54.7  59.6
 wrfout_d04_2016-10-16_02:00:00 999.0  86.1 107.1 117.7 102.6 114.4 109.4  78.3  96.4 226.8 110.6 139.1 999.0 277.9 209.9  85.1 346.1  17.3  19.9 307.2 137.8   8.3 332.1  42.5 350.3 344.6  47.0 265.5  40.3  51.3  59.9
 wrfout_d04_2016-10-16_03:00:00 999.0  79.8 106.7 120.1 103.5 111.3 106.8  73.8  97.2 265.6 107.4 138.3 999.0 296.1 269.7  88.5 335.0  16.9  21.5 299.5 135.0   7.7 321.7  42.2 335.6 304.9  47.2 255.3  43.2  53.3  59.6
 wrfout_d04_2016-10-16_04:00:00 999.0  81.9 105.4 119.3 102.2 107.7 106.1  70.2  95.1 283.8 107.2 137.5 999.0 307.6 276.9  90.6 301.4  15.6  28.4 300.8 131.1   7.3 312.5  43.5 314.5 277.2  48.7 255.7  46.0  51.4  61.0
 wrfout_d04_2016-10-16_05:00:00 999.0  81.6 103.3 117.4  99.8 106.0 105.5  67.9  94.1 274.8 107.1 139.4 999.0 318.9 305.6  86.4 297.9  13.7  38.3 290.6 128.7   5.6 305.9  45.4 274.3 255.7  51.4 259.1  49.4  52.0  64.2
 wrfout_d04_2016-10-16_06:00:00 999.0  76.7 101.0 116.9  97.1 101.3 103.6  67.2  92.2 260.3 107.5 138.8 999.0 334.3 318.3  86.2 279.7  17.4  18.8 268.3 131.0   4.0 312.9  45.0 260.5 251.0  53.0 266.0  47.7  52.9  66.4
 wrfout_d04_2016-10-16_07:00:00 999.0  77.4  98.1 116.9  93.5  97.2 100.0  66.5  89.8 265.0 107.0 139.5 999.0 333.6 305.7  83.5 263.2  17.6  43.9 265.0 134.7   1.2 316.6  42.0 252.6 250.8  53.0 267.6  46.5  51.9  68.9
 wrfout_d04_2016-10-16_08:00:00 999.0  77.4  96.4 117.1  89.6  96.5  97.4  64.0  86.1 187.4 107.5 139.7 999.0 325.8 283.2  78.0 252.5  11.7  54.9 264.1 138.0   1.9 320.7  38.6 261.3 260.8  49.4 273.8  44.3  55.2  74.5
 wrfout_d04_2016-10-16_09:00:00 999.0  78.1  96.9 118.0  88.8  94.6  91.9  61.7  80.8  68.1 108.6 142.2 999.0 316.6 263.7  68.1 214.5  12.4  69.9 270.5 139.8   1.9 326.0  32.2 277.5 276.6  45.2 276.9  46.5  53.8  72.9
 wrfout_d04_2016-10-16_10:00:00 999.0  78.5  98.3 116.0  90.2  92.9  93.2  63.1  82.4  68.3 116.0 156.1 999.0 305.1 233.7  50.5 210.9  13.5 104.1 277.3 145.4   5.1 324.1  27.6 280.5 285.8  39.7 280.3  46.8  51.0  69.1
 wrfout_d04_2016-10-16_11:00:00 999.0  77.0  98.6 117.6  91.0  92.0  93.3  65.6  81.8  68.9 117.5 172.8 999.0 234.3 198.9  24.1 203.3  14.7 245.1 273.8 144.6   8.5 336.0  27.6 275.8 280.3  33.5 286.1  44.1  52.7  69.8
 wrfout_d04_2016-10-16_12:00:00 999.0  74.5  98.2 117.8  90.8  90.6  93.1  65.3  81.2  69.8 118.2 181.6 999.0 183.2 173.8 359.9 186.0  16.6 236.6 242.6 142.1   6.5 336.8  25.4 247.7 258.9  28.1 291.3  38.3  52.8  66.4
 wrfout_d04_2016-10-16_13:00:00 999.0  77.4 100.0 120.0  92.7  90.4  91.3  65.1  79.7  69.1 115.6 184.9 999.0 195.1 167.9 349.5 185.4  14.5 232.0 209.6 143.2   6.8 329.8  24.6 301.9 307.3  26.6 290.3  38.7  52.4  67.4
 wrfout_d04_2016-10-16_14:00:00 999.0  76.3  98.7 115.1  91.3  98.4  88.0  66.2  76.3  69.5  41.4 180.9 999.0 175.8 138.0 338.1 189.4  11.6 231.2 199.8 143.9   3.1 320.8  24.1 324.7 331.2  23.1 276.2  35.4  48.7  67.3
 wrfout_d04_2016-10-16_15:00:00 999.0  75.8  99.3 111.6  91.2  95.6  86.0  64.4  73.2  71.2  31.1 182.5 999.0 341.0 130.1 321.6 178.2   9.4 228.6 197.3 143.9   3.0 302.7  24.9 309.7 318.7  27.2 270.3  31.0  51.8  66.4
 wrfout_d04_2016-10-16_16:00:00 999.0  76.7  97.8 108.1  88.1  85.0  82.0  63.3  70.4  74.3  66.9 182.8 999.0 326.0 168.0 311.6 151.9  12.8 216.8 203.7 143.8 352.8 297.1  29.0 269.7 284.4  31.3 292.2  21.6  53.1  65.9
 wrfout_d04_2016-10-16_17:00:00 999.0  71.6  91.7 106.3  82.4  76.6  82.8  64.2  74.0  71.7  50.0 179.6 999.0 344.2 177.3 294.6 163.6   9.9 219.8 194.9 144.5 345.9 285.8  26.3 263.6 356.5  25.2 317.6  18.1  48.6  65.8
 wrfout_d04_2016-10-16_18:00:00 999.0  74.1  92.9 115.3  85.3  84.4  88.9  64.9  66.8  66.6 104.3 174.7 999.0 338.0  96.5 312.2 183.6   9.7 226.6 182.1 143.8 345.6 118.2  18.9  75.0  36.5   7.2 306.3  21.0  49.0  66.7
 wrfout_d04_2016-10-16_19:00:00 999.0  65.4  96.4 113.0  89.4  86.6  88.2  64.2  71.3  67.9 115.3 171.4 999.0 279.3 220.7 338.9 152.4  17.5 214.4 182.2 143.5 336.2 129.2  19.9  47.2  33.9   2.9 307.2  21.5  49.6  67.2
 wrfout_d04_2016-10-16_20:00:00 999.0  66.3  96.5 110.0  90.1  87.9  85.7  63.2  75.7  69.2 106.0 175.1 999.0 178.6 218.3 344.4 175.5  26.7 159.1 168.7 142.9 335.9 129.9  23.1  73.1  73.5  15.7 332.2  17.5  45.9  64.6
 wrfout_d04_2016-10-16_21:00:00 999.0  66.5  96.9 109.6  89.8  87.7  85.3  62.6  74.6  78.3  97.2 178.6 999.0 173.8 150.1 340.9 183.6  26.7 204.3 253.1 144.5 349.3 111.8  25.9  89.0  73.0  27.9  48.2  13.3  45.9  62.0
 wrfout_d04_2016-10-16_22:00:00 999.0  70.2  98.8 109.0  92.1  82.7  87.7  61.1  76.4  79.3 121.5 182.3 999.0 185.1  82.3 331.1 188.9  28.7 228.0 336.5 145.2   1.7 133.2  28.5  54.7 278.0  25.4 276.4   9.0  47.4  63.2
 wrfout_d04_2016-10-16_23:00:00 999.0  69.6  97.8 111.0  91.4  89.4  93.7  61.4  82.5  80.2 108.8 156.7 999.0 197.9 124.0 340.9 235.0  22.9 177.8 331.9 144.6  12.3 136.7  30.2 119.7 131.0  19.0 301.0   9.1  48.0  63.5
