 wrfout_d04_2016-12-17_00:00:00 999.0  55.2  76.1 105.6  66.5  62.3  89.4  60.6  86.8  52.3 320.2 312.7 999.0  29.5 229.7 359.9 255.1  17.4 241.8   0.6 289.2   6.3  37.7  38.7  32.2  32.6  12.9  26.1  23.8  51.9  55.1
 wrfout_d04_2016-12-17_01:00:00 999.0  58.0  79.4 101.1  72.3  64.2  76.7  62.7  76.4  54.2 320.1 287.9 999.0 354.8 238.8  30.8 262.7  19.7  12.4 326.4 320.4   5.2  44.5  28.1 359.0 359.8  23.8 356.6  12.4  39.9  56.9
 wrfout_d04_2016-12-17_02:00:00 999.0  67.0  78.6  95.2  71.1  58.2  77.5  67.7  75.0  57.0 313.8 284.9 999.0   3.8 241.1  35.5 281.0  15.8 355.5 325.9 330.6   3.8  39.6  40.1 350.0 351.8  29.2 344.3  35.4  41.8  54.7
 wrfout_d04_2016-12-17_03:00:00 999.0  72.5  78.9  92.0  72.2  73.8  79.1  69.4  78.3  56.9 269.1 237.9 999.0 348.2 256.6  32.8 279.3  13.9 327.9 312.7 325.6   6.3   8.1  34.7 342.8 344.3  43.4 289.4  39.5  46.2  55.2
 wrfout_d04_2016-12-17_04:00:00 999.0  70.0  85.7 109.4  79.0  78.1  84.6  67.9  87.2  54.2 244.8 188.7 999.0 342.2 255.8  15.9 261.1  12.9 323.0 315.6 325.8  10.2 344.8  43.1 340.8 325.2  55.2 277.7  49.0  49.6  54.5
 wrfout_d04_2016-12-17_05:00:00 999.0  68.3  87.8 108.0  80.3  73.1  85.7  67.9  87.5  53.9 244.3 180.2 999.0 341.7 272.2  20.5 263.8  10.2 305.4 311.5 324.6   7.9 344.2  36.5 325.4 306.6  51.7 268.0  50.0  54.6  59.8
 wrfout_d04_2016-12-17_06:00:00 999.0  80.4  87.8 104.8  79.2  69.1  84.9  69.7  86.9  54.4 226.0 204.8 999.0 341.6 287.8  16.1 262.4  13.8  18.6 304.8 333.4  10.0 339.6  35.8 323.7 311.1  53.0 268.3  39.1  56.7  60.0
 wrfout_d04_2016-12-17_07:00:00 999.0  77.1  88.9 105.2  78.8  76.7  89.9  72.0  87.1  56.3 231.3 216.3 999.0 342.2 296.7   7.7 261.4  12.2  35.9 313.5 341.2   9.1 342.0  32.8 324.9 317.7  49.3 267.5  46.0  58.0  61.4
 wrfout_d04_2016-12-17_08:00:00 999.0  78.0  88.9 107.9  76.5  81.0  90.8  71.7  91.2  59.6 251.0 201.2 999.0 337.2 294.4 354.4 249.5  12.0  49.8 317.4  13.8   7.9 346.8  21.1 329.5 320.1  25.0 265.1  34.7  61.3  62.9
 wrfout_d04_2016-12-17_09:00:00 999.0  68.8  90.4 122.1  79.3  94.6 104.9  66.7  95.1  59.9 255.7 193.3 999.0 349.8 283.2  14.3 235.1  13.5  56.3 321.3 172.4   8.0 350.7  10.8 326.4 323.0  18.5 271.2  31.2  57.1  63.0
 wrfout_d04_2016-12-17_10:00:00 999.0  76.4  95.3 141.0  85.9 119.5 111.6  68.5  90.4  64.3 297.3 176.3 999.0 357.0 264.9  11.5 193.9  12.0 211.5 325.0 164.3  10.2 354.9   5.4 338.9 342.3   5.1 286.8  18.5  53.1  62.3
 wrfout_d04_2016-12-17_11:00:00 999.0  96.7  98.8 146.6  86.6 122.0 109.1  72.9  87.1  73.7 317.1 239.6 999.0 355.1 275.0   5.5 178.9  13.4 185.3 330.5 159.7   8.1 354.7  32.2   2.2 353.5  10.5 298.5   9.9  53.3  56.1
 wrfout_d04_2016-12-17_12:00:00 999.0  98.6 104.9 139.9  92.3 121.6  97.1  75.0  82.7  81.5 320.4 179.2 999.0 351.7 220.1  90.4 165.5  10.7 208.1 345.2 162.9   3.1   8.0   7.2  18.5  12.5   8.1 306.3   5.7  52.8  56.0
 wrfout_d04_2016-12-17_13:00:00 999.0 102.5 105.0 131.2  90.6 108.5  85.8  79.7  78.1  89.0 323.7 180.4 999.0  10.4 143.2 287.4 162.7   9.7 211.3   2.1 167.6   3.4  28.8  16.7  27.5  28.9   3.6  14.0   0.2  53.2  60.5
 wrfout_d04_2016-12-17_14:00:00 999.0 102.1 105.1 126.4  90.2 109.9  79.9  85.7  75.2  86.3 314.6 180.5 999.0 174.7 131.8 339.2 136.1   8.5 209.5  24.0 168.2 358.4  45.8   0.3  35.1  26.8   8.2  19.3 358.0  49.8  58.9
 wrfout_d04_2016-12-17_15:00:00 999.0 100.4 106.8 130.6  91.4 112.8  82.1  87.6  76.7  81.0 317.0 179.8 999.0 166.0 131.4 333.3 125.5   5.6 213.5  54.7 175.0 349.7  49.3   0.7  34.8  34.0 356.0   4.9 355.4  46.2  60.0
 wrfout_d04_2016-12-17_16:00:00 999.0 106.5 110.5 130.3  94.7 122.7  85.2  91.0  71.1  89.0 314.1 195.9 999.0 165.2 160.6 333.4 118.1   2.6 204.8  93.8 180.1 343.0  67.0   0.2  52.1  28.1 352.7  13.1 355.5  45.4  56.3
 wrfout_d04_2016-12-17_17:00:00 999.0 110.9 117.0 133.0 100.8 130.6  84.9  96.5  71.2  93.9 302.6 192.4 999.0 165.6 228.2   0.1 119.3 353.3 208.5 101.6 192.6 337.0  47.4  10.5  72.7  69.0  11.0   0.9 354.8  45.1  55.1
 wrfout_d04_2016-12-17_18:00:00 999.0 112.2 115.1 131.6  99.4 138.9  78.6 111.4  59.0  92.0 299.9 190.9 999.0 158.7 261.8 333.6 147.5 345.9 199.4  93.1 197.3 336.1  61.2   3.9  73.2  63.0 358.7  20.4 358.2  35.4  54.8
 wrfout_d04_2016-12-17_19:00:00 999.0 106.9 116.9 132.3 100.7 154.7  74.5 118.7  52.2 104.4 300.4 191.5 999.0 165.8 213.4 337.2 149.9 342.1 203.0  89.3 204.9 338.6  47.7   5.0  66.0  57.0 351.3  20.9 354.2  37.4  55.0
 wrfout_d04_2016-12-17_20:00:00 999.0 141.3 122.6 127.7 103.5 155.7  65.8 131.0  49.5 103.3 301.5 202.6 999.0 158.4 223.0 330.5 121.4 340.9 202.9  91.2 216.6 342.4  81.7   7.1  52.1  48.4 347.2  32.1 347.0  42.3  56.1
 wrfout_d04_2016-12-17_21:00:00 999.0 134.8 130.0 122.9 105.5 264.3  56.7 139.6  38.5 105.2 308.6 229.0 999.0 137.0 297.4 314.0 101.1 340.5 203.5  58.7 223.3 347.1  76.5   6.3  44.1  48.5 354.0  24.5 349.7  37.6  59.4
 wrfout_d04_2016-12-17_22:00:00 999.0 128.1 135.2 121.7 107.5 293.3  60.1 140.1  31.9 102.6 319.5 259.9 999.0 132.5 339.8 307.5 103.2 342.2 203.1  66.7 228.9 353.8  65.0   4.0  51.0  52.4 348.3 359.9 354.1  30.5  58.2
 wrfout_d04_2016-12-17_23:00:00 999.0 128.4 138.3 119.1 108.6 338.8  65.4 136.5  28.3 101.5 323.7 276.4 999.0 118.8  41.0 295.7 106.3 354.4 200.6  60.0 236.8 357.3  51.5   6.7  40.5  40.3 352.0  13.3 359.6  29.3  55.2
