 wrfout_d04_2016-08-30_00:00:00 999.0  29.1  70.5 222.1  59.8  61.1  87.9  68.7  54.9  57.9  44.5 323.4 999.0 345.4 213.7 352.2  38.6  30.7 223.5 201.1 246.7  18.3 122.2  31.5 140.3 119.2 290.3  50.7 334.0 341.3  73.1
 wrfout_d04_2016-08-30_01:00:00 999.0  22.7  73.6 237.0  72.8  55.3  72.0  51.8  64.2  50.1  79.3 337.9 999.0 348.3 218.5  33.2 247.0  26.1 238.9 196.6 256.2  12.9  89.3  84.6  67.6 147.1 320.0   9.3 126.0  45.3  71.7
 wrfout_d04_2016-08-30_02:00:00 999.0  25.2  72.0 317.7  65.9  42.9  75.3  41.5  62.7  30.5  98.8 340.3 999.0 307.8 249.7  59.5 252.0  31.8 244.3 214.9 262.4  16.0  96.7  55.4 199.7 174.6  30.7  90.6  91.0  56.6  86.7
 wrfout_d04_2016-08-30_03:00:00 999.0  34.7  79.1 326.6 101.4  48.2  65.4  33.4  47.0  21.9  89.2  21.3 999.0 347.4 258.1  71.4 205.1  30.4 270.6 255.2 259.8  24.3 175.8  97.9 125.0 119.9 142.7 285.6 145.2  38.7  82.2
 wrfout_d04_2016-08-30_04:00:00 999.0  34.3  72.6 339.2  82.5  44.9  75.7  28.9  48.0  21.5  96.7  40.1 999.0 349.0 182.8  73.7 232.6  24.6 255.8 297.2 261.5  21.2 270.5  85.6 155.8 159.1  71.7 196.7 103.1  39.0  96.1
 wrfout_d04_2016-08-30_05:00:00 999.0  38.0  80.0 337.1  95.1  52.1  80.3  24.3  70.2   6.9  95.0  53.2 999.0 336.1 220.5  64.3 242.8  26.6 253.4 269.2 266.4  41.6 274.1  57.8 160.9 148.9 151.2 208.7 133.7  80.8  83.4
 wrfout_d04_2016-08-30_06:00:00 999.0  40.7  86.8 330.2  94.4  56.0  77.1  22.8  62.3 355.2 104.1  86.0 999.0 348.7 293.8  61.7 222.9  17.6 258.5 271.6 269.0  41.4 186.2  65.5 180.9 133.0   3.2 209.2 117.5  92.4  98.5
 wrfout_d04_2016-08-30_07:00:00 999.0  64.8  95.6 331.4 101.2  54.7  76.9  20.6  71.2 352.8  96.8 103.6 999.0 349.0 321.5  49.7 227.3  27.3 268.9 215.7 260.3  14.0 170.7 356.8 284.8 303.2   7.0 256.6  92.6  96.0  86.3
 wrfout_d04_2016-08-30_08:00:00 999.0  93.8  91.0 332.3  85.4  57.1  78.2  22.6  78.8 351.3  96.3 120.2 999.0   0.0 336.3  35.5 204.0  19.2  11.1 240.5 272.3  14.2 175.5  31.4 172.9 200.2 289.1 267.2 138.7 131.0  93.1
 wrfout_d04_2016-08-30_09:00:00 999.0  87.4  88.6 136.3  68.1  78.1  67.6  33.3  64.6   9.0 119.1 140.8 999.0   2.3 340.9  17.0 211.5  15.7  17.8 227.7 264.6  16.5 168.8  28.4  61.3 272.2 297.1 227.6  62.2 132.9  89.1
 wrfout_d04_2016-08-30_10:00:00 999.0 113.4  89.9 127.5  63.6 107.3  71.0  34.7  54.4  16.1 169.7 146.7 999.0  11.0   2.2 358.7 211.5  31.6 287.6 252.4 254.2  30.1 154.7  26.8  51.1  69.8   1.3 205.4  45.0  69.7  87.9
 wrfout_d04_2016-08-30_11:00:00 999.0 104.9  92.1 125.5  69.3 102.5  76.8  36.8  57.4  16.9 296.9 141.8 999.0  19.9   4.2 357.6 226.6  25.8 234.1 236.6 238.0  33.5 107.1  63.3 135.4 108.8 344.8  13.2 347.1   2.7  84.4
 wrfout_d04_2016-08-30_12:00:00 999.0 115.3  95.6 119.9  69.1  74.7  75.7  35.3  43.5  33.8 306.9 312.1 999.0  15.5 350.1 355.1 224.3  31.0  74.6 237.1 241.9  36.2 157.5 123.3  99.7  88.3   5.3   4.8  43.6 284.0  73.0
 wrfout_d04_2016-08-30_13:00:00 999.0 127.5  97.8 122.4  69.2  70.6  68.9  74.5  27.8  40.1 292.8 305.4 999.0  15.2   7.8 344.9 215.4  32.1 235.1  19.1 246.4  31.3 151.5 103.6 235.1 107.1  45.6  12.2  21.2 351.1  82.7
 wrfout_d04_2016-08-30_14:00:00 999.0 112.7  91.8  94.3  59.7  71.5  73.0  27.2  41.9  10.0 239.0 285.9 999.0  18.0  31.8 335.0 220.0  27.9 236.8 268.1 242.2  41.3  79.3   5.0  81.8  59.8 302.3 351.2  43.0 237.9  75.1
 wrfout_d04_2016-08-30_15:00:00 999.0 107.0  88.2 115.2  59.7  36.1  69.0  43.3  38.5 359.5 278.6 356.5 999.0  23.3 104.7 354.4 115.4  17.2 215.5 257.7 237.7  11.6  22.8  71.8  67.5  77.5  32.7   5.3  45.9 333.2  65.7
 wrfout_d04_2016-08-30_16:00:00 999.0 118.8  94.2 122.2  65.5  57.1  76.0  42.5  54.9 139.5 312.0   3.2 999.0  19.7  93.7 325.8   5.7  16.9 245.3 303.1 220.8   9.0   1.1  37.9 317.7 234.8  29.4  15.0  13.5 359.9  37.5
 wrfout_d04_2016-08-30_17:00:00 999.0  97.6  88.0 104.7  56.7   5.0  73.9  57.9  17.5  14.2 318.0 331.3 999.0  10.7 103.1 348.0  76.4   0.7 305.2 334.0 228.7 350.7 352.9   1.5 164.1 183.5 358.3   4.4  19.8   1.4  59.6
 wrfout_d04_2016-08-30_18:00:00 999.0 118.5  76.4 105.5  44.8 325.0  86.4  92.6 275.4 118.5 185.6 297.0 999.0  18.0 201.8 358.0 241.0 353.3 273.0 349.6 228.8 349.9 356.6  66.1 335.8 343.8 185.3 329.2 346.1  48.3  44.8
 wrfout_d04_2016-08-30_19:00:00 999.0 121.3   8.1 119.1  18.1  48.9 121.8 126.6 155.5 118.8 254.1 294.2 999.0  69.5 138.7  11.3 177.8 339.3 105.3  43.8 216.6 349.2   0.4  18.3  14.5  22.8 261.7 340.8   6.2 324.6 355.0
 wrfout_d04_2016-08-30_20:00:00 999.0 117.3  63.1 141.0  28.3   5.5 108.0 145.8 273.2 100.9 313.1 294.8 999.0  37.1 126.0 353.0  46.3 343.6 227.9 353.6 227.8 348.6   3.1  49.7 346.0   5.6 354.7   4.6 339.4 342.1 322.9
 wrfout_d04_2016-08-30_21:00:00 999.0 112.9  34.4 149.3  21.2 303.5 237.8 154.2 143.3 121.9 210.8 277.6 999.0 148.4 209.9 351.4 233.6 351.5 222.6   5.9 218.3 352.8  41.1 340.3 325.1 355.7 331.8 353.1   5.0 354.6 321.3
 wrfout_d04_2016-08-30_22:00:00 999.0 108.5 335.2 143.6   9.5 279.6 319.7 166.9 104.6  72.1 306.4 289.1 999.0 322.5  96.2  33.5 151.1 347.8 211.4   3.2 230.0 345.9  15.2   2.7  19.0  29.1 179.2 347.3 308.2 286.1 312.2
 wrfout_d04_2016-08-30_23:00:00 999.0  96.3 336.9 174.6 332.7 253.5 205.0 202.9 260.8 138.6 274.5 291.0 999.0  29.5 122.0  32.6 323.3 352.5 229.3   8.8 249.2 346.6  31.9  37.6  40.3  41.7 323.7 344.6 327.9 299.3 310.4
