 wrfout_d04_2016-01-01_00:00:00 999.0  64.9  87.8 110.4  75.2  71.2  79.3  60.3  78.8  62.6 322.1 254.5 999.0   0.6 112.4  19.1 348.6  19.5 205.6 313.5 249.7  13.3  26.5  16.1   8.2   8.9  12.6 345.9  25.8  32.7  28.8
 wrfout_d04_2016-01-01_01:00:00 999.0  53.5  85.7  87.5  71.1  61.4  80.2  63.5  77.7  61.9 249.0 245.1 999.0 359.8 223.6  10.9 344.7  20.1 196.6 339.8 268.2  10.3   4.1  42.7   1.9   3.5  20.5 342.1  44.5  25.5  31.4
 wrfout_d04_2016-01-01_02:00:00 999.0  57.7  86.9 103.8  73.9  82.6  86.8  62.2  86.9  60.3 303.3 265.1 999.0 339.6 243.5  43.8 356.1  20.5 236.5 341.5 280.7  12.8 359.1  40.1 346.4 350.3  61.4 330.3  44.6  35.2  46.9
 wrfout_d04_2016-01-01_03:00:00 999.0  63.5  89.4 114.8  77.7  72.4  88.5  59.6  83.3  56.9 328.6  83.1 999.0 344.7 276.6  21.9 336.2  18.8 294.0 349.7 286.9  10.3 355.6  40.3 347.1 346.8  47.1 298.1  38.4  36.7  48.5
 wrfout_d04_2016-01-01_04:00:00 999.0  64.5  90.7 115.8  80.2  75.9  85.3  55.5  77.0  46.6 343.5  86.0 999.0 358.1 312.5  35.7 316.1  15.2 336.7 345.5 291.0   8.8 355.0  44.3 339.2 341.6  46.4 290.1  37.7  39.7  50.3
 wrfout_d04_2016-01-01_05:00:00 999.0  59.5  93.8 116.3  80.9  71.8  77.2  42.4  75.9  48.9 351.5  64.0 999.0   1.5 331.8  50.2 290.3  13.8   9.1 336.6 293.0  12.8 352.3  34.3 333.6 337.2  50.3 293.6  37.1  39.2  50.7
 wrfout_d04_2016-01-01_06:00:00 999.0  70.1  93.7 115.5  80.1  69.3  84.1  28.2  85.7  46.3  59.8  76.8 999.0   3.2 332.9  31.3 270.7  14.2  39.6 334.1 294.3  13.3 348.9  35.1 328.6 332.9  51.5 292.5  45.9  35.8  52.3
 wrfout_d04_2016-01-01_07:00:00 999.0  80.1  91.9 115.4  76.0  83.4  79.0  31.1  79.4  34.8   7.0  83.5 999.0   3.1 340.2  39.5 274.0  13.5  43.7 334.4 289.8  12.8 347.0  38.1 330.6 337.5  60.0 290.3  49.5  34.1  50.5
 wrfout_d04_2016-01-01_08:00:00 999.0  72.0  94.2 112.2  74.1  71.8  71.7  34.5  68.4  14.3  16.1  69.2 999.0   3.3 336.5  80.2 272.4  13.1  47.9 332.8 277.4  13.4 349.1  50.1 328.7 338.0  50.5 289.8  36.0  38.6  54.9
 wrfout_d04_2016-01-01_09:00:00 999.0  79.0  98.9 118.2  77.6  72.1  71.2  31.5  67.7  33.1 348.3 101.3 999.0   6.1 339.5  66.3 242.9  14.4  68.8 333.9 203.8  10.7 351.4  38.8 328.9 340.6  41.9 296.4  37.0  40.3  54.2
 wrfout_d04_2016-01-01_10:00:00 999.0  86.1 101.8 118.1  77.3  75.6  72.0  31.8  65.2   8.7 328.4 327.9 999.0   7.5 350.2 359.7 149.3  14.1 171.6 341.9 213.8  10.4 354.9  23.9 332.8 345.2  21.8 306.7  25.0  47.5  52.0
 wrfout_d04_2016-01-01_11:00:00 999.0  83.6  98.3 118.3  74.8  71.0  70.5  29.6  58.8   6.6 324.7 346.9 999.0   5.1 350.9 326.3 165.7  15.0 200.2   0.0 208.3  11.2 359.0  17.2 350.9 354.0 355.8 319.2  23.9  44.6  56.0
 wrfout_d04_2016-01-01_12:00:00 999.0 101.8 105.5 114.2  78.7  69.1  70.6  23.0  68.8  17.4 311.5 350.3 999.0   6.5 349.8 287.4 181.1  13.2 209.9   0.1 203.7   9.0   5.0  21.7 355.8   1.5   1.3 336.6  26.4  43.8  45.8
 wrfout_d04_2016-01-01_13:00:00 999.0 119.8 110.6 115.2  80.6  56.5  71.3  15.8  64.7  21.0 334.5   0.1 999.0   7.7 350.9 327.4 143.6  12.3 204.4   0.9 200.5   5.9   8.8   8.0 354.0   1.2 358.6   1.4  31.9  59.4  50.5
 wrfout_d04_2016-01-01_14:00:00 999.0 109.7 113.7 132.1  81.4  47.7  80.8  14.5  65.5   8.6 319.7 346.6 999.0   7.9 352.0 305.4 142.4  14.2 199.3 356.0 185.0   8.8   6.6  60.2 356.0   5.5  26.3   2.5  16.0  78.6  51.4
 wrfout_d04_2016-01-01_15:00:00 999.0  79.1 125.0 113.9  83.8  36.9  85.9  16.1 241.3  13.6 321.7 357.9 999.0   8.4 358.9 318.4 146.7  15.2 188.5   0.2 181.0  10.8  10.2  30.0   2.7   8.4 336.9   0.9  17.1  92.2  46.4
 wrfout_d04_2016-01-01_16:00:00 999.0  95.7 134.9 231.9  99.0 357.3 132.9  16.4 235.4  19.3 323.0 341.2 999.0   3.4 351.4  35.0 147.5  16.3 203.1 356.1 180.3  14.1  10.4  21.1 359.2   3.5  26.5   4.7  13.6  95.7  44.2
 wrfout_d04_2016-01-01_17:00:00 999.0 136.9 148.3 183.8 117.9 304.7 232.9  15.5 233.2  46.6 319.9 341.9 999.0   3.1   2.0 326.6 145.3  21.9 198.7 359.2 175.7  17.5  10.6 336.6   1.5   7.9  28.6   1.0   3.9  98.8  53.7
 wrfout_d04_2016-01-01_18:00:00 999.0 143.6 155.5 152.5 115.3 259.1 193.3  11.0 228.6 112.4 318.6 345.4 999.0   8.0   0.9 326.4 135.3  22.1 191.3   3.1 170.3  19.0  23.0  87.7   2.8   8.1 344.5   4.4  26.0 104.0  52.2
 wrfout_d04_2016-01-01_19:00:00 999.0 139.6 162.2 150.1 107.3 205.7 176.2   3.8 237.3 182.3 329.4 321.1 999.0  12.1 352.9 319.8 140.3  26.0 193.5   1.9 174.9  27.1  19.9 325.2   3.7   7.6 350.3   4.1  20.4 104.9  55.1
 wrfout_d04_2016-01-01_20:00:00 999.0 145.0 170.2 155.7 100.3 214.3 262.6  15.1 241.3 178.3 324.5 307.9 999.0   9.0   3.4 357.5 149.0  35.3 186.4   6.1 169.2  27.9  23.7  23.9   2.0   7.9 278.0  16.1 349.7 114.1  59.7
 wrfout_d04_2016-01-01_21:00:00 999.0 147.6 164.8 162.6  65.4 202.7 272.9  24.9 245.4  56.5 292.1 285.1 999.0  11.9 340.0 314.5 151.9  32.1 193.9 347.7 181.9  28.7  24.3  26.5  10.5  12.4   8.1   7.4 349.1 121.3  75.5
 wrfout_d04_2016-01-01_22:00:00 999.0 162.2 115.3 153.5  51.9 216.2 144.9   9.0 247.3  45.4 207.0 287.5 999.0  10.1 346.6 328.9 163.2  28.7 191.1   2.0 189.8  29.3  27.4 303.6  12.2  15.2 330.2  20.6 332.7 116.2  74.6
 wrfout_d04_2016-01-01_23:00:00 999.0 203.6  99.6 198.1  48.7 222.3 166.4   9.9 245.7  30.0  47.0 305.0 999.0  13.5 347.6 309.3 171.7  23.1 183.1  13.6 199.7  28.5  26.6 311.9  11.3  13.5 325.9  22.5 357.8 109.9  78.2
