 wrfout_d04_2016-02-14_00:00:00 999.0  42.9 292.3  12.4 261.2  11.6 344.2  47.4   7.1  24.0 205.2 332.2 999.0 166.9 168.5  31.6 204.0 183.7 226.2 157.5 262.0 175.0 148.8  63.0 145.3 141.0 335.5 259.9 185.8 245.0 277.5
 wrfout_d04_2016-02-14_01:00:00 999.0  36.9 329.6   1.0 249.8 359.6  11.8  33.6  43.4  25.7  65.9   7.7 999.0 195.5 197.5  30.1 214.8 195.5 232.8 199.8 264.2 182.5 179.8  47.0 152.8 174.7  23.9 261.5 192.2 246.3 279.8
 wrfout_d04_2016-02-14_02:00:00 999.0  36.4  59.3  40.1  46.3  45.2  12.5  11.4  51.3 349.8  86.6  42.6 999.0 293.5 218.7  31.2 234.6 206.8 235.5 230.4 268.8 202.5 236.4  42.8 258.8 258.3  88.3 265.0 307.5 245.7 280.4
 wrfout_d04_2016-02-14_03:00:00 999.0  27.0  54.9  32.8  43.3  25.6  72.4  39.8  73.6 356.0  63.8  39.7 999.0 320.5 240.1  28.7 246.7 218.1 238.6 248.6 265.3 210.9 253.6  38.7 274.1 272.7  75.0 266.7  44.7 245.0 283.0
 wrfout_d04_2016-02-14_04:00:00 999.0  26.7  50.4  28.6  41.4  12.0  59.8  25.9  72.4  20.2  29.3  11.1 999.0 340.8 284.8  27.9 247.4 237.1 234.1 251.3 263.6 227.1 249.8  34.7 273.1 269.7  79.1 274.8  59.0 246.0 280.6
 wrfout_d04_2016-02-14_05:00:00 999.0  20.7  41.4  24.1  34.9   9.7  66.7  36.7  66.4  30.9  36.1   7.4 999.0   8.3 328.3  27.9 233.0   5.0 231.6 266.9 269.3 275.9 259.3  28.2 270.6 271.3  74.5 279.0  91.5 246.2 283.6
 wrfout_d04_2016-02-14_06:00:00 999.0  20.0  41.3  23.5  36.3  13.4  74.2  38.6  77.1  31.8  41.0 350.0 999.0  17.9 354.7  34.1 276.6  24.0 230.2 294.4 269.6 359.5 294.1  34.7 283.2 277.1  62.1 281.2  81.4 247.7 284.5
 wrfout_d04_2016-02-14_07:00:00 999.0  16.2  43.1  22.2  37.3  12.3  72.4  45.3  80.7  32.6  52.6 354.2 999.0  21.5   3.3  34.2 249.1  29.0 245.9 342.8 258.1  17.8 351.8  35.5 321.7 318.1  54.0 282.1  74.3 256.6 288.1
 wrfout_d04_2016-02-14_08:00:00 999.0  17.3  42.9  21.1  37.1  21.2  76.4  41.7  79.5  35.3  54.8 355.9 999.0  23.1   3.3  36.4 243.5  29.7 215.5 344.7 242.3  19.5 358.6  28.8 319.9 325.5  54.3 286.3  61.2 329.3 292.4
 wrfout_d04_2016-02-14_09:00:00 999.0  15.3  41.8  18.7  37.1  19.9  76.3  42.2  80.6  35.2  29.6 359.8 999.0  21.5 353.4  35.2 213.7  34.8 227.9 340.4 238.3  24.8   4.2  31.4 350.0 352.9  52.2 302.7  52.2   2.6 295.6
 wrfout_d04_2016-02-14_10:00:00 999.0  11.7  41.2  16.5  36.3  16.1  86.7  42.1  82.7  42.5  24.9 358.1 999.0  20.1   5.6  36.2 212.6  28.3 226.4 352.9 233.5  25.0   8.4  30.9 353.6 354.7  39.7 309.5  48.6  10.2 302.9
 wrfout_d04_2016-02-14_11:00:00 999.0  12.6  38.8  17.2  34.2  19.1  67.0  41.4  80.6  41.5  26.2 355.1 999.0  17.8   1.5  35.9 204.4  29.4 226.7 356.6 240.0  22.2  10.7  27.8 341.2 350.3  41.6 315.4  36.9  15.9 348.1
 wrfout_d04_2016-02-14_12:00:00 999.0  12.6  39.4  13.9  35.1  17.9  77.6  36.4  82.9  38.2  20.8 347.0 999.0  16.8   6.3  34.0 197.3  29.3 227.3 345.6 249.5  23.1   7.7  26.9 344.5 345.9  39.6 328.8  44.9  15.6  51.0
 wrfout_d04_2016-02-14_13:00:00 999.0  11.7  36.1   9.1  33.3  14.0  56.9  35.3  63.3  33.6 358.1 336.9 999.0  19.3   6.4  33.0 197.4  26.0 223.8 355.9 253.3  20.0  10.9  29.0 352.4 353.9  37.5 327.0  35.4  20.9  52.0
 wrfout_d04_2016-02-14_14:00:00 999.0   9.4  32.5   9.3  30.3  12.8 156.0  38.0  30.5  34.9   3.1 336.6 999.0  16.3   6.7  34.7 180.2  26.0 226.5 347.1 259.2  19.5   5.5  29.6 345.7 349.2  36.9 330.0  35.4  25.6  53.4
 wrfout_d04_2016-02-14_15:00:00 999.0   9.1  31.5  11.7  30.3  10.2 271.5  38.1  36.8  34.4  36.6 335.9 999.0  15.6 360.0  34.1 205.9  27.7 232.4 351.6 264.7  20.8   7.1  25.7 351.7 354.7  30.1 330.1  30.0  28.7  52.9
 wrfout_d04_2016-02-14_16:00:00 999.0   9.1  32.6  12.7  29.9  11.0 226.3  37.4  27.4  34.8  43.0 327.4 999.0  14.4   0.3  34.9 203.9  25.2 226.0 351.8 266.4  22.0  16.6  21.9   0.0   6.4  23.1 350.9  31.0  26.2  54.0
 wrfout_d04_2016-02-14_17:00:00 999.0   6.8  31.1  13.2  28.5   8.5 201.9  33.2  30.3  35.2  59.2 322.2 999.0  14.6   3.3  35.1 203.3  25.4 229.3 354.7 266.1  19.7  12.2  25.1 352.0 356.4  17.6   0.7  32.3  21.3  56.6
 wrfout_d04_2016-02-14_18:00:00 999.0   6.3  29.1   8.7  27.7   8.0 215.9  30.9  16.3  34.9  28.1 324.6 999.0  15.6   5.5  33.7 194.9  24.8 231.1 357.9 266.8  18.4  15.4  26.0 356.6 359.1  29.7 354.5  30.0  23.4  56.4
 wrfout_d04_2016-02-14_19:00:00 999.0   6.0  27.7   6.6  27.3   6.3 221.2  32.1  21.3  39.6  42.2 305.3 999.0  14.6   5.7  34.6 190.6  23.1 228.9   0.7 267.6  18.7  12.4  22.2 354.3 357.9  19.2 350.4  28.3  20.2  56.4
 wrfout_d04_2016-02-14_20:00:00 999.0   8.3  25.7   7.5  26.3   8.2 293.7  34.0  21.0  37.3  63.3 307.6 999.0  14.5   9.3  35.9 201.0  22.9 233.5 359.2 267.7  17.0  17.7  21.8 350.0 351.8   6.3 351.6  31.3  23.3  51.1
 wrfout_d04_2016-02-14_21:00:00 999.0   5.7  24.3   7.2  26.1   4.2 283.9  35.0  17.5  40.0  98.1 314.3 999.0  14.8  10.0  35.4 208.3  23.9 232.9 359.0 272.8  19.5  18.1  19.2 353.7 356.6   3.1 348.4  23.7  22.6  49.8
 wrfout_d04_2016-02-14_22:00:00 999.0   6.5  26.0  10.0  27.4   4.8 289.3  36.1  21.5  41.7 118.5 298.6 999.0  13.6   7.4  34.4 208.2  23.2 226.1 359.4 268.7  18.6  16.4  20.8 359.9   2.7 350.1 351.5  26.1  24.0  50.0
 wrfout_d04_2016-02-14_23:00:00 999.0   7.7  26.6  10.2  28.2   4.6 299.4  40.2  26.1  40.9 140.1 286.1 999.0  13.5   6.8  36.1 213.9  22.4 228.8 355.8 269.8  18.6  19.9  22.6   5.1   4.2 355.6   5.3  25.5  24.5  50.0
