 wrfout_d04_2016-05-24_00:00:00 999.0  31.8 195.4 298.7 193.2  48.5 103.0  40.8 357.7 302.9  34.7 324.0 999.0 253.6 171.8  53.2  39.6  10.2 211.9 199.0 222.3 334.5 282.9 125.2 157.9 170.2 149.1 183.4 206.7 178.2 220.3
 wrfout_d04_2016-05-24_01:00:00 999.0  32.5 148.1 344.9 176.4  42.7  73.7  36.3  29.4  27.9  77.9  41.4 999.0 351.0 185.7  60.4 349.3  30.3 223.0 194.9 233.7  63.7 196.2  81.9 188.9 200.6  78.8 197.7 193.1 213.6 231.0
 wrfout_d04_2016-05-24_02:00:00 999.0  24.3 119.8 349.6 154.9  57.9 137.3  57.4  63.2  36.2  60.5  46.5 999.0 342.2 191.1  48.4 315.7  10.8 227.7 192.0 233.7  43.1 214.2  70.6 210.0 205.8  90.6 208.0 193.3 212.4 243.8
 wrfout_d04_2016-05-24_03:00:00 999.0  34.9 150.8 325.3 200.6  58.2  74.0  18.5  49.1 317.6  96.0  64.6 999.0 323.4 229.3  29.1 279.7   6.8 228.1 191.4 243.5  54.5 228.5  99.1 218.9 213.5  87.9 212.0 207.4 214.0 243.3
 wrfout_d04_2016-05-24_04:00:00 999.0  45.7 178.0 319.4 192.7  24.1  93.9  13.1  63.0 352.8  66.6  63.2 999.0 317.4 215.5  50.7 250.8   9.3 230.7 217.4 252.7 347.5 231.9 106.5 227.2 226.7 109.0 224.4 210.4 220.3 251.2
 wrfout_d04_2016-05-24_05:00:00 999.0  37.3 170.3  11.3 212.5  67.5  77.4  27.5  73.9 352.2  97.2  52.3 999.0 336.3 292.3  45.2 244.4   8.9 233.9 244.7 265.7 344.3 243.7  82.9 236.1 234.9 127.4 234.9 224.5 215.6 257.1
 wrfout_d04_2016-05-24_06:00:00 999.0  40.7 106.2 319.9 131.4  50.6  78.8  37.7  73.9 355.9  89.6  58.2 999.0 347.5 300.5  38.0 249.2   3.6 237.9 256.0 276.2 340.4 255.1  74.0 242.2 240.9 122.4 236.7 225.7 217.4 262.1
 wrfout_d04_2016-05-24_07:00:00 999.0  66.0  86.6 318.8  58.4  61.0  80.0  36.6  74.0   6.7  82.8  80.8 999.0 354.6 303.7  33.6 251.7   7.6 236.9 261.1 297.6 329.2 284.9  55.7 250.5 250.3 108.6 232.9 228.9 220.5 262.6
 wrfout_d04_2016-05-24_08:00:00 999.0  50.9  82.8 294.3  54.0  77.9  78.0  36.9  64.5  16.6  42.8  38.7 999.0 359.8 317.4  29.8 249.4  12.8 239.8 268.5 290.6 339.3 297.4  19.7 256.6 259.0 113.0 234.2 234.7 224.0 260.2
 wrfout_d04_2016-05-24_09:00:00 999.0  58.9  80.7 246.8  49.1  67.0  74.1  45.4  56.4  26.6  56.6  46.1 999.0   4.7 339.0  29.5 328.6 357.2  35.3 272.9 305.6 333.4 308.1  18.8 256.1 260.4  57.9 235.4 240.9 225.7 254.1
 wrfout_d04_2016-05-24_10:00:00 999.0  58.3  80.2 228.2  51.6  81.2  64.6  36.8  67.0  26.4  52.1  27.8 999.0   3.0 342.1  17.5 233.7  20.9 192.8 322.2 191.2   6.0 336.7  35.8 262.5 271.2  38.7 240.7 272.6 227.5 261.5
 wrfout_d04_2016-05-24_11:00:00 999.0  48.8  79.0 250.7  50.8  47.4  65.2  32.3  59.6   6.9  17.5 311.0 999.0 359.1 341.4  40.5 256.8  25.1 194.3 339.3 184.8  16.3 349.2  38.4 286.1 298.7  25.5 246.5 352.1 230.7 264.9
 wrfout_d04_2016-05-24_12:00:00 999.0  46.4  87.3 283.3  52.7  62.1  74.2  51.5  69.4   0.9 223.8 325.9 999.0 354.3 342.8  27.3 193.2  39.2 228.8 325.9 198.9  20.8  20.4  34.3 340.5 314.3  36.3 266.7 316.7 237.9 274.9
 wrfout_d04_2016-05-24_13:00:00 999.0  42.1  82.1 274.2  50.0  48.0  84.8  45.9  68.4  43.0  57.7 318.5 999.0   2.2 236.5  31.4 198.6  52.7 228.1 324.2 195.1  27.4  16.3  33.6   1.0 332.9  37.9 264.5  51.9 243.3 277.6
 wrfout_d04_2016-05-24_14:00:00 999.0  63.1  88.4 184.0  57.2  74.6  93.3  61.0  72.4  58.1   5.4 301.8 999.0   4.1 161.3  22.1 205.1  39.5 213.5 317.7 194.4  34.6   9.8  38.5  21.1 326.3  30.5 261.6  56.4 248.5 284.0
 wrfout_d04_2016-05-24_15:00:00 999.0  63.5  88.4 163.9  60.3  68.0  73.8  52.2  57.1  59.5 253.8 239.4 999.0 357.0 182.7  20.0  76.0  41.6 203.9 328.2 177.2  19.6  63.0  34.4  24.0 358.4   6.5 265.0 325.6 251.8 286.4
 wrfout_d04_2016-05-24_16:00:00 999.0  57.8  86.2 247.6  52.1  31.5  77.7  43.9  60.7  52.4 350.5 317.1 999.0 355.3 203.9  12.6 199.8  27.5 208.3 314.2 174.0  12.7  92.7  84.6  24.4  12.2 244.9 268.2 309.0 256.4 297.1
 wrfout_d04_2016-05-24_17:00:00 999.0  40.9  97.2 196.6  54.1  64.8  73.6  47.4  73.9  25.5 346.6 314.1 999.0 301.3 168.6   8.5 180.1  27.6 199.3 307.8 163.3   4.4  82.4  26.1  22.1   6.0 258.7 259.3 317.6 261.9 301.7
 wrfout_d04_2016-05-24_18:00:00 999.0  41.2  91.9 212.7  59.6  43.2  71.0  48.9  67.7 333.5  73.4 323.3 999.0 256.8 187.4  36.7 191.8  26.7 197.3 289.4 178.7   9.4  79.6  33.1  52.2  42.1 253.3 246.9 313.9 259.5 306.2
 wrfout_d04_2016-05-24_19:00:00 999.0  57.7  93.1 208.2  50.6  51.8  82.7  41.3  75.8   0.0 273.7 303.2 999.0 215.0 180.4  54.6 177.8  67.7 200.1 295.8 185.1 358.3  77.5 287.2  48.5  29.8 204.0 256.3 312.5 256.2 307.2
 wrfout_d04_2016-05-24_20:00:00 999.0  55.8 104.6 224.9  60.1  23.5  94.5  45.7  75.9 310.4 277.5 322.0 999.0 194.8 193.7  13.7 204.1  57.6 196.9 292.1 191.4 350.3  87.0 236.3  74.9  84.3 290.2 260.1 319.1 251.0 314.5
 wrfout_d04_2016-05-24_21:00:00 999.0  50.1 113.7 241.7  59.2  66.4  92.7  49.8  57.1 323.4 158.9 292.7 999.0 168.6 196.2  16.9 207.1  71.6 194.2 314.8 194.5 324.8  98.6 252.5  81.9  88.3 311.3 250.9 329.4 252.5 321.7
 wrfout_d04_2016-05-24_22:00:00 999.0  45.2 110.4 269.2  47.0  43.6  89.3  53.0  62.1  63.7 302.4 291.0 999.0 180.0 191.2  29.9 237.1  71.1 197.7 193.1 197.4 308.6  93.5 245.9  89.6 102.3 286.7 260.4 318.0 266.3 325.0
 wrfout_d04_2016-05-24_23:00:00 999.0  31.6 218.3 249.2 249.8  48.4  88.2  52.8  79.0 218.1 339.6 325.6 999.0 212.7 183.0  13.9 261.2  43.7 204.2 210.6 200.6 320.8  97.3 145.1 112.3 122.3 234.9 243.2 339.3 266.7 309.9
