 wrfout_d04_2016-07-16_00:00:00 999.0 233.3 234.6 233.1 243.2 224.5 246.8 228.8 233.0 236.1  91.2  19.8 999.0 193.7 189.8  61.8 276.4 195.1 217.9 199.9 270.5 181.9 187.7  87.4 203.5 203.8  92.6 244.9  55.4 229.9 280.4
 wrfout_d04_2016-07-16_01:00:00 999.0 240.3 238.3 247.6 244.2 230.9 244.0 231.4 234.0 239.1  93.6  33.1 999.0 202.6 195.6  75.3 257.5 196.2 230.0 208.6 278.2 180.3 195.4  79.3 234.1 228.6  91.4 255.1 289.5 230.3 283.7
 wrfout_d04_2016-07-16_02:00:00 999.0 243.4 241.6 256.4 246.1 236.9 242.3 233.7 234.1 241.9  93.1  47.3 999.0 216.3 203.0  71.5 246.1 196.7 237.7 212.7 279.5 178.6 201.8  79.0 243.5 239.3  83.5 260.9 286.2 231.9 286.1
 wrfout_d04_2016-07-16_03:00:00 999.0 242.2 244.5 261.8 249.1 256.5 249.2 235.6 240.7 244.7 100.2  56.9 999.0 223.0 206.6  67.0 242.9 196.5 237.1 223.7 284.2 176.7 207.1  72.4 248.8 246.9  74.9 265.1 287.9 233.9 288.9
 wrfout_d04_2016-07-16_04:00:00 999.0 247.5 246.8 265.3 252.0   0.2 254.8 236.6 247.9 245.6 104.3  60.1 999.0 226.5 210.0  62.1 243.6 195.3 240.8 233.4 290.7 174.1 209.1  67.6 252.1 252.6  71.0 268.3 288.9 234.7 287.5
 wrfout_d04_2016-07-16_05:00:00 999.0 248.3 247.5 265.5 254.3  30.5 261.1 237.2 254.1 245.5 102.7  75.5 999.0 227.2 219.3  55.0 241.4 194.2 254.6 239.8 296.8 172.5 211.1  59.5 254.2 255.7  69.2 270.1 292.7 234.7 285.3
 wrfout_d04_2016-07-16_06:00:00 999.0 243.2 248.5 265.2 256.3  28.8 266.7 237.4 257.5 244.5 100.0  86.5 999.0 227.2 222.2  51.8 243.7 194.6 257.3 242.3 301.2 173.6 211.6  54.0 254.8 255.0  68.7 271.1 303.7 234.6 283.1
 wrfout_d04_2016-07-16_07:00:00 999.0 177.3 248.3 265.0 257.1  17.5 268.9 237.7 259.2 244.9  96.3  98.8 999.0 225.8 224.0  51.6 241.8 194.3 278.5 243.7 308.7 175.8 209.9  49.3 254.3 255.9  68.6 272.2  37.2 234.5 281.4
 wrfout_d04_2016-07-16_08:00:00 999.0 144.6 247.4 269.7 258.0   2.0 268.7 237.4 254.9 245.2  95.7  99.3 999.0 223.5 226.2  51.2 242.2 193.7 302.5 243.5 313.7 178.8 208.6  43.5 254.2 253.6  71.2 272.6  78.4 234.6 281.3
 wrfout_d04_2016-07-16_09:00:00 999.0 154.7 245.7 269.2 258.5 352.7 271.3 235.6 256.2 245.9 101.1  89.5 999.0 219.8 226.1  59.2 233.9 193.1 340.7 239.3 307.5 181.1 206.1  43.9 252.2 248.9  78.5 272.6  79.3 236.1 281.3
 wrfout_d04_2016-07-16_10:00:00 999.0 156.6 241.8 285.3 259.8 357.2 262.9 232.5 243.3 243.6  88.1  72.0 999.0 215.9 221.6  49.8 225.8 189.6  49.0 239.3 294.4 183.7 201.0  46.0 246.8 241.8  95.0 272.2  75.8 238.9 281.2
 wrfout_d04_2016-07-16_11:00:00 999.0 163.9 236.7  85.3 260.5 334.4 251.1 230.1 231.2 241.7  82.9  71.9 999.0 206.7 214.5  47.9 213.1 190.6 152.7 230.4 261.6 187.3 185.7  37.8 239.3 230.7 144.7 275.6  55.7 242.6 281.9
 wrfout_d04_2016-07-16_12:00:00 999.0 168.0 234.0 114.7 260.1 328.6 255.8 229.4 232.7 241.4 101.7  56.2 999.0 196.0 207.0  43.9 211.2 192.0 162.2 219.6 256.1 188.8 178.3  93.1 228.6 218.4 154.8 277.0  32.7 246.1 284.0
 wrfout_d04_2016-07-16_13:00:00 999.0 158.7 231.8 109.7 257.0 207.9 268.0 230.0 238.6 239.8  85.3  72.7 999.0 192.8 198.2  43.4 221.0 192.3 183.3 209.7 254.0 189.6 173.9 159.0 223.7 208.8 176.5 275.6  16.9 248.8 287.4
 wrfout_d04_2016-07-16_14:00:00 999.0 167.7 228.0 101.7 252.1 189.8 266.4 229.3 234.3 241.4  97.5  60.3 999.0 190.1 192.8  41.7 230.8 192.7 180.9 201.5 249.1 190.8 172.3 167.3 220.9 206.7 184.6 270.1   5.9 249.4 288.8
 wrfout_d04_2016-07-16_15:00:00 999.0 192.2 228.3  98.5 254.8 214.8 266.5 228.4 232.1 241.7 100.4  65.5 999.0 189.9 187.5  45.7 232.9 192.4 182.8 199.4 245.5 191.9 175.6 163.8 216.6 203.5 189.3 261.4 357.6 247.9 289.8
 wrfout_d04_2016-07-16_16:00:00 999.0 188.6 230.6  87.1 258.9 262.4 261.4 227.4 218.6 240.3  82.5  77.5 999.0 189.6 185.2  47.6 236.9 193.7 186.5 193.4 243.2 194.2 173.8 169.8 209.7 200.6 221.1 255.5 354.7 245.4 290.4
 wrfout_d04_2016-07-16_17:00:00 999.0 175.8 233.9 263.5 264.1 304.0 263.9 226.2 217.3 239.6  74.5  87.4 999.0 187.7 181.8  45.8 244.7 196.3 191.7 191.9 240.6 196.7 171.2 172.3 203.6 195.4 230.9 249.1 355.1 244.9 291.4
 wrfout_d04_2016-07-16_18:00:00 999.0 170.4 236.5 257.3 267.9 304.9 263.5 224.3 219.8 235.9  72.6  66.7 999.0 186.0 177.3  38.1 255.1 199.1 193.5 187.2 237.4 199.7 170.2 173.7 192.4 187.5 242.1 245.6   4.1 245.0 291.1
 wrfout_d04_2016-07-16_19:00:00 999.0 162.5 239.0 254.3 269.2 288.6 260.3 221.6 219.5 231.7  38.3 347.1 999.0 184.3 170.0  32.4 267.6 200.3 197.2 184.7 235.9 200.1 164.9 175.9 180.1 179.3 262.4 246.9   5.2 241.7 289.9
 wrfout_d04_2016-07-16_20:00:00 999.0 162.8 240.1 248.2 269.1 243.3 264.9 219.8 216.3 230.1 311.6 358.3 999.0 183.9 163.5  25.7 277.0 199.8 196.2 182.5 232.2 198.2 156.4 172.4 149.3 147.4 358.8 249.0 359.9 238.7 291.8
 wrfout_d04_2016-07-16_21:00:00 999.0 176.4 239.6 238.4 268.9 234.6 269.5 218.6 207.4 229.3 103.6 350.3 999.0 181.8 166.2  33.3 297.5 198.7 197.6 181.5 229.0 194.5 150.3 166.3 135.8 132.4   4.1 259.6   5.7 236.9 287.9
 wrfout_d04_2016-07-16_22:00:00 999.0 185.9 237.9 204.8 264.5 235.1 268.0 221.1 212.9 229.8 359.4 334.6 999.0 179.8 166.5  38.3 319.5 196.0 199.8 183.5 234.0 188.5 135.2 153.1 137.6 133.8  11.2 270.0  23.9 236.0 289.0
 wrfout_d04_2016-07-16_23:00:00 999.0 187.1 236.3 232.7 255.7 236.3 256.0 223.9 225.6 229.9  85.9 353.9 999.0 185.3 181.2  35.3 277.7 196.7 234.8 195.1 263.9 180.6 149.7 132.7 168.5 171.9  38.0 277.0  90.3 235.5 294.5
