 wrfout_d04_2016-05-03_00:00:00 999.0 249.1 249.2 264.2 261.0 253.4 258.9 237.7 249.4 245.2  78.2  79.1 999.0 197.6 188.9  77.7 276.7 208.1 246.8 223.3 277.6 214.5 245.3  62.0 277.3 270.5  70.7 293.3 189.4 234.7 286.0
 wrfout_d04_2016-05-03_01:00:00 999.0 261.3 254.3 265.0 264.0 264.8 270.2 239.8 262.2 248.9  95.3  97.0 999.0 217.7 211.0  51.3 245.9 205.4 259.5 227.2 281.0 205.4 250.2  66.6 277.4 269.9  68.0 292.6 242.8 234.1 289.9
 wrfout_d04_2016-05-03_02:00:00 999.0 261.4 257.6 266.3 265.0 269.3 274.6 242.4 266.6 249.8  97.7  89.6 999.0 234.2 222.8  53.4 247.7 209.7 265.1 240.8 283.9 215.1 253.8  54.4 274.5 270.2  76.9 288.6 274.5 233.6 289.6
 wrfout_d04_2016-05-03_03:00:00 999.0 267.4 261.8 269.5 269.6 284.9 276.4 247.0 269.5 251.9 105.8  89.4 999.0 239.6 248.2  53.0 247.3 214.4 271.4 253.4 286.1 216.2 252.3  52.7 269.0 266.2  71.0 286.4 285.0 234.2 289.0
 wrfout_d04_2016-05-03_04:00:00 999.0 269.4 266.0 275.5 275.0 285.1 275.8 249.8 270.9 257.3 102.5 103.0 999.0 245.5 263.2  41.7 250.7 217.9 276.6 254.0 289.7 221.3 245.9  54.3 265.2 264.8  67.7 284.4 288.0 234.4 286.8
 wrfout_d04_2016-05-03_05:00:00 999.0 275.4 272.1 282.5 279.8 299.5 275.2 250.4 271.6 259.3  86.8  95.1 999.0 246.2 266.3  39.8 251.2 222.8 289.6 256.7 295.2 223.1 244.1  47.8 267.4 265.6  62.1 282.7 298.0 234.8 285.0
 wrfout_d04_2016-05-03_06:00:00 999.0 291.5 276.1 285.6 281.9 266.2 279.3 258.8 277.1 258.8  92.5 100.3 999.0 246.6 264.1  41.8 248.5 226.5 312.3 261.5 298.5 228.6 243.9  41.4 268.5 264.9  61.0 282.7 348.0 235.8 283.6
 wrfout_d04_2016-05-03_07:00:00 999.0 311.1 279.4 286.5 281.1 285.8 291.7 256.2 287.5 262.6  87.7 105.3 999.0 252.4 262.2  43.6 253.5 229.5 317.7 258.3 299.1 237.4 242.7  36.1 265.7 263.0  56.0 286.4  55.8 239.6 285.5
 wrfout_d04_2016-05-03_08:00:00 999.0 325.9 285.5 291.8 284.3 316.6 302.1 248.2 289.3 268.1  93.3  84.7 999.0 259.9 269.5  45.8 254.3 234.7 310.9 256.3 299.8 242.2 243.9  35.3 264.5 265.3  58.3 285.7  50.9 246.9 290.3
 wrfout_d04_2016-05-03_09:00:00 999.0 344.8 292.7 301.1 298.3 328.3 329.7 256.5 287.9 281.4 114.7  73.8 999.0 273.4 277.9  53.8 256.0 235.3  27.7 256.7 298.6 237.6 250.1  30.9 261.2 263.7  43.5 286.0  41.0 255.7 300.0
 wrfout_d04_2016-05-03_10:00:00 999.0  34.7 311.1 317.2 322.2 345.5 331.2 263.5 293.6 271.6 135.5 168.6 999.0 296.7 279.4  61.8 247.9 236.8  68.6 264.3 276.6 235.8 252.9  32.3 266.7 269.2  38.4 288.4  17.3 282.1 310.6
 wrfout_d04_2016-05-03_11:00:00 999.0  65.1 345.3 329.1 359.8   9.3 321.2 244.4  13.0 271.7 142.8 149.4 999.0 302.8 279.0  18.0 238.4 238.2 102.2 268.7 257.9 236.6 257.0  27.0 266.1 271.5  41.0 288.6 236.7 326.6 319.6
 wrfout_d04_2016-05-03_12:00:00 999.0  79.0  36.8 345.2  32.2  38.2   6.6  52.9 353.8 338.4  43.9  20.0 999.0 286.2 305.4  47.7 185.6 231.2 176.2 277.1 246.3 244.5 266.3  25.1 275.5 278.8  31.8 290.1 280.7 327.3 319.6
 wrfout_d04_2016-05-03_13:00:00 999.0  86.1  84.8 161.7  59.3  86.6  96.0  44.5  82.5  10.7  54.1  39.4 999.0 321.4 311.0  25.2 251.5 232.2 191.9 276.5 234.0 249.6 270.4  25.2 279.5 282.4  30.0 283.8 312.4 345.6 316.3
 wrfout_d04_2016-05-03_14:00:00 999.0  96.3  93.7 170.1  63.7  90.2  92.7  54.6  76.8  35.0  42.3  47.4 999.0 337.2 270.6  23.3 266.9 229.2 194.7 285.8 230.7 242.0 267.2  17.0 274.9 273.6   5.5 270.2   1.3 357.9 320.7
 wrfout_d04_2016-05-03_15:00:00 999.0  92.8  95.7 169.4  64.5 101.9  94.5  66.5  70.0  56.7 353.0  83.6 999.0   4.3 255.1  21.6 218.0 205.2 200.9 268.0 231.5 232.9 248.6  26.2 260.6 260.3  13.2 258.2 349.7   8.3 334.8
 wrfout_d04_2016-05-03_16:00:00 999.0 101.4 101.9 144.9  74.2  82.7  75.7  67.3  51.3  49.8 344.7 184.1 999.0 351.0 227.0  16.7 230.5 189.9 198.3 257.6 235.9 210.8 147.4  32.0 235.9 218.9  32.2 256.1   3.2  14.0   0.7
 wrfout_d04_2016-05-03_17:00:00 999.0 115.5 104.4 129.9  77.8 104.5  72.4  57.0  44.9 251.0 287.4 108.2 999.0   9.1 199.6   9.3 157.2 144.4 194.3 230.4 239.2 185.4 136.9  28.0  17.2 323.9  23.7 263.4   7.3  21.0  17.1
 wrfout_d04_2016-05-03_18:00:00 999.0 111.8 113.6 134.0  89.4  73.9  78.7  49.1  57.7 240.0 326.2 262.0 999.0 347.9 174.7 356.8 174.2 166.5 192.0 217.7 238.9 179.7 117.1  25.1  38.8 349.5  18.1 273.7  23.1  25.4  17.2
 wrfout_d04_2016-05-03_19:00:00 999.0 114.4 112.3 124.4  87.7  93.6  73.8 131.5  58.8 215.4 320.2 344.6 999.0  15.0 184.1 353.6 171.3 154.7 195.1 206.5 241.9 183.2 120.6  23.1  62.0  46.2   7.5 262.9  10.8  29.5  21.0
 wrfout_d04_2016-05-03_20:00:00 999.0 111.2 120.5 123.9  94.9  98.3  75.2 199.6  74.4 227.1 332.2 105.5 999.0   9.2 107.4 335.3 161.4 178.2 194.5 196.7 241.1 195.7 111.8  23.3  80.2  61.5 352.2 242.8  18.5  32.8  17.7
 wrfout_d04_2016-05-03_21:00:00 999.0 126.7 121.7 121.9  96.2  79.6  72.7 196.2  79.9 199.7 301.7 139.8 999.0 315.7 149.1 299.8 171.8 179.4 191.0 207.5 242.7 181.8 106.8  18.7  75.1  80.2   6.5 231.1 351.6  34.7  15.4
 wrfout_d04_2016-05-03_22:00:00 999.0 124.0 133.6 125.8 108.3  75.9  73.6 207.1  76.1 164.5 319.5 154.1 999.0 318.7 196.3 115.3 193.1 191.1 193.4 216.2 242.4 190.2 123.0  23.5  86.7 104.5  10.0 264.5 353.5  40.8  41.8
 wrfout_d04_2016-05-03_23:00:00 999.0 118.2 140.3 135.0 124.8 112.9  85.3 205.2  39.3 159.6  89.9 159.9 999.0 325.0 204.1 189.1 303.1 221.5 216.2 214.6 256.5 202.1 121.3  38.2 140.8 148.1  20.0 329.5  16.4  46.4  48.9
