 wrfout_d04_2016-10-04_00:00:00 999.0 330.2 356.1 351.0 354.8 314.1 281.1  65.9 165.5  59.9 155.8 289.9 999.0  34.2 151.2 226.8 274.5  23.7  34.9 214.5 343.3  18.2  38.6 225.0 236.4 263.2 336.3 220.3 107.1  95.8  94.1
 wrfout_d04_2016-10-04_01:00:00 999.0 326.1 355.8 342.1 358.6 326.3 295.3  52.1 336.6  47.3  97.6 304.9 999.0  32.5 169.5 202.0 325.4  25.0   4.1 200.3 353.5  14.7 301.4 161.9 215.4 226.5   4.3 227.7 153.3 112.8 108.2
 wrfout_d04_2016-10-04_02:00:00 999.0 321.9 344.9 335.4 348.0 333.3 316.7  19.2 351.7  48.4  97.3  39.5 999.0  25.9 204.6 169.8 340.2  18.7 314.7 205.1 348.9   9.1 282.4 159.2 222.2 227.5 217.0 238.4 121.3 112.0 123.6
 wrfout_d04_2016-10-04_03:00:00 999.0 319.2 345.0 334.4 345.8 345.2 315.7  14.8 353.2  33.7 109.9  76.5 999.0   6.9 229.7 156.1 342.5  15.4 317.1 207.5 336.9   6.2 264.6 149.8 219.1 223.9 179.4 244.8 128.3 101.1 106.5
 wrfout_d04_2016-10-04_04:00:00 999.0 313.8 357.4 341.1   1.1 343.9 311.8  20.9 348.3  27.0 112.5 103.3 999.0 359.5 240.3 155.6 312.6  11.2 352.7 208.6 341.2   9.3 254.6 139.5 225.0 228.7 141.5 245.5 127.9  95.4 106.2
 wrfout_d04_2016-10-04_05:00:00 999.0 309.6 358.2 339.5   5.0 349.3 311.2  23.1 346.1  23.7 127.0  99.6 999.0 357.2 239.3 152.0 300.8  13.1 348.3 222.4 353.9  12.3 251.5 162.0 230.3 233.5 137.4 246.5 135.3  94.9  98.3
 wrfout_d04_2016-10-04_06:00:00 999.0 309.4   0.3 341.4   8.5 354.4 315.3  23.7 345.9  26.0 132.7  83.0 999.0 359.8 259.3 151.8 323.3  17.5  21.8 244.0   4.9   6.5 248.7 144.1 236.0 239.5 135.5 254.4 126.7  96.9 104.8
 wrfout_d04_2016-10-04_07:00:00 999.0 307.5   7.0 341.7  17.4   2.1 313.5  30.7 348.3  28.6 141.1  70.8 999.0   2.4  10.1 119.4 358.3  18.4  28.9 260.8   4.6   1.2 243.5 145.6 233.7 239.2 132.4 246.9 127.8 100.0 107.7
 wrfout_d04_2016-10-04_08:00:00 999.0 299.1  26.0 340.9  36.5   0.5 316.7  41.2 351.1  30.4 119.2  48.2 999.0   6.2   1.5 102.9  16.5  12.6  52.8 264.4  23.4   9.5 228.7 104.9 235.3 235.5 147.1 251.4 117.6  95.9 101.6
 wrfout_d04_2016-10-04_09:00:00 999.0 295.4  54.3 334.2  57.5  11.2  88.9  58.2 355.0  37.5  75.7  44.0 999.0   8.9   1.4  52.5   3.5  22.6  36.2 274.5  48.9  16.7 229.7  95.8 211.7 216.7 152.7 236.1  89.2  96.3 101.9
 wrfout_d04_2016-10-04_10:00:00 999.0 290.9  74.5 113.2  50.9  52.2 103.9  72.2  69.1  58.5 257.3  72.1 999.0  11.8   9.9  36.2 188.3  36.6 266.8 317.5  76.6  21.1 195.0  73.2 227.5 228.7 122.8 226.0  96.1  96.3  98.6
 wrfout_d04_2016-10-04_11:00:00 999.0 293.2  54.4 137.7  29.4 157.7 105.7  76.7  84.3  67.8 229.3  96.5 999.0  10.0   5.8  16.4 149.3  51.3 129.4 320.9 124.6  27.6 111.3  69.2 211.9 189.2 166.9 187.9 263.5  96.4 100.9
 wrfout_d04_2016-10-04_12:00:00 999.0 293.6  64.4 137.1  41.6 128.4 101.6  62.4  83.5  71.8 272.4 112.4 999.0   3.3  15.6   1.6 175.6  55.9 215.4 330.5 142.9  38.4 105.9  51.2 209.8 218.0 139.6 187.1  31.2  89.6 100.4
 wrfout_d04_2016-10-04_13:00:00 999.0 289.2  68.8 134.6  45.1  46.1  80.9  60.5  62.4  67.7 259.6 117.7 999.0 355.9  17.0 341.1 205.1  78.8  60.4 307.8 152.3  99.8 121.3  17.3 241.8 228.0 245.0 181.5  17.5  81.4 102.6
 wrfout_d04_2016-10-04_14:00:00 999.0 329.9  77.2 161.0  51.0  99.1  86.5  56.6  42.8  54.7 274.0 132.5 999.0 353.0 164.7 295.8 182.1  70.2  62.4 287.0 154.4  89.4 111.1 358.4 291.5 220.7 326.6 180.8  21.4  79.8  92.3
 wrfout_d04_2016-10-04_15:00:00 999.0  14.9  81.3 151.6  55.3  72.8  75.8  52.7  35.1  47.2 319.0 223.5 999.0 345.1 184.6 254.7 172.8 170.3  79.5 246.3 149.2 153.5 302.5 343.4  19.4 341.0 340.4 195.1   3.0  78.9  95.5
 wrfout_d04_2016-10-04_16:00:00 999.0  16.8  84.8 170.3  57.3  46.4  81.5  46.2  38.1  46.1 334.8 272.5 999.0   0.7 161.1 274.0 186.0 309.0  97.8 246.6 151.9 178.6 167.1 359.8 276.0 221.6 325.3 139.9  11.0  69.8  91.2
 wrfout_d04_2016-10-04_17:00:00 999.0  34.5  84.9 176.4  57.6  40.6  79.1  53.0  45.9  51.5  27.4 269.6 999.0 358.3 145.6 276.3 188.9 351.8  95.2 264.8 148.7 229.4  96.5 345.6 346.4 318.0   2.6  50.6  25.0  68.6  92.1
 wrfout_d04_2016-10-04_18:00:00 999.0  72.2  84.7 169.4  59.1  25.1  72.7  48.9  53.2  45.2 310.1 277.9 999.0 352.0 138.5 285.6 200.7 354.2  87.9 240.2 151.7 266.9 283.8 350.6 344.1 317.4   1.8  41.8  16.6  68.2  91.0
 wrfout_d04_2016-10-04_19:00:00 999.0  72.5  85.1 167.8  60.9  59.5  73.3  47.6  57.4  42.3 126.1 249.7 999.0 347.7  99.8 307.3 194.1 351.3 111.3 287.5 152.1 302.5 287.5 351.5  32.1 356.6 309.3  27.6   6.0  65.3  90.2
 wrfout_d04_2016-10-04_20:00:00 999.0  62.2  86.5 163.3  63.7  91.6  69.8  44.2  55.9  38.5 272.2 255.8 999.0 354.0 156.0 311.1 207.2 353.9 186.4 325.3 154.0 342.0 282.0 350.1 356.2 336.3 334.9  23.9   7.5  60.3  86.8
 wrfout_d04_2016-10-04_21:00:00 999.0  63.8  84.6 156.6  66.4  90.2  75.4  50.2  59.7  60.1 319.6 286.1 999.0 350.1 142.5 313.4 194.1 355.1 197.0  12.5 153.4 338.2 320.1 355.9 342.6 329.4 341.0  22.6   6.8  57.2  85.1
 wrfout_d04_2016-10-04_22:00:00 999.0  53.8  83.4 157.6  66.4  92.4  72.7  51.2  60.1  67.8 224.9 270.2 999.0 346.5 113.0 323.3 179.3 351.9 198.6 120.0 154.2 341.2 325.0   6.9  12.5  19.8 350.2   5.1   5.0  53.4  85.4
 wrfout_d04_2016-10-04_23:00:00 999.0  37.4  83.9 154.1  68.8  96.8  72.7  61.4  61.8  72.5 262.1 291.7 999.0 351.4 138.6 352.8 254.0 353.9 201.9 172.0 151.9 348.0 330.9  29.8  12.6 348.6 356.5 346.9  11.5  48.2  79.0
