 wrfout_d04_2016-08-12_00:00:00 999.0 109.5 115.1 135.7 110.5 102.6 104.0 213.3 160.9 149.4  96.0  63.6 999.0  21.3  58.1 357.5   2.2  14.9  44.7 222.9 135.5 136.4 124.9  58.8  72.4  69.9  23.4 202.5 318.6 226.8 241.4
 wrfout_d04_2016-08-12_01:00:00 999.0  99.3 109.2 125.2 108.2 106.1 101.5 248.9 104.4  64.7 312.0 153.7 999.0  11.4 358.3  23.5   5.2  26.3  13.7 214.8 116.4  38.9 107.5  35.9 106.4 107.3  39.8 103.9 243.3 226.7 239.1
 wrfout_d04_2016-08-12_02:00:00 999.0  95.8 113.5 140.4 115.2  89.6 128.9 268.4 115.5 238.7   4.6 153.0 999.0 324.3 315.5  45.5 338.2  17.1  36.8 247.8  42.6  79.8 134.2  50.3 109.3 150.0  79.9 228.6 147.2 225.2 223.7
 wrfout_d04_2016-08-12_03:00:00 999.0  89.9  98.1 143.5 106.6 103.2 130.1 278.9 116.6 331.9  62.2 168.8 999.0 310.9 303.6  33.9 339.7  51.2  49.3 230.6  46.5  56.5  88.7  42.5  59.1  73.5 312.9 234.4 155.5 225.8 238.6
 wrfout_d04_2016-08-12_04:00:00 999.0  82.3  95.9 126.4 100.4  69.9 107.4 273.3  97.4 289.3  76.6 152.3 999.0 314.4 317.0  23.0 245.4 242.4  20.7 227.3  89.5 224.1 138.4  21.0  32.5 356.3 311.6 222.6 259.0 227.9 229.4
 wrfout_d04_2016-08-12_05:00:00 999.0  83.0  92.9 111.1  77.8  64.7  79.0 287.5 114.2 285.2 134.8 162.5 999.0 286.2 275.6  32.2 254.9 262.8  43.2 233.2 132.1 312.2 113.8  32.7  28.1 339.8 218.7 221.5 164.8 232.3 231.7
 wrfout_d04_2016-08-12_06:00:00 999.0  81.9  83.6 119.9  76.9  71.1 101.9 286.5 107.5 294.1  60.1 120.8 999.0 244.4 266.3  32.1 266.5 218.3  34.6 223.6  91.5 318.2 358.1  48.4  44.4 341.9 229.1 227.2 199.7 234.0 227.2
 wrfout_d04_2016-08-12_07:00:00 999.0  82.6  82.6 105.3  79.8  76.3  70.4 272.6  70.5 300.1 121.3 164.0 999.0 235.9 235.0  44.3 232.8 202.6 279.2 204.5  28.4 319.0 331.0  49.8  94.7 264.2 217.4 333.5 216.4 234.1 231.6
 wrfout_d04_2016-08-12_08:00:00 999.0  84.5  85.9 123.5  84.2  84.6  97.1 233.8  71.5 299.8 124.2 165.2 999.0 231.8 323.6  46.0 230.6 230.1 225.9 217.6  53.2 230.3 113.0  50.6 106.9 111.3 193.4 195.1 213.8 232.5 228.5
 wrfout_d04_2016-08-12_09:00:00 999.0  89.6  93.7 138.6  92.9  96.2  91.0 179.9  77.5 217.3  53.6 129.4 999.0 169.5 156.5  73.4 235.8 211.5 235.6 155.0  14.5 205.3  97.4  28.1  80.3  84.5 227.4 211.5 211.0 228.5 225.2
 wrfout_d04_2016-08-12_10:00:00 999.0  94.7  96.1 115.9  86.0  94.8  98.9 203.8  93.2 211.0  50.5 149.0 999.0 174.5 165.1  21.4 195.2 203.1 230.0 151.0 103.2 179.1 106.4 260.1 190.1  96.8 352.4 211.3 189.0 222.9 229.1
 wrfout_d04_2016-08-12_11:00:00 999.0 109.9  99.0 146.7  91.4  99.2  67.1 219.3  52.7 226.9  52.4 158.7 999.0 147.8 122.2  28.3  61.6 180.3 219.2 133.5 156.9 108.4 114.9 165.7 113.4 111.8  50.6 190.9 187.9 223.6 224.0
 wrfout_d04_2016-08-12_12:00:00 999.0 123.4 115.9 141.3 106.6 118.6  95.8 213.5  74.0 221.0 181.3 155.2 999.0 139.3 131.9   6.7 134.0  50.2  76.6 176.7  60.5 299.1 123.0 278.8 118.1 124.8 349.1 199.7 162.5 221.5 220.0
 wrfout_d04_2016-08-12_13:00:00 999.0 116.3 100.9 137.0  87.2  81.3  69.3 247.4  57.4 259.9  37.4  35.5 999.0 171.5 175.8  21.9 254.6  86.9 154.4 171.0 118.3  45.0  98.8 123.9 150.9 154.2 338.3 193.2 268.1 223.3 222.8
 wrfout_d04_2016-08-12_14:00:00 999.0 105.7 112.4 134.2  89.7 112.4  85.9 237.1 196.7 206.7 193.8 286.2 999.0 187.1 208.4  28.8 254.4 118.8 204.7 197.1 165.5  62.6 186.3 252.8 114.9 100.1  63.1 200.1 154.2 227.6 214.9
 wrfout_d04_2016-08-12_15:00:00 999.0 112.1 110.0 194.2  99.5  87.6 107.0 222.5 220.4 269.2  76.3  16.0 999.0 160.0 134.6  21.7  77.9 172.9 221.4 195.9 186.2 197.5 164.4 321.2 142.3 191.7 302.4 212.9 175.1 220.5 211.6
 wrfout_d04_2016-08-12_16:00:00 999.0 144.7 177.4 280.5  79.3 154.6 211.5 224.2 238.3 316.4   7.0 201.2 999.0 172.2 168.3   1.3  24.8 192.6 153.5 195.2 165.1 185.0 165.4 239.5 222.9 268.7 262.5 121.4 148.5 221.1 199.5
 wrfout_d04_2016-08-12_17:00:00 999.0 129.5 131.4 301.3 110.8 135.4 117.0 198.3 231.0 106.9 166.4  94.1 999.0 104.6 170.3 297.0  42.9 186.6 213.2 188.4 186.8 192.5 148.2 219.3 123.7  98.8 211.2 172.9 139.8 226.0 212.0
 wrfout_d04_2016-08-12_18:00:00 999.0 136.0 138.0 194.1 129.6 127.0  97.5 161.6 214.3 111.4 266.0 157.2 999.0 131.4 305.0 262.9 333.4 218.0 182.5 197.4 175.1 199.8 173.3 226.1 154.0 197.3 305.5 175.4 163.5 221.1 211.3
 wrfout_d04_2016-08-12_19:00:00 999.0 121.0 124.4  55.0 101.9  13.3  50.6  35.3  56.5 261.6 330.6 129.4 999.0 218.2 229.2 225.4 297.0 171.0 194.7 195.5 168.5 202.8 100.5 251.3 123.5  97.3 295.3 154.3 180.2 223.0 203.8
 wrfout_d04_2016-08-12_20:00:00 999.0 136.4 124.4 133.5 105.1  99.2  78.4 104.7  41.2  84.1  16.6 106.1 999.0 117.4 119.3 272.1  16.1 152.2 194.3 204.8 152.7 191.0 168.6 234.1 129.3 171.2 287.0 136.8 181.2 220.9 198.7
 wrfout_d04_2016-08-12_21:00:00 999.0 126.1 118.1 125.0  98.8  91.7  81.1  37.6  59.5 258.7  18.0 132.3 999.0 214.6 276.5 279.9 359.8 165.9 211.8 173.9 157.0 206.3 154.9 255.1 176.4 151.3 265.6 193.0 154.7 205.9 196.3
 wrfout_d04_2016-08-12_22:00:00 999.0 114.3 113.1 135.5  96.2  87.5  85.0 211.9  85.4 339.8   9.4 129.8 999.0 152.9  96.9 227.8  97.2 196.6 167.1 180.9 156.4 183.3 123.0 347.1 137.7 132.4 282.2 170.9 203.8 212.1 188.2
 wrfout_d04_2016-08-12_23:00:00 999.0 117.6 114.0 142.7 102.0  97.5  76.8 250.5 336.2  60.7  38.6 158.8 999.0 150.4  54.1 225.2  28.7 177.0 143.5 183.7 162.6 223.1 152.9  50.3 134.7 129.8 228.6 172.0 202.9 211.3 186.5
