 wrfout_d04_2016-05-26_00:00:00 999.0 129.7 237.3 303.5 237.6 325.2 274.4 252.9 197.6 288.3 134.5   3.3 999.0 331.5 190.3 160.0  23.0 110.6 209.7 203.1 209.5 112.1  48.9 133.2 142.7 149.8 170.5 171.0 174.5 199.4 160.6
 wrfout_d04_2016-05-26_01:00:00 999.0 146.5 237.8 307.7 229.9  23.2 251.9 276.2 224.6 278.8  97.3  53.5 999.0 306.6 195.7 117.1   0.5  99.8 219.7 209.0 217.4 112.9 273.1 170.8 166.2 178.2 160.3 175.1 150.1 187.7 180.5
 wrfout_d04_2016-05-26_02:00:00 999.0 154.4 239.3 309.9 229.3  28.5 204.5 288.0 218.5 270.8  98.4  84.0 999.0 313.4 203.7 110.1 307.7 114.4 226.6 209.7 223.9 113.4 226.8 155.7 193.4 210.3 143.8 182.3 149.7 180.6 207.1
 wrfout_d04_2016-05-26_03:00:00 999.0 147.7 241.6 300.8 232.5  33.9 213.4 294.1 226.5 280.4  97.5  90.1 999.0 307.2 193.8 100.4 271.8 126.9 226.0 204.1 228.1 116.2 217.4 153.4 217.0 210.4 148.3 192.2 157.6 174.9 214.6
 wrfout_d04_2016-05-26_04:00:00 999.0 148.2 255.4 309.8 249.4  34.1 316.5 297.6 302.5 288.1  93.8  90.1 999.0 318.2 189.7  90.3 249.4 171.7 226.9 189.9 235.9 119.7 216.7 141.2 218.9 212.6 142.2 202.2 165.7 178.3 228.0
 wrfout_d04_2016-05-26_05:00:00 999.0 153.5 286.7 320.0 260.2  36.2 317.3 305.8 319.1 283.4  87.7 107.1 999.0 331.9 221.3  78.0 238.6 190.7 227.7 195.3 235.4 142.7 219.9 149.3 219.9 214.7 141.4 205.8 185.9 174.4 231.7
 wrfout_d04_2016-05-26_06:00:00 999.0 152.0 318.0 310.0 236.4  35.9  29.2 316.7 322.9 301.4 108.0 104.0 999.0 337.7 237.4  69.7 232.7 176.9 228.2 222.1 229.8 174.3 221.6 150.6 224.0 217.0 147.8 208.4 191.5 174.5 232.9
 wrfout_d04_2016-05-26_07:00:00 999.0 140.2 347.8 317.4 220.1  51.7  90.6 336.6  74.5 304.0  89.8  85.4 999.0 340.8 320.0  50.4 235.0 176.9 235.6 219.4 236.1 187.5 217.3 153.0 221.2 215.3 148.6 207.7 201.4 173.3 227.8
 wrfout_d04_2016-05-26_08:00:00 999.0 149.6 147.5 331.1 180.1  36.4  75.9 333.9  78.4 299.6  57.5 107.3 999.0 331.2 326.9  50.0 236.4 183.4 237.3 259.6 239.8 180.8 216.5 169.1 223.0 214.6 147.8 203.5 199.9 164.3 226.4
 wrfout_d04_2016-05-26_09:00:00 999.0 145.3 115.3 326.6 145.1  25.2  86.1 339.2  65.5 306.7  83.8 106.5 999.0 329.3 318.8  38.6 235.8 187.6 234.7 266.6 249.4 179.7 211.8 174.6 222.8 215.1 145.6 195.2 199.0 175.9 214.6
 wrfout_d04_2016-05-26_10:00:00 999.0 145.1 164.1 322.3 165.2  17.0  57.4 340.9  44.9 317.9  22.0 112.8 999.0 343.5 304.4 346.2 224.0 189.1 214.9 262.2 186.2 181.4 203.4 168.1 213.7 203.9 141.4 183.8 183.6 178.5 191.7
 wrfout_d04_2016-05-26_11:00:00 999.0 140.5 131.8 316.4  96.9 313.2  67.9  50.9  52.5  21.7  57.4 120.0 999.0 348.9 309.2   2.2 184.0 189.1 206.4 258.7 194.0 179.2 199.0 172.9 212.7 203.0 132.2 183.6 195.0 171.8 164.8
 wrfout_d04_2016-05-26_12:00:00 999.0 149.3 129.7 241.2  92.9 279.9  74.0  92.4  55.1 336.4   8.7  55.5 999.0 322.5 315.1  96.9 180.0 189.3 186.6 270.9 191.7 173.5 190.8 169.1 213.8 201.5 154.3 170.1 164.5 169.2 151.1
 wrfout_d04_2016-05-26_13:00:00 999.0 137.1 100.5 328.2  70.0  27.8  32.4  44.0   3.1 163.5 126.3 110.8 999.0 305.2 226.4 224.0 216.9 160.9 183.3 256.0 163.3 157.8 185.5 164.3 202.0 202.6 135.0 166.9  21.2 154.1 129.3
 wrfout_d04_2016-05-26_14:00:00 999.0 138.1 173.4 321.3 137.6 212.2 115.3 138.7 169.5 271.6  58.9  65.8 999.0 359.4 202.3  78.6 221.5 175.1 203.0 263.9 169.4 168.2 170.8 194.8 199.3 195.8 168.3 169.8  14.6 148.5 110.3
 wrfout_d04_2016-05-26_15:00:00 999.0 151.2 153.3 300.8 109.4 298.5 308.2 106.7  46.2  91.1 299.8  23.9 999.0 354.9 178.8  23.5 164.2 165.8 199.9 251.1 174.5 174.1 163.8 213.1 193.6 183.6 217.6 168.3   2.4 150.4 112.9
 wrfout_d04_2016-05-26_16:00:00 999.0 134.6 156.9 312.9  56.0  80.6 322.4 309.9 219.7 141.1   1.9  40.7 999.0 236.8 159.8  40.7 109.7 172.3 201.0 177.2 179.3 167.3 171.3 219.7 164.3 165.7 224.2 164.2 313.9 137.0 104.0
 wrfout_d04_2016-05-26_17:00:00 999.0 141.1 262.3 315.2  21.8 345.5 163.3  20.6 180.0 260.5 133.5  25.2 999.0 188.0 137.8 159.8  42.5 158.2 195.2 201.5 179.4 168.8 173.9 234.1 129.6 153.6 216.3 161.3 328.0 133.6  98.5
 wrfout_d04_2016-05-26_18:00:00 999.0 143.1 256.6 336.5   9.1 261.9 220.9 109.5 117.4  75.3 156.2   6.8 999.0 195.1 145.7 228.8  32.8 154.7 195.8 211.7 177.7 166.8 117.2 242.7 120.1 133.0 281.8 167.7 323.5 137.0 101.0
 wrfout_d04_2016-05-26_19:00:00 999.0 156.1 231.7 115.0 357.6 219.8 234.4 130.3 165.7 103.2 279.3  12.2 999.0 210.4 148.3 206.4  34.3 160.3 195.1 251.4 176.2 160.5  88.0 244.6 122.4 117.4 294.1 160.8 317.1 134.5  90.6
 wrfout_d04_2016-05-26_20:00:00 999.0 151.9 236.4 140.2 318.5 235.2 197.3 157.8 196.0  91.6 274.6  17.6 999.0 230.0 155.0 206.1  22.5 148.8 198.1 249.2 176.3 161.1 102.5 247.1  95.6 173.0 236.5 166.6 318.0 140.9  92.5
 wrfout_d04_2016-05-26_21:00:00 999.0 175.6 239.3  92.9 305.5 293.6 107.4 171.4 193.4 104.1 322.2  13.8 999.0 210.3 174.6 215.0  49.1 146.6 200.5  57.4 176.0 159.1 164.4 251.8  59.7 180.8 243.1 157.3 312.9 151.9  90.2
 wrfout_d04_2016-05-26_22:00:00 999.0 181.3 240.9 121.0 279.1 342.4  69.4 175.1  47.9 108.4 359.1  22.4 999.0 199.9 164.3 201.7  31.5 155.0 201.7 139.7 175.2 159.3 143.5 246.5  63.2 115.6 237.4 155.1 308.6 158.5  93.1
 wrfout_d04_2016-05-26_23:00:00 999.0 187.3 247.3 269.3 246.7 353.2 277.9 210.9 301.9 150.6  38.6  39.5 999.0 196.6 165.9 191.0 359.6 164.4 213.3 195.1 171.0 165.3 135.8 229.1 152.6 160.6 201.2 157.4 271.4 167.9 104.7
