 wrfout_d04_2016-10-03_00:00:00 999.0 352.7 359.8 347.8 337.2 340.8 288.2  65.3   8.4  51.0 123.5 341.3 999.0   1.4 246.2  22.1 311.9 341.6  60.8 350.6 358.5 355.2  74.7  72.3  28.5   2.1  52.8 342.7 213.9 325.0 321.4
 wrfout_d04_2016-10-03_01:00:00 999.0 356.2  26.9 350.7  60.5   2.6 292.6  29.8 349.8  41.8 109.4 358.6 999.0 355.2 313.0  35.4 345.8  21.3  51.1 316.9   5.0  14.2  43.8  95.6   4.9  11.8 100.5 340.8 113.5 301.9 317.1
 wrfout_d04_2016-10-03_02:00:00 999.0 357.7  16.9 349.2  35.0 354.5 268.2  23.0  63.6  37.4  63.1  11.7 999.0 348.7 293.4  44.8 328.1  20.3  48.5 331.7   3.5  15.2 352.6  96.6   3.6   3.2 127.3 341.5 106.1 277.9 311.4
 wrfout_d04_2016-10-03_03:00:00 999.0 357.9   9.5 349.6  19.6 352.5 309.2  22.1 339.2  19.3 324.9  16.9 999.0 352.8 314.0  55.1 300.9  19.0  49.0 344.3 359.5  11.8 346.0  91.6 350.1 350.3 129.9 303.0 104.6 267.7 305.1
 wrfout_d04_2016-10-03_04:00:00 999.0 357.6   6.2 348.8   9.7 353.1 311.1  18.4 338.4  10.9 329.5  22.6 999.0 355.2 331.6  63.1 287.1  15.1  43.8 345.7 354.2   6.9 341.3  84.1 347.2 340.1 130.1 296.2 107.2 260.0 295.4
 wrfout_d04_2016-10-03_05:00:00 999.0 356.4   5.6 349.9   9.7 355.8 311.6  15.9 340.9  12.1 339.7  25.7 999.0 358.0 339.6  64.7 294.5  13.0  47.2 346.2 355.5   7.2 341.6  70.3 331.1 327.5 120.5 296.8  94.6 182.8 293.6
 wrfout_d04_2016-10-03_06:00:00 999.0 355.9   4.4 347.2   8.7 350.0 313.1  19.4 342.5  11.1 342.6  23.1 999.0   0.6 344.6  57.9 305.8  15.2  51.6 344.3 353.8   5.7 340.6  60.2 326.4 324.7 108.7 297.0  98.6  89.8 295.9
 wrfout_d04_2016-10-03_07:00:00 999.0 355.3   6.6 347.7  11.0 345.6 316.4  23.9 342.8  23.4 352.2  22.1 999.0   6.3 353.4  46.3 295.7  17.1  54.4 342.5 356.6   5.9 340.2  54.9 325.5 323.5  99.7 300.2  96.1  84.8 300.8
 wrfout_d04_2016-10-03_08:00:00 999.0 356.3   7.1 346.3  11.7 340.0 321.6  27.8 343.7  31.4  56.0  12.9 999.0  11.7 357.1  30.2 284.8  17.8  64.2 339.7 350.2   4.1 343.7  40.3 327.2 328.7  86.6 301.1 106.7  88.7 303.2
 wrfout_d04_2016-10-03_09:00:00 999.0 357.7  16.0 349.1  20.2 328.2 328.2  39.7 344.2  30.8 121.0   4.4 999.0  14.4   3.0  42.2 273.8  15.0  82.6 332.2 355.5   6.6 346.1   2.7 324.5 329.8  73.2 307.9  82.5  90.0 311.9
 wrfout_d04_2016-10-03_10:00:00 999.0 355.1   9.2 332.2  10.6 306.0 322.6  46.9 348.0  30.9 102.1 356.1 999.0  13.0   0.6  45.2 206.3  19.6  99.3 334.2 338.0  11.0 349.4 355.6 325.9 336.2  50.2 315.6  72.6  72.5 315.4
 wrfout_d04_2016-10-03_11:00:00 999.0 351.7  11.4 322.1  15.7 309.0 317.7  47.3 344.9  38.9  95.9 348.2 999.0  11.9   5.8  59.0 154.3  24.0 134.0 344.6 313.2  11.0 354.8 340.5 337.2 345.9  15.7 316.1  63.6  69.7 325.7
 wrfout_d04_2016-10-03_12:00:00 999.0 349.3  11.5 332.8  18.0 301.9 313.3  68.7 183.5  42.2  58.1 323.4 999.0  14.5   2.8 254.7 190.6  17.9 153.5 346.3 308.8   9.2 359.6  97.4 344.6 353.6  18.2 325.2  32.0  77.5 338.2
 wrfout_d04_2016-10-03_13:00:00 999.0 346.1   7.8 279.6   7.1 285.9 244.7  65.1 193.4  48.5 240.8 309.1 999.0  12.9 355.7 246.2 181.7  17.7 212.6 352.6 303.9  12.4  12.2 327.5   0.8   1.5  51.7 354.3  22.2  79.8  64.3
 wrfout_d04_2016-10-03_14:00:00 999.0 345.9 359.0 326.7   0.7 272.9 228.3  71.9 205.8  49.2 162.4 308.3 999.0  16.4   5.5 218.8 185.2  17.0 225.6 348.1 301.5  13.8  17.9 292.2 341.5 352.2  53.9  33.5  65.1  79.6  94.1
 wrfout_d04_2016-10-03_15:00:00 999.0 347.6 359.8 341.5 359.5 267.9 202.4  84.4 186.4  45.1 146.5 314.4 999.0  15.6   4.9 247.0 186.1  18.5 231.3 355.1 310.6  12.6  15.1   2.3 350.4 355.7 253.4  48.0  77.1  87.2  84.8
 wrfout_d04_2016-10-03_16:00:00 999.0 342.9 358.3 336.1 352.6 257.9 206.3  83.0 188.7  56.0 161.0 296.4 999.0  16.5   5.1 242.2 188.0  24.1 205.2 353.1 326.3  18.2  18.0  46.5  12.8   6.7 306.7  50.6   7.3  98.4  85.5
 wrfout_d04_2016-10-03_17:00:00 999.0 349.2 359.2 345.7 355.7 247.9 218.5  77.6 199.9  54.5 161.4 285.3 999.0  15.7  10.3 230.3 180.2  25.7 213.1 345.2 334.7  21.1  21.1   8.2   3.5   9.2 288.7  49.8 347.5 102.6  89.4
 wrfout_d04_2016-10-03_18:00:00 999.0 346.5 359.5 352.9 355.3 254.8  18.4  80.4 198.5  56.7 163.6 285.8 999.0  18.4   4.9 242.6 167.4  26.0 212.0 342.7 332.6  20.7  35.8 277.3 356.4   3.0 308.3  79.7 334.5 104.4  92.9
 wrfout_d04_2016-10-03_19:00:00 999.0 344.4 359.4 335.0 358.3 262.9  74.2  75.7 209.3  56.8 174.0 281.2 999.0  18.3   5.6 250.7 181.7  25.2 175.6 328.5 344.2  25.2  21.4 255.8   2.8  10.7 270.5 104.5 328.8 103.2  90.7
 wrfout_d04_2016-10-03_20:00:00 999.0 342.1   0.1 340.4   0.4 269.5 186.5  94.3 195.2  63.9 189.5 282.1 999.0  15.4   7.3 264.8 189.5  28.2 166.3 326.0 336.2  25.8  24.4 281.8   1.1  10.9 303.0 135.9 315.9  95.6  78.1
 wrfout_d04_2016-10-03_21:00:00 999.0 338.2 359.1 332.7 357.3 257.6 198.3  88.8 191.6  67.1 192.6 286.0 999.0  17.2  23.7 271.8 189.9  26.7 134.5 326.8 325.6  24.9  25.9 307.1 339.6 355.2   3.0 179.5 307.3  79.0  82.2
 wrfout_d04_2016-10-03_22:00:00 999.0 340.1 356.0 346.7 355.0 248.2 200.7  98.0 189.9  72.1 190.3 282.9 999.0  16.8  74.3 250.7 196.9  27.2 213.2 254.9 298.7  24.3  13.2 320.4 290.1 301.1 358.5 204.9 305.3  79.7  86.8
 wrfout_d04_2016-10-03_23:00:00 999.0 333.2 353.9 342.0 347.5 273.1 217.0  92.4 186.6  67.9 175.4 281.4 999.0  29.6 121.9 243.6 221.8  25.8 173.9 231.5 311.5  21.1  33.1 212.0 192.8 217.7 330.1 216.5 300.6  78.7  82.9
