 wrfout_d04_2016-07-22_00:00:00 999.0 249.0 239.1 253.0 247.3 227.9 251.6 231.5 242.8 244.4  50.7   2.3 999.0 203.8 194.5 188.2 301.5 222.0  55.8 220.8  32.0 224.2 243.4 194.9 197.9 219.3 201.7 244.9 192.4 208.3 268.3
 wrfout_d04_2016-07-22_01:00:00 999.0 246.6 241.5 278.7 245.1 232.1 253.8 235.8 245.1 247.9  70.4  31.6 999.0 217.5 208.9 161.3 264.3 225.2  45.8 230.0  14.3 227.8 245.6 193.8 252.4 249.5 191.5 248.9 182.6 210.1 267.7
 wrfout_d04_2016-07-22_02:00:00 999.0 247.3 249.4 285.2 252.4 254.4 254.4 238.4 247.7 249.3  80.4  41.6 999.0 235.1 224.0 159.6 255.7 225.2  42.4 248.0   5.7 230.4 249.7 193.4 258.5 259.3 181.5 258.0  74.5 217.3 279.3
 wrfout_d04_2016-07-22_03:00:00 999.0 252.8 251.7 285.3 258.2  21.4 267.1 240.4 254.7 250.5  89.2  54.5 999.0 238.6 228.2 154.8 240.9 226.2  42.7 256.0   2.1 234.2 261.7 181.8 264.6 262.0 170.9 269.8  62.6 209.9 282.3
 wrfout_d04_2016-07-22_04:00:00 999.0 258.8 254.7 288.9 264.4  45.3 261.8 242.5 262.0 250.3  98.9  84.9 999.0 242.0 240.3 150.1 232.8 227.1  47.7 257.4 358.1 236.9 265.9 176.3 268.7 264.9 160.5 274.7  65.0 214.6 285.1
 wrfout_d04_2016-07-22_05:00:00 999.0 261.2 257.6 291.9 271.2  51.8 267.3 243.7 263.1 251.2 104.5  98.3 999.0 243.1 250.1 147.7 244.8 228.5  41.5 264.7 358.9 236.0 268.3 175.3 277.2 265.2 153.6 278.8  60.9 214.5 282.4
 wrfout_d04_2016-07-22_06:00:00 999.0 260.0 258.6 294.2 274.8  51.1 272.1 242.3 267.7 252.4  96.2 125.8 999.0 246.6 262.7 138.4 249.2 228.0  26.5 273.7 356.7 235.9 269.9 170.4 273.5 263.9 146.5 278.3  58.3 210.0 285.2
 wrfout_d04_2016-07-22_07:00:00 999.0 248.5 265.8 300.2 280.3  35.5 288.2 237.9 273.6 247.4  93.9 139.8 999.0 239.9 265.2 155.0 254.8 227.6  56.1 277.1  44.2 231.8 267.5 162.3 270.1 264.1 130.1 282.6  50.9 209.7 280.6
 wrfout_d04_2016-07-22_08:00:00 999.0 238.0 268.4 308.7 280.7  17.4 316.1 236.3 270.9 258.1  86.2 154.1 999.0 243.0 253.3 161.4 242.9 216.4  85.8 276.1 190.6 214.0 270.9 154.1 295.6 279.8 109.6 288.5  35.2 213.3 290.8
 wrfout_d04_2016-07-22_09:00:00 999.0 189.2 278.9 331.4 285.2 349.4 344.1 230.7 268.4 248.7  98.5 162.2 999.0 238.2 247.2 166.4 215.0 203.8 118.7 282.1  32.7 211.7 273.5 162.4 282.6 271.1 114.4 284.4  34.6 211.8 300.4
 wrfout_d04_2016-07-22_10:00:00 999.0 153.9 320.6 349.9 328.1  32.0 345.5 222.6 260.6 252.6 104.4 159.6 999.0 249.5 252.2 171.1  61.3 201.9  16.3 269.9  25.6 234.2 247.1 151.5 266.3 267.7  93.2 279.3  13.6 198.6 291.5
 wrfout_d04_2016-07-22_11:00:00 999.0 156.1 201.5   9.2  30.2  18.1 338.1 218.3  40.6 243.4  90.5 165.0 999.0 241.2 274.7 183.3 251.9 227.1  79.2 247.3 101.7 228.0 251.3 209.6 262.7 264.9 103.3 278.1  11.9 193.2 286.1
 wrfout_d04_2016-07-22_12:00:00 999.0 162.5 167.6 348.3 144.2 230.1 347.1 214.8  39.5 227.4   8.7 168.8 999.0 224.4 260.9 203.6 208.1 209.7 116.1 244.2 175.7 219.7 239.6 256.4 257.6 252.8 100.3 256.9   6.2 194.7 294.0
 wrfout_d04_2016-07-22_13:00:00 999.0 167.4 156.0 327.1 101.4 203.6  39.2 213.3 349.4 216.2 357.7 162.7 999.0 207.8 222.6 222.7 218.7 216.8 189.9 220.2   2.7 229.0 211.7 254.9 235.6 230.7  95.6 242.2  18.1 197.8 294.7
 wrfout_d04_2016-07-22_14:00:00 999.0 165.9 154.2 330.5 105.6 311.1  41.7 212.0 331.2 180.6  15.8 159.7 999.0 198.5 196.1 230.8 171.5 211.6 177.9 210.2  34.6 214.5 199.7 271.7 237.4 229.0  10.8 237.5  10.5 203.3 298.7
 wrfout_d04_2016-07-22_15:00:00 999.0 170.7 153.3 331.2 114.2 329.8  23.8 192.6 201.9 152.0  11.2 167.4 999.0 197.1 193.3 226.8  96.9 211.7 207.7 208.2  26.3 209.6 196.6 274.0 215.1 205.5 252.0 227.2   1.9 194.8 239.7
 wrfout_d04_2016-07-22_16:00:00 999.0 173.1 151.3 320.3 107.3 347.3 280.6 197.7 228.5 161.8  16.6 156.2 999.0 194.9 193.5 223.7 209.9 206.6 197.8 204.0  86.9 209.6 192.4 259.5 208.6 203.2 298.5 211.9   3.4 186.1 217.4
 wrfout_d04_2016-07-22_17:00:00 999.0 172.5 169.2 326.0 108.9   8.1 283.8 194.7 231.2 156.2  15.7  58.2 999.0 184.3 187.0 221.7 200.9 212.1 189.0 205.4 115.0 212.4 181.9 249.3 160.1 186.6 284.2 207.2 353.2 175.9  83.3
 wrfout_d04_2016-07-22_18:00:00 999.0 178.3 242.5 339.0 351.6 336.7 289.4 199.1 232.8 145.9  24.8  15.5 999.0 184.7 170.9 218.6 192.9 211.5 169.8 203.3 128.8 215.0 174.0 244.6 138.1 170.4 301.1 213.3 347.5 172.6  34.2
 wrfout_d04_2016-07-22_19:00:00 999.0 185.2 262.5  18.3 312.8 215.9 260.9 200.6 215.0 134.0  61.9   0.0 999.0 179.0 169.6 212.9 199.3 215.6 162.5 198.4 124.3 217.8 151.4 241.0 125.4 131.8 280.9 220.1 345.7 178.5 327.2
 wrfout_d04_2016-07-22_20:00:00 999.0 216.8 251.1  27.8 298.1 193.3 260.2 200.7 220.6 132.9 131.7   1.2 999.0 173.8 167.5 213.9 175.6 214.7 158.2 192.8 134.5 220.6 126.3 239.0 107.2 108.5 302.8 216.0 334.0 180.8 344.2
 wrfout_d04_2016-07-22_21:00:00 999.0 252.8 246.0  59.5 290.4 217.4 275.9 194.9 223.9 130.2 171.3   6.7 999.0 177.1 160.3 215.2 134.2 216.2 168.2 191.6 144.0 224.0 116.4 239.6 108.0 103.6 299.4 234.9 311.9 186.0 330.0
 wrfout_d04_2016-07-22_22:00:00 999.0 261.5 239.2  78.7 279.9 228.8 290.9 205.6 153.3 180.4 170.5 347.6 999.0 172.8 154.4 221.1 358.3 214.6 157.4 188.8 139.9 226.8 107.9 242.4 106.8 104.0 295.0 241.7 303.6 191.3 330.1
 wrfout_d04_2016-07-22_23:00:00 999.0 257.0 234.8 247.7 254.4 228.6 260.1 220.6 235.7 228.3  75.9 351.5 999.0 185.0 183.0 202.2 336.4 215.7  61.7 200.9 113.5 227.7 112.0 219.9 105.1 148.3 233.4 235.8 293.8 204.3 313.2
