 wrfout_d04_2016-01-26_00:00:00 999.0  50.9  81.4 202.4  78.2  86.3  77.1  55.3  66.4  54.6 275.8 303.6 999.0  14.7 185.2 309.5 305.8  25.1 125.6   4.6 254.5  21.6  24.2 357.9  73.0  64.3 353.8  16.4 351.9  59.6  45.9
 wrfout_d04_2016-01-26_01:00:00 999.0  53.2  85.8 116.9  80.2  73.3  82.3  53.3  70.1  53.6 226.6 295.8 999.0  10.8 169.6 306.3 284.7  22.3 157.2   1.2 261.5  23.8  24.5  17.7  20.7  13.7 349.3 359.2 356.9  59.0  48.8
 wrfout_d04_2016-01-26_02:00:00 999.0  56.8  91.7 115.0  84.1  75.2  83.3  54.9  79.3  59.8 271.4 318.7 999.0   6.5 232.0 322.6 329.9  28.0 111.1 355.9 264.4  17.9  19.8  16.6   6.4   0.9 349.2 351.5   0.2  62.4  59.0
 wrfout_d04_2016-01-26_03:00:00 999.0  62.4  95.4 119.4  89.1  83.5  85.1  56.1  81.1  56.8 323.8  25.2 999.0 354.5 207.9 327.1 349.6  31.3  96.7 352.5 267.2  14.0  24.3  13.8   3.0 359.1 340.7 344.8  10.3  64.1  50.3
 wrfout_d04_2016-01-26_04:00:00 999.0  64.0  96.1 120.6  89.5  77.5  88.4  62.6  85.1  62.2 354.0 187.0 999.0 352.3 231.9 262.7 353.1  27.8  79.2 349.6 266.7   9.4  23.6  33.4 358.0 359.0 354.1 339.8  21.3  65.6  58.8
 wrfout_d04_2016-01-26_05:00:00 999.0  72.4  96.7 120.7  91.8  98.8  98.2  59.7  91.9  59.8 344.5 151.3 999.0 347.4 231.6 217.2   9.1  24.3  60.7 348.7 267.4  12.5  16.1  35.8 356.3 349.5   2.1 340.4  15.8  60.9  58.3
 wrfout_d04_2016-01-26_06:00:00 999.0  84.3  99.0 121.5  95.8 109.3 104.6  52.3  94.2  45.2  15.1 150.0 999.0 345.7 289.6   2.6   1.3  19.2  56.5 347.2 267.3  12.1  13.5  33.4 354.5 352.6   9.2 349.2  17.9  52.2  58.4
 wrfout_d04_2016-01-26_07:00:00 999.0  86.5 105.3 122.3  99.3 104.5 107.4  56.3  93.2  37.9 350.1 150.9 999.0 347.9 316.2  15.9   3.3  16.1  55.9 352.4 266.7  10.5  16.4  48.5   0.6 358.6   7.4   6.0  10.2  55.3  55.6
 wrfout_d04_2016-01-26_08:00:00 999.0  84.1 106.5 116.7  97.4 111.4  97.7  64.8  87.2  42.9 330.4 150.8 999.0 357.3 335.5 327.2   6.1  18.3  64.2 351.2 253.7  11.2  17.7  36.2   4.4 358.9  17.8  13.2   8.2  65.9  60.0
 wrfout_d04_2016-01-26_09:00:00 999.0  84.8 105.1 120.9  89.3 111.2  91.3  55.5  82.3  44.0 331.2 119.5 999.0   5.8 344.1 298.0  22.6  17.8  89.5 344.2 232.9  15.2  28.8  10.6   1.1 359.8 352.9  17.0 357.7  60.8  55.6
 wrfout_d04_2016-01-26_10:00:00 999.0  87.0 104.8 123.6  86.8 102.8  78.7  55.7  77.3  40.7 338.0 319.8 999.0  14.9 356.6 262.5  54.7  20.1 176.5 355.9 225.5  19.0  33.4  26.1 358.4   0.3 356.7  20.9   5.0  63.6  60.2
 wrfout_d04_2016-01-26_11:00:00 999.0  91.0 101.9 122.8  85.2 101.7  75.3  58.8  72.8  74.9 301.0 319.6 999.0   8.5   4.1 241.9  56.0  23.4 176.8  15.6 215.3  20.1  29.0   4.5   2.7   0.8 358.7  13.3 359.0  71.6  60.9
 wrfout_d04_2016-01-26_12:00:00 999.0 107.0 102.0 122.8  84.7 111.9  74.1  61.2  70.6  88.9 310.2 316.1 999.0  14.2  13.9 273.1  53.5  24.9 187.4  17.5 202.2  21.8  26.4  13.9   9.4   3.9  14.0   7.4 353.6  72.6  64.7
 wrfout_d04_2016-01-26_13:00:00 999.0 111.5 103.7 120.8  83.1 118.3  75.9  65.6  71.3  91.7 325.9 319.3 999.0  20.8  24.3 326.5  52.3  24.8 196.2  23.9 194.2  22.5  26.9  27.7  23.5  14.4   6.7   4.5   7.1  67.4  60.4
 wrfout_d04_2016-01-26_14:00:00 999.0 109.5 102.3 120.4  82.2  96.5  76.4  59.2  68.4  47.4 338.1 314.5 999.0  23.8 324.5 325.0  60.4  26.8 200.5  10.8 193.3  20.6  24.9  39.9 355.3   0.8 333.9 355.8 358.1  66.8  55.4
 wrfout_d04_2016-01-26_15:00:00 999.0  97.6 103.8 119.2  81.7  95.3  71.6  53.2  63.3  71.4 270.7 265.8 999.0   5.9 197.5 356.4  94.9  19.4 202.0   3.7 190.4  16.0  26.6  27.2 355.4   9.5 351.8   3.1 353.8  52.6  60.8
 wrfout_d04_2016-01-26_16:00:00 999.0  92.3 104.3 117.5  85.0  93.9  72.6  65.0  63.5  72.7 328.5 313.2 999.0  22.1 215.4 335.7 144.5  16.9 194.6 350.4 188.5  13.2  30.1  13.8 347.9  14.8   5.8   5.1   5.1  47.9  65.9
 wrfout_d04_2016-01-26_17:00:00 999.0  98.3 111.8 120.6  89.5  83.0  74.3  46.7  65.5 102.7 340.1 317.3 999.0 209.2 163.4 277.4 161.4  16.5 189.9  44.7 186.0  13.6  30.9   2.4  78.9  61.9   5.3   6.3   1.1  51.2  51.5
 wrfout_d04_2016-01-26_18:00:00 999.0 116.2 120.3 121.7  98.7  80.0  73.0  43.7  54.8 325.0 341.6   0.1 999.0 238.7 135.1 272.4 180.0  12.4 194.4  86.3 190.6   7.8  37.9   4.8  84.7  73.4 356.8 356.6   1.3 107.0  61.3
 wrfout_d04_2016-01-26_19:00:00 999.0 130.6 118.0 117.8  94.2  83.2  70.7  37.2  51.4   4.9 319.8 345.2 999.0 113.4  86.6 214.6 177.3  13.2 200.3 138.7 191.0   6.1  32.4  46.3 125.3 138.4 351.5   6.5   3.5  98.4  58.0
 wrfout_d04_2016-01-26_20:00:00 999.0 123.3 121.8 118.6  95.5  76.8  70.4  44.2  53.6 150.8 331.0 315.1 999.0 129.5  55.8 274.2 194.9   6.0 200.6 292.5 188.4  11.3  97.0  16.7  64.3  66.1  16.4  11.0  11.2  92.7  82.3
 wrfout_d04_2016-01-26_21:00:00 999.0 125.4 116.6 117.5  92.9  54.5  69.7 105.6  52.4 129.6 332.8 136.5 999.0 120.1  87.1 251.2 201.2  15.2 199.0  30.9 183.8   9.1  79.3 348.0  80.7  62.8   1.2  46.1  21.5 100.5  78.4
 wrfout_d04_2016-01-26_22:00:00 999.0 119.0 117.9 119.7  94.4  79.1  72.1 207.4  59.5  99.4 348.6 161.7 999.0 233.5 264.9 246.4 174.5  19.7 185.5  33.2 187.1  20.8  79.1   8.0  19.7  15.9 348.7  31.4   3.2 103.1  78.2
 wrfout_d04_2016-01-26_23:00:00 999.0 126.1 113.8 117.9  89.8  65.9  71.3 183.6  52.8 149.1   6.6 165.4 999.0 160.0 130.2 250.5 228.1  27.3 194.9  70.1 183.1  20.7  68.7  44.6 151.1 155.7  12.5  41.3  10.8  99.3  78.6
