 wrfout_d04_2016-12-27_00:00:00 999.0  14.8  36.4  18.3  32.3  16.4  91.4  37.6  69.5  39.5  66.4 342.7 999.0  15.4   6.7  40.3 227.1  21.4 223.3   4.7 209.5  11.6   9.3  32.5 355.0 358.0  16.9   3.8  18.0  30.4   4.0
 wrfout_d04_2016-12-27_01:00:00 999.0  14.6  37.2  17.7  32.9  16.0  92.0  40.8  54.9  39.3  88.3 344.2 999.0  15.5  10.1  38.2 219.7  21.4 219.4   1.9 220.6  14.5  10.0  28.4 358.1   0.5  14.0 355.1  26.3  33.4  16.3
 wrfout_d04_2016-12-27_02:00:00 999.0  12.9  35.0  19.6  31.8  17.1  96.8  38.0  54.0  40.2  69.8 342.2 999.0  16.8   7.7  36.6 230.4  22.5 221.6   1.5 225.6  16.5   5.9  27.5 359.6 359.5  19.4 350.4  24.7  17.5  17.2
 wrfout_d04_2016-12-27_03:00:00 999.0  13.9  35.2  20.4  32.2  14.4 100.3  35.0  39.2  42.7  98.9 349.0 999.0  17.9   6.7  39.1 230.0  22.0 212.2 357.7 224.7  17.2   6.5  28.7 357.0   0.9  39.0   3.1  32.0  23.9  21.7
 wrfout_d04_2016-12-27_04:00:00 999.0  14.3  33.4  20.1  31.3  13.8  91.2  36.6  47.9  42.2  86.4 350.4 999.0  18.4   5.3  39.1 232.5  21.1 217.4   0.9 219.8  16.3   7.5  26.0 357.0   0.0  28.9 348.6  34.0  22.9  25.1
 wrfout_d04_2016-12-27_05:00:00 999.0  12.4  32.8  19.5  30.8  14.6 102.3  39.3  55.2  44.7  95.1 347.3 999.0  18.2   6.4  38.2 248.1  20.4 251.6   1.0 231.9  18.3   5.3  25.5 359.0   0.9  19.7   4.8  33.4  17.8  38.9
 wrfout_d04_2016-12-27_06:00:00 999.0  11.2  33.5  21.0  31.4  17.0  67.1  37.7  55.1  46.8  89.3 332.3 999.0  18.8   5.8  40.2 236.8  22.8 228.1   0.6 225.1  18.2  10.0  25.5 358.0 359.6  24.2   5.3  34.1  19.4  30.5
 wrfout_d04_2016-12-27_07:00:00 999.0  12.7  34.6  18.5  32.4  16.7  75.2  40.6  53.2  47.4 121.7 329.9 999.0  19.1   5.7  38.0 230.3  23.5 205.2 358.4 232.8  19.1   7.3  23.7 353.0 357.8  24.7 357.8  25.9  21.6  29.9
 wrfout_d04_2016-12-27_08:00:00 999.0  14.2  34.2  16.1  32.6  15.2  86.9  42.3  54.2  47.7  32.7 332.2 999.0  19.4   8.1  35.9 229.5  24.4 222.0 358.9 237.1  20.4  10.8  21.2 359.6   2.8  21.9 353.4  30.3  23.3  32.0
 wrfout_d04_2016-12-27_09:00:00 999.0  14.8  35.8  16.6  33.7  14.5  72.7  43.5  57.3  47.2   4.5 320.4 999.0  18.2  10.5  36.1 223.4  25.8 212.6   0.2 229.8  18.0  12.0  22.4 359.7   5.9  15.2 354.6  21.8  22.0  45.7
 wrfout_d04_2016-12-27_10:00:00 999.0  16.0  37.3  17.5  34.9  15.9  77.5  42.6  58.2  48.3 313.2 314.5 999.0  15.6  11.9  35.0 200.3  25.4 208.4 354.3 228.7  20.2  12.6  20.6 357.8   1.4  14.8 353.2  25.2  21.8  43.5
 wrfout_d04_2016-12-27_11:00:00 999.0  16.9  38.3  17.1  35.5  15.8  73.9  42.2  58.8  48.0   8.9 299.7 999.0  14.3   9.9  37.5 268.7  24.1 224.5 358.9 227.0  19.8  13.2  22.0   1.1   5.0  13.7 355.4  21.8  24.2  45.6
 wrfout_d04_2016-12-27_12:00:00 999.0  17.9  39.5  16.8  35.9  16.8  72.2  44.9  60.0  49.3  17.0 294.5 999.0  14.7   8.0  37.2 200.4  25.0 208.7 359.9 226.5  19.0  14.5  21.6 357.4   5.3  14.8 357.0  20.7  27.3  47.6
 wrfout_d04_2016-12-27_13:00:00 999.0  18.4  40.1  18.0  36.1  18.1  65.3  46.2  64.7  49.7  14.6 299.9 999.0  14.9   9.1  37.2 218.4  24.7 215.8 358.4 219.6  17.7  13.5  21.7 354.9 355.4   9.4 350.5  26.9  25.4  48.9
 wrfout_d04_2016-12-27_14:00:00 999.0  19.9  41.7  19.8  37.0  19.3  65.7  48.3  67.5  50.1   6.5 300.9 999.0  13.7   8.7  35.3 220.6  26.2 204.4 351.1 216.3  21.7  14.1  19.8 358.2 359.7  14.6 356.2  28.9  24.6  50.0
 wrfout_d04_2016-12-27_15:00:00 999.0  21.8  44.4  21.6  39.2  21.5  63.4  48.4  66.5  49.0 341.7 291.2 999.0  14.5   7.7  33.9 220.4  25.1 215.5   0.3 217.8  18.9  18.4  19.4   1.4   5.5  17.8 355.0  23.7  28.7  47.7
 wrfout_d04_2016-12-27_16:00:00 999.0  23.8  45.6  21.1  39.9  23.6  65.8  48.3  66.5  47.4 184.7 292.3 999.0  13.0   8.0  34.0 227.6  22.8 210.1 357.2 214.1  19.2  14.8  20.5 355.1 358.8  18.4   2.0  21.5  25.7  45.6
 wrfout_d04_2016-12-27_17:00:00 999.0  24.2  47.6  21.0  41.8  27.3  73.6  48.8  71.0  47.6 186.7 283.8 999.0  13.2   8.9  32.5 214.0  22.1 211.1   0.9 208.2  19.5  17.7  22.8   3.1   7.4  17.6   0.1  18.6  24.5  46.4
 wrfout_d04_2016-12-27_18:00:00 999.0  24.3  47.0  19.2  41.8  25.3  76.4  50.2  75.4  49.4 216.5 282.0 999.0  17.1   6.4  32.2  27.3  23.4 213.7 358.8 209.5  18.6  19.3  22.1   7.0   6.6   8.7  10.3  22.5  24.5  47.3
 wrfout_d04_2016-12-27_19:00:00 999.0  22.6  48.5  22.0  43.5  26.7  72.1  50.6  82.8  48.4 206.5 276.5 999.0  17.6   4.1  31.8 343.1  23.9 223.9 355.4 210.9  16.6  13.4  21.7   7.3   6.8  14.5  32.4  25.4  26.8  51.1
 wrfout_d04_2016-12-27_20:00:00 999.0  20.9  49.4   7.5  44.3  28.1  77.9  54.5  76.4  47.9 229.2 272.3 999.0  16.2   4.1  35.3 258.5  21.2 223.8   3.5 213.0  18.5  15.3  21.0   3.9   9.1  18.2  13.0  26.7  29.0  52.5
 wrfout_d04_2016-12-27_21:00:00 999.0  17.7  50.2 356.1  46.0  28.3  77.0  53.0  79.0  43.2 234.0 276.6 999.0  17.5   4.6  32.6   4.0  21.9 219.9   1.3 217.0  18.9  16.4  20.8   3.9   4.3  11.5  15.3  23.8  30.8  52.9
 wrfout_d04_2016-12-27_22:00:00 999.0  23.8  51.1   9.5  45.8  32.4  73.7  56.6  85.3  44.8 254.6 277.8 999.0  16.2 356.4  33.7 184.3  22.5 209.5   5.8 232.8  18.2  19.2  21.9  18.2  16.8  16.9  10.9  19.3  30.9  50.6
 wrfout_d04_2016-12-27_23:00:00 999.0  28.5  53.9 252.1  47.2  34.5  86.9  56.9  84.9  41.9 242.9 280.8 999.0  19.6   4.0  30.7   3.2  22.5 206.1 354.9 224.0  17.5  20.0  23.6   3.7  10.6  10.0   3.8  21.5  27.2  51.4
