 wrfout_d04_2016-12-06_00:00:00 999.0  20.7  44.0  22.2  39.1  26.7  62.9  43.5  64.1  52.2  19.6 313.4 999.0  16.6  10.7  40.8 220.4  25.4 230.3   0.6 279.4  20.1  14.1  20.0   0.4   2.4  24.4  12.4  31.2  32.1  55.2
 wrfout_d04_2016-12-06_01:00:00 999.0  19.9  46.7  28.2  40.9  25.8  57.3  42.2  59.7  50.3  33.6 333.4 999.0  18.4  11.6  41.6 242.6  24.9 240.6   5.6 293.4  19.3  14.3  20.8   1.8   6.2  22.8 357.5  34.5  29.3  54.3
 wrfout_d04_2016-12-06_02:00:00 999.0  27.1  49.1  31.9  43.9  26.8  59.4  42.7  61.7  45.7  34.0 359.6 999.0  16.6  10.8  42.1 247.1  24.3 263.2 358.8 300.2  19.1  12.0  24.3   2.2   4.2  26.9 269.3  34.0  34.2  53.5
 wrfout_d04_2016-12-06_03:00:00 999.0  27.8  50.3  34.7  44.7  26.5  61.0  42.5  67.0  45.9  34.6   6.4 999.0  16.9  10.6  39.1 247.9  24.0 260.0 350.0 305.8  19.0   6.6  22.9 359.9   1.0  31.0 260.2  30.9  29.3  53.3
 wrfout_d04_2016-12-06_04:00:00 999.0  29.2  52.0  35.2  45.7  30.9  59.9  44.7  69.4  48.4  42.9 358.2 999.0  14.9   5.1  39.9 239.2  24.0 258.1 347.8 305.3  17.8   3.1  26.4 353.2 353.3  40.8 256.8  34.7  29.7  52.8
 wrfout_d04_2016-12-06_05:00:00 999.0  29.2  53.2  36.4  47.2  36.8  61.9  45.2  66.3  50.7  49.3  10.6 999.0  14.1   6.3  37.2 240.9  23.9 255.8 344.6 302.7  18.3 358.1  24.9 354.0 354.3  37.3 253.4  38.7  31.3  53.2
 wrfout_d04_2016-12-06_06:00:00 999.0  31.0  54.0  36.9  48.6  30.3  64.6  49.9  65.5  52.5  46.9  20.1 999.0  14.5   4.4  32.5 233.3  24.5 256.9 339.0 299.5  18.4 359.1  25.7 359.5 358.2  32.0 254.7  43.4  30.0  53.3
 wrfout_d04_2016-12-06_07:00:00 999.0  35.8  55.8  38.4  50.4  37.2  65.3  54.0  64.6  55.2  25.3  14.8 999.0  15.5   2.5  28.7 236.6  24.2 250.2 338.1 296.1  20.9 359.5  27.9 342.8 344.6  31.7 253.4  38.6  32.5  53.4
 wrfout_d04_2016-12-06_08:00:00 999.0  39.3  59.9  43.6  54.6  36.7  60.2  53.9  63.1  52.8  33.4  16.9 999.0  18.5   3.4  30.7 237.9  24.4 252.9 342.0 296.0  21.6   2.5  25.7 344.4 343.3  20.8 256.3  25.9  31.8  54.3
 wrfout_d04_2016-12-06_09:00:00 999.0  41.5  58.2  49.8  52.6  48.9  63.1  54.3  69.6  46.7  29.9  25.1 999.0  19.7   2.2  29.7 215.5  25.0 198.6 336.2 270.9  20.2   6.9  23.6 347.9 349.2   8.7 260.8  17.2  33.7  53.7
 wrfout_d04_2016-12-06_10:00:00 999.0  41.3  60.2  83.2  55.2  53.0  70.2  55.2  72.9  44.4  22.3  21.1 999.0  14.1   2.1  28.2 194.3  24.7 197.5 347.8 272.3  19.4   6.4  23.1 353.2 357.3 358.6 278.3  16.6  32.7  54.0
 wrfout_d04_2016-12-06_11:00:00 999.0  41.5  64.3 121.1  55.6  54.8  74.4  53.3  79.1  43.1  14.1 287.3 999.0  11.4 359.7  32.9 191.2  24.8 206.9 351.5 267.5  18.3   6.2  21.7 354.0 359.2 352.2 277.3  16.8  33.9  53.1
 wrfout_d04_2016-12-06_12:00:00 999.0  41.4  63.5 149.2  55.1  54.3  81.0  55.3  77.0  43.0  38.9 283.1 999.0  12.7   3.4  25.9 188.3  24.5 215.2 351.8 265.5  16.6  12.8  26.2 352.5 357.0 356.7 327.4  16.5  30.4  54.4
 wrfout_d04_2016-12-06_13:00:00 999.0  44.2  65.3  96.6  58.2  63.2  97.0  55.2  81.0  43.0 212.6 265.2 999.0  14.8   3.7  10.4 188.5  24.1 204.4 346.5 261.7  17.0  15.1  24.0 357.2   3.6 350.3 335.3  18.0  32.9  55.9
 wrfout_d04_2016-12-06_14:00:00 999.0  46.2  65.4 220.8  59.3  57.1  82.7  55.0  82.2  43.2 225.4 265.1 999.0  17.4 357.9   8.3 185.4  24.1 196.3 348.1 260.5  14.5  17.6  21.1 356.2   3.8 348.4 326.8  21.1  33.4  57.6
 wrfout_d04_2016-12-06_15:00:00 999.0  47.5  66.8 237.6  62.4  49.7  89.4  54.5  80.6  43.4 244.3 262.6 999.0  20.3 354.5  14.8 172.7  21.7 195.4 347.7 258.5  12.6  26.5  17.3 352.7   4.4 346.0 321.3   0.1  35.1  56.2
 wrfout_d04_2016-12-06_16:00:00 999.0  47.0  69.7   2.3  61.5  60.1  96.8  52.3  73.8  42.1 258.2 277.3 999.0  19.0 349.5 352.8 156.5  19.2 187.7 351.4 254.7  12.9  26.1  24.1   5.6  15.5 353.6 340.4 355.8  42.6  53.0
 wrfout_d04_2016-12-06_17:00:00 999.0  45.9  66.7 265.2  60.5  68.4  76.1  52.2  68.3  38.8 291.4 307.6 999.0  19.1 352.0 348.4  50.2  19.0 192.2 354.5 253.3  14.0  17.7  15.9 354.3   2.7 355.1   3.5   9.8  39.6  54.6
 wrfout_d04_2016-12-06_18:00:00 999.0  46.4  70.0 313.3  64.9  61.9  81.3  54.2  66.5  41.8 319.7 258.0 999.0  16.4 358.2   3.8  28.7  20.2 194.6 355.4 251.5  12.6  24.1   8.8  12.4   9.4   0.5 344.3   1.4  29.9  49.7
 wrfout_d04_2016-12-06_19:00:00 999.0  49.4  69.9  20.9  61.1  57.6  72.9  52.8  65.3  40.8 288.3 260.0 999.0  16.8 353.0   5.4  26.9  20.1 195.9   2.1 250.7  11.1  21.6  15.7 338.0 347.6   0.8 335.9   4.5  23.9  50.5
 wrfout_d04_2016-12-06_20:00:00 999.0  52.3  68.6  36.4  60.0  59.1  67.5  50.4  63.2  41.2 315.2 257.4 999.0  15.2 352.5   4.7  24.9  22.6 191.4  12.6 247.5  13.3  29.5  17.4 340.4 354.3   2.0 358.6   7.1  32.0  50.8
 wrfout_d04_2016-12-06_21:00:00 999.0  50.9  69.6 269.8  61.0  57.8  71.8  50.4  68.7  40.2 343.9 275.0 999.0  13.7 357.6 359.0  29.7  22.6 199.7   0.2 248.0  13.9  46.3   9.3  26.9 319.8   4.6  18.1  13.3  37.8  51.8
 wrfout_d04_2016-12-06_22:00:00 999.0  46.3  70.6 287.3  61.1  61.2  70.7  49.7  68.8  39.1 120.8 284.4 999.0  13.8 349.2 357.4  33.8  23.2 195.3 330.3 247.4  14.8  27.1   9.2 335.7 347.4   1.3   2.5  10.9  38.5  49.3
 wrfout_d04_2016-12-06_23:00:00 999.0  40.3  71.5 241.6  61.8  71.2  69.7  48.5  70.3  40.0 249.0 271.7 999.0  14.6 339.6 354.2  26.2  22.1 194.7 338.0 248.7  13.3  25.7  12.4 347.9 353.5 358.7 358.2   7.4  34.4  47.5
