 wrfout_d04_2016-08-31_00:00:00 999.0 113.4 249.8 161.5 218.1 145.0 210.1 234.8 251.8 234.0 358.4 317.7 999.0   2.3   3.0  12.1 345.5 347.6 227.3   5.7 257.0 344.8  15.7  63.3 359.1   0.3 187.3 340.2 100.8 273.7 309.2
 wrfout_d04_2016-08-31_01:00:00 999.0 185.3 287.7 306.2 269.7 229.2 288.4 284.1 261.9 295.6 106.5 346.2 999.0 337.5 342.9  30.5 288.5 343.6 250.8 354.2 273.2 352.2  17.0  37.9 349.1 352.2  74.6 338.8 110.3 281.8 301.1
 wrfout_d04_2016-08-31_02:00:00 999.0 204.7 288.2 309.2 273.7  34.3 195.4 276.4 250.8 279.9 108.9  28.3 999.0 325.9 306.3  37.7 272.1 330.7 248.4 345.5 268.8 343.7 351.7  40.3 346.1 344.5  55.5 312.6  93.6 292.2 306.4
 wrfout_d04_2016-08-31_03:00:00 999.0 206.7 275.5 309.2 267.7  27.9 318.3 272.5 258.8 286.2 108.2  56.1 999.0 315.2 290.8  28.7 258.3 307.1 251.9 321.8 274.9 315.4 343.8  39.5 333.0 329.3  55.3 305.3  90.9 295.5 309.8
 wrfout_d04_2016-08-31_04:00:00 999.0 203.6 263.3 302.8 261.9  25.6 314.6 273.1 279.8 279.0 103.8  34.4 999.0 305.0 286.5  48.9 256.8 299.0 267.3 323.0 282.1 313.3 335.0  54.5 320.4 315.2  64.7 299.3  80.6 298.2 300.5
 wrfout_d04_2016-08-31_05:00:00 999.0 221.3 271.0 305.9 270.7  19.9 316.4 283.2 289.0 281.1  94.5  74.9 999.0 298.8 277.6  30.3 256.9 273.4 262.5 307.1 282.6 301.3 313.1  46.3 313.2 299.5  68.3 294.0  88.2 292.9 297.4
 wrfout_d04_2016-08-31_06:00:00 999.0 232.9 272.0 304.4 272.2  27.7 318.8 284.0 303.9 279.5 100.9  83.8 999.0 292.4 275.9  51.8 257.4 255.1 262.7 280.4 280.2 286.9 303.7  50.2 310.5 295.0  77.0 290.6 108.5 290.0 293.1
 wrfout_d04_2016-08-31_07:00:00 999.0 184.9 266.1 308.6 269.0  31.1 326.2 278.1 307.7 275.7  92.3  76.5 999.0 284.4 271.2  56.6 252.0 246.7 271.4 270.6 278.9 272.1 292.3  55.0 305.0 285.4  94.4 290.7 106.3 267.2 289.2
 wrfout_d04_2016-08-31_08:00:00 999.0 191.8 260.5 313.1 266.7  53.3 329.0 265.1 303.9 271.5  79.6  80.5 999.0 273.3 269.3  63.8 253.1 236.5 261.1 267.5 279.4 253.4 282.7   9.3 293.0 279.1 104.6 286.1 126.3 262.0 288.5
 wrfout_d04_2016-08-31_09:00:00 999.0 180.3 270.4 309.8 270.8  59.2 324.7 254.0 307.5 268.1  90.4 105.9 999.0 261.9 265.8  21.5 251.0 231.5 261.6 263.2 272.3 246.5 273.8 355.6 279.1 276.2 133.2 285.6 162.0 241.9 286.3
 wrfout_d04_2016-08-31_10:00:00 999.0 176.8 292.3 318.5 288.3  53.1  26.7 244.2 318.9 257.5  63.5 119.1 999.0 252.3 263.7   8.4 246.4 226.4 335.2 265.3 234.6 242.7 264.4 351.4 274.2 278.4 205.7 284.2 268.8 240.9 287.8
 wrfout_d04_2016-08-31_11:00:00 999.0 180.8 189.4   6.1 111.0  21.1  10.9 224.2 359.4 239.3 305.2 242.2 999.0 225.4 259.5   4.8 219.2 226.8 228.3 262.5 241.6 243.7 258.1   2.8 273.9 276.3  17.0 283.4 271.9 255.4 284.5
 wrfout_d04_2016-08-31_12:00:00 999.0 184.4 264.5  30.8 347.6 353.9 346.3 221.2  13.0 216.5 299.3 284.2 999.0 211.6 220.6 344.3 174.2 231.0 188.4 252.1 237.5 242.2 252.3  61.8 271.6 270.5 358.5 282.7 331.7 250.0 285.5
 wrfout_d04_2016-08-31_13:00:00 999.0 183.1 207.0 133.8 219.0 183.9  63.9 195.2 169.9 210.8 299.0 308.1 999.0 191.8 194.9 335.5 173.9 225.6 195.5 230.7 204.1 236.7 231.9 357.2 255.1 257.4   5.9 283.2  32.4 251.4 284.9
 wrfout_d04_2016-08-31_14:00:00 999.0 192.6 222.1 136.3 249.3 232.3 176.5 163.7 188.6 141.7 275.7 302.1 999.0 179.9 192.4   2.1 192.9 224.2 210.2 216.1 222.9 229.3 215.1  65.8 208.7 238.2  30.0 281.2  38.4 250.5 284.8
 wrfout_d04_2016-08-31_15:00:00 999.0 195.3 215.7 132.4 210.3 227.8  81.2 169.7 168.3 144.1 203.8 226.1 999.0 186.3 180.0   5.1 187.3 215.6 204.8 192.6 188.3 217.0 199.3  14.3 152.7 194.4  11.7 268.9  12.3 244.4 284.4
 wrfout_d04_2016-08-31_16:00:00 999.0 195.7 228.8 128.6 230.9 222.9  61.5 178.3 129.3 196.5 266.0 177.9 999.0 183.5 172.4 331.0 177.1 211.6 206.4 181.2 211.7 220.8 176.9  21.0 126.8 194.2 341.7 257.7  69.4 248.8 287.3
 wrfout_d04_2016-08-31_17:00:00 999.0 184.5 226.2 117.5 238.1 227.6  26.9 228.4 341.1 237.8 331.8  46.8 999.0 185.8 176.6 343.8 183.5 212.1 200.6 189.7 220.7 208.1 164.9  26.8 125.9 116.9  35.4 261.3  24.1 249.5 289.6
 wrfout_d04_2016-08-31_18:00:00 999.0 192.8 231.8 116.0 246.6 231.2 320.7 228.6  52.0 238.4 238.9 310.2 999.0 184.9 171.7 353.1 167.0 204.4 196.9 180.2 241.3 210.4 154.5  49.7 123.3 114.5 273.9 249.3  12.3 252.3 288.8
 wrfout_d04_2016-08-31_19:00:00 999.0 201.0 231.6 123.7 242.1 212.6 120.0 227.0 141.6 240.9 303.7 330.0 999.0 177.6 166.2 336.9 127.4 206.6 192.8 177.5 228.1 207.7 129.7  25.8 133.6 124.8 295.3 235.6  28.8 250.2 289.8
 wrfout_d04_2016-08-31_20:00:00 999.0 207.2 234.6 117.4 250.0 212.7 180.0 222.7 132.4 236.9 297.2 271.4 999.0 168.9 161.8 346.0  76.9 205.0 195.1 172.4 238.4 203.1 126.9 285.0 129.1 126.5 282.6 145.9  46.8 249.2 287.2
 wrfout_d04_2016-08-31_21:00:00 999.0 222.6 231.8 113.5 245.3 227.1 218.8 220.9 124.2 217.5 147.0 294.5 999.0 168.1 162.0 347.0  59.2 202.0 194.2 172.5 241.8 201.4 127.9 187.8 134.1 131.1 302.0 100.9  12.2 249.0 285.2
 wrfout_d04_2016-08-31_22:00:00 999.0 222.5 229.1 116.8 243.7 223.4 187.5 219.5  99.9 203.3 333.3 320.0 999.0 167.2 160.8 357.3  56.5 199.6 190.7 167.9 240.2 199.6 130.4 220.5 134.1 129.1 297.6  86.5  12.2 249.9 289.2
 wrfout_d04_2016-08-31_23:00:00 999.0 228.4 228.2 182.0 242.1 218.0 178.9 218.1  81.0 225.7 204.0 316.6 999.0 172.6 169.5 345.7  30.1 197.1 210.0 177.3 255.0 196.6 138.8 203.6 136.2 131.1 293.1  93.3 344.8 249.7 289.0
