 wrfout_d04_2016-04-06_00:00:00 999.0 174.4 215.4 297.4 228.3 236.7 258.7 225.8 211.2 253.4  64.3 130.9 999.0 286.6 193.0 187.1 257.3 188.5 218.8 253.8 245.9  39.4 112.9 195.4 280.6 256.1 194.4 224.3  85.3  87.5  96.2
 wrfout_d04_2016-04-06_01:00:00 999.0 176.1 215.5 227.9 220.4 213.8 218.3 294.0 194.9 240.8  80.6 155.2 999.0 220.0 204.1 162.7 261.1 183.9 229.8 219.7 243.5 195.9 234.4 188.3  89.6 148.0 184.5 184.2 101.1 111.4 103.2
 wrfout_d04_2016-04-06_02:00:00 999.0 181.1 207.7 261.1 210.9  28.4 215.5 291.8 194.3 256.1  79.6 162.1 999.0 231.0 212.6 160.2 251.7 190.7 234.3 232.3 243.8 187.2 212.6 184.4 155.5 186.6 172.2 174.0 123.8 115.3 109.6
 wrfout_d04_2016-04-06_03:00:00 999.0 173.7 202.2 297.9 203.9  27.0 239.6 278.7 209.3 254.8  69.7 167.5 999.0 243.3 222.0 161.7 249.4 192.9 238.3 226.6 248.4 184.7 213.0 182.1 176.2 205.2 173.2 170.9 130.9 111.5 109.9
 wrfout_d04_2016-04-06_04:00:00 999.0 168.2 212.2 310.5 208.4  20.4 235.5 265.1 201.6 255.8  71.5 170.3 999.0 250.9 223.2 160.6 255.8 194.3 235.0 222.5 254.0 186.1 203.7 183.6 212.1 199.1 173.3 175.1 130.5 111.4 110.7
 wrfout_d04_2016-04-06_05:00:00 999.0 165.4 227.1 306.6 227.0  10.2 283.0 255.5 183.4 252.1  70.4 172.7 999.0 246.9 237.5 161.3 247.7 197.8 233.3 213.9 256.1 192.6 199.2 186.1 209.7 200.0 174.6 177.8 138.0 114.1 115.6
 wrfout_d04_2016-04-06_06:00:00 999.0 160.2 262.4 306.8 244.0   2.3 330.2 251.3 305.0 251.3  72.0 173.4 999.0 243.7 252.2 165.0 244.9 202.6 231.7 210.7 255.3 193.4 196.1 188.5 210.3 194.4 174.7 176.5 144.8 116.8 118.6
 wrfout_d04_2016-04-06_07:00:00 999.0 169.3 274.8 305.0 265.9   4.1 325.3 246.9 315.3 252.4  84.2 174.0 999.0 244.7 255.7 166.7 246.1 204.6 231.3 222.2 252.2 195.0 195.1 192.8 204.8 190.1 176.4 179.3 148.9 123.2 119.9
 wrfout_d04_2016-04-06_08:00:00 999.0 173.3 263.6 316.4 276.7  24.6 336.2 240.0 307.8 252.0  81.9 172.1 999.0 241.7 262.0 168.2 246.8 207.7 226.3 213.0 245.8 195.7 195.6 200.3 201.2 190.6 178.8 177.7 156.4 127.1 114.2
 wrfout_d04_2016-04-06_09:00:00 999.0 189.2 262.7 328.9 287.2  61.4 337.2 230.3 291.4 248.7  97.3 175.7 999.0 234.4 262.0 172.0 234.4 205.8 220.1 231.7 232.1 193.5 194.3 204.5 200.0 190.3 188.3 172.0 173.3 132.2 110.7
 wrfout_d04_2016-04-06_10:00:00 999.0 178.4 242.2 349.0 277.6  52.2 339.5 226.7 298.2 239.7 102.6 169.8 999.0 234.8 254.4 179.8 220.9 201.4 212.8 228.7 195.2 188.7 192.3 218.6 199.7 190.4 193.2 168.2 284.1 143.0  99.4
 wrfout_d04_2016-04-06_11:00:00 999.0 188.9 224.3  21.1 259.3 344.2   3.6 223.9 359.7 252.9  41.9 169.8 999.0 214.5 241.8 182.0 161.7 197.0 190.5 223.6 207.4 187.8 189.7 234.6 200.2 188.7 200.6 164.5 307.9 149.9  96.7
 wrfout_d04_2016-04-06_12:00:00 999.0 216.8 216.0  38.4 260.1 302.9 343.6 219.1  38.3 227.9  45.7 168.8 999.0 207.0 228.3 184.6 162.2 195.0 194.8 207.4 205.3 187.5 186.3 240.6 194.2 182.1 205.7 157.8 304.6 154.0  96.5
 wrfout_d04_2016-04-06_13:00:00 999.0 251.4 220.8  31.0 272.0 280.1 328.4 214.3 184.5 216.0  11.9 171.0 999.0 210.8 235.4 187.9 160.7 190.4 195.9 199.1 203.6 182.3 182.7 244.4 185.0 178.0 204.0 156.7 295.8 156.5  95.5
 wrfout_d04_2016-04-06_14:00:00 999.0 258.8 225.0  64.9 265.7   3.5 261.5 220.0 241.3 224.6  16.3 176.9 999.0 210.4 203.0 192.0 186.0 188.2 195.7 191.3 201.5 180.7 181.4 244.3 187.8 179.1 199.8 156.1 290.6 156.6  95.2
 wrfout_d04_2016-04-06_15:00:00 999.0 256.2 231.0  95.6 270.5  14.3 263.7 213.3 121.8 230.7  17.0 180.4 999.0 202.6 187.2 194.4 200.4 188.8 196.6 191.8 200.9 183.5 182.8 245.1 188.4 179.9 202.0 156.2 291.4 156.4  95.9
 wrfout_d04_2016-04-06_16:00:00 999.0 255.3 229.7  99.0 268.7 165.0 105.7 221.0 117.1 231.2 328.9 181.4 999.0 198.0 176.0 193.7 196.6 188.8 195.7 193.1 202.1 177.7 186.1 244.4 189.0 180.2 201.7 155.4 295.8 156.8 100.4
 wrfout_d04_2016-04-06_17:00:00 999.0 248.0 227.5 117.9 265.7 197.9 151.7 223.3 130.9 236.2 244.0 182.0 999.0 192.6 167.2 191.5 196.0 192.1 195.8 198.8 204.3 176.2 186.8 242.5 186.9 178.0 203.0 155.6 302.2 156.8 101.7
 wrfout_d04_2016-04-06_18:00:00 999.0 254.9 230.1 112.7 266.4 211.2 163.6 218.7 135.2 242.4 355.6 184.9 999.0 198.7 149.7 189.8 206.8 181.6 197.6 198.5 206.8 170.1 187.8 241.0 186.7 177.6 206.4 154.0 306.1 160.0 101.6
 wrfout_d04_2016-04-06_19:00:00 999.0 181.5 230.6 120.2 266.1 210.4 117.8 220.3 120.7 236.7 334.4 187.9 999.0 196.9 149.2 188.7 144.6 180.0 199.4 199.6 210.0 174.4 183.8 241.7 181.2 173.5 204.1 152.9 301.1 163.4 101.1
 wrfout_d04_2016-04-06_20:00:00 999.0 228.7 228.4 118.6 265.6 204.9  24.8 227.0  61.3 264.4 302.4 188.6 999.0 189.6 161.4 187.4  83.9 182.1 201.0 199.9 213.4 169.2 177.8 240.2 169.2 167.2 209.1 151.7 296.7 168.4  99.3
 wrfout_d04_2016-04-06_21:00:00 999.0 181.9 234.8  90.3 275.0 190.1 275.8 226.8 352.2 252.4 300.2 191.3 999.0 186.2 165.6 188.8 146.7 175.3 201.0 193.6 215.9 164.5 172.8 239.9 160.3 162.7 211.1 146.7 293.8 172.7  99.5
 wrfout_d04_2016-04-06_22:00:00 999.0 218.7 234.1  74.1 276.6 194.1 307.9 228.7 174.4 238.7 305.9 193.3 999.0 185.6 149.9 188.2 171.6 173.3 200.5 193.3 218.3 164.1 166.0 237.8 155.5 157.8 207.2 148.2 289.3 176.6 102.0
 wrfout_d04_2016-04-06_23:00:00 999.0 220.8 229.5 133.0 264.6 237.6 219.8 229.5  51.5 233.4 321.2 175.3 999.0 191.9 179.4 187.5 295.8 171.4 210.7 193.8 223.4 162.1 158.6 223.0 166.2 167.4 206.7 149.0 278.3 178.6 121.1
