 wrfout_d04_2016-09-26_00:00:00 999.0  20.7  51.3  29.8  48.1  19.3  76.3  41.5  78.2  43.4 262.3 315.8 999.0  21.8   5.1  36.9 351.7  25.1  64.8 341.3  57.8  25.5  19.4  35.6  15.6  15.5  42.6 293.8  74.9  10.8 325.4
 wrfout_d04_2016-09-26_01:00:00 999.0  19.1  51.8  25.8  49.5  16.8  69.4  38.0  71.9  42.1  79.0 316.6 999.0  21.3 351.6  37.5 335.1  22.2  51.5 340.0  48.2  34.0   5.3  35.8 358.7 346.4  47.3 273.5  77.6   7.5 313.1
 wrfout_d04_2016-09-26_02:00:00 999.0  18.2  51.9  25.0  48.9  12.7  75.9  38.5  77.6  37.6  68.9 340.7 999.0   8.8  25.3  39.3 291.5  20.1  49.3 321.4  40.5  20.4 350.8  34.7 350.8 348.0  47.5 268.3  88.0   3.5 305.5
 wrfout_d04_2016-09-26_03:00:00 999.0  17.5  50.2  23.6  48.0  10.0  68.7  35.3  82.3  35.6  54.9 351.3 999.0   5.1   9.9  39.4 278.5  16.0  51.7 315.9  35.5  12.8 349.2  33.2 345.2 344.6  47.5 269.8  77.4   4.2 299.6
 wrfout_d04_2016-09-26_04:00:00 999.0  17.3  47.6  22.0  45.6  13.2  62.3  34.3  69.7  35.8  51.6 357.9 999.0   8.7   4.0  39.9 323.5  12.7  52.8 334.9  32.2  11.2 352.4  33.5 348.1 346.3  47.0 280.3  74.3   3.6 300.0
 wrfout_d04_2016-09-26_05:00:00 999.0  19.1  45.9  22.6  44.0  14.3  55.7  34.9  60.4  38.5  47.1 357.1 999.0   9.6 359.1  40.8 298.4  13.6  50.4 349.0  25.4   9.9 351.1  32.6 334.9 330.5  45.9 294.1  61.2   6.3 304.2
 wrfout_d04_2016-09-26_06:00:00 999.0  20.5  44.7  21.0  43.0  12.7  63.3  35.0  68.6  38.6  35.4 353.9 999.0   9.6   0.4  41.0 269.6  14.4  49.2 328.5  24.2   8.9 359.1  31.3 329.3 332.9  44.4 298.6  50.2   6.4 299.9
 wrfout_d04_2016-09-26_07:00:00 999.0  20.5  44.6  18.7  41.7  11.2  59.8  33.8  66.2  38.2  34.2 354.3 999.0  12.5   8.0  40.4 246.8  13.5  49.9 324.8  29.4  10.7 357.7  32.4 348.1 347.8  42.7 303.0  50.4   3.1 310.2
 wrfout_d04_2016-09-26_08:00:00 999.0  21.5  43.9  16.2  39.7   8.8  57.6  37.5  68.9  37.4  24.9 341.5 999.0  12.7   6.2  39.7 230.7  12.7  54.6 339.0  37.1   9.8 357.4  30.4 340.6 345.6  41.5 310.9  58.0   2.3 313.3
 wrfout_d04_2016-09-26_09:00:00 999.0  22.7  43.4  12.0  39.2  10.0  63.2  38.3  68.0  39.6  20.6 330.5 999.0  15.9  15.7  37.4 211.0  13.3  62.5 337.4  50.7  10.2 357.4  26.2 343.4 348.4  30.5 317.0  69.5   2.5 314.1
 wrfout_d04_2016-09-26_10:00:00 999.0  23.5  42.7  11.2  39.2   9.9  59.9  37.1  68.5  38.4 105.5 320.4 999.0  11.6   9.0  37.1 203.1  13.8  66.0 343.5  55.7   9.5   0.3  23.6 342.7 348.5  14.3 329.5 263.7 359.5 308.8
 wrfout_d04_2016-09-26_11:00:00 999.0  23.7  41.3   1.5  38.7  10.2  60.6  37.3  65.7  38.4  35.3 319.1 999.0  10.9   9.7  27.7 201.3  14.9  75.8 346.5  53.1  11.0   2.9  20.3 347.2 351.6 357.3 349.6 261.7 355.2 308.1
 wrfout_d04_2016-09-26_12:00:00 999.0  22.8  41.6 353.5  40.5  11.4  51.3  32.5  64.4  33.1  21.5 322.9 999.0  13.1  11.2  27.3 200.7  16.4  74.0 347.2  49.6  12.9   3.5  21.7 353.1 358.5 355.3 351.3 281.0 348.7 305.7
 wrfout_d04_2016-09-26_13:00:00 999.0  23.4  40.7  12.8  38.7  10.5  51.4  34.2  65.9  32.5  10.0 326.0 999.0  10.6   1.0  27.0 208.1  15.3  69.9 359.8  48.3  12.1   6.7  23.3 352.6 357.9 356.1 349.7 278.4 347.0 279.5
 wrfout_d04_2016-09-26_14:00:00 999.0  25.3  39.8  17.0  37.2  10.3  48.6  33.2  59.1  30.4  10.5 328.2 999.0  12.3 356.6  26.9 211.1  11.5  65.6   8.6  46.4  10.4   6.7  19.9 350.5 356.5 358.6 346.8 311.4 343.3 293.6
 wrfout_d04_2016-09-26_15:00:00 999.0  26.0  39.5  18.5  36.1   9.4  47.7  33.6  56.3  35.6   9.8 330.7 999.0  10.6   1.1  24.1 215.6  10.7  64.2  10.6  45.1  10.2   7.6  13.1 356.1 356.5 343.5 334.4 315.5 342.9 319.6
 wrfout_d04_2016-09-26_16:00:00 999.0  27.9  39.2  18.2  35.6  12.6  40.5  31.5  49.4  34.8  11.3 333.9 999.0  11.6   7.9  16.7 194.3   9.9  60.4   9.4  40.1   7.5   6.7   4.6 358.7 359.4 324.5 343.2 303.9 332.4 315.4
 wrfout_d04_2016-09-26_17:00:00 999.0  28.2  39.1  12.3  34.9  14.1  27.3  30.5  40.7  29.9  12.3 337.1 999.0  11.0   3.8   9.3 202.9  10.5  53.5   3.5  35.3   6.1   5.6   0.8 359.9   1.2 247.7 347.3 301.0 311.3 316.6
 wrfout_d04_2016-09-26_18:00:00 999.0  31.1  38.3  15.2  35.1  17.7  28.0  28.8  42.8  26.5   9.2 341.0 999.0  10.5   6.9  12.9 196.8   8.1  48.8 359.6  30.5   6.8   2.1   2.2 356.2 358.7 337.7 348.9 311.7 293.2 320.3
 wrfout_d04_2016-09-26_19:00:00 999.0  32.0  39.0  16.7  35.4  17.7  27.7  30.4  36.3  27.7  15.2 346.4 999.0  10.3   4.3  14.4 195.2   3.2  46.0 354.5  22.0   0.6 357.1   2.4 348.3 352.5 219.2 351.0 308.1 289.1 317.7
 wrfout_d04_2016-09-26_20:00:00 999.0  33.2  39.6  18.7  35.5  19.2  31.3  29.5  33.4  27.5  16.2 348.2 999.0   9.2   7.4  16.9 187.0 359.2  43.1 359.1  15.6 355.8 356.6   0.9 348.1 351.8 306.7 346.1 309.2 283.9 319.8
 wrfout_d04_2016-09-26_21:00:00 999.0  32.9  37.2  19.1  33.6  19.5  32.4  30.6  30.2  28.4  19.7 354.3 999.0  10.2   3.9  16.8 188.2 357.5  34.8   0.8   9.3 352.8 352.9 356.4 346.4 352.1 220.7 342.5 305.0 275.5 318.3
 wrfout_d04_2016-09-26_22:00:00 999.0  35.7  36.2  23.2  32.3  24.0  34.4  29.1  29.9  24.0  20.2   1.0 999.0   7.0   0.3  18.0 193.5 352.6  16.8 356.0 358.1 352.2 353.8 355.5 343.8 348.0 228.9 340.5 319.0 264.0 315.0
 wrfout_d04_2016-09-26_23:00:00 999.0  39.9  38.2  23.4  35.3  25.2  35.2  26.1  34.2  22.8  24.6   6.7 999.0   6.5   1.2  19.2 207.5 353.1   0.3 352.7 351.8 349.5 350.3 356.3 345.0 347.5 225.5 334.5 323.7 267.1 312.6
