 wrfout_d04_2016-10-25_00:00:00 999.0 124.0 223.3 181.1 231.1 229.0 264.2 221.0 248.6 227.5   7.5   9.0 999.0 228.5 213.2 212.8 291.9 343.5  60.0 335.7 302.2 348.3  59.9 202.0  31.0  21.6  96.7  14.9  66.2 143.0  77.2
 wrfout_d04_2016-10-25_01:00:00 999.0 132.5 225.1 216.0 226.5 196.9 235.1 233.8 212.9 248.7  98.7  88.3 999.0 258.7 202.7 122.9 269.1 344.3  35.8 338.9 353.3   6.2   6.7 166.2 355.4 353.4 130.3 321.5 112.2 134.6  97.5
 wrfout_d04_2016-10-25_02:00:00 999.0 143.3 214.2 233.9 212.7  28.9 233.3 240.6 217.0 254.8 104.5 124.3 999.0 283.4 226.2 130.3 284.3 341.0  40.1 337.2 352.1   8.2 350.0 159.3 352.1 350.6 156.1 269.5  90.2 124.3 101.9
 wrfout_d04_2016-10-25_03:00:00 999.0 174.7 215.4 294.7 210.2  27.9 252.0 246.6 237.6 260.1 100.9 117.6 999.0 293.8 255.2 142.5 281.7 358.8  36.6 331.9 336.9  15.4 339.1 151.6 345.2 338.1 143.3 260.2  96.3 117.0  69.7
 wrfout_d04_2016-10-25_04:00:00 999.0 164.4 235.8 301.2 220.4  20.2 258.3 254.3 247.4 259.8  97.6  96.8 999.0 301.2 274.0 132.3 262.2   2.3  38.3 333.4 344.2  17.0 335.3 154.5 335.0 325.2 150.5 262.3 105.8 112.1  45.8
 wrfout_d04_2016-10-25_05:00:00 999.0 139.0 279.2 305.8 252.4  23.2 302.7 264.1 266.7 267.5  93.5 103.2 999.0 304.0 284.4 144.2 283.1 357.7  34.9 327.3 351.5  14.7 341.8 154.8 332.4 326.4 148.1 269.8  97.5 100.3  58.2
 wrfout_d04_2016-10-25_06:00:00 999.0 117.3 337.8 314.5 281.5   6.5 321.5 270.5 343.5 279.5  92.1 123.4 999.0 312.5 289.4 150.4 288.7 353.2  44.3 322.5 341.6  14.1 339.1 159.2 327.6 327.4 154.2 274.9 102.4 103.3  69.4
 wrfout_d04_2016-10-25_07:00:00 999.0  99.8  13.0 321.4 318.6 353.7 324.5 284.0 336.7 284.4  87.0 135.9 999.0 323.5 301.4 143.5 285.7 350.1  48.9 323.4 346.6  13.0 338.0 167.8 327.9 325.3 152.3 280.4 113.6 102.3  78.1
 wrfout_d04_2016-10-25_08:00:00 999.0 112.6  45.2 321.6  27.8 337.1 318.8 287.9 348.3 293.3  92.1 141.1 999.0 335.2 311.5 161.5 278.3 353.8  48.4 321.3  64.7  12.1 344.5 173.9 332.5 329.9 160.2 280.9 118.9  92.2  98.8
 wrfout_d04_2016-10-25_09:00:00 999.0 116.2  88.9 305.0 103.6 319.0 306.5 306.8 353.0 303.3  78.4 148.0 999.0 344.5 320.3 196.7 327.4   4.6  50.8 337.5 125.0   2.1 345.4 190.3 329.6 327.9 154.6 281.2 121.0  90.3  94.5
 wrfout_d04_2016-10-25_10:00:00 999.0 114.9 123.3 290.3  63.7 344.6 300.6 330.7 351.0 313.7  29.5 171.0 999.0   6.5 339.8 228.7  55.5  18.0 101.1 349.5 151.8   7.5 355.6 217.6 343.5 344.0 164.5 280.0 103.9  87.6  90.7
 wrfout_d04_2016-10-25_11:00:00 999.0 100.8 139.8 278.8 111.9  43.0 309.8 101.4 275.9 311.2  25.1 165.1 999.0   4.0 354.7 221.5  94.0  23.8 191.7 354.1 168.5  10.8  12.2 242.6 350.0   1.3 201.7 269.8  62.5  80.8  89.4
 wrfout_d04_2016-10-25_12:00:00 999.0  99.8 144.4 302.4  90.4 258.3 303.7 105.4 141.6 348.8  33.0 167.6 999.0   7.4 358.9 242.4  77.8  24.0 215.1 359.4 162.2  21.4  17.2 256.5 358.4   5.0 265.6 274.0  32.1  73.7  86.5
 wrfout_d04_2016-10-25_13:00:00 999.0 102.6 130.5 273.7  95.1 215.8 314.3  59.8 105.0 340.7  59.5 148.6 999.0   9.0 340.2 243.4 187.0  28.4 209.5   2.3 159.9  27.3  21.1 257.3 346.8 359.4 281.8 275.1  16.0  68.5  84.5
 wrfout_d04_2016-10-25_14:00:00 999.0 104.8 136.9 137.8 105.9 298.7 350.6  88.9  32.5 317.7  55.3 151.1 999.0   6.2 346.3 243.6 204.0  33.0 207.9   4.1 157.7  35.8  26.1 261.6  13.9  31.5 283.4 264.1   9.4  61.9  85.6
 wrfout_d04_2016-10-25_15:00:00 999.0  94.9 129.7 152.6  98.9 355.6  37.0  51.5  86.4 327.0  31.3 154.6 999.0   5.6 354.5 239.5  41.9  28.2 217.2 356.7 157.9  35.6  23.2 283.7   2.6 348.4 283.9 258.2   7.6  61.1  86.3
 wrfout_d04_2016-10-25_16:00:00 999.0  93.1 130.1 311.0  99.8  42.0  75.4  48.7 182.6 307.1 354.6 148.1 999.0 351.2 190.1 253.0 104.2  32.9 212.9 350.2 159.4  27.4  28.3 272.4  19.3   8.0 333.6 274.4   8.2  60.0  86.0
 wrfout_d04_2016-10-25_17:00:00 999.0 100.7 135.5 248.5 105.6  35.5  88.9 324.7 200.3 295.9 352.2 119.2 999.0 344.4 172.7 224.3 148.2  37.1 188.5 348.6 160.4  23.8  31.8 288.3  13.9 344.1 343.2 288.3   9.6  53.5  83.3
 wrfout_d04_2016-10-25_18:00:00 999.0 111.3 141.7 186.7 110.2  27.5 108.1 280.5 215.0 274.9 354.7 105.4 999.0 339.5 182.0 215.8 114.2  41.4 161.8 346.6 162.0  18.8  41.8 300.9   5.6 348.1 346.6 308.7   3.7  53.4  80.7
 wrfout_d04_2016-10-25_19:00:00 999.0 112.4 146.6 200.7 116.0  15.5 216.5 262.0 219.1 266.8 354.9  99.9 999.0 351.1 179.5 254.0 130.2  31.6 153.7 347.2 162.9  18.6  54.1 318.2   9.6   4.2 330.0 324.1   6.3  53.2  77.3
 wrfout_d04_2016-10-25_20:00:00 999.0 119.8 150.5 241.6 120.4 354.5 218.5 223.9 230.8 234.3 349.8  72.2 999.0   0.4 175.3 250.1 142.4  23.7 161.3 349.5 164.4  16.9  44.8 326.7  14.5  12.4 329.7 333.4   8.9  54.3  75.7
 wrfout_d04_2016-10-25_21:00:00 999.0 118.0 156.4 251.6 129.0   7.9 226.0 213.4 238.8 125.4 332.5  96.1 999.0   9.8 172.2 250.2 154.9  27.6 170.5 357.4 164.4  18.3  42.7 323.5  14.3  20.1 325.2 351.3   5.5  55.1  74.0
 wrfout_d04_2016-10-25_22:00:00 999.0 119.2 165.3 250.4 139.7 123.3 194.1 200.9 240.9 202.6   1.0 108.9 999.0   3.9 141.2 235.3 121.2  24.7 177.1   2.2 165.1  16.9  47.8 325.3  26.5  34.1 333.5 355.7   2.8  54.0  72.6
 wrfout_d04_2016-10-25_23:00:00 999.0 127.3 176.6 237.0 169.5 214.2 233.9 212.4 245.7 220.4   3.3 106.3 999.0  13.0 350.1 228.4 352.0  24.1 180.5  10.2 165.9  14.0  46.3 342.7  22.5  24.8 342.8 350.6  16.0  61.2  74.2
