 wrfout_d04_2016-10-26_00:00:00 999.0 134.8 182.2 223.0 186.4 223.6 225.9 228.8 242.2 192.0  31.6 148.0 999.0 351.9 333.8 206.3 351.9  18.9  59.9   3.0 141.6  18.7  35.5  61.4  19.1   9.1  20.9 297.7  45.6  55.2  71.1
 wrfout_d04_2016-10-26_01:00:00 999.0 136.1 183.7 244.1 188.5 209.4 240.3 256.3 241.1 248.5  74.7 149.8 999.0 338.1 319.4 173.6 347.1  12.3  42.2 354.1  67.3  16.8   6.4  95.9   1.8 355.3  83.3 252.8  64.9  57.3  70.1
 wrfout_d04_2016-10-26_02:00:00 999.0 138.5 180.1 281.9 189.3  58.4 261.4 273.3 243.6 281.5 102.1 151.8 999.0 333.9 316.9 157.3 324.5   7.7  22.5 347.0 355.7  11.7 345.6 104.2 351.0 345.6  88.2 247.6  66.6  60.7  70.9
 wrfout_d04_2016-10-26_03:00:00 999.0 138.2 201.4 295.1 198.5 127.4 263.5 282.4 244.1 291.8  91.6 150.1 999.0 338.6 326.4 151.7 306.5   4.3  36.8 343.8 335.8   9.9 338.6 103.4 342.7 340.4  87.4 249.6  71.9  47.0  69.3
 wrfout_d04_2016-10-26_04:00:00 999.0 136.8 224.6 308.0 216.8   0.4 288.4 297.1 254.2 297.0  90.2 149.3 999.0 342.4 330.3 149.1 309.6   1.8  33.8 340.8 330.0   9.4 334.3 109.1 337.5 329.9  92.3 254.5  75.2  56.3  69.5
 wrfout_d04_2016-10-26_05:00:00 999.0 136.4 269.4 314.5 241.0 341.5 316.3 301.7 282.6 300.6  88.8 142.8 999.0 345.0 336.2 141.2 292.2   1.5  36.4 338.3 329.2   6.6 336.4  95.5 330.7 326.0  94.4 259.3  77.4  51.6  69.0
 wrfout_d04_2016-10-26_06:00:00 999.0 140.5 292.2 315.4 258.3 343.9 325.8 297.1 323.8 302.7  83.5 152.4 999.0 346.7 340.6 145.6 295.7   1.0  39.8 337.4 343.7   6.0 338.2 107.3 326.3 330.4  95.2 270.0  77.0  54.3  68.3
 wrfout_d04_2016-10-26_07:00:00 999.0 137.5 295.7 317.2 273.9 345.9 322.4 290.0 333.5 303.1  85.1 155.4 999.0 351.2 343.0 157.6 299.4 355.1  52.4 337.1  11.9   8.4 339.5 114.1 331.8 330.7  91.8 279.1  72.7  49.8  67.8
 wrfout_d04_2016-10-26_08:00:00 999.0 140.6 286.8 318.8 268.5   2.2 315.8 293.8 336.0 301.3  73.6 152.7 999.0 352.1 346.9 161.5 319.7 355.1  55.9 339.8  21.9   9.4 342.0 105.0 331.5 336.4  85.2 286.6  65.9  53.1  64.5
 wrfout_d04_2016-10-26_09:00:00 999.0 144.7 230.9 316.6 330.4   4.9 312.9 292.8 337.4 305.9  34.8 155.0 999.0 358.8 350.9 163.1 329.7 359.6  61.9 341.7  75.8   2.9 346.1  90.1 330.4 334.4  78.1 295.1  61.7  49.6  60.6
 wrfout_d04_2016-10-26_10:00:00 999.0 149.9 170.9 312.8 108.1  33.8 313.0 203.8 339.2 311.3  15.8 163.2 999.0   4.7 358.3 163.8 279.4   5.1  82.2 343.0 155.7   3.1 350.2 329.9 332.8 338.4  56.5 307.7  25.7  49.2  56.1
 wrfout_d04_2016-10-26_11:00:00 999.0 153.6 189.2 324.8 128.1  72.9 307.3 127.8  50.7 312.6  14.5 174.3 999.0   4.5 357.5 172.0 110.0  14.9 105.4 348.7 169.2   6.0 352.8 346.3 342.3 347.4  36.2 312.7  10.8  48.7  60.7
 wrfout_d04_2016-10-26_12:00:00 999.0 161.3 194.9 146.8  80.0  97.2 332.5 131.7  67.1 317.9  17.7 161.6 999.0   9.7 352.2 197.4  49.9  21.3  98.1 353.5 162.9  10.3   1.3 340.0 346.0 350.5  11.9 340.5  12.2  49.0  62.9
 wrfout_d04_2016-10-26_13:00:00 999.0 172.8 157.8 152.0  47.3  88.1  53.4 101.7  44.8  11.2  26.3 250.8 999.0   0.8 353.4 207.9  27.4  27.3  91.3 348.5 158.0  17.8  11.9 348.3 348.2 357.2   3.5   9.8  14.2  49.1  64.0
 wrfout_d04_2016-10-26_14:00:00 999.0 184.0 130.2 148.5  41.2  33.9  56.7  82.0  29.5  13.4  20.4 117.6 999.0 353.0 358.0 219.9  39.8  32.9  90.7 349.4 150.4  19.9  18.7 339.5 348.7 357.8 343.4  18.4  13.3  50.2  65.7
 wrfout_d04_2016-10-26_15:00:00 999.0 188.1 110.6 154.2  46.9   9.2 330.8  71.5  17.9  22.0 324.4  10.4 999.0 347.1 356.1 234.7  39.9  37.4  91.7 353.9 146.5  19.6  19.0 339.2 357.7   3.1 344.7  31.6  13.1  51.3  67.7
 wrfout_d04_2016-10-26_16:00:00 999.0 179.0 121.3 136.2  61.3  18.4 295.1  65.5  10.9 100.8 280.1  10.5 999.0 350.2 326.7 244.1  70.7  41.6  97.6 357.3 146.0  21.0  19.9 342.2  11.2   8.3 346.3  28.6  14.1  53.0  70.9
 wrfout_d04_2016-10-26_17:00:00 999.0 165.3 118.5 342.2  66.0  11.6 280.4  56.2   6.0 304.1 284.8   7.1 999.0 343.7 111.1 248.1 138.0  47.0 106.3   1.7 148.4  22.1  27.9 347.1  25.5  16.3 344.0   2.7  13.4  52.8  70.3
 wrfout_d04_2016-10-26_18:00:00 999.0 156.9 111.2 331.8  65.0  20.4 294.5  57.8   6.5 299.2 279.3  10.2 999.0 336.9  38.8 244.0 172.7  40.7 118.4 358.6 149.6  24.8  36.0 340.5  38.9  26.5 338.4 319.1  12.3  56.1  73.0
 wrfout_d04_2016-10-26_19:00:00 999.0 149.0 105.6 326.3  62.9  20.3 300.6  51.2  99.3 311.3 263.6   9.8 999.0 335.8  46.4 244.1 187.6  31.0 148.8 343.4 149.6  25.6  41.2 332.8  37.2   8.5 330.7 287.0  12.3  58.2  71.6
 wrfout_d04_2016-10-26_20:00:00 999.0 144.6 104.4 327.2  63.2  25.3 309.4  35.4 141.7 346.1 242.0  10.6 999.0 350.2  56.4 244.4 190.6  20.6 164.4 330.9 148.6  17.5  49.2 330.8  52.1  10.2 329.5 271.3   8.5  72.9  72.7
 wrfout_d04_2016-10-26_21:00:00 999.0 138.6  99.1 325.4  60.6  40.5 300.1  37.3 168.0  21.8 265.8  11.7 999.0   1.1  89.1 244.1 201.5  11.5 187.5 322.4 149.2  10.2  53.1 320.5  63.9   9.7 328.0 260.6   5.0  67.0  70.9
 wrfout_d04_2016-10-26_22:00:00 999.0 128.0  96.7 331.1  59.6  61.5 293.2  32.1 190.2  32.3   8.9  30.8 999.0   5.7 342.4 245.7 203.8   0.7 199.8 325.0 150.4   7.5  49.6 319.6  56.8  37.3 325.3 250.4   1.3  63.7  73.5
 wrfout_d04_2016-10-26_23:00:00 999.0 126.5  99.7 323.1  73.1  11.5 272.3  26.0 221.7  23.3  30.0  58.1 999.0  20.6 329.8 240.2 212.2   0.2 213.0 337.3 149.1   2.2  50.0 301.6  27.8  54.7 329.5 255.5   9.6  61.5  76.6
