 wrfout_d04_2016-07-14_00:00:00 999.0 250.8 234.5 226.6 247.8 228.5 286.7 228.4 242.2 231.6  86.4  93.7 999.0 193.0 195.3 166.0  14.5 185.1 218.6 194.5 240.1 179.0 171.6 197.6 166.2 174.9 196.8 185.0 229.5 212.2 251.4
 wrfout_d04_2016-07-14_01:00:00 999.0 239.8 236.7 247.1 242.6 220.0 238.0 232.8 209.6 240.4  75.1 109.0 999.0 211.1 201.1 166.3 359.2 181.5 224.9 199.7 246.8 161.5 181.9 190.5 195.3 194.0 197.0 201.3 237.1 213.9 260.4
 wrfout_d04_2016-07-14_02:00:00 999.0 241.5 238.0 264.9 238.3   7.3 226.3 238.0 223.5 245.9  77.7 125.3 999.0 224.5 203.9 159.3 279.7 184.0 225.6 201.3 253.8 158.0 187.1 187.7 209.2 203.1 193.1 214.7 241.6 216.7 265.2
 wrfout_d04_2016-07-14_03:00:00 999.0 233.6 247.6 270.7 246.3  25.9 236.3 240.9 226.9 247.3  86.8 128.1 999.0 228.6 209.9 155.2 248.5 185.2 227.7 206.9 259.3 156.3 195.6 186.3 218.3 213.5 191.1 224.4 247.7 219.6 270.3
 wrfout_d04_2016-07-14_04:00:00 999.0 234.1 251.3 271.6 256.5  40.4 247.1 241.9 244.6 247.6  92.6 129.8 999.0 230.7 216.0 152.7 245.2 186.1 228.2 210.1 262.5 158.3 202.1 185.0 227.3 222.8 190.2 231.2 250.7 221.8 273.3
 wrfout_d04_2016-07-14_05:00:00 999.0 247.9 254.3 272.6 263.8  46.5 270.6 241.7 261.5 247.8  89.8 130.8 999.0 231.3 226.6 150.7 250.1 188.1 228.9 223.7 265.2 161.8 205.4 182.7 233.4 228.7 188.6 236.5 253.4 224.0 274.9
 wrfout_d04_2016-07-14_06:00:00 999.0 256.4 254.2 271.6 266.1  48.7 272.2 241.2 262.8 247.3  90.6 135.8 999.0 228.8 238.1 144.1 248.3 190.8 230.4 228.6 265.9 164.8 205.3 179.4 236.2 231.9 188.0 240.5 255.6 226.5 276.2
 wrfout_d04_2016-07-14_07:00:00 999.0 251.8 252.2 269.5 262.1  46.8 273.1 240.6 262.0 246.5  86.8 140.3 999.0 226.7 241.2 139.3 250.1 192.4 232.4 235.4 260.7 168.0 205.0 172.8 239.4 234.1 189.6 244.3 257.2 228.7 276.8
 wrfout_d04_2016-07-14_08:00:00 999.0 236.5 249.5 267.5 257.6  43.3 272.6 238.8 260.6 245.4  57.2 149.3 999.0 223.9 242.8 124.6 251.9 194.1 232.7 238.0 251.7 171.4 202.0 169.8 240.2 234.8 192.3 248.4 259.6 229.0 276.4
 wrfout_d04_2016-07-14_09:00:00 999.0 181.6 246.5 267.2 257.9  29.0 273.0 237.0 259.5 243.6  45.2 140.6 999.0 219.8 238.9 117.3 253.0 194.2 228.8 234.0 247.4 173.0 198.9 150.8 240.4 233.8 193.7 251.3 267.6 228.2 274.9
 wrfout_d04_2016-07-14_10:00:00 999.0 172.0 240.8 253.6 254.4   4.1 273.6 232.2 252.9 242.6  50.0 123.0 999.0 210.4 229.8 104.6 230.4 188.0 224.0 232.0 263.9 169.0 192.9 128.8 239.7 230.4 196.7 255.8 280.7 228.5 276.1
 wrfout_d04_2016-07-14_11:00:00 999.0 166.9 240.4 240.7 253.3  12.5 259.2 232.2 245.9 241.5  32.8 187.7 999.0 204.8 217.0  81.7 202.3 180.1 211.7 226.9 211.8 166.4 183.6  74.1 236.5 226.9 111.2 259.3 290.2 229.1 276.3
 wrfout_d04_2016-07-14_12:00:00 999.0 168.7 237.9 222.5 251.7 293.2 248.6 229.0 225.6 239.9  39.7   9.0 999.0 193.9 206.3  54.0 172.5 181.9 192.4 221.2 227.0 169.9 181.8  66.7 236.5 228.2  60.2 263.9 291.2 229.1 273.3
 wrfout_d04_2016-07-14_13:00:00 999.0 166.6 235.9 210.5 250.2 224.9 235.8 230.1 215.7 238.0  22.9  43.0 999.0 188.5 186.3  37.4 143.6 178.5 199.6 215.7 227.8 166.0 178.1  39.4 230.9 222.5  63.7 268.7 294.6 230.1 275.4
 wrfout_d04_2016-07-14_14:00:00 999.0 174.7 235.0 198.1 250.0 220.8 228.8 229.0 213.2 237.6   2.4  12.2 999.0 185.6 177.2  37.6  84.2 177.5 199.8 208.9 228.8 166.6 175.8  45.2 215.5 205.8  60.5 270.0 323.2 231.0 278.4
 wrfout_d04_2016-07-14_15:00:00 999.0 190.2 232.9 169.1 246.6 222.2 241.0 228.1 218.2 236.7   0.8 355.7 999.0 186.0 176.3  44.3  67.6 178.4 200.1 202.4 230.8 165.4 170.8  51.1 214.1 202.3  62.4 266.8  20.2 231.1 278.6
 wrfout_d04_2016-07-14_16:00:00 999.0 183.0 232.8 148.7 246.9 212.8 258.3 227.7 224.6 238.0   6.1 341.0 999.0 185.5 175.8  38.4 185.3 181.9 198.1 193.7 235.1 171.7 169.8  75.9 209.7 201.2  61.6 268.8  30.3 230.7 276.6
 wrfout_d04_2016-07-14_17:00:00 999.0 182.6 233.9 133.0 249.5 206.2 265.8 228.6 222.0 236.8 356.7 340.1 999.0 184.2 175.8  31.5 200.4 183.2 195.2 188.1 239.1 176.3 168.3  87.8 195.4 189.4  79.7 267.9  35.8 232.2 276.4
 wrfout_d04_2016-07-14_18:00:00 999.0 191.6 236.3 117.8 255.1 201.5 268.8 230.4 211.1 238.2 261.4 341.9 999.0 183.5 175.6  36.7 211.4 183.4 195.3 191.6 242.1 180.0 166.2  62.2 178.2 178.5 326.1 261.8  31.8 232.2 275.5
 wrfout_d04_2016-07-14_19:00:00 999.0 189.6 238.1 112.8 259.0 204.8 269.4 230.8 183.1 240.2 222.5 339.8 999.0 184.8 176.3  33.6 255.8 187.1 193.7 192.5 244.7 183.9 167.2 328.2 165.6 168.1  90.0 256.9  30.5 229.9 274.7
 wrfout_d04_2016-07-14_20:00:00 999.0 194.2 238.5 119.3 260.3 211.4 269.7 230.2 175.3 240.7 164.0 350.4 999.0 185.6 174.8  24.4 273.1 190.2 190.6 190.7 246.4 186.0 168.1 242.7 158.4 156.2  57.4 244.9  37.1 229.4 274.3
 wrfout_d04_2016-07-14_21:00:00 999.0 195.6 238.0 125.5 260.0 212.1 270.6 229.4 187.6 239.7  77.1   9.3 999.0 185.6 173.9  18.9 235.3 192.7 187.1 186.4 246.4 188.1 166.3 206.4 146.8 143.7   8.7 231.5  42.7 229.1 276.3
 wrfout_d04_2016-07-14_22:00:00 999.0 199.0 238.0 133.4 257.4 216.5 262.8 228.6 222.8 238.3  66.1  22.2 999.0 185.1 172.8  21.2 273.0 194.9 187.3 184.9 249.3 190.9 157.2 175.2 137.3 133.8 340.7 226.0  50.0 228.8 279.2
 wrfout_d04_2016-07-14_23:00:00 999.0 203.4 237.8 208.5 251.0 221.1 248.4 228.6 230.2 238.4  82.4  18.0 999.0 188.4 182.6  28.9 282.9 198.4 211.6 195.2 266.1 191.6 166.5 166.7 182.1 183.2  24.5 231.9  72.3 229.4 276.7
