 wrfout_d04_2016-05-18_00:00:00 999.0  51.2  73.0 344.1 107.1  10.9 104.8  30.2  43.2  40.6 239.5 323.7 999.0   2.5 341.0  40.0 275.2  20.1 253.9  10.8 267.5  18.8  26.6  49.6   6.9  11.3  49.1   6.8  56.5  76.7  20.7
 wrfout_d04_2016-05-18_01:00:00 999.0  29.6  84.9 328.6  96.4  22.5  78.3  28.6  68.0  48.0  88.8 335.6 999.0 353.8 331.1  42.8 268.4  18.2 249.3   2.2 265.2  14.3   9.6  70.2   5.6   5.8  64.0 336.2  64.0  62.4  46.1
 wrfout_d04_2016-05-18_02:00:00 999.0  31.3  70.5 359.2 140.9  27.2  73.0  20.1  51.7  25.4 107.3   8.1 999.0 352.7 326.7  49.2 254.0  15.7 261.9 356.2 269.6  12.4 358.2  74.5 355.8 357.3  91.8 304.2  49.4  72.7  66.4
 wrfout_d04_2016-05-18_03:00:00 999.0  39.5  51.3   2.5  61.9  23.9  90.9  15.5 343.8   1.7  82.9  31.3 999.0 351.1 321.1  55.0 256.2  15.2 303.6 350.6 270.5  12.6 352.3  75.0 347.8 345.2  95.6 292.4  84.5  72.8  75.7
 wrfout_d04_2016-05-18_04:00:00 999.0  45.1  35.7 354.4  40.3   9.8  63.8   9.7 327.0 355.1  80.3  29.6 999.0 351.1 326.5  50.4 264.7  16.7 328.9 346.1 267.2  15.2 351.1  74.2 343.7 344.1  97.2 292.1  91.8  68.5  62.3
 wrfout_d04_2016-05-18_05:00:00 999.0  58.3  33.2   1.5  40.8  12.7   3.4  12.3 342.2 354.4   8.3  34.6 999.0 357.6 333.4  41.8 278.7  18.0 347.3 331.7 290.3  10.3 348.7  62.6 334.8 334.3  84.1 295.6  99.3  69.1 283.9
 wrfout_d04_2016-05-18_06:00:00 999.0  51.1  24.0 350.6  53.7  10.3 318.5  10.9 337.7   6.6 191.8  71.3 999.0   1.2 343.2  38.6 303.8  16.7 337.4 340.1 308.1  17.9 351.1  54.3 336.4 342.9  77.4 305.3 100.8  72.7 281.4
 wrfout_d04_2016-05-18_07:00:00 999.0  53.7  14.6   6.6  24.9  10.2 290.7   7.9 339.7   0.1  66.6 330.7 999.0   5.1 350.8  26.5 310.2  20.3  12.7 352.3 311.1  10.4 357.4  36.9 344.2 353.5  81.3 309.6  96.7  70.5 284.6
 wrfout_d04_2016-05-18_08:00:00 999.0  53.2   7.9 349.5 286.3  21.9 331.1   9.4 320.6 356.4  49.9   5.3 999.0   4.2 351.4  25.7 307.8  23.4  14.8   4.6 292.2  17.0   1.9   8.8 349.7 358.5  89.6 312.2 102.5  62.9 286.5
 wrfout_d04_2016-05-18_09:00:00 999.0  54.2  30.5 352.6  49.0  51.4 169.8  18.8 313.7   0.0 348.6   6.0 999.0   8.8 357.6  25.8 288.4  20.8  47.2  10.4 277.2  17.4   2.7 358.2   1.9   4.5  54.5 341.7  84.1  59.0 303.6
 wrfout_d04_2016-05-18_10:00:00 999.0  44.7  36.5 344.0  53.9  42.8 117.9  19.2   5.5   9.4  50.2 346.6 999.0   7.2 356.8  13.0 242.3  22.6 282.6  10.3 245.7  19.7   5.1 279.2   3.7   3.5  11.6   7.8  32.6  50.4  10.0
 wrfout_d04_2016-05-18_11:00:00 999.0  54.1  39.2  22.5  45.5  44.2 156.4  16.9 276.9  17.3  56.7 309.9 999.0  11.3   1.7  15.5 191.3  24.3 246.7 355.9 227.4  23.5   4.6  51.8 350.4 354.4 344.5   9.3 337.5  71.2  65.0
 wrfout_d04_2016-05-18_12:00:00 999.0  42.5  57.7 350.1  42.7  57.3 112.3  34.4 131.9  27.5  57.0 340.6 999.0  12.7   6.0   2.4 279.4  22.5 217.8 350.5 215.5  22.4   8.6  27.8 346.1 353.2  15.2 357.5 323.1  72.2  54.5
 wrfout_d04_2016-05-18_13:00:00 999.0  46.8  63.2 351.8  46.0  50.2  99.0  44.3  97.9  37.2  38.6 351.2 999.0  12.3   2.1   1.7 329.6  27.4 213.7 355.3 194.0  22.3  15.9  25.6 357.1   2.4 322.5  10.2 338.8  72.0  61.8
 wrfout_d04_2016-05-18_14:00:00 999.0  46.6  63.6   0.0  49.6  57.7  98.8  44.5  84.7  38.2 235.3 338.2 999.0  16.4 355.2  20.6 134.7  24.3 218.6   6.9 210.6  21.3  15.5  34.7 352.2   0.2   3.5   2.0 317.8  93.0  75.0
 wrfout_d04_2016-05-18_15:00:00 999.0  44.3  63.4 348.2  47.4  51.4 100.5  48.7  76.0  43.6 248.9 292.0 999.0  11.6   3.0   3.6 160.5  24.0 217.6   2.1 209.2  23.4  19.1  16.3 346.9 357.2  27.1  10.0  10.4 101.1  71.5
 wrfout_d04_2016-05-18_16:00:00 999.0  46.2  66.3 185.3  50.7  39.9  93.3  61.7  66.9  37.3 286.9 286.3 999.0  14.5 350.4  20.5 196.4  26.5 213.6   3.2 213.4  25.9  23.3   3.9 359.7   7.4 345.4   9.1 347.7 104.9  57.2
 wrfout_d04_2016-05-18_17:00:00 999.0  41.5  72.8 279.7  51.7  59.0 105.4  52.1  97.1  20.1 269.7 281.3 999.0  17.2   4.9   1.7 183.1  20.0 211.4  15.2 226.5  21.2  35.6  26.9  22.5  24.6 356.1  33.3 341.0 156.0  56.0
 wrfout_d04_2016-05-18_18:00:00 999.0  41.7  66.4 275.1  48.1  42.5 104.4  46.8  60.1  11.2 229.3 271.0 999.0   0.6  15.1   4.3 168.3  15.5 209.9  32.0 239.1  15.5  33.8 318.8  34.9  32.1 325.6  22.5 359.6 336.8  65.6
 wrfout_d04_2016-05-18_19:00:00 999.0  27.2  60.0 345.2  45.6  61.7  85.3  47.0  81.6  28.5 305.3 279.2 999.0  18.1 225.6   9.5 173.0  14.8 212.2  28.6 252.2  14.7  28.1  17.6  31.4  33.0 355.0 346.7 346.1 262.5  50.2
 wrfout_d04_2016-05-18_20:00:00 999.0  32.9  63.5   8.1  45.8  25.3  93.7  53.3  85.9  42.7 282.0 281.7 999.0  28.3  38.3 318.1 163.2  14.1 211.9 307.6 253.7  18.6  32.7 337.9 343.5 354.8 342.5 341.0 337.6  15.2  50.0
 wrfout_d04_2016-05-18_21:00:00 999.0  36.0  58.9  17.8  43.7  35.4 100.3  58.7  93.3  41.5 278.5 290.9 999.0  14.5  43.9 342.6 172.7  29.3 207.6 308.4 257.7  22.6  27.2 330.0  15.4  25.8 351.9 341.0 337.9  57.7  53.3
 wrfout_d04_2016-05-18_22:00:00 999.0  21.7  66.4 326.2  47.3  31.9 113.9  58.0  96.9  44.5 213.3 284.5 999.0  23.1 353.1 350.5 181.4  21.9 207.3   0.3 266.4  16.1  25.5  46.6   0.0 359.8 344.5 329.6 355.2  41.7  54.0
 wrfout_d04_2016-05-18_23:00:00 999.0  13.8  61.2   3.2  51.2  28.6  82.6  41.6  82.8  38.0 218.3 341.1 999.0   9.8 339.7  10.1 208.6  34.1 222.5   3.6 282.3  25.0  29.3  31.9  33.4  29.3 313.6 298.1  66.3  73.3  61.7
