 wrfout_d04_2016-08-10_00:00:00 999.0  98.6 115.0 142.0 108.1 108.1 103.1 279.0  66.4 243.9 108.1 144.0 999.0 302.8 137.6 298.7 328.3  43.6  43.6 320.7 145.1  30.0  18.8  70.0 333.3 330.0  38.2 270.8  30.6  45.4  68.7
 wrfout_d04_2016-08-10_01:00:00 999.0 100.3 109.2 137.0 115.5 101.4 108.4 285.7  63.1 288.3  90.3 118.5 999.0 307.5 251.6   5.6 317.3 332.2  29.6 326.4 111.2  28.7 354.8  70.3 348.4 344.2  63.6 312.3  40.0  68.6  86.7
 wrfout_d04_2016-08-10_02:00:00 999.0  92.3  93.1 145.7 100.7  80.3 101.4 298.2  88.9 292.9  86.8 109.0 999.0 310.0 272.6  76.1 293.3 321.0  34.1 323.0  81.6  29.5 343.0  87.0 346.3 325.0 104.3 252.8  73.9  63.6  90.2
 wrfout_d04_2016-08-10_03:00:00 999.0  83.0  87.1 137.3  83.4  67.4  93.3 310.4  84.0 297.4  98.5  86.8 999.0 321.1 288.8  73.9 283.2 341.9  39.6 326.9  30.1   6.2 338.5  82.1 346.2 325.8  94.4 243.3  79.2  60.6  88.9
 wrfout_d04_2016-08-10_04:00:00 999.0  76.1  85.5 116.9  78.3  67.3  86.0 338.1  80.5 317.0 101.7  74.2 999.0 324.4 308.3  71.1 295.6 346.7  39.2 323.6  25.2 355.1 342.8  77.2 335.4 323.1  89.1 259.1  83.0  58.9  88.9
 wrfout_d04_2016-08-10_05:00:00 999.0  71.4  83.9 103.4  76.6  72.1  85.4 348.2  88.9 328.5  94.9  66.8 999.0 327.6 324.8  57.6 286.5 346.3  43.4 310.4  68.7 345.8 336.0  77.8 329.3 318.4  96.9 268.9  83.2  59.1  92.5
 wrfout_d04_2016-08-10_06:00:00 999.0  60.8  83.7 102.3  71.4  79.6  81.0   5.0  95.6 329.9  70.6  51.1 999.0 322.8 307.7  56.4 271.2 346.2  57.4 311.6  64.0 347.9 331.4  56.1 327.0 319.6 101.0 275.4  93.4  52.1  96.3
 wrfout_d04_2016-08-10_07:00:00 999.0  60.8  85.3 109.3  74.3  70.5  79.1  30.9  81.1 308.1  26.8   0.6 999.0 327.4 337.9  34.9 252.9 341.8  59.8 310.6  41.7 349.2 318.5  50.6 319.9 315.9  98.3 271.9 103.8  55.5  98.4
 wrfout_d04_2016-08-10_08:00:00 999.0  60.1  84.4 125.0  73.8  70.0  79.9  67.4  77.9 140.9 320.7 297.1 999.0   0.7 327.7   9.7 301.0 344.5  42.3 309.2   0.9 344.6 331.0  64.7 328.3 322.7 116.3 269.9 102.9  64.4 104.2
 wrfout_d04_2016-08-10_09:00:00 999.0  56.6  79.0 103.6  69.5  55.0  80.6  61.6  75.7 161.4 315.4 305.6 999.0 355.2   7.5 359.2  39.2 348.0  14.1 330.8  88.0 328.9 337.3  47.2 325.7 317.1 103.1 282.4 114.4  77.8 104.3
 wrfout_d04_2016-08-10_10:00:00 999.0  51.5  72.1 101.3  64.6  42.2  75.8  55.1  70.4 113.2 289.3 286.0 999.0 341.8 356.4 355.9 205.3 345.5  53.3   6.2   7.3 322.0 342.2  18.3 347.3 343.5 130.0 294.2  94.4  71.5 104.0
 wrfout_d04_2016-08-10_11:00:00 999.0  49.7  71.4 258.8  63.7  40.2  78.2  55.4  72.0  72.7 281.8 282.0 999.0 229.1 193.6  28.3 173.7 357.4  50.1  26.1  25.7 346.6   7.6 307.1   4.1 341.6 243.1 302.9 267.6 244.0 114.0
 wrfout_d04_2016-08-10_12:00:00 999.0  47.8  67.1 334.5  58.9  30.7  94.5  45.0  70.0  57.6  28.2 246.5 999.0 188.8 170.5  22.6 179.8 349.0  69.8  80.3  47.2 357.8  16.2 332.5  40.8  34.7 269.8 331.9 293.5 247.9 111.0
 wrfout_d04_2016-08-10_13:00:00 999.0  48.8  66.0 251.6  56.0  25.7  77.8  53.2  69.8  66.8  30.0 263.9 999.0 175.0 160.4 262.0 192.3 359.5  96.9 137.6  39.8 354.7  80.4 237.0  51.9  57.4 266.2  29.8 302.4 255.4 107.0
 wrfout_d04_2016-08-10_14:00:00 999.0  49.5  67.4 248.6  57.2  32.6  85.6  59.5  77.3  46.5  29.6 289.1 999.0 158.6 172.4  15.8 208.6   3.3  93.8 203.7  69.6 354.0  99.3  76.2 115.9  92.1 113.8  63.2 251.6 248.7 301.7
 wrfout_d04_2016-08-10_15:00:00 999.0  49.3  59.3 272.6  47.8  18.4  87.0  49.4  80.2  53.0  36.3 308.8 999.0 122.6 147.9  24.3 229.0 340.2 238.7 198.4 322.9  48.8 135.6 235.8 140.3 127.0 265.6  32.3 279.4 254.9 327.6
 wrfout_d04_2016-08-10_16:00:00 999.0  48.7  59.4 249.1  50.1  27.4  93.3  54.5  85.0  51.5  83.3 341.6 999.0 161.9 171.8  27.0 199.0 311.7 100.4 170.2  19.8 249.0 167.5 264.5 150.1 142.4 343.5  50.1 272.2 254.1 312.6
 wrfout_d04_2016-08-10_17:00:00 999.0  55.1  56.9 325.4  47.9  23.0  56.3  42.6  67.0  49.7  32.6 338.0 999.0 127.3 167.4  39.3 310.2 316.1 107.4 206.3 282.3 268.2 163.1 314.9 159.1 155.6 317.0  41.6 335.7 230.8 306.6
 wrfout_d04_2016-08-10_18:00:00 999.0  54.2  61.4 269.0  51.3  20.0  79.0  50.6  71.4  43.2  87.0 298.7 999.0 154.6 237.8  39.1 294.7 314.4 205.6 148.7  22.6 274.3 173.8 268.0  26.9 357.7 359.0  38.0   0.8 222.0 318.7
 wrfout_d04_2016-08-10_19:00:00 999.0  63.1  57.2 250.0  47.5  19.3  80.1  51.9  76.1  47.2 338.2 292.1 999.0 153.9 149.1 242.0 212.6 285.5 107.7 144.2  51.1 244.0 152.2 256.5 170.5 115.8 286.3  97.5   1.3 220.2 320.5
 wrfout_d04_2016-08-10_20:00:00 999.0  59.0  60.9 338.7  47.0  31.7  92.5  42.5 113.0  27.4 210.7 317.7 999.0 164.6 159.5 350.3 263.7 352.2 210.5 176.4 271.3 205.6 172.4 240.6 177.8 169.7 308.1 217.0 324.1 213.5 285.7
 wrfout_d04_2016-08-10_21:00:00 999.0  72.0  56.8 345.8  49.4  31.8  35.6  33.8  56.7   1.9  54.6  49.8 999.0 170.0 197.0   9.4 258.5 215.6 173.4 132.6 273.4 227.9 158.8 254.1 144.7 117.0   6.7 154.4 119.6 218.4 226.7
 wrfout_d04_2016-08-10_22:00:00 999.0  76.3  66.2 291.8  58.3  49.4  77.7  44.9  74.4  66.2  37.7  67.1 999.0 178.8 113.7  16.2   9.8 218.7 198.2 166.5 201.8 214.8 171.7 259.4 187.3 182.1 332.4 200.9  27.9 215.8 208.6
 wrfout_d04_2016-08-10_23:00:00 999.0  84.0  70.3 238.5  60.5  61.9  75.3  42.2  67.7 207.7  75.8 160.4 999.0 193.8 163.1 301.6 146.1 200.2 213.1 179.7 230.6 212.0 142.3 249.1 130.3 125.1 275.3 193.4  19.1 211.2 204.1
