 wrfout_d04_2016-09-14_00:00:00 999.0  91.7 101.8 101.5  95.5  95.0  92.2  68.8  86.4  75.5  99.8 120.6 999.0   0.7   0.1  26.3  45.7   3.9  14.1 344.6 111.5 351.4 339.7  51.6 339.5 341.5  54.9 345.7  54.5 119.1  39.6
 wrfout_d04_2016-09-14_01:00:00 999.0  91.8 102.0  99.4  95.5  94.4  88.4  72.2  84.1  75.8 103.8 119.6 999.0 359.6 358.8  61.9  22.0   5.9  13.4 352.0 114.2 349.3 352.2  74.8 348.3 341.3  68.7   7.7  73.4 138.3  69.6
 wrfout_d04_2016-09-14_02:00:00 999.0  91.8 101.1  98.7  95.3  93.1  90.3  73.3  84.3  76.6 106.1 118.7 999.0 359.9 354.1  88.2  63.2   8.3 354.3  32.6 123.5   3.0   0.5  79.9   8.2  13.2  91.4  19.9 104.1 148.9 145.5
 wrfout_d04_2016-09-14_03:00:00 999.0  91.0 104.9  97.6 100.9  96.2  87.7  74.5  80.7  80.9 104.3 124.3 999.0   7.4  47.0 116.1  75.7  13.9 350.7  39.0 122.1   2.3  12.1  94.2  12.5  19.7 109.1  58.8 131.0 143.7 186.7
 wrfout_d04_2016-09-14_04:00:00 999.0  91.3 104.8  97.4 101.2  93.0  88.6  77.5  87.9  85.8 106.0 121.9 999.0  18.3  38.7 103.0  43.6  19.2 346.0  57.7 121.2  12.4  32.0 109.1  56.7  57.8 127.4 114.3 153.4 153.6 182.6
 wrfout_d04_2016-09-14_05:00:00 999.0  90.2  96.7  94.7 103.1  90.4 101.4  78.6  71.5  80.2 107.9 121.1 999.0  22.3  60.0 104.0  51.8  29.0  66.8  53.1 119.8  25.0  66.7 118.7 117.1 114.7 137.4 145.3 161.1 165.8 173.2
 wrfout_d04_2016-09-14_06:00:00 999.0  91.8  95.8  94.5  98.3  91.2  79.1  74.7  74.8  73.8 106.2 117.9 999.0  33.3  42.9 123.1  51.7  30.6  98.5  32.1 131.6  43.5 109.1 123.3 124.1 126.9 154.0 146.7 165.6 170.7 172.0
 wrfout_d04_2016-09-14_07:00:00 999.0  92.2 100.2  92.6  95.6  90.1  79.8  64.9  77.2  67.0 106.3 116.8 999.0  35.6   5.7 126.0  87.2  56.3 156.0 247.1 128.3  81.9 126.1 151.8 137.4 140.7 163.4 156.0 168.9 174.8 169.5
 wrfout_d04_2016-09-14_08:00:00 999.0  95.7 106.9  95.4  98.1  87.7  87.0  67.1  76.1  65.3 110.6 119.8 999.0  20.5 353.8 141.1 138.2  81.0 153.9 167.7 136.8 106.5 131.9 162.1 138.2 144.5 161.0 168.6 170.0 174.0 170.3
 wrfout_d04_2016-09-14_09:00:00 999.0 103.0 103.7  97.3  99.7  92.5  84.1  75.6  76.5  72.1 109.9 118.7 999.0  15.2 150.0 148.5 262.4  88.7 153.8 164.8 145.1 126.3 150.0 166.4 155.9 161.9 162.9 161.7 171.9 172.8 172.4
 wrfout_d04_2016-09-14_10:00:00 999.0 102.7 106.0 102.5 100.5  97.0  93.0  75.4  89.6  78.8 110.1 123.1 999.0   5.7 325.7 154.5 125.2 117.1 150.6 154.7 146.5 153.3 158.5 166.6 159.5 163.7 161.6 157.2 174.9 170.9 172.8
 wrfout_d04_2016-09-14_11:00:00 999.0 106.3 110.6 105.7 104.7  98.0  96.3  84.2  92.4  87.7 114.3 126.8 999.0 268.2 120.2 157.4 255.1 137.5 151.8 157.5 143.3 171.3 165.6 168.6 157.8 171.9 165.8 158.4 177.9 174.7 173.4
 wrfout_d04_2016-09-14_12:00:00 999.0 107.0 117.8 109.1 106.9 100.7  97.0  85.4  94.2  83.2 111.1 125.6 999.0 256.4  39.2 146.0 285.8 160.4 168.9 165.4 138.5 181.8 167.5 169.1 155.9 160.4 165.9 160.1 179.4 170.2 169.5
 wrfout_d04_2016-09-14_13:00:00 999.0 108.6 110.4 109.3 102.7 107.8  96.6  87.4  91.7  85.9 113.8 118.7 999.0 250.9 259.9 167.4 314.1 169.1 189.9 165.9 144.2 173.9 166.1 163.9 174.2 171.0 169.7 160.3 185.8 167.3 169.0
 wrfout_d04_2016-09-14_14:00:00 999.0 112.5 114.9 113.3 107.8 114.9 101.8  91.9  96.7 160.5 119.7 129.2 999.0  44.2  34.2 153.1  17.2 157.9 183.6 165.3 149.8 164.1 164.4 170.4 163.9 170.0 168.5 167.1 192.9 163.7 169.7
 wrfout_d04_2016-09-14_15:00:00 999.0 115.1 118.0 118.3 111.2 116.9 104.6  98.9  94.9 184.7 126.2 133.3 999.0  60.2  28.7 152.7 164.1 159.8 182.2 170.6 145.8 155.6 158.6 174.8 161.7 162.9 173.2 160.5 195.3 166.6 167.4
 wrfout_d04_2016-09-14_16:00:00 999.0 118.3 119.2 121.5 112.6 120.0 114.0 125.1 107.6 111.8 123.7 132.4 999.0  53.4  22.1 159.2 152.9 182.9 177.9 171.5 154.9 167.7 156.2 179.0 159.0 161.5 174.2 165.1 187.7 166.6 158.1
 wrfout_d04_2016-09-14_17:00:00 999.0 122.3 119.4 123.8 111.7 119.8 112.7  44.4 106.9  89.9 124.7 133.8 999.0 265.9 305.8 154.3 189.6 183.5 176.6 174.9 163.0 178.5 164.9 176.1 162.2 165.8 177.1 161.0 184.3 161.8 153.7
 wrfout_d04_2016-09-14_18:00:00 999.0 120.2 125.6 127.7 117.8 121.3 110.6  91.7  94.5 135.8 125.7 133.2 999.0 151.9  40.3 155.4 227.9 194.3 182.8 177.0 155.1 173.5 170.3 175.9 170.4 170.6 172.3 158.4 197.0 154.2 153.5
 wrfout_d04_2016-09-14_19:00:00 999.0 122.0 128.1 123.9 118.6 122.4 108.2 138.1  96.4 258.7 128.2 140.5 999.0 165.7  89.3 156.0 286.3 170.2 179.0 182.7 153.8 172.7 170.8 166.7 164.5 169.0 156.2 159.1 174.0 149.7 151.0
 wrfout_d04_2016-09-14_20:00:00 999.0 128.7 128.1 125.1 117.5 120.2 107.5 240.9  94.0 227.7 135.1 139.3 999.0 185.0 188.8 150.0 291.3 174.9 180.2 181.0 138.8 176.3 171.6 169.3 168.7 170.3 152.2 159.9 169.4 154.4 149.4
 wrfout_d04_2016-09-14_21:00:00 999.0 129.9 134.7 129.1 124.5 127.0  99.1 240.4  44.3  83.1 135.6 142.3 999.0 176.7 185.8 152.1  25.4 179.2 169.6 180.7 145.0 175.4 172.4 168.2 164.3 167.6 148.1 162.5 144.7 150.8 144.8
 wrfout_d04_2016-09-14_22:00:00 999.0 127.9 134.0 129.6 126.4 121.1  99.6 112.3  78.3  97.6 135.3 142.0 999.0 179.3 165.7 153.4 307.1 179.6 163.9 178.0 143.9 173.4 178.5 174.7 171.8 171.4 151.6 167.3 151.1 148.6 137.6
 wrfout_d04_2016-09-14_23:00:00 999.0 131.5 134.8 130.7 125.6 126.5  81.6 150.6  68.8 116.8 135.6 143.1 999.0 185.4 182.1 164.3  38.8 179.8 174.9 186.1 168.5 174.7 172.3 173.3 173.9 173.2 158.8 168.1 152.1 154.7 131.8
