 wrfout_d04_2016-05-09_00:00:00 999.0 223.7 238.1 291.3 251.1 237.8 138.1 239.6 300.4 244.0 114.5 189.7 999.0 221.6 202.6 203.9 333.3 177.2 216.6 201.1 221.4 166.5 176.6 212.6 168.8 174.5 203.1 159.4 189.8 152.1 116.8
 wrfout_d04_2016-05-09_01:00:00 999.0 261.3 241.6 194.5 235.3 239.2 288.5 249.2  14.2 260.2  83.0 176.6 999.0 227.2 207.4 189.0 359.1 181.5 231.0 199.7 233.3 177.0 177.7 206.6 185.5 185.6 200.7 160.2 250.9 167.8 125.5
 wrfout_d04_2016-05-09_02:00:00 999.0 285.5 262.7 311.3 249.5 259.4 264.2 267.1 264.0 257.6  85.4 175.1 999.0 238.6 223.8 174.1 286.8 176.5 236.4 195.3 241.3 170.4 179.1 197.2 194.5 189.3 189.6 160.6 225.4 173.4 127.5
 wrfout_d04_2016-05-09_03:00:00 999.0 286.4 258.8 303.7 258.2  34.5 320.3 274.8 325.4 263.9  54.2 158.2 999.0 246.4 221.5 169.3 266.1 186.5 236.5 196.0 257.6 185.4 181.6 193.4 202.4 193.3 187.7 165.6 200.7 161.5 131.3
 wrfout_d04_2016-05-09_04:00:00 999.0 236.0 246.9 297.9 250.4  36.8 329.3 274.0 283.5 273.2  89.0 161.6 999.0 249.0 250.6 167.6 266.0 202.7 235.4 194.5 267.0 186.3 182.3 190.1 204.1 194.5 186.3 167.9 175.2 160.4 137.9
 wrfout_d04_2016-05-09_05:00:00 999.0 202.6 249.6 294.2 252.3  41.9 333.7 280.0 272.7 266.6 107.5 159.3 999.0 244.1 262.2 164.0 262.3 214.1 227.6 207.4 269.4 180.2 186.2 191.0 213.4 200.2 182.5 173.2 160.6 174.1 143.4
 wrfout_d04_2016-05-09_06:00:00 999.0 235.9 253.1 303.4 254.5  30.0 325.2 289.4 325.0 259.7 108.6 164.7 999.0 244.5 261.2 165.8 256.8 207.8 222.8 212.3 269.2 191.5 191.8 190.2 209.2 200.0 185.0 177.6 155.6 169.6 144.9
 wrfout_d04_2016-05-09_07:00:00 999.0 167.4 302.1 296.2 238.7  45.1  11.0 305.4 346.6 257.0 102.2 166.7 999.0 246.3 260.8 168.1 251.7 201.5 222.6 219.3 266.5 202.4 193.7 186.3 211.4 201.1 179.6 181.9 151.0 165.8 154.3
 wrfout_d04_2016-05-09_08:00:00 999.0 171.4 319.0 295.1 303.0  38.5  41.7 265.5   3.4 252.4 121.6 173.1 999.0 242.8 259.5 171.2 247.9 199.6 223.1 231.9 260.6 193.1 193.4 189.6 210.5 199.2 178.8 183.1 161.9 165.7 150.7
 wrfout_d04_2016-05-09_09:00:00 999.0 174.8 312.2 296.4 269.1  28.1  27.8 242.0 321.1 248.6 127.2 170.8 999.0 245.2 259.8 177.5 231.9 195.1 218.8 232.1 253.9 188.4 194.1 197.4 208.1 198.2 181.9 186.0 173.6 168.3 155.4
 wrfout_d04_2016-05-09_10:00:00 999.0 160.6 226.4 342.5 272.4  25.2   2.5 217.4 313.3 226.3  55.6 180.5 999.0 250.8 255.3 185.6 208.3 191.9 205.7 227.9 223.9 187.7 189.4 204.1 200.8 193.0 189.2 179.3 181.4 170.8 156.6
 wrfout_d04_2016-05-09_11:00:00 999.0 134.3 226.6  53.1 263.5  45.7  26.6 211.0 292.7 225.4   2.5 180.5 999.0 237.4 243.1 195.3 232.7 191.7 191.9 220.2 208.7 190.5 189.9 209.4 198.3 189.5 189.1 176.6 203.5 174.1 158.7
 wrfout_d04_2016-05-09_12:00:00 999.0 135.1 223.3  35.5 240.3  53.3  95.7 206.3 148.7 224.5   8.1 175.9 999.0 210.7 222.0 205.4 211.1 196.4 189.9 206.4 214.4 191.8 185.1 213.6 191.1 182.5 193.1 176.3 253.8 178.2 165.4
 wrfout_d04_2016-05-09_13:00:00 999.0 126.7 217.7  93.8 223.3 215.0 103.8 211.5 103.7 220.5   6.1 178.8 999.0 195.4 196.0 212.6 200.4 199.7 196.9 183.1 216.4 196.1 181.9 209.7 185.0 179.7 201.6 175.3 261.0 178.8 173.1
 wrfout_d04_2016-05-09_14:00:00 999.0 161.1 205.3 125.4 204.3 245.5 108.9 208.3  89.8 224.1  21.1 181.0 999.0 189.6 189.3 214.7  72.2 198.4 200.2 180.6 214.6 194.4 178.1 209.5 175.8 177.6 219.0 173.9 262.0 182.8 177.3
 wrfout_d04_2016-05-09_15:00:00 999.0 178.9 211.7 148.2 220.2 147.2  90.1 216.1 256.4 189.8  23.0 204.1 999.0 189.9 181.7 221.6  50.6 201.4 203.7 178.3 214.3 192.8 175.7 222.5 150.9 173.0 221.3 175.3 260.2 182.8 179.4
 wrfout_d04_2016-05-09_16:00:00 999.0 180.2 215.2 159.1 243.8 302.4 258.2 203.0 188.0 101.7   4.0 202.2 999.0 187.8 178.6 224.7  37.8 198.2 204.6 179.7 215.2 194.6 177.3 240.5 141.9 158.0 220.6 179.1 257.1 183.0 181.2
 wrfout_d04_2016-05-09_17:00:00 999.0 207.3 222.4 120.7 260.8 237.8 297.4 218.1 158.3 232.9  10.2 257.7 999.0 186.3 181.1 231.6  31.5 195.6 204.7 181.2 218.6 193.2 177.4 246.3 140.8 143.6 219.1 173.9 254.6 181.2 182.0
 wrfout_d04_2016-05-09_18:00:00 999.0 233.0 234.9  94.3 260.9 235.5 165.2 227.5 116.2 223.7  54.8 333.8 999.0 187.2 180.9 224.1  33.6 191.9 204.7 180.8 223.8 190.7 173.1 246.2 143.4 132.2 216.7 180.9 253.9 183.6 183.5
 wrfout_d04_2016-05-09_19:00:00 999.0 249.7 235.2 109.1 261.7 224.5 172.1 226.4 105.1 219.6 143.9 326.3 999.0 188.9 174.0 226.2  41.0 192.1 204.9 180.8 228.4 189.7 169.8 244.4 149.7 132.7 210.5 170.9 252.9 186.3 188.9
 wrfout_d04_2016-05-09_20:00:00 999.0 244.7 238.7  94.4 268.1 216.6 170.2 229.8  64.3 226.8 185.3 295.4 999.0 189.2 171.9 226.6  53.1 193.5 206.6 180.5 231.8 189.0 157.7 241.8 147.9 134.1 201.9 176.6 250.6 190.5 193.6
 wrfout_d04_2016-05-09_21:00:00 999.0 240.9 229.5 129.6 261.5 198.8 132.8 231.1 341.2 230.3 226.6 279.2 999.0 189.0 174.8 227.1  62.8 194.5 208.5 180.0 235.1 188.8 149.7 236.5 151.6 138.7 200.2 174.2 248.3 190.4 196.4
 wrfout_d04_2016-05-09_22:00:00 999.0 263.1 226.5 135.3 254.5 196.0 152.2 230.2 287.7 229.1 239.3 286.6 999.0 188.5 183.9 229.4  56.0 196.1 212.6 181.8 238.5 190.8 148.3 228.4 152.4 140.2 199.2 178.5 243.6 190.9 202.3
 wrfout_d04_2016-05-09_23:00:00 999.0 247.5 224.6 142.9 244.3 217.7 100.8 229.6  46.1 231.6 237.7 274.4 999.0 191.1 189.9 225.7  32.0 197.3 219.8 184.0 240.9 194.0 166.0 216.8 154.8 148.4 196.0 183.3 219.8 192.2 208.7
