 wrfout_d04_2016-11-02_00:00:00 999.0  37.2  49.5  34.8  42.7  36.5  76.5  58.0  76.6  48.2 224.3 293.6 999.0  22.7   8.1  34.1 273.8  25.3  65.6   1.9 307.8  24.8  15.7  28.2 353.9 356.0  19.9 337.2  34.1  26.0  33.9
 wrfout_d04_2016-11-02_01:00:00 999.0  32.6  51.6  33.8  44.6  41.0  72.0  56.9  69.3  50.5 220.7 265.4 999.0  21.2   2.2  34.2 286.3  20.7  25.4 344.8 330.1  17.2   9.5  35.4 347.4 347.7  38.6 301.0  31.3  26.4  29.7
 wrfout_d04_2016-11-02_02:00:00 999.0  34.3  51.0  33.0  45.1  43.8  76.2  55.4  72.5  52.3 253.3 268.1 999.0  19.6 357.7  38.7 273.6  20.9   0.2 328.4 330.3  22.1 359.7  34.4 349.6 351.7  46.9 300.4  40.7  28.2  36.0
 wrfout_d04_2016-11-02_03:00:00 999.0  35.9  50.8  34.9  45.2  41.3  70.9  52.9  70.0  51.5 231.5 266.6 999.0  16.6 354.2  41.6 258.6  21.9  16.3 318.4 329.7  20.1 355.7  35.5 337.3 339.1  47.1 288.8  45.2  27.8  40.7
 wrfout_d04_2016-11-02_04:00:00 999.0  37.3  51.2  34.8  45.2  36.6  76.3  49.6  74.1  52.1 244.6 266.9 999.0  15.0 358.5  40.5 245.5  22.3  15.6 335.6 333.5  16.3 353.5  28.0 339.7 339.7  50.2 276.1  42.3  25.7  43.0
 wrfout_d04_2016-11-02_05:00:00 999.0  37.0  51.0  35.8  44.8  37.2  80.6  49.9  76.2  53.0 141.7 264.8 999.0  14.9   1.0  40.8 251.3  21.6  19.2 330.4 328.7  17.0 353.4  29.5 330.3 332.3  48.5 270.8  45.5  27.7  44.8
 wrfout_d04_2016-11-02_06:00:00 999.0  36.6  52.1  35.9  45.7  29.2  78.4  49.8  80.4  52.9  36.5 254.8 999.0  15.3   1.2  43.8 248.3  21.9  24.6 331.9 329.0  20.3 355.6  33.6 329.0 331.6  42.4 278.9  44.0  32.0  46.9
 wrfout_d04_2016-11-02_07:00:00 999.0  35.7  51.5  33.8  44.7  32.2  78.6  51.5  81.9  54.2 124.4 261.6 999.0  15.7   3.3  44.0 239.6  20.0  18.6 333.4 327.6  16.7 354.3  32.2 332.4 340.0  39.0 283.2  47.5  30.4  50.6
 wrfout_d04_2016-11-02_08:00:00 999.0  35.5  56.1  33.6  46.9  39.9  78.1  53.3  80.6  50.6  87.8 272.8 999.0  17.6   5.2  43.2 229.2  22.3  49.6 339.1 327.4  15.2 354.1  25.4 337.3 341.1  35.6 296.9  42.8  35.4  51.4
 wrfout_d04_2016-11-02_09:00:00 999.0  35.8  53.3  38.9  46.7  44.5  79.5  52.5  80.5  49.3  66.8 315.6 999.0  20.1   3.5  42.7 229.3  17.3  72.9 338.8 302.8  19.3 356.9  22.2 340.8 344.2   2.6 311.8  30.6  35.2  46.9
 wrfout_d04_2016-11-02_10:00:00 999.0  34.4  52.3  37.6  47.0  44.4  77.7  52.8  79.3  49.8 143.9 355.8 999.0  17.9   6.7  38.1 178.6  22.3 152.1 346.0 290.6  21.7   3.2  25.4 349.0 354.2  11.7 327.6  25.4  33.6  42.5
 wrfout_d04_2016-11-02_11:00:00 999.0  34.5  51.0  34.8  46.0  42.0  78.7  51.7  77.5  48.9 137.3   1.3 999.0  17.1   5.7  30.6 192.4  23.4 183.8 352.4 293.6  19.3   9.1  19.2 349.9 354.7  13.4 343.3  30.7  30.0  46.4
 wrfout_d04_2016-11-02_12:00:00 999.0  34.7  50.4  30.7  45.0  36.3  80.1  51.1  77.9  48.2 140.6 337.2 999.0  17.9   6.8  29.1 197.9  21.1 206.7 352.0 292.5  22.9  13.8  23.7 351.5 357.2  13.4 351.6  22.7  28.3  47.8
 wrfout_d04_2016-11-02_13:00:00 999.0  34.1  49.1  31.6  44.1  35.1  75.0  51.2  83.3  46.8 243.7 336.9 999.0  18.5  10.6  28.2 195.7  29.3 195.0 353.3 278.4  23.3  16.3  25.0 347.4 354.9  13.6 352.5  28.6  27.5  51.2
 wrfout_d04_2016-11-02_14:00:00 999.0  34.0  46.3  31.8  42.8  36.5  74.4  50.6  87.0  46.8  36.5 281.2 999.0  18.9  12.2  31.0 186.4  28.7 160.2 352.0 271.7  23.7  11.3  26.3 354.8   2.0   9.6 349.3  31.1  25.1  51.0
 wrfout_d04_2016-11-02_15:00:00 999.0  34.3  47.4  31.9  42.8  36.0  77.7  50.4  80.6  46.2  16.6 258.3 999.0  18.9  16.2  24.8 179.1  28.0 147.4 353.9 274.9  23.4  15.4  24.6 353.9 358.3   4.0 339.3  28.2  30.5  45.8
 wrfout_d04_2016-11-02_16:00:00 999.0  33.3  48.5  31.1  42.5  30.4  68.8  53.4  74.4  48.9  49.8 260.1 999.0  19.2  12.0  18.2 188.6  31.0 150.5   2.1 262.5  22.0  23.4  17.0 346.7 359.2   9.5 357.7  23.8  23.9  43.5
 wrfout_d04_2016-11-02_17:00:00 999.0  34.8  50.0  32.2  43.8  35.5  75.7  56.4  74.6  49.9 133.7 278.5 999.0  18.0  13.2  33.9 190.0  32.0 138.2 354.2 257.3  20.9  23.1  18.1   1.8 355.6   9.9 351.2  24.4  24.6  33.4
 wrfout_d04_2016-11-02_18:00:00 999.0  36.2  48.6  42.8  44.4  37.9  79.2  58.6  89.0  47.9 186.9   4.1 999.0  17.9  12.6  22.7 179.1  29.8 154.7 356.0 240.3  22.8  25.7  20.3 359.0 357.9   7.8 337.2  20.8  26.6  35.6
 wrfout_d04_2016-11-02_19:00:00 999.0  39.5  48.3  39.7  44.3  35.2  90.4  57.3  88.2  47.5 206.6   9.4 999.0  18.5  10.3  22.1 178.0  23.2 154.8   0.0 235.4  25.8  32.2  21.0   4.0 359.6   6.8 333.2  16.3  23.1  27.6
 wrfout_d04_2016-11-02_20:00:00 999.0  40.0  51.6  40.5  47.0  37.5  84.9  58.6  78.7  48.3 225.5 313.8 999.0  18.6  12.1  22.9 154.8  28.6 185.4   1.0 240.0  23.1  26.2  20.4  14.9  16.4   7.0 315.1  11.5  37.0  23.4
 wrfout_d04_2016-11-02_21:00:00 999.0  40.7  51.8  38.8  45.9  40.4  78.3  59.6  65.4  49.7 235.2 282.8 999.0  21.3   9.1  27.5 156.7  31.4 175.2 354.6 236.7  24.1  29.7  22.6 355.1  23.7   6.6 304.7  16.3  30.3  18.1
 wrfout_d04_2016-11-02_22:00:00 999.0  39.6  51.0  47.2  46.6  39.2  82.7  59.9  79.4  47.5 264.2 267.1 999.0  19.2   9.6  28.3 136.2  29.3 187.8   5.4 236.7  24.1  37.2  19.7  29.1  33.6   4.8 297.2  14.1  33.6  24.0
 wrfout_d04_2016-11-02_23:00:00 999.0  39.1  56.1  55.4  51.3  47.4  85.1  64.3  83.2  49.9  56.0 276.7 999.0  19.1  10.0  25.0 251.3  30.1 187.3   4.6 255.9  23.8  41.1  27.4  39.2  40.5   3.5 307.1  17.6  31.4  34.6
