 wrfout_d04_2016-04-20_00:00:00 999.0 138.0 158.7 314.2 146.5 127.1 117.8 256.8   3.0 276.7  62.2 154.0 999.0   5.1 311.1 205.7 341.8  14.7 212.3 348.2 238.4   4.8  28.0 186.9 359.5 357.9 169.8 295.2  54.7  88.9  87.7
 wrfout_d04_2016-04-20_01:00:00 999.0 133.0 151.4 310.6 145.6 144.0 249.1 261.8 263.2 277.1  97.6 153.3 999.0 349.0 284.1 180.1 319.3 357.3 221.6 321.7 251.5 357.0 349.7 152.9 338.3 320.4 144.7 267.3  65.5  86.3  87.0
 wrfout_d04_2016-04-20_02:00:00 999.0 133.7 150.4 310.4 152.4 158.9 254.6 268.8 233.2 287.8 108.0 148.4 999.0 336.8 247.4 172.0 272.5 343.7 231.6 306.6 259.0 354.9 321.6 164.6 310.2 274.8 135.7 251.1  58.9  89.6  88.2
 wrfout_d04_2016-04-20_03:00:00 999.0 141.5 159.3 312.6 168.8 164.2 283.9 266.4 238.9 284.8  90.1 162.1 999.0 318.5 250.2 165.1 253.0 354.5 235.8 289.2 261.0  10.7 328.2 156.6 285.4 255.5 122.5 240.3  73.2  89.7  81.5
 wrfout_d04_2016-04-20_04:00:00 999.0 143.7 174.0 309.9 187.4 160.7 331.6 264.6 279.1 283.9 121.6 166.1 999.0 316.9 262.8 164.6 251.5   7.8 238.3 275.2 264.6  27.3 323.4 161.1 272.7 255.6 130.2 231.4  61.7  75.3  86.9
 wrfout_d04_2016-04-20_05:00:00 999.0 150.6 182.6 312.7 196.6  93.0 323.5 269.9 328.7 280.2 128.9 165.9 999.0 316.7 276.6 168.4 261.5  24.7 239.2 272.0 260.6  33.4 339.7 164.4 269.1 243.6 142.1 200.0  67.7  76.7  85.6
 wrfout_d04_2016-04-20_06:00:00 999.0 151.9 184.5 311.4 206.0  36.1 322.5 264.8 318.1 282.3 134.9 166.4 999.0 323.9 287.9 166.4 266.3  23.9 239.3 282.3 261.2  38.5 337.7 171.7 247.8 234.9 152.4 197.9  65.8  83.5  86.9
 wrfout_d04_2016-04-20_07:00:00 999.0 152.4 171.5 314.6 219.6  21.3 325.5 258.5 295.8 284.9 133.3 169.9 999.0 335.0 305.9 166.3 261.1  32.2 233.5 286.4 258.6  55.8 332.0 176.5 236.5 229.6 154.3 179.8  79.5  87.1  90.1
 wrfout_d04_2016-04-20_08:00:00 999.0 168.0 165.0 315.1 226.4  35.7 325.5 258.7 285.9 280.3  98.4 170.4 999.0 345.0 317.9 184.1 246.3   2.8 229.9 308.5 245.3  67.1 331.1 179.7 223.0 218.8 154.7 168.1  78.9  95.6  87.4
 wrfout_d04_2016-04-20_09:00:00 999.0 260.0 190.9 317.4 240.9  57.3 323.9 264.0 289.5 277.1  88.8 172.1 999.0 359.7 342.2 197.4 252.0 322.4 218.9 320.7 213.7  56.2 324.7 186.2 223.0 232.2 161.2 160.3  84.4 107.6  88.8
 wrfout_d04_2016-04-20_10:00:00 999.0 255.2 193.3 326.3 272.6  94.0 327.4 282.6 285.4 288.6  41.7 173.3 999.0 358.7 359.2 190.6 275.4   5.0 211.5 312.8 177.4  50.0 341.9 209.0 244.4 253.6 167.3 158.1  52.4  99.1  93.3
 wrfout_d04_2016-04-20_11:00:00 999.0 262.2 197.2  29.3 257.3 103.3 330.9  51.5  57.2 144.3  52.4 171.6 999.0 353.3   5.2 194.8 113.6  20.2 199.1 339.0 184.7  33.3   2.9 239.2 270.0 283.1 199.2 162.8   9.7  98.9  85.4
 wrfout_d04_2016-04-20_12:00:00 999.0 259.7 173.9 144.9  81.6 120.8 257.7  67.7  69.4 123.3  46.4 163.4 999.0 339.6  17.6 205.6 356.4  25.5 194.9 342.3 191.3  24.0  14.0 247.7 336.0 308.0 224.7 160.6 351.1 106.8  86.3
 wrfout_d04_2016-04-20_13:00:00 999.0 303.8 135.8 153.4  68.4  71.5  84.0 350.6  63.7  60.7  27.2 166.3 999.0 338.4  33.2 209.9 186.1  32.0 196.6 337.6 193.5  25.4  25.6 247.8 354.0 333.9 237.5 159.0 342.2 107.9  86.9
 wrfout_d04_2016-04-20_14:00:00 999.0 143.2 133.0 158.0  82.1  51.8 274.1  67.2  25.3 113.9  27.1 169.2 999.0 338.6 190.8 217.6 186.1  72.0 197.6 345.2 193.0  39.9  21.8 249.1 355.1 354.7 242.8 159.6 340.7 108.2  84.4
 wrfout_d04_2016-04-20_15:00:00 999.0 106.3 147.7 197.8  98.5  44.1 271.9 273.3 267.6 286.8  23.3 161.9 999.0   5.6 178.9 224.9  77.4 113.3 198.3 335.0 193.9 122.6  35.0 252.9  17.5  28.1 210.0 158.2 339.1 113.7  86.2
 wrfout_d04_2016-04-20_16:00:00 999.0 160.9 165.7 233.2  96.6  96.9 257.0 232.2 145.6 304.3  19.9 158.9 999.0 277.4 174.1 216.7  54.4 140.4 198.0 339.1 194.8 193.8  44.1 248.8  66.4  65.8 226.4 156.0 317.9 125.4  99.7
 wrfout_d04_2016-04-20_17:00:00 999.0 164.8 195.5 115.0  58.2 128.1 210.4 126.9 174.1 160.4  27.3 100.9 999.0 171.1 168.6 216.4  48.9 181.2 197.4 345.2 200.4 183.6  83.0 249.2  65.3  66.2 216.5 149.5 324.4 133.0  98.0
 wrfout_d04_2016-04-20_18:00:00 999.0 165.3 212.7 171.9 340.8 208.2 218.1 222.6 122.1 126.0  36.9  31.1 999.0 239.7 142.0 219.0  75.1 192.2 196.8  62.1 204.4 175.7  84.2 245.1  90.9  89.7 207.2 155.0 321.9 135.5  99.0
 wrfout_d04_2016-04-20_19:00:00 999.0 168.9 214.4 145.7 260.5 217.4 121.5 172.9  78.8  82.7  51.4 350.5 999.0 213.9 188.8 224.2  66.8 183.7 197.9 109.2 206.8 167.0  99.8 242.1  96.1 116.3 203.4 156.5 317.8 138.4 104.5
 wrfout_d04_2016-04-20_20:00:00 999.0 188.0 224.8 143.3 245.7 217.6 318.5 130.8   3.6  96.0  86.0 357.7 999.0 197.6 181.4 233.9  64.0 173.7 199.8 234.9 209.9 165.9 115.5 236.3 126.7 127.6 205.6 154.4 315.4 142.8 106.1
 wrfout_d04_2016-04-20_21:00:00 999.0 185.0 229.5 142.0 257.1 201.6 350.9 160.1  36.9 120.3 162.8 354.3 999.0 184.2 151.9 240.7  72.6 168.5 201.4 207.7 213.7 162.4 136.7 221.1 152.9 145.0 208.9 154.2 319.2 146.3 109.0
 wrfout_d04_2016-04-20_22:00:00 999.0 186.5 229.0 137.2 254.3 210.3 335.1 191.5 308.0 119.3  59.9 348.7 999.0 181.3 177.1 241.4  67.3 167.8 204.2 205.8 219.9 162.2 160.7 227.8 144.8 148.2 205.5 154.0 313.8 156.4 110.8
 wrfout_d04_2016-04-20_23:00:00 999.0 195.7 231.7 143.4 251.9 247.3 306.6 170.4   2.9 179.8  42.6  12.6 999.0 192.0 184.3 234.1 358.7 171.8 211.7 199.4 226.6 164.4 165.3 221.3 161.1 161.1 202.1 153.3 288.1 162.2 125.2
