 wrfout_d04_2016-05-13_00:00:00 999.0  67.7 105.5 128.7 100.4  81.5  86.1 313.1  73.3 333.3  98.1 119.7 999.0 353.5 346.8  13.4   9.8  31.8 257.6   1.3 288.4  33.8  18.4  78.0   5.2  11.2  21.4 337.3  37.7  24.7  60.7
 wrfout_d04_2016-05-13_01:00:00 999.0  61.7  93.8 128.2  98.7  65.0  93.4   4.2  88.0  11.9  95.6 105.8 999.0   0.9 344.8  59.2 358.1  26.8 288.6   5.4 335.5  31.0  16.0  66.3  14.1  20.3  54.6 265.4  33.9  28.5  62.9
 wrfout_d04_2016-05-13_02:00:00 999.0  62.3  86.2 121.7  84.9  62.0  97.3   5.0  92.0   8.9  92.7  98.8 999.0 349.8 333.5  63.9 302.6  23.0 312.0 353.9 325.8  24.7 354.2  59.6  10.5   8.2  76.7 240.9  51.4  29.1  68.7
 wrfout_d04_2016-05-13_03:00:00 999.0  58.7  82.9 109.5  78.5  65.4  86.6  19.2  98.2 346.3  90.3  86.6 999.0 349.4 329.3  60.5 282.4  27.0 313.9 336.4 305.2  26.9 339.1  49.2 346.2 317.7  74.3 238.6  69.6  50.5  68.1
 wrfout_d04_2016-05-13_04:00:00 999.0  59.8  82.4  95.6  75.4  66.4  77.5  25.0  98.4 333.9  86.0  81.5 999.0 354.8 329.5  62.1 282.8  19.5 339.7 316.0 338.5  14.3 339.8  59.9 341.3 289.6  65.2 243.1  56.6  63.9  69.6
 wrfout_d04_2016-05-13_05:00:00 999.0  62.4  81.1  94.8  74.0  62.9  73.9  30.0  78.3  43.8  83.4  75.7 999.0 353.4 324.1  59.9 283.2  22.0 285.8 305.3 335.5   6.4 341.4  65.9 311.4 295.4  81.3 251.9  65.5  63.0  67.9
 wrfout_d04_2016-05-13_06:00:00 999.0  59.1  78.0  85.8  69.6  62.0  69.4  32.9  59.4  43.2  62.6  75.6 999.0 358.4 328.8  51.0 299.8  20.9 277.7 323.4 332.1   5.4 339.8  64.6 309.5 297.7  85.2 258.1  71.6  70.2  73.6
 wrfout_d04_2016-05-13_07:00:00 999.0  53.6  79.5  90.7  70.8  68.3  66.2  38.1  64.2  54.7  52.0  67.9 999.0 358.0 330.8  50.0 289.0  12.3 354.3 336.7   2.8   7.0 346.5  63.3 312.7 305.2  75.9 269.3  63.4  75.1  82.1
 wrfout_d04_2016-05-13_08:00:00 999.0  50.6  76.5  92.4  67.2  68.1  70.0  41.7  68.3  54.7  53.5  59.5 999.0   6.6 346.2  51.4 289.5   8.6  14.1 336.1  67.8   6.9 346.0  55.6 313.0 309.5  76.1 275.7  51.8  71.5  79.0
 wrfout_d04_2016-05-13_09:00:00 999.0  55.2  77.1 105.9  67.4  66.9  73.7  47.3  72.9  54.8  55.1  57.2 999.0 347.6 316.7  20.5 316.0  17.9  44.7 339.3  22.9   7.2 350.9  17.2 323.4 319.6  48.7 280.3  31.2  56.7  74.7
 wrfout_d04_2016-05-13_10:00:00 999.0  57.4  80.5 126.1  67.2  73.2  77.8  51.5  72.3  58.1  43.2  51.3 999.0 359.3 290.9 347.5 167.3  20.4  59.6 340.3  60.8  12.6 356.6 354.1 318.5 327.9 356.6 287.2  18.9  68.0  76.9
 wrfout_d04_2016-05-13_11:00:00 999.0  59.2  84.7 142.8  72.6  75.9  84.5  57.9  75.6  59.2  26.3  42.2 999.0 358.5 219.0  28.1 159.0  29.2  43.5 341.8 181.8  21.6   7.6  17.1 326.3 351.7 352.9 318.7  43.1  57.5  69.3
 wrfout_d04_2016-05-13_12:00:00 999.0  63.8  87.8 128.2  74.6  78.2  81.2  61.9  73.2  61.8  26.4  48.9 999.0 354.4 166.5  15.4 159.9  21.5 156.0 331.9 174.1  27.8   4.7 323.0  94.7  74.1 346.9 325.0  21.5  53.3  63.8
 wrfout_d04_2016-05-13_13:00:00 999.0  67.8  91.7 128.8  79.1  81.6  79.1  66.6  72.6  60.1  41.8  55.1 999.0 290.3 161.1   0.5  80.8  14.4  43.6 348.8 157.2   8.2  38.0 337.2 136.2 120.6 328.2 279.8  16.0  58.2  76.5
 wrfout_d04_2016-05-13_14:00:00 999.0  69.2  88.9 132.1  73.9  73.3  88.1  65.7  73.3  69.9  19.4  57.0 999.0 313.8 228.5   2.4   3.3  13.5 154.7 320.2 188.1   7.7  70.3  37.6 316.6 292.3 329.6 263.0   4.7  48.7  72.3
 wrfout_d04_2016-05-13_15:00:00 999.0  72.3  94.6 120.4  81.0  77.5  84.7  64.3  72.1  72.4  31.4  79.9 999.0 313.9 232.6   6.6 250.1  12.7 200.8 232.3 117.7  15.4  22.7  12.4  22.3 351.5 328.6 253.3   6.5  49.3  70.6
 wrfout_d04_2016-05-13_16:00:00 999.0  73.7  91.8 127.9  78.4  79.8  84.6  62.9  72.9  63.8   4.2 102.2 999.0 259.5 199.0 358.0 190.5  15.7 202.5 211.4  40.5   7.9  43.7  15.3  20.9   6.0 346.0 256.7 355.7  44.9  65.7
 wrfout_d04_2016-05-13_17:00:00 999.0  74.0  94.3 124.6  80.6  82.3  82.4  64.8  70.6  59.2  14.8 128.5 999.0 185.4 167.2 350.6 183.9   7.4  98.2 223.9  72.1   0.2  50.1  13.4  48.6  23.4   1.7 258.7 346.9  46.2  66.9
 wrfout_d04_2016-05-13_18:00:00 999.0  76.6  95.4 117.5  81.8  75.1  83.7  61.2  68.0  70.0  77.9 111.3 999.0 171.7 158.3   5.6 149.9   8.7 217.1 232.6 163.6 359.9  40.1  18.8 113.4 115.9   0.3 257.5   3.5  44.5  56.7
 wrfout_d04_2016-05-13_19:00:00 999.0  79.6  90.3 120.4  74.9  73.4  83.2  64.1  68.1  77.6 109.2  99.8 999.0 146.2 165.6 338.0 117.4  10.9 184.6 205.5 165.0   0.0  91.0  20.2 306.5 310.3   0.2 257.1 357.9  40.5  61.5
 wrfout_d04_2016-05-13_20:00:00 999.0  65.4  92.8 128.7  82.9  89.2  87.0  66.9  74.1  75.2  77.6 103.7 999.0 169.9 162.3 346.7 177.1   8.2 195.7 198.6 159.0 359.6  81.5  17.3  61.6 341.4   5.3 280.7 358.8  43.6  59.5
 wrfout_d04_2016-05-13_21:00:00 999.0  69.4  91.3 135.8  78.9  78.0  80.3  67.3  72.2  82.4  73.8 102.3 999.0 176.5 150.9 356.4 181.7   7.1 206.8 185.0 158.9   1.4 116.2  18.1  52.5  65.5 359.2 301.2   0.9  49.4  60.0
 wrfout_d04_2016-05-13_22:00:00 999.0  72.2  91.3 130.1  80.4  83.7  82.7  64.0  68.8  74.4  78.7 120.5 999.0 173.8 144.9 353.3 116.4 359.2 210.0 178.7 154.4 353.6 109.6  23.9  92.6  86.7 357.6 352.6 358.8  49.1  65.3
 wrfout_d04_2016-05-13_23:00:00 999.0  74.6  92.5 123.1  83.8  83.6  79.6  67.8  72.2  75.2 115.5 126.6 999.0 186.8 175.4   1.3   2.6 358.3  33.4 197.0 159.4 344.0 102.8  39.3   2.7 334.7   8.3 339.8   9.9  47.8  66.6
