 wrfout_d04_2016-12-21_00:00:00 999.0 135.3 156.1 129.4 135.2 139.3 141.3 200.7 357.5 188.6  97.4 159.4 999.0 197.3 192.3 231.7 236.0   5.1 209.2 204.3 159.2  11.0 109.3 356.6 315.3 338.2  28.3 322.2  55.4  84.2  84.9
 wrfout_d04_2016-12-21_01:00:00 999.0 136.2 161.3 127.4 141.9 144.1 136.5 229.0 240.1 252.3 121.3 155.5 999.0 216.5 181.4 222.8 222.3   0.8 242.1 246.3 168.5 345.2  74.3   9.2 324.6 309.6 355.2 263.2  62.4  86.4  83.4
 wrfout_d04_2016-12-21_02:00:00 999.0 136.9 162.0 133.7 149.6 149.3 135.5 228.0 223.3 256.2 124.3 157.0 999.0 217.6 205.0 168.8 239.1 357.0 306.1 256.9 199.1 335.7 303.3  13.8 280.7 266.6 354.8 256.2  54.6  82.6  85.1
 wrfout_d04_2016-12-21_03:00:00 999.0 136.3 168.2 130.5 158.1 147.6 145.2 232.7 247.3 258.9 122.5 160.8 999.0 233.6 218.3 169.8 245.8 355.5 302.6 254.5 296.5 335.0 303.0  47.0 294.9 273.2   8.8 258.7  42.6  73.9  83.1
 wrfout_d04_2016-12-21_04:00:00 999.0 142.4 168.5 320.8 160.4 154.6 145.4 238.1 236.3 266.2 123.7 159.9 999.0 249.2 229.0 170.2 249.8 342.9 327.1 262.8 293.9 341.5 306.7  64.3 302.8 279.1  34.2 266.1  41.4  69.8  77.0
 wrfout_d04_2016-12-21_05:00:00 999.0 143.8 170.9 316.4 160.2 159.4 130.9 235.9 232.9 260.6 124.6 162.7 999.0 252.9 236.6 171.5 252.8 346.7   8.6 276.9 298.0 333.1 304.0 109.0 302.8 276.9  51.2 271.5  45.4  63.8  71.5
 wrfout_d04_2016-12-21_06:00:00 999.0 147.1 167.5 317.2 154.5 162.3 119.6 238.3 243.2 257.1 128.1 164.4 999.0 266.0 249.6 163.3 260.1 343.9  38.7 283.6 303.8 334.1 304.5 150.9 296.1 282.5  53.9 279.9  46.2  63.8  72.9
 wrfout_d04_2016-12-21_07:00:00 999.0 153.8 165.9 317.4 150.3 158.0 116.8 234.0 319.6 256.7 126.5 167.2 999.0 285.6 275.1 161.6 262.3 349.0  48.9 286.7 252.7 331.9 315.2 138.4 313.3 296.0  63.9 291.8  45.6  72.0  76.7
 wrfout_d04_2016-12-21_08:00:00 999.0 161.3 163.1 313.4 148.3 155.4 113.1 233.7 332.4 265.9 134.2 167.2 999.0 310.1 288.8 171.7 255.4 355.7  57.8 301.0 180.5 330.6 318.5 177.2 319.9 315.3  72.5 304.8  48.9  78.6  79.9
 wrfout_d04_2016-12-21_09:00:00 999.0 159.7 153.2 316.2 132.0 158.2  97.5 231.2 323.6 265.6 126.4 170.0 999.0 347.5 314.8 185.6 210.7 359.1  67.1 307.6 159.7 344.8 335.0 245.3 320.7 325.1  62.8 310.5  40.3  79.4  82.7
 wrfout_d04_2016-12-21_10:00:00 999.0 161.3 164.4 312.1 135.9 151.7 333.3 234.3 277.1 267.3 113.3 165.4 999.0 359.4 332.8 199.6 160.4 357.2 184.9 327.3 171.6 348.4 339.2 285.2 333.2 331.8  36.9 314.1  26.9  76.6  80.8
 wrfout_d04_2016-12-21_11:00:00 999.0 164.5 171.2 317.5 142.4 319.3 273.5 214.1 252.8 239.6  79.2 165.1 999.0  13.5 342.3 212.0 161.8   1.1 205.7 345.9 176.1 355.0 346.1 284.4 337.4 344.1  11.0 321.2  25.1  84.2  79.8
 wrfout_d04_2016-12-21_12:00:00 999.0 183.5 247.2 326.9 281.8 235.3 264.6 191.8 250.6 155.5  31.4 163.6 999.0  24.6  14.4 220.9 166.6  16.9 205.8 359.2 184.0 357.6 358.3 271.6 351.9 354.9   3.0 329.1  17.2  84.1  79.6
 wrfout_d04_2016-12-21_13:00:00 999.0 242.9 213.3 126.7 228.5 213.3 270.7 216.7 235.8 107.9   8.4 251.2 999.0 343.6  83.0 226.1  88.1  21.7 183.9   3.6 184.9  11.5   8.6 264.2 352.7   0.0 319.9 347.8  21.9  82.4  75.9
 wrfout_d04_2016-12-21_14:00:00 999.0 252.8 235.5 266.1 272.6 221.9 332.0 245.6 308.7  94.1  40.7 237.8 999.0 342.0 240.9 250.9  43.1  27.2 196.6 356.7 182.7  33.1  12.9 275.6 349.0 357.4 334.3   8.4  21.4  73.1  74.3
 wrfout_d04_2016-12-21_15:00:00 999.0 270.8 308.1 337.2 333.9 243.2 255.0 242.2 132.1 332.8 195.6 246.3 999.0 349.0 323.1 259.6  42.1  35.4 195.4 347.4 184.7  31.1   2.9 268.0 343.6 353.8 304.5  13.5  10.9  69.8  70.9
 wrfout_d04_2016-12-21_16:00:00 999.0 270.8 309.8 332.7 324.5 246.2 280.5   0.5 281.0 357.1 252.7 277.7 999.0 352.4   1.4 275.2  62.2  24.8 201.4 354.0 189.0  22.4   0.0 271.7 342.7 356.7 318.9 358.3   6.6  77.5  73.2
 wrfout_d04_2016-12-21_17:00:00 999.0 290.2 316.2 322.4 336.0 236.6 308.9 355.8 214.8  95.9 221.7 275.7 999.0   4.8   1.1 261.0 342.7  23.0 187.6   5.4 192.4  22.9   3.7 266.1   4.2  12.4 323.6 354.5 353.2  70.1  78.0
 wrfout_d04_2016-12-21_18:00:00 999.0 322.4 314.3 251.5 323.7 259.3 304.1   2.7 257.2 330.3 183.9 258.8 999.0  19.5 359.2 249.2 186.8  17.1 194.6  10.5 193.4  15.4  18.3 295.5  17.3  21.8 322.8 355.8 357.2  59.9  72.4
 wrfout_d04_2016-12-21_19:00:00 999.0 324.5 318.4 326.1 326.6 235.1 245.6  93.6  76.6  19.4 170.5 265.6 999.0  18.4   6.8 288.5 194.3  24.3 200.4   4.2 196.4   9.9  24.4 288.6  16.1  20.1 327.5 357.3 353.5  59.2  68.0
 wrfout_d04_2016-12-21_20:00:00 999.0 317.0 304.1 303.5 314.4 223.7 286.3 126.7 302.9  31.0 145.2  74.6 999.0   6.7   4.7  23.0 200.8  28.6 203.9  22.4 199.8  20.9  14.4 294.9  13.2  15.0 323.0 357.3 352.5  44.0  57.3
 wrfout_d04_2016-12-21_21:00:00 999.0 295.3 309.9 120.6 318.4 237.1   9.4 120.1 158.8 119.4 149.5  78.3 999.0  19.8 358.9 353.9 193.1  20.5 197.1  15.0 200.8  19.4  17.6 322.9  21.9  24.1 335.9  12.2 348.4  70.0  30.6
 wrfout_d04_2016-12-21_22:00:00 999.0 302.3 298.6 179.3 293.2 232.6 217.8 274.4  98.5 266.6 180.2  61.8 999.0  13.8 356.5  20.5 220.1   4.3 197.0  10.7 202.9  23.5  24.7 348.3  12.3  15.8 333.8  23.4 353.2  52.6  10.8
 wrfout_d04_2016-12-21_23:00:00 999.0 310.4 297.9 337.9 312.4 267.1  47.9 335.2 347.1 109.5 212.8 273.0 999.0  19.9 349.7   8.7 192.3  17.2 195.2  10.8 207.3  11.2  23.9 338.4  12.2  14.7 333.4  27.0 355.8  45.1   3.2
