 wrfout_d04_2016-09-03_00:00:00 999.0  13.7 284.1 272.7 291.3  25.1 124.1  58.6  75.1 111.2 173.0  45.8 999.0 213.6 183.0  92.9  46.7 213.9 228.1 183.8 284.4 216.4 222.9 292.4 198.7 215.2 359.3 243.5  46.0 242.9 247.8
 wrfout_d04_2016-09-03_01:00:00 999.0  10.7 290.6 357.8 278.0 343.8  27.2 358.1  53.9 326.2 121.8 124.6 999.0 162.0 177.4  42.0 250.3 201.5 219.9 188.9 271.7 211.4 166.5  70.2 114.8  87.7  75.5 221.6 119.2 263.7 255.1
 wrfout_d04_2016-09-03_02:00:00 999.0  12.9 285.1 342.5 291.3 354.6 267.1 319.8  94.6 322.9 129.4 132.6 999.0 169.1 163.4 112.8  90.6 193.5  27.2 176.5 313.2 215.1 177.8  57.5 124.4 117.0  62.9 235.7  36.8 258.9 246.5
 wrfout_d04_2016-09-03_03:00:00 999.0  37.2 343.1 357.2 237.7  42.0 321.8 343.0 359.2 160.5 113.6 134.9 999.0 153.6 153.7 131.1 345.4 191.9 207.4 154.9 320.7 198.9 160.3  67.5 179.4 152.4 101.3 227.0  40.1 258.0 238.9
 wrfout_d04_2016-09-03_04:00:00 999.0  18.8  78.2   1.9 167.7 359.2  14.7  98.6 220.0 178.3  84.5 133.2 999.0 167.8 174.0 122.0 283.0 187.0 212.5 165.4 276.7 203.2 204.7  89.5 103.8 100.4  98.6 219.3   3.5 257.4 244.2
 wrfout_d04_2016-09-03_05:00:00 999.0  29.8 176.4 318.3 199.0  18.9 190.1 153.0 240.6 238.0  64.6 122.9 999.0 201.2 154.5 131.9 290.7 186.5 210.2 179.5 295.1 207.0 155.4 196.7 138.7 121.9 289.9 173.4  32.1 259.0 243.3
 wrfout_d04_2016-09-03_06:00:00 999.0  21.5  16.7 296.8 224.7 355.3 256.3 324.6 263.9 261.2  59.1 151.5 999.0 139.0 177.5 106.5 340.6 198.0 226.6 185.2 304.4 202.1  91.5 233.1 124.4 126.6 324.4 186.1  42.1 248.7 252.2
 wrfout_d04_2016-09-03_07:00:00 999.0  37.1 116.3 325.6 197.4  37.3 236.9 177.4 233.1 266.7 319.2 132.2 999.0 154.8 179.6 244.5  13.5 196.4 229.2 212.4 262.5 205.9  87.4 272.1 105.0  93.7  16.8 214.3  94.8 248.0 229.4
 wrfout_d04_2016-09-03_08:00:00 999.0  40.2 137.9 145.2 184.8  41.3  65.7 117.4 214.5  50.4 289.3 157.6 999.0 328.4 256.4 240.9  46.0 198.7 212.4 200.1 118.1 221.3  95.2 289.3 145.8 138.7 358.1 183.9  59.3 253.7 218.2
 wrfout_d04_2016-09-03_09:00:00 999.0  20.9 102.7 156.0 144.4  30.9  94.1  57.5 222.4 151.2 353.9 314.9 999.0 152.0  59.0 206.4   4.7 191.5 171.0 192.1 148.2 229.8 107.6 255.0 170.6 124.0 359.0 171.1  75.2 257.8 215.7
 wrfout_d04_2016-09-03_10:00:00 999.0  42.6  99.4 150.3  93.9 108.9  99.3  80.1  90.6 238.3  43.1 351.3 999.0  96.7  83.0 238.4   1.7 229.6 194.7 186.5 154.7 226.2 130.7 322.3 137.7 160.7 347.3 119.2  40.0 305.8 227.5
 wrfout_d04_2016-09-03_11:00:00 999.0  45.1  77.8 230.8  56.9 300.2  94.9  53.2  94.7  76.7 336.0 333.2 999.0 130.2 358.6 225.4   3.0 203.9 174.0 182.7 143.3 178.8 146.8  82.5 154.0 162.0 248.7 147.4 311.4 249.5 242.6
 wrfout_d04_2016-09-03_12:00:00 999.0  53.6  97.8 199.5  66.6 211.1  88.2  46.1  66.5 320.6  24.3 300.2 999.0 325.4  32.8 238.3  30.5 160.0 157.7 195.7 146.9 181.1 168.4 281.0 139.8 116.2 318.1 152.4 306.5 196.0 226.2
 wrfout_d04_2016-09-03_13:00:00 999.0  53.2  88.3 145.1  57.0 266.9  83.9  98.3  67.0  66.5 252.4   7.2 999.0  84.8 109.6 230.0 137.6 136.6 215.2 186.5 151.5 202.1 132.1 267.6 124.9 108.8 340.0 168.3  27.4 306.5 199.9
 wrfout_d04_2016-09-03_14:00:00 999.0  67.7  67.3 287.0  48.0 320.7  88.2  48.2  31.8 248.7 358.5  23.2 999.0  38.0  24.1 195.2  46.4 209.8 189.2 184.0 142.1 215.1 129.4 304.5 144.0 154.8 293.6 180.4 277.6 281.4 210.6
 wrfout_d04_2016-09-03_15:00:00 999.0  45.6  67.2 299.8  42.8  17.0 289.0  60.6 110.9 150.4 334.3  11.3 999.0 309.3  14.0 334.3  30.1 183.0 186.1 149.4 152.0 211.9 134.5 240.1 165.9 162.0 250.2 172.4 325.8 227.8 215.8
 wrfout_d04_2016-09-03_16:00:00 999.0  48.0  61.0 296.8  44.6 351.3 258.1  85.7 253.7   8.5 336.7 337.8 999.0 324.7 322.5 267.5  35.7 217.3 178.4 247.4 149.6 232.5 179.2   3.0 151.1 162.0 294.3 136.1 319.5 242.4 222.7
 wrfout_d04_2016-09-03_17:00:00 999.0  64.1  65.1 340.8  43.7  31.9 162.4 125.5 193.8  17.7 333.4   6.5 999.0 338.6 287.5 168.8 301.3 188.2 242.6 121.8 156.8 216.4 205.8 268.8 224.3 215.6 241.9 215.5 299.3 240.5 226.6
 wrfout_d04_2016-09-03_18:00:00 999.0  72.1  72.0 150.8  52.3  78.7 118.4  66.2 166.8 298.4 323.5 306.6 999.0  57.8  37.4  18.1  56.6 189.1  89.5 134.0 137.8 227.3 193.4 335.0 160.0 115.0 243.7 263.7 319.2 254.3 221.5
 wrfout_d04_2016-09-03_19:00:00 999.0  92.5  95.9 195.2  75.6 157.9 264.8  58.5 259.6 249.4 316.8 339.4 999.0  31.1 320.3 273.3  57.5 218.8 209.2  17.5 143.9 241.8 172.8 314.5 127.7 125.8 332.4 229.3  15.6 264.1 229.7
 wrfout_d04_2016-09-03_20:00:00 999.0 114.2 131.9 293.3 120.9  27.6 265.6  49.2 246.7 171.8 302.6 318.8 999.0 350.1 353.5 289.2  62.2 358.4  84.1 332.9 146.4 246.4 119.4 310.3 144.7 127.2   0.2  38.4 328.2 247.2 235.6
 wrfout_d04_2016-09-03_21:00:00 999.0 121.8 112.6 153.6  90.8  39.9 264.2  59.7 182.6  94.0 342.7 322.0 999.0  35.9   0.5 324.8  71.4 158.0 135.3 117.1 150.0 223.2 104.7 334.0  98.1 105.5 288.9  26.9 354.3 253.7 239.6
 wrfout_d04_2016-09-03_22:00:00 999.0 152.9 106.7 251.2  82.2 347.0 237.3  63.7 213.7  81.9 343.6 337.7 999.0  34.7 331.9 128.9  65.5 147.1 236.3  90.9 167.5 248.9 136.0 354.1 141.3 135.4  10.6 322.9 311.7 240.7 292.4
 wrfout_d04_2016-09-03_23:00:00 999.0 171.5 101.4 143.1  87.4  22.4 108.6  80.7  80.9  70.2  97.6 111.9 999.0  37.4  97.5 325.4  18.3 138.5  54.4  83.4 127.4 247.4 116.6  58.5  90.2 101.9 281.7 299.5  57.9 286.2 355.7
