 wrfout_d04_2016-09-28_00:00:00 999.0 131.2 141.1 128.6 131.5 141.7 132.4   0.0 108.1  36.6 139.6 153.1 999.0 175.2 173.9 182.8 209.9 188.1 190.1 170.9 170.8 193.6 171.1 196.0 173.5 173.9 195.9 174.3 193.0 193.2 190.8
 wrfout_d04_2016-09-28_01:00:00 999.0 134.6 139.2 124.0 129.5 142.2 120.6 357.9  94.9  10.1 148.5 151.8 999.0 172.5 176.4 186.8 215.6 193.8 191.4 172.3 171.8 187.7 169.0 196.3 169.0 170.0 196.3 172.8 186.2 192.6 191.2
 wrfout_d04_2016-09-28_02:00:00 999.0 133.0 140.1 123.5 127.0 132.9 121.5  67.8  98.3  13.8 146.2 150.7 999.0 171.6 175.9 190.4 218.5 193.3 193.1 171.0 171.4 184.8 166.4 191.8 169.6 171.1 195.3 172.3 189.6 191.2 188.8
 wrfout_d04_2016-09-28_03:00:00 999.0 131.3 139.0 124.7 127.3 141.1 126.3 192.7 110.3 307.0 146.2 150.4 999.0 173.8 182.3 201.0 225.6 188.9 192.8 172.5 170.5 178.8 166.2 193.0 170.8 171.1 191.1 169.2 184.0 192.1 188.5
 wrfout_d04_2016-09-28_04:00:00 999.0 131.5 143.1 125.2 132.1 139.3 131.4 297.7 117.5 340.4 146.6 153.3 999.0 177.8 188.4 201.6 228.0 178.7 192.1 169.3 171.2 177.9 167.6 192.4 165.1 169.4 191.0 170.1 184.4 190.4 187.2
 wrfout_d04_2016-09-28_05:00:00 999.0 134.7 146.5 130.5 136.7 146.1 138.2 300.3 127.0 310.2 144.7 153.6 999.0 177.4 188.8 194.4 219.1 180.7 190.4 170.9 169.6 176.6 163.5 195.5 167.7 171.1 186.9 167.2 177.5 191.5 188.7
 wrfout_d04_2016-09-28_06:00:00 999.0 134.5 146.4 129.1 135.4 145.0 139.9 336.9 134.1 314.1 147.3 156.3 999.0 173.4 195.3 178.8 265.9 178.6 190.8 172.0 168.4 174.3 160.8 194.4 165.6 169.1 188.6 165.5 180.5 192.2 187.3
 wrfout_d04_2016-09-28_07:00:00 999.0 134.8 149.8 127.3 136.5 143.4 140.9   2.0 127.6 323.5 145.4 159.3 999.0 177.7 197.4 181.2  20.1 176.3 192.8 174.4 168.4 174.2 163.0 193.5 166.5 168.0 186.0 166.9 177.2 194.3 184.9
 wrfout_d04_2016-09-28_08:00:00 999.0 131.6 150.1 123.6 133.3 141.1 142.5  17.1 131.0 348.3 143.0 159.4 999.0 179.5 196.3 183.8  28.2 176.9 191.0 174.6 169.7 174.6 165.2 197.0 164.8 165.5 185.5 166.0 178.7 192.7 183.9
 wrfout_d04_2016-09-28_09:00:00 999.0 130.5 148.4 120.4 130.0 140.5 151.9  21.2 134.6  21.5 137.2 158.0 999.0 186.0 204.2 194.4  49.2 178.2 187.4 171.1 171.0 172.9 165.6 199.8 163.1 160.2 188.1 166.9 174.6 195.8 186.0
 wrfout_d04_2016-09-28_10:00:00 999.0 130.7 152.3 120.1 131.9 145.2 155.5  10.0 163.5 344.8 136.2 157.9 999.0 187.4 206.7 195.1  62.3 175.5 182.5 169.4 174.9 173.5 165.3 200.9 164.5 169.7 193.4 163.8 186.7 198.7 187.1
 wrfout_d04_2016-09-28_11:00:00 999.0 131.9 153.4 122.0 132.8 148.2 153.0  38.0 166.8 300.7 137.0 158.5 999.0 188.7 202.6 216.1  52.6 175.9 182.6 170.5 177.6 171.7 166.4 205.4 159.1 166.9 198.3 161.0 205.8 197.1 182.5
 wrfout_d04_2016-09-28_12:00:00 999.0 136.1 153.2 119.7 131.6 145.5 148.0   3.7 161.3 142.7 136.4 155.6 999.0 189.8 195.8 225.3  57.2 170.9 179.6 171.3 176.4 171.6 162.1 205.3 147.7 155.9 202.3 161.8 220.8 196.5 181.6
 wrfout_d04_2016-09-28_13:00:00 999.0 132.9 152.7 114.6 129.7 149.5 143.9  61.5 188.0 105.7 132.7 152.3 999.0 188.4 183.0 221.0  61.4 167.7 183.2 171.4 175.5 170.3 159.1 202.6 153.0 160.6 212.2 163.7 227.3 198.3 185.4
 wrfout_d04_2016-09-28_14:00:00 999.0 132.1 153.7 113.4 129.1 155.2 142.5 158.9 114.1  94.5 130.9 159.0 999.0 186.0 153.8 227.3  62.4 173.1 186.5 173.2 177.6 170.3 162.0 202.8 153.7 157.7 222.8 163.0 260.8 187.7 182.1
 wrfout_d04_2016-09-28_15:00:00 999.0 134.1 159.9 115.9 131.9 154.4 140.7 161.5 310.1  94.2 127.2 166.6 999.0 188.4  67.3 227.9  67.9 168.9 183.7 170.7 177.7 166.9 160.9 208.6 157.2 159.9 233.4 159.8 290.0 189.0 179.7
 wrfout_d04_2016-09-28_16:00:00 999.0 134.4 155.3 120.2 128.8 150.9 126.9 250.5 348.7  31.6 131.2 169.9 999.0 191.4  73.0 216.2  55.4 169.5 182.1 168.2 175.1 168.4 160.2 239.0 155.8 156.9 252.2 159.6 318.0 189.7 176.7
 wrfout_d04_2016-09-28_17:00:00 999.0 135.2 153.9 117.4 127.8 147.9 139.0 164.1 268.0  86.0 112.6 172.7 999.0 189.7  41.6 219.6  40.4 168.4 180.4 172.6 168.3 164.2 162.2 239.0 160.0 159.9 257.3 158.0 307.2 173.8 175.7
 wrfout_d04_2016-09-28_18:00:00 999.0 137.6 155.4 111.8 127.1 153.5 127.6 190.6 233.4 115.9 129.4 170.5 999.0 185.8  25.3 198.6  38.2 166.1 173.7 176.8 166.3 164.1 163.9 245.9 163.4 164.9 282.5 155.7 307.8 164.6 170.7
 wrfout_d04_2016-09-28_19:00:00 999.0 134.3 155.3 106.4 115.7 161.1 118.3 144.5 210.5 101.7  94.3 170.0 999.0 187.6   0.3 200.9  57.7 165.9 172.3 179.8 169.0 165.3 162.1 264.0 167.3 167.8 249.9 159.5 304.6 170.8 162.3
 wrfout_d04_2016-09-28_20:00:00 999.0 134.0 151.5 121.9 108.3 162.6  30.2 150.3  54.4  94.2  44.5 168.7 999.0 178.0  25.0 205.4  46.7 165.4 165.8 176.7 167.6 165.4 165.0 255.1 164.2 166.3 219.8 159.6 264.4 179.5 161.7
 wrfout_d04_2016-09-28_21:00:00 999.0 131.5 156.8 132.5 104.7 162.4  80.0 139.9  22.0  91.1  36.0 168.2 999.0 170.6 359.4 200.3  48.8 164.2 145.9 179.1 164.1 167.0 169.6 249.8 167.5 168.7 161.3 163.1 208.1 170.3 164.0
 wrfout_d04_2016-09-28_22:00:00 999.0 135.4 134.3 130.4 104.9 162.4  25.9 133.3   3.9  85.3  37.0 165.8 999.0 171.4  16.7 218.9  65.1 165.1 159.1 173.7 162.1 166.0 169.2 219.5 165.5 164.5 193.4 160.3 253.4 168.3 157.5
 wrfout_d04_2016-09-28_23:00:00 999.0 140.0 124.3 134.5 106.3 156.1  65.3  93.9  13.2  81.7  54.0 153.5 999.0 182.6 356.7 204.0  59.9 164.5 151.7 175.6 160.5 166.0 167.0 224.5 168.0 167.6 182.2 158.6 223.1 158.3 159.4
