 wrfout_d04_2016-08-04_00:00:00 999.0 259.9 258.7 273.5 266.5 236.2 265.0 235.0 246.9 251.7  69.0  44.6 999.0 277.3 275.0 177.8 330.6 240.7  56.8 355.9 296.1 255.0  80.8 171.0  22.6   8.2 180.0 160.3  89.5 213.6 282.3
 wrfout_d04_2016-08-04_01:00:00 999.0 267.7 251.3 276.8 253.9 232.9 257.0 238.7 248.1 250.5 102.8  91.8 999.0 301.1 306.9 146.1 307.9 261.5 344.3 345.5 314.8 142.6 324.2 147.2 352.3 332.6 162.2 271.1 112.5 211.0 283.2
 wrfout_d04_2016-08-04_02:00:00 999.0 271.3 261.9 295.1 262.8 337.7 261.3 248.7 257.5 254.0 105.4 106.1 999.0 307.2 318.2 129.0 291.5 258.4 351.6 333.2 319.0 110.1 297.5 150.1 340.0 297.7 161.5 263.0 112.8 203.1 286.0
 wrfout_d04_2016-08-04_03:00:00 999.0 272.3 269.7 299.4 273.1  48.2 305.1 260.1 270.5 268.1 106.1 110.1 999.0 303.7 295.0 117.9 267.0 253.3   2.0 321.4 318.5 281.7 304.6 151.1 323.6 273.0 163.6 263.2 116.9 204.6 288.1
 wrfout_d04_2016-08-04_04:00:00 999.0 272.6 272.4 298.9 277.0  41.5 334.5 268.9 292.0 281.5 103.9 119.8 999.0 295.5 291.9 119.2 269.7 263.4  16.5 312.0 319.4 285.8 307.6 150.8 292.2 264.3 165.2 261.5 124.1 200.7 282.2
 wrfout_d04_2016-08-04_05:00:00 999.0 275.7 273.9 298.2 279.2  33.8 335.3 266.7 301.8 286.3  92.7 117.2 999.0 297.8 292.8 120.9 258.1 263.8  12.2 298.0 331.2 287.1 308.0 153.2 279.0 264.5 166.1 261.3 130.7 200.2 279.2
 wrfout_d04_2016-08-04_06:00:00 999.0 281.1 277.0 299.4 284.1  36.0 333.3 262.9 298.3 283.2  83.6 116.0 999.0 303.3 295.8 129.3 272.2 260.6 286.8 289.4 315.6 280.5 306.8 166.7 285.0 266.2 178.9 269.0 119.1 197.6 277.7
 wrfout_d04_2016-08-04_07:00:00 999.0 281.6 271.7 293.1 281.4  52.5 327.4 252.5 293.4 275.9  91.8 122.5 999.0 299.7 291.0 140.8 275.0 255.0 266.1 288.3 336.5 276.6 299.4 155.8 285.2 266.1 156.6 270.9 119.6 221.4 285.6
 wrfout_d04_2016-08-04_08:00:00 999.0 268.9 277.1 303.4 291.9  92.6 325.5 248.4 287.2 269.4 104.4 136.0 999.0 294.0 292.7 136.4 250.8 250.9  49.6 282.2 218.5 270.5 295.6 154.9 296.9 285.1 171.9 280.3 141.1 210.8 268.9
 wrfout_d04_2016-08-04_09:00:00 999.0 272.6 266.5 300.1 291.5  97.0 329.9 242.5 286.0 259.0  88.6 127.2 999.0 276.9 281.2 159.0 256.4 253.5 338.9 286.3 314.9 263.4 290.6 161.0 294.6 285.2 177.9 280.9 139.4 217.1 293.9
 wrfout_d04_2016-08-04_10:00:00 999.0 270.5 267.6 322.1 300.7  80.0 332.2 230.4 283.9 245.2  88.7 140.7 999.0 294.2 298.3 131.7 309.2 250.7  73.4 289.5 320.4 278.6 284.1 209.3 295.6 289.5 205.8 282.4 171.8 255.6 302.1
 wrfout_d04_2016-08-04_11:00:00 999.0 269.4 256.7 323.0 291.3 247.4 313.2 225.1 282.3 242.7  45.2 146.6 999.0 302.5 290.3 148.4 190.1 261.9  99.7 284.0 331.3 276.2 298.9 227.1 311.5 309.6 211.6 294.9 289.2 222.4 298.9
 wrfout_d04_2016-08-04_12:00:00 999.0 267.1 249.2 310.6 282.5 248.1 280.9 217.8 242.3 229.5  12.0 141.3 999.0 240.2 255.1 203.8 174.2 248.8 121.8 294.4 309.3 265.4 311.4 220.9 312.7 317.5 224.0 298.5  12.0 235.7 302.8
 wrfout_d04_2016-08-04_13:00:00 999.0 252.7 241.2  66.5 272.4 246.8 247.3 216.6 235.1 222.6 357.1 202.6 999.0 207.2 230.8 228.7 183.5 237.3 178.5 334.8 277.1 263.1 301.6 229.5 321.5 315.6 261.5 307.9 353.4 240.6 306.8
 wrfout_d04_2016-08-04_14:00:00 999.0 250.6 238.5 132.4 264.8 249.3 249.6 217.1 246.6 212.7 302.4 160.5 999.0 192.8 185.1 231.8 114.3 240.3 185.4 351.4 276.8 263.3 316.6 227.8 341.0 337.2 257.8 310.7 338.1 236.1 310.1
 wrfout_d04_2016-08-04_15:00:00 999.0 256.3 245.6   0.0 272.0 267.6 268.8 226.1 247.7 238.8 344.6  73.9 999.0 195.4 175.4 233.0 144.6 226.0 140.8 335.9 288.6 257.9 333.0 228.6 341.6 341.6 282.9 311.9 319.9 237.4 304.0
 wrfout_d04_2016-08-04_16:00:00 999.0 263.1 258.4 336.1 283.2 353.0 282.3 235.7 256.7 260.3 351.0  74.7 999.0 196.2 190.0 226.1 175.1 230.5 171.8 306.2 291.5 254.5 316.5 234.7 326.1 335.3 299.6 321.2 333.8 237.1 312.4
 wrfout_d04_2016-08-04_17:00:00 999.0 266.9 262.1 331.3 286.8  89.9 306.4 241.7 273.6 262.7  12.3 336.5 999.0 197.8 196.0 220.9 177.2 235.3 129.7 290.5 297.1 250.1 292.3 228.7 331.2 329.4 321.2 325.6 332.7 237.5 318.6
 wrfout_d04_2016-08-04_18:00:00 999.0 270.1 260.3 328.6 284.8 181.9 302.5 239.9 264.0 252.2  36.5 336.9 999.0 191.1 173.9 227.0 159.9 235.6 128.9 283.2 298.0 253.2 310.0 234.2 335.2 333.0 320.1 323.7 332.9 235.0 321.2
 wrfout_d04_2016-08-04_19:00:00 999.0 267.5 258.3 335.2 283.2 226.1 295.2 225.1 242.3 235.1  54.4 309.4 999.0 180.7 196.1 228.2 175.3 237.8 125.4 277.1 299.3 255.6 296.3 240.0 337.9 343.4 315.5 319.4 319.3 236.8 321.0
 wrfout_d04_2016-08-04_20:00:00 999.0 271.7 254.8   7.7 278.5 231.3 293.4 222.2 228.6 223.2 325.8 350.8 999.0 190.8 178.7 220.1 172.6 237.0 132.3 308.9 297.4 255.5 290.2 247.5  20.3 350.7 316.6 322.9 323.8 228.7 320.2
 wrfout_d04_2016-08-04_21:00:00 999.0 267.5 247.1 146.2 269.3 230.0 261.7 214.8 228.6 197.7 278.0 322.3 999.0 157.4 161.7 240.4 164.0 239.4 127.9 325.5 297.9 255.0 340.4 247.5  41.9  38.6 327.7 329.7 322.1 223.2 321.7
 wrfout_d04_2016-08-04_22:00:00 999.0 264.3 241.3 156.1 260.6 241.4 243.9 211.8 239.4 206.1 252.3 331.3 999.0 170.4 151.7 251.0 139.6 242.1 123.2 357.9 301.9 261.2  93.1 254.0  55.8 331.2 335.3 340.1 343.9 241.8 320.1
 wrfout_d04_2016-08-04_23:00:00 999.0 265.9 252.3 242.4 263.4 236.4 253.1 220.7 241.3 234.3 250.2 355.5 999.0 186.6 177.0 216.3 334.7 245.8  92.1 329.8 312.1 263.3  76.8 206.3  22.8 346.0 332.1 328.7  90.5 239.0 316.8
