 wrfout_d04_2016-05-02_00:00:00 999.0 183.6 215.2 150.0 206.5 218.3 277.2 212.4  51.4 230.6  65.8 164.5 999.0 200.3 206.5 224.1 250.2 185.9 220.8 200.9 264.6 175.4 181.6 169.5 180.7 183.1 190.5 165.3 148.8 151.6 124.4
 wrfout_d04_2016-05-02_01:00:00 999.0 178.0 208.9 163.0 207.8 235.3 245.6 244.3 210.1 248.1  80.8 165.0 999.0 220.1 189.2 174.0 253.8 184.2 233.6 189.8 263.7 181.7 182.1 188.7 190.2 190.7 180.0 168.0 154.9 153.6 131.0
 wrfout_d04_2016-05-02_02:00:00 999.0 167.4 202.6 185.6 203.8 301.2 226.8 238.3 216.5 258.7  80.6 163.3 999.0 242.9 205.0 164.1 254.6 190.1 234.6 196.8 263.0 182.1 187.2 187.2 198.2 194.6 177.9 172.5 146.7 155.0 124.3
 wrfout_d04_2016-05-02_03:00:00 999.0 162.1 217.0 295.1 205.8  21.3 229.1 248.1 225.6 257.3  98.9 164.3 999.0 239.9 231.0 166.4 255.2 195.0 235.1 208.7 267.3 182.3 195.0 185.2 207.3 197.6 182.6 179.2 147.8 161.7 125.8
 wrfout_d04_2016-05-02_04:00:00 999.0 163.7 259.4 300.2 243.5   4.0 272.8 243.2 307.6 255.0 102.1 164.1 999.0 244.4 235.3 167.1 253.1 194.1 233.6 206.9 275.4 182.4 199.2 181.5 208.5 198.1 185.3 184.3 150.6 158.6 136.7
 wrfout_d04_2016-05-02_05:00:00 999.0 158.2 262.9 299.7 257.7 353.1 319.9 239.7 342.9 254.5 113.5 173.0 999.0 240.3 249.8 173.0 249.5 196.5 234.5 223.7 277.0 184.9 202.4 184.1 210.8 201.0 179.6 188.7 147.4 159.9 150.3
 wrfout_d04_2016-05-02_06:00:00 999.0 156.5 255.3 301.7 257.2 353.1 327.3 236.3 341.6 248.2 123.2 174.6 999.0 239.1 255.6 167.7 257.4 197.6 231.3 228.5 284.3 188.3 199.9 188.8 212.9 203.1 178.0 191.4 145.9 161.0 156.8
 wrfout_d04_2016-05-02_07:00:00 999.0 159.0 250.8 296.6 254.6   0.5 334.9 235.5 304.6 252.1 135.0 167.1 999.0 235.2 256.6 168.6 251.5 197.6 232.7 231.9 270.5 191.1 199.7 184.6 212.6 201.9 180.3 192.0 152.9 160.5 159.6
 wrfout_d04_2016-05-02_08:00:00 999.0 165.3 243.2 307.8 256.8   7.8   0.8 237.7 269.4 249.0 125.2 173.2 999.0 231.8 250.0 168.5 247.0 197.9 232.2 232.7 259.6 192.9 197.7 193.8 212.9 202.9 178.9 190.0 153.6 164.1 159.5
 wrfout_d04_2016-05-02_09:00:00 999.0 174.1 232.8 321.2 252.3  16.8  47.9 229.2 196.5 254.7 122.4 168.5 999.0 227.8 248.2 168.6 245.9 198.1 232.9 229.1 251.8 194.7 197.6 202.8 210.8 199.4 177.4 184.9 158.2 167.2 158.4
 wrfout_d04_2016-05-02_10:00:00 999.0 175.3 239.6 346.1 260.8  35.2  27.5 232.3 145.7 245.7 101.1 176.1 999.0 220.2 237.5 176.6 240.2 196.9 223.0 226.3 243.8 195.2 191.4 200.7 206.5 194.8 185.6 178.3 174.3 168.6 150.2
 wrfout_d04_2016-05-02_11:00:00 999.0 186.6 229.3   0.8 264.9  30.3  57.0 221.3 246.1 238.9  22.1 170.1 999.0 209.0 226.4 196.0 208.5 194.9 201.5 221.3 244.0 193.7 187.8 202.7 205.0 194.1 193.6 170.8 201.8 173.4 152.1
 wrfout_d04_2016-05-02_12:00:00 999.0 201.0 224.2 211.9 245.6  18.0 186.1 227.0 241.3 240.1  78.0 168.9 999.0 198.3 200.5 201.7 207.0 195.6 203.7 207.6 246.2 192.7 185.3 204.6 201.7 191.5 199.9 169.6 212.0 180.7 165.9
 wrfout_d04_2016-05-02_13:00:00 999.0 207.0 231.3  79.6 262.5 184.8 132.9 230.2 187.5 238.6  27.7 174.5 999.0 189.6 189.2 209.6  44.1 198.9 210.3 198.6 245.8 196.2 182.9 209.9 199.9 190.4 198.9 167.9 188.8 184.9 205.1
 wrfout_d04_2016-05-02_14:00:00 999.0 219.0 226.7  72.8 258.3  88.0 129.8 231.6 118.6 238.9  14.7 179.9 999.0 187.9 181.6 219.3  15.6 203.7 210.9 194.5 246.3 204.8 180.2 223.4 197.3 192.2 205.1 167.9 208.9 191.6 229.4
 wrfout_d04_2016-05-02_15:00:00 999.0 235.6 223.6  95.8 251.9 304.0 105.5 233.2 107.6 237.5  14.5 194.7 999.0 186.9 183.2 230.1 356.8 207.0 212.1 193.7 246.9 209.1 185.4 226.7 197.4 192.0 207.5 178.8 231.3 194.7 244.0
 wrfout_d04_2016-05-02_16:00:00 999.0 236.9 226.6 133.2 256.0 234.5  64.0 233.4 171.4 233.0  29.6  58.3 999.0 189.0 187.3 224.4  66.4 211.7 212.0 195.2 248.4 211.3 194.8 231.2 192.9 185.3 198.0 195.4 238.9 200.9 255.5
 wrfout_d04_2016-05-02_17:00:00 999.0 229.3 232.1  96.1 262.4 224.4 296.7 233.4 140.5 229.7  15.7  96.2 999.0 188.7 189.3 225.6  59.1 215.0 211.8 197.1 250.7 214.9 200.6 229.4 183.8 184.5 204.3 218.0 233.1 209.9 263.6
 wrfout_d04_2016-05-02_18:00:00 999.0 242.0 235.6  57.0 266.3 219.4 256.9 232.7 111.1 236.9  26.3 146.0 999.0 188.8 185.8 227.6  67.8 214.8 210.5 195.5 252.6 219.2 197.7 240.0 174.3 195.2 205.8 234.3 234.6 216.2 270.2
 wrfout_d04_2016-05-02_19:00:00 999.0 257.6 233.0 220.1 261.6 208.5 239.9 232.3 105.3 235.7 180.0 287.0 999.0 189.8 181.4 232.6  63.4 214.7 210.7 194.0 255.0 221.0 197.4 275.9 190.1 203.3 203.6 257.0 239.3 222.4 275.8
 wrfout_d04_2016-05-02_20:00:00 999.0 236.6 236.5 228.6 262.5 171.3 261.6 230.6 138.9 234.7 225.8 275.0 999.0 188.1 176.6 236.5  64.8 213.1 212.1 192.2 258.1 219.6 191.4 316.6 223.4 210.4 207.9 278.8 235.3 225.2 278.7
 wrfout_d04_2016-05-02_21:00:00 999.0 246.3 238.8 266.9 264.4 169.7 294.4 229.6 145.2 235.4 212.1 275.0 999.0 185.4 170.1 248.5  60.8 205.1 212.9 188.9 260.7 213.3 185.9 214.4 245.0 221.1 317.7 293.3 228.8 229.2 282.1
 wrfout_d04_2016-05-02_22:00:00 999.0 244.9 240.4 268.4 264.5 200.1 283.0 229.9 186.4 236.1 180.0 320.2 999.0 182.1 169.6 265.0  56.6 199.5 214.8 189.5 265.2 214.8 206.5   7.6 263.3 249.8 346.6 297.8 218.2 232.0 283.8
 wrfout_d04_2016-05-02_23:00:00 999.0 240.4 243.0 261.6 260.2 243.4 257.2 232.1 232.3 240.1  63.0 358.5 999.0 182.7 179.0 265.6  11.2 202.7 233.1 204.7 270.8 217.3 220.4  49.2 275.4 270.1  50.0 299.0 199.8 234.4 285.2
