 wrfout_d04_2016-08-09_00:00:00 999.0 287.0 291.2 303.8 280.3 252.9 246.2 273.0 232.8 205.1 125.7  53.0 999.0  18.6 245.6 188.8 330.4  17.4  50.2 347.7 359.3   5.1  20.6 197.0   4.4 356.3 160.0 319.6  87.1 249.9 310.3
 wrfout_d04_2016-08-09_01:00:00 999.0 283.9 287.0 295.9 280.3 297.7 264.3 314.7 251.6 358.0 116.7  78.2 999.0 337.5 312.9 158.3 309.5 357.6  39.0 323.1   0.1  19.3 356.3 174.6 324.9 340.3 136.9 287.8 102.7 249.5 304.3
 wrfout_d04_2016-08-09_02:00:00 999.0 284.0 291.6 298.0 282.0 318.3 284.2 321.8 248.2 330.8 107.7 106.5 999.0 345.8 330.8 152.7 267.7 351.1  38.6 323.1 355.5 350.7 330.8 161.9 347.5 326.2 127.8 280.1  99.3 246.5 301.8
 wrfout_d04_2016-08-09_03:00:00 999.0 283.4 288.7 304.5 281.3 345.9 298.3 328.8 273.7 328.0 102.7 127.5 999.0 339.8 343.4 150.1 253.7 349.6  23.0 318.0 351.3 359.4 321.9 160.0 301.8 286.9 117.4 273.3  86.1 246.5 298.2
 wrfout_d04_2016-08-09_04:00:00 999.0 286.7 293.5 312.2 285.3 359.3 304.8 343.5 291.0 334.6  94.3 127.9 999.0 342.7 297.7 150.1 250.3 344.5 352.0 308.8 329.7 320.6 308.1 158.1 305.6 292.0 121.2 277.6  85.9 231.7 299.1
 wrfout_d04_2016-08-09_05:00:00 999.0 289.6 295.5 313.3 283.7   1.0 318.5 348.7 297.5 338.4  83.1 144.9 999.0 345.6 319.2 143.5 285.9 333.5 287.3 300.0 323.9 312.8 312.6 146.4 296.3 290.5 126.4 281.6  89.2 221.2 286.6
 wrfout_d04_2016-08-09_06:00:00 999.0 286.8 293.5 317.4 281.4  11.7 326.4 345.5 326.3 337.9  85.7 139.5 999.0 336.2 329.1 140.2 323.4 353.4   2.3 300.8 350.8 342.7 304.8 156.9 297.2 286.0  95.8 282.9  85.2 219.6 271.3
 wrfout_d04_2016-08-09_07:00:00 999.0 290.0 273.6 311.0 259.9  35.2 312.1 335.5 283.8 355.0  66.5 145.3 999.0 349.5 359.2 161.7 347.1  16.5  96.3 329.0  24.2  23.8 332.1 148.1 328.4 312.5 118.4 286.8  59.3 233.2 282.5
 wrfout_d04_2016-08-09_08:00:00 999.0 267.1 264.1 320.8 255.3  25.3 309.2 344.8 347.6 355.6  78.0 137.8 999.0 354.2  12.8 161.3 322.4  27.9 137.9 335.0 148.7  16.9 345.1 136.8 339.7 332.7  45.2 284.6 342.9 217.9 294.0
 wrfout_d04_2016-08-09_09:00:00 999.0 246.2 138.7 345.8 134.4 180.6  50.5 355.6  51.8  18.2  66.5 153.9 999.0 352.6   1.1 168.1 259.8  29.6 240.3 329.0 161.9 348.1 335.9 155.3 336.0 321.3  62.6 284.8  14.4 216.2 311.3
 wrfout_d04_2016-08-09_10:00:00 999.0 189.0 102.4 324.3  94.0  60.5  72.7  26.3  64.5   3.2  76.5 156.7 999.0  11.8 349.5 181.3 267.6  15.9 228.9 321.4 169.0 258.1 320.3  94.6 332.3 301.8  80.9 271.8  12.1 178.6 294.5
 wrfout_d04_2016-08-09_11:00:00 999.0 143.8 120.1 132.5  95.7  91.1  75.2  36.4  75.7  21.6  81.4 161.6 999.0   8.2 341.8 191.2 209.4 269.4 197.9 333.6 149.8 251.3 295.6 316.6 287.6 277.4  70.6 227.7 356.7 154.1  53.7
 wrfout_d04_2016-08-09_12:00:00 999.0 151.6 111.6 114.8  85.4  74.1  75.0  14.7  55.4 353.6 106.3 161.4 999.0 354.6 355.5 219.5 179.1 261.2 207.4 348.8 170.0 279.9 279.3 321.4 293.0 297.9  61.7 215.8  13.9 127.1  29.3
 wrfout_d04_2016-08-09_13:00:00 999.0 129.7 115.5 129.0  90.2  70.2  76.7  29.0  56.4  14.2 106.1 164.7 999.0   8.2 354.4 223.4 155.9 273.4 207.4 291.0 155.4 171.1 281.1 314.4 273.2 258.2  37.5 211.7  22.3  95.2  47.9
 wrfout_d04_2016-08-09_14:00:00 999.0 118.8 125.2 126.8  96.9  93.0  82.9  22.4  58.5   6.4 109.6 159.8 999.0 355.9  79.8 223.8 350.9  59.9 243.1 214.8 145.0 138.7 207.6 317.5 242.6 228.8 352.2 224.1  16.8  73.7  73.8
 wrfout_d04_2016-08-09_15:00:00 999.0 120.8 124.4 123.8  95.3  83.7  86.3  31.1  88.6 298.8 114.4 161.5 999.0 348.2 166.5 222.7 172.5  35.4  93.6 192.6 138.2 172.5 175.2 307.5 232.7 221.3 343.3 226.6   8.7  54.4  70.3
 wrfout_d04_2016-08-09_16:00:00 999.0 119.5 137.3 128.3 108.4  79.0  82.4 210.9 168.4 170.2  74.4 164.9 999.0   0.4 168.5 231.2 215.7 339.0 267.1 212.6 156.4 237.1 171.9 313.4 257.4 245.2 339.8 239.1   0.2  59.4  75.2
 wrfout_d04_2016-08-09_17:00:00 999.0 121.9 142.4 127.5 114.5  70.7  77.2 191.5  71.1 166.9  57.3 166.3 999.0 346.0 189.7 230.7 180.0  16.8 101.7 218.5 144.9 337.8  47.4 313.2 351.7 333.0 352.9 243.9 344.8  81.7  72.3
 wrfout_d04_2016-08-09_18:00:00 999.0 117.5 145.4 130.6 115.0  81.3  72.5 193.4  53.9 153.5  42.0 160.8 999.0  17.0 173.6 244.0 196.0  26.5 260.8 240.3 152.3  23.4  20.4 318.7  20.3 355.8   3.1 275.8 358.7  61.3  72.1
 wrfout_d04_2016-08-09_19:00:00 999.0 123.1 144.4 132.0 115.4  85.7  86.8 186.7 108.1 159.6   9.3 127.7 999.0 358.3 151.1 260.2 189.0  56.4 279.1 222.9 151.3  22.8  75.9 311.3  36.0  20.0 349.6 292.1   1.5  68.4  74.5
 wrfout_d04_2016-08-09_20:00:00 999.0 123.0 134.6 133.7 104.9  96.2  80.6 166.1  15.4 146.2  29.8 304.7 999.0 322.8 164.5 187.3 118.8 111.1 118.9 266.8 149.8  64.0  68.0 316.6  49.9  40.4 348.1 308.2 358.7  60.8  66.1
 wrfout_d04_2016-08-09_21:00:00 999.0 115.7 131.4 136.7  99.1 103.1  66.5 187.8 296.1 150.9 352.7 152.7 999.0  25.3 126.9 303.4 152.1  58.5 227.8 329.2 151.1  60.3  65.2  12.4  22.3  24.8   9.2 350.5   6.8  50.5  58.9
 wrfout_d04_2016-08-09_22:00:00 999.0 117.7 131.1 131.3 105.0  99.7  71.6 158.3 198.2 107.7 333.3 321.4 999.0 331.8 169.9 293.1 154.4  72.7 139.1  74.0 147.6  66.9  66.0 329.4  26.6  35.6 358.2  43.2   3.6  54.4  64.6
 wrfout_d04_2016-08-09_23:00:00 999.0 111.9 124.7 138.6 110.7 108.6 102.9 184.1  55.2 164.2  35.7 127.2 999.0 334.5  82.1 298.4 353.1  67.9 257.0 301.8 153.3  45.4  67.9  35.1  19.8  29.3 343.7  31.0 356.6  50.3  88.9
