 wrfout_d04_2016-10-05_00:00:00 999.0  48.1  82.6 131.9  72.0  87.4  76.4  53.5  68.9  53.6 315.0 350.6 999.0 353.7 188.8  15.1 317.0   1.3  34.7 287.6 134.3 342.8 337.0  43.6 345.1 340.0  28.9   0.9  35.5  49.8  72.6
 wrfout_d04_2016-10-05_01:00:00 999.0  50.8  78.9 108.1  75.0  58.8  78.9  44.9  75.0  51.3 102.9  44.2 999.0 347.6 232.7  43.1 325.0  10.3  24.8 296.8 110.7 346.9 344.0  42.7 335.4 327.1  49.9 336.0  46.7  48.0  66.7
 wrfout_d04_2016-10-05_02:00:00 999.0  51.4  78.6  89.1  72.8  58.5  68.9  41.3  82.2  45.3 104.5  88.2 999.0 345.3 240.2  39.4 297.7  13.0  31.3 313.8  97.1   3.2 345.3  44.8 333.4 329.3  57.4 306.8  51.7  42.2  61.4
 wrfout_d04_2016-10-05_03:00:00 999.0  51.1  78.8  95.2  73.7  60.9  70.4  38.5  81.2  51.3  92.3  71.8 999.0 357.2 276.8  34.2 255.6  13.0  28.3 324.3  72.5   8.5 340.7  48.1 330.7 330.9  56.6 298.2  50.0  42.7  54.7
 wrfout_d04_2016-10-05_04:00:00 999.0  53.3  74.5  86.3  70.8  62.0  71.0  39.0  80.3  49.7  83.5  58.3 999.0   1.8 341.1  32.7 243.0  11.4  30.0 339.4  74.6   6.2 340.4  41.8 329.7 327.3  60.3 287.5  52.9  40.4  53.8
 wrfout_d04_2016-10-05_05:00:00 999.0  47.3  74.1  79.5  69.1  63.7  68.0  40.4  66.7  49.8  71.0  56.9 999.0   2.9 357.3  34.2 263.6  10.9  31.6 327.7  79.6   5.2 342.1  44.0 326.9 323.5  57.3 287.8  51.6  37.5  50.3
 wrfout_d04_2016-10-05_06:00:00 999.0  49.1  74.6  79.9  69.8  61.4  68.9  40.9  64.6  48.0  90.7  46.3 999.0   3.3 349.7  35.7 271.2  10.6  28.9 323.1  74.0   5.2 342.4  40.0 323.4 321.6  55.8 287.9  47.9  36.9  50.1
 wrfout_d04_2016-10-05_07:00:00 999.0  56.3  77.8  82.3  73.5  67.7  67.2  43.7  66.8  49.2  80.7  51.1 999.0   7.3 345.4  26.8 269.1  13.8  37.2 322.2  80.4   4.5 344.3  35.7 325.2 326.8  50.9 292.6  45.6  40.2  48.5
 wrfout_d04_2016-10-05_08:00:00 999.0  63.6  79.9  83.9  74.0  69.2  67.5  50.4  63.8  48.7  79.8  66.2 999.0   9.4 344.2  23.9 261.6  14.4  56.7 321.2  97.8   7.3 345.9  34.6 330.1 329.2  47.4 292.0  44.5  37.5  48.7
 wrfout_d04_2016-10-05_09:00:00 999.0  63.8  81.4  98.3  76.5  75.4  74.9  52.2  68.6  53.0  72.2  80.3 999.0   9.0 343.0  21.9 231.4  14.8  55.9 324.1 134.1   6.6 349.6  32.3 330.2 330.8  42.6 298.5  39.7  34.1  47.3
 wrfout_d04_2016-10-05_10:00:00 999.0  63.1  82.0 106.7  74.9  73.1  78.6  54.3  68.5  58.1  46.5  75.4 999.0   6.2 340.8  11.8 209.8  16.4 100.3 326.2 139.9   9.5 353.2  31.8 336.1 344.9  35.4 297.0  33.5  34.7  48.4
 wrfout_d04_2016-10-05_11:00:00 999.0  62.4  83.6 107.4  76.5  64.7  81.2  60.7  68.4  59.4  23.5  65.2 999.0   4.5 322.8  12.3 212.5  17.2 239.1 325.1 141.8  11.1 356.7  30.6 336.4 345.0  29.4 292.3  30.2  26.4  46.7
 wrfout_d04_2016-10-05_12:00:00 999.0  58.5  80.7  96.2  79.4  65.8  81.0  59.6  64.1  59.2  14.5   4.4 999.0   1.9 232.1  11.5 207.5  21.5 240.0 334.9 142.2  13.4 356.9  33.4 339.0 346.1  19.2 270.6  13.4  23.0  43.3
 wrfout_d04_2016-10-05_13:00:00 999.0  59.6  76.4  65.4  70.2  64.5  85.3  55.0  63.6  58.2 334.0 299.6 999.0   0.5 152.3   4.5 202.6  19.0 237.5 319.8 138.9  13.8  13.8  24.2  13.8  13.5  26.2 248.1  14.5  26.2  40.8
 wrfout_d04_2016-10-05_14:00:00 999.0  61.5  76.3  63.9  68.7  61.6  79.9  53.7  66.6  59.2  43.5  10.8 999.0 350.7 128.4  38.3 204.8  16.7 239.6 273.5 139.3  15.7  23.1  47.9 339.0 336.3  19.2 248.2  15.5  30.1  40.9
 wrfout_d04_2016-10-05_15:00:00 999.0  62.5  71.9  98.9  70.9  66.3  70.3  53.2  64.1  59.2  47.4  83.5 999.0 351.7 137.0  30.0 192.6  20.0  18.0 201.0 129.3  11.7  39.0  11.8 341.1 343.6  46.6 240.2  19.3  44.8  46.8
 wrfout_d04_2016-10-05_16:00:00 999.0  63.7  78.4  59.7  72.6  66.6  83.5  52.3  68.7  58.2  45.2  64.2 999.0 354.8 143.2   8.0 330.2  16.8  58.4 203.5 120.8   9.6  38.2  11.3  43.1  32.1  28.4 260.4 353.8  55.5  47.1
 wrfout_d04_2016-10-05_17:00:00 999.0  60.4  82.3 128.0  76.7  74.1  81.8  52.2  67.8  53.6  56.6  82.1 999.0  19.7  95.4 337.1  26.2  14.6  62.3 156.3  58.5   4.7 100.2   0.4 139.5 107.4  16.9 202.7  10.1  56.0  48.3
 wrfout_d04_2016-10-05_18:00:00 999.0  57.9  84.6 103.2  77.4  75.0  76.9  48.4  67.3  54.9  63.0  89.3 999.0 295.4 217.0   5.9  13.1  26.3  87.7 256.4 115.2  31.3 140.0  16.9 165.5 161.4  17.7 218.2  35.7  53.6  54.0
 wrfout_d04_2016-10-05_19:00:00 999.0  59.6  85.8 117.0  76.1  68.8  78.7  52.9  73.2  57.7  75.4 104.9 999.0 353.3 189.3  29.8 101.6  28.9  46.3 264.1 117.0 359.2 140.7  15.0 151.1 125.3  30.9 177.7  29.8  58.6  57.6
 wrfout_d04_2016-10-05_20:00:00 999.0  65.3  88.6 125.8  80.0  72.1  76.3  55.7  74.2  61.9  81.1 104.0 999.0 217.1 180.5  26.9 230.3  32.7  18.2 267.7 113.4  43.3  91.3  23.0  26.4 116.8  34.1 210.9  49.6  63.4  77.9
 wrfout_d04_2016-10-05_21:00:00 999.0  70.4  88.8 112.4  80.5  76.7  75.1  56.4  75.2  56.7  80.0 107.9 999.0 161.9 167.8  37.4 269.7  28.2   9.2  25.8 108.1  11.9 105.1  32.3 130.7 180.6  45.2 297.4  53.3  63.2  70.1
 wrfout_d04_2016-10-05_22:00:00 999.0  72.8  90.7 111.0  85.4  77.2  71.1  58.3  65.8  60.8  88.4 123.7 999.0 150.2 150.9  54.3 270.4  30.5  18.2 340.2 107.8  19.9  71.9  27.5 191.1 236.5  49.2 271.2  64.1  64.6  67.2
 wrfout_d04_2016-10-05_23:00:00 999.0  76.1  96.2 110.6  87.9  76.6  70.4  69.1  63.3  70.0 102.3 122.9 999.0 150.2  90.0  57.3  17.4  23.9 285.8   9.1 111.0  22.7 165.0  43.2 114.8 133.6  62.3 276.4  61.7  69.2  73.2
