 wrfout_d04_2016-08-21_00:00:00 999.0 154.8 305.5 315.3 207.5   5.4  52.5 335.2  62.3 123.5  96.7  43.0 999.0 326.5 165.4 180.0  23.8 192.5  27.3 310.8  82.1 163.3  63.7  82.8  49.9  37.2  55.5 245.3  84.9  29.1  78.4
 wrfout_d04_2016-08-21_01:00:00 999.0 150.2  23.0 319.8 199.5  32.6  58.3 326.1  44.8 290.4  91.2  78.7 999.0 308.3 210.8 131.4   6.4 228.6  10.7 302.7  27.9 122.3 307.4  85.7  13.2 271.0  98.1 242.1  92.2  36.5  76.7
 wrfout_d04_2016-08-21_02:00:00 999.0 138.9  26.4 329.9 248.6  33.4  32.0 335.3  44.5 306.3  94.6  94.9 999.0 312.1 290.9 117.5 336.7 244.3   0.1 297.5 351.9 113.8 300.3  90.8 296.9 262.1  96.1 246.3  87.1  40.6  68.8
 wrfout_d04_2016-08-21_03:00:00 999.0 127.8  29.1 332.0 323.4  36.5  37.4 345.4  42.2 320.8  94.5 104.3 999.0 317.9 320.5 111.8 328.9 262.2 359.1 291.7 345.1 121.5 298.4  86.2 278.3 255.4  90.2 251.9  84.2  38.2  59.2
 wrfout_d04_2016-08-21_04:00:00 999.0 107.3  47.3 337.7  19.3  37.9  28.2 354.2  12.1 329.3  94.3 104.7 999.0 324.6 314.9 105.6 312.4 282.6   9.4 283.0 358.0 352.3 299.0  85.9 266.1 255.5  91.0 251.7  81.5  43.6  58.7
 wrfout_d04_2016-08-21_05:00:00 999.0  86.8  68.6 340.7  83.6  40.7  47.3   2.5  16.2 342.3  93.8 103.0 999.0 327.1 311.0 103.8 277.3 309.4  40.7 278.6  20.2 289.6 297.9  86.3 265.1 257.0  88.7 252.0  78.6  47.6  59.1
 wrfout_d04_2016-08-21_06:00:00 999.0  79.3  77.6 340.1  82.9  43.6  83.1  12.2  41.8 345.1  92.6 104.7 999.0 338.5 320.4 100.7 278.7 328.5  47.1 285.1  19.6 278.4 285.9  82.9 257.7 256.6  84.7 252.0  76.0  51.5  63.0
 wrfout_d04_2016-08-21_07:00:00 999.0  73.6  80.3   6.8  71.4  46.7  78.8  18.3  72.3 359.5  93.5 107.5 999.0 347.1 336.1  98.7 321.6 320.0  60.9 250.9  24.1 276.0 297.7  75.3 269.9 270.2  80.5 247.4  71.1  62.1  73.6
 wrfout_d04_2016-08-21_08:00:00 999.0  74.6  79.4  97.5  64.0  54.5  69.8  25.4  64.6   8.0  93.3 112.5 999.0 349.8 325.2  89.3 292.1 322.4  51.8 298.9 357.3 287.9 300.6  61.6 280.0 270.9  72.5 260.9  64.0  64.0  74.8
 wrfout_d04_2016-08-21_09:00:00 999.0  80.3  80.7 106.7  62.0  70.9  65.0  22.6  59.1  11.0  96.0 127.4 999.0   4.2 336.0 102.2 239.5 325.1  60.1 293.7  46.8 288.0 320.3  51.2 301.4 289.0  70.2 259.0  58.7  57.2  63.3
 wrfout_d04_2016-08-21_10:00:00 999.0  92.4  85.5 122.9  63.7  93.4  81.4  17.6  76.3 355.5  85.9 139.3 999.0   4.2 349.3  83.6 216.2 338.8  53.4 269.2  19.6 300.3 316.0  36.0 317.7 288.0  55.9 267.6  46.5  52.6  69.4
 wrfout_d04_2016-08-21_11:00:00 999.0 103.3  91.7 128.0  67.8  94.2  79.1  32.9  67.5 343.3  31.4 147.3 999.0 353.4 343.6  74.7 190.0 357.5  43.6 270.2  66.6 292.4 327.5  23.0 330.9 324.7  50.3 302.2 353.6  53.3  53.7
 wrfout_d04_2016-08-21_12:00:00 999.0  94.2  95.8 127.6  70.4  90.6  75.6  39.3  61.3 314.9 330.0 167.5 999.0  14.2  10.1  57.2 180.1  50.6  80.0 273.0  83.4 354.3 286.7  22.4 272.8 284.9  37.5 242.4 355.4  52.1  51.0
 wrfout_d04_2016-08-21_13:00:00 999.0 102.8 100.0 121.6  73.5  85.4  74.5  46.2  58.5 349.2 321.6 171.0 999.0 359.9   2.2  67.4 235.5  50.3  88.5 275.0 113.5  12.6 307.2   6.9 350.0 319.0   8.8 283.1 350.7  42.8  56.2
 wrfout_d04_2016-08-21_14:00:00 999.0 107.7 102.4 120.1  73.4  83.4  75.5  49.0  59.8 197.7 316.8 177.9 999.0 346.8   1.0 217.6 231.4  90.3 108.6 314.4 123.4  62.7 354.2 355.6 317.1 352.2 348.2 277.5 348.8  37.5  57.8
 wrfout_d04_2016-08-21_15:00:00 999.0 107.3 104.9 122.6  74.5  76.3  77.3  59.6  59.8 201.7 318.1 193.7 999.0 350.2 264.6 241.7 231.0 122.5 102.2 256.1 119.5  49.8 326.8 347.8 338.2 247.6 343.3 283.5 348.3  31.6  62.3
 wrfout_d04_2016-08-21_16:00:00 999.0 113.7 104.0 128.3  72.5  69.4  79.7  80.5  67.0 171.9 315.7 269.9 999.0   0.5 201.4 248.4 175.3 337.3 116.4 296.9 128.1 318.1 345.4 324.8 345.5 336.8 339.6 243.7 355.6  24.7  62.3
 wrfout_d04_2016-08-21_17:00:00 999.0 112.4 104.7 130.6  72.7  69.5  80.2 104.7  45.2 173.7 312.5 307.6 999.0 337.7 199.8 255.6 203.6 318.3  89.3 327.1 123.8 330.7   7.1 337.6   1.0 337.3 343.3 266.0 356.3  27.5  47.7
 wrfout_d04_2016-08-21_18:00:00 999.0 105.4 102.4 139.4  70.0  64.2  79.1 117.9  50.6 167.6 309.5 329.3 999.0 313.6 192.7 257.2 159.8 320.9  93.9 338.7 133.8 346.6   6.5 339.3 350.4   3.8 331.9 292.5 342.5  31.4  53.3
 wrfout_d04_2016-08-21_19:00:00 999.0  92.7 100.1 145.6  68.0  61.8  81.7 122.0  56.8 167.0 307.1 326.4 999.0 312.8 218.9 264.9 111.7 335.9 101.6 349.5 135.1 340.7  28.4 312.8 347.5 338.2 351.3 356.6 342.5  29.1  58.7
 wrfout_d04_2016-08-21_20:00:00 999.0  79.9  98.8 150.4  65.9  50.2  89.0 129.1  64.4 160.8 302.0 337.0 999.0 336.3 252.2 271.8 166.5 351.0 109.6 338.1 144.8 359.2  14.5 319.1   2.2   4.4 350.8 357.6 341.8  23.3  47.6
 wrfout_d04_2016-08-21_21:00:00 999.0  74.0  96.9 147.0  64.2  28.0  94.5 125.7  58.2 144.6 302.5 332.4 999.0 350.6 254.5 271.6 122.4 359.6  77.0 355.3 148.3   5.7  30.8 342.9  16.2  14.8 342.7  23.7 349.2  14.9  18.1
 wrfout_d04_2016-08-21_22:00:00 999.0  70.2  96.2 143.4  63.4  41.0  94.7 123.5  59.4 146.2 286.4 326.2 999.0   2.1 133.1 268.9  43.0   7.4 101.0   0.4 147.7   9.2  40.9 356.6   7.3  16.6 342.8  33.5 352.4  19.4  19.7
 wrfout_d04_2016-08-21_23:00:00 999.0  68.4 102.9 162.6  89.2  92.9  93.8 163.4  78.7 190.8 281.9 349.5 999.0 337.4  84.6 250.1  11.2  13.1  62.2 357.2 135.3  12.1  21.2  46.9   8.7   9.9   0.9  13.6  16.2  32.2  35.8
