 wrfout_d04_2016-11-21_00:00:00 999.0 181.5 275.0 310.0 289.1 218.8 260.3  22.3 255.0  38.9 146.2 319.8 999.0  13.8  18.2  25.5  75.1  30.2 212.4   1.9 231.1  22.1  26.6  28.5   9.6  11.7  33.9  44.6  27.1 113.7  90.4
 wrfout_d04_2016-11-21_01:00:00 999.0  19.2 304.6 299.0 305.8 226.4 239.4 350.7 229.9 354.5  75.8  56.4 999.0  16.2 346.7  55.8  53.5  24.2 223.4 344.4 246.3  32.1  23.5  85.3 352.2  10.1  53.1  14.8  63.4 112.5  95.5
 wrfout_d04_2016-11-21_02:00:00 999.0  25.1 319.2 333.3 312.2 231.3 248.2  11.4 244.8  30.9  81.3  16.6 999.0  20.3 348.2  66.3  26.2  25.1 234.3 336.0 269.2  58.9   5.3  91.4   9.4  23.2  38.9 337.1  79.8 124.6 113.5
 wrfout_d04_2016-11-21_03:00:00 999.0  49.9 344.5 298.2 341.9 318.9 249.6  48.2 223.4  50.6  85.6  41.3 999.0   2.3 327.5  60.1 191.1  45.4 187.3  12.6 272.7  33.2   5.2 136.6   6.4   8.9 109.4 283.8  36.2 143.4 111.7
 wrfout_d04_2016-11-21_04:00:00 999.0  25.7 346.2 339.4 344.1 297.9 300.6 349.3 264.0 357.8 123.7  26.4 999.0   9.7   3.1  71.3 223.2  47.6  45.1   7.4 284.7  47.3  25.5 133.3   0.9 356.6  92.9 320.9  76.3 145.3 108.4
 wrfout_d04_2016-11-21_05:00:00 999.0  45.8 258.0  13.5 238.4 339.0 326.1  22.3  11.1  23.8 101.4  54.1 999.0  25.7 172.4  14.4  12.2  47.7 115.5  13.2 254.6  36.8  56.0 123.2 351.1 347.3 120.9  13.6  82.6 133.7 103.8
 wrfout_d04_2016-11-21_06:00:00 999.0  13.5  35.3 332.8 177.3 343.5 332.8  37.4 353.7  18.9  91.5  62.5 999.0 357.2 174.0 356.3 359.2  40.4 280.7  12.1 266.1  28.9  58.3  55.2   5.8  18.0 109.2   2.7  75.9 118.8 108.1
 wrfout_d04_2016-11-21_07:00:00 999.0  50.6  38.1 349.2 122.9   7.8 342.5  32.0 350.7   2.0  82.0  56.9 999.0   4.7 249.5  19.8 131.1  28.5 208.8 347.6 260.7  36.4  52.4  44.1   1.9   8.1  94.5   1.0  76.5 129.4 110.9
 wrfout_d04_2016-11-21_08:00:00 999.0  47.0  42.5 330.9 228.7 351.8  48.1  42.1 359.0  23.2 111.4  77.4 999.0 353.5 287.7  42.4 172.9  21.3  74.7   5.6 279.1  36.0  27.2  31.7  42.8  33.7 107.4  42.2  96.5 131.9 101.0
 wrfout_d04_2016-11-21_09:00:00 999.0  16.3 217.4  89.0 255.6  44.0  97.6  45.5 134.4  63.4 236.5  54.8 999.0   7.2 351.4  14.8  29.0  34.0  88.2 352.2 265.2  20.8  22.9  12.8  13.0  23.0  79.2 350.6  95.0 132.5 102.5
 wrfout_d04_2016-11-21_10:00:00 999.0  33.8  42.6 265.3  22.1  44.9  94.4  75.2  42.8  29.3 272.1  31.8 999.0  17.9   2.0  12.4  64.5  34.2 233.4 351.3 260.1  26.1 355.7  59.6 313.4 311.3 317.4 328.3 105.7 118.0  89.7
 wrfout_d04_2016-11-21_11:00:00 999.0  50.1  75.0 279.7  36.8  19.4  73.7  52.4  49.0 352.0 288.1  14.1 999.0 357.0 349.1  37.5 153.1  26.2 178.7   5.5 249.6  21.9   9.3  34.6   4.3  12.1 281.6 289.7 293.0 120.8  80.8
 wrfout_d04_2016-11-21_12:00:00 999.0  33.6  96.7 249.8  13.8 340.7  70.5  27.9  48.2  16.9 244.4 303.2 999.0   8.8 351.1   7.6 119.6  25.4 210.5 345.3 258.6  21.2  45.2  25.5  19.9  23.6 316.1  26.8 294.3 113.8  91.0
 wrfout_d04_2016-11-21_13:00:00 999.0  54.0  56.2 219.2  46.3  32.1 139.7  45.8  79.2  34.3  88.8 343.3 999.0   9.3  18.2  15.5 105.0  30.0 181.0   0.2 260.4  33.5  31.2  35.0   9.4   8.2  11.5  28.3 313.8 106.8  86.4
 wrfout_d04_2016-11-21_14:00:00 999.0  31.4  60.7  53.5  34.8 337.4  99.3  65.8  95.4  45.7 290.9 310.9 999.0   8.1  12.9   4.6  67.9  26.2 139.5   0.8 254.2  28.0  17.9  31.8  25.3  28.0  23.2  38.1 346.5 119.8  80.4
 wrfout_d04_2016-11-21_15:00:00 999.0  56.9  75.6 152.0  49.4 320.0  86.2  71.0  77.8  56.8 265.8 271.6 999.0   6.9 357.4 355.0  23.9  32.0 234.7 356.7 257.4  28.5   7.2  32.0 328.7 335.2  42.4   6.5 335.0 111.2  79.6
 wrfout_d04_2016-11-21_16:00:00 999.0  42.3  73.7 211.1  46.1  33.2 101.4  49.7  96.4   8.0 299.6 268.5 999.0   4.1 353.9 359.1 133.2  26.5 175.5 340.8 264.6  20.5  24.4  32.2  39.2  30.7  37.0 346.4   1.4 108.5  83.0
 wrfout_d04_2016-11-21_17:00:00 999.0  46.9  75.2 223.8  49.1  51.3  84.2  34.7  82.0  30.8 239.8 259.3 999.0  12.8 345.8 350.8 176.3  27.6 164.9  19.8 253.3  26.5  33.0  28.9 353.7   0.2  13.1  23.1  30.1 111.0  88.1
 wrfout_d04_2016-11-21_18:00:00 999.0  55.0  69.9 233.1  48.1  35.2  77.1  44.3  68.6  33.1 298.5 259.0 999.0   6.4  15.9 353.8 145.3  22.0 206.6 354.5 251.6  26.2  18.3  49.7  32.9  35.6  11.4  21.2  12.9 119.6  79.7
 wrfout_d04_2016-11-21_19:00:00 999.0  35.5  64.6 235.0  46.9  29.6  97.7  53.4  91.6  27.9 285.5 272.8 999.0  17.4   8.4   8.4 122.5  20.3 189.8   9.3 225.0  26.6  11.6  26.0 359.4 357.0  29.4   2.2  43.5  93.0  78.6
 wrfout_d04_2016-11-21_20:00:00 999.0  30.9  58.9 299.5  48.3  31.1 131.3  33.9 113.2  14.0 268.0 285.9 999.0  12.1   2.6 350.9 218.0  21.5 228.8 344.2 212.6  20.3  27.8  14.5 353.9 357.5  35.0 358.1 356.8  89.1  78.5
 wrfout_d04_2016-11-21_21:00:00 999.0  34.7  56.8 349.0  45.1  28.8 135.2  42.7  85.1  27.8 292.1 279.8 999.0  11.8 339.9 359.9 185.7  20.6 214.3   5.8 207.0  17.6  25.2  42.9   6.1  10.5   1.6 355.9  11.1  91.8  93.3
 wrfout_d04_2016-11-21_22:00:00 999.0  34.4  51.6  32.7  45.2  26.8  87.3  40.5  88.6  22.8 267.2 278.3 999.0  23.9 351.8   1.8 217.1  23.1 188.9   3.7 195.0  13.6  20.4 328.4 354.5 359.6 314.9  13.7 353.5 101.6  73.4
 wrfout_d04_2016-11-21_23:00:00 999.0  36.6  53.0  20.6  46.2  35.1  84.7  34.9  91.6  34.9 196.0 299.4 999.0  10.3  17.7 359.6  66.8  27.9 146.6  16.0 197.1  19.5  30.2  38.2   5.5   6.0 217.8   5.2 336.8 100.7 344.4
