 wrfout_d04_2016-02-17_00:00:00 999.0  38.6  62.1 211.6  54.1  62.8  72.0  69.9  86.6  32.5 248.5 268.2 999.0  18.7 358.6   3.9 246.3  26.0 223.8   4.3 249.0  19.6  23.5  41.0 353.8   1.3 353.7 358.6   4.8  21.6  48.9
 wrfout_d04_2016-02-17_01:00:00 999.0  45.0  68.6 182.1  62.8  59.7  70.3  58.9  89.7  32.1 243.1 286.3 999.0  14.0 353.7   4.3 223.3  25.8 223.6   1.3 242.8  19.7  30.1  31.8   9.9  17.4   0.2   1.4  20.1  30.9  51.1
 wrfout_d04_2016-02-17_02:00:00 999.0  53.6  74.6 111.0  68.0  65.9  81.8  52.5  79.1  33.2 251.2 284.0 999.0  10.0 354.1  10.7 246.2  22.3 222.3   4.3 235.5  16.8  30.7  36.7   0.5   5.1   0.3   0.6  47.7  35.9  44.8
 wrfout_d04_2016-02-17_03:00:00 999.0  56.6  73.5  81.0  68.1  66.2  82.9  52.1  82.1  37.6 264.2 277.1 999.0  11.2 348.1  21.3 250.8  20.5 224.3   0.6 228.4   8.2  29.1  31.0  12.5  14.5  16.8 351.6  56.2  40.0  47.9
 wrfout_d04_2016-02-17_04:00:00 999.0  52.5  73.5  79.0  69.3  54.5  76.9  58.0  71.7  39.9 285.3 260.2 999.0  10.6 339.7  23.4 242.3  20.1 227.1 356.9 225.4  13.1  25.4  38.1   1.4   1.1  24.4 347.6  31.5  56.2  33.3
 wrfout_d04_2016-02-17_05:00:00 999.0  52.6  73.9  86.4  65.3  53.5  74.9  60.9  67.8  40.0 312.4 273.6 999.0  15.9 332.8  18.2 243.9  22.9 230.3 342.2 218.5  15.0   9.6  37.5 359.9   6.2  12.9 312.9  28.9  45.7  21.5
 wrfout_d04_2016-02-17_06:00:00 999.0  51.2  73.5  80.0  62.7  61.8  73.9  57.2  67.3  46.8   8.4 284.5 999.0  19.0 325.8  22.6 255.2  25.2 230.4 355.5 213.6  15.3  17.4  40.9  18.6  18.5  13.0 322.3  59.3  57.6 350.9
 wrfout_d04_2016-02-17_07:00:00 999.0  52.6  71.3 119.5  60.4  73.3  91.4  56.0  91.6  49.5  45.3 321.5 999.0  18.9 338.3  22.3 258.2  29.1 227.4 357.3 209.3  19.4  22.7  38.9  17.1  11.4   9.4 329.9  40.4  44.1 340.6
 wrfout_d04_2016-02-17_08:00:00 999.0  57.2  73.9 166.2  60.5  76.1  91.0  66.0  88.0  50.1  34.5 263.5 999.0  12.4 358.4   8.6 327.4  28.5 226.5 351.2 207.8  22.9  16.2  42.6  12.6  18.1 359.9 350.4  40.4  51.5  14.6
 wrfout_d04_2016-02-17_09:00:00 999.0  60.2  76.1 197.7  63.9  78.3  85.4  57.5  81.1  53.6 229.1 276.6 999.0  17.7 226.5  24.6  11.1  23.2 219.4   2.1 205.8  18.1  28.1  36.4 358.3 355.5   4.0 356.2  32.6  62.7  32.6
 wrfout_d04_2016-02-17_10:00:00 999.0  61.2  77.8 215.5  64.9  77.5  93.5  70.7  76.7  58.5 254.8 274.8 999.0  16.4 201.3  25.1  29.9  18.0 216.6 344.5 204.3  12.7  35.4  34.7   2.3   0.1   5.8 350.4   9.0  57.4  37.2
 wrfout_d04_2016-02-17_11:00:00 999.0  49.9  80.1 170.8  65.3  78.2  88.9  65.8  86.8  61.4 268.5 277.6 999.0  11.4 193.3  23.9  18.5  18.3 213.6 352.4 207.0  12.5  26.5  30.8   3.5   3.5   4.5   5.5   9.5  52.8  35.6
 wrfout_d04_2016-02-17_12:00:00 999.0  52.9  84.6 216.7  69.5  76.4  88.7  60.7  87.7  60.7 259.5 286.8 999.0  13.9 207.0  24.9 222.0  18.2 204.0   1.8 211.5  12.0  32.7  29.0 356.2 359.8 359.7   0.9   8.7  56.1  46.5
 wrfout_d04_2016-02-17_13:00:00 999.0  56.0  84.5 212.0  69.2  72.7  85.6  59.9  79.7  59.1 232.1 276.6 999.0  24.7 226.7  26.7 199.4  16.0 198.9   3.9 214.9  10.2  31.9  28.7  13.6  15.7   6.4  11.6  14.4  52.7  47.8
 wrfout_d04_2016-02-17_14:00:00 999.0  59.1  87.0 200.3  72.3  79.1  88.6  58.5  75.9  62.3 269.0 262.5 999.0   8.2 223.8  27.2 325.2  16.3 197.8  11.5 218.0  11.1  27.1  26.9   9.6  10.0   9.5  11.4  12.5  34.0  40.5
 wrfout_d04_2016-02-17_15:00:00 999.0  62.4  87.2 212.2  73.1  78.0  85.7  56.2  73.0  64.2 274.9 267.4 999.0  25.4 325.0  28.5  35.2  17.4 199.0   3.5 220.9   7.7  32.5  12.6  13.9  18.0 359.7  11.2   6.2  25.0  41.6
 wrfout_d04_2016-02-17_16:00:00 999.0  62.4  86.3 222.4  72.2  76.4  79.2  55.1  69.3  63.3 295.1 270.7 999.0  32.6 359.5  24.8  46.4  16.4 205.0   0.3 224.2   4.9  35.1  17.8   5.1 359.7  12.9   9.7   5.8  24.2  40.2
 wrfout_d04_2016-02-17_17:00:00 999.0  62.5  85.8 169.4  72.3  74.7  86.1  57.3  75.6  66.4 329.2 284.3 999.0  42.2 350.5  26.9  48.3  16.4 209.1   5.7 223.4   3.4  32.2  18.4  11.8  14.6 359.1   8.6   8.1  21.5  33.4
 wrfout_d04_2016-02-17_18:00:00 999.0  69.1  87.6 178.8  72.4  82.7  81.9  57.4  72.9  60.8 347.1 300.5 999.0  28.2 320.3  16.1  71.7  15.5 209.8  22.0 220.8   0.8  28.2  23.0   7.2   8.6   6.9   0.8  10.3  21.8  26.8
 wrfout_d04_2016-02-17_19:00:00 999.0  69.0  86.6 156.2  69.3  93.4  79.0  58.6  69.6  56.0 347.7 306.1 999.0  29.4 345.5  18.5  81.8  15.1 210.7   4.8 220.7 358.1  33.7  25.6   5.2  10.4 358.6   2.7   4.0  12.1  34.4
 wrfout_d04_2016-02-17_20:00:00 999.0  67.5  89.7 129.0  70.4  78.9  76.5  60.3  81.7  60.9   5.0 293.0 999.0   8.7 358.8   8.9  63.4  12.3 214.2  10.5 223.0 358.9  38.6   7.2  10.5  16.5 354.9  13.4   3.2  12.0  31.4
 wrfout_d04_2016-02-17_21:00:00 999.0  65.4  92.8 213.7  73.6  75.7  95.8  62.0  86.1  61.3  33.3 285.9 999.0  10.7  58.1 357.7 131.0  18.5 210.8  13.8 226.0   2.7  37.0  13.1  13.5  17.3 357.5   4.6   4.4  13.2  12.8
 wrfout_d04_2016-02-17_22:00:00 999.0  68.0  84.6 209.5  66.1  82.6  87.5  54.8  61.7  65.0 317.2 285.5 999.0  13.7 170.6 356.0 173.1  19.7 207.3   7.3 224.9   7.9  33.4  11.5   7.0  10.6 353.1   3.0 359.4  14.5  28.9
 wrfout_d04_2016-02-17_23:00:00 999.0  68.4  83.5 169.3  68.9  78.6  80.0  58.6  66.9  43.0 322.9 311.3 999.0  27.5 250.8   4.0  66.1  16.2 214.5  20.6 223.9   5.8  34.2  16.7  14.1  16.9 359.6   9.3 358.4  15.4   6.7
