 wrfout_d04_2016-02-25_00:00:00 999.0  52.6  69.3 130.9  63.5  65.6  81.2  62.5  74.3  54.9 161.3 263.1 999.0  16.3  28.3  10.2 336.1  20.6 205.8 264.0 270.8   5.6  26.0  20.9 349.9 342.4 358.4 356.3  20.2  26.0  52.9
 wrfout_d04_2016-02-25_01:00:00 999.0  52.8  70.1 100.9  63.2  67.3  78.8  59.6  73.3  53.4 136.1 296.8 999.0  11.2  46.1   1.7  37.3  18.3 223.3 224.7 272.3   7.5  15.2  23.9  13.3   6.3  13.4 339.1  24.8  23.3  55.5
 wrfout_d04_2016-02-25_02:00:00 999.0  52.4  71.3  89.1  62.1  62.2  80.6  60.6  76.2  54.7 157.4 285.5 999.0  12.7 163.3   8.6  16.0  17.6 232.6 251.0 275.6   4.9   9.7  24.0  13.4 359.8  24.7 313.3  30.3  15.2  47.5
 wrfout_d04_2016-02-25_03:00:00 999.0  52.5  70.1  81.6  61.6  63.0  82.0  63.3  77.1  54.4  92.3 265.8 999.0  11.9 193.5   6.8  27.4  19.0 245.3 263.9 273.8   6.7   2.5  28.6   2.9 344.4  29.1 272.7  32.5  25.7  48.2
 wrfout_d04_2016-02-25_04:00:00 999.0  52.8  70.7  85.7  61.6  67.1  85.3  59.3  79.1  56.5  77.7 279.2 999.0  14.1 161.0  17.5  28.8  19.7 254.7 291.7 270.2  10.3   3.1  32.1 348.2 327.5  45.0 280.9  41.9  20.3  51.2
 wrfout_d04_2016-02-25_05:00:00 999.0  50.0  74.2 109.8  64.3  70.2  85.3  62.6  77.0  56.5 121.4 293.1 999.0   1.8 177.5  20.8  28.2  17.9 267.2 297.1 271.0   8.6 356.8  31.5 349.0 337.6  44.2 272.7  42.6  26.5  50.1
 wrfout_d04_2016-02-25_06:00:00 999.0  47.5  74.3 109.8  63.5  57.7  86.7  58.8  75.9  54.4  57.2 296.4 999.0   7.9 231.1  13.8  22.8  17.6 259.5 312.6 272.7   4.5 354.5  33.1 343.1 335.4  39.6 279.7  31.7  31.1  53.7
 wrfout_d04_2016-02-25_07:00:00 999.0  49.4  73.1  86.7  62.8  65.0  83.6  55.0  72.7  50.6 110.7  56.6 999.0   1.5 193.6  16.9 295.7  16.5 254.3 322.2 271.2   6.3 344.6  33.4 333.9 323.1  29.3 285.0  36.0  28.7  55.0
 wrfout_d04_2016-02-25_08:00:00 999.0  50.4  74.1  96.8  64.6  58.5  86.7  56.0  77.7  51.3  83.2  61.6 999.0  10.4 227.3  19.9 236.8  14.9 252.5 326.2 264.6   9.4 350.8  31.3 330.8 332.4  26.2 295.2  36.6  34.0  55.8
 wrfout_d04_2016-02-25_09:00:00 999.0  51.9  70.6 148.2  62.9  62.5  84.0  54.9  67.7  50.6  66.2  64.8 999.0   7.6 185.8  15.7 316.1  15.1 227.6 341.1 264.8   6.7 355.2  27.3 343.0 342.6  19.2 300.5  32.0  27.0  56.5
 wrfout_d04_2016-02-25_10:00:00 999.0  53.7  71.2 100.6  63.4  62.3  85.8  50.3  70.4  50.1  46.7  52.8 999.0  12.2 290.1   9.9   1.5  16.4 217.2 330.0 258.1  11.3   1.6  21.8 350.0 346.2   9.4 311.1  14.4  28.4  56.9
 wrfout_d04_2016-02-25_11:00:00 999.0  55.4  73.4 234.0  64.5  64.5  84.9  53.6  65.6  50.9  30.0 317.3 999.0   2.1   6.6  16.0 347.7  16.2 223.0 321.1 257.4  12.5 357.3  12.0 350.7 350.0 355.8 317.3  18.5  33.6  56.1
 wrfout_d04_2016-02-25_12:00:00 999.0  54.3  74.8 205.0  65.0  66.7  86.2  53.2  70.7  53.7  10.0  14.3 999.0   9.0 131.5  17.3 302.4  17.3 217.4 338.2 258.7  11.7   2.9  14.8   3.3   2.0   2.7 320.5  18.2  37.9  55.9
 wrfout_d04_2016-02-25_13:00:00 999.0  53.4  76.6 180.1  66.0  70.2  86.5  55.2  74.0  56.1  30.6  62.7 999.0   8.7 185.6  22.9 349.2  19.2 217.3 340.0 256.9   9.9   3.3  36.6   3.8  11.4  14.6 330.8  15.6  39.3  58.6
 wrfout_d04_2016-02-25_14:00:00 999.0  52.7  77.6 176.1  66.3  65.1  87.9  61.4  73.7  57.1  43.3  70.4 999.0  12.2 136.1  20.0 252.4  19.6 222.2 338.2 254.9  11.8   3.4  31.3   3.9   9.4  32.7 342.2  39.5  40.3  62.0
 wrfout_d04_2016-02-25_15:00:00 999.0  53.8  78.1 159.0  66.5  73.1  82.4  59.2  70.2  56.3 102.5 255.1 999.0   7.2 316.7  25.3 299.3  16.9 212.7 325.6 254.8  10.8 358.2  32.6  17.7  13.5  28.3 358.6  28.7  47.8  61.3
 wrfout_d04_2016-02-25_16:00:00 999.0  55.0  76.8 152.9  66.2  69.7  81.0  53.9  66.1  54.3 157.8 252.4 999.0  12.3   1.3  22.5 206.8  17.0 205.3 315.4 263.9   9.1  14.6  26.9   0.2  12.8  27.8 341.5  25.2  50.6  47.6
 wrfout_d04_2016-02-25_17:00:00 999.0  52.6  73.2 151.4  63.7  65.6  76.7  53.4  66.2  55.3 207.7 255.1 999.0   9.0 342.6  19.3 232.0  18.6 205.7 310.5 262.4   7.3   1.1  38.5  20.9  20.2  33.1   2.4  28.3  67.6  30.6
 wrfout_d04_2016-02-25_18:00:00 999.0  54.6  70.3  21.6  61.6  60.7  74.3  50.0  66.5  51.4 218.6 250.8 999.0  12.0 312.6  18.6 262.1  15.3 201.6 310.3 260.7   6.9  10.9  40.5  15.9  15.7  39.0  17.4  36.8  64.4  19.5
 wrfout_d04_2016-02-25_19:00:00 999.0  53.3  70.8 227.0  59.7  57.2  72.4  52.6  61.6  52.9 170.9 250.2 999.0  20.3 332.5  12.6 240.9  16.0 203.9  14.5 264.3   7.0  10.0  37.2  11.2   2.8  31.5  17.7  33.9  70.4  22.6
 wrfout_d04_2016-02-25_20:00:00 999.0  50.7  70.5 204.4  59.1  58.5  77.9  53.2  69.9  56.1 114.4 255.4 999.0  16.8  62.8  13.2 247.0  17.1 178.4 315.0 261.7  11.5  16.4  45.9  16.8   7.5  15.0  29.5  24.2  71.7  12.6
 wrfout_d04_2016-02-25_21:00:00 999.0  48.6  72.2 192.5  59.7  55.9  78.4  48.7  72.6  51.5  50.2 266.3 999.0 349.6 181.7  13.2 279.1  16.5 188.4   5.9 263.4  12.3  55.2  36.8  34.5  33.3 351.3  35.7  20.0  71.0 346.5
 wrfout_d04_2016-02-25_22:00:00 999.0  50.3  69.0 197.7  56.9  61.8  79.0  53.4  71.1  43.3  39.4 266.6 999.0  26.8 213.3  19.2 211.0  19.3 180.1   5.5 257.0  12.1  39.6  39.7  43.2  34.9 359.0  23.8   9.5  73.4  14.6
 wrfout_d04_2016-02-25_23:00:00 999.0  45.8  68.7 228.1  57.5  52.5  76.5  57.5  70.5  57.9  38.1 258.2 999.0  25.8  32.5  19.4 264.9  20.9 194.0  12.6 260.6   3.6  58.8  38.4  32.8  21.3 357.9  17.0  17.1  69.5  14.2
