 wrfout_d04_2016-09-18_00:00:00 999.0 285.1 295.7 316.7 296.5 250.4 276.0 221.8 258.1 129.3 179.2 189.3 999.0  14.2 354.6  19.2 316.3   4.5  73.5  25.3 295.8  25.4   3.4 219.7 314.6 356.4  34.6 347.8  53.7 224.4 269.9
 wrfout_d04_2016-09-18_01:00:00 999.0 287.5 292.4 301.5 287.2 265.6 283.2 206.1 264.6 149.2 213.3 180.4 999.0  51.4  23.2   9.0 295.0   9.0  64.6 329.4 314.9  38.8  84.6  92.6 248.6 265.2  66.5 282.8  76.1 235.9 279.2
 wrfout_d04_2016-09-18_02:00:00 999.0 295.3 293.5 310.7 296.5 282.5 274.0 199.2 253.2 176.6 285.5 209.8 999.0 338.0 356.4  16.7 352.4   9.6  35.1 335.3 309.5  22.6   3.4  70.5 339.5 318.2  77.6 285.4  78.9 244.1 281.9
 wrfout_d04_2016-09-18_03:00:00 999.0 297.5 293.6 303.7 292.1 280.2 275.6 208.5 264.4 141.1 332.2 143.7 999.0   8.1 335.6  17.5 291.5  10.3  40.1 349.0 317.6  17.8 353.6  53.0 325.8 319.5  75.7 289.7  75.7 239.3 284.4
 wrfout_d04_2016-09-18_04:00:00 999.0 298.3 296.7 299.3 291.9 294.9 281.3 231.0 257.3 278.5 319.5  74.8 999.0   7.3 349.5  29.6 332.0  10.7  22.6 350.0 321.1  25.1 357.0  48.5 357.8 333.6  79.3 290.1  77.3 238.1 292.5
 wrfout_d04_2016-09-18_05:00:00 999.0 307.8 293.3 295.8 287.0 309.9 279.3 250.9 266.3 301.1 343.5  59.5 999.0 355.7   2.7  41.6 326.1   3.0  33.1 346.3 311.0  23.4 345.9  43.2 346.2 325.4  86.1 284.8  79.7 236.2 293.7
 wrfout_d04_2016-09-18_06:00:00 999.0 311.6 305.1 310.8 298.9 308.2 282.3 291.7 279.4 343.2 326.3  31.7 999.0 350.4   3.3  50.4 301.0   5.5  39.4   9.3 303.5  16.8 335.3  31.8 345.8 334.6  69.9 279.4  98.8 234.7 287.7
 wrfout_d04_2016-09-18_07:00:00 999.0 315.8 307.7 322.0 307.0 303.0 307.5 305.9 296.5  14.2 299.3 358.5 999.0 358.6 359.8  99.0 333.9   7.3  37.4 343.7 304.3  12.9 348.9  26.6 332.7 337.0  67.7 280.9  92.8 241.5 297.8
 wrfout_d04_2016-09-18_08:00:00 999.0 319.9 322.1 326.2 321.5 311.0 298.9 344.5 307.5  11.0 140.3 351.4 999.0 358.9 353.1 117.1 324.8  18.4  44.8 359.2 310.5  12.8 350.5  19.4 329.5 326.8  59.7 296.8  84.0 239.7 293.5
 wrfout_d04_2016-09-18_09:00:00 999.0 322.0 330.3 345.5 335.9 306.0 308.0  30.3 312.4  50.9  47.8 355.0 999.0   6.5 357.4  44.5 342.1  28.3  57.7 354.5 326.6  15.7 358.6  24.5 338.8 339.2 291.9 310.7  76.2 240.6 261.6
 wrfout_d04_2016-09-18_10:00:00 999.0 321.6 338.1 340.4 340.9 315.8 308.7  53.6 325.9  53.2  62.1 141.9 999.0  11.4 353.5 359.9 202.1  30.3  62.1 346.9 244.4  27.2   1.0  28.3 359.5 353.8 350.0 312.5   6.4 250.5 306.1
 wrfout_d04_2016-09-18_11:00:00 999.0 320.1 344.0 345.3 347.6 304.8 308.5  62.9  20.4  54.4  40.5 299.8 999.0  10.0  11.9  66.3 188.4  38.4 150.7 357.3 213.7  30.0   8.3  22.7   9.6  13.7 300.6 329.8 312.8 232.0 291.5
 wrfout_d04_2016-09-18_12:00:00 999.0 320.1 342.7 347.4 344.8 280.3 296.9  82.8 343.4  63.4 129.2 313.6 999.0  15.7 349.3 187.4 192.9  30.7 198.1  11.1 213.1  34.1  19.0  23.6   4.3  11.5 332.5   0.4 302.6 241.0 292.9
 wrfout_d04_2016-09-18_13:00:00 999.0 323.7 347.4 352.6 354.4 269.3 314.7  53.7 192.7  48.8 165.7 299.3 999.0 359.4 323.6 208.1 171.0  27.9 233.6 352.6 251.1  20.0  37.6  32.6 352.2   1.8   9.7  21.3 244.1 238.8 264.1
 wrfout_d04_2016-09-18_14:00:00 999.0 326.7 349.9 351.6 353.4 266.6 292.3  49.9 197.7  47.7 130.5 300.8 999.0  13.9 350.5 229.2 157.2  47.6 253.9  13.7 265.8  15.0  22.1  32.3  26.0  31.6  50.4  40.0 315.7 243.7 288.0
 wrfout_d04_2016-09-18_15:00:00 999.0 324.2 344.1 349.5 351.6 284.5 292.4  63.7 203.5  65.6 104.7 283.6 999.0  19.2  24.0 209.0 198.1  36.5 184.3 351.1 252.2  33.5  11.5  30.5 339.3 350.8  20.3  58.9  24.3 242.6   9.0
 wrfout_d04_2016-09-18_16:00:00 999.0 327.4 342.9 347.2 345.1 253.7 219.9  76.3 176.7  71.1  90.1 283.5 999.0  16.9   4.8 233.8 215.9  38.5 244.9 346.8 286.0  55.1  14.1  35.9 350.2   1.4  11.9 262.1  35.3 228.3 259.1
 wrfout_d04_2016-09-18_17:00:00 999.0 329.5 348.3 349.4 345.9 238.8 109.4  52.3 183.7  46.9 191.6 286.1 999.0  12.1  16.5 228.2 186.5  30.0 223.9  10.9 263.5  27.0  16.4  41.4  35.0  31.1  47.0 306.3  28.0 266.1  28.1
 wrfout_d04_2016-09-18_18:00:00 999.0 335.4 346.8   4.2 347.4 249.9 268.3  40.1 184.4  82.5 217.1 267.3 999.0  20.0   5.2 252.1 173.5  27.4 212.0 335.9 246.3  28.9  18.7  25.8 352.5  16.2  31.9  13.4 353.1 348.4 314.3
 wrfout_d04_2016-09-18_19:00:00 999.0 336.5 352.4   7.5 355.0 255.8 199.0  34.0 182.8  83.6 192.9 281.6 999.0  16.2  14.9 227.9 212.7  35.7 239.0  20.3 239.0  25.9  25.8  31.6   3.4  13.9   8.7  27.6  23.8   0.8  52.4
 wrfout_d04_2016-09-18_20:00:00 999.0 339.3 351.6 358.6 356.2 250.1  75.6  40.0 185.3  73.3 155.3 275.3 999.0  13.6   4.4 222.3 177.8  28.6 255.2 329.2 252.4  23.6  29.8  31.0  55.5  58.2  21.3  45.0   8.5 355.7  52.1
 wrfout_d04_2016-09-18_21:00:00 999.0 341.7 358.3   3.3 359.8 326.4  37.4  47.4 207.5  75.7 180.6 287.0 999.0  16.0   3.5 244.4 164.4  25.5  81.3 356.0 236.6  24.8  24.6  30.2 328.1 342.4  18.8 358.6  18.1 339.2  70.4
 wrfout_d04_2016-09-18_22:00:00 999.0 343.7   5.2   2.5   7.7 335.7 125.1  33.1 177.9  58.0 223.9 290.7 999.0  15.8   9.7 237.0 183.0  31.7 195.4 357.6 241.9  20.9  20.0  11.5 351.0  12.2   0.2 359.5   6.5  34.8  52.2
 wrfout_d04_2016-09-18_23:00:00 999.0 345.6   0.4   9.1 355.7 341.1 224.7  26.2 131.0  50.7 156.3 288.6 999.0  18.1   8.8 246.2 197.9  31.3 258.7  11.5 255.5  23.9  20.1  10.7 355.7   8.7 354.6 353.4  26.2  45.9  48.5
