 wrfout_d04_2016-10-06_00:00:00 999.0  80.1  94.0 121.4  89.4  79.9  78.7  76.0  75.3  72.2 105.4 129.2 999.0 262.2 181.3  27.2   4.1  11.1 289.5 229.0 118.5  31.4 154.0  37.4 159.7 153.2  55.4 237.2  58.4  69.1  71.5
 wrfout_d04_2016-10-06_01:00:00 999.0  67.9  96.3 110.5  93.7  79.8  89.3  74.4  90.8  70.9 102.8 132.1 999.0 210.9 220.6  37.4 209.2  18.3 330.0 192.8 129.3 328.0 172.1  17.1 152.3 133.2  46.0 214.6  46.1  71.2  73.3
 wrfout_d04_2016-10-06_02:00:00 999.0  66.6  99.9 113.3  99.4  91.0  97.1  78.8  95.4  71.2 106.5 133.3 999.0 224.0 203.8  19.6 156.4  24.3 300.3 211.9 135.9 337.0 199.9   5.9 189.7 188.1  18.9 234.1  40.4  72.4  67.1
 wrfout_d04_2016-10-06_03:00:00 999.0  69.0 101.7 114.5 103.4  99.9 106.4  78.8  97.8  72.7 110.5 135.0 999.0 229.4 207.7 161.3 127.2  15.5 281.6 210.8 138.8 316.1 211.3   1.6 202.7 210.5 358.0 292.3  28.3  63.8  71.5
 wrfout_d04_2016-10-06_04:00:00 999.0  70.4  99.9 116.5 102.3 104.0 110.7  77.4  98.0  77.3 109.6 131.5 999.0 253.0 214.1 199.2 135.1   4.2 287.8 222.6 138.8 305.2 227.4   2.4 219.0 235.1   3.7  86.4  27.6  59.7  63.4
 wrfout_d04_2016-10-06_05:00:00 999.0  70.9 100.5 118.0 104.5 107.2 109.0  79.9  96.1  78.9 109.4 130.9 999.0 240.9 201.5 155.1 132.3 356.5 293.2 240.8 139.7 331.1 242.9  33.2 239.5 246.7   8.8 225.9  37.0  56.4  65.8
 wrfout_d04_2016-10-06_06:00:00 999.0  71.4 104.0 118.5 106.9 107.5 109.2  80.0  97.1  81.3 110.3 128.7 999.0 237.3 158.8 141.9 127.0   2.0 348.0 264.8 139.6 334.8 262.9  35.0 266.8 260.4  28.1 248.9  39.0  55.8  70.7
 wrfout_d04_2016-10-06_07:00:00 999.0  76.2 107.4 119.4 106.5 103.4 101.6  83.6  94.7  80.4 105.8 128.3 999.0 239.9 148.5 117.1 119.7 356.8 317.2 283.9 138.2 345.5 297.3  22.0 284.7 290.3  37.2 250.3  34.4  51.3  69.1
 wrfout_d04_2016-10-06_08:00:00 999.0  80.8 103.5 118.3  99.8  94.7 100.5  83.9  91.7  78.1 110.3 127.9 999.0 287.3 144.8 350.9 118.1 355.1 107.3 279.4 139.5 347.2 320.0  13.6 316.8 318.9  34.4 232.8  31.2  52.2  70.6
 wrfout_d04_2016-10-06_09:00:00 999.0  80.7 107.0 117.8  99.7  94.4 100.8  82.0  91.0  73.3 112.2 129.9 999.0 352.8  22.2 324.8 129.2 358.1 263.4 315.6 137.2 336.4 338.3  21.8 327.5 318.1  36.0 249.0  30.6  55.0  68.5
 wrfout_d04_2016-10-06_10:00:00 999.0  83.1 106.0 114.9  97.3 105.5  96.8  80.3  85.0  83.5 113.0 132.8 999.0  24.9   3.2 312.3 144.2   3.1 279.8 342.1 136.6 336.9 350.2  30.1 328.2 341.9  38.2 294.3  31.8  55.9  72.2
 wrfout_d04_2016-10-06_11:00:00 999.0  85.0 103.7 113.0  96.7  85.9  96.4  79.5  87.4  91.9 113.9 135.9 999.0 342.8   3.1 305.9 142.5   3.4 280.7 326.2 134.3 340.3   0.6  25.3  17.2  20.2  29.9  41.3  28.2  54.7  69.4
 wrfout_d04_2016-10-06_12:00:00 999.0  91.9 108.2 115.9 100.1  96.0  95.0  82.4  88.1  95.0 115.5 139.4 999.0 356.9  21.6 352.3 138.2   9.0 300.5   3.7 132.1 351.7 341.4  22.1  86.4 334.3  36.5  44.1  23.3  55.5  68.9
 wrfout_d04_2016-10-06_13:00:00 999.0  98.5 110.7 112.5 102.4 106.8  95.4  82.9  84.1  91.2 119.1 143.3 999.0  10.4 310.6 318.8 144.0 352.7 282.1 301.5 131.9 348.6 322.9  21.6  89.4 192.1  19.3 359.1  14.0  62.3  69.1
 wrfout_d04_2016-10-06_14:00:00 999.0 100.4 110.2 113.7 104.9 103.5  97.0  83.9  89.1  98.4 121.2 142.5 999.0 152.5 110.2 342.4 160.8 331.9 293.9   0.6 131.0 323.6 321.8   9.0  18.3 309.9  21.9 304.9  11.3  64.9  70.3
 wrfout_d04_2016-10-06_15:00:00 999.0  98.0 114.3 116.4 107.7 108.3 105.5  87.5  94.4 100.8 121.7 146.0 999.0 187.4 162.1 312.7 170.2 354.0 268.0 304.1 134.4 314.0 147.1 260.0 226.7 147.6   5.1 283.0  16.2  70.7  74.0
 wrfout_d04_2016-10-06_16:00:00 999.0 101.3 117.1 118.9 110.8 113.8 107.0  91.0  95.6 100.4 125.1 146.3 999.0 172.2 138.3 314.1 169.1   2.3 287.0 270.6 138.3 320.4 296.0  12.6 231.7 115.3 331.8 251.3  19.0  79.7  71.0
 wrfout_d04_2016-10-06_17:00:00 999.0 103.2 117.9 118.9 111.2 121.0 109.0  94.7  95.7  89.5 122.4 139.1 999.0 184.3 181.0 336.8 186.0   3.4 250.4 213.2 133.1 299.9   0.9  13.7 129.7 160.7  12.7 269.2 356.6  82.9  63.6
 wrfout_d04_2016-10-06_18:00:00 999.0  99.0 115.3 118.8 108.7 118.9 109.1  89.1  96.2  88.4 120.5 138.7 999.0 168.7 199.4   1.6 188.4 352.8 300.2 192.4 137.0 290.4 223.7  11.5 133.1 127.1   0.5 306.4  35.7 111.9 111.6
 wrfout_d04_2016-10-06_19:00:00 999.0 100.7 117.0 117.6 110.5 120.7 111.6  88.2  98.3 105.8 127.4 141.7 999.0 173.1 182.0  10.8 191.7 334.1 266.7 180.3 132.6 296.5 152.8  11.1 166.4 180.0  14.7  60.5 357.4 106.6  92.6
 wrfout_d04_2016-10-06_20:00:00 999.0 100.6 118.8 119.7 111.9 120.9 105.7  96.2  91.7 113.9 126.1 142.5 999.0 171.6 175.1  14.7 242.0 305.9 272.4 195.6 122.8 279.3 183.5  14.6 146.4 136.8  12.3  54.5 291.5 116.7  76.4
 wrfout_d04_2016-10-06_21:00:00 999.0 103.5 119.7 126.2 113.4 115.9 104.6  94.3  84.0 148.0 128.6 144.8 999.0 182.1 172.6  13.3 206.0 270.7 230.2 196.2 135.2 236.4 146.1  44.9 150.4 142.6 258.7  72.2   2.0 122.2  71.6
 wrfout_d04_2016-10-06_22:00:00 999.0 103.6 119.7 123.6 112.4 116.9 106.0  98.7  90.9 149.4 116.6 146.4 999.0 171.9 170.9  32.8 206.3 203.8 241.2 154.6 118.4 202.8 177.5  37.5  33.4  83.0 331.4  69.5   2.0 126.6  79.3
 wrfout_d04_2016-10-06_23:00:00 999.0 106.0 119.5 118.7 110.7 113.4 103.6  95.5  95.9 274.6 111.7 126.6 999.0 177.1 187.8   2.6 169.7 221.1 142.2 127.0 125.3 235.5 127.2  91.5 107.4 100.8 344.0  63.5  41.0 124.8 103.2
