 wrfout_d04_2016-06-21_00:00:00 999.0 180.1 223.9 231.4 224.5 240.4 241.9 230.3 211.9 242.6  80.7 173.8 999.0 226.9 237.0 193.1 337.0 187.9 222.9 336.2 256.5 178.5 173.4 210.6 133.7 186.5 188.6 165.8  95.6 144.7 117.3
 wrfout_d04_2016-06-21_01:00:00 999.0 182.2 225.6 281.8 218.5 214.6 194.9 240.5 199.0 252.6  95.2 172.5 999.0 235.4 241.0 169.7 307.0 184.5 236.6 291.9 291.1 180.0 180.5 199.3 187.1 192.7 183.4 172.4 139.2 160.5 114.2
 wrfout_d04_2016-06-21_02:00:00 999.0 183.0 233.6 298.2 228.8 324.4 204.0 240.4 216.7 253.1  93.6 169.4 999.0 238.8 243.6 164.8 265.5 187.8 247.4 237.2 287.3 179.3 192.4 187.7 203.1 195.8 183.1 178.4 138.5 164.1 120.3
 wrfout_d04_2016-06-21_03:00:00 999.0 183.1 239.6 300.0 246.8  30.1 313.7 244.1 224.0 254.0  88.6 162.6 999.0 241.2 242.2 160.2 258.4 193.8 250.2 215.6 287.8 185.1 198.1 181.5 217.3 204.2 181.9 187.1 137.8 164.6 133.4
 wrfout_d04_2016-06-21_04:00:00 999.0 180.5 254.6 299.0 256.8  26.1 333.7 244.4 345.4 250.2  91.0 163.9 999.0 241.1 254.4 158.0 263.7 197.9 252.5 228.7 283.8 182.9 210.8 178.2 220.9 210.8 186.2 195.1 134.0 161.0 130.6
 wrfout_d04_2016-06-21_05:00:00 999.0 179.3 281.7 300.2 270.1  26.9 326.4 251.2 318.2 259.9  99.1 168.7 999.0 242.1 257.8 156.2 266.4 204.2 245.7 247.4 274.7 184.4 219.9 179.2 228.1 220.0 188.7 199.2 135.1 158.5 129.1
 wrfout_d04_2016-06-21_06:00:00 999.0 179.6 273.3 301.8 262.9  20.0 346.8 251.1 345.0 256.2  87.7 172.3 999.0 241.3 264.1 147.2 269.0 208.8 234.4 248.8 279.7 200.5 226.1 180.1 232.9 225.8 183.0 204.6 140.2 155.1 135.4
 wrfout_d04_2016-06-21_07:00:00 999.0 185.6 311.5 301.8 283.7  18.2 343.1 239.2 197.1 244.1 109.7 177.3 999.0 235.6 264.4 159.9 258.3 201.4 227.1 256.7 278.6 192.3 230.1 181.7 236.8 231.8 172.8 206.0 145.4 151.7 133.8
 wrfout_d04_2016-06-21_08:00:00 999.0 173.1 187.3 303.6 188.1 348.7  24.2 230.0  77.3 243.5 316.3 160.2 999.0 230.1 253.2 181.7 120.4 211.5  21.3 261.8 325.9 201.7 231.7 164.6 242.6 238.0 159.3 208.2 137.5 142.0 127.4
 wrfout_d04_2016-06-21_09:00:00 999.0 162.7 171.8 130.2 165.4 347.4 348.3 225.1  42.6 239.1  79.4 174.6 999.0 228.3 244.2 161.5 160.3 197.3  52.3 258.5 157.7 187.4 218.3 206.3 241.5 235.6 143.0 203.9 143.4 138.7 112.9
 wrfout_d04_2016-06-21_10:00:00 999.0 163.6 114.9 162.7 123.8 343.1  69.5 207.8  66.6 231.0 101.2 172.9 999.0 224.4 235.0 181.5 170.6 196.0 185.7 251.4 169.0 193.9 204.1 194.5 235.0 226.7 175.3 201.2 122.1 120.5 103.6
 wrfout_d04_2016-06-21_11:00:00 999.0 172.3 189.7 199.2 182.8 340.4 227.9 203.5 105.5 229.9  90.5 168.8 999.0 215.0 242.2 175.3 278.8 206.7 216.1 235.2 207.8 210.0 205.6 228.8 223.5 215.5 202.1 191.8 136.2 123.6 106.4
 wrfout_d04_2016-06-21_12:00:00 999.0 172.6 188.9 131.8 177.1  76.5 109.4 195.5 111.1 199.6   4.9 171.5 999.0 208.6 227.6 187.7 212.4 212.1 138.4 230.5 172.8 207.8 206.9 238.5 216.5 209.0 207.4 189.0 267.7 128.1 106.0
 wrfout_d04_2016-06-21_13:00:00 999.0 175.2 187.2 147.4 147.1  48.7 116.3 201.9 205.8 192.2   6.1 168.8 999.0 196.6 218.3 193.0 203.9 204.6 211.0 217.7 176.7 206.7 199.6 236.7 207.2 197.4 229.8 180.5 284.5 137.4 111.4
 wrfout_d04_2016-06-21_14:00:00 999.0 177.2 197.0 150.0 205.7 263.9 258.2 201.1 169.8 183.1  12.5 165.9 999.0 191.6 191.6 200.9 144.8 198.9 189.3 215.2 167.7 197.6 190.0 234.0 210.5 199.1 243.4 170.3 299.3 137.8 109.1
 wrfout_d04_2016-06-21_15:00:00 999.0 182.2 199.8 125.1 322.9 265.2  26.4 183.9 181.8 156.5  14.9 168.6 999.0 189.8 193.9 196.1 238.6 191.4 203.1 209.5 179.3 189.4 195.3 233.3 218.6 204.5 262.1 173.3 311.4 138.0 109.9
 wrfout_d04_2016-06-21_16:00:00 999.0 185.2 223.2 127.1 308.8 244.2 193.2 195.1 201.5 130.0   6.9 167.8 999.0 187.6 192.4 206.8 211.3 192.5 204.1 203.8 175.9 188.0 196.7 240.4 206.6 199.1 254.4 173.4 313.7 138.4 108.5
 wrfout_d04_2016-06-21_17:00:00 999.0 182.0 218.0 135.0 288.7 226.2 209.7 189.6 206.1 192.4  27.5 165.1 999.0 183.7 184.1 203.9 176.4 193.6 203.4 199.9 173.2 191.8 190.9 248.2 201.7 188.9 244.8 171.4 307.2 142.4 105.3
 wrfout_d04_2016-06-21_18:00:00 999.0 186.3 217.8 119.7 264.3 228.2 212.5 190.4 152.5 212.3  60.4 167.1 999.0 185.7 173.8 207.6  47.4 198.6 195.7 206.8 176.0 194.1 191.6 248.1 194.0 188.2 243.3 171.5 300.2 145.6 104.9
 wrfout_d04_2016-06-21_19:00:00 999.0 189.3 226.1 111.2 260.3 229.1 183.1 222.2  85.1 228.5  69.8 186.9 999.0 182.0 167.3 207.9   9.5 199.5 194.7 214.7 179.2 190.0 192.1 248.2 192.0 187.2 243.6 170.1 295.1 145.4 104.4
 wrfout_d04_2016-06-21_20:00:00 999.0 186.4 236.2  97.5 264.9 223.2 168.6 222.6 117.0 230.5 167.5 217.5 999.0 189.4 158.3 209.1   7.7 204.7 197.1 212.7 181.3 191.7 193.0 248.9 191.6 188.6 245.6 167.8 291.1 144.6 100.6
 wrfout_d04_2016-06-21_21:00:00 999.0 187.6 237.9  87.0 263.8 230.1 178.4 223.3 138.9 234.7 275.1 229.5 999.0 199.3 169.6 209.2  66.8 196.0 190.5 205.2 179.8 195.1 189.1 250.1 187.7 189.3 240.7 166.5 289.9 146.3  97.4
 wrfout_d04_2016-06-21_22:00:00 999.0 197.6 237.8 187.7 255.8 223.1 216.0 224.6 134.0 233.4 291.6 156.8 999.0 195.0 192.4 208.4   1.9 199.3 197.7 197.5 181.7 199.1 184.3 242.9 181.4 186.1 235.5 164.9 286.4 149.7 104.1
 wrfout_d04_2016-06-21_23:00:00 999.0 192.3 235.8 226.6 246.0 228.6 248.6 228.7 221.4 236.7 359.6 172.3 999.0 198.0 198.7 193.9 271.7 206.8 220.9 199.6 157.8 202.4 188.1 217.8 184.8 188.4 207.6 167.8 232.4 154.9 118.7
