 wrfout_d04_2016-12-19_00:00:00 999.0 107.2 128.5 132.5 108.1  63.4 154.0 186.8 235.3 120.6 359.1 180.0 999.0 344.1 258.8 265.1 250.4   7.9 213.9 359.6 176.0  10.7  26.1   3.1   3.9  12.5  11.5   5.0  14.0  48.6  49.0
 wrfout_d04_2016-12-19_01:00:00 999.0 109.2 128.4 130.7 115.5  93.4  99.4 251.0 250.2 236.9  66.8 164.7 999.0 319.8 270.2 236.5 310.9   9.3 227.7 352.7 245.1  11.9  28.8  17.4   5.4   9.5   5.1 359.6  24.8  44.3  52.0
 wrfout_d04_2016-12-19_02:00:00 999.0 104.4 126.0 131.8 119.2 114.1 104.8 280.7  85.9 260.9 110.3 148.6 999.0 310.3 235.2 122.1 311.9  13.7 289.1 346.3 270.3  12.3  22.2  41.8 354.1   1.4  46.1   9.3  35.2  42.0  53.1
 wrfout_d04_2016-12-19_03:00:00 999.0 104.9 126.3 131.0 124.3 123.0 119.0 289.8 164.9 276.2 117.5 144.5 999.0 317.6 239.6 115.7 304.4  12.3 348.4 350.9 277.8  12.1   4.4  40.7 356.4 357.5  61.9 348.9  46.4  37.8  58.9
 wrfout_d04_2016-12-19_04:00:00 999.0 105.4 128.3 129.7 126.4 125.0 121.0 292.2 133.2 283.7 112.2 148.4 999.0 326.2 265.8 115.2 283.4  13.9 321.4 350.2 274.2  16.7 357.4  51.3 353.0 350.9  63.9 324.4  47.3  41.5  60.0
 wrfout_d04_2016-12-19_05:00:00 999.0 111.5 124.2 127.0 123.5 125.7 126.7 307.4 113.5 296.7 110.4 146.9 999.0 335.4 282.5 109.8 276.4  16.0   1.9 344.0 271.7  11.6 348.4  52.4 350.8 344.6  66.6 328.9  50.9  44.3  59.2
 wrfout_d04_2016-12-19_06:00:00 999.0  91.6 127.1 128.6 126.9 120.8 120.1 298.9 113.5 303.8 106.1 148.8 999.0 339.3 299.2 111.3 271.9  10.4 327.9 339.3 266.2  10.8 347.4  45.4 341.7 338.6  57.2 314.7  46.4  42.8  63.5
 wrfout_d04_2016-12-19_07:00:00 999.0 119.9 122.0 128.1 119.5 121.6 114.0 275.0 110.5 305.2 112.2 147.2 999.0 342.7 303.1 108.1 261.8   7.1 273.5 330.9 255.9  10.5 350.2  44.1 332.8 335.6  55.2 297.1  46.0  47.6  61.6
 wrfout_d04_2016-12-19_08:00:00 999.0 118.3 118.6 127.0 109.2 114.8  97.7 249.4  97.3 283.8 117.6 157.1 999.0 343.3 306.9 107.7 252.7  11.1  62.9 336.1 238.6  18.4 350.9  35.9 337.6 340.8  54.4 296.7  45.9  47.7  62.4
 wrfout_d04_2016-12-19_09:00:00 999.0 117.9 117.2 119.7  94.6  87.3  74.7 235.7  73.6 286.2 112.9 148.5 999.0 351.4 316.8  94.7 217.0  17.1 212.5 344.6 194.8  11.8 352.6  21.9 333.6 343.7  51.9 299.7  37.5  46.0  55.6
 wrfout_d04_2016-12-19_10:00:00 999.0 111.7 118.9 120.6  96.1  82.7  72.4 224.0  55.8 271.1 118.8 147.5 999.0 337.9 322.3  43.3 128.5  11.1 212.0 351.4 211.0   8.5 348.8  10.0 339.1 345.5  35.4 318.3  25.2  42.0  54.3
 wrfout_d04_2016-12-19_11:00:00 999.0 112.3 118.8 123.4  95.5  76.4  69.5 220.8  48.6 213.3 134.1 167.0 999.0 336.4 325.5 210.6 118.5  13.8 220.0 355.9 213.4   8.7 353.8 356.9 348.2 355.7 353.7 355.9   7.5  38.9  54.5
 wrfout_d04_2016-12-19_12:00:00 999.0 113.2 121.8 121.9  94.9  65.4  67.5 209.8  50.0 223.1 125.9 178.1 999.0 359.2 310.7 245.1 138.0  14.5 213.7 353.9 216.8  12.7  10.5 359.5   3.2   2.4 358.5  17.2   7.2  40.3  55.0
 wrfout_d04_2016-12-19_13:00:00 999.0 111.8 119.0 120.4  91.9  53.6  64.9 211.3  50.2 189.9 349.3 167.2 999.0 349.1 155.4 307.5 130.5  21.3 195.0 354.2 216.8  16.8  21.9  10.8   0.2   6.0   1.6  14.9   1.1  39.5  49.8
 wrfout_d04_2016-12-19_14:00:00 999.0 115.5 116.4 121.1  89.6  56.0  65.2 213.0  53.0 189.1 331.9 177.9 999.0 353.8 186.0 309.4 128.0  21.0 204.1 358.8 218.7  25.0  20.1   7.2   4.2   2.2 348.1  16.2   4.6  37.5  48.8
 wrfout_d04_2016-12-19_15:00:00 999.0 112.2 119.7 123.7  91.8  53.2  65.9 218.4  49.9 347.1 329.4 164.1 999.0 354.7 310.1 247.8 137.0  23.1 200.0   3.6 221.8  14.5  22.5  13.1   6.5   5.6   3.1   9.7  12.9  38.1  49.7
 wrfout_d04_2016-12-19_16:00:00 999.0 108.1 119.9 125.1  89.4  36.4  64.5 210.6  54.3 143.7 334.0 301.3 999.0 357.7 328.6 266.1 145.2  26.8 204.7   2.9 225.3  18.7  26.5  11.3  11.3  13.4   0.5   7.5  17.6  34.7  49.7
 wrfout_d04_2016-12-19_17:00:00 999.0 105.3 119.8 118.5  91.3  42.6  69.0 182.5 216.7 117.1 342.8 353.0 999.0 351.6 304.1 262.3 138.4  19.4 197.4 354.6 231.5  11.6  21.6  26.3   8.9  12.4  13.5   6.9  10.4  42.8  52.1
 wrfout_d04_2016-12-19_18:00:00 999.0  95.6 115.0 116.0  88.3  47.1  69.7 254.5 221.1 257.6  11.4 356.8 999.0 342.0 241.8 250.2 124.4  16.5 188.9 344.4 233.5  20.7  23.6  24.1  13.7   6.5  21.3   1.7   3.8  36.3  53.2
 wrfout_d04_2016-12-19_19:00:00 999.0  96.0 111.3 206.4  87.4  49.2  67.0 292.3 220.8 328.6  11.7 353.0 999.0 333.4 190.3 176.4 136.7  18.6 188.5 354.8 238.1  19.8  22.2  15.9   2.2  15.0  12.6   8.3   6.7  42.0  40.1
 wrfout_d04_2016-12-19_20:00:00 999.0  95.6 111.4 199.8  88.1  49.6  81.1 294.1 223.1 317.6 348.7 312.2 999.0 339.5 209.2 280.3 151.1  14.4 173.7 350.3 235.3  16.3  29.7  12.5  11.5  22.9  14.7  11.7   2.6  31.5  42.0
 wrfout_d04_2016-12-19_21:00:00 999.0  99.9 108.8 348.3  84.5  38.3  92.9 339.3 236.4 353.6 348.1 320.8 999.0   7.5 249.2 288.1 134.1  15.5 161.9   2.1 240.8  23.0  34.2  21.1   9.6  20.5   8.3   4.1  10.1  38.0  50.3
 wrfout_d04_2016-12-19_22:00:00 999.0  94.6 111.1 120.7  85.8  41.0  87.2 131.1 224.3 342.8 331.3 318.7 999.0   9.1 300.6 308.3 139.0  13.3 168.3  23.1 245.3  12.6  33.4   3.9   9.5  21.3 351.2   4.4   6.3  45.4  55.4
 wrfout_d04_2016-12-19_23:00:00 999.0 100.3 107.9 122.8  85.2  55.9  83.6  82.3 241.7  96.0 323.4 326.3 999.0  11.1 278.2 314.4 165.9  15.1 170.9   6.0 247.0  16.2  30.0  14.3   7.0  13.2   5.9   7.5   9.0  44.3  54.4
