 wrfout_d04_2016-08-05_00:00:00 999.0 269.5 248.3 262.2 257.4 252.0 252.2 229.6 259.7 247.8  61.0  56.5 999.0 213.1 196.8 191.9 324.2 248.3  60.9 310.1 319.4 265.3  16.0 178.4 344.5 328.1 130.9 313.6 128.9 244.4 313.5
 wrfout_d04_2016-08-05_01:00:00 999.0 276.9 276.0 319.1 288.6 359.4 276.5 234.3 268.8 250.2  96.2  90.5 999.0 233.2 223.1 162.5 313.2 247.8  47.9 309.8 327.5 265.7 309.9 155.6 328.0 309.3 115.7 307.6 109.7 244.2 310.5
 wrfout_d04_2016-08-05_02:00:00 999.0 285.1 272.7 296.7 288.9 358.0 301.8 237.9 276.4 256.6  96.8  66.9 999.0 245.7 238.4 145.2 287.4 244.9  39.6 307.2 329.2 268.4 296.7 154.7 313.8 292.9 109.3 299.8 102.2 248.4 304.0
 wrfout_d04_2016-08-05_03:00:00 999.0 282.6 274.0 313.7 292.7  37.0 310.8 249.0 282.7 265.1  72.1  67.2 999.0 253.8 250.8 119.5 277.9 246.7  35.5 298.7 333.4 272.0 292.6 157.9 307.9 285.5 106.6 295.8  77.8 241.8 299.9
 wrfout_d04_2016-08-05_04:00:00 999.0 283.5 269.9 311.3 286.7  81.5 321.6 237.7 306.9 285.7  96.6  73.0 999.0 276.3 275.7 119.3 282.6 249.2  29.7 292.2 330.8 273.3 295.7 153.9 308.7 285.8 122.0 294.5  97.6 247.9 298.2
 wrfout_d04_2016-08-05_05:00:00 999.0 286.3 271.5 310.7 288.2 330.6 308.3 289.2 297.5 282.0 206.8 103.6 999.0 275.6 287.6  81.9 285.9 252.5  32.4 296.7 333.2 272.5 292.8 119.5 307.7 287.7 120.8 298.3  99.1 248.1 297.1
 wrfout_d04_2016-08-05_06:00:00 999.0 284.9 259.4 261.3 274.0 229.5 292.5 231.0 251.8 304.6 162.7 152.9 999.0 279.2 297.8  28.3 277.8 256.7  15.7 302.2 326.0 275.9 295.1 102.5 307.5 286.3  93.9 299.0  95.7 292.9 297.6
 wrfout_d04_2016-08-05_07:00:00 999.0 286.6 256.1 254.9 266.5 227.4 240.9 217.3 237.1 262.5 197.3  96.2 999.0 301.9 323.8  50.5 301.6 261.6  41.2 300.5 328.5 277.5 297.3 109.0 311.4 293.4  59.2 299.3  66.0  12.7 304.1
 wrfout_d04_2016-08-05_08:00:00 999.0 290.4 243.3 157.7 251.6 227.5 244.2 209.2 239.3 190.7 173.4 158.5 999.0 357.3 359.8  40.6 319.1 259.6  57.8 305.1 330.0 273.6 286.6 256.8 305.4 292.6 341.7 300.5  47.6  20.2 312.5
 wrfout_d04_2016-08-05_09:00:00 999.0 302.1 254.2 183.5 255.5 230.2 240.3 199.7 243.9 161.6 114.3 159.3 999.0  19.3   4.1 218.8  21.4 246.1  72.1 315.1 324.1 265.7 302.0  34.8 313.5 296.8 324.8 299.4  26.5   1.7 321.9
 wrfout_d04_2016-08-05_10:00:00 999.0 298.4 264.7 292.7 274.4 234.7 274.9 209.1 246.1 111.6 186.1 129.6 999.0 261.2 326.6 234.2 289.6 270.9  89.0 327.0 343.5 279.4 279.9  27.2 295.6 290.3 354.9 306.3  19.7  23.7 322.0
 wrfout_d04_2016-08-05_11:00:00 999.0 309.1 278.5   6.7 302.0 240.6 256.4 229.4 262.1 197.3 127.6 128.6 999.0 170.0 139.5 226.0 181.5 264.2  75.1   6.6 319.1 276.2 301.3 305.6 323.1 313.2 290.2 307.5  35.7  24.0 322.4
 wrfout_d04_2016-08-05_12:00:00 999.0 309.8 279.8  18.8 310.7 239.0 308.5 244.2  17.7 200.2 334.7 141.7 999.0 215.8 185.7 230.6  29.9 259.3  93.6 353.8 329.4 299.8 350.4 257.7 334.8 333.0 303.6 318.7 324.7  36.4 322.5
 wrfout_d04_2016-08-05_13:00:00 999.0 316.8 286.9 344.1 311.4 250.1 305.9 204.9  17.8 106.6 332.4 129.4 999.0 177.4 188.9 203.8  21.2 198.5  73.5 343.5 344.8 317.0 359.5 253.4 336.9 340.7 294.1 330.4 275.1  42.0 320.6
 wrfout_d04_2016-08-05_14:00:00 999.0 317.2 302.4   7.1 329.5 240.5 324.8 237.9 109.5  53.0 297.3 272.7 999.0 194.4 194.4 222.7  84.1 184.5  61.7 328.1  17.9 307.3 360.0 268.4   0.4 329.6 281.8 314.6 287.5  41.7 315.3
 wrfout_d04_2016-08-05_15:00:00 999.0 319.8 301.5   0.2 324.7 243.5 303.7  49.8  82.7 351.3 284.3 156.7 999.0 228.3 243.9 224.3 344.3 216.8  76.8 313.3  44.7 261.8   7.4 266.1  21.5   2.9 261.2 319.0 301.5  42.7 326.3
 wrfout_d04_2016-08-05_16:00:00 999.0 323.5 306.4 355.2 326.9 233.6 274.2 121.5  84.9  69.8 274.0 188.2 999.0 291.5  25.3 238.4  66.7 223.0  52.3 307.9  49.9 256.3 305.5 258.6 269.2 272.4 293.9 311.9 309.5  42.3 322.9
 wrfout_d04_2016-08-05_17:00:00 999.0 327.7 314.7 347.1 332.9 240.1 260.8 105.8 114.2  65.6 282.0 171.1 999.0 332.3 322.8 228.6  53.7 221.6  66.7 301.5  51.2 267.8 293.8 277.0 343.9 307.9 272.6 290.4 288.6  30.6 322.1
 wrfout_d04_2016-08-05_18:00:00 999.0 333.2 323.0 343.0 336.9 244.3 240.8 111.9 154.0  69.3 259.2 134.9 999.0 354.6 351.3 238.2  37.1 271.0  61.1 306.6  41.6 254.5 277.4 264.9 305.6 301.6 285.7 301.7 298.1  37.2 335.0
 wrfout_d04_2016-08-05_19:00:00 999.0 340.1 329.2 342.2 339.4 232.5 253.5 113.6 185.9  86.9 253.8 357.2 999.0  12.7 358.1 241.0 164.0 268.8  56.9  34.6  35.1 263.7 261.3 262.6 340.4 290.6 296.2 305.0 285.8  30.7 332.9
 wrfout_d04_2016-08-05_20:00:00 999.0 346.1 330.8 342.4 341.1 228.0 263.6 122.9 200.4 109.6 142.3 319.3 999.0  19.0 354.9 253.4 130.1 261.0  59.4  38.9  32.9 273.3 317.5 270.1  21.9 349.3 304.5 313.2 324.7 355.9 314.6
 wrfout_d04_2016-08-05_21:00:00 999.0 350.8 329.7   1.1 340.3 230.4 251.8 126.0 198.6 122.3 168.2 294.3 999.0   8.8  48.9 269.5  67.7 252.5  58.8  27.1  36.0 267.8  90.0 270.0  75.5  38.0 309.3 315.5 348.4 310.1 315.6
 wrfout_d04_2016-08-05_22:00:00 999.0 353.5 330.9   3.2 337.7 225.5 216.9 118.7 215.9 109.1 217.8 291.6 999.0 350.3 119.7 299.2  48.0 276.6  58.8  78.5  36.8 273.0 116.0 258.7  81.9  65.1 312.9 321.8 328.4 315.3 323.1
 wrfout_d04_2016-08-05_23:00:00 999.0 355.4 336.8 325.3 328.3 262.3 243.7  75.4 237.7  80.5 144.3 324.5 999.0  42.1 115.9 325.0   2.9 118.3  58.3  75.7  30.9 322.0  97.3 207.9  53.5  28.7 257.6 333.8  49.9 272.7 320.9
