 wrfout_d04_2016-06-15_00:00:00 999.0 245.8 235.0 236.9 242.7 226.1 248.5 225.5 210.4 231.1  66.6 131.3 999.0 194.7 191.0 162.6   1.4 186.5 217.5 191.3 241.3 177.2 176.2  78.1 170.0 182.3 140.7 207.1 241.0 228.9 253.6
 wrfout_d04_2016-06-15_01:00:00 999.0 249.7 235.5 246.9 239.2 220.0 231.8 229.1 217.1 236.1  90.9 111.2 999.0 198.2 197.2 103.6 317.5 187.5 222.6 188.8 241.7 175.4 181.8 136.2 196.2 198.8 210.6 214.2 237.6 229.1 251.4
 wrfout_d04_2016-06-15_02:00:00 999.0 243.5 238.2 251.9 240.4 224.4 231.8 233.4 233.1 239.3 104.6  92.6 999.0 207.8 201.3  93.9 254.3 188.8 226.8 190.1 242.8 175.0 184.2 125.8 205.6 197.6 208.5 208.1 245.3 229.4 251.9
 wrfout_d04_2016-06-15_03:00:00 999.0 243.9 245.7 263.9 248.9 244.2 249.5 236.3 244.8 244.0 108.7  84.1 999.0 216.3 206.0  83.0 249.4 187.7 227.1 200.2 245.6 174.7 189.6 124.6 200.2 197.6 201.8 210.4 247.3 230.7 257.0
 wrfout_d04_2016-06-15_04:00:00 999.0 248.1 250.6 266.7 256.2   3.1 264.5 236.5 256.5 244.9 110.9  84.6 999.0 226.0 215.8  79.6 254.6 188.2 227.6 194.7 246.2 175.3 191.1 158.1 204.3 201.4 202.6 214.4 246.6 230.3 261.6
 wrfout_d04_2016-06-15_05:00:00 999.0 256.7 251.0 265.7 258.0  40.3 266.9 236.9 260.4 244.7  98.9 103.6 999.0 222.6 217.7  66.5 256.9 187.9 227.2 197.9 246.0 174.3 189.5 188.1 208.5 205.8 203.8 220.7 252.5 230.5 262.6
 wrfout_d04_2016-06-15_06:00:00 999.0 261.1 251.5 264.8 260.1  35.5 267.3 237.2 260.8 244.2  95.5 106.1 999.0 224.5 217.7  58.4 256.9 186.3 226.2 196.9 245.0 174.6 188.4 189.5 209.1 202.2 199.9 216.6 247.2 230.6 263.8
 wrfout_d04_2016-06-15_07:00:00 999.0 256.5 250.7 265.1 261.1  15.3 267.7 238.3 258.4 244.4  88.5 108.8 999.0 224.3 216.1  56.5 254.4 186.2 224.2 202.3 242.9 174.1 185.5 193.6 208.8 202.2 202.7 217.8 241.5 230.9 269.4
 wrfout_d04_2016-06-15_08:00:00 999.0 254.6 249.9 267.1 262.7   7.2 270.8 238.3 259.8 242.7  87.2 110.4 999.0 222.5 218.8  60.5 251.3 186.8 222.7 202.7 241.8 171.9 183.2 193.9 203.5 198.5 209.7 222.8 250.6 230.3 272.0
 wrfout_d04_2016-06-15_09:00:00 999.0 171.1 246.8 259.2 262.4 355.3 270.3 238.0 256.3 245.4  96.0 101.5 999.0 218.1 219.2  78.6 251.9 184.7 215.1 200.1 238.7 172.8 178.4 186.4 197.9 189.5 205.1 213.2 250.3 230.9 269.7
 wrfout_d04_2016-06-15_10:00:00 999.0 155.4 244.6 266.1 263.5 353.6 264.1 236.3 240.6 242.7  88.0  64.6 999.0 214.4 214.7  73.8 239.1 181.1 209.5 205.6 237.0 167.6 170.1 105.7 195.6 186.8 205.0 211.6 236.0 231.6 270.0
 wrfout_d04_2016-06-15_11:00:00 999.0 142.7 242.0 247.5 263.0 359.9 252.5 234.6 229.0 242.2  62.7  41.4 999.0 205.0 211.9  65.2 280.9 179.1 204.5 202.7 234.3 171.2 166.0  48.4 192.1 183.8 213.4 211.4 240.6 231.3 268.7
 wrfout_d04_2016-06-15_12:00:00 999.0 159.0 236.9 202.8 258.7 338.1 236.2 230.3 215.8 237.6 307.9   6.3 999.0 196.9 190.9  55.0  44.3 178.3 204.4 196.0 232.5 167.2 168.6  45.8 187.1 179.0 209.5 206.5 243.5 230.7 266.2
 wrfout_d04_2016-06-15_13:00:00 999.0 153.1 235.7 198.7 259.0 175.2 229.7 228.4 212.0 235.8 292.4 348.6 999.0 193.0 176.6  53.3  52.8 178.4 204.4 194.0 229.3 169.1 170.0  49.7 185.5 176.5 206.4 204.3 238.3 230.2 266.1
 wrfout_d04_2016-06-15_14:00:00 999.0 161.0 231.5 147.5 251.6 159.8 246.9 227.6 216.1 235.9 281.8  35.9 999.0 188.2 176.8  33.2  38.3 179.0 205.9 191.6 226.3 172.3 170.0  40.8 186.4 176.2 214.9 198.2 244.4 229.8 264.9
 wrfout_d04_2016-06-15_15:00:00 999.0 170.7 223.8 126.0 236.0 229.2 254.0 227.3 211.0 236.8 152.6  59.3 999.0 186.1 173.1  17.2  30.7 180.1 203.5 191.4 225.1 171.9 172.2  52.8 194.3 179.2 216.5 185.8 244.5 228.2 261.3
 wrfout_d04_2016-06-15_16:00:00 999.0 182.2 219.3 122.6 232.9 202.5 250.8 226.9 207.3 236.0 132.5  21.1 999.0 186.4 172.5   7.2  52.5 181.7 203.2 192.9 225.0 174.3 172.0  54.0 187.1 178.0 219.1 176.5 241.7 228.2 258.2
 wrfout_d04_2016-06-15_17:00:00 999.0 203.9 222.5 129.0 241.6 214.6 258.2 227.2 211.3 236.5 132.2  47.7 999.0 184.1 172.7  43.8  40.5 181.4 204.7 192.9 225.2 174.8 172.9  51.5 185.0 177.4 210.2 168.6 238.8 227.5 254.6
 wrfout_d04_2016-06-15_18:00:00 999.0 218.5 223.8 130.0 244.1 220.7 263.0 226.5 204.8 234.4 122.9  77.7 999.0 183.8 174.4  32.2  36.1 184.6 207.2 191.5 225.9 174.5 167.8  29.5 177.1 172.1 207.6 174.1 235.9 227.0 253.7
 wrfout_d04_2016-06-15_19:00:00 999.0 246.3 225.1 129.0 242.3 220.6 261.4 225.0 192.5 232.3 134.0  70.8 999.0 185.1 175.6 348.9  41.3 184.6 206.2 189.4 228.6 177.8 163.6 238.1 165.7 163.0 205.1 171.5 236.1 226.3 256.7
 wrfout_d04_2016-06-15_20:00:00 999.0 250.6 229.3 151.7 245.7 224.0 267.5 224.5 174.4 232.0  99.9  84.9 999.0 187.1 172.8 331.9  41.6 185.8 205.5 188.9 229.8 178.4 157.0 238.8 153.1 153.7 204.2 156.6 238.0 227.4 259.5
 wrfout_d04_2016-06-15_21:00:00 999.0 242.7 233.3 191.6 252.7 222.5 267.2 223.3 148.6 230.5 352.9 345.8 999.0 187.1 166.6 322.8  39.7 187.8 206.1 186.6 230.3 181.2 156.2 287.6 142.9 137.7 206.0 190.4 240.6 230.2 263.7
 wrfout_d04_2016-06-15_22:00:00 999.0 241.9 235.0 215.2 254.1 213.9 243.2 223.0 159.6 228.5 298.2 320.5 999.0 184.7 169.2 354.3  30.9 187.8 209.0 184.8 231.2 179.8 149.8  37.6 140.9 137.0 206.4 183.3 242.9 229.6 266.5
 wrfout_d04_2016-06-15_23:00:00 999.0 242.7 237.2 235.6 252.1 204.8 235.1 223.9 201.4 228.9  29.0 332.1 999.0 186.7 175.4  16.9  18.4 187.8 215.9 184.0 233.7 180.0 155.8  68.4 156.6 145.7 203.6 209.2 243.1 232.1 263.5
