 wrfout_d04_2016-10-18_00:00:00 999.0  72.8  93.5 108.0  86.4  82.2  89.3  61.3  77.5  77.4  94.8 118.1 999.0 245.2 188.6  15.4 245.3  22.3 339.5 278.4 146.8 348.6 103.7  35.0 131.0 158.5  35.7 271.1  27.1  44.6  75.4
 wrfout_d04_2016-10-18_01:00:00 999.0  68.5  95.6 109.0  88.7  82.3  91.5  61.8  87.8  66.2  99.6 118.7 999.0 346.5 281.8  41.7 258.1 346.5  27.2 217.2 142.2 303.5 225.0  38.2 189.7 186.2  45.2 256.3  34.8  43.8  65.9
 wrfout_d04_2016-10-18_02:00:00 999.0  66.0  96.4 107.1  91.1  81.7  96.2  62.7  92.6  63.6 104.8 126.8 999.0 315.4 264.0  58.0 306.9 355.6   2.5 222.2 139.6 304.8 250.2  39.9 222.5 239.9  49.9 264.4  38.4  41.5  66.0
 wrfout_d04_2016-10-18_03:00:00 999.0  63.1  93.0 106.5  88.1  85.7 100.9  68.4  94.9  64.2  97.2 123.1 999.0 328.4 278.8  67.7 260.9   3.9 356.1 234.4 138.5 297.9 242.8  39.6 259.8 262.3  52.6 266.8  44.7  44.3  64.2
 wrfout_d04_2016-10-18_04:00:00 999.0  63.2  93.8 108.0  88.0  82.2  99.9  68.2  97.2  66.2 101.2 119.7 999.0 320.2 282.2  59.4 245.5  10.2  18.0 249.1 135.9 283.8 244.5  41.4 265.0 257.5  56.3 266.5  49.3  48.3  64.4
 wrfout_d04_2016-10-18_05:00:00 999.0  66.9  93.1 105.6  88.0  78.4 100.5  66.5  97.6  60.9 100.3 113.0 999.0 308.8 283.4  52.3 245.3  11.5  27.0 248.6 125.4 287.2 254.6  43.7 259.4 252.7  57.3 262.9  52.1  47.3  66.4
 wrfout_d04_2016-10-18_06:00:00 999.0  64.2  93.6 105.1  86.7  79.3 100.4  66.5  96.7  59.8 100.5 120.9 999.0 313.1 278.3  49.8 250.8  16.5  33.3 257.4 120.9 319.7 262.8  42.2 255.1 253.0  56.2 263.5  50.9  44.6  68.8
 wrfout_d04_2016-10-18_07:00:00 999.0  65.2  93.4 104.5  87.5  76.1  97.0  65.4  94.0  63.1  91.1 123.4 999.0 316.0 274.8  42.9 245.3  21.1  43.4 266.3 120.0   4.7 261.5  39.9 252.6 251.8  52.2 266.5  47.9  40.5  68.4
 wrfout_d04_2016-10-18_08:00:00 999.0  63.3  94.9 108.2  88.8  79.8  94.2  60.4  87.7  61.0  87.6 130.7 999.0 300.3 255.9  39.0 239.6  18.4  51.9 264.6 126.6 359.1 266.9  37.4 255.2 256.9  47.8 271.4  44.5  44.6  68.4
 wrfout_d04_2016-10-18_09:00:00 999.0  65.9  93.2 112.5  87.5  79.9  87.7  54.8  79.6  58.8  83.5 137.7 999.0 261.6 241.7  23.0 222.8  22.2  63.2 269.7 142.9   4.3 295.8  32.7 255.8 257.2  44.4 277.4  42.2  42.9  69.5
 wrfout_d04_2016-10-18_10:00:00 999.0  64.3  96.1 114.9  89.8  94.9  91.9  58.6  81.7  62.7  94.2 161.9 999.0 197.3 215.2  11.1 228.7  16.6  84.3 264.5 146.5 358.1 328.5  29.0 255.2 260.0  36.4 290.3  37.0  39.9  67.5
 wrfout_d04_2016-10-18_11:00:00 999.0  63.8  99.3 123.5 100.4  85.7  95.4  59.9  90.8  62.6 333.8 187.9 999.0 187.7 187.0   4.8 202.3  17.3 137.2 243.5 145.1 356.4   0.3  27.2 254.6 265.1  29.5 286.8  30.7  39.7  65.6
 wrfout_d04_2016-10-18_12:00:00 999.0  65.6  95.8 116.4  89.1  78.3  92.6  57.3  83.4  62.2  12.0 186.5 999.0 187.1 177.4   0.8 193.2  19.2 209.1 216.2 143.7   1.3   4.4  28.7 245.8 260.3  24.9 287.3  24.2  35.4  65.9
 wrfout_d04_2016-10-18_13:00:00 999.0  71.6 101.8 118.5  92.9  97.7  94.1  56.7  83.7  64.7  15.3 191.8 999.0 346.9 172.1 355.2 195.1  12.2 254.5 203.2 144.4   7.1 344.2  29.4 246.9 259.6  25.1 277.1  24.1  38.2  65.9
 wrfout_d04_2016-10-18_14:00:00 999.0  71.3  98.5 115.4  91.0  80.0  94.8  51.9  81.3  62.7 326.0 186.0 999.0 331.4 157.9   0.6 312.4  10.8 126.2 202.2 143.8   7.0 316.3  30.1 263.5 305.8  22.8 270.8  21.8  34.1  62.3
 wrfout_d04_2016-10-18_15:00:00 999.0  72.4  98.9 114.4  91.5  86.8  89.2  53.0  79.2  63.3 333.0 184.3 999.0 342.9 172.6   0.2  61.3  12.4 125.6 199.1 143.6   5.6 296.4  29.2 230.3 234.0  22.4 273.7  19.2  32.2  59.5
 wrfout_d04_2016-10-18_16:00:00 999.0  67.7  96.9 118.8  90.9  81.0  88.1  53.4  76.4  66.2 329.6 187.4 999.0 248.7 154.2   2.2  55.0   9.1 160.6 193.6 144.2   0.2 280.8  28.1  15.2 303.3  26.6 274.9  18.6  29.0  55.6
 wrfout_d04_2016-10-18_17:00:00 999.0  68.2  97.9 115.7  91.6  86.7  88.3  56.9  76.8  75.5 351.5 190.3 999.0 245.1 146.6   8.4  63.6   7.1 195.6 189.4 143.4 350.2 261.9  28.0 190.8 190.5  24.7 282.1  16.4  30.8  53.2
 wrfout_d04_2016-10-18_18:00:00 999.0  68.8  98.4 113.7  91.2  85.4  88.8  56.8  75.7  74.4 333.5 189.8 999.0 201.8 181.0   3.5  78.2  13.4 181.6 187.0 142.6 336.8 161.0  32.0 165.0 126.4  31.8 301.1  15.8  31.1  52.5
 wrfout_d04_2016-10-18_19:00:00 999.0  69.8  97.9 113.5  91.1  89.9  88.9  58.8  74.1  88.8 346.1 191.4 999.0 188.0 175.4   4.9 170.1  18.3 192.7 185.4 142.7 338.3 134.6  31.4 140.5 108.4  30.9 300.5  16.6  31.3  49.8
 wrfout_d04_2016-10-18_20:00:00 999.0  69.6  98.7 114.5  90.9  86.8  90.2  57.5  74.7 110.2 313.8 195.8 999.0 183.9 173.5   2.4 163.1  21.1 176.4 193.3 141.7 357.0 136.0  32.0 118.1 105.6  32.6 283.3  18.2  32.2  47.5
 wrfout_d04_2016-10-18_21:00:00 999.0  68.9  96.7 119.5  88.9  83.4  93.8  56.2  76.3 137.5 346.1 193.5 999.0 177.9 155.5   1.4 313.9  20.0 156.8 206.1 141.6   9.0 142.4  32.8 134.0 129.9  30.3 299.1  18.6  32.4  47.6
 wrfout_d04_2016-10-18_22:00:00 999.0  68.2  97.2 127.3  89.0  86.0  88.1  56.1  75.3 140.8 293.3 187.8 999.0 167.9 170.6   3.1 352.7  24.0 161.7 255.1 140.9   6.2 144.8  32.1 137.5 128.1  29.0 351.0  17.4  32.4  46.0
 wrfout_d04_2016-10-18_23:00:00 999.0  69.3  93.7 118.3  85.7  78.8  93.4  56.1  80.2 172.3 276.3 183.3 999.0 177.2 202.4   2.6 330.9  24.6 143.4 290.0 140.8  14.4 138.1  32.7 155.2 173.7  33.1  74.7  20.6  32.5  45.9
