 wrfout_d04_2016-01-13_00:00:00 999.0  22.5  53.3  26.9  44.3  26.1  78.9  43.7  84.9  32.8 218.4 262.3 999.0  11.9   9.4  25.4 224.3  21.9 222.7   9.9 232.6  18.6  15.3  22.5   6.0   5.5   1.7 354.9  17.9  34.3   4.0
 wrfout_d04_2016-01-13_01:00:00 999.0  29.0  54.8  29.4  44.3  29.2  66.1  32.8  79.9  19.2 220.9 255.4 999.0  16.8 357.5  28.5   2.6  10.9 225.9   8.7 239.3  12.8  24.8  31.0   0.0   1.9  10.1 353.6  16.2  38.4 336.6
 wrfout_d04_2016-01-13_02:00:00 999.0  31.2  51.9  29.9  42.3  22.5  66.6  37.9  89.4  30.3 245.8 269.1 999.0  13.4 354.9  31.4   4.7  17.1 230.7  11.0 238.7  10.0  26.6  29.1 353.6 357.1  48.0   3.2  12.7  31.0 352.3
 wrfout_d04_2016-01-13_03:00:00 999.0  28.3  53.7  28.8  43.0  26.5  72.3  42.1  90.4  28.3 342.1 278.2 999.0  10.7 350.8  28.7 284.6  18.3 233.8  15.4 239.0   8.7  16.1  43.2 358.6 358.6  46.6 339.8  16.1  20.0 335.5
 wrfout_d04_2016-01-13_04:00:00 999.0  29.7  54.4  25.8  43.5  26.4  72.2  35.6  85.7  19.3  17.4 306.2 999.0  13.2 357.1  28.0 234.0  21.9 228.1 346.7 235.1  13.2   9.6  45.4 352.4 355.7  18.9 351.6  34.1  20.3 326.8
 wrfout_d04_2016-01-13_05:00:00 999.0  26.8  54.4  23.2  43.6  28.1  76.6  35.0  87.0  24.1  28.0 304.1 999.0  13.4 351.5  32.0 256.4  17.6 228.9 351.1 238.9  12.0   8.5  32.2 353.8 359.3  13.1  12.1  19.1  18.9 334.6
 wrfout_d04_2016-01-13_06:00:00 999.0  27.9  56.7  21.7  45.0  28.7  76.8  39.2  87.6  20.4 348.2 285.4 999.0  12.9 349.8  34.6 238.1  16.5 226.1 345.3 236.0  12.0   5.3  28.5 357.0   1.9  18.4 352.8  36.9  20.7 325.7
 wrfout_d04_2016-01-13_07:00:00 999.0  28.5  58.0  13.0  45.9  26.9  75.3  36.1  79.2  24.8 325.9 283.8 999.0  12.5 350.5  31.3 238.1  20.3 227.6 343.0 239.4  15.1   4.3  34.1 348.1 351.9  11.6 359.8  42.8  23.9 323.0
 wrfout_d04_2016-01-13_08:00:00 999.0  27.6  58.6  12.7  46.7  30.3  77.1  38.6  81.1  22.7  42.5 271.5 999.0  13.3 353.8  27.8 231.8  21.9 222.7 348.1 234.1  16.9   3.3  32.2 347.4 354.9  21.5   4.7  38.9  15.5 317.0
 wrfout_d04_2016-01-13_09:00:00 999.0  26.9  57.7  14.6  46.2  30.3  85.6  40.9  85.1  33.4   6.4 283.6 999.0  12.3 355.3  33.0 218.4  24.0 216.6 356.5 228.0  19.2 360.0  33.5 355.6 356.4  34.0   1.9  27.9  18.2 327.1
 wrfout_d04_2016-01-13_10:00:00 999.0  26.9  57.7  13.8  46.7  34.3  86.8  38.7  83.0  33.9 152.7 282.3 999.0  12.9   0.7  26.8 206.3  23.8 211.0 350.0 228.0  22.9   1.2  36.5 356.2   0.4  18.5 352.6  16.4  16.8 348.6
 wrfout_d04_2016-01-13_11:00:00 999.0  29.0  57.7   8.8  47.1  34.8  76.9  38.8  75.5  24.8 214.5 275.5 999.0  14.1   7.3  27.7 218.7  23.1 206.4 356.1 224.4  20.5   8.5  29.3 354.2 359.4   6.6 348.8  23.6  14.5 325.5
 wrfout_d04_2016-01-13_12:00:00 999.0  27.9  56.3   2.5  47.2  33.5  69.4  37.1  67.0  27.0 210.2 272.7 999.0  14.5   7.5  24.0 212.5  22.2 204.6 357.7 226.7  17.6   9.9  24.3 355.5 359.6 354.7 350.0  24.4   9.8 347.1
 wrfout_d04_2016-01-13_13:00:00 999.0  27.0  55.8  13.3  46.4  33.1  86.9  39.0  68.8  25.5 226.0 271.0 999.0  17.4  10.6  26.1 219.3  18.7 205.9 358.8 228.8  16.3  18.9  24.0 351.6 356.4   9.5 352.7  24.4   8.2 337.3
 wrfout_d04_2016-01-13_14:00:00 999.0  25.0  53.6  15.1  43.5  28.3 101.0  37.0  79.5  32.7 227.9 262.8 999.0  15.5   7.4  17.1 230.2  19.0 205.3 359.7 227.0  14.1  20.4  25.8 357.4   1.3 357.4 355.8  21.7  15.5 354.0
 wrfout_d04_2016-01-13_15:00:00 999.0  23.4  51.7  21.2  42.3  26.1  92.4  36.0  80.5  32.3 217.1 264.6 999.0  12.4   3.5  14.8 235.7  13.6 207.2   7.4 226.9  13.0  22.4  26.0   2.8   4.6   2.5 349.9  26.5  13.7  17.1
 wrfout_d04_2016-01-13_16:00:00 999.0  19.5  49.4  21.5  40.4  21.6  98.7  38.2  81.3  30.1 226.0 264.1 999.0   9.6 357.2  20.6 227.0  18.6 209.2  15.3 227.0  17.8  18.7  23.5 359.1   5.7 352.3 355.8  14.8   7.2 344.7
 wrfout_d04_2016-01-13_17:00:00 999.0  18.9  47.2  23.3  39.2  17.0 128.5  37.3  92.6  31.5 215.8 261.7 999.0  13.8 352.9  20.6 244.3  21.6 206.4  10.0 225.0  17.0  20.9  19.9 355.4   0.9 350.6 352.5 353.8   5.8 337.0
 wrfout_d04_2016-01-13_18:00:00 999.0  17.8  49.1  15.2  41.3  15.3 188.1  31.9 102.6  33.7 218.6 266.8 999.0  13.6 352.7  19.9  25.6  19.9 206.4   6.1 225.4  19.9  20.3  22.7 351.5   2.0 351.8 349.3   0.2   2.4 336.1
 wrfout_d04_2016-01-13_19:00:00 999.0  16.8  47.3  17.9  40.5  18.0 241.8  34.9 105.4  29.9 226.4 263.7 999.0  12.8 356.8  23.6  42.3  24.9 208.3   9.9 227.4  22.9  17.7  21.8   2.3   0.3 356.1 348.8 359.9  17.2 332.2
 wrfout_d04_2016-01-13_20:00:00 999.0  18.8  47.0  20.0  40.7  21.6 225.6  33.7 118.5  29.1 218.6 264.7 999.0  16.7 357.3  17.5  31.9  26.7 211.4   4.1 229.4  16.9  17.6  23.0   3.9   2.4 359.6 349.8   7.7  15.9 332.5
 wrfout_d04_2016-01-13_21:00:00 999.0  17.3  50.2  23.8  42.4  20.2 219.5  34.7 122.2  32.9 230.2 264.5 999.0  19.3   4.0  19.5  36.6  30.0 214.5   4.4 231.2  21.9  16.8  27.7   1.0   2.8 358.7 354.1   6.5   7.5 335.5
 wrfout_d04_2016-01-13_22:00:00 999.0  11.2  50.6  13.0  43.4  13.3 214.9  41.8 118.8  36.6 228.2 270.7 999.0  20.5   4.1  18.2  37.2  28.8 215.0  15.2 233.5  24.0  19.3  22.5 358.5   2.1 359.4 352.3   7.8  18.1 329.3
 wrfout_d04_2016-01-13_23:00:00 999.0  17.4  52.3   2.5  45.8  12.9 197.5  48.1 117.7  33.1 231.7 272.5 999.0  16.7 359.1  15.9  61.0  28.6 211.9   8.4 237.0  23.8  23.5  33.5   0.8   4.8 356.8 357.3   6.3  24.2 337.0
