 wrfout_d04_2016-05-28_00:00:00 999.0 186.6 233.0 227.3 246.2 171.4 293.3 234.2  57.8 231.2  76.9  61.3 999.0 194.3 192.7 129.2 356.9 186.1 213.5 192.2 205.6 180.6 175.9 190.4 172.3 179.5 202.6 176.4 218.1 217.2 235.3
 wrfout_d04_2016-05-28_01:00:00 999.0 189.8 236.0 266.3 240.0  59.3 267.7 236.2 185.5 245.0  93.5  89.8 999.0 209.3 198.6 103.1 275.3 186.9 219.8 194.1 208.6 181.8 179.2 189.3 191.9 188.9 197.5 184.0 226.2 216.6 240.0
 wrfout_d04_2016-05-28_02:00:00 999.0 207.8 241.2 290.2 241.7  42.0 238.0 239.2 189.8 250.0  90.1 107.7 999.0 229.1 208.1 126.3 252.7 188.1 222.6 196.2 215.2 181.7 184.1 189.3 199.8 193.8 192.9 190.7 231.1 216.0 244.5
 wrfout_d04_2016-05-28_03:00:00 999.0 223.5 254.4 283.1 255.4  28.8 227.6 242.2 193.6 251.0 100.5 113.8 999.0 232.2 214.4 143.2 248.6 188.0 225.1 199.7 224.2 183.2 186.5 188.5 204.1 199.2 190.0 198.2 235.2 217.5 248.9
 wrfout_d04_2016-05-28_04:00:00 999.0 234.4 261.9 279.2 276.3  39.5 231.9 244.9 250.3 250.4  95.4 119.8 999.0 231.7 218.8 145.2 252.7 188.3 227.4 198.9 229.8 183.8 191.3 188.6 209.0 202.6 188.5 204.6 239.2 220.0 254.1
 wrfout_d04_2016-05-28_05:00:00 999.0 238.9 259.5 275.9 276.6  47.8 265.0 245.8 272.3 251.2  90.4 120.4 999.0 231.1 220.6 137.4 252.3 188.8 229.0 214.2 232.2 185.4 194.2 188.8 212.5 205.1 187.9 209.4 243.1 221.6 258.4
 wrfout_d04_2016-05-28_06:00:00 999.0 253.5 259.1 274.2 273.5  57.9 274.2 245.5 273.5 251.1  85.5 115.9 999.0 230.3 228.8 133.1 249.5 189.3 229.6 223.1 231.8 186.8 196.9 188.3 215.7 206.4 186.9 211.5 246.5 224.1 261.7
 wrfout_d04_2016-05-28_07:00:00 999.0 260.9 253.6 273.2 266.2  67.4 278.4 245.8 273.3 250.6  88.5 147.9 999.0 228.5 233.8 132.7 247.3 189.3 230.8 228.4 227.8 187.3 196.6 187.0 217.2 206.6 188.2 213.3 247.5 227.4 266.3
 wrfout_d04_2016-05-28_08:00:00 999.0 257.2 257.5 276.6 268.5  48.6 278.7 242.8 264.6 249.8  93.6 341.0 999.0 227.4 235.4 110.9 248.2 189.9 230.4 230.9 223.9 189.3 194.2 186.9 216.3 205.8 193.1 213.2 246.3 229.6 268.1
 wrfout_d04_2016-05-28_09:00:00 999.0 250.9 248.1 271.7 263.5  35.0 274.1 242.1 257.5 248.8  47.4 350.8 999.0 224.9 232.9 121.3 243.4 189.0 223.9 226.6 222.0 189.9 191.8 174.3 213.9 203.3 195.1 214.7 243.5 231.9 270.1
 wrfout_d04_2016-05-28_10:00:00 999.0 205.2 244.1 269.6 258.5 349.4 273.7 236.3 256.0 245.6  84.0  50.9 999.0 214.2 227.6 106.6 237.3 187.6 218.4 223.1 216.6 190.9 189.4 171.4 210.8 198.4 198.7 214.8 245.8 232.7 270.3
 wrfout_d04_2016-05-28_11:00:00 999.0 178.5 243.2 258.4 258.9   7.2 271.8 233.4 256.6 243.4  66.1 103.3 999.0 201.9 215.9 119.6 230.6 186.7 205.3 214.8 213.0 190.5 186.6 123.6 202.0 193.1 199.1 211.7 249.7 234.0 271.6
 wrfout_d04_2016-05-28_12:00:00 999.0 184.4 242.0 241.4 256.8  28.9 273.1 233.8 244.7 241.9  23.5  63.0 999.0 192.7 197.9  81.3 338.1 182.8 201.0 205.8 213.8 186.9 185.2 110.1 197.6 189.1 190.1 209.1 251.5 234.6 271.7
 wrfout_d04_2016-05-28_13:00:00 999.0 184.0 239.9 218.3 255.2 182.1 258.8 233.7 213.8 242.4  30.7  64.0 999.0 188.8 189.5  40.5  43.8 183.2 201.6 190.9 213.6 187.3 184.9 111.1 189.3 184.3 181.5 203.7 254.2 235.7 272.5
 wrfout_d04_2016-05-28_14:00:00 999.0 191.8 240.7 233.2 257.8 205.5 247.3 232.5 199.0 239.8 357.7  44.8 999.0 185.8 179.7  28.9  47.1 182.9 203.9 184.8 214.4 186.3 179.1 125.5 180.3 175.8 151.7 199.1 255.7 235.0 272.2
 wrfout_d04_2016-05-28_15:00:00 999.0 182.8 237.4 215.6 255.3 216.0 216.8 229.8 202.5 237.8  43.9 351.5 999.0 186.7 179.4  19.9  31.0 184.0 204.3 185.4 215.5 187.1 176.5 191.8 180.5 174.5  46.6 198.1 255.8 234.8 271.5
 wrfout_d04_2016-05-28_16:00:00 999.0 186.8 233.5 192.4 251.3 225.2 243.5 228.0 212.2 235.7 305.4 345.7 999.0 185.4 174.5  17.7  33.7 183.7 203.8 186.0 217.3 187.3 175.7 158.9 180.2 174.2  49.6 194.9 255.0 235.4 271.6
 wrfout_d04_2016-05-28_17:00:00 999.0 188.5 231.3 182.8 248.3 223.4 252.0 226.9 218.2 234.0 315.5 333.0 999.0 184.1 172.2  14.0  38.9 185.1 203.4 185.0 219.6 186.0 176.3 162.9 177.3 174.4  50.5 193.9 251.6 235.2 272.0
 wrfout_d04_2016-05-28_18:00:00 999.0 187.0 229.5 179.8 244.8 222.0 244.0 227.1 217.6 234.8 298.8 340.9 999.0 183.5 171.2  15.0  43.9 187.6 205.4 184.7 221.8 186.8 178.3 129.9 173.7 175.0  47.0 196.6 248.5 234.9 271.3
 wrfout_d04_2016-05-28_19:00:00 999.0 198.8 230.8 179.3 245.4 221.8 244.4 227.6 212.2 234.9 289.4 335.2 999.0 183.8 172.1  14.5  40.6 190.6 206.7 185.2 223.1 188.7 176.9  18.2 165.2 171.8  48.8 198.5 246.5 234.5 271.1
 wrfout_d04_2016-05-28_20:00:00 999.0 209.4 232.7 186.6 247.9 220.3 250.8 229.2 202.2 234.9 283.2 327.8 999.0 184.0 173.2  15.0  38.5 194.1 206.6 183.9 224.2 190.9 176.4   6.9 151.7 160.0  50.9 200.0 245.2 234.2 270.5
 wrfout_d04_2016-05-28_21:00:00 999.0 218.7 233.3 191.8 248.0 221.8 244.6 228.5 193.9 235.4 276.1 336.1 999.0 184.2 172.7  17.9  33.5 196.8 206.9 183.3 225.6 193.7 174.9  15.0 141.9 147.0  52.8 204.3 244.1 234.1 271.8
 wrfout_d04_2016-05-28_22:00:00 999.0 234.2 233.8 199.7 246.7 221.0 240.1 227.9 208.3 234.4 236.5 339.8 999.0 184.0 171.7  18.0  30.5 197.9 210.6 184.6 229.2 195.7 170.6  42.2 143.1 141.4  53.8 211.0 243.4 234.1 273.7
 wrfout_d04_2016-05-28_23:00:00 999.0 240.9 234.7 223.1 244.0 218.1 239.9 227.4 221.6 235.8 264.0 333.4 999.0 187.1 177.7  28.2  21.3 199.2 217.4 191.9 234.7 196.7 179.3  58.6 163.8 166.6  61.3 227.8 243.3 234.3 275.3
