 wrfout_d04_2016-11-16_00:00:00 999.0  48.5  76.2 121.5  66.2  69.3  75.0  53.2  69.9  53.3   4.4 291.7 999.0   7.4 327.2  20.0 283.7  25.6 252.7 245.7 183.1  16.2  16.1  15.0 329.7 334.8 324.8 270.9  35.1  55.0  72.2
 wrfout_d04_2016-11-16_01:00:00 999.0  47.4  77.8  97.6  69.5  67.7  76.6  49.9  69.3  55.8  18.7 284.6 999.0   2.3 208.4  26.3 282.4  26.4 295.5 221.2 268.6  13.9   5.3  29.7 346.4 341.8 344.7 264.0  29.1  55.6  73.0
 wrfout_d04_2016-11-16_02:00:00 999.0  58.0  81.2 105.8  71.4  78.7  75.1  49.4  68.0  48.9 348.4 326.5 999.0 350.6 219.8  27.8 286.2  23.8 284.0 223.2 290.3  14.8 349.7  52.1 322.5 321.9   6.8 263.9  31.1  54.1  66.8
 wrfout_d04_2016-11-16_03:00:00 999.0  63.5  85.2 112.4  74.6  76.7  77.2  48.5  68.6  47.2 345.0  20.0 999.0 346.5 231.2  31.4 281.1  20.8 328.0 237.0 294.0  14.1 333.1  34.6 305.6 288.6  13.7 272.9  33.5  52.9  65.2
 wrfout_d04_2016-11-16_04:00:00 999.0  61.7  84.8 115.7  74.3  72.6  75.1  40.8  65.2  40.5  63.1  68.0 999.0 346.7 241.3  24.2 273.5  20.9  25.4 256.5 306.8   9.3 327.0  33.1 290.2 277.5  13.2 273.3  34.9  53.3  63.8
 wrfout_d04_2016-11-16_05:00:00 999.0  59.1  83.8 115.7  72.2  68.3  71.9  36.4  61.4  36.9  95.8  87.5 999.0 349.8 264.7  21.1 281.5  18.3  24.1 262.7 313.9  10.0 326.3  24.5 303.5 289.7  13.5 273.1  43.9  49.5  65.4
 wrfout_d04_2016-11-16_06:00:00 999.0  62.8  83.7 116.7  71.1  66.0  70.1  36.2  61.4  37.8  71.8 101.9 999.0 357.4 299.5  28.1 273.9  18.5 334.2 272.9 313.4   9.3 332.7  36.5 312.4 297.9  41.1 277.2  37.4  48.9  63.0
 wrfout_d04_2016-11-16_07:00:00 999.0  68.1  82.9 117.0  68.6  73.5  70.4  38.4  60.9  41.0  46.7 101.3 999.0   0.7 325.0  23.3 262.5  19.7  14.5 286.0 307.6  10.7 336.8  33.8 312.3 305.2  39.2 274.4  45.7  53.0  60.7
 wrfout_d04_2016-11-16_08:00:00 999.0  70.5  83.1 118.7  67.7  79.8  74.5  37.3  60.9  42.3  84.1 106.4 999.0   6.3 341.4  24.7 253.1  19.1  37.4 319.2 306.9   8.9 343.6  30.9 322.1 316.1  42.8 278.6  32.0  51.2  66.1
 wrfout_d04_2016-11-16_09:00:00 999.0  74.0  84.3 127.0  67.0  87.2  71.3  41.3  58.0  33.1  68.3 107.1 999.0   3.1 341.9  12.4 225.8  18.6  39.9 333.3 268.7   9.6 355.9  16.8 328.5 322.1  16.7 287.6  35.6  49.5  69.8
 wrfout_d04_2016-11-16_10:00:00 999.0  81.1  87.2 129.0  68.6  88.5  77.6  46.5  64.8  36.6  11.3 113.8 999.0   6.2 344.0   7.7 178.1  19.8 147.4 340.0 230.2  12.5   1.6  28.3 337.1 340.4  16.6 290.4  20.6  48.0  72.2
 wrfout_d04_2016-11-16_11:00:00 999.0  84.3  87.1 133.4  70.7 100.8  74.6  46.6  61.4  40.2 334.2 124.8 999.0  12.6 346.5 351.5 161.7  21.9 191.6 343.5 221.2  15.6  10.4  24.1 349.8 351.8  17.4 291.7  15.8  47.3  69.9
 wrfout_d04_2016-11-16_12:00:00 999.0  90.3  88.9 127.9  72.2  87.8  75.5  49.3  61.7  40.7 320.1 126.7 999.0   9.8 344.7 356.9 173.5  24.7 211.3 348.7 223.1  14.6  25.8  23.9 354.7 358.9 358.6 290.8  13.7  46.8  67.9
 wrfout_d04_2016-11-16_13:00:00 999.0  88.7  90.5 129.7  72.3  85.0  74.5  52.8  63.9  42.1 338.4 105.4 999.0   9.8 347.4  14.4 164.4  23.7 204.9 344.5 227.8  16.3  22.8  35.3 357.0   4.5  12.0 287.0  10.0  46.7  70.0
 wrfout_d04_2016-11-16_14:00:00 999.0  98.0  88.0 129.3  70.4  86.7  74.4  55.7  64.0  45.3 328.4 328.9 999.0  10.2 342.0  15.5 159.1  22.9 197.3 339.2 231.8  19.6  23.1  42.9 352.8   4.9   7.2 296.4   7.8  49.7  69.4
 wrfout_d04_2016-11-16_15:00:00 999.0 102.3  89.2 130.2  71.7 104.3  75.3  55.7  62.8  47.4 312.7 288.3 999.0   9.4 342.9   9.1 162.0  21.6 191.9 344.2 231.1  18.5  22.1  33.3 359.1   4.0   3.8 354.6   3.2  53.1  70.4
 wrfout_d04_2016-11-16_16:00:00 999.0  96.6  93.4 127.9  74.9 106.2  77.4  54.9  62.1  54.5 316.9 295.4 999.0   6.2 313.7   2.1 150.7  22.1 179.7 354.3 230.9  16.4  27.5  20.6   7.4   8.1   4.3  26.2 359.2  51.2  71.0
 wrfout_d04_2016-11-16_17:00:00 999.0  97.2  93.8 126.5  75.0 116.7  77.0  52.7  60.5  58.8 318.3 313.8 999.0   5.0 213.6 358.9 158.9  20.4 177.2 350.6 230.0  15.2  29.9  34.3   8.2  10.0 357.6   6.7  10.3  46.9  68.9
 wrfout_d04_2016-11-16_18:00:00 999.0  94.3  95.5 123.7  75.8 110.0  76.8  50.3  60.6  59.4 318.4 288.2 999.0   7.1 147.2  18.1 169.6  18.1 181.8 353.3 232.8  11.3  33.5  13.7  15.6  17.8   5.8 351.8   5.8  47.7  67.2
 wrfout_d04_2016-11-16_19:00:00 999.0  96.3  95.1 122.9  75.7 105.1  76.7  49.4  59.2  61.3 314.8 285.0 999.0   5.9 163.3  24.3 171.2  16.6 175.2 350.6 233.6   9.2  35.8  22.2  15.1  20.3   0.9 354.6   7.1  47.3  64.5
 wrfout_d04_2016-11-16_20:00:00 999.0  93.2  95.6 123.2  76.9  97.2  76.5  48.0  58.4  67.0 304.7 295.4 999.0   2.4 216.7  16.2 159.5  16.3 175.8 343.2 234.3   8.0  36.0  19.6  18.9  22.0   9.0 359.4  14.4  47.3  64.1
 wrfout_d04_2016-11-16_21:00:00 999.0  92.8  97.0 122.8  78.3  98.3  76.3  49.2  57.1  64.2 276.2 300.9 999.0 359.5 248.7   2.0 142.7  18.0 176.5 347.9 233.6  10.7  32.9  16.6  15.5  20.1  17.8   2.0   3.8  48.9  61.2
 wrfout_d04_2016-11-16_22:00:00 999.0  92.3  97.6 120.2  78.6  92.6  76.4  52.7  56.7  88.0 290.9 323.7 999.0 356.2 257.6 325.8 145.7  18.0 183.3 355.5 232.0  12.4  32.4  14.2  14.6  17.7   7.8   8.6   6.4  49.1  60.5
 wrfout_d04_2016-11-16_23:00:00 999.0  96.7  98.6 120.2  81.1  93.3  77.9  57.1  58.6  82.3 299.6 312.4 999.0   6.4 258.0 301.6 129.7  17.5 192.0 356.6 234.6  14.3  31.1  19.4  23.9  22.6   5.6 353.6   9.3  48.3  63.9
