 wrfout_d04_2016-01-07_00:00:00 999.0  30.7  55.0  34.3  49.7  48.9  69.1  53.5  80.9  40.9 330.1 271.4 999.0  19.9   2.3  28.0  45.9  18.3 212.8 343.8 247.1  18.3  12.9  22.7 349.0 356.7   8.7 328.0  44.2  26.0  54.0
 wrfout_d04_2016-01-07_01:00:00 999.0  33.4  61.2  57.5  54.0  38.3  72.9  46.8  76.6  42.0 220.6 258.4 999.0  17.7 357.4  31.0 279.4  22.2 216.6 345.2 263.3  12.9  16.5  31.1 358.1 359.3  11.6 335.8  33.3  34.0  53.0
 wrfout_d04_2016-01-07_02:00:00 999.0  33.5  62.3  55.7  55.7  47.6  67.2  46.5  72.3  43.2  26.5 269.4 999.0  11.1 334.2  29.7 251.8  21.0 224.7 308.8 267.7  12.7  11.4  38.0 353.0 353.6  31.0 313.2  36.3  32.3  44.3
 wrfout_d04_2016-01-07_03:00:00 999.0  35.0  64.3  55.5  57.2  45.1  67.3  45.4  75.3  46.0  72.7 265.3 999.0   7.3 261.4  26.7 250.4  17.6 227.8 305.0 268.6  12.3 352.7  40.1 338.0 336.3  51.7 295.8  38.1  33.7  31.6
 wrfout_d04_2016-01-07_04:00:00 999.0  35.2  62.9  47.5  54.3  47.2  70.2  42.9  72.7  47.4  54.8 264.1 999.0   2.8 220.1  32.2 255.1  15.1 230.3 296.7 264.8  10.9 351.2  41.9 334.0 331.3  57.0 291.2  37.6  39.5  30.2
 wrfout_d04_2016-01-07_05:00:00 999.0  33.1  59.1  37.9  49.2  49.0  68.1  40.6  74.4  50.3  58.9 264.0 999.0   4.1 266.3  35.1 249.8  14.8 230.8 323.4 258.0   6.3 348.0  26.5 322.0 322.3  59.0 297.6  46.7  38.5  33.9
 wrfout_d04_2016-01-07_06:00:00 999.0  30.9  59.3  16.4  47.7  47.1  72.2  43.3  75.6  49.2  66.6 288.1 999.0   6.9 322.2  33.4 249.6  13.9 231.6 316.4 252.7   8.7 344.7  24.0 323.0 322.4  52.6 300.4  53.6  37.2  29.0
 wrfout_d04_2016-01-07_07:00:00 999.0  25.8  60.4  15.0  47.5  35.3  74.6  41.7  74.3  43.6  51.4 301.9 999.0   6.2 333.6  36.5 240.7  15.5 234.3 321.3 245.1  11.6 348.3  28.6 327.6 325.8  47.1 307.9  52.0  35.2  34.2
 wrfout_d04_2016-01-07_08:00:00 999.0  31.3  64.3  15.1  50.2  34.6  86.2  40.9  76.4  38.1  44.8 308.1 999.0   8.4 334.9  29.4 227.0  16.0 227.3 327.4 233.4   9.3 350.1  28.8 337.9 340.1  44.6 324.5  51.3  36.0  44.3
 wrfout_d04_2016-01-07_09:00:00 999.0  44.5  65.2  58.8  51.1  39.2  88.2  44.7  82.0  33.2 250.3 266.1 999.0   9.3 342.3  28.5 235.8  14.4 216.0 330.4 200.1  10.6 351.4  24.3 338.7 342.6  34.6 319.8  33.2  40.0  43.3
 wrfout_d04_2016-01-07_10:00:00 999.0  45.6  67.0 308.6  49.3  46.3  84.1  45.3  81.7  30.0 239.6 256.2 999.0   6.3 350.0  19.1 233.4  14.3 209.5 340.2 205.4   9.4 355.8  26.4 344.5 352.4   3.6 332.0  10.1  36.5  26.7
 wrfout_d04_2016-01-07_11:00:00 999.0  44.8  64.0 224.9  49.9  51.3  79.7  42.4  74.3  29.9 251.1 280.3 999.0   8.8   3.2  30.0 153.9  15.0 204.1 352.3 205.9  14.3   0.7  27.4 350.8 355.3 355.6 335.6  14.6  42.6   0.9
 wrfout_d04_2016-01-07_12:00:00 999.0  47.5  65.9 255.6  50.9  64.1  65.9  43.0  61.5  30.3 253.1 272.9 999.0  12.4 360.0  33.9 100.7  16.9 212.0 349.0 206.4  17.8   9.7  17.8 346.8 353.8 355.9 345.7  16.1  43.2  19.6
 wrfout_d04_2016-01-07_13:00:00 999.0  45.8  69.3 350.4  55.0  57.5  86.4  40.6  85.9  26.0 250.0 264.9 999.0  18.0 358.2  11.4  85.9  18.2 224.2 342.8 209.7  16.8  11.0  16.2 354.6 356.0 347.7 348.1  10.1  42.2 358.7
 wrfout_d04_2016-01-07_14:00:00 999.0  43.4  74.2 164.4  52.1  49.4  79.0  43.6  94.4  30.3 250.3 262.3 999.0  11.6   0.5   6.1 123.4  16.0 220.8 349.3 210.1  17.3  17.6  24.1   4.0   0.8   3.0   9.8   2.4  38.6  11.7
 wrfout_d04_2016-01-07_15:00:00 999.0  47.1  68.8 157.1  49.1  50.0 141.0  40.7  87.8  36.7 273.4 275.2 999.0   7.1 354.5   8.0 189.6  17.3 215.4 359.6 212.3  18.3  14.4  26.7 347.1 345.6   4.9   4.7  24.3  34.1   8.5
 wrfout_d04_2016-01-07_16:00:00 999.0  52.0  70.1 195.9  52.4  46.0 129.8  48.6  88.9  29.4 307.2 305.6 999.0  10.2   5.7  11.1 195.0  18.7 223.3 343.5 212.4   8.1  14.8  16.0 333.5 355.1 350.7 346.8   0.8  35.4  31.5
 wrfout_d04_2016-01-07_17:00:00 999.0  44.4  67.8 244.3  52.2  46.5 108.0  49.6  89.8  25.0 268.8 274.8 999.0  19.4   5.2 359.6 170.9  18.0 217.1   0.6 212.9  18.3   6.0   7.9 341.4 346.6 356.7 354.8   8.2  38.3  18.7
 wrfout_d04_2016-01-07_18:00:00 999.0  39.1  64.7 288.4  49.0  36.4 199.7  36.0 106.2  24.3 269.2 268.2 999.0  17.6 357.9 346.5 191.4  18.6 222.0   0.8 213.1   6.2  20.6  12.8 341.5 355.8   6.1 342.9  21.9  29.1 341.9
 wrfout_d04_2016-01-07_19:00:00 999.0  39.3  62.4   6.1  46.7  23.4 249.2  33.0  90.8  34.8 295.0 268.4 999.0  13.8   2.6   6.4 182.4  17.1 221.3 346.0 213.1  13.6  19.6   8.6 342.5 353.4 353.8 358.1   2.7  33.4 345.2
 wrfout_d04_2016-01-07_20:00:00 999.0  30.1  52.3  14.0  41.7   5.4 278.3  37.3   1.0  34.5 318.2 279.9 999.0  15.0   7.0  13.2 163.6  16.3 223.2   8.5 215.5   9.1  25.9  23.4 354.0 358.1 357.4 359.9  12.7  29.0 333.5
 wrfout_d04_2016-01-07_21:00:00 999.0  35.3  49.2  22.5  38.7  17.7 238.3  41.5 204.0  34.7 282.4 280.6 999.0  18.5   9.8   4.8 216.7  18.8 222.5   1.8 214.9   8.5  23.7  13.3 358.3   6.1   5.4   4.6  13.6  26.6 340.3
 wrfout_d04_2016-01-07_22:00:00 999.0  33.0  44.7  44.1  42.2  26.1 272.3  36.0   9.6  38.4 302.5 268.8 999.0  15.4   6.0  13.9 147.0  22.1 224.4 357.9 214.3  14.8  19.3  27.3 354.4   4.3 351.0 352.2 358.2  25.4 327.8
 wrfout_d04_2016-01-07_23:00:00 999.0  26.3  43.8 354.4  41.5  17.0   2.6  26.5 143.5  23.3 273.0 280.0 999.0  16.8   2.0  10.2 130.5  18.8 226.1   0.0 212.3  16.9   8.4  25.8 359.2   4.0 353.0 359.5 355.7  32.1 330.1
