 wrfout_d04_2016-07-20_00:00:00 999.0 211.6 244.9 261.8 258.6 358.6 262.2 228.8 228.9 239.8  83.4 160.3 999.0 201.8 193.1 191.2 318.4 212.5 220.0 205.8 228.9 202.5 197.1 195.9 192.2 197.6 192.2 197.0 157.6 183.1 191.1
 wrfout_d04_2016-07-20_01:00:00 999.0 261.5 244.3 282.4 248.8 221.9 257.2 236.0 245.9 245.0  83.1 150.1 999.0 213.8 209.3 174.6 280.6 215.5 232.5 210.7 289.9 210.8 198.9 192.1 204.4 203.9 196.2 204.6 161.4 187.9 176.4
 wrfout_d04_2016-07-20_02:00:00 999.0 264.3 253.4 287.3 256.3 315.2 260.9 238.9 246.3 248.4  94.0 145.7 999.0 230.7 214.5 168.5 256.6 218.1 237.4 218.8 286.7 214.5 219.0 193.1 226.5 222.6 194.4 218.4 156.6 189.9 191.4
 wrfout_d04_2016-07-20_03:00:00 999.0 261.2 258.5 282.2 265.5  27.5 260.6 240.5 255.0 250.4 100.1 133.0 999.0 235.1 217.4 163.6 247.1 221.2 243.5 224.2 291.0 218.8 228.8 193.1 235.1 232.1 188.4 228.8 159.8 192.6 219.4
 wrfout_d04_2016-07-20_04:00:00 999.0 263.7 258.6 282.5 267.6  51.8 273.3 243.1 261.4 251.9  96.4 136.1 999.0 240.3 225.7 161.0 254.1 221.1 239.4 232.0 292.4 218.4 232.6 190.5 240.5 239.7 184.4 235.7 178.4 196.7 247.2
 wrfout_d04_2016-07-20_05:00:00 999.0 262.9 259.8 284.7 271.6  58.2 273.5 244.4 266.2 253.9 101.3 143.8 999.0 244.1 234.6 161.0 268.0 220.1 235.5 242.3 259.5 217.0 235.1 189.7 245.8 245.4 181.9 240.9 195.0 200.0 260.4
 wrfout_d04_2016-07-20_06:00:00 999.0 259.2 267.0 288.7 280.0  55.4 290.2 248.8 282.1 255.3  91.5 154.5 999.0 238.4 243.0 164.3 237.6 219.6 233.6 251.3 274.8 218.8 239.8 190.1 246.3 246.5 181.2 243.8 209.4 201.3 261.7
 wrfout_d04_2016-07-20_07:00:00 999.0 250.5 251.6 288.1 271.0  58.0 286.5 229.8 269.3 253.2 105.8 162.6 999.0 235.0 245.7 154.0  63.1 223.1 231.4 248.4 269.3 226.4 238.6 188.9 246.7 246.9 183.0 246.6 219.4 201.7 261.8
 wrfout_d04_2016-07-20_08:00:00 999.0 242.4 233.9 265.7 247.6  49.3 225.9 220.9 217.8 240.7 335.9 105.4 999.0 239.4 263.0 148.7  48.9 222.3 229.6 255.2 235.2 226.7 240.9 191.2 247.9 247.5 179.7 248.8 224.2 198.5 261.1
 wrfout_d04_2016-07-20_09:00:00 999.0 238.1 299.2 281.1 285.7 338.8 268.8 221.0 256.2 233.1 131.6 160.7 999.0 228.8 248.5 173.6  82.5 218.5 250.1 262.9 273.3 225.7 232.2 190.5 248.5 247.3 172.7 247.8 221.9 202.5 261.9
 wrfout_d04_2016-07-20_10:00:00 999.0 143.6 213.5 254.7 237.1 282.8 243.3 216.8 244.3 233.4  17.0 170.8 999.0 218.3 220.7 167.1 167.7 206.3  60.7 249.3  57.0 221.4 249.6 200.7 263.2 259.6 161.4 257.5 233.8 200.1 263.9
 wrfout_d04_2016-07-20_11:00:00 999.0 147.3 245.1 273.9 254.8 327.7 250.8 208.1 231.7 234.0  70.2 165.5 999.0 216.0 224.0 193.1 344.4 202.3 187.5 252.6 182.7 211.4 226.6 228.3 239.8 229.5 158.6 265.9 301.1 197.8 263.4
 wrfout_d04_2016-07-20_12:00:00 999.0 162.0 237.0   3.8 255.3 333.4 228.9 199.4 206.2 211.5  42.2 178.6 999.0 203.6 216.8 208.7 208.2 207.3 192.7 230.2 191.8 216.2 225.3 228.1 246.6 234.6 171.3 235.9 320.8 193.5 260.3
 wrfout_d04_2016-07-20_13:00:00 999.0 161.8 204.3 110.7 219.4 108.2 219.5 201.1 199.1 190.5   6.2 175.2 999.0 181.9 210.1 211.0 184.2 205.0 181.4 227.6 195.3 209.1 212.5 223.6 226.4 221.2 188.2 230.8 281.2 178.2 229.5
 wrfout_d04_2016-07-20_14:00:00 999.0 172.9 187.2 134.6 172.9  77.0 245.0 192.9 213.4 185.0  40.0 170.9 999.0 182.6 200.8 222.4 167.3 203.1 193.1 209.3 200.3 207.0 199.8 228.8 227.7 215.1 181.5 218.2 255.4 171.5 206.5
 wrfout_d04_2016-07-20_15:00:00 999.0 185.0 172.0 128.1 110.1  45.7  67.2 185.6 202.1 153.4  12.0 169.4 999.0 186.3 181.2 210.0 140.4 201.7 192.4 193.4 205.4 197.6 185.4 235.8 190.0 189.7 167.8 203.3 285.7 173.7 192.1
 wrfout_d04_2016-07-20_16:00:00 999.0 190.4 160.5 147.0 118.4 276.1 221.9 176.8 206.2 121.2   4.4 171.4 999.0 184.4 177.7 211.5 175.5 197.0 196.4 197.1 211.3 195.0 167.7 250.7 167.4 164.3  72.8 183.4 315.6 173.5 116.4
 wrfout_d04_2016-07-20_17:00:00 999.0 186.1 173.6 144.8 111.8 252.9 258.6 169.8 205.7 135.2   8.2 159.3 999.0 183.1 170.6 215.0 184.5 196.2 187.4 194.2 213.9 190.9 154.5 256.2 138.5 130.4  25.1 172.9 326.8 172.2 126.5
 wrfout_d04_2016-07-20_18:00:00 999.0 181.2 234.8  90.5 294.7 222.6 255.8 181.0 190.8 167.8  18.4 355.6 999.0 186.1 170.3 229.4 163.4 194.6 191.8 189.6 215.8 190.0 151.3 261.2 129.8 118.1  33.7 171.3 310.9 170.1  97.5
 wrfout_d04_2016-07-20_19:00:00 999.0 182.2 248.3  61.7 291.3 232.7 272.5 201.0 120.0 186.8  81.3 337.5 999.0 187.2 172.4 219.6 187.6 193.5 188.5 195.9 216.6 190.5 119.6 259.8 129.5 126.2 346.4 165.3 295.7 170.5  99.7
 wrfout_d04_2016-07-20_20:00:00 999.0 186.1 256.9  40.1 297.6 245.4 168.7 206.6  98.8 198.7 166.7 304.0 999.0 187.1 172.0 220.2 174.9 196.4 186.1 192.0 217.4 188.1 117.1 258.7 119.9 121.5 297.5 164.0 295.6 166.8  92.8
 wrfout_d04_2016-07-20_21:00:00 999.0 201.2 251.3  24.9 290.7 225.2 197.9 209.5 126.0 206.1 196.0 311.2 999.0 189.3 167.1 222.2 166.3 199.1 187.2 188.5 216.6 193.2 115.9 256.3 124.4 119.6 269.3 160.0 285.8 164.7  86.5
 wrfout_d04_2016-07-20_22:00:00 999.0 237.8 246.5 359.7 275.8 210.4 223.3 216.1 123.0 226.6 208.4 335.6 999.0 185.7 160.5 224.6 210.6 203.2 188.2 193.5 218.3 197.5 127.5 249.7 127.7 111.5 247.4 158.4 274.1 162.4 113.3
 wrfout_d04_2016-07-20_23:00:00 999.0 253.1 243.9 259.0 259.6 225.8 274.2 227.6 236.5 238.7 259.1 351.2 999.0 189.2 178.7 213.6 341.1 208.0 216.4 196.6 218.3 201.3 132.2 220.8 136.6 138.9 203.6 171.6 217.9 163.8 130.3
