 wrfout_d04_2016-08-02_00:00:00 999.0 168.8 288.2 214.8 284.6 199.7 300.2 290.2 284.8   0.1 352.4 174.0 999.0  18.8 104.0 189.9 214.5 158.1 218.1  50.1 167.2 158.1 163.1 227.9 156.5 161.9 234.3 146.8  29.5 152.0  95.9
 wrfout_d04_2016-08-02_01:00:00 999.0 176.3 277.1 276.3 273.6 181.4 242.4 296.8 247.0 355.3  91.4 183.0 999.0   0.6 100.5 207.8 215.9 158.7 219.7 187.6 159.8 158.0 179.6 200.8 163.3 173.1 182.1 158.3  65.7 150.7 100.6
 wrfout_d04_2016-08-02_02:00:00 999.0 168.3 285.2 299.0 274.9  79.9 296.3 297.6 338.8 354.8  32.2 178.8 999.0 356.4 164.6 181.6 295.7 158.9 228.8 179.4 159.3 156.5 182.4 194.7 176.4 178.3 174.3 157.2  76.5 154.4 105.8
 wrfout_d04_2016-08-02_03:00:00 999.0 162.3 294.7 305.0 285.5  50.1 331.9 307.4  13.0 334.2  97.3 173.5 999.0 346.7 201.7 176.3 318.5 162.3 231.4 194.6 166.5 174.8 181.1 185.0 195.7 189.6 162.5 162.0  96.6 154.9 108.4
 wrfout_d04_2016-08-02_04:00:00 999.0 174.3 332.6 305.1 102.8  59.0 339.2 330.4  14.1 336.1 106.9 170.1 999.0 331.7 218.3 164.9 266.3 170.0 231.5 192.4 189.3 171.3 180.2 185.7 196.5 189.2 160.9 169.2 111.6 157.4 112.0
 wrfout_d04_2016-08-02_05:00:00 999.0 184.3  20.2 325.9  30.8  39.7  49.2 354.9   7.7 345.3 100.8 167.4 999.0 331.5 208.9 169.9 264.8 175.8 252.4 192.3 181.3 172.3 186.3 184.9 199.0 191.5 165.3 170.9 111.4 162.0 117.1
 wrfout_d04_2016-08-02_06:00:00 999.0 180.7  42.3 332.1  47.3  43.0  56.1 357.2   0.4 350.2 110.3 164.6 999.0 322.0 285.9 167.7 244.6 175.9 256.5 196.3 190.1 170.6 188.8 189.9 201.9 193.6 175.1 175.1 105.7 166.7 123.9
 wrfout_d04_2016-08-02_07:00:00 999.0 171.9  46.5 347.5  48.5  60.9  22.2  28.2 333.1  62.0 114.6 166.7 999.0 333.1 307.8 172.9 162.7 178.2 246.2 207.3 193.2 171.9 187.8 194.4 200.2 192.3 180.8 176.0 131.5 173.0 119.1
 wrfout_d04_2016-08-02_08:00:00 999.0 159.5  54.7 352.7  49.1  49.0 142.5  27.7  97.0 128.2 116.9 169.9 999.0 338.5 312.5 169.4 256.0 180.4 241.1 216.4 186.4 174.5 190.2 200.2 198.8 192.6 185.0 177.7 138.0 177.5 125.9
 wrfout_d04_2016-08-02_09:00:00 999.0 160.8 105.0 163.1 218.4 136.0 227.4 347.2  70.9 131.9  97.3 172.5 999.0   2.9  23.7 179.3 101.4 178.0 234.2 227.0 171.2 174.7 191.7 207.5 201.3 195.5 196.9 177.3 154.6 181.3 127.0
 wrfout_d04_2016-08-02_10:00:00 999.0 172.5  64.3 130.6  44.4 216.7 138.0 216.7 151.6 115.3  53.5 172.0 999.0  44.0  30.5 189.3   6.9 175.3 227.9 240.2 155.6 173.0 187.4 224.7 201.1 193.1 208.7 177.1 191.7 181.9 121.7
 wrfout_d04_2016-08-02_11:00:00 999.0 174.2 174.7 119.3 193.8 236.0 179.4 114.1 163.8 105.9  30.9 183.7 999.0 105.9 312.6 201.8   4.7 172.7 222.3 356.6 158.9 170.4 181.6 244.2 198.9 188.8 207.6 174.6 269.6 182.9 110.9
 wrfout_d04_2016-08-02_12:00:00 999.0 122.2  30.9 173.2  23.3 246.1 325.6 187.4 253.2 291.3 352.7 173.1 999.0  59.4  15.3 212.4 308.4 167.2 208.4  11.9 161.2 163.9 168.3 254.9 188.4 182.4 216.0 168.2 290.2 188.8 110.7
 wrfout_d04_2016-08-02_13:00:00 999.0 145.4 355.0 171.3 352.5 211.1   2.4  66.7 146.9 135.8  28.9 180.5 999.0  46.1  24.5 229.7 167.2 165.4 207.3  32.2 161.5 160.9 166.5 258.5 166.5 177.6 270.0 164.5 277.5 188.6 118.3
 wrfout_d04_2016-08-02_14:00:00 999.0 147.2  38.6 185.4  36.9 190.8 149.2 258.3  91.7 224.2  35.8 171.3 999.0  22.8  66.2 223.8 148.0 158.3 198.8 151.3 172.1 160.0 159.9 264.4 134.5 142.3 294.0 159.8 271.7 185.3 119.9
 wrfout_d04_2016-08-02_15:00:00 999.0 134.5 328.4 244.1 336.3 246.5 267.6 208.0 270.0 132.9 353.6 180.0 999.0   2.9  54.8 234.2  97.4 158.4 193.8 184.7 177.5 158.6 107.6 259.3 149.7 116.2 323.7 156.1 260.1 193.0 109.7
 wrfout_d04_2016-08-02_16:00:00 999.0 139.5 267.2  70.6 303.9 248.3 194.8 168.7 190.7 121.9  17.4 302.4 999.0  54.1  32.3 236.1  14.3 160.7 195.0 180.6 182.4 159.9 113.9 254.2 149.7 131.3 317.9 153.2 264.2 187.4 107.6
 wrfout_d04_2016-08-02_17:00:00 999.0 154.9 246.4 149.5  10.9 226.0 123.2 159.0 205.5  87.5 154.1 348.6 999.0  90.4  89.1 238.2  49.5 158.3 196.5 229.3 183.5 160.2 114.0 257.3 151.9 142.9 317.0 153.2 262.1 177.3 110.1
 wrfout_d04_2016-08-02_18:00:00 999.0 149.5 253.9 123.3 351.3 219.9  69.1 133.5  91.7  95.7 180.7   5.2 999.0 209.8 157.7 243.4  56.0 161.9 196.4 211.4 182.8 162.8 125.6 256.9 153.7 140.8 324.1 152.0 257.9 174.0 114.6
 wrfout_d04_2016-08-02_19:00:00 999.0 153.7 122.4 159.1  23.7 222.8  88.1  90.3 118.7  95.0 266.6 359.6 999.0 268.9 135.6 252.5  38.2 166.6 200.9 190.4 181.8 166.3 130.7 257.4 143.9 133.7 326.1 151.6 254.4 170.3 107.5
 wrfout_d04_2016-08-02_20:00:00 999.0 158.6 287.5 127.5 342.5 213.8 333.4  95.0  55.6  96.2 272.2 358.8 999.0 243.9 253.4 253.7  24.3 172.6 202.5 172.0 179.9 171.0 126.3 258.9 142.6 133.1 327.9 152.9 258.7 162.3  92.0
 wrfout_d04_2016-08-02_21:00:00 999.0 179.8 282.8 109.5 327.4 240.2 262.0 111.9 112.2 100.9  75.2   0.0 999.0 222.5 282.7 250.8  43.1 173.6 197.6 187.9 178.2 172.4 115.1 257.9 137.6 130.1 336.6 153.7 267.4 160.7 100.9
 wrfout_d04_2016-08-02_22:00:00 999.0 204.9 286.8 148.2 317.4 241.5 195.1 130.9 156.8 108.3 130.4   2.1 999.0 187.1 338.0 260.6  52.4 174.7 197.7 257.0 180.1 176.2 119.4 257.6 139.4 133.7 332.3 153.7 273.3 160.3  97.2
 wrfout_d04_2016-08-02_23:00:00 999.0 216.8 288.1 153.4 287.7 235.5 181.2 131.4 201.5 123.0 296.6   8.9 999.0 222.1  28.3 255.0  27.8 179.2 213.1 208.1 178.6 177.3 121.1 239.5 144.7 139.0 324.5 160.1 248.6 166.5 128.5
