 wrfout_d04_2016-02-22_00:00:00 999.0 190.0 152.5 158.0 122.3 172.3 195.0 202.3 191.0 180.7  35.7 158.5 999.0 349.9 324.1 190.1  61.8   9.6 204.2 332.6 218.2  42.0  48.4 318.4   0.3  12.3 319.2   2.8 349.8  74.8  65.7
 wrfout_d04_2016-02-22_01:00:00 999.0 196.7 158.2 161.1 138.3 176.7 313.0 291.9  60.0 281.0  67.4 167.5 999.0 358.5 333.8 202.0 237.6  18.9 209.0   5.8 222.2  60.6  47.1 134.0  22.0  15.0  13.0  20.4  37.0  85.8  75.5
 wrfout_d04_2016-02-22_02:00:00 999.0 192.3 169.3 301.5 154.0 178.1 312.4 320.8 357.2 304.3  72.8 163.7 999.0 349.5 306.9 190.8 231.8  28.0 217.1 339.1 225.1  61.2  45.4 158.6  15.0   6.5 103.5 174.0  68.6  79.2  71.3
 wrfout_d04_2016-02-22_03:00:00 999.0 177.4 197.7 300.3 202.3 242.6 305.1 338.5 293.2 319.2 106.1 168.3 999.0 340.9 210.6 163.6 237.8  38.8 224.1 319.1 235.9  39.9  21.0 191.1  23.0  12.7 153.3 225.4  67.7  87.3  79.0
 wrfout_d04_2016-02-22_04:00:00 999.0 183.8 247.6 309.7 253.3   9.9 320.8 344.4 300.7 322.5  97.3 162.8 999.0 338.4 239.9 179.0 238.3  24.3 224.6 238.7 248.1   3.8 351.4 165.4  39.5  45.3 173.4 235.5  67.5  82.3  80.9
 wrfout_d04_2016-02-22_05:00:00 999.0 211.5 275.2 319.6 274.9   0.6 314.5 346.8 306.4 337.9 103.3 166.4 999.0 351.8 292.4 171.4 240.6   2.8 225.9 253.8 256.9   9.8 333.8 179.0  80.5 264.2 189.6 202.7 109.2 101.1  94.4
 wrfout_d04_2016-02-22_06:00:00 999.0 291.7 296.8 327.3 293.1   2.3 311.5 358.1 318.2 347.4  70.0 171.4 999.0 359.9 331.0 170.0 241.1   0.7 230.9 276.0 260.1  19.9 343.2 176.0 307.9 313.4 165.5 235.3  96.3 116.9 100.6
 wrfout_d04_2016-02-22_07:00:00 999.0 305.9 297.9 326.3 276.6 359.9 311.0   2.8 324.5 331.1  55.5 172.3 999.0   0.9 342.2 171.1 244.5 357.9 231.7 326.9 259.8   2.8 346.1 180.5 327.4 305.3 169.7 265.0 142.7 125.3  97.6
 wrfout_d04_2016-02-22_08:00:00 999.0 311.7 289.9 322.2 290.4 352.0 313.5   5.4 324.8 339.1  14.2 188.1 999.0   3.6 343.2 170.9 227.5   7.8 226.5 346.3 255.0  13.7 345.7 195.9 320.1 308.6 188.1 272.3 303.4 128.3 103.8
 wrfout_d04_2016-02-22_09:00:00 999.0 318.1 297.3 322.3 303.5 334.3 323.8  11.1 334.7 346.2  30.7  46.1 999.0   5.7 339.5 180.7 237.5   8.8 223.9 340.0 249.3   3.5 353.3 207.2 337.0 336.8 190.8 281.8 160.9 137.1 105.0
 wrfout_d04_2016-02-22_10:00:00 999.0 329.0 295.1 318.1 323.0 308.3 316.3   0.9 321.5 358.7 317.0  41.4 999.0  12.8 352.6 187.9 234.8  26.5 211.2 352.0 242.3  14.6   3.8 251.8 346.4 352.5 207.0 319.2 272.7 140.4 103.7
 wrfout_d04_2016-02-22_11:00:00 999.0 327.4 298.9 318.0 321.9 318.4 311.2  19.4 293.1  16.6 317.7  65.5 999.0   9.5 358.5 201.7 264.0  21.2 208.4  13.0 245.2  15.1  17.8 260.1   0.3 357.5 211.1   4.6 313.8 132.8  92.2
 wrfout_d04_2016-02-22_12:00:00 999.0 326.5 296.6 337.1 318.3 320.8 306.4  10.6 339.9 348.5 320.3  92.1 999.0  23.5 333.3 228.1 347.7  30.8 210.1   4.1 247.6  30.4  18.9 263.8   6.3  15.6 233.2  26.2 312.6 134.5  98.1
 wrfout_d04_2016-02-22_13:00:00 999.0 333.0 301.4 323.8 284.6 333.0 301.8   2.1 317.7   7.1 148.1 106.3 999.0  18.7 349.1 269.2 224.7  24.2 213.5 355.2 242.3  29.3  17.7 260.1 356.3 359.1 254.0  26.5 278.1 125.3  97.1
 wrfout_d04_2016-02-22_14:00:00 999.0 340.5 322.4 334.1 337.5 342.4 306.6   1.7 323.3 354.3 215.1  77.2 999.0  19.9 337.2  19.6 266.2  30.0 212.9 359.5 244.7  22.0  17.7 274.1  13.7  18.0 244.5  29.0 291.7 127.8 112.1
 wrfout_d04_2016-02-22_15:00:00 999.0 337.5 334.8 338.7 350.3 326.0 301.8  11.5 324.6  28.5 244.0  44.4 999.0  13.2 351.9  25.1  49.8  27.0 212.1 349.1 242.6  22.3  14.4 258.3 355.2   6.7 253.9  11.4 298.6 128.8 104.6
 wrfout_d04_2016-02-22_16:00:00 999.0 350.5 338.1 333.1 352.9 324.3 293.9  30.5 305.6  36.4 304.6  54.4 999.0  19.6 355.1  34.4 338.3  32.6 216.2   3.2 239.6  24.7   9.9 255.4 340.2 337.9 232.7   8.6 291.0 119.1  88.2
 wrfout_d04_2016-02-22_17:00:00 999.0 356.2 350.0 345.9   2.5 321.9 295.7  20.0 247.9  15.2 317.2  20.2 999.0  21.0 353.3  38.8  21.0  30.6 222.7 354.0 239.0  26.4  15.2 267.5 358.1   3.5 239.3 335.2 294.1 113.1  79.0
 wrfout_d04_2016-02-22_18:00:00 999.0 355.1   7.8 351.9  18.0 328.7 303.0  29.4 280.8  27.6 320.5  37.3 999.0  11.9   2.7  45.3  15.9  33.8 221.7   7.8 232.3  25.1  13.0 275.5 359.7   3.9 318.4   7.2 284.8 111.9  62.7
 wrfout_d04_2016-02-22_19:00:00 999.0   1.3   4.9   5.4  13.9 336.2   4.5  28.1 314.5  40.2 321.7  20.5 999.0  13.5 356.6  40.9 174.6  37.0 204.9   6.1 235.2  21.9  17.6  31.4   2.9  12.4 337.0  12.6 294.4 108.3  68.4
 wrfout_d04_2016-02-22_20:00:00 999.0   7.1  10.0   0.1  16.5 352.2 268.5  28.4 342.0  38.2 320.5   9.0 999.0  11.2 353.0  26.4  14.1  35.4 173.5   8.5 242.3  24.6  17.1  38.9   8.3  10.4 352.8 358.1 298.7 108.0 345.3
 wrfout_d04_2016-02-22_21:00:00 999.0  11.7  21.4 359.5  24.6 344.3 347.7  29.4 348.3  38.9 273.5   8.0 999.0  14.9 347.1  26.8   3.2  29.9 206.2 357.3 247.4  21.9  13.7  27.0 349.5 357.0 349.4 341.8 319.6 102.1  15.8
 wrfout_d04_2016-02-22_22:00:00 999.0  12.9  25.8   6.2  28.9 354.9  22.9  35.0 349.3  38.2 236.9   1.2 999.0  19.3   0.8  23.9 180.3  28.0 197.9 355.8 233.2  19.6  16.1  31.5 354.3 352.7  44.4 359.7 332.0  76.9  48.1
 wrfout_d04_2016-02-22_23:00:00 999.0  12.4  31.8   5.0  32.1   2.0 272.2  32.5 354.6  35.7 134.9   4.4 999.0  20.3 359.9  26.3 184.6  26.4 197.4 349.7 233.8  22.9  10.1  27.3 357.0   4.0  45.4   2.1   6.9  52.1  30.6
