 wrfout_d04_2016-11-20_00:00:00 999.0  17.1  83.4 317.1 137.4 333.7 230.2  42.6 234.7  51.5  51.9  90.4 999.0  12.8   0.6 221.9 248.8  25.6 218.3 351.4 184.5  23.7  21.3 218.9  11.9  10.5   2.4 284.8  44.0  77.6  74.8
 wrfout_d04_2016-11-20_01:00:00 999.0  23.0  75.4 317.7  78.9  13.8 113.0  44.8  59.6  31.3  79.6 158.7 999.0  11.4 349.1 161.0 303.3  24.6 215.1   3.5 200.8  20.1  13.8 178.8   5.6   7.6  89.7 302.7  43.1  90.9  78.7
 wrfout_d04_2016-11-20_02:00:00 999.0  29.2  80.6 229.3  77.7  29.8 117.3  35.2  53.9  41.0  88.5 158.7 999.0   5.5 351.0 141.6 331.4  28.2 233.2   3.5 227.1  23.7   4.7 148.5   3.9   5.2  50.1 295.9  42.2  86.8  81.3
 wrfout_d04_2016-11-20_03:00:00 999.0  45.8  78.6 316.9  67.2  35.2  75.7  35.9  75.3  42.8  83.8 153.6 999.0 359.6 341.3 136.3 299.2  28.1 239.1   0.3 260.2  22.7 358.6 138.0   2.0   1.1  64.4 289.5  60.4  80.4  80.9
 wrfout_d04_2016-11-20_04:00:00 999.0  45.3  75.6  71.4  62.5  40.1  70.3  38.9  66.5  38.1  90.4 113.7 999.0   3.5 343.2 143.9 264.3  29.3 247.5 352.2 277.5  22.7 359.0 168.8   8.1   9.3  87.8 255.2  62.4  73.2  80.8
 wrfout_d04_2016-11-20_05:00:00 999.0  49.7  70.7  62.9  56.9  46.8  68.2  36.8  62.0  24.6  81.8  71.2 999.0   2.1 343.7 154.9 281.7  30.9 259.5 334.3 267.3  22.9 356.5 184.2 310.4 315.2 124.6 246.1  76.0  79.4  81.5
 wrfout_d04_2016-11-20_06:00:00 999.0  53.9  66.0  36.5  50.8  65.6  68.3  37.2  67.3  23.0  63.4  22.2 999.0   4.8 344.8 178.8 275.4  25.2 241.9 317.5 232.1  19.1 352.6 179.0 298.0 303.8 143.3 245.0  73.7  84.1  81.8
 wrfout_d04_2016-11-20_07:00:00 999.0  45.3  72.4  28.5  49.9  46.4  72.3  38.0  70.5  25.0  62.0  69.8 999.0   1.1 341.4 309.4 260.0  27.8 267.6 330.5 219.0  26.5 354.9 183.5 298.7 306.4 162.7 255.1  69.3  90.3  85.4
 wrfout_d04_2016-11-20_08:00:00 999.0  68.6  70.1  61.8  52.7  64.4  68.5  45.0  65.6  29.0  88.4 176.6 999.0 357.9 342.3 305.0 242.2  18.8   0.7 334.2 204.4  19.2 352.8 192.3 301.7 311.9 165.9 251.2  56.7  94.5  85.2
 wrfout_d04_2016-11-20_09:00:00 999.0  76.8  75.1  73.5  54.4  65.4  82.2  48.8  75.7  41.1 336.1 131.6 999.0 355.5 323.3   2.6 221.7  21.7  83.7 331.0 175.8  26.7 353.3 218.7 322.2 313.5 188.7 245.1  37.4 112.8  81.0
 wrfout_d04_2016-11-20_10:00:00 999.0 112.0  80.3 150.2  61.7  74.5  79.7  50.6  72.7  52.0  44.1 101.8 999.0   4.6 349.9 356.6 201.8  21.4 227.2 308.5 188.7  23.2  12.4 260.7 327.5 329.0 235.7 226.7   8.1 113.5  85.4
 wrfout_d04_2016-11-20_11:00:00 999.0 135.7 105.4 130.9  84.8  82.5  79.0  44.3  65.9  50.0  57.3 105.6 999.0   1.2 163.9 311.4 141.3  23.2 218.2 294.2 191.1  15.9  17.7 215.5   3.7   5.6 289.7 208.0 353.7 115.1  87.4
 wrfout_d04_2016-11-20_12:00:00 999.0 125.8 107.2 128.4  90.6  92.8  89.8  44.2  76.5  35.7  33.5 123.2 999.0 340.8 166.7  10.8 172.9  33.4 212.4 300.9 174.7  13.1  37.4 169.5   4.6   1.7 294.6 173.9 347.4 114.3  85.3
 wrfout_d04_2016-11-20_13:00:00 999.0 126.8 106.7 135.7  89.3  93.7  86.0  67.9  86.6  89.8  45.5 106.0 999.0 335.5 195.8  29.8 183.2  13.6 221.4 163.1 179.3  13.0  20.4 304.6  76.7  71.9 357.6 201.2 347.1 112.2  91.4
 wrfout_d04_2016-11-20_14:00:00 999.0 122.8 119.5 128.3  95.5  79.9  73.0  78.6  50.5 122.1 102.5 143.6 999.0  16.6 192.9  22.6 140.7  10.4 197.3 270.5 181.3   7.1  45.9  18.7 338.0 342.2  93.2 209.6 346.4 112.7  84.7
 wrfout_d04_2016-11-20_15:00:00 999.0 102.0 127.4 122.1 100.5  32.5  82.9  68.0  59.9 135.9 122.3 164.7 999.0 330.4 213.4  42.6 222.4   7.8 211.7 231.7 198.5 359.9  71.9 318.7  23.9  20.2   8.5 241.6 339.2 115.1  85.7
 wrfout_d04_2016-11-20_16:00:00 999.0 132.2 140.8 124.6 113.3  24.0  75.2  96.4  41.2 148.6 308.6 170.4 999.0  53.5 182.3 355.3 195.6   4.2 205.6 287.5 195.5   1.2  46.2  18.1   8.0   6.1 314.9 274.2  18.4 103.2  89.0
 wrfout_d04_2016-11-20_17:00:00 999.0 137.1 151.3 126.8 123.4  35.6  90.7 152.1  53.2 158.1 356.3 180.4 999.0 245.5 165.9 351.7 129.6   9.1 217.7 328.9 208.7   0.1   1.8  24.8  10.9   9.6  72.3 302.1 344.2 107.5  85.9
 wrfout_d04_2016-11-20_18:00:00 999.0 128.0 154.4 125.2 124.5 319.3  85.5 193.3  44.4 219.7   6.5 177.5 999.0 257.6 171.1  21.4 142.8   2.1 211.4 348.1 209.8 357.5   2.6  17.9  35.4  32.7 325.9 328.2   4.6 118.2  91.2
 wrfout_d04_2016-11-20_19:00:00 999.0 145.3 165.5 124.2 134.4 240.1  73.9 213.8   2.2 220.0 356.1 148.1 999.0 253.9 146.3 358.3 131.4  10.6 210.2  40.0 212.0   5.3   5.6  60.1   8.5  15.4  61.2  12.7   0.5 119.8  91.1
 wrfout_d04_2016-11-20_20:00:00 999.0 146.5 176.7 125.1 141.9 262.4 120.9 229.3 249.5 237.5 355.8 327.2 999.0 358.3 274.4  10.5 107.8  12.0 223.4   1.1 214.1   5.7  12.5  31.3  22.1  25.1  35.3   6.2 352.9 113.7  88.2
 wrfout_d04_2016-11-20_21:00:00 999.0 152.7 211.7 122.8 203.6 229.9 219.6 297.3 240.3 236.0 355.4 335.8 999.0   4.5 321.2 352.5 333.9  19.2 210.3 342.0 215.1  14.5  32.5  37.0   2.9   9.4  36.3  13.0 344.6 108.2  82.4
 wrfout_d04_2016-11-20_22:00:00 999.0 152.1 209.6 146.9 206.5 234.7 226.7   5.3 214.2 326.7 332.9 346.6 999.0  10.4 358.5 324.1  75.8  25.8 218.7   9.6 222.6  15.8  29.2  22.7  30.9  28.6  33.9  18.9   6.6 103.7  79.0
 wrfout_d04_2016-11-20_23:00:00 999.0 174.0 224.8 133.4 232.0 240.3 236.5   3.2 239.2 355.6 356.9 355.6 999.0  20.2  26.7 337.6 259.0  25.3 216.0  33.3 223.2  21.2  22.9  53.5   8.4 354.4  44.7   8.1  17.7 113.8  79.8
