 wrfout_d04_2016-04-07_00:00:00 999.0 229.7 228.2 209.9 252.6 276.5 283.9 232.1  65.6 240.9  37.1 176.4 999.0 196.8 198.4 177.2 313.0 168.8 219.0 195.0 229.3 163.4 176.2 206.6 167.1 173.6 198.2 157.1 193.8 178.8 148.4
 wrfout_d04_2016-04-07_01:00:00 999.0 204.9 224.8 256.8 242.0  33.4 290.8 236.6  83.5 251.1  72.2 175.1 999.0 201.6 202.7 168.2 315.8 175.4 228.3 193.9 233.9 167.9 178.8 198.5 174.9 179.2 189.2 162.2 162.5 178.9 156.3
 wrfout_d04_2016-04-07_02:00:00 999.0 301.3 225.1 299.1 226.6  41.9 281.5 238.5 173.0 253.1  70.9 172.6 999.0 225.1 204.4 166.7 292.7 184.6 232.5 194.2 241.2 166.7 182.4 195.1 189.1 187.4 187.2 166.4 153.6 179.4 162.4
 wrfout_d04_2016-04-07_03:00:00 999.0 246.5 242.7 295.7 240.4  34.3 245.9 241.0 215.4 252.3  67.8 170.4 999.0 235.8 208.5 166.2 255.5 185.0 234.9 195.9 249.1 168.8 187.7 191.6 201.6 194.1 184.7 170.7 153.7 180.4 169.1
 wrfout_d04_2016-04-07_04:00:00 999.0 193.1 246.1 292.3 255.7  36.7 244.6 243.9 253.2 252.5  85.9 170.1 999.0 234.6 216.2 166.0 246.0 196.1 235.3 198.2 254.7 169.5 193.3 188.1 207.4 198.3 182.4 178.0 157.9 182.1 175.5
 wrfout_d04_2016-04-07_05:00:00 999.0 147.8 247.5 288.4 261.9  43.6 322.8 240.0 266.3 252.2  96.0 170.1 999.0 235.6 232.4 165.5 251.3 199.8 235.4 197.0 255.3 172.9 197.9 186.6 211.2 199.5 181.0 184.6 172.0 184.0 180.7
 wrfout_d04_2016-04-07_06:00:00 999.0 225.8 247.7 289.8 265.9  49.1 272.7 237.1 270.4 250.8  96.5 167.3 999.0 235.6 250.8 166.0 250.8 202.9 235.2 214.0 254.7 177.4 200.6 186.5 212.7 200.6 181.3 188.9 189.6 186.2 186.1
 wrfout_d04_2016-04-07_07:00:00 999.0 220.1 246.5 293.7 265.4  39.9 270.2 233.2 268.3 251.2  92.2 166.7 999.0 233.4 258.9 160.6 254.6 208.1 234.2 226.5 256.1 186.0 202.4 190.6 214.2 203.7 183.8 189.9 203.3 190.9 191.8
 wrfout_d04_2016-04-07_08:00:00 999.0 198.3 244.3 298.5 261.4  28.9 266.4 224.6 268.9 249.7  79.0 168.5 999.0 231.6 257.6 160.5 248.4 204.2 232.8 236.8 255.9 187.8 202.2 197.5 216.9 204.2 183.4 191.2 212.4 194.6 197.2
 wrfout_d04_2016-04-07_09:00:00 999.0 230.6 246.9 312.9 265.9  19.3 269.7 219.3 272.3 246.7  49.9 170.3 999.0 231.1 258.5 168.8 245.0 207.9 231.7 239.0 252.3 194.5 200.0 203.7 214.9 203.2 183.9 190.1 209.9 197.9 200.5
 wrfout_d04_2016-04-07_10:00:00 999.0 211.5 247.9 355.9 277.7  16.1 292.6 218.3 287.3 244.2  53.9 177.0 999.0 224.1 248.6 171.7 247.0 201.2 224.1 237.9 221.9 197.9 198.3 218.3 213.5 201.6 197.9 184.4 203.8 201.1 200.9
 wrfout_d04_2016-04-07_11:00:00 999.0 163.7 234.9  32.1 271.6  19.9  13.3 214.0 272.2 251.7  23.2 186.3 999.0 216.6 235.5 173.3 232.2 194.8 203.3 232.0 203.7 198.7 196.9 235.5 213.0 200.8 196.2 182.3 204.4 203.6 210.7
 wrfout_d04_2016-04-07_12:00:00 999.0 151.9 229.9  86.7 267.0 335.0  68.2 213.3 253.0 235.9  33.5 195.2 999.0 200.6 205.2 171.4 138.7 188.1 193.0 219.0 210.6 196.8 194.0 238.2 213.5 200.9 200.9 185.3 205.5 205.4 221.5
 wrfout_d04_2016-04-07_13:00:00 999.0 169.8 231.0 104.2 264.3 324.9 102.1 211.7 235.7 237.0  13.1 196.8 999.0 198.6 205.8 178.8  76.4 187.2 201.8 220.5 207.1 199.5 191.8 230.7 214.7 200.5 200.9 187.5 210.3 206.9 233.8
 wrfout_d04_2016-04-07_14:00:00 999.0 181.7 234.7  96.2 262.9 348.4  99.1 213.1 112.5 304.7  16.6 247.5 999.0 212.7 199.5 159.6  58.0 188.9 207.7 224.3 202.7 202.5 181.7 220.2 214.0 198.8 197.4 190.2 215.3 207.2 242.1
 wrfout_d04_2016-04-07_15:00:00 999.0 171.8 237.4  86.4 265.0 355.8 200.4 218.9  54.0 297.6  32.2 288.7 999.0 204.8 189.6 177.7 170.4 193.2 209.7 224.8 199.5 206.5 189.3 214.6 212.7 200.6 196.7 190.2 223.9 206.1 250.6
 wrfout_d04_2016-04-07_16:00:00 999.0 177.9 240.8  69.5 269.6 341.7 193.3 218.5  90.4 271.6  13.4   3.0 999.0 191.8 194.0 201.9 178.2 192.2 210.1 218.0 199.6 207.4 190.7 210.3 198.3 190.7 203.0 192.6 249.9 205.6 262.0
 wrfout_d04_2016-04-07_17:00:00 999.0 244.2 246.2  27.2 276.6 329.3 211.2 222.5  77.4 271.5  53.9 342.9 999.0 196.0 176.6 188.4 178.4 187.8 208.9 204.0 201.5 202.8 174.9 121.7 185.6 179.6  16.0 194.8 289.4 205.6 278.9
 wrfout_d04_2016-04-07_18:00:00 999.0 324.1 245.9 351.6 276.2 338.5 248.9 265.1 139.5 283.9  88.3 348.5 999.0 192.7 177.4 218.1 168.5 180.8 209.0 198.9 203.6 192.3 177.4  53.3 176.9 182.1  20.4 198.8 316.6 204.7 295.0
 wrfout_d04_2016-04-07_19:00:00 999.0 328.3 251.1 348.2 285.3 355.6 321.5 314.6  10.7 325.4 162.2  75.8 999.0 195.3 184.9 263.7 155.1 186.4 207.4 196.4 205.3 195.6 181.8  48.7 169.0 177.5  14.0 206.6 322.1 204.2 301.7
 wrfout_d04_2016-04-07_20:00:00 999.0 301.4 249.2 340.4 284.5  19.4 323.9 309.5 355.0 331.1  39.3   1.0 999.0 201.7 189.0 291.4 151.4 195.5 206.7 200.7 208.2 199.1 180.7  46.3 165.8 174.1  12.9 206.5 318.7 204.3 304.9
 wrfout_d04_2016-04-07_21:00:00 999.0 309.0 244.2   3.1 276.6  30.5 314.1  19.7 354.9 336.6  61.9 303.9 999.0 212.5 198.7 312.9 156.7 200.2 205.5 235.8 210.4 199.3 182.3  35.9 192.0 178.6  16.4 205.1 305.0 203.5 306.8
 wrfout_d04_2016-04-07_22:00:00 999.0 326.8 239.6   5.3 267.7  64.1 318.4  10.2  32.1 344.3  46.9 298.2 999.0 217.7 228.1 290.9 147.7 200.3 207.2 291.6 213.3 200.5 191.7  27.1 205.8 186.1  18.0 205.8 296.3 202.4 299.7
 wrfout_d04_2016-04-07_23:00:00 999.0 335.9 234.3 344.0 252.6  42.1 328.5  17.5  90.6 312.2 255.2 350.1 999.0 217.7 241.8 333.3  31.1 206.3 214.8 279.4 220.7 207.1 201.7  53.6 211.2 207.9  42.0 214.6 247.9 201.2 274.7
