 wrfout_d04_2016-11-11_00:00:00 999.0  48.2  67.7  76.6  54.8  62.7  77.5  56.8  71.0  42.9 139.1 257.6 999.0  11.9 266.3  23.5  43.7  16.4 201.9 300.8 224.5  10.9  27.4  46.5  25.9  24.0  24.4  12.7  28.6  32.6  17.1
 wrfout_d04_2016-11-11_01:00:00 999.0  46.3  71.1  82.8  59.0  68.4  78.5  55.9  73.1  45.9  33.8 268.7 999.0  12.7  19.4   9.7 205.4  13.8 225.9 325.4 254.9  16.6  12.1  21.7   4.5   4.3  29.7   2.0  38.8  34.3  65.1
 wrfout_d04_2016-11-11_02:00:00 999.0  53.7  74.5  93.2  63.8  68.8  79.3  55.6  70.0  46.3  70.5 276.5 999.0  20.8  38.3  11.2 328.8  13.6 242.5 349.6 254.3  18.0   9.2  52.5   8.4  11.5  54.3 345.3  35.9  26.6  54.7
 wrfout_d04_2016-11-11_03:00:00 999.0  59.9  78.5 110.4  68.6  64.5  79.0  58.6  68.9  47.2  71.5 342.9 999.0  19.3 299.4  19.6  87.8   9.6 227.2 350.0 246.0   8.6   6.1  35.2   4.2   7.4  46.9 345.3  31.9  36.7  47.2
 wrfout_d04_2016-11-11_04:00:00 999.0  66.5  77.8 116.9  67.1  70.0  80.8  60.0  76.1  47.7  67.6  34.4 999.0 358.6 123.7  28.8 320.3  15.1 229.3 308.9 245.5   9.9 357.9  27.1   5.3 356.8  38.5 348.7  40.1  41.7  54.2
 wrfout_d04_2016-11-11_05:00:00 999.0  69.1  81.2 111.5  71.1  68.9  77.0  63.4  72.1  49.4  59.6  51.3 999.0 345.1 201.0  23.7 252.0  17.9 230.2 302.9 245.4  13.4   3.6  31.3 354.0 357.0  48.4 333.7  39.2  37.2  50.7
 wrfout_d04_2016-11-11_06:00:00 999.0  72.1  81.2 111.4  68.4  73.4  77.1  61.5  73.0  53.3  78.4  48.1 999.0 358.9 202.6  19.8 225.9  19.8 238.0 336.0 253.7  22.2   5.4  35.2   3.9   2.3  47.5 291.3  36.0  39.7  55.9
 wrfout_d04_2016-11-11_07:00:00 999.0  74.3  83.6 119.2  69.9  80.0  79.4  60.1  78.6  48.3  67.9 100.1 999.0 346.8 181.1   9.8 212.0  14.9 224.6 353.3 264.5  17.1   7.1  31.4   2.8   4.7  43.9 284.3  39.4  46.6  54.8
 wrfout_d04_2016-11-11_08:00:00 999.0  72.6  85.9 124.9  70.7  88.7  84.4  60.0  75.3  45.6  86.8 214.5 999.0   3.7 184.6   3.6 293.2  25.1 221.7   7.6 256.0  17.6   3.8  20.8   9.2 350.5  34.8 298.0  39.6  44.9  57.1
 wrfout_d04_2016-11-11_09:00:00 999.0  80.0  89.3 131.2  72.7  96.1  82.3  62.6  69.2  63.2 293.3 232.7 999.0  23.4 216.0   4.5   3.2  26.1 223.1  14.0 250.3  27.2   0.0  11.6 358.4 337.3  26.1 301.1  29.8  48.5  60.8
 wrfout_d04_2016-11-11_10:00:00 999.0  83.9  93.4 132.9  76.7 101.0  81.0  67.0  67.9  80.1 283.7 227.3 999.0  10.7 208.0   2.3 116.1  16.7 201.5 310.4 249.1  27.3  28.9   7.5 349.3 340.8   2.3 309.6  19.1  35.8  59.5
 wrfout_d04_2016-11-11_11:00:00 999.0  88.6  97.7 125.8  80.3  95.3  77.9  73.4  73.3  79.5 295.5 241.4 999.0  27.1 226.5  23.8 272.6  18.9 207.5 340.6 251.3  18.5  51.9  36.0   1.3 346.9   1.1   8.2  22.6  47.0  60.9
 wrfout_d04_2016-11-11_12:00:00 999.0  88.4  99.3 130.1  81.8  92.0  83.3  86.6  69.2 119.6 264.8 271.6 999.0  14.0 154.5 358.4  74.4  14.9 194.4  15.0 253.3   1.0  50.5  56.4  24.4  18.4  14.9  15.9  34.9  59.5  64.6
 wrfout_d04_2016-11-11_13:00:00 999.0  88.1  99.5 124.2  82.2  82.7  85.8  98.2  76.2 110.2 288.9 269.1 999.0  36.2 156.1 304.6 176.3  14.3 204.6 357.5 256.4 358.0  48.4  57.2  32.3  27.6  43.1   5.5  21.9  56.0  65.2
 wrfout_d04_2016-11-11_14:00:00 999.0  92.7 101.7 126.0  84.3  84.4  83.6 106.9  64.7  91.5 290.3 234.8 999.0 291.6 161.9 279.8 136.8  21.1 197.6 345.7 258.3 355.4  50.6  46.0   5.1 356.6  40.7   6.7  15.9  56.7  58.8
 wrfout_d04_2016-11-11_15:00:00 999.0  90.4 109.4 123.1  89.8  80.0  86.0 108.5  71.5 115.8 301.7 247.4 999.0 160.3 177.4 266.4 226.2  24.6 198.7 344.4 256.3 357.3  64.9  25.2  64.8  46.0  29.1  12.4  12.8  67.5  58.3
 wrfout_d04_2016-11-11_16:00:00 999.0  96.9 114.5 124.9  93.0  68.4  87.8 110.0  67.3 122.3 310.3 290.7 999.0 181.0 120.0 302.4 255.7  31.6 192.4  57.0 257.8  10.2  63.6  34.6  32.4  30.9  19.8  17.6  11.7  65.0  55.7
 wrfout_d04_2016-11-11_17:00:00 999.0 105.5 117.0 124.8  94.8  76.5  88.4 124.5  67.4 118.4 311.0 327.0 999.0 165.6 153.7 308.3 273.1  36.8 200.6  72.7 263.1  13.0  69.9   5.3  60.1  49.1   9.5  10.0   3.5  61.1  59.4
 wrfout_d04_2016-11-11_18:00:00 999.0 113.7 122.6 123.8  95.3  66.5  84.3 115.8  59.9 196.7 302.0  17.4 999.0 195.9 165.1  30.2 221.9  31.3 195.3  78.3 272.9   5.5  52.0  20.3  59.3  53.4   1.2   9.3   6.7  61.0  59.3
 wrfout_d04_2016-11-11_19:00:00 999.0 118.7 122.8 123.2  97.5  77.5  78.8 124.4  47.3 122.5 325.2 129.8 999.0 180.0  13.1 357.6 308.7  29.3 145.4  82.5 284.7  13.9  44.4  33.0  30.3  37.4   4.1  20.0  12.3  53.3  63.2
 wrfout_d04_2016-11-11_20:00:00 999.0 113.3 127.3 119.8 101.0 350.8  81.9 153.2  67.6  91.1 313.9 129.7 999.0 160.1  82.9 325.1 210.2  32.1 179.6  63.3 291.7   7.4  35.2   8.4  27.5  32.1   2.8  28.2   6.9  55.6  62.5
 wrfout_d04_2016-11-11_21:00:00 999.0 113.4 127.4 122.9  97.0  70.3  71.4 165.8  43.8  77.0 315.4 293.5 999.0 170.6 126.2 316.8 268.3  40.2 144.3 107.5 301.2  15.8  48.8 358.8  44.6  48.2 359.3  15.9   8.4  60.1  59.9
 wrfout_d04_2016-11-11_22:00:00 999.0 118.8 136.7 125.4 105.4  26.0  82.5 156.1  59.5  43.5 329.3 325.3 999.0 296.7 147.8 315.8  42.5  28.4 170.0  53.7 299.3  19.4  54.7   9.0  23.8  35.0 359.9   9.5 356.8  59.2  58.7
 wrfout_d04_2016-11-11_23:00:00 999.0 128.6 150.3 128.1 120.8 283.9  89.1 163.1  88.8  29.2 330.2 160.2 999.0 219.8 157.2 290.6  36.1  15.9 177.7  62.4 307.1  21.6  40.7  21.8  28.5  38.5 350.9   8.8 357.6  51.2  60.7
