 wrfout_d04_2016-05-15_00:00:00 999.0 152.2 213.6 212.2 214.9 216.5 242.9 232.4 227.1 246.2  75.3 164.3 999.0 218.0 210.0 207.1 261.9 341.6 236.8 319.7 247.1 333.7  41.3 202.6   3.0 340.1 134.3 302.7  43.8  88.8  84.9
 wrfout_d04_2016-05-15_01:00:00 999.0 162.5 213.4 231.3 214.4 232.5 223.6 241.8 216.7 254.1  57.5 167.8 999.0 275.4 237.0 245.7 264.9 345.4 283.3 315.2 327.8 352.8 357.8 175.2 352.4 346.0 137.8 261.1  65.7  88.4  85.0
 wrfout_d04_2016-05-15_02:00:00 999.0 165.2 216.0 290.7 210.2 230.8 215.4 247.9 234.9 263.9  95.1 165.5 999.0 285.1 259.6 199.8 261.3 344.2 324.0 305.0 305.0 349.8 332.6 157.8 346.8 326.9 135.1 247.0  72.9  95.1  86.8
 wrfout_d04_2016-05-15_03:00:00 999.0 163.0 231.3 297.1 229.1 296.1 208.2 256.7 261.7 268.0 108.4 165.8 999.0 290.8 278.4 203.1 260.7 338.6 261.1 303.7 315.4 345.9 330.8 159.1 357.2 296.4 137.3 251.8  78.5  90.1  86.3
 wrfout_d04_2016-05-15_04:00:00 999.0 158.5 250.8 300.8 257.8   7.5 334.9 270.9 285.0 279.5 110.8 172.2 999.0 297.5 280.8 174.4 262.4 333.4 273.6 293.6 288.1 339.2 326.9 164.9 307.1 272.5 141.5 252.6  91.6  92.8  87.8
 wrfout_d04_2016-05-15_05:00:00 999.0 158.9 280.2 302.8 275.1   4.2 332.2 282.2 302.2 287.7 114.0 173.9 999.0 294.3 287.3 166.1 270.7 324.5 326.6 289.2 321.4 330.6 327.0 168.6 295.7 271.9 151.9 250.4 102.0  99.8  91.7
 wrfout_d04_2016-05-15_06:00:00 999.0 163.3 269.3 303.7 273.5   0.3 319.6 281.1 311.6 292.1 120.1 172.9 999.0 308.5 294.0 201.9 251.4 316.1 239.1 287.5 311.4 313.0 320.3 163.6 296.0 276.4 156.0 253.1 110.9 101.5  94.0
 wrfout_d04_2016-05-15_07:00:00 999.0 163.0 257.4 302.0 260.4   6.2  44.7 262.5 325.2 279.1 212.2 169.1 999.0 315.0 292.9 195.3 283.9 317.3 252.8 301.9  48.6 317.8 321.1 166.3 301.5 276.0 151.3 254.8 112.1 107.2  99.1
 wrfout_d04_2016-05-15_08:00:00 999.0 168.9 244.1 306.3 217.3  24.7  39.1 255.8 337.7 274.9 219.9 150.4 999.0 330.1 310.6 179.6 295.6 313.4 233.6 312.6 266.8 318.0 327.4 193.8 298.0 274.1 149.1 258.9  95.4  98.2 102.6
 wrfout_d04_2016-05-15_09:00:00 999.0 178.0 268.2 304.6 264.0  17.6 338.0 242.2 352.4 271.4 193.4 203.7 999.0 337.3 328.4 200.5 319.6 321.7 201.2 317.4 293.8 339.2 333.1 249.7 307.5 286.3 195.7 263.7  69.6 118.8  91.4
 wrfout_d04_2016-05-15_10:00:00 999.0 183.2 260.9 341.5 303.2  56.4 329.6 238.4 311.7 262.6  83.0 152.9 999.0 339.2 328.8 220.6 340.2 323.8  70.1 330.3  71.1  23.5 352.4 240.1 341.7 312.5 295.1 262.8  38.1 101.8  81.9
 wrfout_d04_2016-05-15_11:00:00 999.0 186.1 240.0  45.8 276.6  45.6 337.4 218.6 325.1 246.5  44.7 183.7 999.0 303.1 313.8 228.9 192.0 339.2  89.4 346.2 118.4  46.9  15.6 240.3  11.8 355.3 306.1 274.0   0.4  95.5  76.5
 wrfout_d04_2016-05-15_12:00:00 999.0 181.1 241.4  72.9 272.1  27.2 327.6 213.9 113.7 224.8  18.7 253.9 999.0 240.0 285.5 249.1 209.1  82.0 177.0 338.1 201.4  57.6  29.3 256.3 350.9 352.1 274.7 262.8 316.1  97.9  77.7
 wrfout_d04_2016-05-15_13:00:00 999.0 175.8 231.5 115.4 258.6 121.3 146.1 190.3 162.1 155.0 271.4 267.7 999.0 228.9 184.7 266.9  61.1  90.6 191.0 350.9 228.9  45.4 326.9 265.0 330.4 329.1 239.2 267.8 315.7 111.3  76.9
 wrfout_d04_2016-05-15_14:00:00 999.0 169.6 219.3 126.6 244.8 185.8 119.5 199.3 115.9 129.2 256.5 270.5 999.0 230.4 166.9 240.2  23.7 265.9 204.7 346.8 241.1 334.6  43.5 275.6 337.1 333.9 331.4 272.5 305.0 127.2  79.4
 wrfout_d04_2016-05-15_15:00:00 999.0 179.3 232.1 120.9 266.0 195.4  69.2 227.6  84.5  71.9 301.8 281.5 999.0 241.1 188.1 246.5 211.5 265.8 231.1 343.9 243.8 280.9  38.7 274.9  42.0  35.4 336.0 288.7 309.3 132.2  84.4
 wrfout_d04_2016-05-15_16:00:00 999.0 189.3 253.8  72.3 277.6 212.1   2.1 276.0 136.5 345.3  96.8 288.7 999.0 233.5 241.9 246.9 198.0 215.5 223.8 337.0 253.4 181.5  98.1 275.1  38.0  36.7 319.5 323.5 318.3 127.5  87.6
 wrfout_d04_2016-05-15_17:00:00 999.0 200.1 265.1  38.3 290.5 235.9 249.2 187.4 188.4 147.9 127.9 314.4 999.0 293.8 273.9 248.5 188.1 148.1 236.2 356.3 255.0 169.5  74.7 280.4  56.4  33.5  24.6  43.2 301.3 121.0  81.6
 wrfout_d04_2016-05-15_18:00:00 999.0 191.7 256.4  80.8 280.1 246.9 276.5 228.6 205.1 144.3 177.1 287.0 999.0 338.5 341.7 217.4 128.8 147.8 102.0  15.7 244.3 121.2  65.9 286.3  58.2  50.6  14.9  51.5 297.8 117.8  91.3
 wrfout_d04_2016-05-15_19:00:00 999.0 256.1 263.8 299.4 274.8 233.9 265.8 222.5 235.6  88.2 168.2 170.4 999.0 347.7  42.0 250.7  76.3 151.5 126.3  39.4 188.6 112.5  77.9 264.6  61.7  58.1 347.4  63.7 313.9 123.0  84.1
 wrfout_d04_2016-05-15_20:00:00 999.0 352.4 271.8 300.3 276.4 211.4 289.5 274.0 235.7  89.0 171.3 305.6 999.0 355.7  36.4 142.5  14.3 337.6 171.4  17.9 199.5  82.9  76.6 251.4  52.4  48.4 314.7  53.4 303.2 137.6  83.8
 wrfout_d04_2016-05-15_21:00:00 999.0  19.3 288.6 330.6 299.6 354.0 305.0 319.0 303.6 313.9 116.0 259.8 999.0   5.0  79.4 193.0  30.6 315.5 155.6  22.2 180.6  18.4  65.8 256.7  48.3  39.2 304.5  44.8 294.4 139.9  96.6
 wrfout_d04_2016-05-15_22:00:00 999.0  32.3 324.7 355.9 327.5 343.6 334.3 347.5  22.8 332.6 226.8 236.4 999.0   6.4  12.5 260.5  25.8 307.5 202.7  20.2 173.3 342.5  53.3 265.5  35.8  38.0 339.3  56.6 300.4 145.2  95.8
 wrfout_d04_2016-05-15_23:00:00 999.0  32.9  58.8  31.6  57.7  49.8  71.8  14.0  34.3 327.7  82.1  57.7 999.0   1.3 347.8 180.7   8.6 308.0 231.3 320.4 172.3 328.6  45.8 232.0  68.7  68.9 254.0  23.7 270.8 149.9 118.4
