 wrfout_d04_2016-10-27_00:00:00 999.0 124.8 108.4 328.6 126.0  26.1 346.7   7.2 216.0  23.7  62.3 147.1 999.0  10.9 339.4 209.5 218.0 359.2 275.9 346.5 143.5 359.7  38.5 152.8  28.2  23.6  28.7 261.5  46.2  61.5  77.7
 wrfout_d04_2016-10-27_01:00:00 999.0 125.1 110.9 303.0 131.1  48.6 127.8 358.7  11.1 349.2  73.4 152.6 999.0 349.2 327.7 166.8 266.1   1.7  15.6 338.0 124.2 351.6  23.4 116.0 355.1 347.8  90.6 280.0  66.6  66.5  79.4
 wrfout_d04_2016-10-27_02:00:00 999.0 125.8 122.6 310.6 134.1 103.9  92.5 353.9  58.4 316.3  88.2 155.3 999.0 344.8 318.6 159.9 268.6 359.4  18.0 337.6  92.9 353.6 338.3 126.7 349.4 345.6  93.3 281.4  71.9  66.0  73.3
 wrfout_d04_2016-10-27_03:00:00 999.0 126.1 120.9 311.5 127.0 124.6  95.5 344.1 353.0 316.9  94.4 156.8 999.0 343.4 311.2 156.9 255.7 359.5  31.0 339.5  23.8   5.2 332.7 119.4 344.0 330.8 103.7 282.2  77.6  63.5  71.2
 wrfout_d04_2016-10-27_04:00:00 999.0 117.8 118.9 303.8 134.6 130.6 101.8 327.7  45.7 311.1  92.6 158.0 999.0 341.4 323.6 153.9 270.1 358.3  32.3 334.4 353.4  12.9 328.1 126.1 334.1 319.2 105.0 276.1  81.8  64.5  70.7
 wrfout_d04_2016-10-27_05:00:00 999.0 115.2 133.2 296.2 149.0 134.9 103.3 309.4  80.9 306.6  91.5 157.8 999.0 342.6 328.6 151.8 269.9 356.5  34.3 331.6 345.2  14.2 324.5 133.0 325.4 315.0 110.8 272.2  86.9  68.5  71.5
 wrfout_d04_2016-10-27_06:00:00 999.0 114.7 145.0 287.9 152.1 137.2 104.9 293.2  88.1 300.7  90.5 158.3 999.0 345.6 331.0 149.0 259.0 356.5  30.7 332.8 344.6   9.2 331.2 137.5 325.3 317.6 113.2 270.9  86.8  68.5  72.8
 wrfout_d04_2016-10-27_07:00:00 999.0 119.2 154.3 280.0 153.0 140.0  96.0 275.6 312.5 298.3  93.6 158.9 999.0 350.3 332.0 155.7 254.8 356.6  43.7 336.0   7.3   4.3 335.4 141.5 327.4 322.4 114.0 276.7  83.7  67.2  75.2
 wrfout_d04_2016-10-27_08:00:00 999.0 125.8 159.0 277.0 156.8 135.6  71.0 258.0 273.2 298.4  80.8 156.5 999.0 353.4 335.2 160.9 245.4   0.6  51.5 337.9  83.7   8.2 339.7 144.6 330.0 326.6 112.1 285.9  76.0  67.5  76.8
 wrfout_d04_2016-10-27_09:00:00 999.0 131.1 167.1 306.7 196.0 119.5 309.4 261.9 268.4 293.7  79.5 156.4 999.0 356.9 340.4 170.6 238.5   4.1  62.5 338.1 143.5  10.7 344.2 170.7 328.7 324.8 109.4 296.3  68.2  68.4  74.6
 wrfout_d04_2016-10-27_10:00:00 999.0 135.1 159.2 345.2   7.8 147.2 304.9 261.3 254.0 302.5  85.6 154.8 999.0   1.5 353.7 177.8 154.1  11.3 125.6 337.1 155.6  10.7 349.5 143.2 332.2 332.7 102.3 303.4  41.9  68.0  70.0
 wrfout_d04_2016-10-27_11:00:00 999.0 138.0 209.1 342.7 203.7 160.9 297.1 261.3 248.7 257.9 114.8 154.0 999.0   6.2 356.9 190.1 149.0  19.7 177.1 344.1 159.0   9.0 356.1 124.6 337.5 341.5  90.3 307.6  33.6  64.1  73.8
 wrfout_d04_2016-10-27_12:00:00 999.0 139.9 194.7  12.8 166.2 157.5 309.9 229.4 256.0 228.3 114.4 158.3 999.0   9.4 354.4 194.7 250.4  25.2 172.6 348.8 157.2   9.2   1.8  99.0 339.5 341.2  54.9 309.6  22.7  63.8  76.3
 wrfout_d04_2016-10-27_13:00:00 999.0 141.0 165.1   7.0 108.5 299.4 279.3 206.5 234.8 188.6 117.9 156.8 999.0   7.4 351.5 199.7  65.6  28.8 148.7 344.4 152.8  13.1  14.5  15.1 347.1 351.6  41.4 312.8  18.8  62.5  77.5
 wrfout_d04_2016-10-27_14:00:00 999.0 143.4 146.7 321.5 106.7 312.3 256.1 207.3 223.9 154.5  84.6 158.1 999.0   4.3 342.8 219.8  68.6  31.5 171.8 347.7 150.4  21.9  27.2  64.9 353.3   1.0  59.2 346.1  19.9  61.1  77.9
 wrfout_d04_2016-10-27_15:00:00 999.0 142.3 147.4 327.7 110.7 299.0 245.1 214.2 227.2 149.2  46.0 153.7 999.0   3.2 172.1 235.8 106.5  33.9 122.8 350.7 150.0  29.8  25.4 250.9  10.6   8.0  59.1 356.4  15.1  59.8  77.1
 wrfout_d04_2016-10-27_16:00:00 999.0 141.2 150.6 317.6 114.1 274.4 242.6 225.6 226.4 218.3  18.1 149.5 999.0   4.1 143.7 254.7 158.9  34.2 124.1 344.4 153.2  35.2  35.1 297.1  27.2  18.4  56.8 340.1  12.8  58.1  76.1
 wrfout_d04_2016-10-27_17:00:00 999.0 142.4 153.5 309.6 118.9 284.4 249.5 225.6 208.0 217.5   5.9 143.5 999.0   1.9 130.4 225.1 128.1  35.9 102.7 350.5 155.2  35.9  43.1 316.6   9.1 351.4  55.9 334.3  13.7  58.0  75.7
 wrfout_d04_2016-10-27_18:00:00 999.0 144.7 154.8 309.3 118.8 300.7 244.4 211.9 232.8 222.8   5.2 127.2 999.0 356.8  96.9 223.9 157.8  30.9 101.6 354.8 153.6  34.2  42.9 327.1  32.1  26.8  32.6 325.0   8.8  57.4  72.6
 wrfout_d04_2016-10-27_19:00:00 999.0 148.7 153.1 318.2 115.8 200.1 230.1 187.6 245.4 194.4  12.5 102.7 999.0   1.3  40.6 231.9 136.2  25.1 102.6 350.6 154.6  31.5  43.0 334.4  30.1 352.0   6.3 329.4   4.9  55.6  70.0
 wrfout_d04_2016-10-27_20:00:00 999.0 151.6 151.9 317.3 114.3 175.9 232.4 157.0 250.7 134.4   6.9  97.5 999.0   1.2 341.6 237.3 116.7  22.0 115.3 353.0 155.8  25.0  42.0 336.8  15.0 307.2 351.6 325.2   2.8  51.0  69.2
 wrfout_d04_2016-10-27_21:00:00 999.0 153.2 155.0 309.0 109.2 147.6 238.2 164.9 250.7 127.4   1.7 100.9 999.0  17.3 328.4 242.2 144.5  27.3 124.7 352.4 157.1  22.4  42.7 333.6  14.9 340.6 341.6 222.2   2.0  65.8  70.2
 wrfout_d04_2016-10-27_22:00:00 999.0 155.7 157.9 260.3  88.3 146.2 235.7 192.9 254.1 129.9 355.6 112.9 999.0  24.2 350.5 243.5 151.6  21.6 149.8 347.9 157.7  23.2  38.3 336.3  33.3  52.5 330.7 253.4 359.4  52.9  72.4
 wrfout_d04_2016-10-27_23:00:00 999.0 157.1 169.1 292.8 150.6 218.8 224.3 112.5 250.8 132.6   5.7  98.0 999.0  18.5 355.8 234.7 263.9  17.9 138.6 359.5 157.0  15.1  31.7  34.4 359.3  24.0 332.8 282.1  12.2  76.4  77.1
