 wrfout_d04_2016-02-09_00:00:00 999.0 102.7  99.9 138.0  71.0  51.2  71.4 162.2  31.8 143.6 324.3 351.0 999.0  22.6 336.2 238.6 223.4  13.2 217.8 335.5 158.0  13.1  34.9   6.3  25.4  25.1 348.5   0.9  16.8  62.6  67.5
 wrfout_d04_2016-02-09_01:00:00 999.0 106.1 106.1 133.0  85.1  92.2  87.7 191.3 201.3 254.6   7.1 156.0 999.0 358.7 353.9 227.5 235.9  17.0 243.4 353.4 295.7  14.3  23.8  20.3   0.6   7.2   5.6 355.2  30.4  69.0  72.0
 wrfout_d04_2016-02-09_02:00:00 999.0  91.3 103.9 127.3  91.1 110.3  89.8 277.0 206.0 292.2  78.4 159.5 999.0 353.2 347.7 202.1 232.0  14.6 268.0 348.7 297.4  16.2  19.1  68.8 354.9 359.3  47.2 342.3  46.3  66.2  71.6
 wrfout_d04_2016-02-09_03:00:00 999.0  96.3 101.6 126.8  94.5 113.7  95.3 272.4 188.0 272.3  96.1 154.4 999.0 348.5 342.1 144.9 236.0  15.0 294.9 347.0 296.6  17.0   8.4  89.8 350.9 352.1  67.1 323.6  51.3  68.0  72.3
 wrfout_d04_2016-02-09_04:00:00 999.0  98.9 101.4 125.2  96.8 114.1  92.8 276.2  71.2 271.8 113.0 149.3 999.0 351.1 317.3 149.5 239.0  15.0 295.1 336.4 297.9  15.8 354.4  89.9 348.8 340.1  72.5 291.8  55.9  71.9  73.1
 wrfout_d04_2016-02-09_05:00:00 999.0 110.1 102.1 122.8  98.7 114.9 100.0 278.9  81.7 282.8 110.6 146.2 999.0 352.2 331.9 154.1 244.3  14.4 305.3 332.6 302.1  14.4 349.7  81.1 335.0 329.9  78.0 279.5  57.4  71.4  74.0
 wrfout_d04_2016-02-09_06:00:00 999.0 106.5 105.2 123.1 101.5 118.5 106.0 271.9  92.0 305.0 111.0 146.9 999.0 350.5 319.1 158.5 247.8  15.9 353.0 329.3 303.6  12.7 347.5  79.4 329.5 318.5  70.1 277.0  57.7  70.3  75.1
 wrfout_d04_2016-02-09_07:00:00 999.0 104.6 108.0 123.4 102.7 120.3 107.4 257.1  95.6 310.0 114.7 154.4 999.0 346.5 311.5 159.1 252.6  16.0  26.9 326.5 297.9   9.9 348.6  85.2 328.7 320.8  68.8 280.1  56.0  70.7  76.0
 wrfout_d04_2016-02-09_08:00:00 999.0 102.7 110.4 126.7 101.9 119.5 103.5 234.7  90.9 287.3 120.4 160.3 999.0 347.6 309.6 164.0 246.8  19.1  41.7 325.3 307.0  13.2 350.4  45.4 329.9 319.5  62.8 292.2  51.6  69.7  79.1
 wrfout_d04_2016-02-09_09:00:00 999.0 108.9 111.6 124.6  95.2 111.8  91.5 217.2  83.5 253.0 126.3 166.6 999.0 347.7 314.8 172.0 232.7  23.9  59.3 329.9 159.2  19.6 350.6 342.3 336.1 328.3  48.3 302.8  45.0  67.9  79.3
 wrfout_d04_2016-02-09_10:00:00 999.0 118.3 114.9 121.0  93.0  99.2  83.7 205.5  77.9 206.7 143.2 177.3 999.0 354.1 317.6 199.6 205.9  27.9 182.3 337.0 177.5  25.5 356.5 332.7 342.2 348.5  18.8 315.5  17.2  66.3  78.5
 wrfout_d04_2016-02-09_11:00:00 999.0 130.0 116.8 121.0  93.4  93.6  79.2 187.4  66.0 174.6 140.6 163.2 999.0 357.5 340.4 245.8 166.9  32.4 208.6 349.8 173.9  30.9  13.3 324.8 351.1 357.7 358.5 323.0 349.3  66.8  81.2
 wrfout_d04_2016-02-09_12:00:00 999.0 129.7 117.0 120.6  92.0  87.9  76.4 179.6  61.7 160.5 149.7 158.6 999.0 356.9 355.9 235.3 137.3  32.9 216.8 352.0 172.8  26.7  26.7 321.1   6.3  12.0 336.6 356.4 352.8  65.5  86.8
 wrfout_d04_2016-02-09_13:00:00 999.0 127.5 117.3 121.1  90.9  84.2  73.8 160.4  55.5 129.1 148.2 157.4 999.0 353.8 358.3 227.3 128.1  26.0 212.1   9.4 180.2   9.8  18.8 332.0 356.6 348.4 346.3 311.3 351.2  68.5  85.5
 wrfout_d04_2016-02-09_14:00:00 999.0 126.1 118.7 121.1  91.9  80.0  70.4 153.4  51.9 115.1 152.5 163.2 999.0   0.0  26.1 228.3 122.3  30.1 205.8   2.4 179.4  15.4  22.8 338.7 332.8 342.8 346.6 314.0 350.4  73.5  82.4
 wrfout_d04_2016-02-09_15:00:00 999.0 124.7 121.2 120.6  93.9  75.2  68.5 169.2  48.1  96.1 329.4 163.5 999.0 349.8  50.2 224.4 113.0  35.9 209.6 328.1 182.9  26.3  36.2 340.3 351.0 357.9 347.2 351.8 348.0  68.2  81.9
 wrfout_d04_2016-02-09_16:00:00 999.0 128.4 125.4 120.2  97.2  76.1  67.4 159.0  49.0  94.2 336.8 171.5 999.0 334.3 207.8 236.8 147.0  35.4 211.4 359.9 187.1  30.2  43.9 337.9  29.2  38.6 346.9  39.7 345.8  69.3  82.1
 wrfout_d04_2016-02-09_17:00:00 999.0 133.2 129.4 120.1 101.2  82.6  65.2 135.4  51.0 109.3 334.9 176.6 999.0 176.5 178.9 243.1 186.1  31.8 195.2  15.4 197.0  34.6  50.3 332.5  43.7  43.5 347.0  43.0 344.8  64.7  82.9
 wrfout_d04_2016-02-09_18:00:00 999.0 136.0 133.0 120.1 105.1  88.6  59.9 168.4  52.2 146.1 339.7 179.6 999.0 114.2 129.0 255.6 163.1  28.8 205.7  19.8 201.5  28.2  36.8 331.2  15.4  23.2 345.5  45.9 344.7  70.3  74.9
 wrfout_d04_2016-02-09_19:00:00 999.0 135.5 137.6 120.3 108.7  95.1  51.7 189.9  40.7 107.3 351.0 178.1 999.0  83.7 138.5 248.3 129.1  26.6 207.3 349.1 203.0  24.7  27.1 321.9   1.2   9.7 345.2 343.5 344.9  71.4  81.6
 wrfout_d04_2016-02-09_20:00:00 999.0 133.6 144.4 123.6 113.8  97.4  60.2 179.0 308.3  95.6  12.2 175.8 999.0 244.6 272.0 236.8 107.6  29.6 207.2  11.2 204.6  22.2  25.7 331.9 347.1 348.5 341.8 326.2 347.6  82.5  85.3
 wrfout_d04_2016-02-09_21:00:00 999.0 134.0 154.3 123.3 123.4 105.3  78.8 157.7 249.2  96.3   7.6 188.8 999.0 302.5  17.5 261.2 120.5  36.7 206.6 317.3 208.6  27.6  28.5 344.9  12.7  19.8 342.8 348.0 349.4  84.5  77.4
 wrfout_d04_2016-02-09_22:00:00 999.0 138.0 155.4 120.0 122.9 109.4  82.9 152.0 257.8  99.2   2.3 190.6 999.0 245.4   2.3 233.1 130.9  11.5 205.1  26.6 210.8  28.6  39.1 343.8   9.3  18.1 350.5  36.9 352.5  94.1  74.7
 wrfout_d04_2016-02-09_23:00:00 999.0 141.3 156.0 119.2 121.7 121.3  74.1 140.4 291.3 120.3 358.9 205.6 999.0 329.1 282.1 219.4 113.4  12.1 206.7   6.3 216.4  19.7  34.1 345.3   8.7   7.5 353.6 349.5 354.5  88.2  68.6
