 wrfout_d04_2016-09-21_00:00:00 999.0  53.3  68.5 178.4  58.1  76.2  95.9  55.4  69.0  44.6 306.8 303.9 999.0   6.5 295.7  25.1 357.2  34.7  14.7 316.0 158.8  18.3  20.2  43.3  42.1  32.6  13.1 263.3  13.5  52.0  54.5
 wrfout_d04_2016-09-21_01:00:00 999.0  59.7  72.5  84.9  63.1  64.7  70.0  54.9  66.0  59.3  97.5 235.7 999.0 345.3 253.4  33.7 328.4  15.1 283.5 240.5 255.6   3.4 357.6  34.2 353.9 349.9  38.7 305.7  41.3  27.9  51.0
 wrfout_d04_2016-09-21_02:00:00 999.0  57.8  71.7  79.1  62.9  59.9  72.2  48.0  65.3  53.3  95.8 273.7 999.0 342.4 236.1  36.7 286.9  16.9 311.8 266.7 264.6   8.9 343.7  38.5 342.8 335.7  61.3 302.2  55.9  34.9  46.2
 wrfout_d04_2016-09-21_03:00:00 999.0  55.6  73.8  80.6  64.9  62.6  83.7  40.4  75.1  46.6 151.0 250.7 999.0 343.8 250.0  31.5 273.3  18.4 324.6 290.3 275.7  13.2 333.9  48.3 335.1 313.6  58.8 296.3  48.6  33.8  45.6
 wrfout_d04_2016-09-21_04:00:00 999.0  57.6  70.4  74.6  61.1  66.9  81.3  37.5  72.4  52.1 158.6 268.3 999.0 354.0 273.3  35.8 262.9  19.5 324.4 299.6 278.8  12.1 334.8  42.3 328.0 307.0  56.3 289.6  46.2  31.1  50.0
 wrfout_d04_2016-09-21_05:00:00 999.0  55.8  71.7  71.4  62.6  65.3  75.1  35.9  66.7  55.9 148.2 297.5 999.0 355.1 302.3  38.4 270.1  18.0 354.3 298.9 279.2  10.2 334.3  39.1 323.1 309.1  53.4 284.4  42.3  32.6  49.3
 wrfout_d04_2016-09-21_06:00:00 999.0  57.4  71.4  72.8  62.0  63.8  75.8  38.1  61.5  58.0 115.4 274.5 999.0 357.0 306.5  39.6 272.9  19.9 340.4 298.8 289.5   9.5 339.3  38.9 323.5 310.3  47.9 278.9  41.3  32.6  52.9
 wrfout_d04_2016-09-21_07:00:00 999.0  57.7  71.2  73.1  61.5  66.3  78.5  40.3  61.3  54.8 108.5 259.8 999.0   1.7 320.3  31.1 271.7  21.6 348.1 292.9 283.0  11.5 343.1  30.6 319.9 315.8  54.8 276.3  42.8  36.1  55.6
 wrfout_d04_2016-09-21_08:00:00 999.0  58.5  72.7  89.8  58.9  67.3  81.2  45.6  63.7  47.1 141.1 258.0 999.0   2.4 327.8  22.6 272.2  19.5  17.9 309.2 285.7  10.9 347.6  30.8 330.4 328.0  54.1 281.0  33.0  39.2  51.7
 wrfout_d04_2016-09-21_09:00:00 999.0  60.7  67.4 131.9  55.4  57.5  68.6  58.4  62.7  52.4 106.2 228.5 999.0   2.7 340.1  20.0 277.9  18.2   8.3 320.5 275.6  12.0 354.8  32.3 330.5 333.2  45.9 288.1  33.9  33.8  48.5
 wrfout_d04_2016-09-21_10:00:00 999.0  63.7  76.0 123.3  62.9  70.0  73.3  59.8  78.7  54.0  94.2 119.7 999.0   2.1 350.5   7.4 247.0  19.0  46.4 326.1 208.0  12.7 357.0  27.4 344.4 346.6  33.1 296.0  34.9  32.4  49.0
 wrfout_d04_2016-09-21_11:00:00 999.0  68.3  80.3  96.0  64.5  67.2  87.1  62.8  77.8  58.1 168.4  45.4 999.0  10.5  10.2 357.7 183.5  17.3 174.1 332.2 192.0  11.5   2.7  33.0 341.5 349.0  32.2 298.9  25.0  26.2  45.0
 wrfout_d04_2016-09-21_12:00:00 999.0  70.8  80.9 119.1  61.2  71.6  83.4  59.3  79.0  61.6 202.0 273.9 999.0   3.8  10.9 359.7 182.0  18.0 200.8 332.7 198.9  14.9   2.9  33.5 349.1   2.5  16.0 290.9  18.4  27.3  47.0
 wrfout_d04_2016-09-21_13:00:00 999.0  71.0  82.9 159.9  65.0  83.1  89.7  64.0  72.2  65.0 273.5  96.3 999.0   1.1  86.1   2.2 178.7  20.2 211.6 328.9 187.2  17.9   2.1  36.3 351.5 358.8  11.4 329.3  16.4  25.5  39.0
 wrfout_d04_2016-09-21_14:00:00 999.0  77.5  86.3 153.3  70.8  92.5  86.8  60.5  69.8  65.0 298.6 108.3 999.0   7.3 160.7  12.2 148.6  20.8 212.8 309.3 180.1  19.1  10.3  36.3 357.0   1.6   9.3  26.3   6.6  28.3  42.4
 wrfout_d04_2016-09-21_15:00:00 999.0  82.1  89.0 133.3  69.8  81.6  83.6  57.6  69.7  67.1 312.8  75.2 999.0   7.0 170.8   6.2 153.6  20.5 210.4 298.6 181.0  16.5  27.1  31.2 357.6   5.1   8.6  32.2  10.6  19.5  34.5
 wrfout_d04_2016-09-21_16:00:00 999.0  77.8  91.4 120.4  72.0  87.5  89.5  63.4  67.5  72.1 278.1 351.6 999.0 351.7 170.4  30.9 148.2  23.0 211.8 277.8 183.2  16.1  18.2  37.1  28.4  21.4  22.6  22.1  24.0  30.6  42.1
 wrfout_d04_2016-09-21_17:00:00 999.0  72.9  94.3 121.7  73.8  78.3  86.0  66.7  67.2  87.1   7.3 278.1 999.0 288.6 177.6   6.1 144.7  20.3 204.2 264.4 185.2  19.3  25.9  34.8   6.8  12.1  22.5  11.8  13.5  22.5  38.9
 wrfout_d04_2016-09-21_18:00:00 999.0  68.4  96.2 130.9  76.6  74.3  82.6  65.0  65.9  97.5 299.7 274.1 999.0 253.5 193.1   0.0 158.7  17.8 201.0 260.1 191.8  13.6  59.7  33.5   6.7   9.2  15.9   1.6   9.1  27.5  75.3
 wrfout_d04_2016-09-21_19:00:00 999.0  76.3  95.2 130.2  74.2 107.0  82.7  62.7  70.4  89.0 304.7 262.0 999.0 222.5 196.2  16.8 162.4  13.9 206.6 240.9 197.8   8.4  62.2  35.4  44.3  39.3  13.5  11.2  13.1  27.4 329.5
 wrfout_d04_2016-09-21_20:00:00 999.0  66.2  91.6 128.7  69.2  73.1  85.8  68.6  67.9  84.0 295.3 301.0 999.0 226.6 171.2   6.4 157.8  12.3 206.2 249.5 200.8   3.4  45.9  36.3  69.3  59.6  13.1   8.3  11.4  34.8  37.4
 wrfout_d04_2016-09-21_21:00:00 999.0  67.0  90.9 149.7  69.9  92.4  84.3  69.3  65.7  83.5 318.5 289.6 999.0 247.8 215.0 358.7 155.3  10.8 196.9 200.6 204.8   4.2  42.0  30.9  66.3  75.1   7.7 352.9   2.8  26.6  25.1
 wrfout_d04_2016-09-21_22:00:00 999.0  68.5  87.1 144.6  69.0  87.0  85.1  64.7  72.6  86.0 325.3 276.2 999.0 265.3 301.5   5.0 141.1   9.0 190.4 222.7 211.1 359.8  54.5  25.7  60.7  77.0   5.7 355.8   0.0  28.3  37.8
 wrfout_d04_2016-09-21_23:00:00 999.0  62.2  83.9 157.5  66.7  77.5  80.9  67.0  70.1  64.5 311.1 294.7 999.0  27.7 267.6   4.9  20.9  10.0  50.0 326.5 233.5   0.7  53.6  40.2  50.0  38.1  14.0 354.3   6.5  36.4  41.4
