 wrfout_d04_2016-01-23_00:00:00 999.0   6.0  18.6   5.0  18.9   1.1 306.7  22.3  10.4  29.8 173.5 283.5 999.0  11.2   1.0  43.1 237.6  20.8 229.7   2.2 271.4  16.1  11.5  24.7   0.2   1.1  19.9 357.1  24.3  21.9   4.7
 wrfout_d04_2016-01-23_01:00:00 999.0   6.3  19.0   3.9  20.0   2.6 290.8  26.8  11.6  31.5 157.7 289.0 999.0  12.9   2.1  42.7 217.5  21.4 232.8   8.2 271.3  17.1  12.4  24.7   3.0   2.5  14.9 355.2  23.2  20.1   8.9
 wrfout_d04_2016-01-23_02:00:00 999.0   5.6  20.1   4.4  21.0   2.8 276.4  29.5   7.6  35.0 151.1 295.0 999.0  14.5   4.3  40.4 219.1  18.9 225.6   5.6 260.7  17.2  14.2  25.4   4.5   5.1  19.9   1.1  25.7  21.0   3.1
 wrfout_d04_2016-01-23_03:00:00 999.0   5.7  20.3   6.0  20.6   3.3 265.9  29.6  12.2  35.7 114.3 295.1 999.0  14.7   6.7  40.0 220.5  19.4 223.5   0.9 247.0  16.2  11.1  25.8   2.4   4.9  22.7   0.3  22.4  23.2  35.8
 wrfout_d04_2016-01-23_04:00:00 999.0   6.9  21.4   6.8  20.8   4.1 282.6  28.5  15.1  35.6  93.4 294.5 999.0  13.7   6.4  37.4 220.2  18.2 231.5   5.4 246.1  16.4  11.6  25.9   1.7   3.9  25.7 352.4  20.8  24.3  27.2
 wrfout_d04_2016-01-23_05:00:00 999.0   7.0  20.8   7.2  20.2   4.6 247.9  28.6  18.1  34.9  98.2 299.4 999.0  15.2   6.4  36.7 231.3  18.5 229.6   4.3 246.4  15.7  12.5  25.7   1.4   2.1  26.7   3.6  25.2  25.3  22.8
 wrfout_d04_2016-01-23_06:00:00 999.0   7.4  22.5   7.8  21.9   6.4 237.5  28.3  19.2  39.0  97.0 302.7 999.0  14.2   3.9  36.0 222.8  17.8 231.8   4.7 245.9  14.3  14.2  25.2   1.5   2.2  18.9 357.4  22.2  25.9  12.1
 wrfout_d04_2016-01-23_07:00:00 999.0   8.1  23.9   8.9  23.7   8.3 273.3  29.7  19.1  41.0  90.1 304.2 999.0  16.6   5.2  36.2 224.2  16.1 226.7   5.3 242.3  16.6  14.8  25.1   0.3   1.1  14.1 359.6  20.5  25.7  24.8
 wrfout_d04_2016-01-23_08:00:00 999.0   7.8  23.6   8.6  24.3   9.1 300.0  33.2  18.6  41.8  39.1 302.1 999.0  16.8   5.5  37.1 220.0  17.3 224.1   4.7 241.0  15.6  16.5  23.1   0.8   3.5   9.3 353.1  18.5  24.3  26.9
 wrfout_d04_2016-01-23_09:00:00 999.0   7.7  22.8   9.4  24.8  10.4 307.8  36.3  32.5  42.4   2.9 300.5 999.0  16.1   6.7  36.5 212.7  17.8 224.4   4.3 242.4  16.8  16.4  22.5 358.3   3.3   6.2 352.4  17.5  23.8  34.4
 wrfout_d04_2016-01-23_10:00:00 999.0   6.5  21.3  10.1  23.9  10.4 292.3  34.3  38.7  43.7 348.5 296.9 999.0  15.4   5.4  37.7 219.0  17.8 220.0   4.0 244.0  15.9  18.2  21.8   6.8   8.4   2.3 355.4  17.1  22.4  26.2
 wrfout_d04_2016-01-23_11:00:00 999.0   6.0  19.8  11.4  21.7   9.7 304.7  36.1  40.3  45.1 294.2 292.1 999.0  14.8   6.5  37.8 215.1  15.8 220.7   6.3 245.1  13.8  15.3  19.9   4.7   3.2   1.7 351.9  17.0  23.1  23.6
 wrfout_d04_2016-01-23_12:00:00 999.0   5.6  17.5  10.3  19.5   7.8 325.6  34.7  49.0  45.6 234.2 287.2 999.0  15.2   6.5  36.4 218.4  20.3 220.9   3.7 247.4  16.4  16.9  17.5   1.8   3.9 359.8 358.4  17.4  22.5  27.3
 wrfout_d04_2016-01-23_13:00:00 999.0   4.1  17.4   8.8  19.2   7.7 245.4  36.2  96.9  48.5 228.3 287.5 999.0  15.0   3.9  35.5 217.6  20.7 227.9   9.2 244.1  16.3  17.6  17.9   4.7   4.8 359.3   0.2  19.9  25.5  24.6
 wrfout_d04_2016-01-23_14:00:00 999.0   4.3  19.8  11.9  20.5   7.4 271.6  37.1  82.1  44.6 200.5 285.2 999.0  16.1   4.7  36.2 224.7  21.9 219.6   4.7 247.6  18.1  17.6  18.3   2.1   3.5 358.5 357.7  19.7  27.0  26.1
 wrfout_d04_2016-01-23_15:00:00 999.0   2.8  20.4  11.0  21.0   6.3 238.8  34.3  61.3  41.8 190.0 285.3 999.0  16.4   5.8  34.7 208.9  23.7 226.5   7.8 243.8  18.0  17.7  19.3   0.2   2.7 358.1 356.1  17.8  23.0  21.8
 wrfout_d04_2016-01-23_16:00:00 999.0   1.9  20.3   9.5  20.8   4.5 299.3  35.6  31.5  48.0 186.1 286.2 999.0  18.3   4.6  35.0 207.1  24.4 231.4   9.4 244.5  20.0  16.0  19.1   7.1   7.3 357.5 356.4  17.0  22.7  14.6
 wrfout_d04_2016-01-23_17:00:00 999.0   0.4  19.7   7.4  20.8   1.2 321.2  34.0  24.3  49.1 173.0 285.4 999.0  18.4   5.2  36.2 209.7  21.7 228.0   6.8 241.4  22.0  20.5  20.1   9.4   8.5 358.0 356.1  16.8  24.3   4.8
 wrfout_d04_2016-01-23_18:00:00 999.0 358.6  17.7   7.5  19.9   0.4 334.3  33.7  20.6  54.1 170.3 287.7 999.0  17.0   4.1  36.0 204.5  22.2 229.6   6.1 239.2  17.8  21.6  19.7   7.0   6.9 357.0 357.2  17.2  23.7   4.5
 wrfout_d04_2016-01-23_19:00:00 999.0 357.3  14.4   6.6  17.1 358.0 340.1  33.6  19.7  55.4 161.7 291.1 999.0  16.9   6.0  36.8 203.9  22.6 226.2   8.0 238.5  17.7  22.7  19.6   2.8   4.4 356.9   0.5  18.3  24.1   4.9
 wrfout_d04_2016-01-23_20:00:00 999.0 355.5  10.9   5.8  13.8 357.3 338.1  33.2  21.8  55.5 181.0 294.0 999.0  16.6   4.5  38.0 209.4  22.2 226.3   7.4 237.3  17.2  23.3  19.9   6.1   7.0 357.9   1.6  16.7  25.8 352.7
 wrfout_d04_2016-01-23_21:00:00 999.0 354.0   7.7   3.7  11.1 356.3 333.7  35.9  26.5  59.4 185.8 294.1 999.0  18.0   1.1  36.4 204.8  22.7 245.9   8.3 237.4  18.8  21.3  19.6   4.5   4.4 357.1 359.9  16.3  26.9   5.2
 wrfout_d04_2016-01-23_22:00:00 999.0 353.0   6.8   4.6  10.1 352.7 334.4  39.9  37.1  60.0 189.0 294.9 999.0  19.8   0.7  36.1 205.3  22.9 259.3   9.2 235.2  19.8  19.8  19.3   7.9   8.3 355.7   2.2  14.5  26.4 353.4
 wrfout_d04_2016-01-23_23:00:00 999.0 351.8   5.9   6.9   9.3 352.3 322.5  41.9  45.4  63.5 184.9 297.1 999.0  21.4   4.7  35.1 206.4  23.0 305.5   7.7 238.5  18.1  19.9  18.4   5.2   5.1 354.1   1.8  12.6  27.4 355.7
