 wrfout_d04_2016-09-08_00:00:00 999.0 238.5 233.4 205.2 251.7 248.9 249.7 204.7  23.0 208.1  40.8 342.0 999.0  46.9 128.2 331.3   5.7 219.7 221.1 170.1 227.0 213.6 165.3  65.6 162.4 148.4 233.8 242.2 232.8 236.2 244.6
 wrfout_d04_2016-09-08_01:00:00 999.0 213.7 220.6 151.5 239.8 204.6 311.6 202.0 110.5 208.6 185.2 184.9 999.0  46.9  93.6  25.7  35.9 210.7 223.5 172.1 224.7 213.3 191.0  56.1 146.6 167.8 213.0 230.6 247.5 236.1 254.3
 wrfout_d04_2016-09-08_02:00:00 999.0 257.0 234.0 177.1 248.0 229.9 253.8 216.2 112.8 216.7 263.8 312.2 999.0  55.5 135.9 354.4  35.9 207.1 220.4 169.2 228.2 199.7 189.0  41.0 140.0 141.7 202.1 227.0 244.7 238.3 259.0
 wrfout_d04_2016-09-08_03:00:00 999.0 268.3 238.1 244.3 252.2 187.0 344.2 214.3 316.7 226.2  56.8 343.4 999.0  74.5 124.4 119.0  23.9 216.6 221.1 176.1 223.8 206.1 195.0  66.7 171.9 192.2 197.0 233.6 248.4 230.2 261.8
 wrfout_d04_2016-09-08_04:00:00 999.0 245.4 239.0 241.3 256.1 207.5 304.1 227.8 244.7 235.0 111.7 337.7 999.0 138.2 169.0   4.8 358.1 215.0 228.3 170.4 233.2 211.1 191.1  56.9 183.7 192.2 195.9 230.8 249.7 227.7 265.4
 wrfout_d04_2016-09-08_05:00:00 999.0 257.0 241.5 251.7 257.6 222.8 259.4 219.2 238.3 227.5 153.1 104.7 999.0 181.5 200.0 305.0  64.9 214.9 221.4 176.5 230.3 208.1 176.8  41.4 187.6 182.2 199.2 237.3 246.3 225.0 263.5
 wrfout_d04_2016-09-08_06:00:00 999.0 273.0 251.4 300.4 265.1 261.1 279.9 224.1 240.9 227.6  74.7  79.9 999.0 178.4 138.0 223.4 246.8 216.1 228.0 168.7 231.2 214.8 182.1  43.7 168.7 185.7 194.8 244.5 246.4 227.5 271.8
 wrfout_d04_2016-09-08_07:00:00 999.0 290.9 250.6 347.2 275.4   2.5 261.7 229.4 231.2 247.7  91.8 121.8 999.0 143.9 165.1  16.7  48.1 214.9 221.1 185.9 236.4 215.3 181.1  29.9 173.7 177.7  85.4 235.7 251.2 229.4 265.7
 wrfout_d04_2016-09-08_08:00:00 999.0 300.6 252.1 306.8 268.0  40.8 287.8 231.6 266.9 226.7 111.2  79.9 999.0 172.3 141.6 314.2 354.8 209.9 219.2 179.0 230.2 210.5 191.3  33.6 180.0 182.9  68.9 232.3 251.5 235.6 267.4
 wrfout_d04_2016-09-08_09:00:00 999.0 291.1 232.1 129.7 245.2  63.0 300.6 237.6 271.2 223.5 105.0 139.8 999.0 152.5 195.7 356.0  80.5 211.1 218.9 182.6 228.7 210.6 181.6  30.2 162.3 156.8  54.8 216.2 250.6 235.7 264.7
 wrfout_d04_2016-09-08_10:00:00 999.0 283.1 266.4 294.4 281.0  89.8  57.3 225.1 254.6 222.9  76.3  69.1 999.0 140.1  71.5  81.3 346.3 212.9 211.5 195.9 229.7 212.1 188.7  24.2 138.9 225.4  49.6 213.7 234.6 236.0 262.7
 wrfout_d04_2016-09-08_11:00:00 999.0 283.6 238.1   7.3 258.4 143.0  84.9 213.2 109.7 223.7 344.1 308.4 999.0 171.1  67.6 242.9  82.9 204.3 209.1 199.5 226.9 212.0 193.1  26.4 124.9 111.7  47.2 205.5 239.1 241.7 265.2
 wrfout_d04_2016-09-08_12:00:00 999.0 284.3 244.5  64.1 270.1 130.0  94.0 226.0 106.0 206.4 319.8 265.3 999.0 163.5 143.8 314.1 299.5 207.9 216.7 183.5 233.6 211.0 131.1  31.9 140.1 120.7  45.6 202.9 271.8 238.7 259.1
 wrfout_d04_2016-09-08_13:00:00 999.0 283.8 320.2 334.3 328.2  74.6  56.5 209.9  38.1 207.9 253.1 281.4 999.0 150.6 133.1 286.5  26.2 197.4 219.0 166.5 225.0 203.9 141.9  19.8 122.4 117.2   3.6 195.0 256.8 238.5 258.6
 wrfout_d04_2016-09-08_14:00:00 999.0 291.7  93.7  12.3  45.5  18.5  93.3 190.2  72.4 174.0 104.3 294.0 999.0 154.3 168.2 256.5  30.7 205.3 222.8 214.7 229.0 207.3 130.8   8.7 132.0 129.8 344.6 203.9 263.5 237.0 252.1
 wrfout_d04_2016-09-08_15:00:00 999.0 331.5 306.5 296.6  16.2 341.2   1.8 187.9   6.8 182.6 254.0 301.1 999.0 156.8 131.9 271.9  13.8 208.9 215.9 170.1 224.4 198.2 159.8   0.5 135.1 151.6 322.8 217.5 270.3 236.0 260.8
 wrfout_d04_2016-09-08_16:00:00 999.0 305.7 344.9 302.6  12.9 129.3  36.8 227.3 204.0 171.3  33.2 346.8 999.0 155.1 151.1 226.2  15.7 214.0 208.2 180.9 222.6 201.3 139.6   0.3 112.6 107.1 285.5 204.2 274.5 233.1 254.9
 wrfout_d04_2016-09-08_17:00:00 999.0 312.5 133.9 131.0 104.6 154.0 325.4 108.1 229.8 137.7 248.7 269.6 999.0 149.8 125.9 301.8  40.4 212.3 219.9  64.1 226.3 200.4 148.8 341.7 135.7 139.7 289.9 220.6 229.9 230.9 252.8
 wrfout_d04_2016-09-08_18:00:00 999.0 290.3 123.2 126.4  87.6  92.2 315.7 139.7  86.1 117.5  99.2 320.8 999.0 156.2 190.8 241.8  51.1 203.5 218.4 345.8 229.5 196.2 139.3 348.8 160.8 133.8 309.6 216.6 236.4 233.2 249.5
 wrfout_d04_2016-09-08_19:00:00 999.0 318.9 121.3 147.5  79.1   3.8 313.1 131.2  22.6  21.0 243.1 277.9 999.0 152.2 141.5 250.7  49.1 197.2 218.0 176.0 231.4 201.0 134.7 318.0 121.9 110.3 343.6 206.2 244.3 238.2 261.9
 wrfout_d04_2016-09-08_20:00:00 999.0 288.3 126.6 164.5  94.7 346.7 283.1  59.3   1.0  11.7 240.4 279.7 999.0 148.0 178.4 251.6  66.7 197.2 212.3 181.6 229.3 193.6 140.7 352.2 134.5 132.9 350.9 203.1 235.4 229.2 251.1
 wrfout_d04_2016-09-08_21:00:00 999.0 272.8 167.0 156.2 124.0 320.0  89.7 166.9 312.3  61.8 296.5 316.3 999.0 175.9 176.0 239.4   6.6 192.5 213.0 190.8 232.0 187.3 138.7 336.5 155.3 161.7 333.3 183.6 239.6 228.8 241.8
 wrfout_d04_2016-09-08_22:00:00 999.0 339.2 234.1 287.8 254.9 307.0 251.0 115.1  44.0  48.5 301.2 276.0 999.0 180.1 185.2 248.6  32.8 196.2 211.8 214.9 229.2 190.0 157.0 345.9 161.9 139.5 340.7 157.4 256.1 227.7 236.3
 wrfout_d04_2016-09-08_23:00:00 999.0 350.7 254.4 358.0 275.6 107.2  44.1 185.7 245.4   8.5  47.0 311.2 999.0 158.8 170.9 232.8  42.1 193.8 217.7 170.1 238.5 188.8 145.6  36.0 144.6 161.0 335.0  97.4 248.9 225.8 246.7
