 wrfout_d04_2016-12-02_00:00:00 999.0  39.4  57.4  66.6  53.4  47.4  69.7  48.2  74.1  38.0 225.5 270.5 999.0  14.0   1.6  17.6 256.9  23.2 237.0 353.7 248.3  17.4  12.3  33.0   2.9   5.2  10.9 346.2  20.3  28.7  38.6
 wrfout_d04_2016-12-02_01:00:00 999.0  45.1  64.7  62.1  59.5  55.0  68.5  50.6  69.4  44.1 189.7 273.3 999.0  14.3   0.9  15.6 232.1  25.5 358.2 342.6 255.9  12.7  12.1  32.3 357.1   0.4   6.3 354.9  37.3  22.7  38.2
 wrfout_d04_2016-12-02_02:00:00 999.0  39.3  64.8  58.9  58.7  50.7  71.2  50.7  70.3  45.3 232.1 267.9 999.0  15.2   1.3  11.0 243.9  22.7  27.2 347.6 265.8  13.3   5.8  33.0 355.6 359.3  20.4 334.2  52.3  24.0  43.7
 wrfout_d04_2016-12-02_03:00:00 999.0  40.4  64.9  62.2  59.7  47.1  70.3  46.5  64.9  46.5 206.0 288.3 999.0  10.8 342.5  19.8 264.1  22.6  22.1 338.6 292.5  14.3 356.6  40.8 354.7 356.0  32.8 324.8  39.4  17.3  47.4
 wrfout_d04_2016-12-02_04:00:00 999.0  42.2  66.4  63.6  60.4  47.4  71.8  47.5  67.0  46.5 230.1 294.2 999.0   7.4 344.7  25.1 261.8  23.7  39.7 351.0 297.8  13.0 354.2  31.2 349.9 352.0  44.9 306.5  38.7  26.4  47.9
 wrfout_d04_2016-12-02_05:00:00 999.0  42.2  67.3  64.5  60.8  58.6  71.0  45.3  65.5  46.2 242.9 304.1 999.0   6.4 351.0  30.6 273.6  22.0  43.1 346.2 302.9  13.7 354.2  30.4 341.4 347.7  48.4 301.3  43.0  22.4  45.5
 wrfout_d04_2016-12-02_06:00:00 999.0  43.8  67.9  63.3  59.8  53.3  71.5  46.7  65.1  45.9 244.2 271.2 999.0   7.4 350.8  26.3 284.9  20.4  48.1 335.6 306.5  13.0 353.7  26.9 339.3 343.4  40.8 299.1  29.4  23.6  51.1
 wrfout_d04_2016-12-02_07:00:00 999.0  44.8  66.7  58.3  58.1  50.8  73.1  45.2  68.5  45.0 231.2 262.0 999.0   7.8 353.1  15.0 284.6  19.6  59.6 329.5 303.0  14.3 354.8  31.3 334.7 341.9  40.1 315.8  40.6  25.5  46.5
 wrfout_d04_2016-12-02_08:00:00 999.0  49.1  66.9  62.3  57.7  54.1  79.0  50.5  69.8  42.3 183.2 245.2 999.0  10.4 351.0  26.8 262.4  20.9  61.0 329.8 313.2  12.5 355.6  25.2 336.2 343.2  44.2 336.0  33.0  28.7  43.4
 wrfout_d04_2016-12-02_09:00:00 999.0  50.0  68.3  68.2  57.2  43.2  77.0  51.4  67.3  41.2 197.2 266.8 999.0  13.1 354.6  24.6 214.5  20.6  75.7 338.2 208.4  14.6 356.7  23.9 338.8 346.2  33.5 356.0  37.5  22.0  28.0
 wrfout_d04_2016-12-02_10:00:00 999.0  43.0  68.5  73.5  56.4  39.4  79.5  53.4  68.6  42.6 237.2 265.0 999.0  10.9 357.8  12.3 190.1  21.1  88.0 344.4 182.9  13.7   1.6  30.7 348.6 352.7  31.5   6.3  28.0  24.4  28.5
 wrfout_d04_2016-12-02_11:00:00 999.0  42.7  64.8  65.6  54.1  48.7  78.3  51.6  67.1  41.1 227.4 259.4 999.0  11.6 357.0   8.1 176.7  20.6 155.1 357.7 181.6  17.5   8.0  33.8 353.2 360.0  15.1   6.8  14.2  25.0  25.0
 wrfout_d04_2016-12-02_12:00:00 999.0  42.5  66.6  84.3  56.8  46.7  74.1  52.5  66.8  40.2 244.1 264.9 999.0  14.2 356.9  33.2 180.7  21.4 178.8 359.0 166.5  17.1  11.8  22.3 354.4 359.1  19.1   4.9  10.5  22.3  41.8
 wrfout_d04_2016-12-02_13:00:00 999.0  43.7  69.9  80.8  59.3  49.5  78.5  48.0  65.4  39.7 266.5 293.1 999.0  15.1   0.3  23.1 164.3  22.6 201.0 357.8 165.7  17.9  11.7  23.8 358.5   2.3  35.9   5.0  31.6  16.4  49.1
 wrfout_d04_2016-12-02_14:00:00 999.0  50.4  71.2  96.8  60.1  60.2  80.4  47.6  65.6  40.4 241.5 273.1 999.0  16.1 358.3  11.6 166.4  21.9 219.3 356.3 160.1  16.7  14.5  23.8 356.8   2.4  32.9  10.4  30.5  25.5  44.8
 wrfout_d04_2016-12-02_15:00:00 999.0  50.1  71.3  99.8  60.6  64.5  77.9  48.0  68.0  42.6 247.0 254.9 999.0  14.5 357.9   9.7 149.0  21.0 229.7 353.7 161.0  17.6  12.4  36.6 356.2   2.3  13.1   3.5  11.7  22.9  60.4
 wrfout_d04_2016-12-02_16:00:00 999.0  52.1  71.8 134.5  61.2  51.3  73.8  46.3  68.2  42.5 260.8 253.3 999.0  14.9 353.6   4.9 144.2  20.4 243.6 359.8 161.3  19.4  13.8  19.6 352.0 358.8  15.3 354.1  26.0  26.1  43.6
 wrfout_d04_2016-12-02_17:00:00 999.0  50.0  70.8  71.0  60.6  55.2  66.2  44.4  71.9  40.7 260.3 305.5 999.0  15.1 355.1   6.3 150.8  21.0 240.7 359.9 160.7  19.3  12.4  37.7   0.1   4.4  69.7 355.3  30.8  28.8  23.5
 wrfout_d04_2016-12-02_18:00:00 999.0  45.8  71.9  55.5  60.2  58.5  72.4  45.9  70.2  38.6 241.8 268.7 999.0  16.1 358.0  24.7 161.3  20.4 235.8 352.7 163.2  17.9  12.4  39.3 352.0   0.9  26.2 357.6  27.7  32.0  15.5
 wrfout_d04_2016-12-02_19:00:00 999.0  57.4  73.6  44.5  60.3  58.6  84.4  44.4  77.8  37.9 226.0 285.9 999.0  15.1 356.0  26.1 155.9  20.8 242.0 357.0 161.3  17.5  13.8  21.0 358.2   5.2 347.1   1.6  25.4  32.3  35.3
 wrfout_d04_2016-12-02_20:00:00 999.0  61.5  73.8  69.5  62.1  55.1  63.1  44.6  70.5  32.8 264.5 260.5 999.0  16.3 353.3  28.7 148.4  20.3 233.9 359.1 165.4  14.7  18.7  24.8 357.6   3.7  34.1   3.0  37.2  27.7  37.6
 wrfout_d04_2016-12-02_21:00:00 999.0  63.5  71.7  56.9  60.6  41.7  56.5  47.0  82.6  36.0 256.8 248.1 999.0  16.6 355.5  23.2 141.0  18.8 217.8 359.1 158.5  18.3  19.7   5.7 357.7   4.7  24.7   1.1  24.3  29.3  41.6
 wrfout_d04_2016-12-02_22:00:00 999.0  56.5  67.0  59.0  53.5  63.1  72.9  47.3  73.2  36.1 275.1 309.1 999.0  17.4 350.2  15.3 141.3  21.3 224.4   1.4 160.5  16.1  21.0  38.1 357.2   5.1  35.7 358.4  30.7  34.4  41.3
 wrfout_d04_2016-12-02_23:00:00 999.0  43.3  72.8 139.7  62.5  64.5  77.5  45.8  77.7  37.4 354.6 260.2 999.0  17.5 351.7   2.8 145.2  23.3 214.6   4.2 155.4  18.3  16.9  19.8 358.1   3.4   4.8   5.0  21.1  33.2  48.8
