 wrfout_d04_2016-09-07_00:00:00 999.0 323.2 252.8 193.0 281.0  96.2 291.2 221.7  12.1 276.1 304.1 332.4 999.0 167.7 184.3 356.4  61.9 198.3 208.6 170.6 200.5 194.8 171.3  45.0 165.9 164.5 201.0 201.3 243.6 225.7 228.3
 wrfout_d04_2016-09-07_01:00:00 999.0 296.7 255.2 181.5 239.6  66.2  80.1 229.2  51.7 233.6 111.6 329.1 999.0 178.2 175.5  22.2  45.7 194.3 213.3 171.9 202.2 198.0 175.6  42.0 143.3 147.2 198.7 204.0 240.3 229.0 233.9
 wrfout_d04_2016-09-07_02:00:00 999.0 306.2 233.9 184.4 248.4 118.1  56.0 214.3 273.3 173.2 227.6   6.6 999.0 177.8 190.5  28.8  45.9 194.2 216.8 172.6 210.4 195.7 173.9  51.7 146.8 152.9 201.9 208.8 234.9 231.6 236.0
 wrfout_d04_2016-09-07_03:00:00 999.0 297.8 237.6 192.4 260.3 100.2 320.7 207.4 285.5 233.2 309.2  28.7 999.0 178.7 196.5  29.2  13.7 194.1 217.2 174.2 211.1 203.9 174.7  70.8 145.2 157.0 201.9 207.6 235.3 231.8 244.1
 wrfout_d04_2016-09-07_04:00:00 999.0 275.8 237.2 251.7 249.4 102.6 124.6 228.8 161.5 215.7  94.6  13.6 999.0 171.0 190.5  48.9  13.3 195.7 215.6 169.7 208.4 202.5 181.5  60.1 138.7 146.7 200.8 212.7 233.3 231.4 247.3
 wrfout_d04_2016-09-07_05:00:00 999.0 313.3 209.1 184.3 215.9  80.4 196.3 224.4 124.3 226.7  90.3  19.8 999.0 186.8 175.4  39.5   8.9 201.0 218.1 172.7 211.7 202.7 171.7  56.4 137.9 157.3 203.5 198.0 233.5 234.9 248.8
 wrfout_d04_2016-09-07_06:00:00 999.0  94.5 223.3 189.6 228.8  64.4 179.1 221.8 175.6 221.9  87.7  47.9 999.0 186.5 188.7  42.6  46.3 200.4 222.4 177.5 217.2 202.3 184.5  49.0 155.3 172.6 203.8 202.4 221.1 231.3 253.1
 wrfout_d04_2016-09-07_07:00:00 999.0 134.3 226.5 165.6 237.9  57.0 339.3 221.2 256.0 223.5  86.1   6.0 999.0 179.7 193.9  38.3  19.5 201.9 217.3 168.0 217.4 205.4 194.0  32.8 150.6 164.0 204.6 231.5 212.5 233.8 251.3
 wrfout_d04_2016-09-07_08:00:00 999.0 148.4 262.8 315.1 272.6  81.0  25.3 235.0  38.7 231.6  65.0 340.0 999.0 186.0 181.6  29.3  40.6 204.4 217.9 164.6 216.6 205.1 185.3  47.5 142.7 130.0 203.0 246.2 222.0 233.5 249.4
 wrfout_d04_2016-09-07_09:00:00 999.0 141.7 297.6  18.5 301.5  75.7  42.3 218.5  60.8 222.9  81.6 279.7 999.0 172.1 195.7  16.6  11.7 205.7 214.6 150.6 211.6 203.5 169.2  30.5 151.6 145.5 206.0 241.6 226.7 233.0 249.8
 wrfout_d04_2016-09-07_10:00:00 999.0 128.9 325.9 352.5 327.7  37.5  62.5 211.6 109.2 228.0 323.5 303.0 999.0 161.2 156.8  18.8 198.2 206.6 211.0 153.8 210.9 206.7 145.2  26.9 150.4 140.9 232.9 200.6 233.4 234.0 255.8
 wrfout_d04_2016-09-07_11:00:00 999.0  77.1 329.4 278.6 337.7  24.3  68.5 215.9  69.6 215.3 167.2 313.7 999.0 169.6 143.9  17.8   9.6 204.2 211.1 158.2 212.0 202.5 176.4  25.3 166.5 152.9 206.2 211.8 226.0 232.3 259.0
 wrfout_d04_2016-09-07_12:00:00 999.0 334.0 119.5 214.9  58.0 355.7 126.3 196.8  94.0 198.3 243.0 305.3 999.0 159.1 150.4   6.9  44.5 206.6 214.2 169.7 216.0 208.3 188.0  66.0 153.2 140.2 240.9 213.5 226.2 233.0 257.6
 wrfout_d04_2016-09-07_13:00:00 999.0 328.5 111.8 188.7  55.3  56.1 225.6 195.4 275.9 181.3 198.5 294.3 999.0 170.4 157.8  31.8 325.2 199.3 218.3 167.6 216.0 208.8 176.5 226.2 147.4 141.7 261.2 236.5 236.3 230.8 250.4
 wrfout_d04_2016-09-07_14:00:00 999.0 305.6 149.0 161.5  79.9 264.1 286.7 200.7 171.0 205.5 272.5 290.8 999.0 151.7 146.5 291.5  35.3 203.6 217.1 161.8 218.4 209.9 145.4 334.7 153.4 139.6 252.0 242.0 250.6 229.6 253.2
 wrfout_d04_2016-09-07_15:00:00 999.0 313.4  94.9 306.8  66.1 168.4 142.5 187.2 214.2 170.5 222.3 289.6 999.0 168.8 151.1 282.4 318.8 207.0 224.8 157.5 224.8 205.8 152.4 351.5 142.6 123.9 217.7 231.7 240.4 231.5 251.2
 wrfout_d04_2016-09-07_16:00:00 999.0 305.0 121.8 155.7 106.5 238.8  86.2 193.7 256.0 179.4 243.5 279.5 999.0 167.9 157.6 267.1  33.7 204.2 221.8 165.6 225.9 206.8 166.5  16.1 150.2 141.3 208.1 233.5 227.5 230.4 247.1
 wrfout_d04_2016-09-07_17:00:00 999.0 313.4 155.9 112.6  26.5 241.9 242.9 197.9 267.6 209.9 220.5 276.1 999.0 180.5 187.4 239.5 221.9 203.5 221.9 168.0 226.1 208.7 170.5  20.9 145.9 134.3 208.3 221.2 223.3 232.1 245.1
 wrfout_d04_2016-09-07_18:00:00 999.0 295.9 196.7 118.0 209.4 185.2  28.3 214.8 164.2 226.4 243.2 314.7 999.0 177.6 143.7 262.5 209.9 206.2 221.3 168.7 231.2 208.6 170.5  33.3 148.6 140.9 205.9 225.3 222.1 232.7 243.0
 wrfout_d04_2016-09-07_19:00:00 999.0 312.2  83.4 319.2  54.5  73.5 221.5 205.7 343.5 187.6 206.3 257.9 999.0 186.6 149.1 316.5   4.9 206.4 221.4 171.3 229.6 205.9 172.4  24.2 157.3 145.4 201.7 211.3 220.2 234.5 243.2
 wrfout_d04_2016-09-07_20:00:00 999.0 316.8 118.9 248.9 118.7 138.2 333.8 190.3 237.1 181.4 269.3   3.5 999.0 164.3 148.9 295.5   6.9 206.5 220.1 169.6 228.6 204.1 174.9  27.3 159.8 146.4 205.9 202.8 229.3 234.5 244.6
 wrfout_d04_2016-09-07_21:00:00 999.0 284.1 184.7 187.3 178.8 249.6 253.2 191.9 265.9 194.4 224.2 284.8 999.0 167.5 146.7 317.3  36.7 213.2 215.4 172.4 227.3 206.7 161.5  13.7 155.5 137.8 225.2 147.9 240.1 233.3 240.2
 wrfout_d04_2016-09-07_22:00:00 999.0 258.9 212.2 134.2 239.2 239.3 359.6 196.8 232.3 200.5 288.0  56.3 999.0 172.3 141.1 333.4  26.3 214.0 218.6 171.9 227.7 208.3 178.7   7.0 168.4 162.9 256.3 103.1 244.6 238.1 250.1
 wrfout_d04_2016-09-07_23:00:00 999.0 254.2 237.4  36.8 265.1 222.1  49.8 211.6  87.5 215.3 301.9 182.7 999.0 179.2 153.4  35.9  37.6 216.8 220.3 169.0 225.7 210.2 175.4  18.6 137.3 129.8 312.3 205.3 231.3 235.7 248.8
