 wrfout_d04_2016-03-27_00:00:00 999.0  27.2  22.0 162.7  21.5 227.2 328.3  54.5 234.8  27.6 327.3 297.1 999.0  20.8   3.1 353.6 254.1  15.4 271.6   8.7 273.9  14.5  19.9  20.7  10.7  11.0 349.3   7.3   7.6  32.5  43.1
 wrfout_d04_2016-03-27_01:00:00 999.0  27.3  19.0   8.9  21.8 293.9  47.4  17.3 354.2  25.9 346.6 308.9 999.0  16.3 355.0   8.0 300.8  13.1 267.6   6.5 275.5  12.4  16.4  33.9   6.7   6.7   3.5   5.7  35.1  38.8  32.1
 wrfout_d04_2016-03-27_02:00:00 999.0  21.1  10.0   2.5  17.0   3.7 208.3   7.0  47.7  13.0 354.1 341.3 999.0   8.1 352.4  19.6 288.7  11.6 272.1   1.7 278.3  11.3  12.6  48.8   1.7   2.2  70.2   4.6  78.4  27.7  28.7
 wrfout_d04_2016-03-27_03:00:00 999.0  16.4  13.3 359.7  17.4   6.2 183.5   4.7  83.4  14.0 347.4  28.0 999.0   5.1 348.3  24.7 297.3  12.9 270.7 355.1 280.9  10.5 359.9  42.4 358.1 358.7  81.0 359.9  88.1  14.0 323.8
 wrfout_d04_2016-03-27_04:00:00 999.0  13.6  13.7 357.9  17.2  14.4 132.7   4.4 339.1   5.9 345.4  41.7 999.0   5.1 344.5  25.1 294.7  15.6 271.1 353.0 280.1  11.2 353.8  56.2 352.5 354.4  75.6 349.8  90.1  25.8 326.2
 wrfout_d04_2016-03-27_05:00:00 999.0   8.2  18.7 358.6  20.7   8.3  91.6   4.9 359.7   7.9 349.8  26.9 999.0   2.6 345.5  26.1 291.9  14.2 268.3 345.7 279.7  10.5 351.5  44.5 346.4 347.8  68.7 332.9  82.3  20.9 317.4
 wrfout_d04_2016-03-27_06:00:00 999.0   1.0  22.0   2.6  24.1   8.4  68.8   6.2   5.0  10.2  32.6  22.4 999.0   3.2 346.3  28.1 293.4  12.3 269.6 343.3 281.1   8.3 350.9  40.5 339.2 343.4  55.2 317.5  71.3  31.3 305.2
 wrfout_d04_2016-03-27_07:00:00 999.0 355.4  16.7   3.5  21.2   6.3  22.1  12.2 348.4   9.9  13.5  23.4 999.0   4.1 348.2  18.7 297.6   9.9 269.8 340.9 282.5   6.5 353.2  36.4 335.0 340.3  47.7 316.3  60.2  36.5 309.1
 wrfout_d04_2016-03-27_08:00:00 999.0 352.2  16.1   5.4  19.2   3.8  15.7  17.8 340.1  14.9  55.9  20.3 999.0  10.2 350.7  14.9 302.3  11.8 274.5 342.1 285.0   6.5 356.6  27.8 339.4 342.6  50.4 318.2  46.1  44.5 329.3
 wrfout_d04_2016-03-27_09:00:00 999.0 354.9  19.7   9.0  22.0 356.7  20.4  23.4 349.3  20.4  33.7  17.3 999.0  13.0 354.2  14.5 312.1  16.4 341.8 344.1 281.3   7.6 356.5  25.0 339.1 344.2  41.7 323.8  22.5  41.7  35.9
 wrfout_d04_2016-03-27_10:00:00 999.0   0.3  16.8   9.7  21.6 354.6 358.8  32.5 358.7  20.8  40.8  10.2 999.0  16.4 359.9  18.8 325.2  17.2  65.7 349.2 247.2  11.0   1.2  15.0 347.8 348.2  16.8 338.8 345.6  28.4  45.2
 wrfout_d04_2016-03-27_11:00:00 999.0   4.2  22.9  20.4  25.1 355.7 232.5  36.6  21.9  28.4  72.4 342.7 999.0  16.1   1.4  21.0  38.4  20.0 123.5 355.8 242.0  12.7  13.1  17.3 356.9 360.0   1.5 350.7 350.9  39.0  51.0
 wrfout_d04_2016-03-27_12:00:00 999.0   5.2  27.8  28.1  27.7 357.9 208.9  39.5 165.7  39.9 182.5 287.4 999.0  22.9   9.6  18.3 143.1  22.2 196.3 359.6 241.7  17.0  18.7  20.4   1.4   3.8   4.6   3.0 358.7  28.3  45.2
 wrfout_d04_2016-03-27_13:00:00 999.0   7.3  34.7  36.3  33.0 358.1 226.6  46.1 160.9  55.8 227.7 271.5 999.0  26.5   7.6  19.2 163.2  25.4 214.3   3.9 244.0  20.7  21.0  11.3   0.4   2.0   7.9   1.1   7.8  43.3  32.9
 wrfout_d04_2016-03-27_14:00:00 999.0   8.5  34.3  49.6  33.5   0.0 252.9  65.7 159.2  63.6 184.0 272.0 999.0  22.0   9.5  21.9 164.0  28.8 203.2   7.3 247.2  21.6  23.1  15.4   2.2   3.3   2.1   3.3  11.6  40.6  30.0
 wrfout_d04_2016-03-27_15:00:00 999.0   9.1  35.2  98.6  33.1 354.3  13.8  89.4 162.7  70.1 189.7 274.1 999.0  21.1  10.5  20.6 142.1  30.6 187.1   7.4 245.6  24.1  22.0  13.1   3.1   5.4   0.9   1.9   5.7  36.0  12.1
 wrfout_d04_2016-03-27_16:00:00 999.0   9.9  34.7 150.9  32.3 341.7   9.5  99.9 170.7  75.7 197.0 274.9 999.0  19.1   9.6  18.1 126.9  31.3 178.8   9.2 248.9  29.3  21.0  13.0   4.2   7.5 355.8   8.6   4.9  28.4   2.6
 wrfout_d04_2016-03-27_17:00:00 999.0  10.2  36.1 153.9  32.1 288.6   5.4 102.6 163.1  75.2 184.8 275.3 999.0  17.9   8.6  20.3 129.6  32.3 170.5   5.3 254.5  30.4  23.1   3.1   4.1   8.0 355.3   9.7 358.5  25.9  28.2
 wrfout_d04_2016-03-27_18:00:00 999.0  16.6  40.0 153.4  33.5 249.6   4.5 102.6 166.0  70.7 194.0 274.2 999.0  18.2   5.8  12.4  40.4  30.9 172.1   3.2 262.9  29.2  25.4   5.9 359.1   6.5 357.9   2.5 354.2  36.8  38.1
 wrfout_d04_2016-03-27_19:00:00 999.0  22.0  44.5 149.4  34.4 244.8   8.6 102.9 160.3  68.5 200.9 271.8 999.0  17.7   4.9 350.5  55.6  28.8 171.6   8.3 267.7  27.9  23.4 358.3   2.2   7.6 357.5   2.3 350.2  39.8  38.2
 wrfout_d04_2016-03-27_20:00:00 999.0  25.0  45.7 150.8  35.5 236.2  16.0  99.8 143.1  64.1 221.0 269.4 999.0  16.8   4.4 341.9 110.9  28.8 167.0  10.3 273.9  26.2  23.5 353.3   3.3   8.1 356.6   6.5 348.1  40.9  45.3
 wrfout_d04_2016-03-27_21:00:00 999.0  29.0  49.7 162.1  38.3 223.7  13.3  95.8 155.5  61.3 276.5 265.2 999.0  18.0   3.7 342.1 128.0  28.2 172.2   8.2 281.6  24.3  24.2 356.7   0.8   7.9 353.4   6.1 347.0  45.8  45.7
 wrfout_d04_2016-03-27_22:00:00 999.0  34.4  52.8 162.1  41.8 216.5  12.1  94.1 155.6  58.7 275.4 258.1 999.0  18.7   4.9 335.1 149.7  28.5 176.9   8.5 289.2  27.5  22.0 354.2   5.1   7.6 355.0 355.1 345.6  53.0  49.0
 wrfout_d04_2016-03-27_23:00:00 999.0  39.2  57.2 170.1  50.0 211.0  10.8  84.4  19.7  53.3 241.3 260.1 999.0  20.9  13.0 337.1 254.5  30.5 167.3   8.8 304.8  32.0  23.0   1.3   7.5  10.5 351.9 351.8 352.1  58.9  53.1
