 wrfout_d04_2016-07-31_00:00:00 999.0  49.3  77.1 102.5  72.1  52.8  72.6  51.7  64.4  57.2 263.7  18.8 999.0 354.2 307.3  42.1   1.8 322.8  48.5 212.0 110.7 342.7 197.8  41.4 129.9 186.3  41.6 278.7  36.1  40.4  48.2
 wrfout_d04_2016-07-31_01:00:00 999.0  48.2  76.4  92.4  70.3  52.4  66.6  40.8  61.2  49.7  54.4  45.9 999.0 356.1 295.8  58.0 326.4 328.1  42.3 274.4  94.3 329.5 252.1  50.5 334.8 267.4  56.2 245.4  43.1  40.0  51.6
 wrfout_d04_2016-07-31_02:00:00 999.0  44.0  76.1  87.9  69.6  48.8  72.9  36.9  68.3  46.2  68.5  56.9 999.0 350.2 296.1  78.2 304.8 341.6  40.8 317.4  86.5 330.8 253.2  52.0 294.9 263.4  58.4 252.7  46.6  42.8  53.1
 wrfout_d04_2016-07-31_03:00:00 999.0  45.2  73.6  77.3  67.7  46.8  71.0  36.8  59.5  44.1  81.2  66.3 999.0 351.2 314.2  84.7 292.2  18.7  38.2  12.2  94.0 330.8 280.6  51.1 288.3 265.9  57.0 253.7  52.3  48.0  54.6
 wrfout_d04_2016-07-31_04:00:00 999.0  56.2  75.7  81.8  69.6  52.5  75.5  36.9  62.8  52.3  92.9  73.9 999.0 347.3 336.6  84.2 288.0  30.1  37.1 347.3 110.0 321.6 293.6  50.0 280.0 258.2  56.7 252.3  52.0  48.3  57.0
 wrfout_d04_2016-07-31_05:00:00 999.0  67.6  76.7  85.5  70.8  56.8  70.4  36.5  61.9  53.3  96.7  86.2 999.0 358.6 355.7  88.1 295.3  28.4  34.6 319.5 118.0 284.8 300.7  49.8 264.9 257.1  58.9 253.0  53.4  48.9  55.1
 wrfout_d04_2016-07-31_06:00:00 999.0  75.8  79.5  89.4  75.9  61.7  66.6  39.6  69.2  52.3  97.3 106.5 999.0 350.2 336.4 100.6 299.2  26.8  42.1 320.5 120.0  19.2 316.2  52.4 265.4 263.5  56.4 249.2  53.4  48.1  56.4
 wrfout_d04_2016-07-31_07:00:00 999.0  83.2  84.2  96.2  80.0  69.4  92.7  44.4 100.2  53.4 102.3 130.5 999.0 352.8 343.8 103.3 298.7  27.7  34.9 325.9 132.7  24.2 335.1  39.2 299.3 286.1  42.1 270.8  50.7  45.6  55.8
 wrfout_d04_2016-07-31_08:00:00 999.0  96.7  89.8 105.9  88.7  83.2 107.7  57.5  98.9  52.7 105.4 146.0 999.0   0.2 325.1 120.7 300.9  27.0  49.5 330.6 126.4  21.4 333.4  36.2 286.8 271.4  46.6 248.9  45.5  38.7  57.9
 wrfout_d04_2016-07-31_09:00:00 999.0 103.5  97.8 116.3  97.5 106.9 105.2  74.6  93.5  55.7 119.8 155.4 999.0 353.7 314.1 126.8 252.2  22.1  43.9 323.5 124.4  16.5 354.5  18.3 316.6 310.9  31.9 271.2  42.1  48.6  53.9
 wrfout_d04_2016-07-31_10:00:00 999.0 111.8 107.4 120.2 100.6 116.3  97.7  66.4  82.2  69.7 119.3 164.4 999.0 353.2 300.5 141.0 260.9  23.1  52.7 331.9 121.4  22.6   7.0  22.2 307.0 322.8  32.4 282.3  31.6  55.7  52.2
 wrfout_d04_2016-07-31_11:00:00 999.0 119.5 109.3 121.3  97.8 104.7  89.2  78.3  73.8  83.8 117.2 162.9 999.0   3.6 286.0 156.5 224.0  21.7  45.1 336.0 121.4  20.6   0.5  21.1 349.2 350.6  28.8 316.4  25.8  58.7  52.5
 wrfout_d04_2016-07-31_12:00:00 999.0 121.3 116.3 125.4 105.0 109.0  92.1  88.2  81.8  94.5 112.8 167.3 999.0   8.3 229.6 159.3 222.3  20.9   5.9 337.3 123.5  12.8  12.2  18.9 349.0   9.8  30.5  27.5  29.6  62.9  54.0
 wrfout_d04_2016-07-31_13:00:00 999.0 124.2 122.3 127.7 111.5 103.0  95.8  93.4  93.9  88.0 123.1 165.6 999.0 359.3 168.7 194.6 330.3  12.1 324.4 348.2 135.7  12.7   5.9  14.5 344.9 353.5  21.9  44.9  33.2  63.0  60.0
 wrfout_d04_2016-07-31_14:00:00 999.0 127.4 127.8 128.9 117.9 110.3 100.8  93.4  99.9  64.1 129.4 165.1 999.0 330.4 189.7 243.1  73.4  21.6 249.6 336.1 136.1  12.0 350.2   7.1 328.3 331.5  15.8  67.0  36.7  69.1  69.6
 wrfout_d04_2016-07-31_15:00:00 999.0 128.1 128.4 128.5 119.3 120.3 101.4  97.7  98.4  52.5 129.7 168.5 999.0 326.1 187.8 279.3  97.6  17.9 242.3 292.6 135.3  12.9 347.0  18.3 343.8 342.1  25.2  64.8  40.6  74.4  73.1
 wrfout_d04_2016-07-31_16:00:00 999.0 122.7 128.0 130.2 120.3 123.5 110.6  97.0  98.6  67.6 131.5 160.8 999.0 344.1  36.8 235.8  93.7  19.6 291.3 261.4 132.7   9.6 344.7  20.6 345.6 334.5  19.7  73.6  52.3  78.0  76.8
 wrfout_d04_2016-07-31_17:00:00 999.0 122.6 125.8 128.6 118.2 117.6 110.1  96.0 104.9  96.7 128.5 161.2 999.0 353.9 106.1  93.5  52.5   7.4 300.6 229.9 129.9   8.3 356.3   7.4  37.7 357.1  29.7  90.7  61.5  81.0  78.1
 wrfout_d04_2016-07-31_18:00:00 999.0 116.4 126.1 128.9 117.7 117.9 108.9  93.9  97.0  65.1 121.2 157.0 999.0 322.0  81.3  79.6  42.4 357.9 290.3 180.1 131.5 357.1  71.5   7.8 135.5 104.3  37.7  75.3  62.7  83.9  75.3
 wrfout_d04_2016-07-31_19:00:00 999.0 112.1 125.1 127.0 116.2 120.3 102.2  92.3  92.5  69.6 118.8 148.1 999.0 236.1 274.7  55.4  54.5 357.8 315.4 176.8 133.9   2.7 133.4  13.6  36.2 328.4  43.7  85.8  62.7  87.2  79.8
 wrfout_d04_2016-07-31_20:00:00 999.0 106.7 122.6 125.0 114.5 117.7 101.8  91.1  94.3 129.1 120.7 155.7 999.0 129.5  14.5 226.2 106.8   2.1 293.8 184.6 128.3   6.8 111.1   5.8  79.0  66.7  35.1  63.2  62.2  88.6  77.7
 wrfout_d04_2016-07-31_21:00:00 999.0 111.7 125.5 125.3 117.7 117.2  99.2  98.5  95.6 121.8 134.6 155.7 999.0 272.6  88.2 343.1 122.0 359.0 322.6 164.9 132.8  22.1  95.2 358.0  43.5  45.5  35.1  63.3  61.1  90.9  79.6
 wrfout_d04_2016-07-31_22:00:00 999.0 113.5 129.0 127.6 121.6 121.5 110.4 102.3 106.0  37.4 114.0 155.9 999.0 218.7  90.1 274.1 124.6   8.7  99.9 169.5 118.8  21.6  67.3   0.4  68.4  57.0  34.5  75.3  61.6  95.1  81.0
 wrfout_d04_2016-07-31_23:00:00 999.0 119.0 125.9 128.2 121.5 126.2 111.2 103.4 105.4 320.3 134.9 158.2 999.0 122.9 108.4 276.4 113.3  23.5 320.3 221.1 134.2 350.4  57.2   9.0  63.8  49.7  40.2  92.9  63.8  99.0  83.6
