 wrfout_d04_2016-11-04_00:00:00 999.0  50.1  70.0 242.3  57.3  68.6  82.3  62.9  85.5  67.8 343.0 306.7 999.0 215.6 213.3  31.9 342.2   9.7 212.8 354.4 251.4 357.0  36.4  25.7  25.2  27.7  13.4 355.7  32.0  34.6  15.0
 wrfout_d04_2016-11-04_01:00:00 999.0  61.9  68.5  91.9  58.6  60.6  77.6  61.0  73.6  69.7  47.7 312.0 999.0 234.0 214.3  31.7 289.5   2.5 223.1 332.1 261.7 358.5  26.3  41.9   7.5   0.9  19.2 340.1  39.0  36.7  32.7
 wrfout_d04_2016-11-04_02:00:00 999.0  56.0  68.1  80.0  58.7  70.3  71.4  51.5  62.6  65.6 355.6 309.8 999.0 265.9 226.4  22.5 281.7   3.7 237.3 312.0 265.8 355.8   8.0  51.3 347.1 345.2  47.8 318.3  46.3  43.7  39.6
 wrfout_d04_2016-11-04_03:00:00 999.0  59.4  72.4  87.3  65.1  68.5  74.8  36.9  66.7  62.5  12.0 318.6 999.0 294.1 243.8  32.9 265.1   0.7 245.7 286.0 270.7 359.5 353.3  58.2 343.2 334.8  55.8 300.1  50.5  48.7  42.0
 wrfout_d04_2016-11-04_04:00:00 999.0  61.4  74.4  99.1  66.2  68.2  77.7  38.5  65.8  62.2  49.2 309.7 999.0 301.2 239.1  34.3 258.8 355.8 248.4 293.3 276.1 349.8 341.4  62.1 332.0 323.3  49.8 286.8  58.2  47.7  39.6
 wrfout_d04_2016-11-04_05:00:00 999.0  67.8  73.4  96.4  65.4  60.2  70.7  36.1  69.2  61.7  38.6  60.4 999.0 294.4 245.4  32.1 253.3 358.1 257.2 290.2 280.5 337.5 334.0  57.5 322.3 301.3  64.9 282.7  63.2  47.8  44.8
 wrfout_d04_2016-11-04_06:00:00 999.0  73.2  72.4  82.0  61.5  65.9  74.3  42.9  69.5  56.3  12.0  80.2 999.0 293.5 246.7  37.7 254.5   2.2 249.0 283.0 282.1 346.6 323.4  52.0 305.9 293.7  52.3 288.1  68.6  51.2  44.6
 wrfout_d04_2016-11-04_07:00:00 999.0  59.8  73.5  83.3  61.4  58.6  76.4  40.2  71.3  58.9   5.8  89.8 999.0 319.5 244.7  20.6 252.7   6.8 250.2 279.7 287.0   9.2 324.0  57.1 310.5 298.1  67.8 291.1  65.8  57.3  46.1
 wrfout_d04_2016-11-04_08:00:00 999.0  63.0  79.8 108.5  66.9  67.2  68.1  62.3  62.5  55.5 323.6  36.1 999.0 344.3 261.8  11.4 251.5   8.1 271.9 291.9 279.8  10.0 329.3  46.8 313.1 304.8  76.5 296.0  80.6  55.0  59.8
 wrfout_d04_2016-11-04_09:00:00 999.0  64.8  71.8 105.8  56.6  54.9  92.4  61.2  78.8  51.3 345.0 299.9 999.0   2.4 301.3   7.1 231.3   7.1 200.4 300.8 218.3 358.8 331.9  21.7 320.3 315.4  44.1 299.7  52.7  65.2  66.8
 wrfout_d04_2016-11-04_10:00:00 999.0  71.0  67.1 168.2  54.6  74.4  89.7  62.6  70.8  59.4 338.8 285.2 999.0  21.8 339.8   8.9 215.7   7.0 200.7 322.9 196.6 357.0 338.1 357.7 331.5 328.3 343.3 303.8 271.2  76.2  71.2
 wrfout_d04_2016-11-04_11:00:00 999.0  78.9  73.1 195.0  59.4  71.5  89.6  59.9  74.8  69.9 294.3 299.8 999.0  14.8 355.2  21.8 192.3  11.9 195.0 338.7 188.5   0.4 342.8  56.6 338.4 341.6 336.6 310.6 354.9  84.7  75.7
 wrfout_d04_2016-11-04_12:00:00 999.0  75.2  77.1 207.2  62.5  79.5  86.0  64.4  69.2  74.0 305.1 321.3 999.0  23.3  10.3  19.2 167.0  11.0 197.8 335.2 181.5 357.4 350.9  15.0 354.8 346.2 349.4 317.3 271.7  87.3 345.8
 wrfout_d04_2016-11-04_13:00:00 999.0  81.4  79.3 195.6  66.7  80.2  89.8  72.1  80.4  84.9 311.1 307.9 999.0   4.1 148.9  13.4 132.8   4.8 204.4 344.6 171.6 359.2 357.3 358.5   8.0 357.0 349.5 331.5 304.8  93.7 297.8
 wrfout_d04_2016-11-04_14:00:00 999.0  90.2  80.8 204.9  62.9  77.4 103.2  78.8  73.1  95.0 309.8 293.3 999.0  12.9 143.7  12.3 147.6 359.1 199.9  16.6 179.3   1.9   7.8 306.9  28.9  18.3 325.6   1.7 326.9 110.9 268.5
 wrfout_d04_2016-11-04_15:00:00 999.0  83.6  79.9 185.6  66.0 111.7  74.5  84.3  58.3 106.2 297.1 301.6 999.0  33.8 159.2   3.0 144.6 356.3 197.3 150.3 165.9   9.1  33.7 350.7  42.0  27.6 308.0  21.2 315.2 138.5 260.0
 wrfout_d04_2016-11-04_16:00:00 999.0  93.4  99.2 144.4  82.1 118.7  79.7  97.7  76.7 109.5 273.5 293.0 999.0 166.8 196.4   3.5 154.7   4.4 200.6 243.5 170.1  10.7  78.2  44.3  48.2  39.4 322.2  10.7 315.3 128.8 336.6
 wrfout_d04_2016-11-04_17:00:00 999.0  94.7 107.2 181.9  76.4 349.7  94.3 108.6  77.6 117.3 323.2 323.7 999.0 171.7 189.3   0.4 157.1   1.4 199.0   6.0 185.8 359.1  67.3 342.8  53.6  49.4 319.9   8.4 304.6 155.5 347.0
 wrfout_d04_2016-11-04_18:00:00 999.0  95.3 104.9 145.3  75.4 301.4  98.3 115.1   4.1 115.2 323.9 302.4 999.0 180.2 175.4  24.1 163.8 358.4 192.9  76.2 197.4 358.1  54.5 342.2  46.9  45.9 313.3  23.9 299.6 154.1 340.7
 wrfout_d04_2016-11-04_19:00:00 999.0 101.6 111.5 158.5  77.4 261.5 118.6 157.5 357.7 115.3 337.3 340.7 999.0 164.8 156.4   2.6 163.2 348.6 195.2  82.6 211.8 320.2  55.5 332.6  55.1  49.7 308.2  17.7 326.4 161.1 339.0
 wrfout_d04_2016-11-04_20:00:00 999.0  94.7 126.0 147.0  78.0 255.4 119.8 180.0 230.8 120.6  43.3 289.2 999.0 146.2 192.8 354.9 150.4 351.0 200.6  73.7 232.6 331.3  47.1 321.2  51.4  47.4 328.6   9.8 321.8 167.3 335.1
 wrfout_d04_2016-11-04_21:00:00 999.0 114.1 137.3 159.9  88.5 230.9 242.6 175.3 249.5 107.2 221.9 302.5 999.0 150.2 181.9   4.1 128.3 348.8 188.4  56.0 240.0 325.5  47.9 335.8  48.9  43.9 322.2  11.8 312.5 168.5 335.2
 wrfout_d04_2016-11-04_22:00:00 999.0 116.2 192.4 146.5  89.8 232.5 269.7 174.9 208.1 106.4 219.2 295.4 999.0 154.2 188.4 357.2 109.1 355.2 190.9  32.9 245.2 355.7  50.6 340.8  26.6  29.5 326.4   2.2 318.4 195.8 330.8
 wrfout_d04_2016-11-04_23:00:00 999.0 119.0 227.7 149.7 229.8 231.0 104.0 178.9 135.5 116.9 244.7 298.6 999.0 156.3  90.9 347.2  27.9 349.7 190.6  31.1 255.5   2.1  39.2  29.0  24.3  23.5 332.1 356.4 351.2 211.9 325.6
