 wrfout_d04_2016-02-01_00:00:00 999.0  21.8  40.2  17.1  34.7  24.8  60.1  39.0  66.1  41.8  39.0 340.1 999.0  13.4   9.5  34.6 219.6  24.8 216.8   3.5 222.2  19.0  16.6  32.1 357.0 359.1  36.0 345.6  28.6  35.9 355.5
 wrfout_d04_2016-02-01_01:00:00 999.0  22.4  40.0  17.8  34.9  26.2  60.5  37.5  73.1  40.8  16.6 331.6 999.0  13.1  11.4  30.9 345.4  23.2 218.1 359.1 224.9  19.9  14.8  33.9 355.0 359.8  42.4 351.3  36.5  17.0  22.0
 wrfout_d04_2016-02-01_02:00:00 999.0  23.7  42.8  17.2  37.2  23.9  60.5  39.6  74.3  41.7 265.9 322.5 999.0  14.0   6.1  34.5   3.4  21.2 219.4   2.1 226.6  20.2   6.0  34.1 357.6 357.8  43.4 359.2  36.4  19.0  44.0
 wrfout_d04_2016-02-01_03:00:00 999.0  22.8  43.8  15.7  37.6  23.5  53.4  40.9  66.1  39.5 239.4 305.0 999.0  17.1 359.9  34.6 317.0  20.7 223.0 358.4 228.7  22.7   6.0  32.5 356.2 359.0  45.6 359.5  38.8  25.2  49.3
 wrfout_d04_2016-02-01_04:00:00 999.0  22.8  44.0  16.9  37.2  22.1  58.7  40.7  67.6  37.5 300.7 309.6 999.0  14.2   5.3  36.4 245.7  23.0 226.9 351.8 233.6  23.7   1.4  32.8 352.8 355.9  45.3 349.3  36.0  23.6  50.8
 wrfout_d04_2016-02-01_05:00:00 999.0  21.8  43.0  15.3  36.3  18.6  62.8  39.6  65.6  37.3 301.7 309.7 999.0  12.8   5.4  35.5 249.7  24.6 229.0 357.4 237.2  21.7   7.1  31.2 359.0   1.1  45.1   1.9  34.8  25.6  48.4
 wrfout_d04_2016-02-01_06:00:00 999.0  21.0  41.0  16.0  35.2  17.8  64.3  39.8  69.1  37.0 327.7 307.8 999.0  14.8   3.5  37.2 240.6  23.9 229.6 353.5 239.2  18.0   3.0  29.7 357.3 359.3  45.9 342.7  38.0  23.6  47.1
 wrfout_d04_2016-02-01_07:00:00 999.0  19.7  40.5  13.9  34.8  17.0  68.2  35.8  70.2  36.7 320.3 309.9 999.0  14.7   0.8  38.5 237.5  24.5 229.6 355.0 236.5  19.3   3.2  28.9 354.9 357.4  44.6 333.2  38.9  26.3  48.7
 wrfout_d04_2016-02-01_08:00:00 999.0  19.2  38.6  13.0  33.9  14.2  58.8  34.7  66.6  35.8 344.9 313.0 999.0  16.2   6.7  32.5 229.6  23.5 228.4 357.6 233.7  20.0  10.2  28.3 355.5 359.7  40.3 343.7  38.3  24.8  51.9
 wrfout_d04_2016-02-01_09:00:00 999.0  20.6  37.3  10.7  32.9  15.8  54.6  35.3  62.1  39.1 344.4 312.7 999.0  14.0   7.8  36.6 218.7  23.7 226.5 358.3 229.3  21.9   7.0  28.1 353.0 357.8  31.6 347.3  36.5  25.4  52.1
 wrfout_d04_2016-02-01_10:00:00 999.0  19.8  38.5  13.9  33.6  14.3  72.2  36.4  73.4  35.4 358.0 303.0 999.0  14.5   6.7  35.6 204.6  25.8 223.4 354.7 228.7  21.2  12.8  24.8   0.3   5.3  15.5 353.5  29.9  25.4  48.6
 wrfout_d04_2016-02-01_11:00:00 999.0  21.2  42.8  16.6  35.7  17.3  66.6  39.7  75.5  35.6 340.5 290.2 999.0  14.6   7.3  37.2 210.1  27.1 217.9 358.0 231.9  22.0  15.1  26.4 357.7 359.7  15.1 353.6  21.8  23.6  46.1
 wrfout_d04_2016-02-01_12:00:00 999.0  21.5  44.6  12.0  36.7  19.9  62.8  40.4  70.0  41.0 351.1 285.2 999.0  17.7   5.9  34.5 220.9  25.4 211.3 356.2 235.0  22.7  12.8  23.7   1.5   5.6   9.9 349.8  30.2  26.2  51.0
 wrfout_d04_2016-02-01_13:00:00 999.0  21.9  48.2  14.2  39.8  20.6  63.4  42.9  65.0  45.0 292.1 274.4 999.0  15.4 358.4  35.6 250.5  25.2 213.8 356.8 237.7  22.4  11.1  27.2   0.3   2.3  17.2   4.7  26.5  25.2  53.6
 wrfout_d04_2016-02-01_14:00:00 999.0  24.0  50.0  11.6  41.6  24.5  61.7  40.2  59.9  40.4 326.2 271.2 999.0  15.3 359.9  35.5 243.6  27.3 215.6 355.2 237.0  21.7  13.8  29.9 359.5   3.4  19.7  10.4  22.6  21.1  52.0
 wrfout_d04_2016-02-01_15:00:00 999.0  24.2  50.9  15.1  42.3  24.0  60.8  41.4  65.5  44.3 305.5 272.8 999.0  15.8   4.4  33.3 193.0  27.7 215.1 356.5 238.3  22.4  17.1  27.7   3.1   5.1  14.9   3.4  20.9  23.2  50.9
 wrfout_d04_2016-02-01_16:00:00 999.0  26.1  49.6  15.4  41.7  26.6  56.2  42.9  63.8  44.6 276.8 273.1 999.0  21.3   3.9  37.0 348.9  25.8 216.8  10.6 241.7  20.1  14.9  27.0 358.9   6.0  11.6   4.2  20.9  25.1  52.9
 wrfout_d04_2016-02-01_17:00:00 999.0  26.2  51.1   5.1  43.7  28.7  68.2  39.6  74.2  41.0 312.8 273.7 999.0  18.3   0.1  40.5 232.3  24.1 222.9 351.0 244.7  19.1  15.8  26.0 356.4 355.4  11.0   7.4  20.5  25.5  54.8
 wrfout_d04_2016-02-01_18:00:00 999.0  22.8  48.4   6.5  42.1  27.3  54.8  43.5  50.4  45.0 324.7 274.8 999.0  16.6   6.3  36.2 287.1  24.9 223.0   3.3 245.3  19.8  12.9  23.7   2.2   3.7  10.0 356.5  21.9  24.4  54.3
 wrfout_d04_2016-02-01_19:00:00 999.0  23.1  47.8  10.5  43.1  26.4  59.5  41.3  70.2  42.8 312.5 268.2 999.0  14.0   7.8  38.1 215.0  24.8 218.5   4.1 247.0  19.6  14.3  24.4 355.4 350.1  12.6 356.7  24.4  24.1  56.4
 wrfout_d04_2016-02-01_20:00:00 999.0  22.9  46.0   1.7  41.5  23.6  58.0  43.9  64.9  46.4 343.6 274.4 999.0  16.5  10.8  34.3 186.7  27.1 221.7   0.3 250.6  19.9  14.9  23.2   2.9   6.6  11.0   3.1  19.8  24.5  52.3
 wrfout_d04_2016-02-01_21:00:00 999.0  26.0  48.2   2.8  42.9  27.1  67.1  45.1  83.7  42.9 317.4 276.4 999.0  16.0   0.2  32.1   8.9  27.0 212.5   4.6 242.7  22.3  17.6  23.4   8.2   8.5   6.1  11.8  17.5  24.2  51.5
 wrfout_d04_2016-02-01_22:00:00 999.0  26.8  46.1  11.1  41.8  27.8  40.7  45.3  70.6  45.8 253.8 270.0 999.0  17.5   5.6  30.9 123.4  25.5 209.0   4.0 245.5  20.2  15.9  21.7   3.6   2.9   4.8  12.5  18.3  23.6  53.8
 wrfout_d04_2016-02-01_23:00:00 999.0  29.4  46.5   7.6  41.9  35.2  47.7  41.0  61.1  36.8 257.8 270.1 999.0  21.4   3.0  25.0  13.9  27.0 212.2 353.4 250.1  22.3  14.0  20.5   5.1   8.0   2.0   7.7  17.6  21.9  50.1
