 wrfout_d04_2016-09-12_00:00:00 999.0 338.5 291.1 301.7 287.2 243.2 251.6 154.6 245.3  81.6 177.4  59.8 999.0  10.1   1.6  28.0   7.7  19.5  62.1   2.2 279.4  11.1  18.2 169.1 353.4 349.4 209.2 342.8 169.5  67.8  88.9
 wrfout_d04_2016-09-12_01:00:00 999.0   2.0 311.5 332.0 294.0   3.0 301.9 342.2 278.9  17.1 171.2 104.2 999.0 359.7 358.5  64.9 356.8  23.2  46.2 356.2 328.1  22.4   7.1  86.9 357.4 357.9 150.8 346.0 111.7 115.2 121.9
 wrfout_d04_2016-09-12_02:00:00 999.0   5.7 302.8 325.3 280.6 358.6 328.8   4.5 344.0 353.0 105.7  84.8 999.0 358.8 347.0  52.0 358.1  19.7  45.0 352.3 335.8  17.4 351.4  79.6 350.2 349.1 136.5 292.4 127.1  89.5 298.6
 wrfout_d04_2016-09-12_03:00:00 999.0   4.7 325.1 333.0 290.7   9.9 321.1   6.6 347.8 354.2 103.0  64.7 999.0   2.7 350.3  42.1 357.6  18.5  48.1 353.7 332.0  17.2 344.3  80.8 344.0 342.6 121.9 280.5 122.9  69.2 285.0
 wrfout_d04_2016-09-12_04:00:00 999.0   0.8  13.5 337.2 350.3  15.4 315.8  14.6 341.4 357.4 107.4  57.4 999.0   0.8 350.1  39.4 330.7  18.4  40.5 351.7 335.2  13.7 343.8  78.5 338.4 336.5 106.4 283.9 114.7  64.3 244.7
 wrfout_d04_2016-09-12_05:00:00 999.0   2.6  21.5 353.4  32.4  19.7 313.9  25.0 344.1   7.7 110.3  51.6 999.0   1.9 350.0  46.9 332.1  18.7  39.5 340.4 345.1  12.5 344.9  75.5 331.7 332.8  91.3 291.3 101.2  58.9 241.8
 wrfout_d04_2016-09-12_06:00:00 999.0 356.2  12.8 359.9  16.7 355.8 342.1  25.4 343.8  15.1 118.6  44.3 999.0   6.4 350.4  42.5 328.6  16.9  34.8 340.0 353.5  11.5 344.7  67.5 328.6 328.5  91.5 292.6  98.1  56.7 258.4
 wrfout_d04_2016-09-12_07:00:00 999.0 359.3  29.6 353.5  30.9 357.2  52.8  35.8 349.0  29.1 134.3  40.9 999.0   6.6 350.7  39.0 319.5  21.5  52.4 337.3  17.3  11.2 346.7  56.0 333.8 337.6  88.2 298.6  90.3  56.6 300.5
 wrfout_d04_2016-09-12_08:00:00 999.0   6.8  24.9   4.6  32.3   0.7  86.4  27.9 354.8  32.1 201.9  52.9 999.0   6.4 354.1  37.9 326.0  23.7  59.9 338.9  50.2  16.0 351.6  57.9 336.6 344.6  57.8 306.4  71.2  47.1 314.1
 wrfout_d04_2016-09-12_09:00:00 999.0  12.2  25.7   8.4  27.9  11.9  85.9  26.6  26.7  34.0 153.0  28.8 999.0   9.9 354.2  31.5 314.9  28.8  72.2 333.6  49.9  21.3 352.5 314.9 331.6 336.2  92.4 298.9  35.6  37.2  32.0
 wrfout_d04_2016-09-12_10:00:00 999.0  17.6  32.8   7.4  30.7   0.4 147.0  41.8  86.5  36.8  40.1  26.0 999.0  12.2 357.5  20.3 344.1  28.2  79.0 334.8 101.5  22.4   0.3  19.5 334.2 344.2  44.2 304.1  36.0  31.4  73.1
 wrfout_d04_2016-09-12_11:00:00 999.0  14.4  30.2   6.5  31.4   1.8 133.4  34.0 119.0  36.3  79.0   5.4 999.0  13.5 358.0  14.4 156.9  27.9 104.0 359.9 136.7  20.2   1.3  21.6 349.7 351.0   1.2   0.3  11.3  39.9  52.3
 wrfout_d04_2016-09-12_12:00:00 999.0  21.1  35.3 346.3  36.5 359.6  90.9  42.7  90.6  29.9 269.4 335.6 999.0   9.9   2.1  18.4 190.7  26.6 209.8 352.6 284.2  21.0   7.3  31.7 350.1 357.2  17.9  24.4 353.7  38.5  83.4
 wrfout_d04_2016-09-12_13:00:00 999.0  26.1  39.7 334.5  33.7   9.9 119.1  41.8  98.4  33.7 220.4 312.0 999.0  13.8   0.3  18.9 188.9  27.4 236.3   1.3 318.0  25.4  14.7  29.1   6.6  13.2   9.4  14.5 351.4  36.3  86.1
 wrfout_d04_2016-09-12_14:00:00 999.0  31.2  41.5 350.4  43.5 343.9 212.0  41.7  94.8  41.4 213.3   0.8 999.0  14.1   5.7  13.3 198.5  29.6 227.8 354.9  23.9  25.8  22.6  32.4   2.4  12.0   7.2  29.5  24.3  33.7  55.4
 wrfout_d04_2016-09-12_15:00:00 999.0  30.7  42.9 336.3  40.7 352.9 223.9  38.8 104.8  48.9 179.4 334.6 999.0  15.3  20.7   4.5 185.9  30.8 227.0 348.0  17.2  34.3  20.9  31.8  14.5  27.4 352.1  25.2  12.1  31.6  57.4
 wrfout_d04_2016-09-12_16:00:00 999.0  40.7  38.6 338.8  42.3 317.9 205.5  38.0  87.7  45.3 157.5 324.9 999.0  18.0  22.8 359.1 191.6  27.8 208.3 348.2  76.0  27.5  16.3  31.2   9.1  20.6  18.8  15.8   1.8  39.5  37.5
 wrfout_d04_2016-09-12_17:00:00 999.0  47.7  45.1 329.7  40.5 355.0 151.8  33.5  83.0  29.7  30.9 325.9 999.0  23.4  30.8 342.6 169.4  24.9 169.3 323.6 100.1  23.3  25.2  29.4  26.0  32.2  18.3 349.7   4.3 359.2  27.7
 wrfout_d04_2016-09-12_18:00:00 999.0  43.4  48.6 288.6  36.8   5.2  37.7  24.5 352.2  27.5 265.4 296.0 999.0  22.1  14.2 329.4 157.9  21.0 100.1 326.8 100.6  19.4  22.6  33.5 355.2  13.0  12.4 338.4  11.3  24.8  37.9
 wrfout_d04_2016-09-12_19:00:00 999.0  33.6  40.8 203.2  30.2 274.4   0.4  29.5 347.0  22.6 233.7 294.0 999.0  24.7   2.4 339.5  72.8  14.6  85.2 318.2  99.9  15.0  14.5  33.6 336.8 347.5  19.0 333.6   8.3  23.3  37.4
 wrfout_d04_2016-09-12_20:00:00 999.0  46.3  42.8 166.2  33.1 224.8  46.8  39.4  20.8  31.6 183.0 307.9 999.0  16.9 350.2 354.6 309.0  13.0  92.1 345.7 104.4  17.6  14.8  33.6 343.8 349.0  13.8 324.9   3.4  17.9  18.2
 wrfout_d04_2016-09-12_21:00:00 999.0  57.7  45.5 169.1  34.3 205.4  82.1  34.0  59.7  32.8 258.6 311.3 999.0  16.8 357.3  10.7  26.7  13.1  91.2  12.8 104.0   7.9  10.4  34.6   5.3   7.2  15.8 344.2   5.9  19.0  14.3
 wrfout_d04_2016-09-12_22:00:00 999.0  61.3  47.7 200.5  36.0 162.4  54.7  35.7  37.3  28.4 239.2 283.5 999.0  22.7 353.9  10.3  53.7  13.8  89.0  31.9 107.8   8.7  21.4  32.5   1.5   7.2  18.4 357.8   6.6  17.8  10.9
 wrfout_d04_2016-09-12_23:00:00 999.0  64.0  56.1 216.8  45.3   1.4  87.6  41.0  48.5  25.5 149.2 311.9 999.0  17.2 357.8  21.4   8.5  19.5  80.4  22.3 106.7  12.1  18.6  38.2   7.7 359.4  33.0 357.1  27.4  18.7   5.3
