 wrfout_d04_2016-01-31_00:00:00 999.0  47.2  70.2  70.7  60.5  46.5  78.6  52.7  68.0  45.1 224.4 266.3 999.0  15.3 349.6  44.6  35.5  23.8 212.2 347.9 232.0  19.3  22.3  36.3   3.3   7.5  20.5 353.0  41.9  29.0  55.5
 wrfout_d04_2016-01-31_01:00:00 999.0  49.6  71.9  83.5  61.5  55.9  64.7  53.3  65.1  49.5 237.8 271.4 999.0  11.3  10.3  23.1 294.6  25.3 203.1 349.6 251.7  19.6  13.9  36.6   1.7   7.1  32.0 352.1  38.2  27.1  58.2
 wrfout_d04_2016-01-31_02:00:00 999.0  52.6  72.9  82.6  62.2  60.5  72.7  55.6  60.1  50.6 270.0 322.2 999.0   9.5 334.3  35.0 314.0  24.0 227.6 348.2 259.1  17.4  13.2  42.5   1.7   3.8  47.4 326.8  39.9  28.7  59.7
 wrfout_d04_2016-01-31_03:00:00 999.0  52.1  74.0  81.5  61.2  57.5  76.7  54.8  63.9  50.6  63.8 343.0 999.0   1.9 324.0  37.3 339.7  23.0 240.0 342.2 259.5  16.4   4.3  38.3 352.5 353.3  47.4 268.0  39.7  33.3  57.3
 wrfout_d04_2016-01-31_04:00:00 999.0  52.7  75.4  84.8  62.8  61.9  75.6  54.9  61.8  51.4  56.1  30.8 999.0   0.7 323.7  31.8 327.7  24.2 241.4 339.8 260.3  14.8 358.8  40.3 347.8 343.2  51.5 260.2  46.8  31.7  61.0
 wrfout_d04_2016-01-31_05:00:00 999.0  49.3  78.2  91.2  65.9  66.2  77.3  54.7  65.2  48.3  44.1  49.1 999.0   2.7 326.2  26.4 274.6  23.7 238.0 331.7 264.0  13.6 355.5  40.5 341.3 329.1  53.7 257.6  48.0  36.2  60.4
 wrfout_d04_2016-01-31_06:00:00 999.0  47.2  80.1  97.5  67.1  66.0  80.1  55.8  62.8  46.9  43.7  18.0 999.0   3.7 336.7  33.4 265.8  21.4 235.6 322.2 263.1  14.1 349.4  36.9 329.6 323.4  52.9 254.7  46.3  32.2  58.8
 wrfout_d04_2016-01-31_07:00:00 999.0  52.9  81.3  99.1  68.1  65.5  76.0  54.4  57.5  44.0  17.4 297.8 999.0   5.4 341.0  26.9 258.2  21.0 232.2 321.0 260.8  13.8 352.3  38.5 328.8 319.8  52.0 267.4  30.5  38.6  59.1
 wrfout_d04_2016-01-31_08:00:00 999.0  53.8  80.4  92.7  66.3  61.7  69.7  47.1  59.7  36.4 349.7 260.5 999.0   5.5 337.6  24.6 256.8  18.8 224.1 322.8 254.8  12.8 356.5  40.0 329.1 322.3  44.8 279.9  22.5  36.4  60.5
 wrfout_d04_2016-01-31_09:00:00 999.0  51.0  75.1  63.4  62.6  56.9  67.3  39.8  58.9  35.1  10.3 131.0 999.0   5.9 343.2 358.8 238.5  17.9 207.6 325.3 246.6  12.6 354.9  12.4 328.8 334.0  48.0 288.5  34.5  46.2  60.8
 wrfout_d04_2016-01-31_10:00:00 999.0  49.3  69.7  49.2  59.2  54.2  62.3  39.1  58.4  34.8  15.2 290.0 999.0   8.5 342.4  25.1 214.8  17.5 184.6 332.4 241.3  11.0 353.7  13.7 331.4 338.0  12.7 285.3   8.3  26.5  66.0
 wrfout_d04_2016-01-31_11:00:00 999.0  49.3  68.5  54.7  57.6  52.1  64.9  41.2  53.8  31.7  15.3 303.9 999.0   9.9 348.2 327.0 203.9  17.0 188.8 344.8 238.9  11.5 355.6 358.1 336.6 343.7 354.3 284.0   5.7  39.2  59.9
 wrfout_d04_2016-01-31_12:00:00 999.0  48.7  66.3  49.7  56.4  50.1  63.9  38.4  54.7  27.5 357.1 274.7 999.0  11.6 351.4 316.2 212.5  16.4 196.6 350.5 234.4  10.9   6.8  44.0 350.5 350.6  20.0 290.5   8.9  32.5  59.2
 wrfout_d04_2016-01-31_13:00:00 999.0  42.7  64.2  42.1  54.1  49.0  59.9  41.1  60.8  36.7 353.9 261.8 999.0  11.1 351.9 352.2 209.1  13.4 197.9 350.7 229.7  12.4  11.5  29.2 352.4 355.1  16.0 304.1   0.2  33.4  61.4
 wrfout_d04_2016-01-31_14:00:00 999.0  44.0  64.8  40.7  53.0  47.2  70.9  42.4  58.4  28.6  43.7 312.5 999.0  12.0 355.3  11.4  86.8  12.6 197.4 356.1 223.1  16.1  13.7 343.5 351.1 357.9 343.7 326.4   9.3  36.7  56.7
 wrfout_d04_2016-01-31_15:00:00 999.0  41.6  61.5  33.9  50.7  38.7  73.4  42.0  63.0  29.3  42.2 347.4 999.0  15.0 359.4  20.3 246.2  14.6 199.1 359.4 221.9  12.2  12.0  29.2 350.4 356.5  28.9 339.9 357.2  33.4  54.5
 wrfout_d04_2016-01-31_16:00:00 999.0  33.7  61.7  35.1  48.9  42.9  74.6  40.7  67.4  27.2  26.0 310.6 999.0  10.3 359.1 345.9   5.8  16.2 201.5 357.8 223.3   7.4   8.9  32.8 351.0 353.2   4.5 349.6  10.3  38.3  43.1
 wrfout_d04_2016-01-31_17:00:00 999.0  33.0  55.6  27.6  44.8  34.6  70.0  36.1  80.1  21.1  36.7  43.1 999.0   8.9   1.1   0.4 213.6  16.3 200.7   4.7 222.2   8.8  14.2  14.8 356.8 359.2   4.6 359.6  14.2  45.6  29.3
 wrfout_d04_2016-01-31_18:00:00 999.0  26.8  49.9  21.9  39.6  22.3  73.0  42.3  79.0  34.6  36.1  17.4 999.0  15.7   3.7   5.3 184.0  17.4 201.3   5.1 223.4  12.0  12.5   4.4   0.3   4.6  31.9 359.5   5.0  37.4   1.1
 wrfout_d04_2016-01-31_19:00:00 999.0  27.9  50.2  24.6  39.9  21.1  81.2  41.7  99.9  36.8  46.0 349.8 999.0  17.7   5.7  24.0 300.2  16.8 196.5   0.3 222.8  16.1   6.8  17.9 358.0   1.4  13.6   6.0  18.8  40.6 358.7
 wrfout_d04_2016-01-31_20:00:00 999.0  26.0  50.0  24.3  40.9  20.4  75.8  37.4  89.9  40.2  61.9 329.9 999.0  17.7   2.4  28.5 204.4  20.7 192.4 353.5 222.8  17.4  12.6  16.2   1.1   3.3  21.8  15.7  23.8  45.6   3.2
 wrfout_d04_2016-01-31_21:00:00 999.0  23.4  46.4  20.1  38.4  19.5  82.1  35.2  82.6  34.2  29.0 339.8 999.0  14.4   7.7  33.6 218.2  23.1 192.8 357.7 217.4  16.5  15.1  20.0 347.8 357.8  18.7   8.0  20.4  38.1 348.5
 wrfout_d04_2016-01-31_22:00:00 999.0  22.9  42.7  17.8  35.7  20.9  84.1  34.7  75.7  39.7  51.8 343.0 999.0  14.2  11.9  33.9 210.3  23.4 208.7 356.0 215.7  15.2  17.1  24.7 357.7   4.1   6.2 357.3  19.3  42.2  12.5
 wrfout_d04_2016-01-31_23:00:00 999.0  21.1  42.0  16.7  35.2  23.6  77.1  36.3  81.2  38.8  70.2 342.7 999.0  12.7   7.1  32.9 204.7  25.6 211.1 356.9 220.9  14.8  17.9  31.4 358.6   1.5  27.1 358.7  15.0  31.4 328.6
