 wrfout_d04_2016-02-05_00:00:00 999.0  16.7  39.4   3.5  35.6   7.8 219.8  35.8  44.6  41.9  46.8 336.7 999.0  10.7   5.7  33.3 249.4  23.2 230.8   4.5 240.2  16.1  11.1  30.6 359.2 359.4  30.2 345.6  33.1  14.2   5.0
 wrfout_d04_2016-02-05_01:00:00 999.0  13.6  37.6   7.6  35.3  14.9 183.5  40.3  52.7  40.6  68.6 337.9 999.0  10.9   3.8  35.4   7.6  23.0 234.7   5.8 240.6  15.8  11.7  27.0   4.5   4.1  35.4 356.1  43.3  18.6  20.9
 wrfout_d04_2016-02-05_02:00:00 999.0  14.1  38.0  13.5  35.1  10.0  79.1  34.7  57.9  39.4  97.9 337.5 999.0   9.7 357.4  37.1 295.2  21.2 237.8   5.7 248.6  15.7  10.7  26.3   4.0   5.7  43.9 359.0  47.2  23.5  38.9
 wrfout_d04_2016-02-05_03:00:00 999.0  12.5  38.6  15.1  35.8  13.3  84.3  34.6  38.1  34.3  39.0 347.4 999.0  10.5 357.7  36.8 278.2  21.7 240.5   1.4 253.2  15.2   4.2  28.6 353.8 355.7  40.5 343.7  41.4  30.7  35.2
 wrfout_d04_2016-02-05_04:00:00 999.0  12.3  40.5  16.3  36.9  13.7  80.1  34.7  60.8  33.6  39.6 351.3 999.0  10.1 355.0  32.4 269.8  22.7 234.5 352.2 247.3  14.1   2.6  29.1 358.5 359.6  45.3 336.1  41.3  24.0  43.2
 wrfout_d04_2016-02-05_05:00:00 999.0  12.2  39.7  13.5  37.2  14.9  64.7  36.4  34.6  36.1  41.7 351.3 999.0  10.6 355.2  31.8 272.0  22.7 236.7 351.8 243.0  15.3   1.4  29.6 350.0 352.2  47.5 319.1  41.6  27.0  45.3
 wrfout_d04_2016-02-05_06:00:00 999.0  15.8  39.9  14.1  37.7  14.8  61.1  35.0  50.8  37.5  35.2 350.8 999.0  10.5 355.7  34.4 271.9  20.8 236.6 353.1 243.2  14.5   2.4  27.4 351.0 353.8  45.8 317.7  36.0  26.1  49.5
 wrfout_d04_2016-02-05_07:00:00 999.0  19.7  39.2  10.2  37.1  15.0  57.0  35.6  45.8  35.8  47.9 348.5 999.0  10.1 358.6  31.2 272.5  18.9 236.7 351.9 246.7  13.8   3.1  22.9 350.9 354.6  41.1 323.6  37.8  29.1  50.9
 wrfout_d04_2016-02-05_08:00:00 999.0  19.9  39.6   9.1  37.4  18.0  56.5  35.7  23.4  36.1  42.5 343.8 999.0  11.7   0.6  32.5 262.8  17.7 230.1 351.8 246.2  12.6   4.5  23.3 349.9 353.3  34.7 332.8  33.0  27.1  51.8
 wrfout_d04_2016-02-05_09:00:00 999.0  17.9  40.1   4.8  37.1  22.2  41.4  31.1  18.8  32.3  26.3 327.6 999.0  11.3   0.1  28.1 241.8  18.8 232.6 352.3 236.1  11.8   4.4  23.9 348.3 352.7  18.6 333.3  31.9  25.4  48.4
 wrfout_d04_2016-02-05_10:00:00 999.0  20.1  41.3   9.0  38.1  24.4  78.8  28.8  18.0  29.6  33.7 309.4 999.0  12.8   2.5  29.1 207.7  16.5 221.7 355.4 227.4  16.1   4.5  21.4 351.7 355.9  13.6 336.7  22.8  23.8  46.3
 wrfout_d04_2016-02-05_11:00:00 999.0  20.5  40.1  12.4  37.9  21.7  67.5  22.5  96.8  28.4  37.9 324.4 999.0  10.9   3.1  28.8 210.4  16.0 215.2   0.9 231.7  15.6   8.3  19.0 359.4   0.7   5.1 353.2  27.7  23.2  48.1
 wrfout_d04_2016-02-05_12:00:00 999.0  21.7  36.8  11.7  37.0  22.0  45.5  32.1  96.2  32.8 235.9 306.9 999.0   9.4   5.0  31.7 212.5  15.2 210.1   3.6 230.8  13.0  11.7  19.5 359.6 359.2 356.3 352.5  16.6  17.5  49.7
 wrfout_d04_2016-02-05_13:00:00 999.0  22.6  37.8  13.9  36.3  20.0  32.6  36.7  77.9  37.0 235.0 299.5 999.0  11.1   6.7  34.6 215.3  15.6 212.7   4.4 229.2  11.8  11.1  16.9   0.6   2.3 353.1 349.4  15.4  16.2  55.7
 wrfout_d04_2016-02-05_14:00:00 999.0  22.2  37.0  14.8  35.4  22.4  26.9  39.0  50.2  36.7 286.8 302.0 999.0   9.6   3.7  35.8 218.3  16.8 215.4   7.5 232.0  12.0  13.6  11.5 353.0 354.9 352.2 355.3  14.4  17.1  49.4
 wrfout_d04_2016-02-05_15:00:00 999.0  21.2  37.5  14.7  35.3  21.9  33.4  36.3  33.9  37.0 321.7 302.8 999.0  13.8   4.1  36.5 220.5  11.1 219.8   8.6 236.1  11.7  16.4  10.5 353.4 356.8 356.1 352.6   9.0  13.7  40.9
 wrfout_d04_2016-02-05_16:00:00 999.0  18.6  38.2  14.6  35.1  19.8 341.9  36.3  26.9  39.2 356.6 308.5 999.0  13.5   3.5  35.1 211.6  19.8 216.8   5.1 239.3  15.6  13.5  10.3 357.2   2.3 357.5 354.7  17.8  13.1  44.6
 wrfout_d04_2016-02-05_17:00:00 999.0  15.8  36.1  13.4  33.7  21.1 253.5  35.8  25.7  38.3 337.2 305.4 999.0  13.9   3.3  35.8 215.7  16.1 217.5   6.1 242.4  15.6  17.5   8.8 356.0 357.3 359.1 356.9  25.0   9.2  41.4
 wrfout_d04_2016-02-05_18:00:00 999.0  12.1  30.3  13.3  29.9  15.8 250.8  33.1  41.2  36.7 327.5 295.4 999.0  14.0   2.9  36.0 216.9  16.8 219.3 356.3 245.3  16.1  13.1  12.5   0.3 359.5 359.1   0.3  25.0  10.1 333.8
 wrfout_d04_2016-02-05_19:00:00 999.0   7.3  24.4  11.6  25.9  10.6 239.3  27.9  87.3  33.8 349.6 287.6 999.0  16.3   6.7  35.7 213.2  15.5 225.5   0.5 245.8  15.0   9.1  14.4   1.3   3.8   1.1 357.0  21.9  10.2   6.2
 wrfout_d04_2016-02-05_20:00:00 999.0   3.4  20.4   8.3  23.7   6.3 239.4  23.1  45.2  29.8 355.2 286.9 999.0  16.0   6.0  38.0 208.5  16.7 224.6   4.3 246.0  16.8  10.5  13.1   6.0   4.2 357.8 353.9  25.0  22.7 356.2
 wrfout_d04_2016-02-05_21:00:00 999.0   2.6  17.0   1.9  22.0   2.9 281.9  25.5  19.8  28.6 343.7 292.7 999.0  18.2   6.0  37.0 205.9  18.2 213.5   7.8 246.4  17.0  11.4  14.2   5.6   5.6 357.4 354.7  29.0  19.9   3.2
 wrfout_d04_2016-02-05_22:00:00 999.0   2.3  15.9   2.5  19.3 358.3 330.8  29.4   2.8  31.2  99.4 288.9 999.0  14.5   5.6  36.9 203.8  22.0 211.3  11.2 248.2  17.7  12.9  14.0   2.5   1.2 356.0 357.7  26.3  16.3  22.6
 wrfout_d04_2016-02-05_23:00:00 999.0   1.8  17.1   4.2  21.2 356.0 319.0  29.5   1.2  35.3 152.5 287.9 999.0  15.4   7.0  35.8 214.5  21.1 212.3   9.9 247.2  18.5  13.5  15.7   2.2 358.9 356.6 358.7  23.1  20.4  35.0
