 wrfout_d04_2016-07-09_00:00:00 999.0 117.0 140.1 135.4 131.5 124.6  90.7 136.8  20.0 207.9 123.9 136.9 999.0 157.8 145.8 193.4  60.1 207.2 206.9 177.4 193.3 212.2 193.4 192.5 187.1 187.6 195.1 202.6 210.6 213.5 221.3
 wrfout_d04_2016-07-09_01:00:00 999.0 121.7 148.9 140.0 144.6 132.5 200.0  82.8   0.1  49.6 133.1 143.0 999.0 177.2 178.0 189.9  19.2 209.3 208.7 182.2 200.4 212.5 190.2 196.4 190.6 190.6 199.2 204.0 218.4 214.1 214.7
 wrfout_d04_2016-07-09_02:00:00 999.0 125.5 149.6 161.6 142.4 126.3 214.1  47.9 353.0  70.5 120.7 142.9 999.0 170.9 180.4 228.4   1.1 211.7 213.1 182.5 172.7 205.4 182.6 201.0 181.3 183.4 194.0 200.8 217.5 213.9 217.4
 wrfout_d04_2016-07-09_03:00:00 999.0 121.3 147.5 115.4 138.4 142.8  47.6  69.3  38.9  70.1 125.9 148.9 999.0 167.9 180.4 219.9 286.7 201.7 223.0 178.7 187.4 201.5 185.7 203.6 183.5 185.0 193.7 202.6 230.7 216.1 219.1
 wrfout_d04_2016-07-09_04:00:00 999.0 123.9 137.3 117.1 125.1 129.6  63.3  18.7  28.2  46.3 140.8 152.0 999.0 172.5 165.2 191.6  78.1 198.6 210.2 183.2 197.2 192.2 184.7 203.8 182.4 184.0 191.3 198.1 237.8 215.7 221.7
 wrfout_d04_2016-07-09_05:00:00 999.0 126.6 142.4 139.1 130.2 127.3 150.7  47.8 180.1  63.6 155.1 151.4 999.0 172.7 167.5 178.1  23.6 197.8 229.1 177.9 189.0 191.7 188.8 196.9 192.7 189.9 191.9 198.8 216.0 214.4 218.4
 wrfout_d04_2016-07-09_06:00:00 999.0 121.6 159.7 137.9 141.9 155.8 199.7  41.1 196.6 105.0 256.7 155.7 999.0 179.9 187.6 176.5  53.7 196.6 214.1 178.0 200.7 194.8 186.4 201.5 192.4 190.4 192.9 196.5 218.8 210.0 215.6
 wrfout_d04_2016-07-09_07:00:00 999.0 124.7 166.4 139.1 152.9 175.7 165.1  84.0  82.8  75.3 328.4 142.8 999.0 184.2 185.4 171.2  26.5 195.7 202.9 181.3 193.0 191.8 185.8 203.8 192.0 191.1 188.3 198.4 220.0 209.4 210.1
 wrfout_d04_2016-07-09_08:00:00 999.0 130.4 146.7 133.9 127.4 152.0  98.1  87.5  88.5  92.2 185.4 158.9 999.0 184.1 182.8 177.9  42.0 194.5 207.5 185.5 190.9 192.0 185.0 206.6 193.1 189.6 189.0 195.4 210.8 205.8 209.1
 wrfout_d04_2016-07-09_09:00:00 999.0 138.2 119.4 130.8  90.5 144.3  70.5 100.1  15.2 109.9 244.5 152.9 999.0 179.2 189.3 181.8  33.7 190.6 206.4 185.9 195.9 189.5 185.3 211.8 189.4 188.2 202.3 195.2 217.8 202.4 206.7
 wrfout_d04_2016-07-09_10:00:00 999.0 131.5 155.2 131.8 138.0 170.3 148.9 128.8 136.1  74.8 308.2 150.5 999.0 184.5 185.8 186.7  43.3 193.4 198.0 178.1 191.2 190.6 187.0 207.3 190.6 189.8 197.4 190.9 205.5 201.7 204.6
 wrfout_d04_2016-07-09_11:00:00 999.0 135.5 168.8 128.8 148.3 193.2 134.2 105.6  64.3 333.5 326.3 151.9 999.0 176.1 188.8 187.5  51.7 197.6 194.7 173.1 184.5 188.1 186.4 203.7 183.8 183.8 192.2 192.0 197.1 200.1 202.7
 wrfout_d04_2016-07-09_12:00:00 999.0 151.9 157.8 137.3 121.9 243.1  43.6  59.2  27.4 126.5 280.3 165.0 999.0 186.9 190.9 199.1  51.9 190.5 195.5 173.9 179.1 185.6 183.9 202.9 185.1 184.1 195.5 193.1 201.5 199.0 204.8
 wrfout_d04_2016-07-09_13:00:00 999.0 151.7 175.5 105.5 128.2 289.3  29.6  91.2  24.6 145.1 340.4 170.6 999.0 181.1 182.5 213.3  57.3 188.3 196.0 174.9 183.3 187.8 178.8 203.2 182.2 179.8 195.2 193.7 211.2 196.1 206.2
 wrfout_d04_2016-07-09_14:00:00 999.0 153.0 134.0 105.7  94.9 338.7 107.0 198.5 146.4  56.6 342.3 169.5 999.0 182.3 192.6 208.0  55.4 183.6 197.1 175.1 177.7 185.6 180.8 196.8 190.0 184.6 203.9 191.6 249.4 202.4 200.4
 wrfout_d04_2016-07-09_15:00:00 999.0 148.7 165.6 143.4 104.3 287.6 222.5  91.5 295.1  96.7  72.7 174.8 999.0 182.0 181.7 223.8  21.7 184.8 197.9 178.2 175.1 186.5 184.9 198.5 190.0 188.2 213.0 194.3 201.0 199.0 201.8
 wrfout_d04_2016-07-09_16:00:00 999.0 151.2 106.3 167.6  98.8 252.7 183.4  97.7 172.0 106.8 105.3 164.0 999.0 178.6 180.6 219.1 347.0 186.2 202.7 177.0 177.0 186.2 180.5 230.8 181.2 183.3 220.6 190.3 215.5 198.3 197.0
 wrfout_d04_2016-07-09_17:00:00 999.0 156.5 333.2  77.2 345.9 262.1  38.8 135.1  75.9 184.1  62.0 180.6 999.0 179.6 179.8 211.4  71.7 183.5 207.9 172.2 187.1 182.1 176.7 228.8 173.6 177.1 216.3 187.1 211.6 198.5 203.7
 wrfout_d04_2016-07-09_18:00:00 999.0 159.8 351.4 147.0   0.1 244.7  80.8 191.7  39.0 182.9  16.8 178.1 999.0 184.8 181.3 221.8  66.1 185.2 216.0 173.6 191.1 183.2 176.5 221.3 166.0 174.1 235.6 181.4 216.8 197.4 209.2
 wrfout_d04_2016-07-09_19:00:00 999.0 171.1  22.1 158.9  25.0 163.1 155.6 145.9 237.3 160.8 257.1 199.5 999.0 177.6 177.4 235.3  45.5 183.3 215.7 175.2 191.7 182.1 175.2 218.7 162.5 174.3 199.6 184.2 216.2 200.6 218.7
 wrfout_d04_2016-07-09_20:00:00 999.0 184.9 335.2 124.6 350.3 234.5  31.1 172.8 117.9 165.1 293.4 149.4 999.0 179.6 157.5 234.3  14.3 184.8 216.1 177.8 189.5 185.3 176.6 238.4 143.4 169.7 200.3 189.5 278.0 197.8 221.5
 wrfout_d04_2016-07-09_21:00:00 999.0 154.4   6.1   7.5   8.3 237.1  25.0 205.6 357.7 226.3  82.1 163.5 999.0 179.3 178.4 211.1  33.8 190.0 214.5 176.6 188.7 189.4 175.3 239.9 161.9 174.3 202.1 196.5 225.7 202.2 216.1
 wrfout_d04_2016-07-09_22:00:00 999.0 157.5  34.9 116.8  37.3 110.6  71.7 197.7  58.5 207.7  75.3 170.7 999.0 183.2 182.0 222.9  49.1 188.8 210.6 175.8 194.2 188.7 173.8 222.3 153.8 161.6 190.8 207.4 228.7 203.0 216.6
 wrfout_d04_2016-07-09_23:00:00 999.0 164.0  67.1 173.7  51.9  30.1 144.1 194.7 129.0 177.3  21.4 303.9 999.0 179.6 187.6 216.4  63.5 190.8 210.9 175.8 183.2 193.1 181.9 232.2 176.2 187.6 208.1 194.9 226.4 202.8 211.2
