 wrfout_d04_2016-08-01_00:00:00 999.0 119.6 126.2 127.6 124.5 131.7 111.3 102.3 104.8 275.3 134.4 156.6 999.0 242.7 120.9 220.6 119.1  16.7 113.2 339.2 134.0   1.8  25.8  18.4  91.5  99.3  46.9  95.6  66.9 105.9  92.6
 wrfout_d04_2016-08-01_01:00:00 999.0 126.3 134.2 129.4 131.7 137.8 123.6 119.9 114.2 264.3 136.6 161.0 999.0 303.7 115.9 188.2 128.5   0.9 314.3 312.4 136.5   7.0  16.6  10.8 118.4 117.5  53.0 105.2  77.9 109.5 101.8
 wrfout_d04_2016-08-01_02:00:00 999.0 126.0 134.6 129.7 132.6 139.2 123.8 224.8 114.9 265.2 136.5 160.6 999.0 326.4 115.8 158.2 129.0 358.8 305.2 331.2 135.3  19.2  62.6  19.5 112.9 116.6  62.7 123.3  84.3 117.6 104.5
 wrfout_d04_2016-08-01_03:00:00 999.0 126.6 134.6 128.8 132.5 138.8 123.9 259.9 116.0 271.4 134.1 156.1 999.0 318.1 120.8 157.0 124.4  20.8 282.0 359.4 137.9 354.7 338.5  16.2 143.1 136.5  70.5 130.8  93.4 127.5 114.3
 wrfout_d04_2016-08-01_04:00:00 999.0 128.0 134.9 128.4 132.4 139.9 124.4 276.2 117.6 280.3 134.6 155.7 999.0 344.2 120.9 150.7 124.9  16.2  91.2   0.4 142.3  12.9 298.2  40.0 169.3 172.0  90.3 136.2 110.5 132.7 117.3
 wrfout_d04_2016-08-01_05:00:00 999.0 129.3 134.2 128.9 131.3 140.6 123.0 288.5 118.9 286.9 133.1 152.6 999.0  42.6 117.7 150.7 127.8  21.7 253.8 350.0 140.9 120.8 283.9  64.3 170.2 158.3  90.6 136.5 104.6 136.3 120.4
 wrfout_d04_2016-08-01_06:00:00 999.0 129.4 133.9 129.5 130.8 140.3 121.4 286.8 118.5 289.3 134.8 151.3 999.0 345.6 105.6 150.3 133.8 185.7 140.8 229.6 144.2  97.0  95.9 113.9 130.4 123.1 103.1 139.9 108.3 140.5 121.7
 wrfout_d04_2016-08-01_07:00:00 999.0 129.0 134.1 129.3 130.1 142.5 120.9 244.3 115.5 293.3 134.9 149.6 999.0 336.2 117.4 152.7 167.3 151.8 102.0 235.3 128.1 146.1 153.2  78.9 139.2 148.1 144.8 140.3 105.4 144.6 125.5
 wrfout_d04_2016-08-01_08:00:00 999.0 128.1 135.1 128.8 129.9 142.2 118.0 230.1 116.9 274.4 138.4 149.7 999.0 278.4 266.8 152.4 239.1 157.6 233.8 162.4 145.0 143.8 151.9 157.1 144.6 155.8 145.0 141.6 119.6 148.0 130.2
 wrfout_d04_2016-08-01_09:00:00 999.0 128.9 133.0 129.6 126.1 136.6 120.5 232.8 118.0 244.1 142.3 151.0 999.0 228.7 241.6 156.8 225.4 141.6  52.5  97.7 148.0 144.8 133.9 158.7 148.9 151.1 155.4 140.1 121.6 149.2 132.2
 wrfout_d04_2016-08-01_10:00:00 999.0 129.7 135.6 128.8 127.2 139.5 126.8 226.2 122.9 240.0 137.5 150.5 999.0 232.2 226.5 159.7 211.5 143.2  45.2  81.5 138.1 143.1 135.4 134.2 153.6 155.1 153.8 139.9 118.2 150.4 129.7
 wrfout_d04_2016-08-01_11:00:00 999.0 131.6 144.2 133.3 133.3 140.7 138.0 208.5 139.3 222.1 136.6 153.9 999.0 183.8 201.8 146.0  40.2 145.6 186.8 121.9 157.9 146.7 161.1 205.6 166.4 163.8 152.1 143.0 111.1 149.8 121.7
 wrfout_d04_2016-08-01_12:00:00 999.0 136.1 149.0 135.0 135.1 143.5 139.4 217.3 170.0 225.6 138.8 156.5 999.0 217.9 154.9 144.7   6.4 147.0 216.3  82.5 155.5 148.0 170.3 189.9 175.8 171.7 148.7 143.5 109.1 148.9 124.5
 wrfout_d04_2016-08-01_13:00:00 999.0 143.5 144.2 124.9 129.3 129.1 120.8 216.5  73.8 212.5 134.2 143.7 999.0 223.0 225.6 266.3   4.9 151.6 205.2 351.1 157.1 146.1 170.1 222.5 168.6 167.7 148.5 142.9  99.2 145.7 117.4
 wrfout_d04_2016-08-01_14:00:00 999.0 139.6 137.3 125.6 119.7 130.0  96.2 338.2  70.5  17.0 128.1 159.5 999.0 165.3 224.5 192.0 207.9 153.2 161.6   7.4 156.4 148.6 169.4 209.2 171.0 166.9 185.4 146.3  92.7 146.4 115.0
 wrfout_d04_2016-08-01_15:00:00 999.0 135.4 138.2 127.9 124.5 126.4  76.2 346.2  57.6 336.2 127.0  97.7 999.0  52.7   9.5 206.5 187.1 153.1 155.8  16.7 153.7 149.1 164.8 248.3 168.6 164.5 333.6 146.6  84.6 143.8 112.6
 wrfout_d04_2016-08-01_16:00:00 999.0 138.7 136.8 133.5 122.8 134.3  89.9 344.1  98.6  18.6 111.5 166.4 999.0 343.6 339.4 217.7 207.9 156.3 168.2  15.4 155.5 151.4 165.9 267.8 160.8 160.7 328.5 142.0  82.5 144.8 108.2
 wrfout_d04_2016-08-01_17:00:00 999.0 130.8 148.1 131.5 134.2 339.0 106.3 317.6 111.0 332.7 127.0 153.4 999.0  13.5 355.7 223.1 208.9 160.2 161.2  77.0 160.4 157.0 172.4 244.0 145.7 160.6 298.9 144.3  77.1 145.6 105.4
 wrfout_d04_2016-08-01_18:00:00 999.0 134.3 148.9 132.2 134.9 117.6 102.0 311.2 173.1  34.9 142.4 166.0 999.0  14.4   4.1 191.0 200.8 160.9 168.9  98.8 160.2 156.5 174.4 232.2 160.7 166.3 297.7 148.4  65.3 147.3 103.1
 wrfout_d04_2016-08-01_19:00:00 999.0 145.9 155.2 137.8 136.9  50.4 132.8 292.8 205.5 226.0 137.4 158.2 999.0  16.9   1.4 220.5 197.2 158.2 192.8 263.2 163.2 155.0 169.4 271.8 176.0 172.5 304.2 155.0  13.7 153.6 103.8
 wrfout_d04_2016-08-01_20:00:00 999.0 142.1 170.6 145.7 158.2 226.4 158.0 220.7 196.2 144.0 131.8 157.6 999.0  29.8   9.5 194.1 179.1 157.2 197.6 255.7 156.4 152.1 162.9 257.3 167.0 162.7 311.6 147.7 350.7 152.6 100.0
 wrfout_d04_2016-08-01_21:00:00 999.0 159.6 184.1 144.0 173.3 221.5 133.3 177.4 212.4 113.6 130.9 166.4 999.0   0.3 330.7 193.2 206.9 155.3 209.4 219.2 157.6 151.9 161.4 267.3 155.0 160.0 326.7 149.4 352.3 147.8  96.1
 wrfout_d04_2016-08-01_22:00:00 999.0 154.5 192.8 131.1 174.2 215.7  93.3 181.3 142.7  99.5  89.6 177.9 999.0 343.9 234.2 186.5 189.3 156.9 213.9 118.0 161.8 156.0 161.1 251.7 160.6 158.8 319.8 143.1 353.8 149.6  93.1
 wrfout_d04_2016-08-01_23:00:00 999.0 161.1 242.0 144.5 227.1 209.8 151.6 182.1  81.2 105.5  80.7 166.2 999.0  18.3 150.7 250.6 191.9 161.3 193.9  69.0 154.6 156.1 160.8 255.1 165.7 163.5 313.9 146.3   3.6 150.4  97.3
