 wrfout_d04_2016-04-13_00:00:00 999.0  39.7 238.4 267.8 254.0 217.7 310.6 248.6 270.9 241.7 111.8  32.2 999.0 189.1 190.7 308.8 214.9 182.7 218.2 191.6 274.0 174.0 159.3 177.8 161.6 164.1 197.2 167.5 193.4 204.6 227.5
 wrfout_d04_2016-04-13_01:00:00 999.0 169.3 244.1 318.9 254.7 304.2 255.8 241.2 253.8 225.1  89.6  67.1 999.0 185.0 192.3 202.7 245.5 169.1 219.0 198.1 255.9 159.7 167.6 189.4 179.5 184.5 196.1 182.8 203.8 213.4 233.6
 wrfout_d04_2016-04-13_02:00:00 999.0 206.0 249.5 335.6 256.7  30.9 253.5 238.5 249.9 233.3 113.2 106.5 999.0 192.6 201.0  50.8 227.5 177.2 223.9 190.7 245.3 171.2 189.0 186.9 197.0 190.8 192.8 194.8 223.0 213.8 240.9
 wrfout_d04_2016-04-13_03:00:00 999.0 230.4 255.4 305.1 264.4  45.9 262.1 245.2 253.7 239.7  91.2 120.9 999.0 204.2 209.0  64.6 246.9 187.5 223.0 184.5 257.4 190.6 185.3 187.6 201.8 192.3 185.8 202.6 235.4 222.0 250.3
 wrfout_d04_2016-04-13_04:00:00 999.0 239.7 260.4 277.8 269.3  33.3 263.8 249.1 257.5 259.4  61.2 145.1 999.0 188.4 210.1  32.6 238.6 191.1 225.8 213.9 253.8 189.1 184.1 182.0 206.4 194.5 178.6 214.4 245.2 227.0 254.8
 wrfout_d04_2016-04-13_05:00:00 999.0 186.9 248.6 248.2 263.2  45.4 281.1 256.6 280.1 253.0  73.5 119.6 999.0 203.6 209.4  48.1 240.8 189.7 221.9 202.4 255.0 185.7 185.6 179.3 188.7 180.8 195.8 219.6 253.9 228.8 259.2
 wrfout_d04_2016-04-13_06:00:00 999.0 269.0 235.4 232.6 251.9  83.4 251.7 225.1 248.2 229.5  75.3  49.5 999.0 201.2 200.6  64.2 235.8 191.0 223.9 200.4 253.5 188.2 191.3 171.5 212.1 201.2 214.9 213.7 254.1 232.1 258.8
 wrfout_d04_2016-04-13_07:00:00 999.0 270.7 243.6 254.1 256.9   2.8 268.7 245.6 260.8 253.7  83.1  35.9 999.0 204.6 207.1  33.5 241.5 191.3 220.3 185.9 247.2 190.3 187.3 189.4 206.7 197.4 220.4 207.7 254.4 233.4 252.5
 wrfout_d04_2016-04-13_08:00:00 999.0  28.4 266.3 342.6 284.5  28.3 268.6 238.7 262.5 243.7 104.1  29.0 999.0 201.3 201.4  25.3 244.9 199.8 217.8 202.5 242.9 209.0 191.3 216.4 206.0 198.0 202.2 206.6 257.6 226.3 249.1
 wrfout_d04_2016-04-13_09:00:00 999.0 322.4 281.4  12.7 282.5  19.0 297.2 240.6 270.8 236.9  67.5 358.5 999.0 197.8 198.7  33.7 242.6 212.4 213.4 193.2 242.7 215.0 196.2 212.4 201.4 197.5 193.2 206.1 258.9 228.1 247.5
 wrfout_d04_2016-04-13_10:00:00 999.0 309.9 258.1 341.9 268.4  62.7  74.3 241.8 275.6 244.0  81.2 351.6 999.0 196.4 191.0  29.4 244.5 215.2 216.2 187.6 257.3 220.1 200.2 217.0 201.4 199.0 202.1 207.2 254.6 230.8 242.3
 wrfout_d04_2016-04-13_11:00:00 999.0 337.8 244.1 301.2 259.4  77.0 299.7 250.9 279.0 240.6  34.0   1.1 999.0 191.7 197.1  21.3 311.5 222.7 224.3 197.0 268.7 223.1 208.9 224.9 214.4 213.6 206.6 220.6 244.3 237.4 244.9
 wrfout_d04_2016-04-13_12:00:00 999.0   3.0 306.3 348.1 310.8  46.2 306.7 266.1 281.3 231.2  56.1   6.5 999.0 197.8 189.2  28.9 223.2 242.0 214.4 183.1 271.0 227.8 216.2 222.3 221.9 214.5 206.2 235.8 230.8 239.1 242.5
 wrfout_d04_2016-04-13_13:00:00 999.0   8.2 331.5   3.6 329.2 325.4 309.7 320.4 321.2 252.9  94.5   7.5 999.0 199.0 186.1  24.5 220.0 250.6 231.4 194.5 273.8 232.6 225.7 234.2 224.2 222.2 201.5 252.2 239.7 246.3 258.8
 wrfout_d04_2016-04-13_14:00:00 999.0 350.2 333.2  19.9 334.7 348.0 325.5 356.8 342.1 274.8 175.7  46.1 999.0 195.8 188.6  22.5 237.5 254.1 220.1 184.7 262.2 229.3 229.9  35.6 231.2 230.6 190.3 266.1 263.9 237.0 268.8
 wrfout_d04_2016-04-13_15:00:00 999.0 348.4 295.2  11.9 301.1   3.3 285.3  44.7 304.7   6.4 326.6 346.5 999.0 195.6 187.9  32.1 227.6 246.6 219.4 179.3 251.5 239.1 223.8  20.0 202.5 239.9 199.5 277.2 264.2 243.4 269.1
 wrfout_d04_2016-04-13_16:00:00 999.0 356.9 324.9  18.5 323.6 355.7  70.7  28.9 245.7  19.6  64.0 356.8 999.0 188.0 185.0  36.2 232.4 254.7 219.9 160.8 241.7 241.0 214.3  10.5 254.0 249.9 244.4 292.1 255.1 245.3 274.0
 wrfout_d04_2016-04-13_17:00:00 999.0   1.5 328.0   3.3 326.5   5.7 102.7  47.6 266.5  19.8  54.4   8.2 999.0 200.0 178.4  12.0  64.0 259.1 221.6 171.0 241.9 249.9 209.9  20.7 239.9 227.4   9.1 301.7 162.5 242.5 274.3
 wrfout_d04_2016-04-13_18:00:00 999.0 344.1 331.5 289.8 303.0   2.0 107.7  37.8 237.5  54.1  57.2 357.4 999.0 197.8 175.1  33.0  77.1 223.2 220.5 190.8 243.9 249.1 183.3  15.7 189.0 210.8  20.1 289.9 154.2 239.8 272.6
 wrfout_d04_2016-04-13_19:00:00 999.0   4.4 336.2 192.1 325.4 353.9 110.4  69.5 226.5  63.4  69.4 356.3 999.0 212.1 158.3  41.5  65.1 234.6 223.3 177.8 247.1 245.2 186.0  50.3 128.4 130.0  56.2 287.8 152.4 240.9 271.2
 wrfout_d04_2016-04-13_20:00:00 999.0 355.3 349.0 202.8 329.1 308.8 114.4  62.3 108.4  70.5  97.3   8.0 999.0 340.0 174.0  63.2  54.2 279.0 221.9 180.6 252.6 254.0 155.0  19.0 128.1 127.1  45.2 254.4 169.4 244.7 263.9
 wrfout_d04_2016-04-13_21:00:00 999.0  16.1   4.8 163.3 354.0 313.1 102.3  45.4  66.2  70.6 177.3  56.2 999.0 346.3 177.9  48.0 109.5 275.0 219.5 144.5 258.0 276.3 203.0  22.5  95.1 108.1  33.8 252.8 238.9 236.1 263.4
 wrfout_d04_2016-04-13_22:00:00 999.0  34.5  25.2 154.8   0.1 341.4 108.0  57.9  24.9  81.6 157.1  57.5 999.0 354.0 165.3  45.6 335.9  11.8 219.9 165.8 258.3 254.3 131.4  30.9 133.1 116.4  42.1 250.7  33.6 239.1 261.1
 wrfout_d04_2016-04-13_23:00:00 999.0  22.0 349.9 190.8 328.5  36.3 118.0  43.6  24.6  94.9 265.7  52.7 999.0  53.3 175.5  35.4  28.6 136.6 219.2 195.7 254.0 186.1 126.3  47.9 146.5 150.1  28.5 232.2  57.1 247.8 250.9
