 wrfout_d04_2016-06-07_00:00:00 999.0 136.1 255.2 268.0 221.9 276.5 355.1   3.8 175.0 353.6  92.1  45.7 999.0 333.2 312.7  46.9 211.1 319.6 191.0 208.4 267.5 285.6 192.7  26.9 220.8 253.5  60.7 236.0  87.4 248.3 270.4
 wrfout_d04_2016-06-07_01:00:00 999.0 128.8 285.5 323.0 243.5 335.5 165.3 346.0 183.7 307.1  87.0  92.4 999.0 328.4 277.0  38.6 210.3 322.0 235.4 335.8 267.9 309.9 272.4  58.1 152.2 232.1  92.0 228.6  78.2 247.1 263.3
 wrfout_d04_2016-06-07_02:00:00 999.0 154.5 292.8 324.1 254.6   1.7 314.2 341.3 268.9 305.5 112.8  88.0 999.0 336.5 242.9  86.5 352.1 332.1 100.2 292.6 287.6 341.4 231.5  40.7 221.8 214.3 121.3 239.9  97.2 245.8 275.7
 wrfout_d04_2016-06-07_03:00:00 999.0 305.6 285.5 320.2 255.6  17.8 299.7 341.3 309.1 314.5  90.1 112.4 999.0 316.5 208.0  68.0 332.2 348.4 264.0 212.2 276.9 312.9 149.9  43.7 242.2 235.8  85.9 220.5 119.5 233.1 270.6
 wrfout_d04_2016-06-07_04:00:00 999.0 322.9 305.1 321.5 272.7  11.8 317.5 358.8 347.4 312.9  33.8  74.8 999.0 326.8 198.8  82.5 281.2 338.1 283.6 188.0 320.3 311.9 270.4  48.7 273.6 264.1  83.5 240.1 103.5 232.5 260.3
 wrfout_d04_2016-06-07_05:00:00 999.0 330.5 316.0 328.8 281.0  23.4 322.0 355.4 343.9 311.0  52.9  98.7 999.0 331.3 235.4  89.7 284.9 326.0 316.0 243.1 338.3 259.2 277.7  69.5 276.0 252.8 135.0 256.5 108.7 235.4 270.0
 wrfout_d04_2016-06-07_06:00:00 999.0 357.5 349.1 337.5 316.6  27.8 305.8 358.6 338.1 316.4  61.5 117.1 999.0 330.1 275.9  89.6 276.8  32.8 236.7 215.0 318.4 265.1 271.9  87.9 245.5 247.2 225.8 248.9  97.6 241.5 273.4
 wrfout_d04_2016-06-07_07:00:00 999.0  28.9 337.8 331.2 272.6  43.5 320.6  10.0 335.8 321.9 115.1 324.2 999.0 338.8 298.8  28.0 218.9  60.5 231.7 253.6 242.2 221.0 263.1  54.2 248.7 250.8 178.1 244.0 118.1 241.1 276.8
 wrfout_d04_2016-06-07_08:00:00 999.0  86.9 188.1 318.5 205.8  49.9  41.8  24.8   6.5 334.1 279.4 347.2 999.0 336.9 284.5  28.0 236.4 314.6 225.6 259.4 241.4 245.5 275.8 355.1 249.6 255.4 316.6 256.8 125.4 229.7 265.1
 wrfout_d04_2016-06-07_09:00:00 999.0  98.8 276.1 331.6 268.3  47.8  26.5  20.9  25.6 331.2 289.2 323.0 999.0   0.8 288.6  11.2 213.0 316.8 225.8 265.8 244.3 252.1 243.4 351.3 250.4 255.2 101.3 257.3  75.8 230.9 269.5
 wrfout_d04_2016-06-07_10:00:00 999.0  99.8 167.1 315.9 198.5  61.9  79.2  10.2  62.0 313.5 296.3  29.1 999.0 350.0 325.8  28.3 223.5 302.5 259.3 284.4 287.4 262.0 249.2  16.8 252.4 252.7  93.0 249.4  54.6 239.1 269.4
 wrfout_d04_2016-06-07_11:00:00 999.0 122.3 107.4 241.6  64.0  40.7  69.2  33.3  54.2 330.8  94.3 103.4 999.0 327.9 289.2  97.3 186.9  45.1 228.3 290.5 288.8 248.2 261.3 292.8 265.9 270.8  16.8 262.2  16.9 238.3 273.9
 wrfout_d04_2016-06-07_12:00:00 999.0 107.6 124.5 175.1  65.8  44.1  72.1  57.9  48.9  32.3  34.1  59.2 999.0   4.0 279.4  64.0  79.2  80.4 238.4 279.0 167.6 248.3 256.6 271.1 259.7 257.3 348.6 261.5 191.7 240.6 275.3
 wrfout_d04_2016-06-07_13:00:00 999.0 111.0 120.9 275.1  51.9  24.0 103.7  46.3  72.9  38.7 265.0  16.5 999.0 343.6 220.3 283.2  17.0 179.5 217.4 266.0 198.9 242.6 235.0  19.5 243.9 246.6  13.6 271.6  12.1 247.7 285.7
 wrfout_d04_2016-06-07_14:00:00 999.0 107.0 212.7 229.0 236.3 359.7 110.5  59.9 165.7 208.4 323.6   5.9 999.0 325.2 191.4 293.0  69.8 101.3 201.3 288.6 246.7 162.4 244.5 155.6 263.4 253.0 326.9 270.5  24.5 252.9 292.2
 wrfout_d04_2016-06-07_15:00:00 999.0 107.5 174.7 195.7  26.7  38.3  87.6  26.3  74.5 180.6 148.9 105.1 999.0 281.8 147.5  67.5 161.4 145.3 202.5 275.4 216.0 219.4 189.8  62.7 138.6 231.0 208.5 259.8 316.2 245.8 283.9
 wrfout_d04_2016-06-07_16:00:00 999.0 105.0 230.1 354.7 346.4 353.5 104.8 304.5 115.1 268.0 300.6 299.8 999.0 288.8 152.5 340.6 182.9 188.5 205.2 262.0 198.9 236.4 139.3  18.7 253.5 254.7  22.9 261.3  33.2 242.5 281.5
 wrfout_d04_2016-06-07_17:00:00 999.0 100.5 186.8 156.4 258.9 305.2 338.0 127.6 303.7 140.1 171.9 261.6 999.0 246.1 206.9 322.0 181.5 173.8 210.9 257.4 227.3 237.8 138.4 358.0  42.2 309.0 341.3 272.2   1.3 253.2 289.5
 wrfout_d04_2016-06-07_18:00:00 999.0 105.1 174.9 114.1  31.6 287.1  85.2  36.2 107.4  39.7 334.7   1.4 999.0 219.2 156.6  45.3 165.9 218.2 202.1 229.5 201.0 240.4 129.5  30.6  75.4  72.6 320.7 262.8 337.1 249.5 294.3
 wrfout_d04_2016-06-07_19:00:00 999.0 105.0 216.3 105.8   7.2 264.7 337.1 142.2 154.7 120.5 287.3 322.1 999.0 222.8 145.7 302.1 178.8 180.8 211.6 196.5 210.0 205.9 127.3 340.2  83.8  88.5 312.2 244.4 306.0 249.8 300.6
 wrfout_d04_2016-06-07_20:00:00 999.0 117.1 254.4  66.6 316.6 206.5 106.9 149.4 147.0  11.4 137.6 274.1 999.0 197.7 170.0 339.4 167.0 204.1 195.8 187.9 211.7 229.6 109.7  76.2  73.5  82.1  39.8 249.0 289.5 246.3 303.7
 wrfout_d04_2016-06-07_21:00:00 999.0 127.8 243.8 103.6 321.6 224.7  95.1 236.1 134.8 108.3 286.0 329.6 999.0 206.4 157.2 302.1 179.0 178.0 194.5 205.2 207.2 186.0 119.3 333.6  85.3  89.9 326.6 193.9 295.7 245.0 307.0
 wrfout_d04_2016-06-07_22:00:00 999.0 146.7 225.1 165.5 251.7 230.8 186.8 174.4 219.2 150.6 187.4 320.3 999.0 204.6 171.0 282.7 208.6 159.0 209.4 191.7 212.8 158.9 108.6 274.0 104.7 102.9 319.6  73.3 347.4 253.7 348.9
 wrfout_d04_2016-06-07_23:00:00 999.0 118.0 245.6 276.6 248.3 243.3 283.9 245.0 239.3 254.4 145.7 327.0 999.0 198.5 190.7 356.9 258.0 188.3 203.3 206.1 243.9 133.8 101.1 146.9  52.6  46.0 303.0  46.2  90.8 256.6 225.8
