 wrfout_d04_2016-03-05_00:00:00 999.0 134.8 163.9 219.8 162.2 208.3 304.1 236.6 320.4 291.1 267.2 329.5 999.0   3.4 343.3  15.1 345.7  21.8 222.6 351.3 245.4  25.2  12.0 217.1  14.3  11.9 353.2   5.4  49.6  65.0  77.4
 wrfout_d04_2016-03-05_01:00:00 999.0 128.3 128.3 300.2 168.0  21.4 325.6 274.3  85.3 290.0 137.1 136.6 999.0 349.6 331.5   8.8 350.5  19.4 233.7   0.2 292.4  26.4   5.6 153.7  10.2  14.8 118.2 343.8  61.1  57.4  73.2
 wrfout_d04_2016-03-05_02:00:00 999.0 142.7 138.4 317.9 168.1   8.2  58.1 325.6  55.0 327.2 112.9 158.1 999.0 350.5 328.6  14.0 330.4  21.6 249.8   0.3 290.6  25.2   2.2 134.4   2.6   5.3 116.2 346.9  71.8  65.3  68.1
 wrfout_d04_2016-03-05_03:00:00 999.0 146.8 124.1 316.1 175.2  39.7  23.3 343.9  13.7 307.5 138.6 151.3 999.0 353.1 333.8  34.6 289.4  22.0 281.7 356.4 286.0  23.0 350.8 143.3   5.7   8.6 100.2 326.8  75.2  63.7  63.5
 wrfout_d04_2016-03-05_04:00:00 999.0 152.9  88.5 318.3 129.5  35.0  26.2 348.1 353.3 317.5  94.6 142.6 999.0 358.1 336.5  43.5 271.5  23.1 292.7 344.9 286.7  16.0 345.8 134.6 356.7   3.2  97.7 300.3  73.9  47.2  68.8
 wrfout_d04_2016-03-05_05:00:00 999.0 149.5  58.2 318.3 147.9  75.6 326.7 347.7   2.7 322.8  93.6 149.0 999.0   0.2 337.6  27.4 269.6  17.0 312.0 338.3 282.3  13.0 344.5 121.8 341.9 348.0  89.7 286.3  68.4  52.0  67.4
 wrfout_d04_2016-03-05_06:00:00 999.0 140.6  59.7 318.2 111.5 116.8 328.2 359.4 349.9 324.8  90.6 142.5 999.0 357.8 338.0  29.6 272.2  13.2 272.5 337.0 271.1  13.3 347.0 116.7 334.6 335.7  89.9 282.1  67.0  56.0  62.5
 wrfout_d04_2016-03-05_07:00:00 999.0 131.7 142.2 320.5 155.8 153.0  84.9  18.5  61.6 333.6  82.9 129.3 999.0 355.7 341.2  43.9 274.6  19.0 289.9 336.5 269.4  13.6 348.4 107.0 332.0 337.7  78.0 286.4  62.8  57.4  62.7
 wrfout_d04_2016-03-05_08:00:00 999.0 142.0 136.1 294.6 124.0  78.2 112.3  26.3  70.3 346.1  95.8 130.5 999.0 351.3 345.1  52.1 271.2  20.1  27.7 334.9 255.0  12.8 348.0  87.3 331.3 336.5  75.8 285.6  55.6  55.6  65.5
 wrfout_d04_2016-03-05_09:00:00 999.0 149.1 140.1 277.8 121.2 166.8 110.7  24.0 109.8 353.3  68.6 131.7 999.0 350.2 344.4  52.4 268.3  17.8  48.0 336.1 226.4  16.1 351.4  28.4 329.7 336.0  53.6 288.1  48.7  53.8  64.7
 wrfout_d04_2016-03-05_10:00:00 999.0 142.9 134.0 317.4 106.7 132.4  86.5  14.6  61.6 310.5  39.8 146.0 999.0 354.8 349.8  48.3 211.1  21.4 210.5 338.4 187.2  16.7 353.6 313.9 325.3 336.1  47.5 289.5  49.2  54.7  64.5
 wrfout_d04_2016-03-05_11:00:00 999.0 141.5 140.3 312.8 108.5 349.4  79.6  11.1  41.5 302.3 339.2 199.7 999.0 358.8 344.5  33.7 158.6  22.7 220.9 349.3 203.2  13.1 355.4 289.8 332.3 343.3  37.9 291.4  28.4  46.7  62.8
 wrfout_d04_2016-03-05_12:00:00 999.0 140.5 143.4 315.5 109.9 341.0  52.8  18.8  12.2 332.1 312.7 324.9 999.0   1.4 345.9  21.9 170.8  22.3 223.5 353.3 209.2   7.5   2.6 303.2 344.3 355.9  16.0 305.8 357.5  41.9  66.0
 wrfout_d04_2016-03-05_13:00:00 999.0 140.5 149.4 314.3 116.0 358.2 305.8  38.9 265.5 274.9 158.4 335.7 999.0   1.8 358.9 313.9 163.7  25.8 224.5 347.3 216.6   7.7   7.2 329.8 345.3 357.0 350.0  12.3 353.0  42.0  64.2
 wrfout_d04_2016-03-05_14:00:00 999.0 139.7 150.9 309.9 111.1 332.7 281.3  74.7 249.3 199.0 212.7 349.8 999.0 353.3 351.4 219.6 147.4  25.0 226.0 356.5 232.7   8.4   7.3 320.7 355.7   4.5 355.8  15.2 354.3  39.4  58.4
 wrfout_d04_2016-03-05_15:00:00 999.0 137.8 167.7 256.5 110.6 229.9 263.5 123.0 242.8 113.6 250.4 350.6 999.0 337.5 133.6 279.9 142.5  19.9 223.0 358.9 240.4   9.2   8.6 356.1   3.4  11.9   3.2 359.2 357.5  46.8  29.0
 wrfout_d04_2016-03-05_16:00:00 999.0 136.5 191.8 173.8 129.2 209.1 238.6 217.8 309.4 115.6 209.0 303.3 999.0 340.1 153.2 221.8 142.4  17.3 205.9 355.5 246.8   5.7  13.0 308.0   3.1   7.1 359.7   3.8  10.8  40.7  23.2
 wrfout_d04_2016-03-05_17:00:00 999.0 151.7 200.4 250.1 250.5 220.2 249.7 315.0  84.9 310.9 253.6 320.7 999.0 329.8 141.3 281.6 148.6 352.0 194.3 357.0 253.9   3.5  16.8 317.4   0.1   7.1 357.2  11.5 350.4  45.0  19.5
 wrfout_d04_2016-03-05_18:00:00 999.0 157.2 209.6 304.2 261.6 306.3 269.8 288.1 240.5 305.7 184.2 332.6 999.0   5.6 306.8 196.6 158.8 354.4 189.4 317.2 259.8 357.7  10.5 357.9 339.0 350.7 332.5  11.3 339.5  45.7  24.8
 wrfout_d04_2016-03-05_19:00:00 999.0 172.9 233.8 313.0 284.6 309.5 275.2 243.9 241.8 221.4 154.2 353.7 999.0 357.4   2.9 252.0 182.0 352.2 186.8 318.5 269.1 354.5   0.6 318.3 338.4 346.7 326.7 358.8 343.3  35.6  20.2
 wrfout_d04_2016-03-05_20:00:00 999.0 187.5 254.6 312.3 305.1 242.0 272.8 228.3 242.5 149.0 143.6 321.0 999.0 355.2 317.4 247.2 218.1   1.1 152.2  28.9 275.7 355.8 356.7 314.2 351.0 355.9 345.8 352.6 343.5  31.1  26.7
 wrfout_d04_2016-03-05_21:00:00 999.0 240.9 257.6 292.7 299.5 222.7 282.8 244.1 265.7 326.7 127.8 277.4 999.0 354.7 280.9 211.5 132.1   9.3 115.4 351.4 276.6 355.8  15.3 310.7  23.7  22.6 334.2 356.5 329.6  30.0  26.8
 wrfout_d04_2016-03-05_22:00:00 999.0 262.4 266.2 324.9 307.1 232.9 297.1 250.1  71.4 313.7 320.7 208.8 999.0   9.0 210.0 211.6 124.8   2.8 119.9 352.1 278.9   0.9  18.9 313.9 354.3   4.2 321.7   2.0 301.3  33.9  26.3
 wrfout_d04_2016-03-05_23:00:00 999.0 278.1 277.1 313.8 308.7 239.3 267.9 211.4 237.8 313.9 320.0 241.2 999.0   3.4 328.7 283.1 163.4  14.0 126.8   5.2 283.3   6.7  15.6 311.0 356.6 358.7 328.8   8.4 307.8  32.8  10.4
