 wrfout_d04_2016-11-07_00:00:00 999.0 104.7 117.4 136.3 104.9  95.9  82.3  81.4  71.4  85.8 319.8 174.9 999.0 184.0 216.9  20.6  22.3 345.0  52.2  14.1  11.8   8.9  29.6  16.2  19.4  14.6  15.9  16.0  49.1 108.6  50.2
 wrfout_d04_2016-11-07_01:00:00 999.0 135.2 120.2 137.1 122.4  93.8  87.4 334.3  51.0 182.1 278.0 142.7 999.0 251.0 303.6  32.0   6.9 348.7  30.7 354.7 339.5   5.9   7.9 352.5   8.8   8.4 304.2  24.4 284.4 113.2  93.0
 wrfout_d04_2016-11-07_02:00:00 999.0 112.8 128.5 143.4 138.6 120.5  98.4 338.9  12.6 242.3   2.1  78.8 999.0 283.1 311.6 312.3 354.2 346.1   0.2 347.7 324.8   2.8 348.3 350.1   7.9  10.1  17.4 260.2  93.6 104.5 102.6
 wrfout_d04_2016-11-07_03:00:00 999.0 124.3 119.0 139.2 131.8 121.6  89.1 333.7  61.7 279.5  69.9 110.6 999.0 287.1 297.0 178.6 331.8 339.1 356.0 347.5 324.7 352.1 332.7 354.0 356.6   1.9  24.0 243.6 350.1  95.8 103.9
 wrfout_d04_2016-11-07_04:00:00 999.0 147.1 118.1 147.7 130.3 124.1  78.3 326.6  76.3 285.8 109.4 105.1 999.0 287.6 293.7 322.3 327.8 331.4  28.5 343.9 331.7 338.8 335.5   8.9 350.7 347.6 324.1 247.7  10.9  97.6  97.0
 wrfout_d04_2016-11-07_05:00:00 999.0 141.9 111.8 178.5 126.3 123.4 126.2 318.0 117.7 278.6 100.6 163.2 999.0 284.8 292.6 344.3 320.5 330.3  37.1 334.0 331.9 337.0 338.4 310.1 332.8 338.7 317.0 235.1  54.5  89.3  85.1
 wrfout_d04_2016-11-07_06:00:00 999.0 128.1 118.0 274.3 138.6 124.6 139.9 311.7 120.0 274.6  69.9 162.7 999.0 282.9 295.4 291.7 309.7 338.7  41.9 330.9 329.1 333.2 333.0 333.9 332.1 328.3 328.0 242.6   3.5  87.5  71.3
 wrfout_d04_2016-11-07_07:00:00 999.0 125.4 137.5 279.0 154.5 141.4 121.8 305.9 113.5 278.0  40.5 150.0 999.0 288.0 300.3 323.1 291.9 341.5  49.7 323.1 322.7 323.8 333.4  41.0 330.3 315.4  24.6 244.3   3.9  79.4  83.5
 wrfout_d04_2016-11-07_08:00:00 999.0 123.4 157.5 285.5 144.3 136.0 124.1 299.8 109.3 271.3  26.8 127.2 999.0 290.9 298.5  10.5 291.3 338.2  65.6 320.4 321.8 324.7 334.6 354.4 327.9 315.8  31.5 249.7  12.8  81.0  70.7
 wrfout_d04_2016-11-07_09:00:00 999.0 120.5 150.6 291.3 124.7 108.6 102.4 261.9  70.6 281.5  25.4 130.6 999.0 299.3 310.6 343.3 282.6 344.8  59.7 326.4 294.8 331.0 344.1  56.1 324.6 314.9 330.3 261.2 353.9  89.9  62.8
 wrfout_d04_2016-11-07_10:00:00 999.0 127.2 145.8 300.8 109.3 111.8  66.3 246.2 327.0 281.0 358.3 223.4 999.0 311.9 315.3 283.3 150.5 349.6  95.1 338.9 301.5 327.9 343.8   8.7 325.3 316.3 300.8 278.1 354.7  93.9  60.5
 wrfout_d04_2016-11-07_11:00:00 999.0 132.5 148.7 213.8 106.3 315.9  34.4 241.8 227.1 273.6 350.2 316.1 999.0 321.7 307.9 322.4 109.8 339.6 101.2 350.2 293.1 324.5 342.1 359.1 329.2 336.2 303.6 290.3 348.0  95.0  64.2
 wrfout_d04_2016-11-07_12:00:00 999.0 136.1 197.7 238.3  90.7 246.2  37.9 234.7 220.0 255.5 313.4 342.7 999.0 337.6 251.9 285.0 107.4 331.9 130.3 357.5 287.5 337.2 344.9 349.8 337.3 334.6 339.0 301.7 351.7  92.7  59.8
 wrfout_d04_2016-11-07_13:00:00 999.0 142.4 193.9  92.2 126.7 210.6 128.6 210.4 117.8 255.3 249.1 330.8 999.0 336.7 166.0 312.4  93.4 336.0 181.0 355.6 291.1 348.4 349.4 325.1 338.4 340.9 350.1 310.6 339.1  93.8  51.1
 wrfout_d04_2016-11-07_14:00:00 999.0 149.9 181.9 130.6 124.4 203.0  96.1 189.6 170.2 146.9 220.7 334.6 999.0 303.5 161.2 217.8  67.3 348.9 167.2 351.5 299.0 353.1   2.5 330.2 349.0 355.3 312.3 333.6 348.8  90.0  48.3
 wrfout_d04_2016-11-07_15:00:00 999.0 167.2 173.5 130.9 130.6 233.5 356.0 170.5 250.9 135.2 253.7 313.5 999.0 271.0 192.3 271.9  90.5 355.7 136.1 348.5 304.0   7.0  26.9 311.8 348.9 357.0 315.0 351.8 333.5 108.5  49.3
 wrfout_d04_2016-11-07_16:00:00 999.0 165.0 188.0 129.7 143.8 279.0 120.1 210.9 180.0  70.3 271.6 341.3 999.0 233.5 213.1 279.8 104.8 353.6 125.1 359.6 307.9  10.1  25.4 291.1   9.4   7.7 315.3  11.1 316.9 114.7  50.6
 wrfout_d04_2016-11-07_17:00:00 999.0 168.7 208.4 134.7 214.8 258.7 305.9 212.3 192.5 295.5 202.5 345.6 999.0 218.0 208.1 267.6 130.5  13.3 109.2   6.1 310.7   6.6  31.9 297.8  12.5  11.4 326.9  12.4 315.7 116.5  62.7
 wrfout_d04_2016-11-07_18:00:00 999.0 175.8 212.9 142.0 222.3 216.2  23.6 212.6 200.1 200.7 174.9 282.2 999.0 217.7 191.3 268.2 128.3  39.0  94.2  33.1 313.3   8.8  38.8 291.1  31.0  31.2 310.2   8.6 318.1 123.8  67.6
 wrfout_d04_2016-11-07_19:00:00 999.0 182.8 244.0 247.5 278.8 244.1 300.1 248.7 314.6 274.5 243.2 234.1 999.0 189.6 208.0 295.2 104.8  56.0  86.1  37.3 319.7   7.3  39.4 292.1  66.3  46.1 322.3  15.0 297.9 129.8  46.8
 wrfout_d04_2016-11-07_20:00:00 999.0 202.5 248.0 286.5 276.5 222.5 259.5 243.9 198.4 302.0 326.4 270.7 999.0 192.5 214.7 300.6 104.2  31.8  85.1  20.2 325.0   8.8  46.5 292.3  32.0  21.2 334.1  16.6 288.9 140.0  35.3
 wrfout_d04_2016-11-07_21:00:00 999.0 248.2 255.2 271.6 282.9 209.6 236.9 255.9 203.2 211.2 169.8 254.0 999.0 253.0 214.2 263.0 108.4  13.1  85.8 349.3 338.1   2.5  58.0 274.5  12.6  17.7 323.3   9.4 281.0 149.2  15.5
 wrfout_d04_2016-11-07_22:00:00 999.0 260.1 259.2 124.9 283.5 225.1 252.8 262.2 245.1 155.5 237.3 233.5 999.0 214.9 320.4 293.7 110.3   2.8  86.7   5.1   4.4   0.2  47.0 275.3  17.9  19.4 318.2   1.1 313.1 160.7  59.7
 wrfout_d04_2016-11-07_23:00:00 999.0 252.7 266.5 250.8 280.7 227.2 236.3 260.3 230.6 140.8 307.4 318.0 999.0  16.5 357.1 301.5  31.5 359.2  69.0   3.5  23.3 355.0  32.4 274.5  10.6  12.6 344.3 357.3  14.0 158.7 270.4
