 wrfout_d04_2016-08-15_00:00:00 999.0 137.3 125.5 146.3 124.5 117.3 123.3 259.3 225.2 242.9 108.0 157.3 999.0 340.3 345.5 188.7  15.5 135.4  30.0 148.2 135.4 157.9 139.2  94.2 171.7 163.0 313.9 159.0 172.1 207.8 131.9
 wrfout_d04_2016-08-15_01:00:00 999.0 137.6 128.1 151.4 133.4 112.4 121.7 297.5 266.0 287.1  98.1 152.3 999.0 305.5 328.3 162.1   6.0 146.3 258.9 166.4 133.3 149.5 166.7 354.2 173.7 172.4 348.9 168.8 302.1 211.3 162.4
 wrfout_d04_2016-08-15_02:00:00 999.0 120.0 133.5 268.4 142.0 121.6 120.9 294.4 242.7 280.5  97.3 147.2 999.0 298.3 292.8 158.3 333.9 143.8  10.7 181.2 130.1 151.1 160.4 119.2 169.9 169.1 115.5 161.2 236.3 204.3 156.7
 wrfout_d04_2016-08-15_03:00:00 999.0 122.5 136.9 293.0 148.4 118.4 113.6 294.3 221.8 286.0 100.1 148.4 999.0 326.5 308.8 157.2 355.7 147.1 345.8 184.3 127.9 160.0 162.8 163.4 164.4 166.3 188.6 161.7 298.2 204.4 162.4
 wrfout_d04_2016-08-15_04:00:00 999.0 119.1 128.0 286.1 156.2 127.5  88.9 316.5 278.1 292.2 100.1 143.8 999.0 340.2 349.1 150.3 336.4 146.0  15.9 195.1 104.9 139.2 176.7 188.6 168.4 172.6 285.2 159.3 156.1 204.8 159.2
 wrfout_d04_2016-08-15_05:00:00 999.0 113.6 123.1 291.4 185.6 111.9 299.6 335.2 298.7 322.4  96.6 139.3 999.0 342.4 349.3 157.5 299.9 145.6  40.4 191.2  72.0 142.3 171.3 195.3 157.4 170.6 243.6 151.7 159.0 204.9 158.2
 wrfout_d04_2016-08-15_06:00:00 999.0 114.0 108.6 285.7 237.4 128.1 324.6 340.9 261.5 325.6  99.6 142.3 999.0 354.1 347.7 156.5 287.1 154.0  49.7 178.7  84.1 146.0 175.4 206.6 165.7 177.1 191.9 159.2 192.6 200.3 154.2
 wrfout_d04_2016-08-15_07:00:00 999.0 119.5 137.9 297.8 155.7 126.3  45.6 324.2 261.9 329.4 107.5 147.0 999.0   6.2   0.1 161.9 296.0 155.8  58.6 182.9 133.7 161.1 169.5 200.7 158.7 169.9 230.6 156.2 191.9 196.5 153.0
 wrfout_d04_2016-08-15_08:00:00 999.0 119.2 113.6 311.4 117.8 115.3 117.4 339.9 193.9 331.6 100.9 141.0 999.0 340.5 207.8 170.6 251.1 148.0  49.2 190.3 125.0 159.0 167.4 200.2 157.6 167.2 225.6 159.9 179.4 192.6 163.8
 wrfout_d04_2016-08-15_09:00:00 999.0 105.3 110.5 132.8 108.4 116.3 113.2 328.3 105.6 331.4 107.5 165.1 999.0 322.7 237.9 168.9 208.7 142.2  47.2 191.7 122.4 143.3 167.4 201.0 164.9 166.5 296.6 157.6 186.8 190.3 155.6
 wrfout_d04_2016-08-15_10:00:00 999.0 113.8 115.1 123.1 100.3 108.1  93.3 206.7  81.1  26.7 110.6 162.5 999.0 315.9 285.5 185.3 356.3 138.0 195.8 191.1 143.3 149.1 167.6 214.9 168.0 170.0 235.2 161.3 189.6 191.3 160.5
 wrfout_d04_2016-08-15_11:00:00 999.0 123.4 112.0 123.4  94.5  96.4  85.1 204.9  73.8 180.4 109.5 168.9 999.0  25.6  22.5 189.5  47.1 132.6  58.2 175.6 147.3 147.9 158.1 244.0 161.6 165.0 207.4 156.3 303.5 199.7 161.0
 wrfout_d04_2016-08-15_12:00:00 999.0 133.4 117.0 126.2  98.7  97.0  91.0 186.5  82.6 203.1 116.1 166.6 999.0  28.8   8.5 180.2  43.5 133.3  88.0 172.7 145.9 144.8 159.1 258.9 164.6 163.1 195.6 157.5 306.2 195.4 158.4
 wrfout_d04_2016-08-15_13:00:00 999.0 117.4 119.4 129.2 102.0  95.5  97.0 185.3 110.9 221.0 113.0 170.2 999.0 303.6  33.0 236.6  63.2 132.0 280.9 176.2 147.0 143.7 157.7 247.7 159.1 162.6 241.9 156.6 327.3 183.0 164.6
 wrfout_d04_2016-08-15_14:00:00 999.0 107.6 121.9 132.4 105.2 106.7  96.9 210.8 199.9 222.4  99.6 167.7 999.0 188.2 170.5 239.9  60.4 121.1 271.7 170.7 146.8 146.4 121.9 246.9 160.3 146.0 265.9 153.0   0.9 192.9 169.4
 wrfout_d04_2016-08-15_15:00:00 999.0 115.2 131.9 134.9 114.0 110.3 110.6 205.1 204.1 197.6  85.0 168.0 999.0 166.8  70.5 202.4 140.6 135.9 132.8 161.2 146.8 146.5 125.5 254.5 163.7 156.8 312.4 143.0 345.2 200.3 158.2
 wrfout_d04_2016-08-15_16:00:00 999.0 124.7 132.0 151.5 114.5 115.4 165.6 175.7 195.1 140.0  73.2 161.2 999.0 197.2  17.8 211.4  67.7 140.7 232.9 165.1 150.6 142.9 147.4 249.0 160.0 163.9 312.5 152.4  38.4 188.6 160.6
 wrfout_d04_2016-08-15_17:00:00 999.0 133.1 144.1 165.5 130.2 113.3 224.7 152.9 219.5 100.6  50.6 167.6 999.0 199.5  69.3 218.3 122.8 137.7 197.6 162.8 152.9 151.5 152.5 248.0 158.3 164.2  30.3 156.3 203.8 180.8 153.9
 wrfout_d04_2016-08-15_18:00:00 999.0 128.2 160.3 142.5 153.6 154.9 238.9 151.7 156.4 115.6  32.3 118.1 999.0 213.0 223.3 209.3 114.8 146.3 248.3 157.6 152.4 155.4 153.1 237.2 169.0 158.1 319.4 159.8 329.7 187.4 149.6
 wrfout_d04_2016-08-15_19:00:00 999.0 138.5 172.5 112.7 144.8 230.7  42.3 143.9  95.8  95.0  29.2  28.5 999.0 236.8 187.1 203.5 148.5 146.9 246.1 170.0 152.8 165.3 159.6 249.9 170.1 161.0 350.4 159.4 347.9 192.6 164.7
 wrfout_d04_2016-08-15_20:00:00 999.0 129.1 193.7 143.2 174.3 220.8 161.0 120.7  95.3 100.9  26.1 354.7 999.0   8.3 232.5 228.1 142.2 160.0 288.9 165.4 153.5 155.0 163.0 241.4 172.6 169.7   4.7 171.6 207.2 198.1 161.5
 wrfout_d04_2016-08-15_21:00:00 999.0 136.0 226.8 126.9 297.0 212.1 124.4 100.1 119.4  89.3   9.5 330.6 999.0  31.2   6.6 225.1 105.3 146.6 269.7 150.3 150.8 171.0 165.8 263.1 173.3 167.7 315.0 174.6 195.3 191.5 172.5
 wrfout_d04_2016-08-15_22:00:00 999.0 140.3 261.7 151.0 335.8 222.5 104.1 102.1 110.1  98.1  18.3 341.4 999.0  24.0  31.0 220.5 153.7 155.8 257.2 163.0 150.0 163.5 163.0 253.2 173.6 168.5 317.6 171.2 277.1 194.3 173.7
 wrfout_d04_2016-08-15_23:00:00 999.0 146.4 258.1 148.2 265.0 206.1  98.8  86.7  78.0  67.2  65.5 139.2 999.0  41.9   9.4 215.0  13.1 156.7   2.0 164.3 151.5 162.0 168.7 229.1 168.1 161.9  80.8 166.9 207.0 193.2 170.2
