 wrfout_d04_2016-09-01_00:00:00 999.0 234.7 224.1 200.4 229.9 222.5 281.4 222.8   2.4 233.1 136.0 354.9 999.0 185.3 183.6  16.9 340.3 195.8 215.5 191.3 264.5 195.2 156.1 201.1 165.1 161.6 236.1 205.7 312.1 248.4 283.3
 wrfout_d04_2016-09-01_01:00:00 999.0 240.2 221.4 200.5 221.2 224.4 235.5 231.0 233.0 235.6  82.6  56.7 999.0 191.6 190.6  64.8 276.0 193.8 221.0 196.3 267.6 193.4 178.6 145.3 180.0 190.2 182.0 226.7 268.7 246.5 279.7
 wrfout_d04_2016-09-01_02:00:00 999.0 241.4 223.0 231.3 220.1 215.6 232.6 232.5 227.4 247.9  96.8  66.0 999.0 203.1 192.7  65.3 252.9 192.3 226.0 197.0 268.3 189.7 180.9 134.6 202.1 201.3 159.5 226.1 258.6 245.3 277.9
 wrfout_d04_2016-09-01_03:00:00 999.0 250.1 230.9 248.2 228.0 233.6 233.1 235.9 227.0 249.1 101.0  90.4 999.0 236.0 195.4  69.6 247.1 190.8 226.5 198.9 271.2 188.4 194.4 142.8 213.8 208.6 147.1 227.0 263.4 243.8 275.6
 wrfout_d04_2016-09-01_04:00:00 999.0 240.8 233.2 259.8 230.1 280.9 237.7 238.9 227.1 250.1 104.3  92.1 999.0 234.0 204.8  70.9 246.0 189.3 229.4 199.2 275.0 185.6 195.6 136.4 219.1 211.2 140.9 230.3 255.9 240.8 277.9
 wrfout_d04_2016-09-01_05:00:00 999.0 237.5 231.6 274.0 230.2  28.6 249.6 238.2 239.0 252.2 104.3  88.7 999.0 237.9 214.4  63.9 241.5 186.8 230.1 204.6 277.0 184.6 193.9 134.5 221.4 211.6 111.4 239.1 257.0 243.0 280.2
 wrfout_d04_2016-09-01_06:00:00 999.0 242.3 225.4 282.1 228.4  40.8 256.2 234.7 250.2 247.8 104.5 112.8 999.0 235.6 216.9  59.9 241.4 186.8 229.6 211.2 275.8 187.0 192.6 121.4 220.6 215.0  77.1 231.7 255.9 242.6 271.8
 wrfout_d04_2016-09-01_07:00:00 999.0 224.3 237.2 304.9 233.7  40.9 262.1 236.7 252.3 245.3 105.4 158.8 999.0 232.4 216.0  64.7 240.7 186.5 228.1 213.8 274.1 189.0 194.3 100.1 220.2 212.6  69.3 228.3 258.1 247.4 264.7
 wrfout_d04_2016-09-01_08:00:00 999.0 200.5 275.2 317.1 245.9  50.2 261.5 230.7 250.0 249.1  86.1 140.9 999.0 227.6 216.0  52.4 242.0 187.2 228.0 214.9 266.4 190.5 195.8  67.2 216.7 207.9  62.5 234.0 247.0 246.1 268.8
 wrfout_d04_2016-09-01_09:00:00 999.0 171.7   2.0 330.5 325.7  55.5 316.9 227.0 245.2 241.8  80.7 137.6 999.0 220.8 215.6  28.7 235.7 187.4 222.9 213.4 257.6 190.9 193.6  48.7 212.8 205.0  67.5 230.0 244.1 247.6 264.2
 wrfout_d04_2016-09-01_10:00:00 999.0 148.8   5.8  11.7  16.2  11.3 346.8 213.5  30.1 231.0  52.4 132.0 999.0 216.7 218.0  19.3 241.2 187.6 210.9 211.6 239.6 191.2 192.8  43.3 202.9 199.4  67.6 227.0 238.5 247.4 265.9
 wrfout_d04_2016-09-01_11:00:00 999.0 145.8 158.3  35.5  58.1 307.3  20.2 199.0  43.7 213.3 347.7  45.8 999.0 202.1 211.2   5.6 249.7 188.7 204.6 198.0 241.4 191.2 190.5  23.1 195.1 193.2  66.3 221.4 242.2 246.1 262.5
 wrfout_d04_2016-09-01_12:00:00 999.0 153.9 193.0  83.3 178.8 309.4  62.1 205.4  51.7 187.7 297.9 298.0 999.0 193.4 194.5 354.9  58.1 188.7 201.1 186.3 238.3 191.7 188.0 248.9 189.8 189.2  31.0 215.7 243.9 245.8 263.1
 wrfout_d04_2016-09-01_13:00:00 999.0 165.3 206.0  24.5  43.0 343.8  55.3 188.5  52.3 139.6 299.3 336.3 999.0 190.8 184.1 352.5  57.0 189.6 201.4 183.5 234.7 191.2 184.1 270.5 187.5 186.9 292.7 212.2 238.7 243.0 262.5
 wrfout_d04_2016-09-01_14:00:00 999.0 175.9   3.4   9.8  27.6  15.5  57.6 118.2  36.4 236.3 318.3 325.7 999.0 189.0 181.1   3.3  36.9 189.4 199.8 181.8 234.6 189.7 181.8 286.3 180.2 182.8 332.8 212.2 240.2 241.3 257.5
 wrfout_d04_2016-09-01_15:00:00 999.0 200.9  97.0  84.9  47.5  27.7  29.2 156.6 345.2 220.3 193.5 319.9 999.0 189.4 180.9 347.8  38.7 189.5 200.7 179.6 233.6 190.9 181.7 303.3 174.8 181.4 330.6 216.7 238.3 240.9 258.1
 wrfout_d04_2016-09-01_16:00:00 999.0 216.7  24.9  27.0  20.5   6.2   3.4 222.4 358.4 185.6 266.4 339.4 999.0 188.1 184.2 329.6  30.3 191.2 201.5 176.3 229.2 192.6 180.7 322.7 154.1 178.9 314.2 213.7 242.8 241.4 257.3
 wrfout_d04_2016-09-01_17:00:00 999.0 226.1  23.9  41.5  20.3 327.9 115.0 213.8 102.8 166.5 170.8 314.2 999.0 188.6 181.5 344.5  44.3 193.3 200.8 175.6 231.8 195.2 183.7 338.8 142.2 173.3 340.7 216.5 244.7 239.4 256.6
 wrfout_d04_2016-09-01_18:00:00 999.0 172.2  71.3  92.8  28.5 179.3 155.0 208.0 140.2 152.6 222.1 277.9 999.0 188.4 180.9 352.7  55.6 194.7 199.6 174.1 231.1 196.5 183.0 343.0 130.3 175.3 334.9 221.5 243.8 239.4 256.2
 wrfout_d04_2016-09-01_19:00:00 999.0 192.1  30.0  97.7  28.4 235.8 122.4 205.9 149.1 148.3 270.2 297.6 999.0 188.7 179.9 354.6  60.9 195.8 202.2 174.3 228.8 196.7 187.5 359.3 132.1 165.0 356.5 223.1 244.2 239.3 256.3
 wrfout_d04_2016-09-01_20:00:00 999.0 195.4  24.7 126.1  14.8 247.7 334.3 163.0 220.3 167.8 277.7 310.8 999.0 188.7 176.8 347.9  57.5 197.3 202.4 160.0 228.6 198.7 191.6  10.5 129.3 160.4  11.4 234.6 249.9 238.4 256.9
 wrfout_d04_2016-09-01_21:00:00 999.0 202.1 150.1 106.1  10.1 224.5 322.1 191.3 197.1 206.1  68.5 296.7 999.0 188.5 174.1 345.0  66.2 197.7 205.2 174.6 222.8 199.1 194.6   6.9 150.7 149.2 357.2 234.5 256.8 238.1 257.9
 wrfout_d04_2016-09-01_22:00:00 999.0 199.3 275.9 162.7 326.7 267.8  89.0 215.5 219.7 228.4 243.4 327.3 999.0 183.3 163.1   3.7  66.7 198.7 206.5 180.4 222.9 200.7 203.7 348.4 162.6 211.4 331.3 238.3 254.0 236.8 255.4
 wrfout_d04_2016-09-01_23:00:00 999.0 188.1 232.5 159.4 243.9 208.4 166.3 216.9 236.2 217.6 180.7 301.6 999.0 186.1 174.2   5.7  41.3 197.6 213.2 186.3 227.5 199.3 208.7  30.7 188.7 213.0  11.8 247.0 256.1 239.5 254.2
