 wrfout_d04_2016-05-30_00:00:00 999.0 278.8 253.7 273.4 258.7 249.4 259.4 234.1 247.3 244.6 201.9  85.3 999.0 199.0 190.4  30.1 281.9 214.2 232.3 211.8 255.5 219.0 225.9 124.7 255.3 254.3 114.8 273.6  92.6 251.9 296.2
 wrfout_d04_2016-05-30_01:00:00 999.0 272.8 254.9 276.2 258.1 241.7 261.0 239.4 254.1 250.3 124.8 124.1 999.0 223.7 209.1  38.7 259.7 219.7 241.4 219.2 259.3 222.6 235.6  62.9 258.9 258.0  80.1 273.9  86.0 251.4 302.1
 wrfout_d04_2016-05-30_02:00:00 999.0 271.9 258.2 277.8 263.0 242.7 266.4 244.1 258.8 252.0 121.8 127.6 999.0 235.6 198.6  46.7 254.4 218.3 244.3 229.6 266.0 222.4 237.2  54.7 259.4 258.8  85.5 272.6  94.6 255.8 300.7
 wrfout_d04_2016-05-30_03:00:00 999.0 274.1 260.4 280.6 266.0 242.9 271.5 248.4 265.7 254.7 112.8 131.6 999.0 240.0 223.4  54.6 252.8 218.6 250.5 239.0 275.5 222.3 238.2  53.1 259.9 259.7  82.3 272.6 102.5 259.1 294.7
 wrfout_d04_2016-05-30_04:00:00 999.0 276.9 263.6 284.9 270.4 252.7 278.1 256.7 274.6 257.2 113.6 144.9 999.0 242.4 244.9  66.5 254.2 219.6 253.8 248.5 278.7 220.1 239.5  52.8 258.1 258.6  82.8 271.9 106.7 261.6 289.6
 wrfout_d04_2016-05-30_05:00:00 999.0 279.9 265.6 287.6 273.6 253.8 284.3 261.0 280.9 260.0 107.7 156.6 999.0 242.6 256.0  75.1 257.2 219.5 251.6 252.6 279.8 218.1 239.7  51.9 255.5 254.9  78.5 270.9  98.9 260.2 288.5
 wrfout_d04_2016-05-30_06:00:00 999.0 285.1 269.0 293.0 277.3 254.5 290.2 258.0 280.0 257.7  94.3 166.7 999.0 240.2 259.5  82.8 258.2 218.1 254.7 252.8 276.4 216.7 240.2  51.6 254.2 255.4  75.0 270.2  89.5 260.3 290.1
 wrfout_d04_2016-05-30_07:00:00 999.0 292.8 266.0 294.1 275.5 251.2 295.3 250.2 283.5 258.0  57.2 167.7 999.0 237.9 262.5  82.0 253.8 217.1 251.8 254.7 276.4 217.8 241.4  51.5 253.5 255.6  64.4 268.9  93.7 258.9 291.2
 wrfout_d04_2016-05-30_08:00:00 999.0 298.6 263.7 298.4 276.3 245.5 296.6 246.4 286.3 258.4  56.5 163.9 999.0 234.7 256.6  91.3 257.1 216.1 250.7 251.2 280.2 217.8 238.7  41.0 254.2 255.6  58.5 271.0  75.5 276.4 293.7
 wrfout_d04_2016-05-30_09:00:00 999.0 295.4 263.3 304.6 279.0 218.2 293.3 241.3 282.2 255.2  36.8 168.9 999.0 229.5 252.0  97.9 252.1 213.1 243.7 246.8 281.9 217.5 239.9  45.6 255.1 254.8  62.5 270.9  73.2 325.7 294.9
 wrfout_d04_2016-05-30_10:00:00 999.0 294.8 252.6 322.1 276.0 198.8 312.9 244.8 301.0 253.9  34.8 167.6 999.0 219.8 233.8 138.3 243.9 211.7 227.2 248.9 275.0 217.8 232.2  39.2 249.3 248.7  57.1 272.2  61.1 337.5 298.5
 wrfout_d04_2016-05-30_11:00:00 999.0 293.6 246.6 344.3 276.5 104.2 339.3 256.7 290.2 261.0  14.7 168.7 999.0 210.6 229.3 172.4 226.9 210.6 197.7 240.1 246.6 217.4 222.2  29.5 238.4 235.2  53.6 268.5  16.6 332.0 299.6
 wrfout_d04_2016-05-30_12:00:00 999.0 277.6 257.1 339.0 276.7  82.7 325.4 269.0 296.7 267.6   8.6 153.7 999.0 209.7 226.4 194.9 206.5 211.2 199.5 231.5 258.4 218.6 219.1  26.3 241.8 236.2  51.1 269.2 307.3 318.6 298.4
 wrfout_d04_2016-05-30_13:00:00 999.0 272.1 243.2  18.3 260.8 113.5 327.1 226.0 284.8 254.7  34.3 161.4 999.0 194.9 210.9 224.7 202.8 212.0 184.2 215.5 251.2 215.9 206.1  22.3 236.4 229.3  57.2 265.7 288.5 306.7 299.6
 wrfout_d04_2016-05-30_14:00:00 999.0 257.5 237.9  64.6 258.4 125.9 314.1 211.9 250.3 267.3  54.7 158.7 999.0 196.4 198.7 233.1 213.1 209.9 196.1 206.3 248.7 213.8 198.9  18.3 237.7 227.4  45.8 253.7 298.6 296.9 297.9
 wrfout_d04_2016-05-30_15:00:00 999.0 271.5 234.5  17.4 249.5 179.6 250.1 225.4 225.2 264.8  27.2 147.3 999.0 193.1 208.8 233.4 230.3 209.6 207.0 198.3 251.6 213.3 196.9   6.8 231.4 224.6 344.3 264.9 305.4 290.2 294.9
 wrfout_d04_2016-05-30_16:00:00 999.0 260.8 235.9  98.6 252.8 176.4  77.5 219.2 243.8 249.8  23.2 211.0 999.0 182.3 181.9 246.1 228.1 210.1 200.1 204.2 249.9 214.1 191.9   2.4 205.1 203.7 315.2 259.8 301.5 293.0 295.3
 wrfout_d04_2016-05-30_17:00:00 999.0 232.0 236.1  67.6 248.0 201.6 271.0 237.1 257.2 236.0 315.3 133.9 999.0 184.1 183.5 238.3 163.5 206.0 200.8 200.8 240.7 209.5 183.4 305.2 215.9 208.7 289.5 252.3 327.7 271.3 293.0
 wrfout_d04_2016-05-30_18:00:00 999.0 240.5 244.5 344.1 255.2 201.1 270.8 226.1 266.8 236.0  27.5 203.9 999.0 180.0 173.7 230.5 213.7 205.0 203.7 198.0 250.1 207.9 182.4 311.3 207.6 215.6 353.5 258.6 341.5 257.2 290.0
 wrfout_d04_2016-05-30_19:00:00 999.0 233.6 241.1  65.8 258.5 200.3 301.0 229.9 199.5 239.7 287.5 333.7 999.0 177.2 165.1 246.9  95.1 203.7 205.7 190.7 250.9 206.4 174.3 292.9 158.2 193.0 317.3 278.7 351.6 264.2 287.7
 wrfout_d04_2016-05-30_20:00:00 999.0 233.3 236.3 109.4 253.1 185.2 226.8 226.4 141.9 241.2 240.0 328.4 999.0 175.7 164.8 250.2  34.0 201.4 199.6 186.1 250.1 204.7 171.7 297.9 134.7 155.0 340.3 281.1 352.8 257.9 290.0
 wrfout_d04_2016-05-30_21:00:00 999.0 232.9 235.4 105.0 252.0 188.2 180.8 227.2 138.0 240.0 247.8 353.7 999.0 175.5 165.7 257.0  51.6 201.5 201.8 185.4 253.9 205.5 168.0 320.9 140.4 137.3 354.7 293.4 356.6 254.8 292.1
 wrfout_d04_2016-05-30_22:00:00 999.0 233.5 236.8 133.9 248.9 195.6 176.4 229.6 119.7 234.7 285.0   7.9 999.0 174.1 168.8 265.2 352.9 202.3 205.6 183.9 258.5 208.1 170.9 347.2 142.0 148.4 339.4 287.0  20.7 248.2 297.2
 wrfout_d04_2016-05-30_23:00:00 999.0 232.8 235.6 215.6 244.0 219.5 253.9 230.7 235.6 237.9  39.1 100.9 999.0 183.8 181.9 243.3 357.0 205.6 230.5 198.0 276.7 211.4 176.7  58.5 188.0 206.1  69.2 276.4  76.9 245.7 297.2
