 wrfout_d04_2016-11-18_00:00:00 999.0 130.2 136.6 128.9 112.0 122.1  91.2 177.2 335.5 171.0  90.1 172.6 999.0 213.5 197.0 230.7 306.5   1.3 223.9 254.8 177.5 353.0  76.2  17.0  52.5  42.4   9.4 310.7  24.0  46.4  60.0
 wrfout_d04_2016-11-18_01:00:00 999.0 125.8 130.7 132.7 119.8 136.5 113.0 245.3 235.1 210.2 109.4 167.7 999.0 254.1 205.6 213.5 313.7   0.9 227.6 283.1 213.1 355.0  27.8  42.8 351.6 342.3  28.2 270.1  38.2  46.1  64.0
 wrfout_d04_2016-11-18_02:00:00 999.0 132.2 134.0 133.5 130.8 140.7 122.7 277.7 221.0 246.2 113.6 165.9 999.0 275.4 221.1 150.3 310.0 357.0 248.4 300.4 254.3 356.3 348.2  76.9 338.1 330.9  63.4 268.8  46.0  52.7  65.3
 wrfout_d04_2016-11-18_03:00:00 999.0 131.6 142.8 136.8 141.8 145.2 120.1 278.5 224.0 266.5 112.8 164.4 999.0 288.0 243.5 143.1 286.7 359.6 270.1 313.0 267.7 352.7 334.8  82.4 334.5 316.6  67.1 269.5  48.7  56.9  65.6
 wrfout_d04_2016-11-18_04:00:00 999.0 144.1 144.6 141.2 141.5 146.6 114.9 275.5 107.3 276.3 110.0 164.1 999.0 299.7 246.8 144.7 286.7   3.1 292.2 319.3 270.8 356.0 336.8  82.9 330.2 308.8  73.8 267.9  51.2  61.1  66.6
 wrfout_d04_2016-11-18_05:00:00 999.0 148.2 145.6 138.7 140.9 149.5 117.1 276.6  99.8 282.6 114.9 166.5 999.0 306.4 275.1 145.0 276.4   2.4 349.9 321.8 280.3 356.6 330.3  84.2 323.6 305.7  68.5 270.1  49.7  56.5  67.6
 wrfout_d04_2016-11-18_06:00:00 999.0 153.4 148.6 140.0 142.6 153.2 118.6 275.7 100.0 288.0 119.7 168.5 999.0 312.4 285.6 151.1 268.9   0.0  25.7 315.7 271.1   3.3 326.4  80.7 320.0 309.1  65.7 272.6  50.0  52.3  68.4
 wrfout_d04_2016-11-18_07:00:00 999.0 145.0 152.1 136.8 143.1 151.9 116.5 268.6  99.5 284.0 125.6 169.6 999.0 320.8 288.8 161.9 264.4 357.6  51.4 313.1 245.0   4.0 328.9  79.2 319.2 307.8  58.4 274.9  45.1  52.4  67.8
 wrfout_d04_2016-11-18_08:00:00 999.0 145.3 156.8 128.3 140.5 151.4 122.2 252.8  97.8 285.8 127.2 171.0 999.0 328.0 294.9 171.3 258.5 357.2  46.9 308.8 207.7   1.9 329.2  65.8 321.7 310.9  61.0 281.4  43.0  51.1  67.4
 wrfout_d04_2016-11-18_09:00:00 999.0 146.4 153.3 128.9 122.6 152.7 121.0 231.1 111.4 269.6 123.4 178.3 999.0 341.1 306.4 191.0 219.9 359.0  66.8 309.7 165.0   3.9 330.4   0.6 316.6 306.2  50.0 286.8  30.1  54.6  67.8
 wrfout_d04_2016-11-18_10:00:00 999.0 147.6 155.0 126.5 121.4 156.8 133.9 218.6 211.7 253.3 122.9 178.4 999.0 349.9 333.0 227.3 165.7 358.3 183.1 315.7 176.7 358.0 331.8 339.5 318.4 311.2  38.0 290.5  15.1  65.1  63.4
 wrfout_d04_2016-11-18_11:00:00 999.0 149.4 158.9 123.6 123.0 157.0 128.1 217.9 240.8 270.5  92.6 174.3 999.0 356.0 348.9 232.7 149.2 357.5 210.6 341.3 175.7 349.5 330.1 335.0 322.9 322.9  15.5 292.6   5.1  72.9  61.8
 wrfout_d04_2016-11-18_12:00:00 999.0 152.9 157.9 131.3 118.3 184.7 124.8 215.2 224.6 215.9  43.0 171.6 999.0 351.7   0.1 235.2 190.1 353.2 214.7 348.7 179.8 338.9 337.6 324.0 335.3 335.8 348.1 296.2   2.1  66.1  60.9
 wrfout_d04_2016-11-18_13:00:00 999.0 153.1 156.6 135.4 111.9 231.0  92.1 217.1 218.8 149.7  25.0 170.2 999.0 355.5 124.0 234.6 153.4 348.1 205.0 345.3 177.8 341.1 350.4 322.7 343.9 340.0 349.7 303.8 356.6  66.8  60.6
 wrfout_d04_2016-11-18_14:00:00 999.0 155.0 159.3 151.6 109.0 237.3 125.2 205.2 178.8 136.2  17.1 162.6 999.0 353.1 160.9 235.4  96.0 346.6 198.3 342.8 176.3 343.5   2.2 310.0 351.9 346.3 345.7 316.2 355.7  66.9  63.3
 wrfout_d04_2016-11-18_15:00:00 999.0 153.7 161.3 166.4  99.0 240.4 251.0 227.3 124.2 109.0  20.8 165.6 999.0 352.7 165.5 236.2  88.5 354.1 193.7 347.2 177.5 351.4  10.1 308.4 351.4 352.3 344.4 326.5 354.6  69.9  63.7
 wrfout_d04_2016-11-18_16:00:00 999.0 159.6 149.6 268.0  69.5 250.3 257.6 230.1 104.5  42.8  20.2 164.8 999.0 348.0 153.5 236.4 113.4 359.6 182.2 352.6 176.8 354.9  18.8 306.1   4.4   1.3 348.2 348.8 355.1  61.8  66.8
 wrfout_d04_2016-11-18_17:00:00 999.0 164.8 118.7 294.8  43.8 273.5 258.3 225.8 195.3  70.5  25.8 152.6 999.0 359.6 145.1 235.9  91.8   5.5 185.3 353.8 177.2 359.2  32.3 297.5  12.1   8.7 346.7  17.9 355.2  57.3  68.5
 wrfout_d04_2016-11-18_18:00:00 999.0 167.1 112.7  97.8  53.5 305.6 274.7 206.9 199.7  92.1  27.1 163.2 999.0 356.6 162.6 235.3  74.2  12.5 186.6 359.6 176.0   3.2  41.6 294.1  22.2  15.1 340.3  18.2 353.9  56.3  66.4
 wrfout_d04_2016-11-18_19:00:00 999.0 171.7 136.0 131.1  48.7 286.9 264.8 200.2 202.2  26.3  31.9 153.5 999.0 341.9 203.4 240.1  70.6  16.5 189.6   4.0 175.9   5.1  41.3 294.3  29.0  22.3 338.5  16.1 355.3  57.1  65.0
 wrfout_d04_2016-11-18_20:00:00 999.0 177.9 129.3 137.5  38.9 268.6 275.1 205.6 232.0  32.5  29.4 166.4 999.0 353.1 236.6 241.3  74.7  25.3 191.1   2.4 175.2  10.4  38.2 294.2  29.4  27.4 341.0  12.1 354.0  51.6  62.1
 wrfout_d04_2016-11-18_21:00:00 999.0 182.2 128.0 134.6  37.8 263.4 277.9 222.3 259.1  12.0  27.8 142.5 999.0   2.6 224.3 244.0  79.6  35.6 189.8 358.6 173.8  15.9  43.1 301.5  26.2  27.7 344.1   9.7 354.6  50.2  61.1
 wrfout_d04_2016-11-18_22:00:00 999.0 184.7 116.3 309.8  37.6 277.9 278.1 209.6 256.2 183.2  34.6 113.8 999.0  10.6 239.5 240.9  79.6  34.6 190.2   3.4 171.8  14.7  41.1 307.2  22.5  31.7 345.0   5.0 355.0  47.0  63.8
 wrfout_d04_2016-11-18_23:00:00 999.0 188.2 104.9 299.4  56.6 300.2 282.8 208.1  54.4 121.3  37.5  77.3 999.0   1.9 248.8 236.8  35.0  30.3 189.9  10.7 171.3  16.7  39.2 306.5  23.2  29.0 354.4   2.0   6.6  49.5  56.6
