 wrfout_d04_2016-09-24_00:00:00 999.0  58.1  79.9 131.6  66.6  70.6  78.0  53.5  68.3  53.5 336.7 348.2 999.0   3.6 196.5  22.2 352.7  20.4  58.5 237.0 350.4  19.2  26.7  40.4   5.7 331.9  41.8 254.9  30.7  21.9  48.6
 wrfout_d04_2016-09-24_01:00:00 999.0  56.5  78.6 115.5  65.7  60.4  74.4  47.0  69.3  57.9  20.5  22.9 999.0 349.1 245.9  29.6 333.2  19.8  34.2 256.3 352.7   9.7 347.0  42.1 337.0 331.7  47.5 264.5  39.3  21.1  48.2
 wrfout_d04_2016-09-24_02:00:00 999.0  57.8  77.9 110.7  66.4  60.4  70.8  41.8  62.3  51.3  84.4  21.7 999.0 350.4 286.2  28.1 322.7  20.4  38.4 263.5 350.9  13.5 333.9  40.9 326.5 300.0  50.3 265.0  44.0  25.1  48.5
 wrfout_d04_2016-09-24_03:00:00 999.0  55.3  77.1 105.2  65.9  61.8  73.4  38.0  61.3  46.5  84.8  30.5 999.0 352.2 309.7  33.5 294.2  19.8  37.6 271.4 350.2  12.3 330.9  43.7 316.8 285.3  53.5 266.9  44.1  24.5  47.1
 wrfout_d04_2016-09-24_04:00:00 999.0  55.6  76.8 105.3  64.9  62.9  74.1  36.6  60.2  47.2  77.0  35.5 999.0 355.8 340.3  38.2 286.8  19.2  43.6 283.1 347.0  11.2 329.9  42.7 306.5 277.6  54.6 264.1  47.4  24.2  48.8
 wrfout_d04_2016-09-24_05:00:00 999.0  55.2  76.2 100.5  63.9  60.6  75.0  37.7  60.3  48.3  84.2  24.6 999.0   1.5 348.8  39.8 286.1  19.9  37.3 290.7 356.4   8.8 329.9  43.0 293.5 275.5  55.6 265.9  50.2  26.1  50.9
 wrfout_d04_2016-09-24_06:00:00 999.0  55.6  76.5  98.4  63.0  61.2  75.0  38.9  61.2  48.3  85.5  36.1 999.0 359.8 345.6  37.2 282.7  18.2  34.7 295.0 356.0   9.4 325.3  41.4 295.0 280.4  56.6 271.7  49.2  25.6  53.2
 wrfout_d04_2016-09-24_07:00:00 999.0  56.4  76.2  97.8  61.6  60.9  71.0  39.8  60.7  45.8  78.5  30.9 999.0   2.5 344.2  38.1 273.3  18.9  25.1 309.3   4.5   8.7 331.3  39.2 295.7 282.6  48.8 268.3  46.7  25.0  51.8
 wrfout_d04_2016-09-24_08:00:00 999.0  55.3  76.8 107.7  61.5  65.4  70.7  40.0  64.0  45.0  77.6  37.8 999.0   6.1 345.4  30.9 279.9  21.5  35.4 322.5  21.2  14.2 341.5  40.2 297.4 282.1  50.4 265.7  42.6  25.1  50.0
 wrfout_d04_2016-09-24_09:00:00 999.0  57.5  78.0 123.8  60.8  70.0  74.9  38.7  67.4  39.8  67.0  15.2 999.0   6.5 345.3  26.3 265.4  20.1  61.0 322.7  23.7  13.4 346.1  39.7 306.4 293.4  49.3 273.9  39.1  25.9  48.2
 wrfout_d04_2016-09-24_10:00:00 999.0  56.9  79.6 154.9  61.3  75.0  82.0  40.0  69.7  38.0 355.6 331.1 999.0   5.5 347.3  20.0 238.6  21.4 148.3 323.9  69.8  10.3   2.0  37.2 313.7 301.9  48.3 278.1  34.9  28.3  53.3
 wrfout_d04_2016-09-24_11:00:00 999.0  58.7  81.0 159.6  63.8  77.3  85.4  48.0  69.9  42.9 318.6 253.0 999.0  12.6 356.8  14.8 193.5  25.6 105.0 341.1 105.0  16.0   2.6  38.6   1.6 358.4  38.9 285.5  30.1  23.3  54.4
 wrfout_d04_2016-09-24_12:00:00 999.0  59.8  83.6 153.2  66.3  72.8  86.2  51.5  71.2  49.3 325.6 248.8 999.0   9.6 348.8   7.5 192.0  22.2  62.3 334.7  63.8  18.8   5.7  39.8 343.6 354.9  39.4 271.3  28.0  23.1  48.8
 wrfout_d04_2016-09-24_13:00:00 999.0  62.4  85.0 151.6  67.9  80.7  83.0  53.3  69.0  53.5 308.2 283.5 999.0   8.6 345.1   8.3 107.8  22.3 105.7 329.2 119.1  14.0  14.9  38.4  14.9  21.2  39.5 286.2  31.2  26.9  51.2
 wrfout_d04_2016-09-24_14:00:00 999.0  66.8  86.2 156.5  69.4  80.1  81.3  52.8  66.7  53.0 309.8 298.2 999.0   8.8 336.7   5.0 198.2  23.6 116.5 316.2 151.4  18.9  22.4  38.1 354.9 357.7  31.6 267.0  24.3  21.9  55.3
 wrfout_d04_2016-09-24_15:00:00 999.0  64.6  86.4 164.8  68.7  82.3  81.1  53.2  65.4  53.8 296.8 274.2 999.0   8.7 348.9   9.5 183.4  26.5 108.1 307.7 140.5  20.1  18.6  36.6 354.3   0.6  26.7 267.9  27.6  24.0  49.7
 wrfout_d04_2016-09-24_16:00:00 999.0  62.2  86.3 169.8  67.7  80.7  81.6  53.1  64.5  54.2 312.6 284.0 999.0   8.1  33.3  11.8 161.3  24.3  98.8 318.7 153.9  20.7  28.2  38.6   9.0  11.2  24.7 280.0  24.0  21.2  48.1
 wrfout_d04_2016-09-24_17:00:00 999.0  56.1  85.5 169.1  67.6  77.6  80.5  54.6  65.0  56.9 313.0 287.4 999.0 359.0 162.0  16.5 183.6  27.2 100.3 318.3 156.9  22.6  31.9  36.2 356.9   4.9  26.0 291.8  24.7  20.4  43.0
 wrfout_d04_2016-09-24_18:00:00 999.0  51.3  83.1 180.4  64.8  63.1  82.2  54.2  66.5  57.8 327.1 283.7 999.0   1.6 145.9  15.1 167.0  23.2  99.9 308.7 152.1  22.3  33.4  36.9   9.4  10.7  33.9 291.0  26.3  21.0  39.1
 wrfout_d04_2016-09-24_19:00:00 999.0  50.8  81.1 187.1  63.0  58.0  86.3  53.5  69.7  58.4 294.6 270.5 999.0 356.2 113.2  18.8 135.6  21.3  99.5 304.8 146.2  19.3  27.9  39.3  14.6  17.3  35.3 335.6  22.1  23.8  42.5
 wrfout_d04_2016-09-24_20:00:00 999.0  46.4  79.4 203.7  61.4  51.2  88.4  52.5  72.6  57.1 286.8 270.3 999.0   0.4 146.3  11.2 150.4  20.1 101.3 324.9 139.5  15.8  32.2  38.9  11.4  19.5  30.8  26.8  21.9  24.0  43.1
 wrfout_d04_2016-09-24_21:00:00 999.0  49.4  75.9 212.8  57.5  49.4  90.1  50.2  77.0  56.2 323.4 265.0 999.0 359.8  91.9   8.0 143.9  20.6 103.5 330.6 140.3  11.9  31.4  36.9   4.4  11.5  27.8  34.5  19.4  23.8  44.2
 wrfout_d04_2016-09-24_22:00:00 999.0  47.2  75.2 223.3  57.4  49.6  86.1  50.3  77.8  52.4 314.1 261.1 999.0   2.6  20.8   4.1  72.9  18.6 104.3 336.7 144.1   9.6  34.3  37.6   9.8  17.8  22.2  17.7  16.9  18.7  46.7
 wrfout_d04_2016-09-24_23:00:00 999.0  45.4  74.9 230.1  61.6  65.7  78.2  49.7  72.9  50.2 277.1 284.9 999.0   7.1   4.3   7.3   0.3  16.6  80.6 335.0 118.2  10.1  32.3  39.2  12.8  14.6  31.1   0.2  23.9  24.0  47.7
