 wrfout_d04_2016-10-17_00:00:00 999.0  72.7  97.0 111.4  91.2  88.6  92.4  61.9  83.5  81.0  92.6 122.8 999.0 222.0 206.7   4.7 257.4  19.0 109.4  86.3 144.2  14.3 116.3  32.7  51.8  41.3  18.7 347.3  14.2  44.8  61.1
 wrfout_d04_2016-10-17_01:00:00 999.0  71.8  93.0 104.5  87.7  87.6  91.6  65.9  85.0  93.1  98.1 108.8 999.0 296.5 300.7   9.7 244.5  17.3  48.5 220.4 141.5 354.5  96.0  36.0  72.1   2.8  31.9 305.2  22.7  43.9  57.6
 wrfout_d04_2016-10-17_02:00:00 999.0  70.3  92.0 105.9  87.7  88.5  95.7  69.4  90.1  84.6  93.0 124.6 999.0 304.7 294.3  60.4 246.0  15.9  31.2 231.0 138.8 353.6 333.9  40.0   5.5 309.5  42.8 281.5  32.7  44.9  56.7
 wrfout_d04_2016-10-17_03:00:00 999.0  68.3  89.9 103.6  86.2  71.5  93.9  73.1  91.6  74.7  91.7 122.3 999.0 299.1 269.8  55.4 243.9  16.8  10.2 231.1 139.0 353.6 301.1  43.1 321.0 283.2  47.9 274.0  35.9  43.8  58.0
 wrfout_d04_2016-10-17_04:00:00 999.0  66.9  92.0 103.0  86.5  81.5  96.3  73.0  92.8  71.8  91.5 104.4 999.0 300.4 283.1  56.4 262.6  19.2  10.3 234.4 139.2 350.0 302.9  41.3 275.4 267.7  51.1 279.3  41.1  49.2  61.3
 wrfout_d04_2016-10-17_05:00:00 999.0  67.0  90.5 100.8  84.5  77.5  89.6  73.2  93.2  64.5  97.2 119.1 999.0 300.1 287.0  63.4 260.9  23.4  17.2 239.2 139.2 348.6 325.9  43.6 283.6 266.0  52.7 280.4  41.4  51.0  65.1
 wrfout_d04_2016-10-17_06:00:00 999.0  65.2  94.3 102.2  87.1  81.9  92.3  72.7  95.8  65.7  97.2 109.9 999.0 288.4 276.3  51.0 252.6  20.1 359.5 247.3 140.8 354.8 328.4  42.6 266.0 259.9  47.7 277.2  43.4  50.8  66.6
 wrfout_d04_2016-10-17_07:00:00 999.0  64.1  92.9 104.4  87.3  84.6  88.3  73.2  91.1  66.0  95.5 121.2 999.0 287.7 275.3  39.9 249.7  18.5  25.8 250.8 141.6 358.8 313.0  40.5 259.9 252.5  44.2 272.6  42.3  41.8  68.1
 wrfout_d04_2016-10-17_08:00:00 999.0  64.5  93.5 107.1  85.3  85.3  86.9  66.5  88.1  63.5  95.1 111.8 999.0 280.9 259.5  24.4 239.6  18.3  44.4 252.8 144.0 356.7 309.6  36.9 264.8 264.2  48.0 276.4  45.1  41.0  70.0
 wrfout_d04_2016-10-17_09:00:00 999.0  66.5  94.5 105.7  85.0  85.7  86.0  62.1  81.9  64.6  95.4 128.0 999.0 245.1 238.2 359.9 233.6  15.7  64.0 246.2 144.3   2.8 303.5  31.3 262.4 265.3  41.3 275.5  46.9  48.6  70.4
 wrfout_d04_2016-10-17_10:00:00 999.0  59.0  94.5 107.5  84.5  84.6  89.5  63.2  80.3  68.6  99.4 126.9 999.0 207.3 211.2  21.3 225.5   9.8 251.3 234.2 143.2 358.9 310.3  27.0 271.3 270.9  39.9 275.5  41.5  51.4  71.3
 wrfout_d04_2016-10-17_11:00:00 999.0  63.9  94.6 116.5  84.2  87.6  90.9  62.9  81.3  66.1 103.9 124.0 999.0 200.4 202.8 345.7 215.0   4.9 257.7 213.1 143.8 355.7 216.2  25.4 271.5 276.6  30.5 274.4  26.8  54.2  73.6
 wrfout_d04_2016-10-17_12:00:00 999.0  70.6  94.4 113.7  84.9  87.3  88.6  61.8  78.2  67.5  95.3 119.2 999.0 202.7 195.3 325.7 212.1   8.7  58.3 207.5 143.2 349.1 197.1  22.8 266.9 273.2  26.2 280.5  27.5  55.0  72.8
 wrfout_d04_2016-10-17_13:00:00 999.0  67.1  93.9 108.9  84.8  87.4  89.1  60.9  78.8  66.8 104.5 106.0 999.0 201.1 179.5 305.6 215.2   6.2 294.3 208.0 143.8 340.0 228.8  23.2 189.7 111.7  21.0 287.1  24.6  58.9  75.4
 wrfout_d04_2016-10-17_14:00:00 999.0  68.3  92.1 111.8  86.1  83.6  85.0  62.9  74.6  78.5  73.6 158.9 999.0 213.7 178.8 308.1 175.9   3.7  65.9 190.8 144.2 331.5 270.6  20.0 247.0  83.6  21.7 297.8  27.5  57.5  74.0
 wrfout_d04_2016-10-17_15:00:00 999.0  70.4  93.9 109.1  81.8  79.2  90.0  60.9  78.4  65.7  48.3 126.6 999.0 178.5 172.5 307.3 167.4   0.0  54.9 186.5 145.1 318.5 288.7  24.4 106.3  97.5  22.3 301.6  26.2  53.7  73.8
 wrfout_d04_2016-10-17_16:00:00 999.0  73.8  93.4 138.1  91.5  87.6  87.9  60.8  72.2  85.2 132.7 113.7 999.0 246.5 151.8 326.9 128.4   2.7  27.2 183.8 145.5 322.6 285.5  25.4  97.8  94.0  16.4 302.4  27.5  51.0  72.4
 wrfout_d04_2016-10-17_17:00:00 999.0  74.1 107.8 113.9 100.6  99.0  80.9  63.1  68.6  92.0 129.3 138.9 999.0   5.8  52.0  10.9 139.2   0.6   5.2 187.1 146.1 330.9 242.5  22.0 105.3 118.4  21.5 298.4  23.7  50.0  73.3
 wrfout_d04_2016-10-17_18:00:00 999.0  75.8  96.0 118.2  87.6  77.0  83.2  60.3  77.2  92.0 110.7 132.0 999.0 330.6 144.2 351.4  69.2 359.5 357.6 183.3 146.9 336.0 246.5  22.8 117.3 101.9  20.5 316.1  21.7  48.1  73.4
 wrfout_d04_2016-10-17_19:00:00 999.0  75.8  97.8 117.1  89.4  85.1  84.4  63.0  73.2 134.8 100.0 126.8 999.0 323.0 203.7 343.8 164.3 359.0 339.5 155.4 147.0 351.1 135.7  24.0 132.4 122.3  18.4 338.3  23.9  51.5  74.9
 wrfout_d04_2016-10-17_20:00:00 999.0  76.4  96.0 113.8  86.9  85.5  85.7  62.4  77.1 154.4  91.6 120.9 999.0 305.1 174.2   7.1 162.8   5.6 317.9 226.6 145.4 333.4 146.2  26.8 153.7 118.8  13.8  14.7  24.0  49.6  76.2
 wrfout_d04_2016-10-17_21:00:00 999.0  75.2  95.8 113.0  87.8  86.7  86.2  62.8  73.4 176.5  89.0 123.3 999.0 188.2 221.1 344.2 151.5  23.5 327.6 356.8 145.2 344.7 140.8  27.5 148.2 105.1  16.1   2.8  15.4  45.7  76.0
 wrfout_d04_2016-10-17_22:00:00 999.0  75.6  95.3 112.5  88.2  87.9  89.3  62.9  74.5 149.5  92.6 121.4 999.0 192.4 199.9 343.7 137.3  27.9 337.8 337.5 145.3 343.9 150.5  27.5 162.8 110.8  17.9 342.2  17.2  43.7  75.7
 wrfout_d04_2016-10-17_23:00:00 999.0  74.0  95.3 114.7  89.3  85.6  90.1  59.1  78.2  87.9  94.1 112.8 999.0 187.6 166.2   9.8 192.1  18.0 343.2 340.2 145.3 352.7 137.3  32.9 141.9 117.0  19.9 293.0  20.2  48.6  75.8
