 wrfout_d04_2016-07-06_00:00:00 999.0 115.3 112.6 126.1 104.8 118.3 103.2   9.2  92.2 320.6 120.5 152.6 999.0 188.7 198.3 139.8 253.2 352.3 355.9 233.4 126.2 346.4  53.3  37.4  18.5 356.8  39.6 259.9  37.3  53.9  58.6
 wrfout_d04_2016-07-06_01:00:00 999.0 113.3 112.3 125.2 107.0 119.5 107.3 291.1  98.9 310.3 112.8 144.7 999.0 226.0 202.6 107.3 264.5 342.9  25.7 225.6  99.5 342.6 298.0  42.0 350.7 304.1  51.1 262.2  41.1  65.5  62.9
 wrfout_d04_2016-07-06_02:00:00 999.0 113.2 112.5 125.7 109.0 120.6 110.2 267.9 103.3 297.1 112.3 143.1 999.0 249.8 211.5  95.3 266.0 336.5  13.4 245.8  21.1 339.5 295.4  43.7 306.0 268.2  59.9 261.6  47.7  71.3  67.9
 wrfout_d04_2016-07-06_03:00:00 999.0 113.7 111.1 125.5 108.6 118.1 109.8 262.2 103.4 282.5 109.1 142.0 999.0 257.4 226.7 100.5 257.6 328.8  28.2 269.1  27.8 321.8 306.7  48.3 287.2 259.8  57.1 268.0  46.1  63.3  61.9
 wrfout_d04_2016-07-06_04:00:00 999.0 112.6 111.6 125.3 109.5 116.9 110.4 256.7 104.4 280.6 106.6 141.9 999.0 287.9 244.3  89.6 272.9 318.6  36.6 282.0 350.5 317.3 303.7  43.3 283.9 264.3  54.2 261.7  46.9  62.1  67.8
 wrfout_d04_2016-07-06_05:00:00 999.0 108.8 109.0 125.2 107.7 113.1 111.0 256.5 104.5 274.0 106.5 140.6 999.0 311.8 304.3  92.4 265.9 314.1  29.2 280.7 341.1 310.3 315.1  45.8 292.7 270.2  52.5 273.1  48.6  60.8  62.3
 wrfout_d04_2016-07-06_06:00:00 999.0 107.8 109.9 124.9 107.3 113.0 110.3 261.5 103.5 271.4 106.0 139.1 999.0 315.2 302.9  89.0 267.7 311.8  14.9 280.5 342.6 310.1 313.2  44.4 299.6 280.4  54.2 268.4  50.0  59.1  68.1
 wrfout_d04_2016-07-06_07:00:00 999.0 106.2 110.8 124.9 107.0 114.1 112.3 271.0 104.3 264.3 108.6 140.2 999.0 306.7 289.2  84.4 270.2 314.1  27.8 275.3 355.5 306.2 315.9  38.2 309.2 295.3  53.6 280.9  47.5  53.2  63.9
 wrfout_d04_2016-07-06_08:00:00 999.0 104.8 111.1 124.8 106.3 115.2 109.6 272.1  98.9 265.3 109.9 141.2 999.0 301.7 292.4  82.1 277.3 321.8  52.2 281.0  25.7 304.2 311.4  40.5 308.7 297.9  52.5 287.9  49.2  49.5  63.4
 wrfout_d04_2016-07-06_09:00:00 999.0 102.2 108.7 124.2 102.0 112.2 105.7 246.4  95.8 265.6 113.8 147.1 999.0 279.2 270.9  71.6 267.7 334.5  57.2 284.4  40.5 309.9 306.4  40.6 306.5 292.5  50.8 289.2  50.1  45.1  62.2
 wrfout_d04_2016-07-06_10:00:00 999.0 100.9 108.2 125.2  99.1 108.5  99.3 120.9  87.2 266.6 114.2 157.5 999.0 244.8 250.1  52.5 245.1 340.3  61.5 298.3  41.6 317.0 308.4  34.0 314.3 288.5  47.3 300.7  48.8  41.2  57.7
 wrfout_d04_2016-07-06_11:00:00 999.0  96.9 108.2 125.6  98.0 105.5  94.2  93.6  82.1 274.4 117.3 178.1 999.0 211.8 221.0  23.1 206.6 344.1  94.2 273.8 156.1 312.1 306.9  31.0 312.7 297.6  36.7 317.5  38.3  35.1  49.6
 wrfout_d04_2016-07-06_12:00:00 999.0  93.0 107.4 122.7  96.8 101.3  91.5  89.3  79.3 324.9  72.6 183.8 999.0 195.6 205.3   8.0 203.7 343.7  77.0 262.8 115.8 321.1 303.5  30.8 319.5 311.0  34.3 312.9  27.7  31.8  45.5
 wrfout_d04_2016-07-06_13:00:00 999.0  87.4 104.1 123.7  94.6  99.5  89.0  80.7  80.0 338.3 335.0 184.7 999.0 195.8 195.3   7.6 212.2 352.1 227.9 252.2 113.0 328.8 303.4  33.5 318.3 310.0  25.9 309.2  19.2  27.7  32.5
 wrfout_d04_2016-07-06_14:00:00 999.0  82.0  99.2 123.0  89.4  93.8  86.6  75.7  77.8  67.6 335.7 202.0 999.0 188.8 187.7   5.3 204.9 338.8  65.4 236.8 100.2 326.5 213.3  32.5 302.8 309.7  24.2 309.4  13.6  23.7  26.6
 wrfout_d04_2016-07-06_15:00:00 999.0  73.7  93.7 127.2  86.5  87.6  88.7  71.0  78.7  84.8 317.8 226.1 999.0 188.4 176.6   7.6 153.1 324.6  78.6 227.3  97.4 326.2 215.2  29.8 300.5 289.9  10.6 311.6   4.9  22.0  15.5
 wrfout_d04_2016-07-06_16:00:00 999.0  67.7  89.8 129.5  82.2  84.6  85.2  68.4  78.2  79.5 301.1 249.7 999.0 198.7 173.4  10.2 149.7 323.5  85.3 227.4  96.7 305.2 231.4  27.5 270.5 273.9  21.2 314.2  12.2  19.9   7.1
 wrfout_d04_2016-07-06_17:00:00 999.0  67.2  86.1 130.2  78.2  75.9  85.9  68.1  77.8  89.0 310.4 260.5 999.0 252.0 171.5  10.3  76.4 316.7  81.2 229.3  94.2 306.5 266.8  27.7 276.9 265.9  19.7 315.4  12.9  18.4  10.8
 wrfout_d04_2016-07-06_18:00:00 999.0  67.2  83.7 132.4  75.1  72.7  88.3  68.9  76.6  75.6 308.8 272.3 999.0   0.8 178.2  12.3  44.0 307.9  78.3 236.0  92.8 304.5 266.3  26.5 289.5 284.3  20.5 307.6   8.6  20.9  11.3
 wrfout_d04_2016-07-06_19:00:00 999.0  68.1  83.1 151.1  76.3  71.0  88.3  67.0  74.9  62.1 283.5 269.4 999.0 348.2 187.7  14.3  42.2 310.6  68.6 238.1  93.4 300.8 286.0  27.0 284.9 297.1  22.3 309.7   4.9  19.4  11.8
 wrfout_d04_2016-07-06_20:00:00 999.0  69.4  81.2 146.1  74.4  69.0  89.1  65.5  73.6  59.4 302.6 259.1 999.0   1.2 213.5  17.7  50.8 319.9  73.8 268.3 100.3 274.6 281.5  24.7 300.5 296.9  23.5 305.9   7.3  13.0  10.7
 wrfout_d04_2016-07-06_21:00:00 999.0  70.7  81.5 126.9  75.0  70.5  84.4  65.0  71.4  57.7 263.0 272.2 999.0   9.3 205.6  18.8  48.8  30.7  73.3 278.6 102.1 292.7 244.3  19.2 278.9 285.4  15.8 298.5  10.3  15.5  10.4
 wrfout_d04_2016-07-06_22:00:00 999.0  70.2  79.4 110.0  72.7  67.0  81.0  64.2  73.4  56.2 310.0 281.3 999.0 304.1 198.1  21.5  24.9  70.7  75.2 277.2  95.6 284.6 216.3  19.1 293.3 288.1   7.5 290.5   3.7   9.1 358.7
 wrfout_d04_2016-07-06_23:00:00 999.0  59.6  77.1  92.5  74.3  63.3  76.6  62.2  69.7  54.9 340.4 282.0 999.0 229.5 204.3  17.7 356.2  43.3  61.2 260.0  78.2 301.6 244.4  24.4 286.4 299.1   4.5 285.9   3.1   7.9 340.7
