 wrfout_d04_2016-10-19_00:00:00 999.0  67.0  94.3 108.6  87.3  77.5  90.9  57.1  84.1 138.4 173.1 163.5 999.0 182.0 232.5  13.9 355.2  21.0  72.3 261.0 141.4  11.7 100.8  35.8 134.0 123.9  39.8 160.5  28.6  35.6  49.3
 wrfout_d04_2016-10-19_01:00:00 999.0  63.6  91.0 104.5  84.9  73.5  86.2  65.4  94.8 149.4 117.5 141.2 999.0 322.2 317.3  26.3   2.4  15.3  39.0 245.1 137.8  12.6  87.7  38.1 108.4  96.9  44.3 240.3  35.3  36.4  51.5
 wrfout_d04_2016-10-19_02:00:00 999.0  61.0  92.5 105.6  87.9  72.8  94.2  69.9  90.7 116.6 104.5 122.0 999.0 322.0 314.8  37.0 355.6  18.9  34.8 238.7 132.7  10.5  93.0  38.9  80.3 236.5  46.1 245.0  40.3  38.3  50.7
 wrfout_d04_2016-10-19_03:00:00 999.0  64.2  93.1 106.7  89.1  75.0  99.9  73.4  94.6  76.5 104.4 125.1 999.0 323.9 313.9  42.5 330.1  14.8  45.2 246.0 125.4   8.0 290.3  38.9 324.7 251.4  47.9 242.4  42.0  36.2  49.9
 wrfout_d04_2016-10-19_04:00:00 999.0  68.3  93.1 108.4  88.1  74.6  98.5  73.2  95.0  66.0 106.5 127.2 999.0 306.6 321.4  44.5 317.8  15.1  41.9 265.4 122.1 356.1 257.4  38.6 250.0 244.1  49.1 241.3  43.5  35.1  51.6
 wrfout_d04_2016-10-19_05:00:00 999.0  72.2  94.2 108.0  89.5  76.0 100.7  70.9  96.8  63.6 102.1 123.1 999.0 293.0 290.4  44.6 294.0  24.8  33.9 276.0 120.4 335.9 244.2  37.9 243.3 237.5  49.5 241.2  44.2  34.8  50.6
 wrfout_d04_2016-10-19_06:00:00 999.0  69.9  93.3 107.7  89.5  81.2 103.1  70.2  95.1  63.5 103.7 128.0 999.0 286.0 274.3  45.2 257.0  26.4  23.2 277.9 120.3 350.1 253.6  36.0 239.8 239.0  47.0 248.4  41.0  34.3  51.3
 wrfout_d04_2016-10-19_07:00:00 999.0  71.3  95.6 108.8  89.0  81.1  96.8  70.1  94.0  64.3 105.4 122.6 999.0 286.2 260.2  38.9 258.1  18.6  42.8 279.9 127.4   5.5 289.1  34.8 241.7 241.6  44.3 255.8  40.3  33.5  49.4
 wrfout_d04_2016-10-19_08:00:00 999.0  69.8  97.5 108.7  89.6  80.5  93.8  65.1  88.0  64.2 105.5 144.1 999.0 253.5 242.5  33.7 249.9  17.7  49.6 282.2 132.0  17.4 312.5  33.9 258.8 260.0  43.4 262.2  39.0  31.8  48.5
 wrfout_d04_2016-10-19_09:00:00 999.0  71.5  96.9 107.3  88.6  77.8  88.7  62.3  81.3  65.6 106.2 169.3 999.0 204.3 218.8  19.7 226.6  17.0  70.1 283.3 134.8  12.9 337.8  31.0 261.4 261.8  38.6 276.2  36.8  32.0  48.6
 wrfout_d04_2016-10-19_10:00:00 999.0  74.3  98.7 109.5  88.3  80.7  89.9  61.9  84.0  73.0  61.0 178.0 999.0 189.3 202.2  11.0 223.5  18.9 238.3 271.7 138.5   8.2 350.0  28.7 275.7 267.9  32.1 280.9  33.6  31.1  45.5
 wrfout_d04_2016-10-19_11:00:00 999.0  67.9 100.2 109.9  91.2  77.2  94.5  63.2  88.1  73.4   8.8 181.2 999.0 185.7 189.3   7.2 229.4  18.1 256.2 262.0 139.5  12.5 350.3  29.1 311.9 298.8  31.5 276.1  28.7  29.7  46.1
 wrfout_d04_2016-10-19_12:00:00 999.0  65.5 101.3 110.4  92.1  83.7  95.1  64.0  87.0  74.2 339.3 190.4 999.0 168.0 181.3   0.5 230.6  14.3 232.8 247.9 138.6  13.5  26.1  27.0 350.4 338.3  30.6 286.3  26.4  31.6  46.5
 wrfout_d04_2016-10-19_13:00:00 999.0  73.2 102.8 106.7  92.2  86.3  94.0  67.4  90.2  93.9 357.4 171.2 999.0 152.3 156.9 356.5 270.2   9.8 229.0 242.4 138.4  13.3  33.3  19.5  14.8  12.2  20.5 279.9  27.9  33.2  47.2
 wrfout_d04_2016-10-19_14:00:00 999.0  77.0 100.5 106.5  91.4  86.4  91.4  71.9  89.7  97.7 345.3 181.9 999.0  32.2 126.9  27.3 309.9   6.6 234.8 238.3 138.3   5.6  46.9  22.2   7.9  24.9  12.2 294.9  21.2  33.7  44.9
 wrfout_d04_2016-10-19_15:00:00 999.0  76.2 104.6 105.6  94.4  86.4  95.9  70.8  86.8  84.1 104.7 174.3 999.0 296.5 139.0  10.4 342.5   6.2 258.2 249.7 136.3   0.4 242.3  23.8  18.2 326.8  22.8 306.1  29.5  34.4  46.8
 wrfout_d04_2016-10-19_16:00:00 999.0  77.6 103.1 108.5  92.8  87.0  92.3  73.3  87.8  87.0 129.9 177.7 999.0 305.6  99.6  16.1 315.3 359.9 285.1 249.8 136.4   5.5  35.7  20.1 328.6 318.1  31.5 304.9  30.0  35.9  46.3
 wrfout_d04_2016-10-19_17:00:00 999.0  79.5 102.6 106.9  94.5  85.4  93.0  74.8  85.4  90.8 120.9 175.5 999.0 281.9 138.4  22.6 354.1  11.5 304.6 295.1 134.7 347.7  67.3  16.2  33.6   0.7  29.1 312.5  26.6  39.0  49.2
 wrfout_d04_2016-10-19_18:00:00 999.0  81.6 101.5 111.8  94.3  83.7  90.9  72.6  86.9  83.4 116.2 175.4 999.0 329.6 336.3  25.5 322.6  12.7 336.4 323.4 131.6   4.3  81.8  18.4  33.7  19.0  18.3 317.0  26.9  40.3  43.8
 wrfout_d04_2016-10-19_19:00:00 999.0  79.0 104.6 108.6  96.2  87.0  88.4  73.7  80.8  85.1 118.2 165.7 999.0 235.4 350.3   2.3 295.3  16.8 343.6 321.3 128.9 356.5 334.3  13.0 334.2 340.1  14.2 327.8  24.9  45.1  50.0
 wrfout_d04_2016-10-19_20:00:00 999.0  82.0 104.4 108.2  96.3  85.4  90.4  75.6  85.1  80.6 117.4 162.6 999.0 249.5 268.2   5.8  98.6  16.7 351.7 339.5 123.1   2.6  72.0  13.9   9.9   0.0   9.5 307.8  24.4  48.5  48.0
 wrfout_d04_2016-10-19_21:00:00 999.0  82.6 106.9 109.3  98.9  93.2  94.4  76.6  92.5  81.6 125.9 161.3 999.0 233.8 251.8 358.0 106.6  13.6 355.4 329.1 131.2  14.2  63.4  18.2 314.9  26.8  10.8 318.4  27.2  54.5  53.2
 wrfout_d04_2016-10-19_22:00:00 999.0  84.8 105.2 106.5  98.7  89.0  93.2  80.3  86.4  84.0 112.9 162.0 999.0 341.4 332.1   5.6 340.7   9.6 342.7 351.4 132.6 358.1 331.3  11.7  48.9  31.5  14.6 333.3  29.9  58.5  58.0
 wrfout_d04_2016-10-19_23:00:00 999.0  82.8 108.2 107.9 101.2  93.1  96.6  78.6  88.7  81.9 122.5 155.3 999.0 208.9 231.7  24.5 150.2 354.6 315.7 277.0 135.7 344.1  17.8  15.1 352.6  21.5  19.9 300.3  41.2  62.3  63.7
