 wrfout_d04_2016-02-15_00:00:00 999.0   8.5  26.2  10.0  28.6   5.7 294.9  39.9  24.3  42.5 151.3 282.1 999.0  14.9   5.7  38.3 207.6  22.8 228.4 359.8 270.3  18.6  18.7  21.4   1.2   5.6 358.5   9.2  21.9  23.9  51.7
 wrfout_d04_2016-02-15_01:00:00 999.0   8.1  25.3  10.2  27.4   5.5 335.0  42.0  20.5  38.5 112.1 281.2 999.0  14.5   4.4  39.0 202.5  24.2 227.4   0.9 268.8  20.7  20.3  17.1   4.5   5.9 347.6 359.4  17.4  26.9  51.5
 wrfout_d04_2016-02-15_02:00:00 999.0   9.3  27.3  12.5  28.9   6.7 291.4  39.7  25.6  40.8  52.0 295.6 999.0  16.3   3.6  38.6 210.1  25.8 228.5   6.8 271.0  22.3  16.5  17.1   4.5   4.4 348.9  11.8  24.7  25.6  51.2
 wrfout_d04_2016-02-15_03:00:00 999.0  10.6  32.1  14.3  32.4   8.6 141.0  39.3  47.1  43.4  23.8 302.8 999.0  15.8 357.3  37.9 216.2  26.5 233.2   1.5 272.0  22.3  14.9  18.6   3.6   3.2 350.4   5.5  23.1  26.9  50.3
 wrfout_d04_2016-02-15_04:00:00 999.0  11.8  35.3  15.8  34.4   9.0  49.4  38.3  59.7  44.2  15.2 305.9 999.0  16.8   0.9  40.6 224.1  31.8 237.2 358.6 274.3  22.3  19.6  20.4   4.7   4.3 352.3   3.9  21.1  23.6  52.5
 wrfout_d04_2016-02-15_05:00:00 999.0  14.1  37.7  16.8  36.1   9.8  43.5  40.9  46.4  43.1   1.7 293.3 999.0  18.2 356.4  41.4 216.8  24.0 244.4   3.4 275.5  22.8  21.2  19.8   5.9   8.5 353.9   6.3  23.0  26.3  49.5
 wrfout_d04_2016-02-15_06:00:00 999.0  16.0  38.8  16.2  36.4  11.2  37.6  42.0  50.6  43.9   0.4 279.9 999.0  16.9 355.1  39.9 234.9  24.6 247.6   3.5 276.9  28.6  22.5  17.4   5.0   6.9 352.0   4.6  22.2  24.2  50.3
 wrfout_d04_2016-02-15_07:00:00 999.0  16.9  39.2  17.4  37.0  13.6  37.3  44.1  46.4  47.2 358.6 271.3 999.0  16.2 357.9  36.2 230.3  24.1 251.5   1.7 279.0  29.9  22.9  20.2   4.9   6.7 355.4 353.7  21.6  24.2  50.7
 wrfout_d04_2016-02-15_08:00:00 999.0  17.7  41.3  22.2  38.3  15.2  43.4  44.6  71.0  44.0   2.9 265.2 999.0  17.5   0.5  32.2 228.9  23.7 247.5   3.5 278.8  27.7  23.5  19.9 359.5   3.4 355.8 349.1  23.6  22.0  52.6
 wrfout_d04_2016-02-15_09:00:00 999.0  18.6  43.9  21.9  41.9  16.2  42.4  46.5  74.6  44.5   0.8 265.7 999.0  20.5   3.5  31.8 226.6  22.9 238.3   2.7 276.6  25.9  22.8  19.2 356.5   2.2 356.1 351.2  18.4  24.1  51.0
 wrfout_d04_2016-02-15_10:00:00 999.0  18.7  43.1  18.2  40.8  19.0  59.0  51.2  72.5  46.1 349.2 268.2 999.0  19.9   3.9  27.7 226.2  24.6 227.4   0.8 275.0  23.2  18.6  17.9 359.4   2.2 353.2 353.6  14.4  28.2  53.1
 wrfout_d04_2016-02-15_11:00:00 999.0  19.7  45.3  17.2  39.9  21.4  79.5  53.0  75.6  51.7 337.3 268.4 999.0  17.9   2.9  25.4 246.6  25.4 229.9 358.0 274.4  23.8  18.2  16.1   4.6   6.4 350.9 351.8  10.6  25.2  55.0
 wrfout_d04_2016-02-15_12:00:00 999.0  20.1  43.6  14.5  37.2  22.7  84.3  52.8  80.1  50.5 232.4 266.6 999.0  17.8   0.8  19.8 248.8  25.0 224.6   0.9 273.9  22.0  17.6  16.7   1.9   7.7 351.0 353.4  12.6  28.5  55.8
 wrfout_d04_2016-02-15_13:00:00 999.0  21.6  44.5  10.4  37.8  25.8  94.9  50.6  82.1  49.6 224.4 261.3 999.0  17.5 359.3  10.8 356.7  24.4 224.4 355.6 273.2  18.2  20.7  17.0 359.0   3.1 353.5 355.7   7.6  25.3  56.7
 wrfout_d04_2016-02-15_14:00:00 999.0  23.8  44.8  13.0  37.7  28.9  95.4  48.3  84.5  51.4 234.5 261.3 999.0  18.7   0.5  10.0   3.9  23.8 220.8 353.5 272.0  16.3  22.0  16.7 357.7 359.6 355.3   2.1   8.9  24.3  58.2
 wrfout_d04_2016-02-15_15:00:00 999.0  25.3  46.5  16.7  39.4  31.1  92.5  48.9  85.1  51.3 245.8 260.8 999.0  18.5   3.0  12.0 342.3  23.8 220.1 355.0 271.2  16.2  20.4  17.0   4.2  11.5 355.9   0.3  12.3  25.1  58.5
 wrfout_d04_2016-02-15_16:00:00 999.0  27.3  48.9  15.9  41.5  31.6 108.0  52.8  92.4  50.9 242.4 262.6 999.0  18.9   5.8  12.3 340.8  23.2 221.4 359.5 270.6  16.5  12.7  17.0   5.8   5.3 355.1 358.1  14.9  24.8  57.7
 wrfout_d04_2016-02-15_17:00:00 999.0  29.4  53.2  11.5  44.6  33.8 123.2  55.1  97.8  49.1 243.0 264.3 999.0  20.6   5.4   8.2   3.8  22.2 224.4   2.5 271.1  17.2  15.2  16.3   7.5   4.7 352.9 358.7   9.9  26.9  55.1
 wrfout_d04_2016-02-15_18:00:00 999.0  31.7  52.3  19.9  44.9  36.0 115.1  60.7  99.7  46.8 242.0 264.3 999.0  21.9   7.0   8.0   4.1  22.9 224.0 358.1 272.6  17.7  22.9  16.4 355.0 359.3 350.7   7.8   9.7  23.9  55.6
 wrfout_d04_2016-02-15_19:00:00 999.0  35.5  55.5  20.3  47.5  41.4 113.6  64.4  99.2  41.8 242.3 259.4 999.0  19.0   3.0   3.8   7.1  24.0 221.5   8.5 275.0  18.7  26.1  14.7 353.3   3.7 350.3  29.1   6.8  22.7  51.3
 wrfout_d04_2016-02-15_20:00:00 999.0  33.8  55.0   1.4  48.4  43.6  97.9  65.8  91.0  35.8 245.0 256.4 999.0  19.0 355.7 359.9  33.2  21.2 224.6 350.1 279.1  16.2  22.7  13.7 358.9   6.9 351.5  10.8   9.7  22.6  55.4
 wrfout_d04_2016-02-15_21:00:00 999.0  32.1  57.4  46.2  48.1  34.0  93.8  66.8  81.5  34.1 247.5 254.3 999.0  21.9   1.2   1.4 339.8  20.9 224.6 359.2 278.9  15.2  20.0  12.9 346.7 353.1 354.0 354.8  13.4  27.0  57.6
 wrfout_d04_2016-02-15_22:00:00 999.0  31.3  59.2 127.8  50.3  47.5 133.4  71.8  93.3  35.1 240.6 264.2 999.0  23.6   2.4 352.0  37.1  20.6 221.0 359.4 275.9  14.4  20.8  15.0 358.2  11.4 353.2   2.8  14.1  29.9  58.0
 wrfout_d04_2016-02-15_23:00:00 999.0  33.6  55.0  62.5  46.4  48.5 125.8  72.3 103.8  35.7 238.9 269.1 999.0  23.3 357.3 332.4  23.8  21.0 218.9 357.3 271.3  15.7  24.0  14.7  12.4  19.9 354.4 349.6  12.1  35.2  57.7
