 wrfout_d04_2016-03-08_00:00:00 999.0 160.0 151.5 309.1 137.4 359.0 278.1 280.7  25.0 269.9  55.4 161.3 999.0 302.9 210.1 236.1 247.0 353.0 218.7 338.8 261.5  76.4  11.2 222.2 347.1 358.9 262.9 300.3  64.8  86.0  88.0
 wrfout_d04_2016-03-08_01:00:00 999.0 162.4 154.5 308.5 150.8  32.2 273.7 265.1  15.3 292.2  77.6 163.6 999.0 302.0 216.1 207.3 263.6 338.8 227.1 313.2 261.7  76.3  10.4 195.5   6.5   0.6 174.4 230.4  77.3  89.2  87.5
 wrfout_d04_2016-03-08_02:00:00 999.0 158.5 163.8 314.6 164.8  30.1 264.9 263.2 111.7 290.7 102.6 166.4 999.0 281.7 221.2 173.7 248.9 175.2 231.0 280.5 262.1  62.5  26.5 177.3 358.8 341.3 147.9 224.6  96.8  95.5  89.9
 wrfout_d04_2016-03-08_03:00:00 999.0 159.5 185.2 320.0 192.2  30.3 260.6 265.6 208.2 287.5 105.7 167.9 999.0 280.9 233.9 172.1 250.0 179.5 231.8 251.9 258.6  78.1 325.1 175.1 303.6 263.4 156.8 233.7 102.8 111.2  94.2
 wrfout_d04_2016-03-08_04:00:00 999.0 157.1 200.1 309.9 204.8  30.7 278.8 270.3 255.2 279.3 105.4 170.6 999.0 274.9 236.2 164.4 251.0 178.0 232.0 233.4 255.1 111.7 293.6 170.1 236.5 232.4 161.9 232.7 109.9 121.9  97.9
 wrfout_d04_2016-03-08_05:00:00 999.0 160.9 199.7 309.8 211.0  26.3 320.2 255.8 309.7 271.8 112.4 170.4 999.0 277.7 248.0 165.8 247.5 183.4 231.8 228.4 251.7 142.2 252.4 173.3 228.6 215.9 158.5 227.6 115.8 128.2  99.9
 wrfout_d04_2016-03-08_06:00:00 999.0 162.1 200.2 312.6 223.0  19.9 321.5 256.8 318.1 268.8 114.3 173.0 999.0 275.0 253.4 164.3 246.8 193.8 230.7 220.1 249.2 171.6 222.1 173.9 218.1 207.9 160.3 212.7 120.7 134.2 102.8
 wrfout_d04_2016-03-08_07:00:00 999.0 165.2 166.0 316.3 214.4  18.6 324.2 255.5 317.5 268.5 112.6 177.3 999.0 266.2 255.5 162.4 243.2 191.0 229.2 239.3 246.5 191.3 219.7 176.0 224.8 212.8 165.0 184.5 126.6 137.0 107.0
 wrfout_d04_2016-03-08_08:00:00 999.0 172.8 249.3 322.2 240.2  23.3 327.1 256.8 309.9 268.4 105.5 181.4 999.0 265.7 260.9 168.1 235.9 199.4 225.2 245.8 241.7 196.9 202.5 193.8 212.7 203.3 175.9 180.7 145.3 147.5 110.4
 wrfout_d04_2016-03-08_09:00:00 999.0 191.0 272.8 326.5 279.9  36.4 330.7 258.0 296.0 276.0  75.1 181.1 999.0 252.8 255.1 180.1 228.4 210.7 219.5 245.7 233.5 200.3 201.8 208.6 210.2 200.0 195.0 182.3 156.0 153.3 114.3
 wrfout_d04_2016-03-08_10:00:00 999.0 230.3 288.1 337.9 321.4  35.0 335.8 245.5 295.7 251.0   0.5 181.0 999.0 226.6 257.8 189.2 229.5 206.4 201.4 236.1 225.2 193.7 194.4 208.6 205.6 191.0 214.5 179.5 180.4 158.2 115.2
 wrfout_d04_2016-03-08_11:00:00 999.0 247.9 330.0   3.2  12.4  16.5 331.8 234.3  45.7 242.4  15.6 183.7 999.0 218.3 230.4 194.4 211.8 200.0 191.6 227.5 222.6 183.7 192.4 217.2 197.6 188.5 211.2 169.8 216.1 157.7 117.3
 wrfout_d04_2016-03-08_12:00:00 999.0 257.1 255.9 326.9 294.1  87.4 319.0 270.9  18.9 260.5  16.7 186.3 999.0 203.1 215.0 203.7 184.5 195.8 197.3 219.2 219.5 185.5 189.3 223.3 194.4 187.9 206.1 157.1 262.1 167.5 114.0
 wrfout_d04_2016-03-08_13:00:00 999.0 250.7 239.9 311.4 275.7 203.2 292.7 216.4 256.8 246.2  43.5 189.5 999.0 182.4 195.4 195.9 204.6 193.3 200.6 212.7 216.7 183.5 184.8 220.6 186.7 185.4 208.3 154.6 260.0 171.1 112.9
 wrfout_d04_2016-03-08_14:00:00 999.0 254.2 264.6 305.9 290.3 258.8 313.6 213.4 277.6 177.0  77.2 185.8 999.0 222.3 184.5 193.1 204.1 190.0 199.4 220.4 215.8 176.5 174.8 223.5 190.0 173.6 210.0 146.3 260.4 187.5 120.0
 wrfout_d04_2016-03-08_15:00:00 999.0 258.6 243.5 311.2 267.7 237.5 323.3 213.9 245.2 170.1  86.5 181.5 999.0 209.8 168.2 202.0 249.6 187.9 199.1 197.3 218.4 172.1 184.6 229.2 181.9 164.6 199.0 156.9 267.4 184.9 122.2
 wrfout_d04_2016-03-08_16:00:00 999.0 258.1 235.1 163.3 250.6 235.8 315.8 216.9 262.6 242.1 238.3 262.4 999.0 220.4 215.7 202.7 189.4 271.4 199.0 214.1 220.9 173.6 164.3 234.1 175.3 168.7 195.9 141.8 262.3 190.5 120.3
 wrfout_d04_2016-03-08_17:00:00 999.0 266.0 237.7 214.0 249.9 206.3 314.5 221.1  81.3 264.5 210.2 295.2 999.0 208.2 241.8 209.4 263.1 330.9 195.1 189.9 222.3 185.7 128.3 237.3 137.1 124.1 184.2 141.4 246.1 189.4 125.6
 wrfout_d04_2016-03-08_18:00:00 999.0 261.3 238.4 215.8 257.4 179.1 107.9 228.3 117.4 241.6 248.3 293.6 999.0 181.4 189.0 286.0 224.4 293.2 200.7 190.5 225.4 287.9 143.7 237.4 139.4 133.5 192.7 137.0 219.4 181.5 168.1
 wrfout_d04_2016-03-08_19:00:00 999.0 264.7 244.0 240.7 259.0 223.2 304.2 231.1 214.3 255.2 256.8 247.1 999.0 144.1 147.3 344.0  42.9 291.0 201.6 172.5 224.1 304.3 130.4 229.4 141.2 137.4 195.6  96.7 189.4 187.1 288.4
 wrfout_d04_2016-03-08_20:00:00 999.0 264.5 248.4 319.9 264.7 260.4 318.5 260.4 210.5 256.1 285.1 258.8 999.0 139.6 151.8 357.3  53.5 256.6 203.7 172.7 226.7 296.7 104.6 228.0 110.0 108.0 187.4  87.0 195.5 200.3 312.9
 wrfout_d04_2016-03-08_21:00:00 999.0 316.9 255.8 299.2 270.8 315.2 312.2 268.2 255.5 280.8 278.5 265.5 999.0 164.6 151.1 352.0  20.9 250.5 197.3 142.3 229.0 281.4 120.8 226.7 110.4 106.5 177.5  74.7 191.6 200.0 312.4
 wrfout_d04_2016-03-08_22:00:00 999.0  14.5 269.5 357.6 285.0  94.6 311.1 268.0 311.7 291.2 291.1 213.1 999.0 163.4 145.4   2.6 156.5 185.5 196.5 143.3 233.9 303.9 106.1 221.1 172.2  98.8 176.2  56.8 195.7 201.6 293.4
 wrfout_d04_2016-03-08_23:00:00 999.0  13.7 340.6  14.5 327.3 343.5 311.9 345.0 314.7 317.4 275.8 252.5 999.0 232.6 190.6  12.2  98.9 201.1 197.6 132.9 240.4 275.0 148.5 212.3 195.6 156.8 187.7   3.1 196.1 206.9 299.5
