 wrfout_d04_2016-11-09_00:00:00 999.0  28.6  44.3  15.5  42.8  26.9 316.9  47.7 216.4  49.0 245.2 290.8 999.0  17.1   9.6  33.7 263.0  25.9 241.2   3.3 298.4  23.3  19.1  30.2   5.4   9.6  21.6 345.8  22.2  20.3  47.3
 wrfout_d04_2016-11-09_01:00:00 999.0  28.7  47.0  18.6  43.7  29.6  70.0  52.2  93.6  46.9 257.7 301.7 999.0  18.4  10.0  33.9 315.4  24.3 252.0   1.8 306.6  23.5  21.8  30.7   7.2   8.8  35.1 313.1  28.8  17.2  49.3
 wrfout_d04_2016-11-09_02:00:00 999.0  31.1  50.0  14.8  45.8  32.4  76.6  54.8  78.9  45.2  13.3 325.0 999.0  18.8   7.0  33.3 268.3  23.5 252.4 350.7 299.9  20.3  22.5  32.4   5.8   3.9  39.3 296.4  36.5  26.8  49.4
 wrfout_d04_2016-11-09_03:00:00 999.0  29.3  47.4  27.4  45.1  34.5  71.3  54.6  85.5  45.0   4.5 302.7 999.0  18.3 356.8  28.0 250.4  24.8 256.0 343.1 298.8  19.8  31.2  33.2  24.6  14.1  44.3 265.4  42.5  25.1  49.5
 wrfout_d04_2016-11-09_04:00:00 999.0  28.0  51.0  34.0  46.5  36.3  72.9  50.3  87.2  41.3  47.6 337.4 999.0  19.0 353.2  28.2 250.0  24.7 256.2 348.5 287.2  21.4  43.5  28.0  47.2  31.1  48.2 257.1  41.4  19.0  48.7
 wrfout_d04_2016-11-09_05:00:00 999.0  35.2  51.7  31.2  48.3  31.0  75.8  55.4  83.8  41.4  44.9 328.1 999.0  18.4 351.2  32.0 250.7  25.1 242.2 346.3 284.0  22.7  41.9  28.4  47.8  34.5  43.0 255.3  40.1  29.2  52.2
 wrfout_d04_2016-11-09_06:00:00 999.0  37.3  55.3 305.5  48.0  48.1  86.3  51.2  88.2  42.3  29.6   3.7 999.0  19.4 345.2  36.5 249.6  26.7 246.9 340.1 279.3  25.3  19.4  26.6  49.0  37.7  41.7 251.0  44.4  32.0  47.8
 wrfout_d04_2016-11-09_07:00:00 999.0  38.6  60.4 239.7  52.8  56.7  98.9  52.2  82.8  47.0 355.1 336.0 999.0  21.9 355.4  35.6 235.8  26.4 241.9 337.5 274.3  23.7   5.4  30.6  63.9  50.5  46.7 262.9  39.9  29.2  46.9
 wrfout_d04_2016-11-09_08:00:00 999.0  47.4  59.1 265.1  53.2  55.5  82.7  59.7  76.0  44.7  13.6 283.4 999.0  20.5   7.7  19.5 225.0  27.9 229.0 344.7 270.6  21.6   8.5  32.6  15.2  10.4  42.1 269.5  36.9  26.3  52.1
 wrfout_d04_2016-11-09_09:00:00 999.0  44.4  61.2 260.2  54.3  46.8  87.4  67.0  92.1  51.7 225.5 273.8 999.0  16.0 358.1  16.6 218.3  31.1 213.3 340.3 244.5  21.1  15.3  29.1 348.1 351.5  22.8 253.6  34.8  26.4  54.4
 wrfout_d04_2016-11-09_10:00:00 999.0  46.9  65.5 258.9  56.2  50.9  94.6  64.9  88.7  46.1 236.2 270.3 999.0  13.7   0.4  22.4 208.8  31.2 196.2 346.8 244.3  21.4  16.7  25.3   7.4   7.5 359.6 254.3  28.1  26.6  56.7
 wrfout_d04_2016-11-09_11:00:00 999.0  45.1  63.6 255.2  54.3  46.3  93.9  61.5 101.6  45.1 268.6 276.3 999.0  18.3   1.9  45.7 180.5  29.7 208.7 347.6 254.3  19.0  17.4  20.8 352.5 359.8 357.7 286.5  21.9  22.8  57.4
 wrfout_d04_2016-11-09_12:00:00 999.0  44.0  62.3 229.3  53.7  50.8  99.9  58.8 107.1  31.0 268.1 293.7 999.0  18.3 358.4  45.1 198.2  28.7 210.0 352.4 255.8  19.0  19.1  22.3 348.6 358.3 357.8 333.3  18.0  29.4  52.3
 wrfout_d04_2016-11-09_13:00:00 999.0  50.7  62.4 232.4  53.0  52.2 101.6  59.9  98.9  41.9 271.6 287.0 999.0  22.7 356.1  37.0 172.2  19.7 212.2 351.6 259.4  19.1  29.1  15.1 345.7 359.2 351.7   0.5  13.7  31.9  51.1
 wrfout_d04_2016-11-09_14:00:00 999.0  45.4  67.0 246.9  57.4  66.0  95.1  59.4 107.4  39.1 276.9 287.8 999.0  12.2   7.5   1.2 160.7  19.2 207.6 353.8 258.6  17.5  38.1  20.8 348.4 355.0 350.1   6.9  11.3  29.3  50.1
 wrfout_d04_2016-11-09_15:00:00 999.0  33.7  69.8 239.8  58.9  57.8 103.0  52.2  78.7  28.0 271.1 270.2 999.0  12.3 342.0 347.7  97.5  24.2 202.5   1.0 262.8  19.6  22.7  17.8 352.1 354.6 351.8   5.0   7.4  24.7  52.5
 wrfout_d04_2016-11-09_16:00:00 999.0  44.9  67.0 308.5  54.9  46.9 177.6  55.2  77.1  33.4 269.0 251.5 999.0  19.1 350.1 354.6 255.5  22.1 193.4   8.0 266.5  19.3  22.1  14.4 346.6 359.7   4.7   4.4  12.3  23.6  52.7
 wrfout_d04_2016-11-09_17:00:00 999.0  38.7  62.9 337.3  53.0  32.7 306.7  44.3  46.7  31.2 279.7 284.3 999.0  15.6 341.7 354.9 143.8  23.3 180.4  22.0 268.3  27.0  12.0  18.9  16.0  18.7   7.2  15.5   7.6  26.6  50.3
 wrfout_d04_2016-11-09_18:00:00 999.0  35.7  62.0 352.7  49.4  27.6  32.3  38.9  34.2  30.0 283.8 279.8 999.0  23.7 338.6 354.1 357.8  24.1 179.1 337.8 268.4  22.3   7.4  15.7 347.6  14.5   2.9   0.0  10.6  21.7  47.0
 wrfout_d04_2016-11-09_19:00:00 999.0  32.7  56.5 341.6  46.4  20.4 341.6  47.1  83.0  29.8 210.6 282.0 999.0  22.7   7.9 304.3  98.2  15.8 189.8  39.5 282.1  16.7  25.1 359.6  13.7  13.0 356.5 349.5   3.2  22.1  31.3
 wrfout_d04_2016-11-09_20:00:00 999.0  25.9  53.3 335.5  48.1  22.6 175.7  43.9 106.0  41.9 212.6 289.2 999.0  13.3 355.8 291.5  21.2  16.5 181.3 326.8 276.9  13.5  23.4  21.3 339.4 347.9 351.3 350.0 355.7  26.4  29.5
 wrfout_d04_2016-11-09_21:00:00 999.0  20.7  47.3 353.7  48.2  22.4 212.5  49.3 115.8  44.4 230.9 280.5 999.0  26.9   4.9 300.0 328.2  12.9 208.5  29.2 282.0  11.7  18.4  26.0 351.2 357.5 348.7 341.1 355.4  27.8   5.6
 wrfout_d04_2016-11-09_22:00:00 999.0  21.3  39.0  13.7  45.2  11.7 227.1  43.7 100.6  73.3 238.8 282.2 999.0  12.6   2.3 311.1  43.9   7.8 200.8 353.9 279.3  12.7  17.3   9.7   6.0   5.7 346.8 348.0 344.1  18.5   0.7
 wrfout_d04_2016-11-09_23:00:00 999.0  23.3  35.8   2.7  44.1  20.9 246.3  36.9 102.9  58.6 230.8 297.4 999.0 355.8 351.3 325.2  20.6   5.4 211.3 334.9 278.7  11.3  22.2  22.5  20.1  20.7 350.1   3.4 357.7  19.9  13.1
