 wrfout_d04_2016-12-23_00:00:00 999.0  39.8  65.0  72.4  52.2  52.3  86.7  59.9  81.8  49.4  20.3 340.7 999.0  18.3 355.4  18.4  30.0  22.0 233.7 358.9 254.6  20.0  20.8  23.3   5.5   4.9  15.9 313.6  24.9  28.2  49.7
 wrfout_d04_2016-12-23_01:00:00 999.0  41.2  67.0  88.4  58.3  61.5  80.7  60.4  75.9  48.7  35.8  14.9 999.0  17.1   0.8  25.1 242.9  26.5  40.3 341.6 272.2  23.3  27.1  28.2   0.9  12.9  13.5 289.4  34.4  34.6  60.4
 wrfout_d04_2016-12-23_02:00:00 999.0  40.3  66.9  79.4  59.2  59.6  79.0  59.0  73.2  49.8  42.8  14.9 999.0  16.7 344.6  27.2 255.6  26.7 287.5 298.8 277.9  19.5  19.3  34.9 344.2 344.2  31.9 255.1  39.3  32.3  59.3
 wrfout_d04_2016-12-23_03:00:00 999.0  39.5  67.1  75.6  61.2  56.9  73.5  56.7  70.2  50.5  55.8  18.6 999.0   8.8 346.2  32.5 261.0  25.7 260.2 290.9 278.7  15.5  13.8  28.8  14.8  32.6  38.0 230.4  45.0  34.6  59.4
 wrfout_d04_2016-12-23_04:00:00 999.0  39.9  66.9  73.1  60.5  60.8  74.3  55.9  68.3  50.5  50.2  20.2 999.0  10.4 334.2  32.0 250.1  28.1 253.6 270.2 277.2  13.8   0.6  26.0  38.9  38.9  42.8 231.1  50.4  33.1  60.6
 wrfout_d04_2016-12-23_05:00:00 999.0  40.3  67.1  75.0  60.3  62.0  75.4  56.7  67.6  50.0  47.8  25.4 999.0  14.2 335.6  32.8 259.5  27.0 254.7 265.6 280.6  15.6 347.2  26.6  16.7 286.8  46.8 254.6  51.6  34.0  58.4
 wrfout_d04_2016-12-23_06:00:00 999.0  41.1  68.2  81.1  61.0  59.8  74.7  58.3  68.6  50.6  44.5  27.7 999.0  13.1 342.6  27.8 255.9  23.6 255.6 285.5 279.7  16.1 349.7  32.7 318.0 292.1  45.9 270.6  48.8  31.8  56.4
 wrfout_d04_2016-12-23_07:00:00 999.0  42.0  69.4  90.2  61.1  60.4  75.7  62.0  70.8  51.3  45.8  32.1 999.0  12.0 342.9  27.1 255.5  22.8 264.4 286.8 281.4  17.5 350.8  34.1 330.2 320.2  42.2 266.3  40.9  30.4  56.4
 wrfout_d04_2016-12-23_08:00:00 999.0  43.6  70.2 102.0  60.8  59.6  78.1  62.4  74.1  51.6  39.5  41.0 999.0  11.4 345.9  25.3 242.0  22.5 288.7 308.9 275.4  17.1 352.2  30.0 334.3 332.6  34.5 269.7  37.3  27.5  57.1
 wrfout_d04_2016-12-23_09:00:00 999.0  45.0  71.0 141.5  61.1  59.7  84.1  61.4  77.8  53.7  24.5  36.3 999.0  14.5 341.3  24.0 217.2  23.6 145.2 322.1 248.1  16.5 351.8  25.2 336.0 336.4  19.5 262.7  35.1  42.2  53.9
 wrfout_d04_2016-12-23_10:00:00 999.0  45.9  72.3 135.7  62.3  60.4  89.5  61.8  81.4  55.9  30.7  45.2 999.0   9.3 346.6  25.1 187.3  25.0 181.9 339.0 252.1  14.4 350.7  23.4 334.8 345.8   6.9 261.8  26.9  37.1  54.6
 wrfout_d04_2016-12-23_11:00:00 999.0  46.6  72.3 132.4  63.6  62.5  89.4  62.1  81.1  55.9  47.3  43.2 999.0   4.6 339.5  17.7 158.2  27.7 186.8 338.1 255.5  10.7 356.3  21.2 346.3 350.0   1.2 267.5  25.7  33.9  51.2
 wrfout_d04_2016-12-23_12:00:00 999.0  47.6  73.0 126.7  64.9  63.8  90.2  62.3  81.4  56.6  59.3  48.6 999.0   4.9 341.3   9.6 151.7  25.3 198.5 332.9 258.5  10.1   7.6  22.4   1.0   6.9   0.3 271.6  17.1  32.2  52.1
 wrfout_d04_2016-12-23_13:00:00 999.0  48.4  73.8 127.6  65.8  63.9  89.0  62.8  80.7  56.9  60.3  49.5 999.0   6.0 337.7   4.3 185.6  21.9 196.4 332.8 261.6  11.6  27.4  22.0   9.6  16.4   2.7 270.6  17.2  31.5  54.1
 wrfout_d04_2016-12-23_14:00:00 999.0  49.5  74.3 123.3  65.9  62.0  87.6  62.7  81.0  57.3  65.5  57.7 999.0  10.7 333.1   0.5 185.8  22.4 184.2 327.9 263.6  12.8  42.9  17.8 358.7   6.9 356.8 260.8  17.6  34.0  54.5
 wrfout_d04_2016-12-23_15:00:00 999.0  51.0  75.1 121.9  66.5  62.9  85.9  62.6  82.4  57.0  68.1  62.4 999.0  12.3 341.4   0.2 185.7  21.3 183.4 326.0 264.2  10.3  43.5  22.2   4.4  11.6 349.6 267.9   5.9  33.4  53.5
 wrfout_d04_2016-12-23_16:00:00 999.0  52.5  76.6 126.2  67.4  64.4  86.0  62.7  83.1  57.0  65.1  63.1 999.0   7.0 110.0 354.3 188.5  21.5 180.4 327.9 265.6   7.2  45.3  19.7   9.6  12.8 354.5 271.2   4.7  31.0  52.2
 wrfout_d04_2016-12-23_17:00:00 999.0  54.7  77.9 138.5  68.4  66.0  84.5  62.6  83.5  56.9  71.0  65.8 999.0   6.6 154.5 349.5 186.7  20.2 186.0 322.0 265.8   5.3  48.4  19.7  20.4  11.7 352.8 342.5  15.8  32.3  52.2
 wrfout_d04_2016-12-23_18:00:00 999.0  56.7  78.7 145.8  69.6  72.0  81.3  61.1  80.3  57.3  75.7  73.5 999.0   4.4 176.7 341.0 177.7  19.3 178.9 327.3 265.5   3.3  59.6  20.4 356.2   1.3 355.1 355.9  14.0  31.8  53.4
 wrfout_d04_2016-12-23_19:00:00 999.0  58.4  80.1 141.3  72.1  72.8  79.8  59.3  78.5  57.7  80.8  67.6 999.0   4.6 156.7 344.0 164.7  17.6 171.6 331.4 268.1   2.2  51.8  20.9  29.2 347.3 358.7  14.3  16.4  29.8  53.4
 wrfout_d04_2016-12-23_20:00:00 999.0  59.7  81.4 137.8  73.9  76.7  84.0  58.8  75.4  57.8  91.3  69.8 999.0   4.5 186.8 339.2 163.7  18.7 163.5 322.7 270.0   5.6  37.4  24.0  30.0  12.5 358.3  28.3  14.9  31.7  51.3
 wrfout_d04_2016-12-23_21:00:00 999.0  63.6  83.6 131.5  75.7  78.7  85.4  57.8  72.0  57.7 103.6  83.3 999.0   5.3 169.6 343.0 156.3  20.6 154.5 284.2 271.5   5.5  42.9  24.4  35.5  47.7 359.3  41.9  15.8  33.3  52.4
 wrfout_d04_2016-12-23_22:00:00 999.0  67.4  85.3 128.7  76.9  82.7  84.5  57.0  73.5  59.1 119.8  99.1 999.0   3.2 189.5 345.3 173.0  18.3 152.7 260.4 270.6   6.0  41.1  26.9  13.6  16.5 358.6  24.6  15.0  38.2  54.2
 wrfout_d04_2016-12-23_23:00:00 999.0  68.1  87.9 125.3  78.0  81.0  83.3  59.6  74.7  60.0 190.3 127.5 999.0   0.0 156.4 347.0 171.2  16.1 141.3 158.8 272.6   3.0  41.9  29.5  49.6  44.2   1.5  15.7  13.4  36.6  54.7
