 wrfout_d04_2016-01-14_00:00:00 999.0  22.1  53.5 348.3  47.6  16.0 198.7  50.2 102.5  28.0 228.3 281.6 999.0  15.6   3.7  20.2   6.0  27.0 218.1   5.9 245.6  22.0  22.7  28.9   4.4   9.3 359.1 359.7  25.7  23.5 337.1
 wrfout_d04_2016-01-14_01:00:00 999.0  24.0  55.0  12.3  48.2  14.2 219.5  56.2  95.1  34.3 227.3 279.0 999.0  18.9   1.6  16.0 343.6  26.2 225.3   1.0 252.3  22.3  19.5  31.6   7.6   9.2  13.3   6.1  31.0  20.7 346.8
 wrfout_d04_2016-01-14_02:00:00 999.0  25.4  55.1  24.6  48.3 358.1 241.1  46.5  83.3  36.3 217.2 287.2 999.0  14.1 341.9  23.6 244.7  26.6 232.1 359.6 262.1  21.4  12.8  31.7   5.0   4.1  27.9 357.3  36.5  26.7 357.8
 wrfout_d04_2016-01-14_03:00:00 999.0  31.6  58.3  29.7  53.7 351.3  69.2  43.9  72.1  37.9 105.7 319.3 999.0   6.8 340.0  26.3 235.3  27.4 233.3   1.6 266.4  21.2  14.5  42.8   5.2   7.1  53.0 352.7  54.4  22.2 357.8
 wrfout_d04_2016-01-14_04:00:00 999.0  35.9  65.0  22.5  57.0   7.7  81.0  43.6  70.4  38.5  73.0 335.2 999.0   9.7 346.7  33.5 238.1  28.8 239.8 341.8 269.8  24.4   3.2  45.0   0.4   2.5  48.0  12.7  57.0  20.5  12.9
 wrfout_d04_2016-01-14_05:00:00 999.0  35.5  61.1  26.5  50.6  21.1  88.5  40.7  72.2  33.4 101.9   5.4 999.0   8.8 348.6  39.7 238.5  29.5 238.1 346.0 271.8  26.3 358.1  44.2   9.9  11.2  56.3  14.9  56.4  23.5  32.6
 wrfout_d04_2016-01-14_06:00:00 999.0  40.1  61.5  21.1  50.3  29.5  80.7  38.2  66.5  32.4  69.7   7.6 999.0   3.6 345.5  33.0 244.1  26.0 240.3 346.8 273.6  22.1 357.7  29.9   2.0   7.6  52.4   9.2  59.9  35.7  49.5
 wrfout_d04_2016-01-14_07:00:00 999.0  33.1  61.4  11.1  51.6  26.2  74.0  40.9  63.9  37.8  49.5  23.3 999.0 359.5 341.1  27.0 244.2  23.7 241.9 342.3 274.6  19.8 356.7  22.8   3.9  11.4  55.6 318.5  64.0  41.1  55.4
 wrfout_d04_2016-01-14_08:00:00 999.0  34.2  61.8  13.5  51.0   4.5  75.2  38.5  65.3  40.3  51.6  30.7 999.0 358.4 345.3  35.0 236.6  18.7 224.1 338.4 271.3  22.9 354.6  22.5 358.4 359.5  47.0 278.5  53.4  35.4  56.3
 wrfout_d04_2016-01-14_09:00:00 999.0  40.7  66.1  10.0  48.0  44.4  73.2  37.6  72.4  34.8  27.6 320.5 999.0   4.4 340.5   9.8 222.6  14.8 201.7 330.9 270.0   8.2 350.7  11.8 324.2 328.3  31.3 269.2  34.7  45.8  58.8
 wrfout_d04_2016-01-14_10:00:00 999.0  40.1  65.3  27.8  46.1  60.3  60.0  40.4  63.7  31.5  10.2   0.9 999.0   5.1 346.5   6.1 192.5  14.9 190.4 341.1 269.8  12.2 350.5  13.0 330.5 338.3 358.1 276.4 359.4  50.3  58.6
 wrfout_d04_2016-01-14_11:00:00 999.0  30.3  66.2  56.2  45.6  35.5  61.1  41.8  82.0  31.8 313.0 273.0 999.0   7.7 353.7 358.4 192.5  15.0 188.0 355.2 270.0  15.5 357.0  14.6 357.3 357.0 346.4 300.3 349.9  50.2  56.6
 wrfout_d04_2016-01-14_12:00:00 999.0  30.5  75.6  86.3  50.9  27.6  96.9  44.4  98.4  29.3 297.5 290.3 999.0  12.8 357.4 341.9 180.1  16.9 192.1 358.8 269.1  16.6  17.4  21.9   5.8   9.2 349.6 343.2 344.4  48.6  47.8
 wrfout_d04_2016-01-14_13:00:00 999.0  40.2  74.0 185.0  50.1  40.0 107.1  56.8  76.9  27.5 293.7 289.2 999.0  15.4 355.8 349.9 166.9  21.1 198.3   1.6 267.1  21.7  24.2   4.9   0.9   7.1 347.9   7.4 343.2  55.2  43.0
 wrfout_d04_2016-01-14_14:00:00 999.0  42.1  76.1 196.4  51.3  45.3  79.4  59.8  74.1  44.6 289.1 276.5 999.0  15.8 355.0 355.9 158.1  25.1 199.9   1.9 265.8  23.5  19.7   5.7 359.4   3.4 352.7   3.9 344.0  43.5  43.4
 wrfout_d04_2016-01-14_15:00:00 999.0  32.8  69.1 163.1  46.6  51.1  65.8  65.9 112.5  47.0 298.6 274.5 999.0  19.5 350.9 323.4 150.2  29.5 210.6   1.5 266.1  33.1  24.5  31.0   3.5   9.7 354.8   5.3 342.9  42.5  42.0
 wrfout_d04_2016-01-14_16:00:00 999.0  41.4  72.5 201.9  46.9  65.2 293.1  60.2 133.7  35.7 292.3 276.1 999.0  19.8   4.8 316.0 143.9  33.9 199.7  16.8 265.3  31.9  28.4  24.1  17.8  16.4 355.7   1.5 351.2  30.7  48.3
 wrfout_d04_2016-01-14_17:00:00 999.0  38.8  63.6 312.2  41.3  25.4 296.6  52.7 292.8  35.8 290.5 272.9 999.0  17.9 356.3 321.8 121.4  26.9 190.1 358.4 264.1  27.6   7.7  19.7 299.5 309.3 354.9 339.6 359.0  34.2  55.6
 wrfout_d04_2016-01-14_18:00:00 999.0  39.4  68.9 130.1  41.1 321.4 234.6 100.3 160.8  92.1 299.7 283.1 999.0  20.3 356.6 314.9  55.5  27.1 219.4 348.1 269.4  20.7  12.2  26.9 351.6 357.5 319.8 346.9 348.8  37.7  54.0
 wrfout_d04_2016-01-14_19:00:00 999.0  57.4  85.2 194.6  55.1 131.9 270.0  92.1 149.3  39.4 267.5 284.3 999.0  18.4 348.2 331.8 243.7  31.3 202.9   4.0 266.2  23.9  27.6   0.6   7.2  10.8 344.1  11.4 346.5  32.1  53.4
 wrfout_d04_2016-01-14_20:00:00 999.0  39.0  66.7 166.4  36.7 233.5 352.6  77.2 331.0  45.7 283.1 277.1 999.0   7.9  28.0 330.2 190.1  28.6 196.0  26.7 266.7  25.9  34.6 346.5  21.9  20.3 335.2   8.1 342.5  40.4  49.2
 wrfout_d04_2016-01-14_21:00:00 999.0 341.5  41.5 337.8  34.0 320.6 250.5  79.1 112.1  61.5 286.2 296.8 999.0  11.9 306.9 307.1 186.9  16.6 204.3  11.6 263.0  17.6  36.2  11.2  13.5  19.1 345.9  31.5 348.4  45.9   6.5
 wrfout_d04_2016-01-14_22:00:00 999.0 351.9  51.9 352.9  36.0 283.7 196.4  46.1 173.7  63.4 310.8 281.3 999.0 354.6 349.3 345.5 144.0  19.5 196.0 358.1 258.4  17.6  10.6 350.6 344.8 335.1 346.0 342.8 337.0  59.9  20.8
 wrfout_d04_2016-01-14_23:00:00 999.0 339.4  33.2  38.0  28.9 309.1  43.9  40.5 167.8 124.8 299.4 295.9 999.0  14.4 344.5 352.4  45.2  19.1 214.1 341.1 253.3  13.9  15.6  33.3 346.9 356.1 358.3 341.5 346.5  53.2   1.1
