 wrfout_d04_2016-05-01_00:00:00 999.0 313.2 329.1 322.9 315.6 254.6 264.1 359.1 243.0 345.8  63.8 172.6 999.0 346.7 329.8 212.7 296.5 137.0 223.3  36.8 244.6 165.8 147.4 199.7 235.1 237.9 330.3 157.2  19.3 101.0 100.0
 wrfout_d04_2016-05-01_01:00:00 999.0 322.4  70.0 346.3  78.6 333.6 237.4  27.2 142.8  41.3  50.8 172.0 999.0 350.5 333.0 175.5 280.4 144.2 230.2 253.1 245.0 181.8 274.7 175.1 267.1 261.0 222.8 194.3  86.9  95.3 103.8
 wrfout_d04_2016-05-01_02:00:00 999.0 326.9 114.2 323.9 103.8 321.2 279.0  46.8 321.1  11.8  92.6 168.7 999.0 337.5 324.9 174.8 259.9 202.3 236.2 252.2 248.9 184.3 259.5 166.3 275.7 259.7 152.5 196.1 122.9  89.8  99.6
 wrfout_d04_2016-05-01_03:00:00 999.0 330.9 148.0 330.7 141.8   7.0 338.2  52.4 359.3  45.3 105.4 166.0 999.0 333.1 285.0 178.5 258.3 263.9 238.1 255.2 253.2 175.4 243.3 171.9 280.8 249.6 153.0 188.1 110.0 102.6 102.8
 wrfout_d04_2016-05-01_04:00:00 999.0 330.1 153.7 331.9 154.8  41.7  79.7  19.6  60.8 336.2 107.3 165.0 999.0 298.7 271.2 178.6 260.3 230.0 240.0 259.2 256.7 176.0 239.0 174.7 267.8 233.2 152.9 186.4 103.9 100.7 102.4
 wrfout_d04_2016-05-01_05:00:00 999.0 347.4 184.2 333.8 187.9  27.0 189.6  30.9  69.3 324.7 111.2 173.3 999.0 303.6 265.1 164.6 255.3 209.2 241.9 259.9 262.9 179.5 230.6 178.6 236.8 219.6 155.7 192.5  98.1  96.5  95.9
 wrfout_d04_2016-05-01_06:00:00 999.0   0.5 170.2 333.3 176.6  37.8  88.3  37.6  59.5 351.8 101.5 167.8 999.0 288.2 268.6 172.2 260.1 193.1 241.4 265.2 264.3 166.2 221.7 185.5 222.4 213.7 147.4 192.7 112.8  99.9  97.5
 wrfout_d04_2016-05-01_07:00:00 999.0  16.8 161.9 333.0 182.6   6.5  72.6  44.2  68.3 344.0 122.5 154.2 999.0 298.3 270.4 175.8 258.6 198.9 240.1 261.4 259.9 174.2 220.8 187.2 217.2 210.9 152.1 199.9 119.0  98.6  93.0
 wrfout_d04_2016-05-01_08:00:00 999.0  51.5 174.6 338.9 179.7  40.1  84.1  45.4  82.7 302.3  93.4 137.5 999.0 310.5 271.4 175.2 263.1 200.6 233.6 257.4 252.8 180.5 218.3 190.9 223.2 220.2 159.3 200.7 122.0  96.2  96.9
 wrfout_d04_2016-05-01_09:00:00 999.0  72.0 148.0 324.4 129.7  54.4  58.5  64.5  76.9 295.9  80.9 170.3 999.0 325.0 282.0 179.7 260.5 198.5 222.0 260.2 247.3 189.5 219.2 210.5 228.0 219.9 168.8 196.8 105.0 113.3  96.0
 wrfout_d04_2016-05-01_10:00:00 999.0  85.5 130.5 245.1  86.3  47.0  99.6  56.1 126.5 280.8  70.1 178.4 999.0 340.8 294.7 184.3 270.2 150.2 222.3 260.9 243.2 169.1 219.6 234.5 228.7 219.5 171.8 180.6  75.1 114.1  91.5
 wrfout_d04_2016-05-01_11:00:00 999.0  81.3 107.6 250.7  71.3  32.3 148.6  69.2 128.8   9.9 104.2 169.1 999.0 353.8 300.3 208.9 235.6 110.3 218.4 270.0 238.7 173.8 218.6 261.8 233.1 219.6 230.8 172.0 330.6 114.9  95.4
 wrfout_d04_2016-05-01_12:00:00 999.0 141.2 127.9 145.7  94.7   4.8 164.0  85.1 153.8  66.2 113.7 168.8 999.0  23.4 313.2 263.1 188.0 153.0 198.0 281.2 235.6 164.3 206.2 260.3 213.8 211.5 286.2 177.2 325.1 114.2 102.8
 wrfout_d04_2016-05-01_13:00:00 999.0 167.0 152.1 126.8 123.1 356.3 215.9  97.5 140.6  80.9  29.3 167.6 999.0  71.5 103.0 242.0 160.7 131.6 199.0 131.9 233.2 176.1 156.4 268.2 194.1 191.9 294.3 182.4 324.1 116.6 108.1
 wrfout_d04_2016-05-01_14:00:00 999.0 161.4 144.7 125.9 105.5 237.2 111.7  88.2 150.0  88.1  16.1 348.0 999.0 252.2 143.1 247.7  49.5 127.9 187.8 116.4 241.9 174.4 153.2 245.4 171.6 178.5 292.7 172.4 345.9 116.5 108.4
 wrfout_d04_2016-05-01_15:00:00 999.0 150.1 149.7 151.9 109.8 293.1 315.3 106.4 328.5 103.7  20.8  49.9 999.0 272.5 164.2 234.7 285.8 129.3 197.3 301.3 240.2 184.3 142.3 257.4 119.6 171.6 268.7 168.7 357.7 115.1 102.6
 wrfout_d04_2016-05-01_16:00:00 999.0 146.5 158.1 138.8 115.9 291.0 230.2 118.7 184.0 230.1  18.0 144.3 999.0 192.2 185.1 248.4 204.9 157.2 189.3  33.8 236.9 176.2  94.1 194.0  49.8  72.4 220.6 159.2  91.1 124.0 106.8
 wrfout_d04_2016-05-01_17:00:00 999.0 144.4 156.3 138.8 112.3 284.3 235.5 218.0 199.6 120.6   4.5 131.1 999.0 241.1 135.4 228.7 174.5 153.0 178.4 106.2 223.6 177.6  41.5 128.6  59.4  53.5 281.2 157.7 164.5 124.8 105.7
 wrfout_d04_2016-05-01_18:00:00 999.0 152.2 155.5 136.2 115.9 252.3  30.6 138.1 180.0 121.2 355.6 333.8 999.0 242.0 125.1 235.3 125.9 166.6 204.9 110.8 231.7 174.4  73.1  13.1  42.1  47.0 212.8 150.5 174.9 133.2 112.5
 wrfout_d04_2016-05-01_19:00:00 999.0 161.6 155.1 134.3 118.2 248.9  40.8 137.5  23.1  91.7   5.2 339.2 999.0 154.4 146.0 228.1  88.3 179.4 207.3  90.7 232.6 179.5 113.4  24.5  92.8 170.5 197.5 154.9 198.1 135.6 109.1
 wrfout_d04_2016-05-01_20:00:00 999.0 163.3 187.0 130.2 135.5 278.2 315.3 316.6 346.8  36.4  27.4 129.6 999.0 206.5 243.8 239.4 115.3 176.6 193.0 138.4 224.9 171.3 134.0  50.2 142.3 131.6 175.8 159.7 236.9 135.5 109.3
 wrfout_d04_2016-05-01_21:00:00 999.0 170.9 180.4 134.7 111.5 260.7 183.6 144.2 207.7 129.9 349.9 146.3 999.0 270.3 303.7 203.2 167.8 179.5 197.6 234.1 227.8 171.9 111.8  55.2 118.3 131.0 190.4 163.7 238.6 139.5 107.5
 wrfout_d04_2016-05-01_22:00:00 999.0 175.3 161.8 137.6 120.3 255.2 152.5 135.6 196.2 119.3 350.2  24.2 999.0 194.8 126.3 224.8 214.8 175.3 197.8 247.1 229.3 176.2 119.5 176.2 116.5 146.1 181.6 162.0 250.5 142.6 106.5
 wrfout_d04_2016-05-01_23:00:00 999.0 176.7 195.6 147.9 170.3 218.7 347.0 179.2   1.9 147.9  20.8 333.4 999.0 205.6 183.3 200.4 242.2 172.8 215.8 207.6 250.2 170.1 166.5 236.5 182.8 181.8 185.5 163.9 206.6 154.1 116.1
