 wrfout_d04_2016-07-29_00:00:00 999.0 193.5 258.5 271.1 234.8  55.4  61.9 249.1  44.5 211.8 107.3  52.6 999.0 199.7 191.6 184.7 344.6 190.1  50.6 214.2  13.4 192.9 184.0  67.5 177.7 209.2  69.5 248.5  98.5  20.4 307.9
 wrfout_d04_2016-07-29_01:00:00 999.0 198.7 326.1 307.8 216.6  40.5 319.2 271.0  28.0 267.0  92.2  80.1 999.0 228.5 226.4 114.2 329.0 196.0  46.7 224.5   6.1 188.2 209.7  69.2 225.1 238.2  88.4 239.3 105.8  16.4 298.9
 wrfout_d04_2016-07-29_02:00:00 999.0 192.3 347.9 315.5 212.3  39.5 319.1 275.5  33.6 291.6  98.7  94.3 999.0 260.6 257.0 105.6 329.6 203.3  41.8 243.0 359.6 196.5 224.6  75.0 248.8 246.2  88.6 240.8 101.4  23.7 289.7
 wrfout_d04_2016-07-29_03:00:00 999.0 179.4  16.3 319.1 231.2  40.9 359.2 281.8  28.4 294.3 100.7 100.5 999.0 273.4 265.3 101.0 307.9 211.4  35.4 255.6 354.2 202.9 235.2  82.0 250.5 246.1  86.0 246.1 100.7  28.3 275.1
 wrfout_d04_2016-07-29_04:00:00 999.0 160.5  40.4 319.5 229.2  39.8   9.3 296.8  31.8 302.9  99.6 108.9 999.0 285.1 287.1 100.4 292.3 221.5  42.4 273.6 354.5 213.2 243.1  78.7 251.8 250.6  89.0 239.7 106.5  46.1 277.5
 wrfout_d04_2016-07-29_05:00:00 999.0 147.6  67.9 322.8 111.0  38.9   8.3 317.1  12.7 310.7  98.2 112.4 999.0 294.4 307.5 101.2 297.8 228.4  32.2 269.4 355.6 225.6 230.0  73.5 243.3 246.3 126.6 240.8  78.9  57.5 273.5
 wrfout_d04_2016-07-29_06:00:00 999.0 138.3  79.8 321.5  97.4  38.9  32.7 337.5  10.5 321.4  97.1 114.8 999.0 300.8 305.5 103.3 288.3 229.9   7.4 253.4 352.6 226.2 226.3  78.5 247.4 248.3 114.0 244.8  92.5  38.9 267.2
 wrfout_d04_2016-07-29_07:00:00 999.0 137.9  77.9 320.7  74.4  41.3  64.7   0.7  18.1 332.2  93.7 118.3 999.0 301.9 303.6 105.3 277.4 228.6  41.9 259.9  18.1 222.3 223.3 105.2 238.4 230.0  77.2 243.5 117.4  47.6 303.6
 wrfout_d04_2016-07-29_08:00:00 999.0 128.1  81.2 330.1  66.8  51.0  70.5   8.8  48.6 325.9  91.1 123.0 999.0 311.8 312.2 120.2 262.8 237.7 111.7 230.2 163.1 207.3 215.2  67.0 232.7 221.8  75.8 236.7  86.2  53.0 302.0
 wrfout_d04_2016-07-29_09:00:00 999.0 130.0  84.6 114.0  66.7  85.0  60.3 359.7  62.0 323.9  93.5 146.9 999.0 264.0 304.2 164.8 137.9 177.1  40.3 197.0 332.6 177.3 213.9  64.5 225.2 217.0 103.8 246.3  87.1  43.3 314.0
 wrfout_d04_2016-07-29_10:00:00 999.0 137.7  95.3 122.2  75.2 135.7 114.7 328.8 102.0 284.1  81.3 162.7 999.0 248.7 116.6 169.1 123.8 161.3  44.3 173.5  52.4 167.0 200.7  56.5 231.5 239.0  67.1 232.9  88.3  55.2 350.8
 wrfout_d04_2016-07-29_11:00:00 999.0 147.9 109.4 133.4  92.4 125.4 103.8 273.7  89.7 297.4  32.9 161.5 999.0 318.8 117.3 106.7  40.2 180.6  99.2 280.9 120.5 177.7 173.4 350.0 321.8 276.9  66.8 224.2  44.6  33.8  71.3
 wrfout_d04_2016-07-29_12:00:00 999.0 148.0 116.8 131.9  92.4  98.6  88.2 262.5 105.7 321.0   8.7 159.4 999.0 299.6 261.7  92.2 260.5 213.9 200.8 233.2 260.6 192.2 202.5 342.6 237.9 218.9  35.3 221.1 334.1  60.1  68.9
 wrfout_d04_2016-07-29_13:00:00 999.0 148.3 126.8 127.3  97.3 308.0  92.3 270.6 201.8   4.4   2.3 104.2 999.0 313.7 244.7 187.1 171.2 217.4 113.4 200.5 202.2 203.0 191.3 349.7 221.9 199.9  36.6 205.3 353.5  58.0  85.1
 wrfout_d04_2016-07-29_14:00:00 999.0 142.5 128.0 137.3 107.4  72.4 101.8 258.0 242.4 282.1  13.1  57.0 999.0 337.9 193.2 233.7 175.5 178.6 168.5 230.0 188.9 172.0 151.7 328.3  89.4 156.0 348.5 208.8 355.9  76.7  74.3
 wrfout_d04_2016-07-29_15:00:00 999.0 141.9 143.3 136.1 115.0  71.6  95.1 228.8 235.3 194.6  50.2 183.2 999.0  83.2 135.6 257.5 122.9 180.4 154.4 193.8 148.7 164.2 140.7 329.2  91.4 105.7 348.2 198.2   2.8  61.0  76.2
 wrfout_d04_2016-07-29_16:00:00 999.0 139.7 142.4 141.1 108.5   2.6 100.4 227.9 227.1 210.2 352.1 175.8 999.0 270.3 199.4 251.7  98.9 144.1 145.1 276.2 126.2 166.7  93.9 324.2 102.0 104.9 333.3 185.7   2.4  60.1  82.2
 wrfout_d04_2016-07-29_17:00:00 999.0 145.5 147.4 163.6 114.8 303.8  98.5 234.4 242.2 240.6 346.9 265.3 999.0 204.8 202.9 258.2 269.6 146.6 231.0 302.3 109.7 149.0 107.1 325.6 103.0 110.2 336.0 193.5   5.5  41.1  83.1
 wrfout_d04_2016-07-29_18:00:00 999.0 148.9 150.2 136.0 110.5 295.3 104.9 206.2 200.8 119.8 346.5 307.7 999.0 282.0 120.4 260.5 156.9 146.8 126.7  53.3 110.1 165.3 113.6 323.3  90.8  89.2 337.4 198.3 352.5  59.7  80.8
 wrfout_d04_2016-07-29_19:00:00 999.0 151.6 160.5 148.3 107.8 239.3 127.8 161.8 189.4 112.1 344.9 315.3 999.0 278.7 154.9 254.7 107.9 119.8 106.6  20.6 112.2 159.6 103.3 322.3  77.5  83.1 343.7 215.9 354.8  63.3  80.4
 wrfout_d04_2016-07-29_20:00:00 999.0 139.3 178.3 127.4  97.9 172.2  82.2 168.0 140.0  85.8 320.3 316.6 999.0 346.8 316.2 252.4  68.8  97.1 137.4 343.2 118.8 162.3  92.8 329.2  84.8  83.0 346.3 254.9   1.5  60.6  81.1
 wrfout_d04_2016-07-29_21:00:00 999.0 129.9 146.1 132.6  53.1 167.7  85.7 160.8 128.5 115.6 300.3 317.7 999.0   0.0 161.6 258.6 351.5  23.5 167.5 346.5 118.5 163.0 102.2 349.5  74.1  89.1 345.8 282.9 345.5  54.4  80.5
 wrfout_d04_2016-07-29_22:00:00 999.0 131.0 122.3 131.1  66.5 195.2  78.5 164.5  87.1 117.8 312.8 335.3 999.0  22.0 106.9 258.0  15.8  59.7  95.1  47.6 118.0 228.2  88.7 356.0  65.2  51.1 350.3 310.0 337.7  59.3  76.0
 wrfout_d04_2016-07-29_23:00:00 999.0 133.5 144.5 164.0 152.5 131.2  66.4 225.4  46.0 187.2  16.4  74.1 999.0  12.5  63.3 231.3  37.4  65.5  69.0  38.3 108.0 122.8  80.7  31.6  54.0  42.7 358.6 328.4  14.6  54.9  75.0
