 wrfout_d04_2016-07-28_00:00:00 999.0 203.5 232.6 184.2 236.1 218.6 241.3 227.5 240.6 239.9 113.4 101.3 999.0 188.6 188.0 176.9 291.3 219.1  49.0 208.5 346.2 227.1 180.5  54.3 182.6 226.9  71.8 275.0 125.4 276.3 315.0
 wrfout_d04_2016-07-28_01:00:00 999.0 206.7 234.0 236.2 231.8 219.9 250.4 235.4 248.7 249.2 106.2 118.0 999.0 206.9 198.0 132.9 271.5 220.4  40.1 225.9 350.8 226.1 229.6  57.1 235.2 249.4  85.5 270.0 114.4 283.5 311.5
 wrfout_d04_2016-07-28_02:00:00 999.0 199.8 236.0 291.1 228.0 230.2 265.0 244.5 255.9 256.8 104.8 130.9 999.0 228.8 214.6 124.9 255.0 221.5  25.4 231.6 348.2 225.3 233.2  61.4 253.6 253.0  82.9 268.0 106.4 285.3 308.7
 wrfout_d04_2016-07-28_03:00:00 999.0 195.1 256.1 299.1 246.7   9.4 278.4 247.3 263.0 262.3 103.8 135.8 999.0 244.2 227.9 125.6 245.3 223.8  27.5 241.1 345.4 227.5 235.5  64.5 255.7 255.3  84.0 268.4 104.4 289.2 304.2
 wrfout_d04_2016-07-28_04:00:00 999.0 185.5 272.5 299.1 262.7  21.1 332.6 250.7 273.6 263.6 102.9 134.8 999.0 248.4 241.6 126.7 251.9 226.3  25.1 248.4 344.1 231.8 236.9  68.4 256.4 255.5  84.2 268.3  99.7 289.0 297.2
 wrfout_d04_2016-07-28_05:00:00 999.0 188.2 281.0 299.4 269.9  25.4 331.5 252.7 330.8 264.1 102.7 141.0 999.0 249.2 263.4 122.1 252.7 229.3   4.8 258.2 343.6 235.2 241.5  66.5 254.3 252.1  93.0 267.5 104.9 285.2 295.9
 wrfout_d04_2016-07-28_06:00:00 999.0 193.8 295.9 302.7 280.2  19.5 322.2 253.4 353.6 264.3  99.2 142.9 999.0 249.7 273.6 132.6 260.6 233.0  19.3 262.3 332.4 241.1 247.9  63.2 255.0 255.7  93.9 269.1 108.9 230.3 288.3
 wrfout_d04_2016-07-28_07:00:00 999.0 187.9 305.9 308.1 291.9  16.3 322.7 252.0 356.4 261.4  89.1 142.2 999.0 245.6 272.6 138.9 239.2 231.5 319.2 249.2 325.7 238.2 235.0  88.5 250.0 253.8  67.2 272.2  83.6 271.2 298.7
 wrfout_d04_2016-07-28_08:00:00 999.0 183.0 289.4 307.0 281.2  16.0 321.1 244.9 348.1 257.0  84.9 164.7 999.0 244.3 274.0 159.0 210.1 230.7  50.6 257.7  33.7 236.2 240.8  52.6 263.1 262.8  66.8 278.2 244.0 272.5 304.3
 wrfout_d04_2016-07-28_09:00:00 999.0 187.8 278.5 315.4 265.2   9.6 326.5 242.8 356.6 252.2  76.9 166.0 999.0 225.1 269.3 144.2 257.8 227.3  50.2 247.7  37.2 232.5 242.7  56.0 254.3 255.6  78.2 277.3 121.3 354.5 304.7
 wrfout_d04_2016-07-28_10:00:00 999.0 181.0 267.4 331.4 278.4   0.8 328.5 235.8   9.9 249.7  52.8 162.9 999.0 232.9 261.0 142.8  12.9 224.6  82.8 237.7  60.1 239.6 242.9  61.7 258.8 259.2  64.1 277.5  74.1  50.2 303.9
 wrfout_d04_2016-07-28_11:00:00 999.0 175.8 280.3   3.3 353.4 351.6 335.7 224.5  16.1 253.8  27.2 158.7 999.0 215.2 229.6 149.3 181.9 224.4  87.0 241.5  42.8 233.7 244.8  34.5 271.0 271.2  53.6 282.1 283.0 349.4 303.5
 wrfout_d04_2016-07-28_12:00:00 999.0 165.6 216.6 354.4 184.7   4.6 359.4 223.9  30.5 238.9  18.1 165.1 999.0 209.0 215.7 166.8 158.6 212.9  71.8 233.0  48.7 227.5 234.0  19.0 249.3 249.5  55.9 275.9 294.0 347.3 308.7
 wrfout_d04_2016-07-28_13:00:00 999.0 165.7 193.1 336.9 184.8 358.5 343.5 217.6  44.4 222.1   2.7 170.4 999.0 195.5 206.7 218.0 147.8 212.3 114.1 223.0 126.9 224.0 228.5 359.7 261.0 259.4  24.9 270.6 310.9 325.8 310.0
 wrfout_d04_2016-07-28_14:00:00 999.0 164.0 200.7 351.3 145.1  32.3 354.0 208.1  34.4 204.7  13.0 191.2 999.0 193.0 200.5 229.7  81.9 209.5 122.3 208.3 151.3 216.5 220.5  10.0 245.0 243.7  28.7 277.2 313.3 322.9 309.3
 wrfout_d04_2016-07-28_15:00:00 999.0 172.7 205.8  64.3 222.5 106.2 357.9 196.3 134.4 167.2   5.4 282.4 999.0 193.4 186.3 239.7 232.2 209.2 155.1 203.4 162.1 217.2 199.7 355.0 236.1 239.0 350.6 273.1 322.7 311.6 314.5
 wrfout_d04_2016-07-28_16:00:00 999.0 174.4 205.7 111.8 307.3   3.3  47.4 193.8 155.0 142.2 206.0 354.0 999.0 189.9 187.7 234.9 184.8 205.6 148.8 203.5 145.3 214.9 183.6   4.2 231.6 245.0 335.8 280.3 325.0 326.0 317.8
 wrfout_d04_2016-07-28_17:00:00 999.0 181.5 232.3 144.8 295.2  19.5  80.2 192.3 169.1 119.5 273.7 318.7 999.0 186.1 176.7 248.1 182.2 206.3 191.2 203.5 153.8 212.6 165.5   4.8  91.3 243.1 323.8 277.6 326.2 328.3 321.3
 wrfout_d04_2016-07-28_18:00:00 999.0 183.2 244.3 118.3 283.9 358.2  90.5 165.8 180.9 128.6 295.2 340.7 999.0 185.6 169.1 240.5 146.7 203.1  85.5 196.1 134.2 216.0 135.7  11.1  79.8  31.8 325.6 280.2 329.4 338.5 326.5
 wrfout_d04_2016-07-28_19:00:00 999.0 182.9 260.8  33.4 294.6 320.8  22.4 140.6 204.6 110.0 266.3 351.3 999.0 186.8 166.9 251.2 135.6 196.7  89.6 200.5 150.2 209.3 133.9   8.0  96.3 107.0 324.8 284.4 327.1 341.3 330.1
 wrfout_d04_2016-07-28_20:00:00 999.0 188.7 259.0  57.7 294.1 269.8  97.1 135.9 170.1 105.4 280.2 350.3 999.0 188.0 174.3 254.7 147.8 195.6 100.4 194.6 156.3 211.8 131.8   2.2  87.8  94.9 328.1 286.8 325.5 342.6 334.8
 wrfout_d04_2016-07-28_21:00:00 999.0 190.4 251.0  86.7 290.8 247.1  99.6 128.3 155.6 113.6 259.5 328.4 999.0 175.8 165.9 252.9 165.2 188.1 105.7 181.1 153.4 209.8 120.7   2.0  94.3 100.0 330.4 292.3 329.8 339.0 347.0
 wrfout_d04_2016-07-28_22:00:00 999.0 197.7 248.8  94.1 286.7 234.4 103.7 139.9 116.6 104.4 237.1 325.4 999.0 178.8 155.8 258.8 149.4 184.8 106.3 173.0 157.9 204.5 122.3   6.9 101.2 108.2 330.5 286.8 327.9 347.7 340.6
 wrfout_d04_2016-07-28_23:00:00 999.0 201.6 247.2 215.9 251.2 227.7  97.0 209.6  67.8 151.6 234.6 359.5 999.0 186.1 177.1 234.7 354.7 187.1  67.1 187.7  61.0 198.5 129.0  48.1 138.4 152.1  18.5 256.9  71.9  12.3 330.1
