 wrfout_d04_2016-11-08_00:00:00 999.0 272.6 277.3 276.0 277.3 243.2 250.0 268.4 238.1 147.0  51.8 340.1 999.0 345.5   1.4 348.7  22.2 359.7  55.9 359.1  18.7 355.6  20.8 232.2 359.9 355.1 291.1 354.2  40.8 165.6 266.4
 wrfout_d04_2016-11-08_01:00:00 999.0 328.0 305.5 299.0 298.6 243.3 236.8 300.8 230.5 222.4  93.1  16.6 999.0 351.3 334.4  89.8 351.6  11.8  50.9 352.5 357.0   9.0  32.6  87.9   3.4   4.8  88.1 345.2  75.8 132.1 311.0
 wrfout_d04_2016-11-08_02:00:00 999.0 352.0 311.4 343.8 304.6 332.5  51.8 322.6 248.4 221.3 111.5  35.3 999.0 351.1 335.1  91.1 348.8   8.0  45.9 346.4   3.3   2.8   0.5  95.1 353.4 354.5 118.8 337.5  83.9 143.8 310.7
 wrfout_d04_2016-11-08_03:00:00 999.0 359.9 335.5 352.7 339.7 316.1 308.3 347.9 273.1 324.6  53.6  67.0 999.0   2.7 346.6  86.7 340.1   6.8  44.5 344.5   4.9   7.5 350.7  44.6 344.8 345.2 102.5 322.0  89.2 152.7 310.4
 wrfout_d04_2016-11-08_04:00:00 999.0   1.4   2.6 359.0   9.8 354.9 305.4  18.4 253.4 325.5  96.3  74.6 999.0 355.6 350.6  83.7 333.5   6.6  45.0 338.9   5.1  11.6 345.9  12.8 333.6 337.2  89.0 314.7  88.7 130.7 311.4
 wrfout_d04_2016-11-08_05:00:00 999.0   5.1   8.0   0.2  15.6   0.2 344.9  27.7 344.7  22.9  89.7  46.1 999.0   0.4 348.7  72.6 336.6   9.0  47.0 345.6   9.2  11.1 349.3  18.7 336.0 339.4  86.5 312.9  89.6 141.7 301.9
 wrfout_d04_2016-11-08_06:00:00 999.0   7.2  15.0   5.9  21.0   1.7 348.2  28.1 353.2  22.8  48.3  15.9 999.0   5.7 344.1  46.8 350.2   6.2  52.9 351.7  18.2  10.0 352.3  36.1 337.9 341.6 121.4 312.8  84.9 177.5 302.2
 wrfout_d04_2016-11-08_07:00:00 999.0   7.6  20.2   6.4  25.2   8.1 317.7  21.5   0.6  31.9  14.7   0.3 999.0  11.2 353.2   9.3 349.6  12.9  56.8 343.1  31.0   7.0 353.6  58.9 333.1 341.4 126.4 314.5  87.1 216.7 313.9
 wrfout_d04_2016-11-08_08:00:00 999.0   8.1  25.0  12.5  27.7   6.1 261.8  27.4   3.7  26.6  12.9 343.0 999.0  19.3   9.6  30.8 356.8   8.5  61.3 352.0  65.5  10.4 356.4  27.4 337.1 341.2 209.6 322.5  57.8 217.2 326.7
 wrfout_d04_2016-11-08_09:00:00 999.0   8.5  29.0  13.4  30.5   2.6 207.7  33.2  66.8  33.2  42.9 330.3 999.0  14.0   7.9  32.5   4.4  20.1  73.4 350.8 127.7  12.4 359.4  38.5 345.4 346.9 342.5 330.6  23.7 354.3  49.3
 wrfout_d04_2016-11-08_10:00:00 999.0   9.6  30.5  10.0  32.1   9.7 204.7  35.5 264.5  36.8   8.3 312.2 999.0  11.8   8.0  37.5 175.2  30.1  93.0 352.1 141.5  23.5   8.0  13.8 349.3 353.8 287.5 342.1  13.8 262.1  77.8
 wrfout_d04_2016-11-08_11:00:00 999.0  10.1  30.2   8.9  32.1   9.1 195.3  39.5 239.2  40.0 210.8 312.8 999.0  12.8   8.7  41.8 182.1  28.5 221.0 348.1 153.7  19.8   9.3  24.8 353.3 357.2  43.5 351.6   8.2  34.2  80.0
 wrfout_d04_2016-11-08_12:00:00 999.0  12.8  31.9  12.3  33.2   4.7 194.8  39.7 333.2  38.9 211.2 297.0 999.0  13.3  10.8  39.8 198.6  30.4 218.2 357.5 163.6  24.0  13.5  25.1 357.5   0.6  24.3 356.4  18.8  47.0  78.6
 wrfout_d04_2016-11-08_13:00:00 999.0  16.1  35.0  10.1  35.4   9.6 197.5  35.5 188.8  38.5 212.6 297.6 999.0  12.6  10.7  42.2 199.0  27.3 209.6   1.2 191.5  25.7  12.2  20.1   7.2   9.7   6.9 359.4 344.4  35.0  97.4
 wrfout_d04_2016-11-08_14:00:00 999.0  18.6  34.3   7.6  34.8  14.0 194.8  36.3 152.6  39.7 213.7 294.5 999.0  14.1  11.8  39.0 189.6  29.5 218.0   2.7 232.5  23.8  14.4  23.3   2.5   6.6  11.4 355.8  30.6  41.3  88.4
 wrfout_d04_2016-11-08_15:00:00 999.0  18.0  33.2   9.5  34.5  17.8 202.8  36.8 158.6  37.6 213.8 289.5 999.0  13.7  10.4  36.1 156.6  28.1 222.0   2.1 256.6  23.5  17.3  23.3 358.0 359.0  26.5 354.1  29.1   9.0  49.7
 wrfout_d04_2016-11-08_16:00:00 999.0  16.9  35.4   9.2  37.6  12.2 201.4  40.8 145.5  37.9 211.4 304.1 999.0  16.7  11.2  33.6 158.2  27.6 226.3 359.7 259.6  21.0  21.2  24.4   1.6   5.6  18.7   7.7  21.3  28.7  44.7
 wrfout_d04_2016-11-08_17:00:00 999.0  16.7  36.4  11.0  38.2  14.4 199.4  43.9 160.6  41.6 227.5 298.6 999.0  16.6   9.4  36.4 170.1  25.3 223.4   6.0 270.0  21.6  16.4  27.9   3.0   4.4   9.7   9.6  16.9  13.7  44.3
 wrfout_d04_2016-11-08_18:00:00 999.0  18.7  39.2  13.2  38.3  14.2 211.8  42.9 142.9  44.2 208.8 315.3 999.0  17.9   8.1  35.8 164.2  23.7 224.2   5.7 270.7  21.4  13.9  26.2   0.9   4.7  11.7 347.2  17.8  21.7  41.4
 wrfout_d04_2016-11-08_19:00:00 999.0  17.7  37.6  14.7  38.2  17.2 190.5  39.8 142.9  43.0 222.9 293.7 999.0  17.5   9.1  38.7 162.3  23.2 232.8 354.6 270.2  22.0  15.2  23.8   4.7   3.9   9.5 358.7  16.9  20.3  37.9
 wrfout_d04_2016-11-08_20:00:00 999.0  20.3  35.5  18.2  37.4  20.8 208.8  42.1 151.6  41.5 235.3 300.0 999.0  17.1  12.1  36.6 178.5  24.1 230.9 357.2 272.6  19.9  16.9  27.7 350.8   4.1  11.8 350.8  13.0  20.1  40.8
 wrfout_d04_2016-11-08_21:00:00 999.0  22.1  38.2  21.9  39.0  21.1 244.0  41.3 153.4  41.9 244.3 298.3 999.0  17.5  14.1  37.2 183.7  23.2 229.1   0.9 268.3  22.4  19.9  29.9  11.9  15.2  18.1  10.5  23.5  22.7  46.0
 wrfout_d04_2016-11-08_22:00:00 999.0  26.4  42.2  14.7  41.6  24.3 260.1  41.8 142.5  42.9 235.7 297.8 999.0  18.8  14.1  35.9 164.5  25.5 231.4 358.1 265.1  25.0  17.2  28.8   9.2   8.5  10.7 352.7  17.4  26.9  48.5
 wrfout_d04_2016-11-08_23:00:00 999.0  29.6  42.5  13.4  41.8  27.2  74.2  44.3 127.7  48.8 228.9 298.1 999.0  15.8  20.9  35.3 212.3  25.0 228.0 358.6 277.1  23.6  20.5  29.5 356.6   9.1   0.5 351.2  10.2  20.2  48.2
