 wrfout_d04_2016-07-01_00:00:00 999.0 176.0 216.9 182.7 213.7 226.4 231.8 235.8 197.6 234.0  82.0 169.8 999.0 218.9 218.5 202.0   4.5 200.1 218.7 338.6 156.9 188.6   7.7 212.4  13.0   5.7 181.5 235.9  48.8  75.5  84.6
 wrfout_d04_2016-07-01_01:00:00 999.0 176.9 194.8 206.8 203.6 231.7 277.9 249.3 248.8 248.1  92.1 168.3 999.0 240.5 230.4 179.8 352.7 195.6 250.9 339.5 152.5 182.8 325.7 178.0  19.4 338.7 144.6 240.1  62.4  77.7  88.5
 wrfout_d04_2016-07-01_02:00:00 999.0 177.7 199.8 223.9 199.4  18.4 313.7 254.5 264.7 254.7 100.0 166.7 999.0 253.7 239.5 169.5 315.2 193.5 264.3 330.8 177.6 176.1 307.3 166.5  33.6 283.1 140.8 235.6  75.2  75.2  88.8
 wrfout_d04_2016-07-01_03:00:00 999.0 175.1 218.2 276.4 202.2  15.6 299.9 261.6 347.8 258.5 106.2 164.6 999.0 259.5 243.1 166.7 262.0 193.1 271.3 316.6 281.0 176.4 288.0 166.5 304.8 255.5 140.7 226.4  76.3  74.7  90.3
 wrfout_d04_2016-07-01_04:00:00 999.0 169.5 286.4 316.4 228.7  16.7 306.2 267.3  90.0 263.9 107.9 165.2 999.0 269.7 247.3 164.9 262.5 196.4 277.1 302.1 279.1 182.5 258.0 169.4 249.4 242.4 142.6 209.7  82.8  76.5  90.9
 wrfout_d04_2016-07-01_05:00:00 999.0 162.8 315.0 317.1 239.0  14.9 343.3 269.4  67.3 276.6 108.2 166.8 999.0 274.9 269.8 166.7 275.3 199.1 280.0 263.6 275.2 191.1 234.2 173.1 240.9 234.4 152.8 197.4  88.9  80.7  94.3
 wrfout_d04_2016-07-01_06:00:00 999.0 159.2 350.9 316.2 283.0   7.3 319.2 276.0 342.5 278.9 110.8 167.1 999.0 280.0 282.3 166.4 256.7 204.1 269.1 248.1 277.8 197.0 219.7 170.2 228.0 212.0 157.7 185.4  94.7  90.3  96.5
 wrfout_d04_2016-07-01_07:00:00 999.0 157.6 334.9 314.3 306.4  11.7 316.7 271.8 331.7 279.4 114.1 166.4 999.0 280.5 286.9 165.9 263.7 210.8 268.8 263.4 265.5 205.8 221.9 173.7 219.7 212.1 157.7 182.4 103.3  97.5  98.7
 wrfout_d04_2016-07-01_08:00:00 999.0 156.0 317.9 315.5 299.4  13.5 317.1 264.7 337.6 269.7 110.7 168.8 999.0 275.7 296.1 165.9 286.3 215.0 258.4 264.0 256.7 212.3 220.1 184.8 222.6 217.8 162.9 186.5 107.4 106.4 102.0
 wrfout_d04_2016-07-01_09:00:00 999.0 155.2 287.7 311.6 269.7   8.7 315.4 236.9 338.9 255.6 102.6 171.9 999.0 253.5 298.9 170.5 268.1 215.1 274.1 266.3 265.1 214.0 220.1 202.8 225.0 219.4 175.3 187.9 107.8 115.5  99.2
 wrfout_d04_2016-07-01_10:00:00 999.0 161.6 284.5 323.8 302.9  26.4 324.5 238.8 317.5 248.6 101.8 176.1 999.0 246.8 278.8 169.1  50.5 212.5  28.2 267.3 288.4 210.2 219.6 216.5 227.5 219.8 186.4 186.2  97.8 114.9  98.8
 wrfout_d04_2016-07-01_11:00:00 999.0 166.5 277.8 336.8 323.2  39.9 331.6 228.5 312.6 247.5   7.5 178.7 999.0 226.6 263.6 187.0 199.9 207.6 267.6 259.9 161.4 208.1 215.2 248.5 225.7 216.7 205.5 182.8 352.1 114.9  93.5
 wrfout_d04_2016-07-01_12:00:00 999.0 176.7 233.3   4.3 323.0  47.4 344.7 229.0 316.5 243.2  21.3 168.7 999.0 204.8 256.6 194.8 175.7 199.4 193.5 243.6 148.2 202.9 209.3 259.6 228.4 212.7 235.4 175.4 320.7 114.0  94.7
 wrfout_d04_2016-07-01_13:00:00 999.0 180.6 203.1  11.2 208.2  46.4  31.0 209.3 210.0 202.6  19.6 166.3 999.0 215.3 232.4 208.2 208.4 198.5 187.8 227.5 171.1 198.9 201.5 253.4 224.2 206.7 256.0 175.1 333.0 115.9  94.8
 wrfout_d04_2016-07-01_14:00:00 999.0 180.3 193.2  69.7 187.5   1.4  56.1 206.7 157.8 174.9   7.3 165.9 999.0 207.0 226.3 205.8 204.7 198.6 192.4 233.6 159.6 199.8 198.8 256.0 210.1 200.0 262.9 170.9 334.2 121.0  95.5
 wrfout_d04_2016-07-01_15:00:00 999.0 178.8 169.2  16.8  28.1 316.2  76.2 177.2 189.3 148.2  16.3 167.0 999.0 201.3 203.8 212.1 213.5 197.5 207.0 237.2 161.5 194.7 197.3 259.7 206.0 198.7 285.9 167.0 329.8 125.3  97.3
 wrfout_d04_2016-07-01_16:00:00 999.0 180.0 182.8  57.3  18.1 318.8  78.3 141.3 208.5 140.6  15.9 169.1 999.0 182.8 209.2 214.0  83.1 194.1 198.9 236.7 164.3 192.8 195.0 260.5 210.4 200.7 290.0 161.1 329.8 130.6  94.4
 wrfout_d04_2016-07-01_17:00:00 999.0 180.3 191.4 109.0   3.0 279.5 180.8 163.1 221.8 145.5  13.7 168.8 999.0 194.3 205.1 220.4 109.4 190.7 190.1 256.3 165.4 189.1 199.2 260.0 239.4 201.7 295.5 159.3 332.1 135.8  96.4
 wrfout_d04_2016-07-01_18:00:00 999.0 185.8 200.6 130.6 227.4 324.8 205.7 179.3 206.4 141.2  20.2 174.3 999.0 195.9 219.5 225.4 156.0 189.6 193.4 269.8 167.6 184.8 200.5 257.0  35.1 140.2 289.6 159.3 332.0 140.2  96.0
 wrfout_d04_2016-07-01_19:00:00 999.0 184.7 204.1 125.0 248.3 267.4 222.9 190.1 202.9 139.4  25.7 176.8 999.0 198.9 187.6 225.8 165.7 189.9 193.8 301.1 168.2 181.7 198.8 254.3  59.8  53.0 294.3 157.8 329.5 140.7  97.9
 wrfout_d04_2016-07-01_20:00:00 999.0 188.5 207.3 133.2 255.2 198.8 218.1 187.2 194.5 114.6  45.5 196.5 999.0 196.7 188.1 228.2 156.6 188.1 195.1 312.9 169.3 177.4 185.5 253.3  50.1  47.5 293.1 157.8 328.4 141.7  97.2
 wrfout_d04_2016-07-01_21:00:00 999.0 192.4 212.2 113.2 265.3 179.5 195.3 175.4 172.7 119.4  16.1 185.2 999.0 182.0 194.9 232.7 159.5 184.2 195.3  57.9 169.3 180.0 138.9 253.3  67.2  61.3 288.0 156.8 324.3 145.6  97.5
 wrfout_d04_2016-07-01_22:00:00 999.0 190.6 224.5 123.0 267.3 213.0 153.3 179.7 157.2 137.6  30.9 177.4 999.0 182.2 189.5 231.6 308.8 183.5 199.9  22.6 170.7 177.1 108.1 250.8  99.2 104.3 293.3 158.1 331.7 149.0 102.3
 wrfout_d04_2016-07-01_23:00:00 999.0 184.4 220.7 161.0 231.6 224.7 202.0 211.4 248.0 221.5  55.0 177.6 999.0 194.9 194.0 215.2 354.3 184.6 210.0 351.2 169.4 171.1 107.0 223.3  96.7 188.0 219.4 159.6  73.1 150.8 113.6
