 wrfout_d04_2016-05-17_00:00:00 999.0  42.9  72.7 164.6  57.9  65.7  70.7  41.1  51.8  42.8  24.5 313.8 999.0   7.2 333.2   7.2 243.6  19.7 222.1 345.4 232.3  14.6  20.1  35.5  12.3  13.0  30.2  15.3  33.5  26.4  39.7
 wrfout_d04_2016-05-17_01:00:00 999.0  50.0  76.6 145.2  62.0  67.3  73.7  50.5  55.3  42.1  28.8 308.5 999.0  14.7 169.0  35.2 247.2  22.9 235.0 332.3 240.9  19.9  19.0  49.6 358.3   3.1  39.8 309.0  17.8  28.8  46.1
 wrfout_d04_2016-05-17_02:00:00 999.0  46.4  77.3 132.2  62.1  71.1  75.2  49.5  64.8  38.9  41.8 311.1 999.0  15.2 350.5  40.3 254.3  19.2 231.8 340.9 249.0  20.4  15.4  43.4 342.7 340.5  45.8 306.3  54.3  39.7  46.9
 wrfout_d04_2016-05-17_03:00:00 999.0  44.8  72.2  79.7  58.4  81.8  75.2  47.8  65.3  34.6  40.1 328.4 999.0  21.5 334.3  39.7 247.1  19.2 238.4 342.4 233.9   8.1  19.5  49.4 352.3 350.3  62.7 305.2  54.1  45.0  50.9
 wrfout_d04_2016-05-17_04:00:00 999.0  45.8  72.9 109.9  58.8  76.2  74.3  43.7  70.4  32.4  44.1 359.9 999.0  12.5 328.6  31.6 246.0  16.4 239.4 340.1 246.9  10.2 347.4  50.8 344.3 344.0  55.3 308.0  40.1  31.6  53.2
 wrfout_d04_2016-05-17_05:00:00 999.0  45.8  68.9  15.2  55.7  86.0  72.6  48.9  69.6  36.5 353.1 338.6 999.0  14.2 322.4  22.6 252.1  13.2 241.2 335.7 255.2   2.3   2.6  45.3 342.7 343.5  61.2 307.6  50.6  48.4  43.6
 wrfout_d04_2016-05-17_06:00:00 999.0  39.4  65.5 310.2  52.2  51.6  69.8  46.6  61.0  33.6   5.4 322.3 999.0  17.8 343.2  22.4 250.6  15.1 252.8   0.5 254.5   9.4   9.9  36.3 349.8 348.2  58.7 304.1  53.3  48.2  43.2
 wrfout_d04_2016-05-17_07:00:00 999.0  39.7  68.4 246.1  53.0  44.7  71.0  42.2  64.7  39.2 341.9 290.3 999.0  10.8  21.0  25.3 241.7  11.5 247.7  11.4 253.8  11.3 356.2  39.1  11.4   2.4  52.6 312.2  48.1  43.6  40.3
 wrfout_d04_2016-05-17_08:00:00 999.0  41.4  69.6 161.6  54.3  53.0  80.0  38.5  69.2  34.4 261.2 279.4 999.0  10.8 346.7  31.2 305.4  12.5 246.5 343.7 250.7   6.7 359.4  25.1  17.9  10.7  43.4 302.0  49.7  42.3  44.5
 wrfout_d04_2016-05-17_09:00:00 999.0  42.9  67.1 244.3  52.2  64.3  69.1  44.1  58.9  27.5 277.7 284.5 999.0  20.7 355.4  29.8 346.0  27.7 241.1 343.0 245.5  11.7   3.8  33.0 347.9 343.9  14.4 333.7  27.8  52.9  28.4
 wrfout_d04_2016-05-17_10:00:00 999.0  40.7  68.0 239.3  52.8  47.7  76.0  46.8  54.9  34.5 259.8 313.9 999.0   8.3 348.3  31.2 351.6  26.2 220.9 334.7 235.1   9.2   2.1  20.1 352.0 352.1  16.6 348.5  22.5  61.7  30.6
 wrfout_d04_2016-05-17_11:00:00 999.0  44.8  70.3 240.0  52.8  32.8  81.5  50.1  67.8  39.4 285.6 298.4 999.0  10.1 348.7  28.5 261.5  28.7 225.2 330.1 236.8  13.2  12.7  52.4   2.4   7.5  25.6  13.6  12.5  62.6  24.1
 wrfout_d04_2016-05-17_12:00:00 999.0  48.0  75.8 235.9  57.8  65.9  83.2  46.2  71.9  45.8 269.8 286.0 999.0   3.5 358.4  18.7  91.7  25.0 191.9 343.3 223.6  19.2  11.8  23.8 353.1 357.0  13.0   5.5  20.3  58.1  51.2
 wrfout_d04_2016-05-17_13:00:00 999.0  47.6  82.2 240.5  62.3  55.4  80.2  48.4  69.3  40.4 284.9 304.4 999.0   1.9 338.4   2.2  69.6  26.9 219.1 346.2 221.2  17.2  14.9  39.5   4.3   6.6  47.7  10.7   0.9  55.1  34.9
 wrfout_d04_2016-05-17_14:00:00 999.0  49.4  78.1 207.6  61.9  58.9  76.9  45.6  78.8  43.2 302.5 289.3 999.0  18.5 335.6 336.1  93.4  26.5 213.6   2.0 216.8  16.6  22.1  40.7  12.0  17.6   1.4   6.0   5.8  54.9  66.7
 wrfout_d04_2016-05-17_15:00:00 999.0  54.4  75.5 194.8  58.3  31.6  74.8  45.8  69.9  39.2 203.9 305.9 999.0  15.8 343.7   2.1 216.8  26.1 216.8 353.9 219.4  20.8  27.1  30.3 352.6 356.4  36.9  23.3   5.9  57.2  65.3
 wrfout_d04_2016-05-17_16:00:00 999.0  53.0  78.0 190.2  60.1  66.5  88.9  50.2  87.2  52.4 258.3 306.1 999.0  19.5 350.8  31.2 209.2  27.5 213.3   8.3 214.8  19.9  25.9  20.0  13.3  21.3 359.0  13.7  12.8  62.7  56.8
 wrfout_d04_2016-05-17_17:00:00 999.0  43.5  75.5 263.3  55.1  35.7 116.0  51.1  89.1  51.4 245.3 278.5 999.0  27.6 335.1  23.8 171.3  25.0 206.9   8.5 211.2  21.5  33.6 353.4   3.4   3.3  14.0  25.5   9.3  60.2  50.0
 wrfout_d04_2016-05-17_18:00:00 999.0  31.9  77.9 225.8  57.9  61.1 103.0  59.9  86.9  53.3 287.9 272.4 999.0  15.4  17.7 325.0 142.7  22.5 209.3  17.6 217.2  21.3  34.7  33.0   8.1  13.7   5.5   1.6   8.3  73.9  58.8
 wrfout_d04_2016-05-17_19:00:00 999.0  50.2  82.1 243.2  64.0  43.2  93.3  64.5  78.0  54.7 296.0 281.4 999.0  21.2 240.0 339.2 141.4  21.5 208.0   8.7 218.7  20.6  27.4 167.1 353.0 356.6 350.2   0.6  19.9  71.8  47.1
 wrfout_d04_2016-05-17_20:00:00 999.0  35.8  73.3 271.9  57.2  58.2 105.1  63.2  86.4  51.7 308.9 287.2 999.0  23.1  29.4  29.1 163.9  23.1 206.3  12.7 206.4  26.1  27.7 306.0 351.6 358.2 337.7 358.1   5.2  71.9  42.1
 wrfout_d04_2016-05-17_21:00:00 999.0  43.0  76.5 217.8  57.5  14.1  79.6  67.5  71.1  60.1 334.6 302.8 999.0   4.1  51.3 298.6 197.3  22.0 211.3  10.3 218.0  25.1  25.6  32.5  12.4  13.5 349.3 351.2   3.1  81.4  25.2
 wrfout_d04_2016-05-17_22:00:00 999.0  43.5  79.7 305.1  57.6  28.5 102.3  66.6  97.6  45.5 275.8 292.1 999.0  16.9 352.4 304.1 156.2  25.8 213.9  14.2 227.8  16.7  15.2  49.4 356.4   3.7 344.7 353.7   9.3  80.8  11.8
 wrfout_d04_2016-05-17_23:00:00 999.0  39.4  62.2 351.6  53.1  17.8  82.1  52.3  76.4  36.8 305.9 300.2 999.0  14.9 340.2   7.0 338.5  20.9 220.7  11.9 239.5  16.3  24.3  34.5   9.5  13.3  32.2   4.1  26.6  82.2 341.4
