 wrfout_d04_2016-03-17_00:00:00 999.0 103.4  93.7 280.1  64.9  55.2  93.4  46.8 116.6  35.2 271.9  37.1 999.0 347.6  72.8 215.7 289.3  22.7 227.5  14.5 283.6  24.2  18.6  56.3 134.9 123.2  22.2   2.1  30.6 105.0  90.3
 wrfout_d04_2016-03-17_01:00:00 999.0 169.9 130.3 311.4 123.2  29.5  71.0  30.6  66.3   2.4 177.8  97.4 999.0 348.7 142.9 177.1 225.0  46.0 180.0 257.7 287.4  21.9  28.9  73.5 346.6 330.5  54.3  17.5  63.4 106.6  91.7
 wrfout_d04_2016-03-17_02:00:00 999.0 171.9 210.4 316.4 217.3  28.1 115.4   9.0 223.4 342.3  80.2 120.8 999.0   7.1 213.7 138.7 216.6  14.1 246.2 228.8 285.5  29.1  54.3 120.1  29.6  23.2  80.8 301.2  73.9 110.3  89.1
 wrfout_d04_2016-03-17_03:00:00 999.0 183.5 218.7 338.2 219.3 357.2 173.3  20.5 207.8 295.7  91.1 124.4 999.0 316.9 205.1 147.0 254.0  24.0 247.0 255.9 287.2  37.2 348.4 122.3 274.6 273.6 127.7 274.5  94.4 103.9  93.8
 wrfout_d04_2016-03-17_04:00:00 999.0 131.7 212.9 279.6 207.6   6.6 225.5  17.2 325.7 321.4 106.2 110.3 999.0 332.0 196.9 146.9 246.2  59.5 252.4 254.1 279.9  68.9 315.2 138.4 272.4 259.1 139.3 268.0 105.3 112.3  93.8
 wrfout_d04_2016-03-17_05:00:00 999.0 127.3 235.5 297.5 225.4 334.9  36.5 352.5 190.5 314.2 109.7 127.4 999.0 325.3 200.0 135.2 235.7   4.4 249.2 245.3 291.0  83.0 317.8 147.2 253.6 252.4 142.0 263.5 128.4 114.0  96.2
 wrfout_d04_2016-03-17_06:00:00 999.0 111.1 234.9 305.2 214.7 355.8 355.1 358.9  52.0 319.1  94.9 138.1 999.0 327.2 210.3 137.6 249.4 339.0 245.3 260.7 287.4 178.8 292.8 160.9 251.4 253.7 154.1 255.2 133.3 115.4  99.0
 wrfout_d04_2016-03-17_07:00:00 999.0 117.3 230.6 310.4 236.3 351.0 329.7   3.9 348.4 311.2  69.3 146.1 999.0 324.1 235.5 123.1 248.1 239.0 245.3 252.6 276.6 132.6 275.5 194.0 256.2 257.1 163.7 244.6 126.2 118.4 104.3
 wrfout_d04_2016-03-17_08:00:00 999.0 141.7 200.7 283.2 218.6 330.4 328.0 359.6 342.7 285.4  55.9 157.8 999.0 339.6 249.2 179.9 241.9 290.3 239.4 253.7 270.7 174.2 279.2 210.6 252.7 252.3 168.6 233.0 132.6 115.5 104.1
 wrfout_d04_2016-03-17_09:00:00 999.0 146.6 226.7 323.4 220.3 253.9  24.1 337.1 324.8 301.8  43.1 159.2 999.0 351.7 278.5 189.6 239.0 337.2 231.4 267.8 262.8 262.3 271.6 207.3 255.1 255.8 177.0 236.5 140.7 115.0 102.8
 wrfout_d04_2016-03-17_10:00:00 999.0 154.1 169.9 281.9 172.8 341.2 329.7 331.4 263.7 301.1  24.7 123.7 999.0 350.0 317.9 191.6 226.2   3.6 223.6 276.0 251.9 278.4 276.9 218.1 268.0 265.3 207.3 230.7 244.4 113.5  96.1
 wrfout_d04_2016-03-17_11:00:00 999.0 165.0 172.8 331.1 154.6  84.9 315.7 195.3 129.7 319.7  15.4  12.5 999.0 352.9 324.7 192.6 208.2 359.8 187.5 284.5 253.0 287.3 277.5 233.8 278.8 269.2 221.8 174.1 312.0 112.5  91.4
 wrfout_d04_2016-03-17_12:00:00 999.0 172.2 173.3 303.2 131.5 186.8 322.6 323.2 239.8 162.6 355.4  15.7 999.0 358.1 312.8 189.7 179.1  25.2 190.6 289.0 251.2 300.1 255.6 236.7 316.7 298.6 252.2 154.6 287.2 116.4  86.4
 wrfout_d04_2016-03-17_13:00:00 999.0 159.5 186.2 320.7 115.1 330.2 326.6 175.5 323.2 326.3 290.7  31.4 999.0 356.9 231.3 189.6 153.1  60.8 194.7 308.0 248.6 196.0 231.8 234.0   9.1  16.9 257.6 156.9 287.5 119.8  90.0
 wrfout_d04_2016-03-17_14:00:00 999.0 174.8 227.5 329.4 327.5 122.5 254.4 134.2 202.2 149.5 304.8 121.3 999.0 323.0 201.1 199.9 181.6  69.0 198.6 350.5 249.4 170.3 177.3 246.9  38.4  23.9 267.1 159.3 299.0 123.2  92.0
 wrfout_d04_2016-03-17_15:00:00 999.0 196.9 217.0 329.0 280.6 201.7 222.6 198.1 239.3 137.8  18.8   6.4 999.0 344.1 185.5 212.3 156.4  68.9 200.3   3.2 250.4 165.6 114.9 253.9  54.5  44.9 294.0 162.4 296.0 125.5  92.3
 wrfout_d04_2016-03-17_16:00:00 999.0 205.5 233.9  86.7 330.7 209.8 335.2 177.2 214.5 342.6  28.5 346.5 999.0  31.5 180.9 210.5 156.4 105.0 200.6  41.9 250.2 177.5  80.5 257.5  52.9  58.1 302.1 162.9 286.4 128.9  97.9
 wrfout_d04_2016-03-17_17:00:00 999.0 236.7 224.0  22.3 335.6 221.6 264.4 149.4 154.8 113.1   4.2   5.3 999.0 346.2 163.4 209.6 176.8  86.6 201.9  99.5 251.8 171.0  80.2 247.7  70.0  56.6 289.2 156.6 284.4 134.0 109.8
 wrfout_d04_2016-03-17_18:00:00 999.0 263.6 236.9 187.0 314.3 240.2 324.8 160.1 222.3  95.9  91.9   6.7 999.0 317.2 155.4 217.1 169.8 157.2 203.1 271.8 250.8 185.8  97.0 252.9  99.1 109.8 240.5 155.6 274.7 129.2 107.0
 wrfout_d04_2016-03-17_19:00:00 999.0 223.2 258.9 142.2 312.8 224.8 290.5 149.6 268.3 127.0 206.1  42.0 999.0 284.7 108.4 229.3 174.8 196.9 200.2 341.2 250.8 193.0  59.8 255.3  45.1  49.7 231.9 145.8 287.6 133.6 103.5
 wrfout_d04_2016-03-17_20:00:00 999.0 221.2 242.6 152.5 279.4 190.0 255.7 176.3 276.7 120.6 226.8 347.7 999.0 351.0 136.6 233.8 196.8 204.1 194.1 172.0 253.2 177.0  67.1 251.6 100.9 100.7 220.5 147.2 281.5 135.3  99.5
 wrfout_d04_2016-03-17_21:00:00 999.0 262.3 243.4 154.7 281.4 214.2 334.4 157.6 288.0  88.8 237.9 341.6 999.0  29.0 322.4 250.3 197.6 248.7 197.4 135.4 257.5 179.2 140.2 248.6  85.8  66.8 228.6 151.6 283.9 136.5  99.5
 wrfout_d04_2016-03-17_22:00:00 999.0 242.6 238.1  96.8 283.7 245.0 107.5 174.6 201.2 141.3 249.8 279.9 999.0 284.4 128.4 245.0 239.6 299.9 194.3  72.0 254.1 173.6 114.6 252.8  86.2  69.7 251.8 152.8 282.7 135.1 102.2
 wrfout_d04_2016-03-17_23:00:00 999.0 217.7 232.6 143.7 262.5 244.4 175.4 166.5 326.1 128.0 225.5   9.3 999.0 137.7 135.6 236.3 249.5 220.1 210.3 121.0 252.0 165.7 103.3 246.3  82.6  86.1 206.2 155.7 281.0 132.6  98.3
