 wrfout_d04_2016-06-27_00:00:00 999.0 187.9 201.6 166.8 199.5 121.7 102.3 259.0  76.1 194.5  96.1 174.2 999.0 245.4 180.0 197.2   2.2 214.1 211.3 336.7 159.9 186.6  26.2 218.3  24.5  16.7 229.1 215.7  44.0  95.9  87.0
 wrfout_d04_2016-06-27_01:00:00 999.0 183.3 233.5 219.5 205.6  47.1  97.5 276.9  66.6 236.7  73.2 171.2 999.0 268.7 280.0 181.4 348.3 218.2 208.3 335.3 160.9 187.0 340.8 187.7   0.3 347.6 156.6 219.8  52.5  89.3  91.5
 wrfout_d04_2016-06-27_02:00:00 999.0 176.4 256.0 319.5 212.2  19.3  49.9 274.3  69.4 284.0  95.3 169.2 999.0 286.5 314.0 172.0 305.0 220.1 218.9 338.6 166.3 185.6 334.0 181.1 349.9 309.7 149.5 221.9  64.4  90.9  93.5
 wrfout_d04_2016-06-27_03:00:00 999.0 166.3 303.0 324.2 215.3  23.5  61.6 275.4  57.7 284.6 109.6 167.7 999.0 306.5 312.9 169.5 289.8 221.2 243.2 331.5 187.4 177.3 320.8 182.3 350.6 278.2 151.1 223.6  69.5  90.9  94.5
 wrfout_d04_2016-06-27_04:00:00 999.0 160.6  57.9 320.4 204.0  56.5  75.6 284.7  93.1 290.4 116.2 168.9 999.0 298.6 302.0 168.9 271.2 219.9 261.3 325.3 212.1 189.1 325.2 182.2 317.9 269.1 152.8 178.8  59.1  91.4  94.1
 wrfout_d04_2016-06-27_05:00:00 999.0 159.7  15.7 318.1 250.9 142.6   6.6 297.4  25.0 294.5 117.7 170.9 999.0 304.0 299.4 169.6 278.0 222.9 270.2 310.6 226.3 169.5 320.1 181.6 288.9 262.6 160.0 162.4  57.4  94.3  95.4
 wrfout_d04_2016-06-27_06:00:00 999.0 164.7  11.1 324.6  30.4 148.6 323.2 300.8 349.4 298.5 118.4 171.6 999.0 313.0 305.3 169.8 304.6 219.5 278.2 304.6 232.2 145.0 306.8 189.6 284.0 264.1 167.5 158.8  56.8 101.1  97.1
 wrfout_d04_2016-06-27_07:00:00 999.0 164.1 357.3 325.2   1.6  41.5 318.2 302.9 344.8 297.1 117.9 172.4 999.0 315.6 313.8 173.3 327.1 210.2 264.2 296.6 210.0 145.7 313.2 190.9 299.9 290.1 172.3 156.5  46.5 121.4  96.8
 wrfout_d04_2016-06-27_08:00:00 999.0 160.7 340.4 324.4 338.5 359.6 314.4 296.3 341.4 291.9 113.7 174.2 999.0 320.2 327.6 175.9 330.1 207.3 231.0 311.6 164.1  92.1 344.0 197.3 331.2 306.7 174.1 155.4  41.2 126.0  97.9
 wrfout_d04_2016-06-27_09:00:00 999.0 157.9 313.5 311.9 307.2   2.7 311.3 246.5 318.0 295.1 104.5 176.3 999.0 325.4 327.7 179.7 287.9 206.7 220.6 332.4 156.6  77.5 359.5 205.7 347.1 303.4 184.1 154.2  48.7 136.0  98.2
 wrfout_d04_2016-06-27_10:00:00 999.0 163.9 292.6 320.8 313.1   6.1 317.0 266.6 314.0 286.0  91.9 177.2 999.0 329.3 331.7 186.4 173.2 222.2  75.3 338.4 143.0  48.4  18.6 221.3 356.9 329.1 165.7 149.0  40.7 150.2 103.0
 wrfout_d04_2016-06-27_11:00:00 999.0 176.9 218.8 325.4 320.5  79.3 320.4 186.1 303.7 259.8  42.0 175.8 999.0 337.4 339.5 195.4  66.4 208.6  64.4   0.2 156.6  63.0  27.9 230.1   0.5   8.1 165.7 149.1  27.5 143.8 102.5
 wrfout_d04_2016-06-27_12:00:00 999.0 184.7 228.3 355.3 306.1  61.9 337.6 245.8 358.6 294.2  80.5 172.9 999.0 345.4 350.7 198.7   2.6 146.7 215.2   0.8 157.5  69.5  24.5 244.3 353.2  10.0 252.4 154.0  14.8 145.8 105.7
 wrfout_d04_2016-06-27_13:00:00 999.0 191.1  46.6 336.6  40.7  69.9  16.3 258.8  72.3 241.0  71.4 173.4 999.0 352.0 359.7 203.5 199.2 119.0 202.3   2.7 157.1  85.1  29.5 253.7 344.1   8.4 292.0 149.8  15.7 141.4 106.4
 wrfout_d04_2016-06-27_14:00:00 999.0 195.8 152.6  66.9  70.5  15.0  66.4 145.6  73.3 184.9  65.0 169.1 999.0 343.0 354.4 202.6 182.9 111.3 193.1   8.8 157.6 129.6  29.3 246.4 327.5 353.4 297.7 153.9  12.5 138.5 106.2
 wrfout_d04_2016-06-27_15:00:00 999.0 187.6 104.4 347.6  38.0   5.8  68.0 266.1  66.1 264.0   0.5 171.7 999.0  12.7  31.9 205.7 138.1 129.6 187.7  14.4 157.2 143.6  30.9 248.7 359.1 333.8 253.5 156.4   9.5 137.6 107.3
 wrfout_d04_2016-06-27_16:00:00 999.0 187.2  79.1 306.3  34.8 347.6  75.6 166.5  53.6 238.5  24.5 168.2 999.0  30.8 108.4 207.5 182.9 148.3 184.0  29.6 157.0 149.5 158.1 243.0 337.3 287.3 291.9 156.5   5.9 137.4 103.6
 wrfout_d04_2016-06-27_17:00:00 999.0 180.0  81.7 316.1  29.7 344.6  54.6 197.0  16.2 227.2   5.8 166.2 999.0 225.3 175.8 204.2 180.9 153.4 179.0 347.4 157.0 158.7 112.9 241.9   0.4 355.8 275.6 153.2   3.3 138.2  99.2
 wrfout_d04_2016-06-27_18:00:00 999.0 171.6 230.9 312.3   8.1 331.7 350.0 203.0 203.5 264.8   5.7 166.9 999.0 223.8 161.6 203.4 182.7 161.7 183.2 128.8 155.8 159.7 172.2 241.5  33.4  45.4 284.9 149.2   4.4 138.1  96.7
 wrfout_d04_2016-06-27_19:00:00 999.0 161.7 269.1 312.2 348.0 256.5 305.5 146.5 222.4 128.2  10.4 167.2 999.0 216.2 179.0 204.9 194.5 167.6 183.5 227.4 154.9 162.6 165.7 246.2  78.4  85.8 279.5 146.9   8.2 134.6  98.1
 wrfout_d04_2016-06-27_20:00:00 999.0 157.8 280.1 340.7 338.6 226.7 292.8 153.1 234.9 129.2  15.6 169.3 999.0 220.8 182.6 202.5 211.7 169.6 185.0 272.2 153.1 166.0 134.5 246.7  81.8 110.4 283.5 144.0   2.9 135.4 102.8
 wrfout_d04_2016-06-27_21:00:00 999.0 163.2 271.0 345.9 323.9 220.5 290.8 139.9 207.2 121.7  25.0 168.9 999.0 193.6 173.4 202.7 206.7 172.9 184.3 198.4 151.7 169.1 169.0 248.6 129.0 171.7 279.2 145.1 359.5 138.6 104.0
 wrfout_d04_2016-06-27_22:00:00 999.0 181.5 242.1 358.3 311.6 221.6 323.5 127.4 164.3 121.7  15.8 170.3 999.0 103.9 124.1 203.0  33.6 177.1 185.8 116.5 151.7 171.9 175.4 243.3 183.2 177.6 270.1 147.2  14.7 140.0 105.0
 wrfout_d04_2016-06-27_23:00:00 999.0 208.4 240.9 269.1 243.9 233.1  76.8 211.9 113.9 151.0  25.0 171.1 999.0 174.4 145.7 205.2  24.0 179.1 200.7 212.3 153.4 172.8 178.0 227.6 183.9 177.9 240.3 148.1  45.3 142.0 107.3
