 wrfout_d04_2016-09-17_00:00:00 999.0  52.3  53.0 357.3  49.1  42.1  10.3   5.2  28.6 353.4  16.0 352.6 999.0 337.1 318.3  12.8 231.6 315.8 283.3 284.6 315.0 301.4 305.2 347.7 294.9 299.0 169.4 296.4 215.0 243.1 281.8
 wrfout_d04_2016-09-17_01:00:00 999.0  50.8  49.2   9.2  44.2  36.9   2.2  18.9  29.6  17.6   3.8 339.5 999.0 334.0 310.9 225.2 156.8 317.3 280.8 292.1 314.5 307.0 309.5 242.3 305.8 316.8 182.6 295.7 226.6 240.6 277.9
 wrfout_d04_2016-09-17_02:00:00 999.0  44.1  47.5   9.3  43.8  22.3 352.4  19.3  20.2  15.6 351.0 326.7 999.0 341.2 322.4 231.2 336.9 327.5 296.8 300.0 290.8 316.6 297.5 231.0 297.3 299.5 187.1 292.1 225.6 244.5 282.4
 wrfout_d04_2016-09-17_03:00:00 999.0  40.5  37.7   6.8  35.6   7.6 316.0  21.9 346.8 359.2 329.7 296.7 999.0 336.8 319.5 226.2 297.2 339.3 271.0 303.8 311.1 319.2 306.9 248.0 303.6 305.0 199.0 293.3 246.9 239.0 280.8
 wrfout_d04_2016-09-17_04:00:00 999.0  29.3  19.4   7.8  22.5 345.0 323.2  24.4 347.0  10.7 320.6 292.9 999.0 345.8 329.9 210.5 308.2 334.5 293.0 306.6 302.3 317.3 317.5  29.8 309.1 297.3 194.1 291.9 244.5 239.1 281.9
 wrfout_d04_2016-09-17_05:00:00 999.0  24.9 355.7 357.8   0.4 332.5 319.8  12.5 306.4   9.4 303.2 297.7 999.0 346.8 329.6 219.6 336.8 339.2 275.9 300.2 283.7 327.0 319.3 251.1 314.8 296.9 191.0 292.1 252.8 238.4 281.7
 wrfout_d04_2016-09-17_06:00:00 999.0  18.5 346.4 340.0 348.4 329.8 309.0 352.4 301.1 351.1 293.5 279.2 999.0 354.8 350.1 191.4 336.1 322.2 243.1 299.5 256.6 310.4 307.2 271.2 318.0 299.5 189.6 288.1 262.9 234.4 278.1
 wrfout_d04_2016-09-17_07:00:00 999.0  11.2 338.6 327.7 336.1 316.4 305.4 341.6 303.4 321.2 297.7 289.9 999.0 347.9 328.3  84.1 330.7 326.6 275.5 286.8 278.8 317.9 316.1 213.9 306.8 288.0 185.7 279.9 264.5 235.0 277.7
 wrfout_d04_2016-09-17_08:00:00 999.0 358.3 324.4 315.9 316.0 310.4 301.8 333.0 296.1 316.7 289.9 301.2 999.0 348.6 346.9  86.3  54.7 329.3 241.0 277.1 263.0 302.8 295.9  23.1 294.0 286.7 172.3 278.4 258.5 233.4 276.5
 wrfout_d04_2016-09-17_09:00:00 999.0 345.1 324.4 315.0 317.5 317.1 299.3 311.6 281.3 301.0 263.1 288.5 999.0 354.9 349.4 181.1 194.5 333.0  72.2 299.4 281.4 293.1 289.9  18.7 298.8 295.1 166.0 282.7 261.5 229.8 272.4
 wrfout_d04_2016-09-17_10:00:00 999.0 326.9 323.1 311.4 315.0 307.6 295.4 300.2 286.6 288.6 295.6 285.1 999.0  12.2 354.8 265.7  68.7 340.5 329.3 337.1 329.0 297.8 288.0 277.5 275.4 288.3 170.8 279.7 250.8 231.2 267.1
 wrfout_d04_2016-09-17_11:00:00 999.0 323.1 318.9 312.2 314.3 307.9 290.7 311.6 287.4 275.2 303.9 299.2 999.0 355.3 358.2  33.0 138.3  16.3 269.8 349.5 290.8 310.5 280.7  58.5 259.3 278.5 187.1 286.0 251.0 229.9 267.6
 wrfout_d04_2016-09-17_12:00:00 999.0 316.1 310.6 307.9 306.0 292.4 283.3 303.1 274.7 282.0 296.2 293.1 999.0  78.2 338.8  11.1 141.2  19.1 359.6 351.5 316.9 337.0 301.7 229.9 272.9 267.0 173.6 281.5 263.1 227.8 271.8
 wrfout_d04_2016-09-17_13:00:00 999.0 306.0 309.1 302.6 300.7 301.8 286.0 304.3 276.4 231.4 235.2 304.3 999.0   0.9 345.4  16.5 211.6  26.5  87.5  29.4 307.1   4.7 358.9 261.0  42.0 316.7 176.3 291.1 270.7 229.7 270.8
 wrfout_d04_2016-09-17_14:00:00 999.0 303.6 309.2 301.4 299.6 295.1 280.2 305.1 266.4 226.1 229.9 310.2 999.0 359.2 254.0  20.7 205.4  36.4  87.4 346.9 311.2  14.7  10.6  34.8 142.1  59.0 177.3 294.8 270.6 228.4 271.9
 wrfout_d04_2016-09-17_15:00:00 999.0 301.2 309.4 301.4 301.5 298.1 271.9 306.1 264.6 255.1 214.2 325.5 999.0 303.9 336.7  13.4 174.5  20.1  88.7 348.3 316.9  26.7  15.1  20.5 340.6 326.4 178.3 281.9 271.5 230.4 272.8
 wrfout_d04_2016-09-17_16:00:00 999.0 302.5 300.8 298.6 291.0 278.1 264.6 316.5 254.2 244.0 213.5 210.4 999.0 353.6 335.7  10.5 252.2  15.1  98.5 335.9 296.3  11.7   3.2  60.0 349.9 355.1 190.0 281.4 266.3 230.7 268.0
 wrfout_d04_2016-09-17_17:00:00 999.0 297.6 296.2 297.0 286.5 281.8 285.4 315.1 274.3 226.7 218.8 152.1 999.0   8.1 147.1   9.7 151.0 359.9  97.4  20.9 297.1  15.4  17.4  40.8   6.5   9.0 170.5 330.8 275.2 229.7 268.5
 wrfout_d04_2016-09-17_18:00:00 999.0 294.1 293.2 299.0 287.3 273.2 272.6 320.3 261.4 231.6 223.3 164.7 999.0  23.9 339.5   9.1 226.3  18.4  86.2  52.3 290.1  24.2  33.5  34.4   6.3 359.9  84.8 356.1 272.1 231.7 264.1
 wrfout_d04_2016-09-17_19:00:00 999.0 287.4 288.5 301.0 292.5 255.0 265.2 314.2 243.1 218.6 229.3 158.4 999.0   8.5 130.5  16.8 211.8  23.1 108.8  26.1 282.0   7.0  29.7  52.4 329.1 342.4  69.4 356.2 266.3 228.3 262.6
 wrfout_d04_2016-09-17_20:00:00 999.0 284.2 295.9 300.4 294.9 243.7 272.3 298.7 260.8 195.3 198.8 164.3 999.0   3.3  50.9  24.0 245.4  25.4 124.2   3.0 269.5   9.3  21.0  75.8  19.2  26.6  48.5 341.7 275.7 229.1 263.4
 wrfout_d04_2016-09-17_21:00:00 999.0 283.4 295.0 308.5 292.9 273.8 260.7 281.1 232.2 184.4 185.9 192.6 999.0  86.2 287.8  13.5  87.4  18.2 132.9 284.3 254.8   7.0  60.8 190.5 289.2 323.7  34.3 327.8 291.3 232.9 263.4
 wrfout_d04_2016-09-17_22:00:00 999.0 286.0 297.2 316.6 302.1 261.5 264.5 242.4 242.2 103.3 206.0 204.1 999.0  38.5  33.9   6.6 323.5  23.6 121.7 351.4 271.6  13.7  13.2 258.2 324.6 343.2  22.8 349.5 270.2 226.9 265.4
 wrfout_d04_2016-09-17_23:00:00 999.0 284.0 297.7 314.7 296.0 233.1 274.7 205.0 249.6 182.1 238.8 203.9 999.0  18.6  12.2   9.0 324.8  26.6 149.4  37.1 281.0  21.1  24.0 233.6 356.6   6.0  16.9   5.4 329.1 233.9 268.3
