 wrfout_d04_2016-12-18_00:00:00 999.0 148.1 142.6 124.8 118.2 116.9  68.0 145.9  24.7  97.4 325.4 285.1 999.0 109.2  78.7 271.6   2.4 359.8 221.1  20.5 252.5 358.7  37.8  15.0  33.3  31.9 348.5  15.2   8.3  29.4  54.1
 wrfout_d04_2016-12-18_01:00:00 999.0 134.3 144.9 133.3 130.8 122.3  84.6 231.8  39.1 154.3 301.9 173.2 999.0 331.6  16.1 231.3 348.5   5.7 225.3 354.6 262.4 357.7  24.8  26.5  14.5   9.5   4.8  11.6  30.4  30.9  53.7
 wrfout_d04_2016-12-18_02:00:00 999.0 125.1 141.8 137.2 136.8 131.8 119.1 292.5 358.1 287.4 112.0 162.6 999.0 329.0 343.2 138.1 343.0   6.1 238.4 358.4 270.0   4.2   8.2  39.1   0.6 359.4  32.7   1.0  36.3  32.3  53.7
 wrfout_d04_2016-12-18_03:00:00 999.0 109.5 133.2 132.5 131.8 135.7 113.6 312.4 282.1 332.3  95.6 148.0 999.0 335.4 348.9 116.9 344.3   3.1 263.7 357.5 279.3  11.8 358.9  50.4 357.7 357.3  47.4 354.1  42.5  36.5  53.2
 wrfout_d04_2016-12-18_04:00:00 999.0  98.7 133.4 314.1 135.3 128.6 102.1 336.6  95.7 340.2  96.5 139.0 999.0 343.9 346.0 105.9 333.5   4.1 329.2 355.7 291.3   9.2 352.9  45.5 355.0 353.8  57.5 342.4  43.2  46.3  55.3
 wrfout_d04_2016-12-18_05:00:00 999.0 103.5 122.8 297.1 129.8 124.8 106.4 341.9  89.5 340.5  94.7 132.2 999.0 348.9 344.1  87.9 341.3   5.7  30.8 353.3 300.1  10.3 349.4  43.7 352.6 350.6  62.6 330.2  47.4  43.3  55.7
 wrfout_d04_2016-12-18_06:00:00 999.0 115.3 130.3 291.0 133.8 127.3 112.4 358.3 109.6 345.8  97.7 135.1 999.0 349.2 348.1  91.7 340.0  11.3  41.0 350.9 309.2  11.9 343.9  40.3 342.9 345.1  51.5 319.4  47.1  37.6  54.6
 wrfout_d04_2016-12-18_07:00:00 999.0 116.9 129.8 140.0 129.7 127.3 115.4 352.8 111.0 348.1 103.6 142.8 999.0 356.7 349.7  96.8 329.8  11.8  52.0 343.4 317.4   9.3 345.4  45.4 339.3 341.6  51.1 331.1  39.6  34.8  55.4
 wrfout_d04_2016-12-18_08:00:00 999.0 114.2 120.3 127.0 114.7 122.5 110.5 349.8 101.4 337.4 116.9 154.2 999.0   2.0 352.7  88.6 317.4  12.5  59.9 341.4 327.8   6.4 349.5  35.6 337.1 339.2  48.3 339.6  36.6  38.1  56.9
 wrfout_d04_2016-12-18_09:00:00 999.0 113.4 106.9 122.9  84.1  92.5  85.7 329.9  64.2 332.7 123.8 166.5 999.0   4.9 350.6  74.7 177.0  12.4  97.0 336.2 214.6   9.2 351.4  22.9 335.1 338.1  42.1   6.6  27.3  43.6  57.6
 wrfout_d04_2016-12-18_10:00:00 999.0 114.1 101.6 119.6  78.6  78.5  77.0 342.3  62.5 281.3 133.2 179.7 999.0   9.7 356.8  15.5 159.2  15.4 165.8 345.7 224.3  12.0 356.9 358.0 337.3 348.7   8.3  70.7 354.2  43.4  58.0
 wrfout_d04_2016-12-18_11:00:00 999.0 113.6 104.4 117.7  83.1  80.2  71.9 127.9  64.7 159.9 140.1 186.6 999.0  17.6 357.7 290.1 178.8  18.6 196.6 356.2 222.1  16.0  10.3   3.6 359.2 358.3 345.1  86.9 352.3  40.9  56.7
 wrfout_d04_2016-12-18_12:00:00 999.0 116.9 108.2 117.6  87.0  80.5  70.9 161.5  59.6 149.8 321.9 194.4 999.0  16.2 357.5 283.5 184.2  22.6 200.3   2.7 201.1  17.5  30.8   0.4   3.5   8.4 347.9  53.1 352.2  36.6  55.7
 wrfout_d04_2016-12-18_13:00:00 999.0 118.8 113.2 119.6  91.2  75.9  69.8 162.6  53.0  99.0 327.0 188.6 999.0  19.8 359.1 279.4 164.7  24.8 208.9   1.3 197.1  20.0  31.5 359.8   2.5   8.2 351.2  22.8 348.3  41.0  57.2
 wrfout_d04_2016-12-18_14:00:00 999.0 117.8 117.5 121.9  93.9  66.2  70.9 166.7  49.4  81.4 337.9 197.8 999.0  22.0   6.4 271.3 150.1  28.1 201.1   4.9 181.2  25.3  23.0 353.2   4.2  10.4 352.2  10.3 351.8  34.3  59.6
 wrfout_d04_2016-12-18_15:00:00 999.0 114.0 117.5 121.3  92.3  63.0  68.2 176.2  46.9  88.4 352.5  96.3 999.0 355.6 148.5 130.3 159.5  25.6 203.9   7.2 174.3  27.2  22.5 342.5   1.9   4.4 347.6   1.2 350.0  51.9  56.9
 wrfout_d04_2016-12-18_16:00:00 999.0 119.6 114.7 121.2  90.2  76.4  72.3 174.6  52.9  50.0 351.2  34.4 999.0 285.3 161.7 210.5 155.0  26.5 207.2   6.4 175.9  25.2  24.7 338.8   3.2   9.7 346.0 353.8 345.6  56.7  55.1
 wrfout_d04_2016-12-18_17:00:00 999.0 106.3 113.9 121.2  88.0  59.0  70.8 167.2  63.6 114.8 354.5 348.3 999.0 261.8 166.7 201.4 161.6  20.5 198.1  10.6 175.6  18.5  30.3 348.3   4.9   9.5 352.3   4.0 348.5  48.9  52.9
 wrfout_d04_2016-12-18_18:00:00 999.0  92.7 108.5 119.9  87.1  67.7  73.5 164.5  78.8 114.1 359.5 318.3 999.0 198.0 252.1 193.7 162.8  14.8 205.5   5.7 188.9  17.7  24.7 353.0 353.1   3.2 359.8   0.1 354.4  45.0  56.1
 wrfout_d04_2016-12-18_19:00:00 999.0 101.0 114.9 125.5  93.5 111.2  88.0 157.9 153.5 110.2 354.1  80.9 999.0 123.8 150.1 259.5 158.6   8.5 192.1  25.3 175.6  13.6  22.6 356.9   0.9   6.1 341.0 358.5 354.3  52.3  52.8
 wrfout_d04_2016-12-18_20:00:00 999.0 105.4 116.3 130.6  93.6  55.2  86.8 170.3 194.1 102.7  29.7 317.4 999.0 134.7 185.3 286.2 164.1   4.7 192.9   7.5 166.4  11.6  28.0  19.0  12.8  15.6 348.3   5.7 357.0  44.5  52.0
 wrfout_d04_2016-12-18_21:00:00 999.0 101.0 115.7 125.7  95.3  96.5  91.7 170.6 205.9 122.9 354.3  16.0 999.0 149.4 302.2 286.9 152.2   7.6 195.6  14.9 161.2   8.6  36.6  10.9  12.2  17.4 357.2 347.6 357.0  49.2  48.5
 wrfout_d04_2016-12-18_22:00:00 999.0 106.7 116.6 128.8  95.1  81.2 104.0 162.2 217.8 103.6 347.6 339.4 999.0 122.1 263.5 284.3 155.3   7.3 194.7   9.0 163.9   9.5  37.1  24.3  19.8  24.8 359.6   7.5 354.0  44.3  48.7
 wrfout_d04_2016-12-18_23:00:00 999.0 106.9 129.8 130.1 106.4  65.8 155.3 150.3 226.9 108.2 334.2 258.9 999.0 106.8 213.8 285.4 158.3   8.3 197.3   1.1 168.5 359.8  35.7  31.4   7.9  15.7 358.6  10.5   0.1  47.5  49.3
