 wrfout_d04_2016-04-09_00:00:00 999.0 319.9 247.5 322.4 253.7 315.4 278.2  12.9 257.3 299.2 122.4  63.6 999.0 354.4 245.3  28.8 349.8  10.5 227.4 347.8 260.2 316.3   1.5 166.9 345.8 348.3 158.8 302.1 104.6 229.0 295.4
 wrfout_d04_2016-04-09_01:00:00 999.0 343.5 250.9 316.8 253.7 357.8 315.1  14.7 298.9 297.2  99.4  66.8 999.0 346.6 212.0  33.9 310.7 349.9 233.1 286.2 265.0  19.6   5.7  82.0  11.4   9.9 136.7 264.5  84.7 221.5 277.5
 wrfout_d04_2016-04-09_02:00:00 999.0 331.8 247.7 325.1 253.3  11.2 308.7  17.2 265.5 294.6  90.7  69.6 999.0 333.5 233.0  44.2 265.6 342.9 235.4 257.2 266.9  23.2 328.3  64.2 290.8 267.0 130.3 255.7  96.9 218.6 273.8
 wrfout_d04_2016-04-09_03:00:00 999.0 329.8 249.3 317.4 254.8   9.5 284.3   9.6 265.4 296.4 100.9  76.3 999.0 326.4 241.4  55.0 253.9 343.9 237.1 249.8 268.9   9.9 325.5  76.4 264.0 250.9  98.3 254.2  80.2 216.3 277.3
 wrfout_d04_2016-04-09_04:00:00 999.0 331.2 250.3 313.2 255.1  19.6 294.7 355.0 268.7 294.6 108.0  76.7 999.0 322.6 265.2  45.6 252.2 344.4 238.7 251.8 269.5 357.8 327.3  61.6 256.1 249.5  74.2 256.6  70.6 214.7 280.0
 wrfout_d04_2016-04-09_05:00:00 999.0 331.0 247.0 307.3 255.1  20.4 285.5 353.3 262.2 293.6 111.5  79.7 999.0 323.7 274.8  51.1 247.7 337.9 242.3 260.1 272.2 346.1 329.5  41.0 254.6 249.0  71.5 261.0  66.3 213.6 281.4
 wrfout_d04_2016-04-09_06:00:00 999.0 343.2 244.5 310.0 251.8  19.4 295.1 356.4 274.3 293.6 102.7  79.8 999.0 320.6 269.8  49.5 240.5 336.0 242.2 261.4 273.2 354.3 328.2  61.3 255.3 249.7  61.5 266.8  62.2 211.7 281.3
 wrfout_d04_2016-04-09_07:00:00 999.0 343.9 239.4 325.3 244.2  12.0 324.5 353.0 286.8 287.9  92.7  73.4 999.0 313.4 269.8  55.3 236.4 336.6 241.8 261.2 270.3  14.9 326.3  46.5 259.8 254.8  60.7 272.7  56.4 210.3 282.8
 wrfout_d04_2016-04-09_08:00:00 999.0 349.2 221.6 315.7 227.2  25.6 327.1 359.2 333.0 284.7  95.5  62.4 999.0 315.7 275.6  31.4 241.8 335.6 240.4 264.5 266.4  18.5 325.6  41.3 268.6 261.4  58.9 276.4  56.1 211.9 284.3
 wrfout_d04_2016-04-09_09:00:00 999.0 344.5 227.3 328.5 232.1  23.9 336.2 359.5  26.9 288.8  90.7  69.6 999.0 319.9 272.6  37.7 239.9 347.5 234.1 276.5 263.3  15.2 326.5  44.1 283.9 278.3  59.5 281.8  57.5 215.3 290.0
 wrfout_d04_2016-04-09_10:00:00 999.0   0.0 199.1 308.5 191.3  56.7 335.0   7.1  35.0 294.0  79.0  69.2 999.0 310.0 255.4  38.2 233.7   8.8 217.3 276.3 255.4  25.7 331.2  34.9 301.9 295.9  51.2 290.3  54.9 223.7 302.8
 wrfout_d04_2016-04-09_11:00:00 999.0   4.3 214.6 311.2 223.4  13.7 323.7  12.5  42.2 300.0  52.1  67.9 999.0 256.8 222.2 338.1 225.1  91.9 204.1 280.4 255.2  57.5 348.1  19.3 322.7 309.6  42.0 297.2  14.0 227.2 306.4
 wrfout_d04_2016-04-09_12:00:00 999.0 349.9 219.2 315.2 235.2  12.3 330.8  16.9  36.5 303.8  97.6  65.8 999.0 218.9 193.5  36.2  49.3 170.7 202.4 264.1 253.8  97.7   7.3  17.5 343.1 333.2  27.9 304.9 236.2 227.9 307.7
 wrfout_d04_2016-04-09_13:00:00 999.0  56.9 215.2 207.7 231.9  96.4 318.4 348.2 100.2 272.4 109.7  65.6 999.0 226.9 199.2 341.1  16.4 147.8 207.1 245.8 255.0 139.4  37.7  10.2 341.1 289.8 353.8 304.4 289.4 229.4 308.4
 wrfout_d04_2016-04-09_14:00:00 999.0 158.0 226.0 318.7 252.8  14.6 308.8 342.5 359.1 303.7  35.9  65.9 999.0 217.6 215.8 309.5  47.7 149.0 208.5 244.9 256.6 151.5  51.6 359.1 315.9 260.8 292.1 296.8 351.6 226.9 306.1
 wrfout_d04_2016-04-09_15:00:00 999.0 308.4 243.6 334.4 271.4  19.8 282.7 340.1 138.7 327.9   3.6  59.8 999.0 210.1 197.1 221.0  42.7 153.1 212.0 232.6 259.0 154.8 198.9 341.7 306.1 241.3 252.8 286.7  22.9 223.2 300.9
 wrfout_d04_2016-04-09_16:00:00 999.0 235.8 234.4 354.1 262.7  12.1 291.3  11.8 134.1  54.1 356.4  14.5 999.0 217.8 168.5  13.6  38.2 163.8 214.9 224.4 262.1 152.1 206.2 345.4 103.4 208.8 196.3 280.5  36.1 220.2 296.6
 wrfout_d04_2016-04-09_17:00:00 999.0 164.2 240.4 328.7 264.5 346.3 291.4  83.9   0.0 335.8 350.1 345.6 999.0 253.4 169.0  27.3  23.1 167.9 215.4 215.1 264.0 162.1 169.7 256.2 133.5 218.1 268.5 274.2  37.3 217.1 287.4
 wrfout_d04_2016-04-09_18:00:00 999.0 265.8 245.1 325.7 262.2 335.2 309.2 359.9 349.8 322.3 349.2 354.2 999.0 267.4 162.6  58.4  23.5 162.3 217.2 230.0 266.1 169.4 131.0 240.8 180.0 219.1 272.4 265.9  38.1 213.8 279.8
 wrfout_d04_2016-04-09_19:00:00 999.0 298.0 253.9 104.7 270.9 299.5 286.8 122.7  98.1 327.3  31.6 356.4 999.0 242.4 171.6  57.9  20.3 153.6 218.6 263.2 268.2 167.1 109.9 232.6  13.5 291.4 267.1 225.4  13.8 214.9 272.3
 wrfout_d04_2016-04-09_20:00:00 999.0 292.6 237.6 115.8 256.5 202.1 168.2 170.0 120.3 188.4 156.6 322.1 999.0 248.4 158.8 348.8  29.8 145.0 221.3 329.3 269.0 163.9  94.6 209.3  47.4  50.2  35.0 197.6 201.7 202.9 252.5
 wrfout_d04_2016-04-09_21:00:00 999.0 245.1 233.6 124.4 257.0 218.0  46.3 182.1 143.7 130.5 307.1  10.7 999.0 238.3 184.8   0.2  75.7 176.4 216.0 149.2 268.6 165.9 107.4  69.1 101.2 107.7  19.3 152.8 198.3 203.6 253.4
 wrfout_d04_2016-04-09_22:00:00 999.0 253.7 238.9 103.1 269.8 236.1 347.6  19.9  74.2 101.1 203.4  77.9 999.0 220.9 187.1   4.0  49.3 179.7 213.5 298.9 262.9 176.5 105.1  60.6 190.5 244.8 354.0 135.9 192.2 204.2 234.1
 wrfout_d04_2016-04-09_23:00:00 999.0 230.6 239.8 148.5 255.5 298.4 303.1  43.5 343.5 205.6 230.4  93.0 999.0 197.4 199.9  29.2 108.3 180.6 227.9 212.7 263.7 176.3 131.3  50.0 148.1 157.0  29.9 161.4 180.3 202.5 254.0
