 wrfout_d04_2016-12-12_00:00:00 999.0 153.7 166.7 131.2 143.1 198.3  97.8 142.0 318.4 113.5  14.6 161.4 999.0 207.6 176.1 225.1 350.5   6.0 219.9 329.3 246.3   9.0  70.6  12.0  34.4  21.2 359.9  14.0   9.9  71.6  58.0
 wrfout_d04_2016-12-12_01:00:00 999.0 155.9 172.4 143.6 158.5 188.4 202.8 198.0 236.7 176.8  56.9 168.3 999.0 229.5 205.1 221.1 340.2   9.4 226.4 345.0 248.6  12.1  42.8  45.9   5.5   2.7  10.3  10.7  27.4  71.6  59.8
 wrfout_d04_2016-12-12_02:00:00 999.0 151.1 175.3 159.8 170.6 172.1 242.8 228.0 234.4 219.1  87.6 170.6 999.0 262.6 237.4 204.8 331.5  14.0 236.4 345.1 250.5   5.3   2.7  58.6 355.1 354.6  48.7 349.8  48.5  75.1  65.7
 wrfout_d04_2016-12-12_03:00:00 999.0 174.0 191.1 272.5 191.6 182.3 259.4 248.8 246.7 252.9  97.0 162.5 999.0 293.7 269.0 176.5 336.3  15.2 237.9 342.5 252.9 359.3 346.7  69.1 344.5 347.7  83.4 330.8  56.6  80.4  65.1
 wrfout_d04_2016-12-12_04:00:00 999.0 188.4 261.3 303.5 223.0 188.4 251.3 246.6 234.7 257.4  99.3 161.6 999.0 322.6 298.1 143.1 312.2  14.5 240.6 340.9 255.2   0.9 346.8  77.9 338.0 340.1  85.2 321.8  57.8  76.9  67.0
 wrfout_d04_2016-12-12_05:00:00 999.0 181.4 288.9 308.5 264.6 342.1 250.9 255.1 206.7 257.6  94.4 160.2 999.0 345.4 311.5 142.9 298.9  10.7 244.3 341.0 257.1   4.1 345.8  77.9 335.0 336.1  77.2 324.5  59.4  72.1  62.7
 wrfout_d04_2016-12-12_06:00:00 999.0 173.6 291.8 314.1 270.3   3.0 324.4 272.3 317.9 273.7 106.3 163.8 999.0 351.3 325.5 131.9 298.9  14.5 249.9 339.1 257.8   1.2 344.3  65.0 330.2 332.5  51.2 325.5  58.4  66.4  63.7
 wrfout_d04_2016-12-12_07:00:00 999.0 175.4 267.7 309.8 262.0 358.3 325.1 275.0 331.9 289.2 111.6 172.0 999.0 357.2 341.4 138.6 311.1  13.9 291.5 339.5 255.5   4.2 344.8  32.2 336.0 338.3  48.8 324.6  54.5  71.7  64.2
 wrfout_d04_2016-12-12_08:00:00 999.0 183.7 243.6 309.9 263.3  11.0 325.8 302.6 327.3 299.3  97.6 178.6 999.0   0.4 349.0 145.7 325.1  14.6  58.4 338.5 253.1  11.5 350.1  27.6 333.5 339.7  38.3 325.0  45.5  69.9  60.9
 wrfout_d04_2016-12-12_09:00:00 999.0 190.0 194.5 312.4 282.9  12.7 328.6 348.3 322.4 316.5  82.7 180.8 999.0   8.9 355.4 191.4 309.9  20.4  95.4 341.1 246.8  13.5 354.1   4.9 330.4 340.3  34.0 326.2  29.2  65.5  60.8
 wrfout_d04_2016-12-12_10:00:00 999.0 204.3 184.8 315.3 129.8  14.3 314.3   4.0 304.5 332.6 357.9 203.2 999.0  10.4   0.6 246.9 116.0  21.8 174.2 344.0 245.1  20.8 359.0   2.5 342.0 348.6   8.0 348.9  13.5  65.8  65.4
 wrfout_d04_2016-12-12_11:00:00 999.0 289.0 181.7 301.2 157.2 200.2 294.0   0.2 269.2 352.0 357.4 293.1 999.0   4.0   6.1 246.7 124.6  23.9 197.5 349.4 244.3  24.9   9.5 347.0 350.0 357.0 358.7  32.4 341.8  66.7  57.6
 wrfout_d04_2016-12-12_12:00:00 999.0 281.7 196.2 323.4 265.0 212.9 284.9   7.5 241.0 352.4 257.3 315.1 999.0   1.8 356.0 245.4 115.6  29.0 201.3 356.8 244.8  26.1  19.6 347.5 358.7   7.1 329.1  29.9 339.7  64.9  57.1
 wrfout_d04_2016-12-12_13:00:00 999.0 286.2 229.4 355.9 309.1 228.5 273.7   9.9 218.1   3.2 304.8 303.6 999.0   7.1 347.8 252.9  94.7  34.1 202.6 356.3 244.8  30.1  20.8 355.3 357.2   4.2 340.7  26.2 341.7  63.5  54.0
 wrfout_d04_2016-12-12_14:00:00 999.0 300.7 269.5 357.3 326.5 247.9 262.0  19.1 183.8 138.5 292.8 296.2 999.0   8.4 357.2 248.5  86.2  41.5 204.5   1.2 244.9  31.2  16.8 345.7 357.9   3.5 340.0  15.2 340.6  70.6  56.7
 wrfout_d04_2016-12-12_15:00:00 999.0 313.4 294.5 357.0 340.0 246.6 223.2  18.0 198.9 119.2 294.3 305.7 999.0   8.8   6.2 259.8 109.8  40.6 203.5 358.9 244.3  31.0  20.6 334.8   3.0  10.3 334.9  10.7 336.5  65.2  52.8
 wrfout_d04_2016-12-12_16:00:00 999.0 312.1 311.0 353.2 352.0 221.8 212.4  29.5 206.9  47.1 325.9 283.3 999.0  10.9 355.1 261.2 131.4  33.4 204.7 352.2 244.0  31.6  19.8 333.0   7.6  10.7 340.2   9.1 342.2  61.0  55.1
 wrfout_d04_2016-12-12_17:00:00 999.0 312.1 314.4   8.7 358.6 224.2 208.6  43.1 212.6  46.4 330.6 302.4 999.0  10.3 344.9 242.9 125.3  34.5 206.1 353.4 243.8  28.6  25.5 336.4  11.3  14.6 345.7  11.2 339.8  47.0  49.4
 wrfout_d04_2016-12-12_18:00:00 999.0 315.7 314.5  25.6 353.9 223.9 195.4  46.5 202.6  42.7 266.8 291.5 999.0   7.2 345.6 250.8 131.5  36.8 206.8 357.9 243.6  21.8  32.7 315.4   2.8   8.5 333.7 354.0 335.4  43.9  49.1
 wrfout_d04_2016-12-12_19:00:00 999.0 327.7 320.3  53.9 348.5 227.6 173.7  50.1 193.5  31.3 238.9 275.5 999.0   3.6 343.4 278.7 140.3  33.9 214.5 353.6 243.8  21.2  36.5 318.2  12.7  15.1 343.3 355.4 344.3  40.7  43.7
 wrfout_d04_2016-12-12_20:00:00 999.0 339.1 331.5  81.9 347.4 223.3 106.1  68.4 184.2  39.2 258.1 254.2 999.0   4.3 344.1 329.0 147.8  29.5 213.8 352.7 245.3  22.9  24.5 321.8  26.4  23.4 346.3  15.9 346.2  35.1  23.4
 wrfout_d04_2016-12-12_21:00:00 999.0 344.5 336.9 114.2 346.7 216.7  51.9  89.0 177.3  52.7 270.6 252.4 999.0   4.3 344.4 317.8 148.9  24.4 214.7   1.3 245.2  22.7  22.5 324.3  17.8  15.4 344.1   1.7 346.1  40.1  17.4
 wrfout_d04_2016-12-12_22:00:00 999.0 352.8 344.5 133.3 351.0 218.2  49.4  93.2 161.4  65.0 277.8 241.6 999.0   4.0 338.6 312.5 148.2  22.1 219.0   0.0 246.2  18.1  27.4 326.6   5.8   9.7 343.3  16.3 344.7  41.9  30.8
 wrfout_d04_2016-12-12_23:00:00 999.0   3.6 347.5 148.8 352.4 214.1  61.6 112.4 161.6  87.7 284.8 216.8 999.0   8.3 341.3 316.3 153.8  22.4 221.4   5.9 246.1  18.6  31.3 327.0   9.9  12.4 336.9  13.3 354.0  33.8  28.8
