 wrfout_d04_2016-12-16_00:00:00 999.0  21.4  35.7  22.3  32.7  15.8 214.5  40.4 102.1  57.3 223.2 273.1 999.0  15.9   8.8  35.6 297.4  21.7 219.1   5.4 246.4  19.3  20.3  15.6   5.1   8.3   0.5 355.4  18.8  21.5  38.2
 wrfout_d04_2016-12-16_01:00:00 999.0  21.3  35.6  24.1  32.6  22.5  71.0  39.3  58.8  56.3 215.6 271.4 999.0  17.8  10.8  33.9 317.1  23.1 219.7   9.4 254.3  18.0  19.3  14.6   5.9   6.0   1.9 347.9  22.7  23.4  51.3
 wrfout_d04_2016-12-16_02:00:00 999.0  22.6  37.6  26.5  34.1  24.0  61.4  38.6  55.4  53.6 229.6 274.6 999.0  21.1   8.9  33.4 292.6  23.7 230.5   4.8 259.1  17.0  18.8  15.7   7.9   7.0   4.1 348.9  23.9  23.6  54.2
 wrfout_d04_2016-12-16_03:00:00 999.0  23.7  40.1  27.3  36.8  25.2  55.8  38.2  62.7  52.7 233.4 278.0 999.0  22.1 359.9  32.6 269.9  23.0 234.1 352.9 266.2  16.5  11.1  14.8   0.2 357.6   7.7 312.3  26.4  21.6  52.4
 wrfout_d04_2016-12-16_04:00:00 999.0  24.9  42.1  27.8  38.7  27.0  54.2  39.3  62.6  50.2 238.9 273.7 999.0  21.1   0.4  33.6 274.9  24.7 234.5 337.8 266.7  16.5   4.3  15.7 353.4 358.2  13.0 315.9  32.2  23.6  47.3
 wrfout_d04_2016-12-16_05:00:00 999.0  23.3  44.0  28.5  39.8  21.8  54.9  40.0  56.9  48.6 231.6 274.5 999.0  19.2 359.8  34.6 263.7  24.1 232.8 322.1 265.4  16.4 358.3  16.8 350.1 343.5  12.6 313.8  23.7  26.3  49.1
 wrfout_d04_2016-12-16_06:00:00 999.0  23.7  44.3  27.4  41.1  30.5  60.1  40.7  64.8  46.4 238.0 264.1 999.0  19.8   0.7  31.7 255.6  24.3 230.1 336.3 259.5  17.7 355.9  15.2 340.1 318.8   4.5 301.6  25.3  30.4  48.7
 wrfout_d04_2016-12-16_07:00:00 999.0  25.0  48.1  27.6  43.5  30.8  61.8  47.3  61.0  50.6 225.7 273.5 999.0  18.9   3.3  32.0 244.8  24.0 233.7 345.9 259.5  15.8 354.7  14.3 295.5 304.2   2.6 269.6  21.0  28.6  52.5
 wrfout_d04_2016-12-16_08:00:00 999.0  26.3  50.2  29.6  45.0  36.9  62.1  52.8  62.7  57.0 242.2 267.1 999.0  17.9   5.8  27.8 236.7  24.2 228.5 341.3 254.9  15.3 355.5   9.9 315.6 326.0 357.9 269.8  25.7  30.5  51.7
 wrfout_d04_2016-12-16_09:00:00 999.0  27.4  53.2  31.2  47.1  37.2  70.7  56.5  72.4  54.8 250.2 264.6 999.0  21.6   5.1  26.9 208.9  23.1 218.6 347.9 231.6  15.6   1.0   4.9 332.6 344.9 358.4 254.7  17.6  32.4  49.9
 wrfout_d04_2016-12-16_10:00:00 999.0  31.2  53.5  44.3  47.9  43.3  83.4  60.9  85.0  51.5 247.2 266.7 999.0  18.6   8.7  20.5 202.0  22.5 210.5 354.5 215.3  17.4  19.2   8.7 357.6 359.6   2.4 260.4  18.8  30.2  53.2
 wrfout_d04_2016-12-16_11:00:00 999.0  36.8  57.3  56.1  51.3  47.6  86.0  62.4 100.8  50.1 229.6 266.4 999.0  13.9   8.1  18.1 189.5  21.2 205.0 348.2 230.3  17.1  30.8   8.4   6.5  11.1   1.2 269.9  17.1  29.3  52.5
 wrfout_d04_2016-12-16_12:00:00 999.0  40.3  59.2  92.8  52.3  50.3  89.3  61.8  95.4  49.7 233.3 265.2 999.0  22.7  13.3   9.2 205.5  23.2 207.6 336.1 229.3  17.7  22.8  11.7  12.0  13.0   1.3  43.1  26.0  29.6  54.4
 wrfout_d04_2016-12-16_13:00:00 999.0  41.3  62.6 156.2  56.5  40.6  87.6  63.7  97.8  51.4 241.4 264.0 999.0  24.4   6.7   5.3 257.9  22.7 206.4 347.6 230.7  20.4  26.9  16.1 352.1 356.3   9.4 339.8  17.2  28.0  54.9
 wrfout_d04_2016-12-16_14:00:00 999.0  43.9  61.8  92.4  53.7  49.5  92.6  56.6  83.8  50.9 241.8 280.3 999.0  21.2   8.0 358.8 150.3  23.8 205.4  10.2 228.2  17.8  21.0   7.7 341.6 354.4   2.3 357.5  17.2  26.1  54.1
 wrfout_d04_2016-12-16_15:00:00 999.0  52.9  66.1 121.6  58.7  53.9  98.5  59.6  89.6  50.5 240.1 279.3 999.0  25.3   8.4 356.2 102.4  23.2 207.4 352.6 233.1   9.5  28.2   9.1  28.6  10.0   4.2  24.9  23.0  29.5  54.2
 wrfout_d04_2016-12-16_16:00:00 999.0  49.8  67.2 117.0  59.2  60.5  82.5  60.6  90.6  52.0 251.4 301.3 999.0  18.1   2.6 355.8  67.4  18.1 208.3   7.2 237.2   4.4  53.7  17.3  32.8  20.6   8.1  16.7  21.9  33.9  52.3
 wrfout_d04_2016-12-16_17:00:00 999.0  43.2  68.0 174.9  61.4  58.7  94.7  60.6  94.0  54.4 252.9 264.4 999.0  15.5 346.8 344.3  38.4  18.1 201.8  25.5 243.0  11.9  50.0  18.0  13.2   7.2   7.5   9.5  21.6  41.1  51.9
 wrfout_d04_2016-12-16_18:00:00 999.0  43.3  72.2 194.7  63.8  52.1  88.4  63.3  84.0  56.0 278.0 284.0 999.0  22.6  58.7   1.6  64.9  21.2 203.3 343.8 244.4  10.2  35.6  10.7  10.8  11.9 356.5  12.2   4.1  48.4  50.9
 wrfout_d04_2016-12-16_19:00:00 999.0  50.3  69.8 124.0  62.1  69.8  90.4  64.0  90.7  58.3 292.5 297.8 999.0 347.6 167.9 357.8 218.3  15.9 205.2  12.5 242.3 357.3  35.5  20.8  23.6  14.3   8.5  40.0  14.2  44.4  54.9
 wrfout_d04_2016-12-16_20:00:00 999.0  56.9  71.2  90.7  63.6  61.9  84.0  61.1  95.5  56.0 312.0 312.0 999.0 352.1 261.3   4.0 169.8  12.6 203.3  43.2 243.6 359.8  51.5   7.0  29.5  31.0 360.0   0.0  13.5  49.4  54.7
 wrfout_d04_2016-12-16_21:00:00 999.0  57.3  69.4  74.7  63.5  65.3  92.9  62.9  99.0  55.9 264.9 330.0 999.0  72.0 243.8   7.7 108.4  14.9 199.8   8.3 244.1   7.3  48.1  17.1  30.3  29.1   9.0  20.3  15.7  53.2  54.5
 wrfout_d04_2016-12-16_22:00:00 999.0  51.8  69.2  89.2  60.4  60.1  86.1  63.1  99.3  58.6 269.1 320.1 999.0 239.0 291.7   4.3 172.1  18.0 216.9  35.3 246.0  15.7  43.5  17.1  30.6  26.0   6.9   8.3  18.1  47.6  54.7
 wrfout_d04_2016-12-16_23:00:00 999.0  58.6  70.1 115.7  62.3  72.9  81.0  63.5  89.1  55.9 267.8 303.1 999.0 182.2 245.2 349.5 158.1  19.8 219.3  59.1 251.2   7.9  36.7  17.1  38.8  36.5 359.4  25.9   7.4  45.5  59.7
