 wrfout_d04_2016-05-31_00:00:00 999.0 231.3 236.6 258.3 238.1 221.6 250.7 234.8 240.8 243.0  78.9 114.0 999.0 193.1 189.9 166.8 304.4 208.1 246.0 207.2 289.4 213.5 212.3  42.0 239.8 244.9  73.1 274.7  97.6 245.4 301.9
 wrfout_d04_2016-05-31_01:00:00 999.0 238.2 245.0 287.6 243.5 219.9 248.9 239.8 237.2 247.9  98.1 118.5 999.0 211.5 202.4 126.3 256.9 211.2 261.5 217.7 298.8 215.0 225.4  86.1 258.3 256.0  79.8 274.8  82.4 245.4 297.0
 wrfout_d04_2016-05-31_02:00:00 999.0 247.7 255.1 288.4 261.6 325.1 258.8 241.7 243.5 250.0 107.7 126.7 999.0 226.4 207.2 120.4 250.2 212.3 275.4 228.1 305.9 212.6 230.6  99.8 260.1 260.1  76.0 278.4  77.7 247.5 296.0
 wrfout_d04_2016-05-31_03:00:00 999.0 247.8 259.5 287.4 269.6  39.8 271.3 244.3 263.5 250.0 102.2 117.1 999.0 231.0 215.8 113.7 246.7 212.3 297.8 242.5 312.6 211.2 234.7  97.2 264.2 262.3  74.7 281.9  86.7 251.5 291.5
 wrfout_d04_2016-05-31_04:00:00 999.0 239.2 260.8 289.8 274.5  57.8 282.4 247.2 275.1 251.0  96.8 122.1 999.0 231.7 230.9 114.3 245.9 213.1 319.3 250.0 316.9 212.5 238.0  94.5 266.6 263.6  80.0 283.6  90.7 250.5 289.6
 wrfout_d04_2016-05-31_05:00:00 999.0 241.8 254.1 288.3 270.7  61.9 290.6 244.4 281.3 251.0  99.0 137.0 999.0 232.4 235.7 111.8 249.0 213.0 335.3 254.1 317.9 214.2 239.4  89.7 268.1 264.4  84.3 283.9  92.9 251.9 289.7
 wrfout_d04_2016-05-31_06:00:00 999.0 230.4 257.4 300.3 267.0  54.9 284.2 239.9 277.5 250.1  87.5 140.6 999.0 231.1 239.1 117.8 250.0 213.7 346.7 255.7 318.1 218.5 241.0  88.9 266.9 264.7  87.1 284.5  92.3 256.6 290.7
 wrfout_d04_2016-05-31_07:00:00 999.0 233.8 262.4 304.8 274.9  47.3 287.9 241.0 279.0 252.7  87.4 146.6 999.0 229.7 239.8 123.2 250.8 213.2   1.6 257.5 318.1 220.7 241.1  71.9 265.9 266.4  89.3 284.0  87.3 263.0 291.8
 wrfout_d04_2016-05-31_08:00:00 999.0 246.1 257.2 308.6 269.1  40.2 284.5 237.9 275.1 251.8  74.0 144.7 999.0 227.8 240.0 124.6 250.1 214.5  20.9 255.1 317.3 221.4 240.5  70.5 266.7 264.2  84.6 283.8  83.4 269.3 292.1
 wrfout_d04_2016-05-31_09:00:00 999.0 178.2 253.0 312.0 267.5 357.4 277.3 236.2 257.6 248.0  66.0 150.1 999.0 223.4 238.4 133.6 245.0 215.5  41.1 249.1 312.7 222.9 238.1  71.0 259.8 260.8  81.9 285.3  86.0 282.1 292.3
 wrfout_d04_2016-05-31_10:00:00 999.0 170.2 246.1 328.5 269.1   1.5 266.9 227.8 245.8 242.0  60.9 147.1 999.0 219.1 232.8 142.2 234.9 213.7  66.1 241.9 303.1 222.5 230.4  76.2 257.9 258.3  89.1 287.3  98.5 306.9 293.1
 wrfout_d04_2016-05-31_11:00:00 999.0 169.4 239.1  24.9 267.7 346.3 264.8 221.7 249.7 239.3  38.7 152.5 999.0 210.6 222.5 162.3 222.2 213.6 118.0 230.1 292.4 221.1 220.6  91.0 249.4 245.1 101.7 286.0 106.0 299.2 293.3
 wrfout_d04_2016-05-31_12:00:00 999.0 172.5 234.0  56.7 262.1 340.1 264.1 224.5 253.6 243.8  15.8 121.1 999.0 192.0 208.0 163.5 217.2 211.1 158.2 215.6 284.8 218.9 211.6 184.3 238.0 231.2 187.0 283.2 113.8 279.5 292.7
 wrfout_d04_2016-05-31_13:00:00 999.0 175.5 230.3 110.8 254.0 254.4 276.5 228.3 252.4 245.6  16.7  47.7 999.0 190.4 196.9 169.4 220.2 209.7 191.7 204.1 283.1 217.0 204.3 220.6 226.9 219.2 214.5 280.3 342.2 268.0 291.4
 wrfout_d04_2016-05-31_14:00:00 999.0 184.3 225.0 113.6 241.3 296.1 286.8 229.2 246.2 245.5  24.4  46.1 999.0 188.6 186.1 184.0 229.6 209.4 194.0 193.9 282.1 214.1 199.0 156.3 219.3 211.5 216.6 277.2  13.3 259.2 290.1
 wrfout_d04_2016-05-31_15:00:00 999.0 190.8 223.6 114.7 247.7 346.6 323.5 229.6 242.8 241.9  72.2  44.1 999.0 186.8 184.3 191.7 229.1 208.8 198.8 193.9 279.9 213.1 196.1 174.8 214.6 206.4 251.5 271.0  28.5 256.8 294.3
 wrfout_d04_2016-05-31_16:00:00 999.0 193.2 226.5 109.1 255.4  68.0 333.4 229.5 234.0 240.5 299.7  38.3 999.0 185.5 183.9 191.8 236.7 209.7 198.0 193.0 277.4 213.5 195.4 193.7 211.3 203.3 266.7 265.6  39.1 254.3 294.0
 wrfout_d04_2016-05-31_17:00:00 999.0 199.8 230.2  97.6 256.5 117.8 306.9 228.7 190.0 239.1 300.4  29.0 999.0 183.9 177.5 190.9 244.5 211.4 197.8 187.5 273.2 213.7 195.4 197.1 211.1 206.5 275.2 269.1  55.4 252.2 293.2
 wrfout_d04_2016-05-31_18:00:00 999.0 212.2 234.5  87.0 256.3 203.8 301.8 228.7 192.4 237.7 301.1  26.0 999.0 182.1 171.3 189.2 324.3 211.3 199.8 190.8 269.5 215.8 199.4 206.7 206.9 209.1 273.2 270.1  62.0 250.4 292.1
 wrfout_d04_2016-05-31_19:00:00 999.0 228.1 236.3 110.5 257.3 223.2 279.1 229.0 199.3 234.8 275.5  32.1 999.0 181.7 168.7 186.1  28.7 212.8 201.7 188.8 266.5 216.3 202.5 219.2 195.7 207.2 289.4 279.8  81.9 246.9 291.9
 wrfout_d04_2016-05-31_20:00:00 999.0 241.3 236.0 118.0 257.0 224.9 278.5 228.2 188.2 232.9 218.4  50.9 999.0 181.0 170.0 187.7  40.4 217.2 203.7 186.0 264.6 223.4 200.5 221.4 187.0 200.2 317.4 285.4  87.0 243.9 291.1
 wrfout_d04_2016-05-31_21:00:00 999.0 243.0 237.6 114.4 259.7 218.5 281.2 227.1 175.0 232.5 285.1  38.8 999.0 181.0 171.2 187.1  41.5 220.6 203.0 184.1 263.0 220.7 201.5 224.0 160.3 194.9 358.5 294.9  84.5 243.3 290.6
 wrfout_d04_2016-05-31_22:00:00 999.0 241.4 239.4 181.6 260.4 213.8 262.5 227.8 205.8 231.2 316.2   6.0 999.0 181.0 171.8 185.0  26.3 217.8 208.1 185.9 266.4 222.3 196.6 203.3 140.2 165.5  49.9 302.3 104.6 243.9 293.9
 wrfout_d04_2016-05-31_23:00:00 999.0 242.5 241.4 243.7 257.7 213.8 243.9 229.1 226.2 234.8  32.5 359.7 999.0 187.2 180.6 172.8   1.2 216.5 218.9 196.4 274.0 222.0 192.7 158.5 184.7 202.8  74.3 300.0 248.3 244.2 295.6
