 wrfout_d04_2016-10-30_00:00:00 999.0  41.3  63.8 175.8  55.4  47.9  71.9  58.2  80.2  51.5 180.4  40.9 999.0  20.4  19.7  31.8  23.9  25.9 262.4 359.5 126.0  21.5   8.6  16.4  25.2 341.4  18.8 274.5  23.8  45.1  63.8
 wrfout_d04_2016-10-30_01:00:00 999.0  45.5  64.4  55.4  57.9  51.2  67.2  50.9  83.8  51.1  38.5  53.9 999.0  20.4   9.0  22.6 241.5  27.4  34.6 224.6 129.1  20.3  31.8  23.0 122.4  98.4  29.0 279.7  21.5  43.7  48.4
 wrfout_d04_2016-10-30_02:00:00 999.0  48.4  65.6  58.4  57.5  48.0  69.8  50.7  85.8  52.2  57.8  54.3 999.0  17.4 301.9  18.8 261.2  26.1  25.7 202.5 128.3  22.2  73.5  29.8 322.3 336.5  38.9 264.0  30.6  40.2  54.5
 wrfout_d04_2016-10-30_03:00:00 999.0  48.7  65.1  60.9  56.1  47.1  76.7  47.5  82.4  52.4 134.6  17.9 999.0  14.8 347.5  28.0 265.3  25.1  22.3 213.3 128.4  19.9 339.3  35.6 288.9 294.6  45.7 264.2  33.8  45.5  55.5
 wrfout_d04_2016-10-30_04:00:00 999.0  50.2  65.0  62.8  57.6  53.6  81.8  54.3  74.9  53.4 186.4 295.9 999.0  13.3 352.8  31.2 257.0  23.9  38.5 222.1 110.0  22.2 333.6  36.3 279.5 264.1  50.6 259.6  44.5  41.8  54.7
 wrfout_d04_2016-10-30_05:00:00 999.0  52.3  66.8  68.8  61.3  62.3  80.6  56.8  74.5  54.1 213.1 255.8 999.0  11.8 354.0  27.8 267.8  24.6  36.1 232.9  98.4  17.7 341.3  29.9 263.8 257.6  49.8 256.1  42.1  41.3  55.2
 wrfout_d04_2016-10-30_06:00:00 999.0  55.4  71.8  78.0  66.0  63.2  82.1  59.4  71.7  52.4 227.6 261.7 999.0   9.3 351.4  23.6 263.9  23.6  37.3 237.5  76.9  22.0 339.6  28.9 264.2 258.0  47.9 256.7  39.2  39.4  54.5
 wrfout_d04_2016-10-30_07:00:00 999.0  57.2  74.3  81.3  67.5  64.9  82.2  61.1  67.8  51.0 236.0 286.8 999.0   8.7 348.2   6.3 259.3  22.4  45.1 240.7  23.1  12.6 340.4  27.5 288.9 272.6  40.5 264.6  36.0  39.5  52.6
 wrfout_d04_2016-10-30_08:00:00 999.0  57.7  75.6  87.0  66.7  68.6  69.0  61.3  59.9  50.3 257.5 260.9 999.0   7.8 349.7  11.6 243.2  22.5  51.7 233.1  29.5   9.8 344.2  28.7 303.6 289.3  33.3 276.9  31.1  39.6  57.1
 wrfout_d04_2016-10-30_09:00:00 999.0  58.3  76.0  77.5  64.3  62.6  79.5  53.8  73.3  47.9 263.5 251.3 999.0   8.0 352.6   8.3 218.3  21.8  51.8 313.0 100.1   7.3 345.1  27.9 309.0 297.4  26.6 282.7  34.1  39.6  55.4
 wrfout_d04_2016-10-30_10:00:00 999.0  58.1  76.7  96.0  67.7  72.9  67.6  54.8  74.5  50.3 298.4 245.1 999.0  11.3 346.0  11.7 204.2  23.1  65.7 326.0 156.8  10.8 342.6  27.1 324.4 323.1  15.6 295.2  30.2  39.9  54.0
 wrfout_d04_2016-10-30_11:00:00 999.0  53.9  79.0 113.1  70.0  64.9  75.7  55.7  83.0  50.5 300.1 240.4 999.0   6.5 342.6   3.6 207.0  21.8 123.5 338.3 148.3  11.3 345.2  24.4 334.3 338.6  21.5 294.1  20.0  39.2  50.9
 wrfout_d04_2016-10-30_12:00:00 999.0  48.5  79.8 100.4  71.5  74.6  77.5  54.2  78.8  50.7 310.4 251.5 999.0   0.8 333.2   3.9 201.0  22.0 124.0 340.2 155.9  11.3 351.1  21.3   2.8   2.5  16.4 291.5  11.3  39.0  52.0
 wrfout_d04_2016-10-30_13:00:00 999.0  49.6  80.0  84.3  70.6  74.6  81.7  53.1  81.5  50.0 283.2 262.8 999.0   2.6 344.3  15.1 196.4  22.0 115.3 348.5 157.3   9.5   4.3  26.0   2.4  14.6  16.8 295.3  10.2  41.2  53.1
 wrfout_d04_2016-10-30_14:00:00 999.0  51.1  78.9 111.3  68.7  65.6  77.7  52.7  81.3  51.0 274.1 275.4 999.0  10.8 352.7  10.1 191.5  22.2 109.8 347.3 154.7  10.3  15.6  20.2 358.1   8.3   7.0 322.4  18.6  41.4  51.5
 wrfout_d04_2016-10-30_15:00:00 999.0  56.6  76.1  86.8  64.5  57.5  87.1  52.0  72.5  50.8 270.5 295.3 999.0  11.1  48.0  10.2 176.2  20.7 103.8 329.4 155.4   9.9  33.6  21.8 353.6   7.8   5.5 353.9  13.0  41.7  52.5
 wrfout_d04_2016-10-30_16:00:00 999.0  55.4  73.1 102.4  62.7  62.7  86.2  51.5  69.0  48.9 281.5 280.2 999.0   7.4  52.2  15.8 167.5  20.5  93.7 320.5 157.3  11.9  35.5  15.6 347.3 359.5  13.2 357.6   9.9  38.4  53.5
 wrfout_d04_2016-10-30_17:00:00 999.0  53.1  72.9 108.1  62.8  63.0  85.4  50.3  67.1  47.7 296.7 258.5 999.0   7.1 336.1  15.3 152.7  19.7  93.4 314.5 161.1  14.1  36.3  27.1 352.4 359.7   9.9 355.5  10.6  40.6  55.3
 wrfout_d04_2016-10-30_18:00:00 999.0  48.7  73.8 111.0  62.9  64.4  83.0  49.5  71.0  46.2 280.8 251.9 999.0  11.5 328.2  14.7 138.2  19.3  85.6 291.1 152.1  15.4  26.6  22.5   3.7  10.5   9.1 356.7  10.1  43.2  59.0
 wrfout_d04_2016-10-30_19:00:00 999.0  50.9  74.1  94.2  62.9  70.4  93.9  49.5  68.9  44.5 280.7 244.5 999.0  11.4 329.8   7.8 109.8  20.5  92.5 225.4 153.6  16.0  11.8  23.0  29.8  26.6  13.2 354.8   5.5  43.4  57.8
 wrfout_d04_2016-10-30_20:00:00 999.0  46.0  71.2 113.1  62.1  64.5  91.8  48.4  67.7  41.4 299.2 229.7 999.0   9.9 347.1 359.2 128.8  19.6  88.7 231.3 146.9  16.3   2.3  29.0  36.7  30.5   1.4   0.1   6.4  41.7  56.3
 wrfout_d04_2016-10-30_21:00:00 999.0  39.9  70.9 236.4  60.2  61.8  76.1  46.7  65.9  39.6 334.7 283.9 999.0  13.2 347.9   1.0  88.4  20.8  90.0 264.3 143.4  16.7  27.0  17.5  78.8  65.8   8.9   4.3  10.5  37.8  54.3
 wrfout_d04_2016-10-30_22:00:00 999.0  35.0  69.8 266.3  60.6  57.5  75.0  46.7  64.9  37.1 328.9 304.2 999.0  15.1 353.0   2.5  54.7  20.7  95.7 322.2 143.7  15.9  56.0  26.2  63.6  69.5  15.1   2.8  12.2  38.2  48.6
 wrfout_d04_2016-10-30_23:00:00 999.0  38.9  70.1 288.7  61.0  46.3  66.1  46.2  69.4  37.4   4.4 311.5 999.0  16.9 355.5   6.1   6.8  21.1  89.3   5.3 127.0  18.4  10.9  29.4 359.7  19.0   3.8 359.8  11.4  35.8  47.5
