 wrfout_d04_2016-01-08_00:00:00 999.0  35.3  40.6   3.2  40.5   3.4 222.3  26.3 121.8  38.9 235.1 290.2 999.0  13.5 359.1  18.8 194.6  22.4 222.4   1.9 214.4  16.6   7.1  23.7 355.3 359.2   2.9   5.0  24.0  34.2 333.6
 wrfout_d04_2016-01-08_01:00:00 999.0  34.2  41.9   0.2  42.0  11.8 193.4  25.8  36.6  33.6 222.0 294.8 999.0  12.1 359.6  22.0 267.5  20.1 224.6   2.4 214.7   7.3  10.8  34.6 350.5 354.4  21.6 355.7  39.6  43.1 331.4
 wrfout_d04_2016-01-08_02:00:00 999.0  35.8  29.5  14.4  31.7  11.4 221.9  23.7 354.2  23.0 353.3 315.6 999.0  10.6 354.5  30.9 298.0  16.6 233.5   6.1 223.3   8.3   6.9  41.8 353.0 356.0  43.4 352.7  31.8  42.7 313.6
 wrfout_d04_2016-01-08_03:00:00 999.0  30.8  24.9  14.0  28.2  14.7 265.3  26.6 328.9  19.8  51.1 346.8 999.0  10.9 356.2  27.0 307.7  16.2 235.2   1.6 230.4  11.9   1.0  30.4 357.5 356.9  47.0 343.1  56.8  43.4 315.2
 wrfout_d04_2016-01-08_04:00:00 999.0  23.4  27.5  18.4  29.3   3.0 133.6  31.3 355.3  24.6  59.9   2.9 999.0  11.0 353.0  33.4 272.9  18.3 231.7 355.6 240.7  11.5   0.3  35.2 349.7 353.7  51.5 326.7  58.6  34.4 318.0
 wrfout_d04_2016-01-08_05:00:00 999.0  22.1  24.8  22.1  26.5   5.5 107.8  31.0   9.6  30.5  46.0   7.2 999.0  11.5 354.3  30.2 269.1  16.5 235.4 356.3 248.1  10.5 356.4  30.9 348.1 351.5  56.1 337.3  52.4  22.8 313.7
 wrfout_d04_2016-01-08_06:00:00 999.0  24.2  33.1  17.9  31.9   9.3  85.6  32.9  41.1  34.7  36.1 355.8 999.0  10.5 354.7  33.4 273.2  17.0 234.0 353.0 246.2  12.2 354.6  38.8 347.7 352.6  47.3 319.7  51.7  11.5 319.8
 wrfout_d04_2016-01-08_07:00:00 999.0  24.7  38.7  17.7  34.3  12.3  97.2  32.9  74.5  36.5  36.2 341.3 999.0  11.2 356.2  39.8 274.4  20.1 232.3 347.1 241.7  10.5 356.1  30.6 340.4 341.7  41.6 320.1  42.3  16.1 359.7
 wrfout_d04_2016-01-08_08:00:00 999.0  25.1  45.0  15.8  38.6  11.0  93.5  37.4 100.7  35.5  50.7 337.3 999.0  12.4 356.0  33.5 271.9  21.7 248.0 341.0 229.5  10.8 359.1  25.5 346.2 347.6  43.6 326.1  42.2  33.9  27.9
 wrfout_d04_2016-01-08_09:00:00 999.0  24.8  48.7  16.7  40.9  23.2  66.3  40.3  92.2  39.2  40.2 299.3 999.0   8.5   2.1  27.6 260.2  19.7 236.4 346.7 194.1  12.3   0.3  37.5 345.7 350.8  33.6 339.0  35.3  31.8  25.1
 wrfout_d04_2016-01-08_10:00:00 999.0  25.9  49.2  22.5  40.6  30.2  67.2  41.8  82.6  40.1  75.2 309.0 999.0   8.5   4.1  27.7 173.7  21.2 210.2 349.3 196.4  12.6   5.2  18.5 349.5 354.6  15.6 349.1  25.7  32.5  28.1
 wrfout_d04_2016-01-08_11:00:00 999.0  26.8  49.8  20.4  42.0  30.8  64.1  45.6  82.6  40.5  17.8 301.3 999.0   7.9   3.5  25.7 175.1  16.9 211.8 356.9 184.3  15.2   7.0  25.4 352.1 355.9   8.5 348.0  10.4  34.5  25.6
 wrfout_d04_2016-01-08_12:00:00 999.0  26.0  50.6  21.1  42.3  33.5  63.6  46.7  78.6  39.4   1.9 292.3 999.0   9.1   5.0  28.3 184.3  18.2 216.2 353.3 181.0  16.3  10.8  29.2 350.8 357.1  13.4 345.4  24.2  37.2   9.9
 wrfout_d04_2016-01-08_13:00:00 999.0  27.9  52.2  24.6  44.4  32.9  61.2  46.9  73.5  41.3   3.9 303.0 999.0   9.4   3.8  26.9 180.2  20.7 212.9 355.5 187.0  17.3   8.6  20.6 349.4 356.2  10.6 348.7  15.0  44.7   5.9
 wrfout_d04_2016-01-08_14:00:00 999.0  29.7  51.8  27.1  43.3  25.5  66.2  47.1  77.1  42.3 271.8 300.7 999.0  12.9   6.2  30.0 186.6  23.0 209.1 356.0 185.1  15.7  13.6  20.4 352.3 357.0  13.2 357.0  14.6  36.4 351.6
 wrfout_d04_2016-01-08_15:00:00 999.0  27.3  50.6  27.0  43.4  33.1  63.1  47.3  76.1  42.3 242.2 279.9 999.0  11.3   5.0  23.7 185.8  22.5 209.8 354.7 186.5  14.8  15.0  21.4 354.2   1.8  10.4 355.0   8.6  45.5 322.4
 wrfout_d04_2016-01-08_16:00:00 999.0  27.0  50.8  29.5  43.6  26.1  60.2  50.9  76.8  39.4 237.1 281.3 999.0  14.2   4.1  31.7 174.8  23.8 209.1 353.0 187.9  16.4  14.6  21.6 350.7 353.7  12.3 351.6  11.5  45.1 349.9
 wrfout_d04_2016-01-08_17:00:00 999.0  30.6  53.4  34.9  45.0  29.5  60.7  48.1  75.6  37.8 232.4 274.1 999.0  16.8   8.3  26.5 171.7  22.8 206.1 351.1 190.9  17.9  16.0  20.5   0.4   2.3  12.6 358.5  15.1  33.1 329.9
 wrfout_d04_2016-01-08_18:00:00 999.0  34.6  55.4  34.1  46.7  30.8  66.1  49.2  81.9  42.2 231.7 271.2 999.0  17.2   2.1  22.1 144.7  22.8 212.4 354.7 196.3  18.7  16.6  26.5 353.9 353.1  12.4  10.2  14.5  38.2 336.3
 wrfout_d04_2016-01-08_19:00:00 999.0  34.6  57.5  38.0  48.0  34.8  76.9  51.8  81.3  41.1 234.5 269.1 999.0  13.6   4.8  21.0 155.8  20.7 212.6 358.5 197.5  18.5  15.7  27.5  10.5   9.4   5.1   1.6  24.8  24.6 339.8
 wrfout_d04_2016-01-08_20:00:00 999.0  35.3  61.3  53.1  51.0  36.2  95.9  59.0  83.9  41.6 236.1 270.3 999.0  17.1   6.7  26.4 125.9  17.2 213.4 354.4 202.8  16.2  18.8  29.6   4.5   7.4   6.5 354.1  24.5  31.1 340.2
 wrfout_d04_2016-01-08_21:00:00 999.0  43.9  66.9 185.4  53.7  37.2 102.7  61.8  86.6  39.9 227.9 273.0 999.0  15.2   1.8  17.8 130.1  21.2 218.8   0.7 208.0  21.7  14.9  28.3 354.4   6.6   5.5  14.7  21.0  23.4 350.8
 wrfout_d04_2016-01-08_22:00:00 999.0  42.4  72.2 199.2  57.4  44.0  82.5  55.2  79.2  40.2 228.3 266.4 999.0  17.4   0.5  14.8 149.2  26.6 218.0 358.2 208.3  18.2  22.8  23.4   1.7   6.8   5.2   7.6  34.8  23.3 352.2
 wrfout_d04_2016-01-08_23:00:00 999.0  42.8  71.1 200.0  57.1  55.7  73.9  50.3  77.3  41.9 230.3 280.2 999.0  16.1 354.9  18.4 158.3  25.3 221.0   1.3 211.5  18.5  23.4  17.4 355.0 357.2  11.5 352.9  24.0  33.6 338.9
