 wrfout_d04_2016-03-14_00:00:00 999.0  19.5  33.7   9.8  32.0   8.4 222.8  36.7  21.4  35.4  56.6 344.1 999.0  21.7   6.7  30.5 208.0  23.1 228.4 358.5 268.9  18.6  11.8  30.3 352.0   1.6  38.3   2.3  33.7  27.8  60.0
 wrfout_d04_2016-03-14_01:00:00 999.0  18.8  35.6  13.9  32.8  11.2 137.1  38.0  41.6  34.8  52.5 326.9 999.0  18.2   4.8  29.5 227.3  25.7 223.8 359.4 269.4  18.2  16.4  29.3 350.4 357.6  31.5   9.7  34.7  26.6  58.8
 wrfout_d04_2016-03-14_02:00:00 999.0  18.1  37.8  14.1  33.9  15.3 110.3  38.3  91.8  38.7  28.3 313.1 999.0  17.0   4.6  35.0 228.0  26.5 220.5  13.2 267.1  20.7  17.6  28.2   4.0   5.3  32.9   4.3  36.8  30.3  50.2
 wrfout_d04_2016-03-14_03:00:00 999.0  18.1  39.8  16.8  34.9  15.8  69.6  40.8  74.6  40.5  30.8 311.3 999.0  19.2   1.9  33.4 224.2  24.9 222.0   3.0 266.3  19.9  16.5  26.6 359.8   3.6  30.1   0.3  37.0  31.9  51.6
 wrfout_d04_2016-03-14_04:00:00 999.0  19.0  41.1  18.8  35.6  21.2  61.3  40.8  67.3  41.7   0.2 306.0 999.0  18.0   5.0  34.1 207.8  24.5 224.6   6.9 263.9  18.7   7.8  29.9   9.3   8.1  29.8 347.8  42.2  29.2  53.4
 wrfout_d04_2016-03-14_05:00:00 999.0  18.5  41.9  18.1  36.8  18.9  70.4  43.2  61.7  43.9  10.5 320.1 999.0  19.0   6.3  32.4 257.4  25.8 224.2   1.8 261.6  19.6   4.7  27.2   4.2   0.7  38.0  13.8  34.6  29.6  53.0
 wrfout_d04_2016-03-14_06:00:00 999.0  20.3  43.7  20.6  38.9  22.0  70.6  42.7  70.6  45.0  10.3 318.8 999.0  21.5   4.2  34.3 317.0  27.0 221.4 359.1 259.4  21.8   8.0  25.9   3.2   3.1  37.4  42.9  34.9  28.0  52.8
 wrfout_d04_2016-03-14_07:00:00 999.0  22.9  46.8  21.5  41.0  22.8  80.1  45.5  80.2  45.7 352.3 304.6 999.0  21.3   2.7  32.8 285.4  27.5 223.5 353.3 253.9  24.2   7.5  25.4 351.1 350.0  34.4  92.4  36.7  29.8  52.5
 wrfout_d04_2016-03-14_08:00:00 999.0  26.2  48.4  22.9  42.0  24.5  78.3  45.4  83.2  44.8 338.7 288.3 999.0  21.3   2.0  34.4 251.2  29.2 225.0 348.9 253.5  24.5   0.3  25.0 352.1 349.5  26.9 248.9  31.7  30.7  51.1
 wrfout_d04_2016-03-14_09:00:00 999.0  28.7  50.1  25.5  42.7  29.3  77.8  44.5  77.5  41.9 314.3 280.5 999.0  16.6   1.1  33.0 243.0  28.7 218.7 346.5 246.8  21.2   3.0  23.6 351.7 346.6  19.8 358.3  30.0  28.8  55.6
 wrfout_d04_2016-03-14_10:00:00 999.0  31.6  54.1  30.4  44.4  32.4  77.5  49.5  76.1  44.5 329.8 273.3 999.0  17.7 358.3  28.5 228.6  26.9 217.9 339.3 244.2  18.1  15.4  20.2 342.0 339.1   9.7  57.8  24.4  34.1  56.1
 wrfout_d04_2016-03-14_11:00:00 999.0  35.5  56.7  35.4  46.3  39.8  81.1  58.5  79.8  45.9 347.0 273.6 999.0  19.3   5.8  22.9 219.6  25.6 210.6 339.2 243.1  15.4  19.9  20.9 348.7 353.5 351.7  41.3  26.8  32.4  57.7
 wrfout_d04_2016-03-14_12:00:00 999.0  40.5  59.2  43.2  49.1  44.2  86.1  60.8  82.9  45.0 322.4 270.6 999.0  18.0  12.7  18.7 350.3  25.8 214.2 346.6 238.1  16.8  11.7  19.6 343.2   1.4 355.8  34.3  21.3  32.0  56.1
 wrfout_d04_2016-03-14_13:00:00 999.0  45.4  61.6  62.4  52.2  50.1  88.1  58.4  90.6  43.6 218.8 271.2 999.0  22.8   4.4  20.1 327.2  27.3 211.5 355.5 240.1  19.0  18.8  17.9   2.4 353.9 348.7   6.1  18.7  32.7  55.3
 wrfout_d04_2016-03-14_14:00:00 999.0  48.9  64.5 121.8  56.2  62.2  90.9  56.2  90.5  48.3 223.6 271.1 999.0  22.3 359.5  15.6 213.9  25.5 211.1 351.2 242.3  16.4  28.3  15.0 352.3 356.7 344.8  11.0  17.7  36.1  56.0
 wrfout_d04_2016-03-14_15:00:00 999.0  52.4  68.7 167.9  59.6  56.7  84.0  61.3  89.7  53.4 237.0 260.0 999.0  17.4 344.9   2.4  23.7  22.2 210.3 349.6 241.8  16.6  38.4  15.1 359.8 358.6 345.7 354.0  16.7  37.0  60.8
 wrfout_d04_2016-03-14_16:00:00 999.0  51.1  69.3 170.7  59.1  67.6  86.1  62.7  88.9  57.3 241.7 255.7 999.0  12.5   3.3 344.6 326.1  21.8 217.0 345.1 243.8  15.5  42.9  18.8 342.8   2.0 343.1   6.1  11.6  31.5  58.1
 wrfout_d04_2016-03-14_17:00:00 999.0  56.1  72.9 164.0  65.3  68.8  84.9  58.9  85.3  55.0 249.8 253.0 999.0  15.1 350.4 335.1  24.7  21.6 216.5 309.4 244.3  13.2  23.5  18.6   8.2  17.2 343.8  18.7   7.9  33.2  56.2
 wrfout_d04_2016-03-14_18:00:00 999.0  64.0  76.0 164.4  65.6  64.0  85.9  60.2  83.5  56.1 252.8 250.4 999.0 359.3 312.7 337.1   0.7  22.5 217.5 102.0 244.9   8.1  36.9  20.9  27.7  21.8 348.5  28.7   8.7  29.8  56.6
 wrfout_d04_2016-03-14_19:00:00 999.0  62.9  77.0 129.8  67.4  73.4  84.1  59.9  81.2  55.8 262.5 247.2 999.0  11.8 272.4 333.4  43.1  21.4 214.9 285.6 247.8   6.8  58.3  14.4  24.1  29.6 352.5  26.9  11.9  28.6  58.0
 wrfout_d04_2016-03-14_20:00:00 999.0  63.0  81.2 141.5  70.7  66.5  86.7  52.8  79.8  54.7 260.0 261.9 999.0   5.1 235.8 332.2 346.0  22.5 219.9 323.5 251.7   7.6  51.6  12.5  21.9  16.9 351.4   9.8  11.9  31.4  56.6
 wrfout_d04_2016-03-14_21:00:00 999.0  63.1  81.7 141.9  70.5  74.0  88.5  53.2  78.7  57.6 277.1 258.2 999.0   3.0  42.9 341.0  45.1  23.3 217.6 335.8 255.6   9.4  28.0   7.5  20.6  26.3 351.8  14.7   8.5  35.7  58.6
 wrfout_d04_2016-03-14_22:00:00 999.0  65.7  84.9 142.8  73.8  74.8  87.7  52.7  76.5  54.7 284.2 252.8 999.0  12.5 122.1 344.1  32.9  26.3 216.6  30.6 258.6  11.0  41.5   7.0  12.9  13.9 350.2  20.7   1.1  35.7  57.6
 wrfout_d04_2016-03-14_23:00:00 999.0  70.7  84.2 144.7  73.7  71.2  84.7  52.7  71.7  49.3 298.5 309.7 999.0   7.1 171.6 344.9   6.0  22.9 218.6  29.9 261.4   8.8  58.7  13.0  21.2  22.6 351.9  24.4 358.2  36.0  59.3
