 wrfout_d04_2016-02-03_00:00:00 999.0  37.2  58.9 359.6  48.3  34.3  93.9  44.3  81.7  36.5 216.8 269.3 999.0  25.4 355.5  11.2 321.2  23.9 224.3 352.0 247.9  19.8  19.5  28.2 354.1   4.0 352.6 345.3  14.2  15.2  47.1
 wrfout_d04_2016-02-03_01:00:00 999.0  29.9  60.3  15.5  46.7  39.0  73.7  46.0  72.8  33.2 274.4 279.7 999.0  16.1 351.3  16.4 340.2  17.2 228.3 348.9 248.8  16.9   6.0  37.3 359.8   0.7  36.0 342.6  34.2  24.5  22.6
 wrfout_d04_2016-02-03_02:00:00 999.0  30.7  63.5 350.9  49.2  37.4  79.6  47.5  74.2  34.9 333.2 270.6 999.0  13.7 356.0  22.1 335.0  18.2 231.0 354.5 240.2  17.1  11.3  44.5   1.9   4.9  45.2 344.7  35.6  27.8  32.6
 wrfout_d04_2016-02-03_03:00:00 999.0  34.0  62.7 354.8  48.7  39.7  74.2  46.0  73.1  36.2 280.6 266.5 999.0  15.4 347.7  19.7 268.3  18.2 233.3 355.8 235.4  12.9   0.7  34.7   4.4   8.3  50.0 351.2  43.2  22.3  29.6
 wrfout_d04_2016-02-03_04:00:00 999.0  34.9  60.4  18.6  47.1  43.7  71.2  46.7  69.6  38.6  40.6 259.6 999.0  13.7 345.8  30.8 236.0  18.4 236.0 339.8 237.2  13.7 358.3  39.7   1.6   4.3  55.9 358.6  38.3  18.0  34.7
 wrfout_d04_2016-02-03_05:00:00 999.0  36.0  60.5  27.2  45.8  42.1  70.3  44.8  72.5  36.5  35.2 270.6 999.0  13.7 348.9  22.3 236.0  21.2 234.6 338.5 236.4   7.1 356.1  39.3 347.9 347.0  54.8 332.9  46.4  24.2  49.3
 wrfout_d04_2016-02-03_06:00:00 999.0  37.4  62.5  40.0  47.3  42.0  78.5  45.7  76.9  39.4   1.9 282.6 999.0  13.1 339.4  26.1 236.8  18.0 234.2 338.9 235.3   7.7 355.2  36.4 336.9 341.3  57.3 328.5  44.9  25.7  46.2
 wrfout_d04_2016-02-03_07:00:00 999.0  38.7  61.2  37.4  46.6  41.4  73.7  46.8  75.0  38.5  20.3 284.4 999.0  13.6 342.7  27.1 236.5  19.1 231.8 338.5 231.8  13.2 357.3  33.7 340.6 346.1  51.2 332.7  35.9  34.7  39.1
 wrfout_d04_2016-02-03_08:00:00 999.0  39.4  62.1  46.3  46.3  42.8  81.1  51.8  79.2  37.4   8.9 287.4 999.0  13.7 347.4  24.5 224.1  20.9 228.8 344.1 228.1  14.2   5.4  31.2 353.7   0.5  48.3 335.3  38.7  33.1  49.8
 wrfout_d04_2016-02-03_09:00:00 999.0  38.2  63.6  45.9  48.7  51.6  81.7  52.5  78.6  39.0  45.4 270.6 999.0   9.9 355.7  24.1 210.5  19.0 229.9   2.7 226.7  14.8   6.7  27.7 353.2 356.5  43.9 340.2  33.9  24.6  52.8
 wrfout_d04_2016-02-03_10:00:00 999.0  41.5  64.5 247.7  49.2  54.5  84.8  57.9  80.2  48.8 253.1 258.7 999.0  13.0 355.0  15.3 223.6  20.9 220.3 356.0 227.1  17.2   6.4  35.8 343.0 350.0  26.9 339.3  32.8  25.2  49.2
 wrfout_d04_2016-02-03_11:00:00 999.0  42.3  64.8 328.4  49.6  51.0  93.5  49.6  78.6  37.5 262.7 268.4 999.0   9.4 350.1   9.2  16.8  27.0 226.3 350.1 226.9  17.5   6.9  45.9 350.0 357.2  15.4 337.9  34.2  22.6  50.0
 wrfout_d04_2016-02-03_12:00:00 999.0  42.4  66.3 219.5  50.8  53.5  88.7  52.4  79.3  41.7 314.8 255.7 999.0   8.5 350.0  16.9   2.2  24.9 218.7 350.2 224.5  20.3  11.6  46.3 351.5 355.3  18.9 342.1  23.0  21.7  53.8
 wrfout_d04_2016-02-03_13:00:00 999.0  43.3  68.4 217.1  52.0  55.5  89.9  56.2  80.6  41.0 214.9 256.5 999.0  13.7 329.6  15.8 258.1  21.2 213.6 346.4 224.0  21.0  15.2  43.7 351.3   3.3  21.6 352.0  26.1  18.8  46.1
 wrfout_d04_2016-02-03_14:00:00 999.0  48.9  70.3 234.9  54.7  74.1  81.0  55.5  75.6  44.7 234.2 261.7 999.0  14.9 342.9  25.0  25.8  28.1 218.0 357.1 218.8  21.6  19.2  41.6   3.4   0.7  19.7   1.2  31.6  23.4  34.2
 wrfout_d04_2016-02-03_15:00:00 999.0  47.8  71.8 217.0  57.3  63.2  78.9  50.8  78.9  41.4 246.1 247.0 999.0   8.8 347.1  27.2  65.1  20.0 220.9 358.2 218.7  24.9  19.7  42.3 346.1 355.4   7.0   7.8  14.3  19.7  38.4
 wrfout_d04_2016-02-03_16:00:00 999.0  48.4  69.7 276.2  55.2  63.5  82.7  53.1  80.8  41.8 252.5 247.7 999.0  14.6 357.5  19.3 316.2  21.2 222.1  14.9 215.1  17.4  15.6  45.7 354.3 354.5  21.8   3.4  33.4  26.3  33.6
 wrfout_d04_2016-02-03_17:00:00 999.0  43.0  73.0 214.7  57.8  66.0  90.4  47.1  91.7  42.9 248.7 252.9 999.0  18.7 326.1   9.2  20.6  23.6 224.3 337.5 211.7  18.6  22.3  33.5   5.7   2.9  15.9 350.0  40.6  21.4  31.9
 wrfout_d04_2016-02-03_18:00:00 999.0  52.6  78.1 243.4  60.9  59.4  93.1  45.5  88.6  38.1 258.2 256.4 999.0 358.9   9.8   9.7  41.8  20.4 223.3 357.1 208.2  17.9  17.4  40.2 350.4   0.9  44.9   3.7  34.0  23.8  26.6
 wrfout_d04_2016-02-03_19:00:00 999.0  52.9  73.8 248.4  57.8  59.5  85.8  43.7  80.4  47.0 264.6 268.3 999.0  13.8 352.0   8.8  31.5  19.5 217.2 359.8 207.4  17.4  10.0  45.3 359.3 359.0  35.5 355.2  26.3  22.4  29.6
 wrfout_d04_2016-02-03_20:00:00 999.0  45.7  74.3 223.3  55.6  54.6  86.2  42.9  81.9  34.7 269.6 280.2 999.0  11.0 353.3  12.6 106.8  21.6 206.5   2.2 215.0  18.8  11.3  39.3 356.5   1.0  31.2 353.8  28.1  27.8  32.0
 wrfout_d04_2016-02-03_21:00:00 999.0  47.4  72.6 256.0  55.5  54.4  77.2  46.2  76.2  42.3 263.2 288.4 999.0  18.4   2.1  17.8  86.9  17.2 210.8 353.7 215.9  18.2  16.3  36.0 359.0   5.9  24.7   9.1  26.5  25.8  46.9
 wrfout_d04_2016-02-03_22:00:00 999.0  46.7  67.9 263.0  51.9  36.2  80.5  42.5  82.0  40.0 255.2 298.7 999.0   9.9 355.7  18.2  75.6  20.2 209.7   9.7 214.2  19.9  13.3  40.4 351.8 359.1  27.4 353.9  30.2  16.8  41.8
 wrfout_d04_2016-02-03_23:00:00 999.0  35.6  67.9 172.5  46.6  34.0  79.9  39.9  77.1  32.8 243.1 294.6 999.0  12.2 349.6  15.5 160.7  20.6 214.7   1.1 218.0  18.9  11.8  35.0 350.4   2.3  34.8 356.1  24.8  15.1  17.7
