 wrfout_d04_2016-05-08_00:00:00 999.0 275.6 228.9 305.9 225.8  20.8 253.7 345.8 241.9 239.9  73.2 163.2 999.0 278.1 214.2 199.5 276.2 185.5 217.9 334.9 223.4 170.2 173.4 190.8 160.7 183.1 186.6 162.5 103.3 143.7 109.9
 wrfout_d04_2016-05-08_01:00:00 999.0 283.3 232.9 305.6 223.2  32.4 254.7 326.3 246.1 273.3  84.9 170.2 999.0 275.8 198.9 176.9 278.1 183.5 232.5 334.5 235.9 172.2 184.9 187.7 183.6 201.8 184.7 163.2  96.4 144.7 112.6
 wrfout_d04_2016-05-08_02:00:00 999.0 288.5 233.3 307.9 219.3  25.9 254.4 322.1 243.8 273.4  69.3 172.4 999.0 285.9 225.4 171.3 264.2 188.1 237.5 306.0 245.6 176.5 199.1 187.9 220.4 216.7 181.7 170.9 112.5 144.9 110.5
 wrfout_d04_2016-05-08_03:00:00 999.0 295.8 249.1 308.2 219.9  30.7 228.6 325.9 220.1 273.2  88.9 166.3 999.0 288.5 290.6 168.0 256.3 197.2 241.5 280.5 255.2 183.2 208.0 185.0 223.2 210.2 176.9 175.6 129.0 137.8 110.7
 wrfout_d04_2016-05-08_04:00:00 999.0 313.0 293.3 313.4 242.9  37.7 325.7 322.7 304.0 276.8  96.3 164.3 999.0 289.7 279.6 163.8 256.2 204.0 242.3 261.0 264.3 189.5 213.9 182.8 223.5 212.1 178.1 182.0 131.3 145.2 112.0
 wrfout_d04_2016-05-08_05:00:00 999.0 337.4 350.8 318.9 353.6  26.2 313.5 325.3 341.9 281.3  97.2 162.6 999.0 280.8 284.3 162.7 256.5 206.7 248.4 262.8 275.2 196.6 220.5 179.8 224.7 216.6 182.7 187.3 135.6 141.1 112.1
 wrfout_d04_2016-05-08_06:00:00 999.0 322.2 339.3 322.3 330.7  21.1 319.0 338.2 332.3 284.2 125.9 166.7 999.0 286.6 285.4 165.6 264.5 214.2 251.8 267.0 276.0 209.9 224.4 181.0 228.4 216.9 178.1 188.3 140.3 144.7 109.7
 wrfout_d04_2016-05-08_07:00:00 999.0 267.1 321.9 323.3 314.8   9.8 325.3 354.5 342.3 285.8 358.6 158.6 999.0 285.6 288.2 165.1 272.2 218.8 255.4 266.6 270.5 215.1 225.6 177.5 228.8 218.9 175.2 188.9 144.4 139.9 114.4
 wrfout_d04_2016-05-08_08:00:00 999.0 230.0  15.5 328.3 351.3  43.6 339.7   5.2   0.0 300.1  76.1 137.5 999.0 303.1 285.7 166.7 269.3 231.2 249.1 264.4 258.7 218.3 229.7 180.6 229.0 219.2 179.2 188.7 142.8 137.4 115.1
 wrfout_d04_2016-05-08_09:00:00 999.0 326.1   7.7 307.2 230.5 108.6 347.4  21.0  29.3 292.7  52.1 115.6 999.0 326.1 282.7 189.4 278.1 242.2 251.0 262.0 246.6 226.9 228.8 186.8 228.3 220.7 185.1 185.6 150.7 136.3 115.2
 wrfout_d04_2016-05-08_10:00:00 999.0 204.2 199.0 295.9 209.9  46.4 348.1  14.0  30.6 256.6 336.8 139.7 999.0 348.9 286.9 184.2 297.6 240.7 308.6 267.2 225.0 225.4 229.8 202.3 232.8 223.3 191.3 184.0 178.4 133.6 104.0
 wrfout_d04_2016-05-08_11:00:00 999.0 218.8 132.1 342.1 129.2  97.7  69.1   3.5  57.5 224.9 284.1 136.6 999.0 358.6 285.2 192.0  17.1 219.8 204.2 272.2 183.8 206.1 221.1 211.1 225.6 215.9 207.9 183.5 300.5 126.9 103.8
 wrfout_d04_2016-05-08_12:00:00 999.0  12.6 152.4 327.8 114.6 330.1  54.5  17.7   6.1 233.6 250.1 158.7 999.0 309.8 240.7 198.9  79.9 153.1 206.6 267.8 197.5 177.7 210.6 206.7 223.5 209.6 201.0 174.6 303.4 131.4 100.4
 wrfout_d04_2016-05-08_13:00:00 999.0 170.6 174.8 305.8 134.7  64.0 348.7 109.4 348.0 185.6  49.9 163.7 999.0 308.7 226.8 207.4 296.6 143.7 197.9 265.1 193.7 161.0 199.0 214.2 217.3 200.5 213.0 172.0 319.3 126.8 103.9
 wrfout_d04_2016-05-08_14:00:00 999.0 169.5 203.3 338.3 324.4 352.2  35.0 281.8  83.6 165.0 356.9 169.7 999.0 253.1 224.4 212.2 214.7 150.1 203.8 254.2 189.4 163.8 185.0 231.2 210.7 196.0 221.3 171.1 327.0 128.7  99.8
 wrfout_d04_2016-05-08_15:00:00 999.0 171.5 219.9 143.3 229.3 322.8  71.1 274.8  89.1 132.7  22.6  11.6 999.0 224.6 204.2 233.9 210.7 155.0 200.4 245.2 183.5 160.9 190.7 232.1 205.4 196.9 256.0 161.0 353.1 121.2 101.0
 wrfout_d04_2016-05-08_16:00:00 999.0 164.0 242.6 153.7 320.6 103.1  54.6 180.0 113.7 122.0  11.2 336.0 999.0 204.2 200.8 221.3 204.0 153.5 201.9 224.2 200.2 176.3 186.2 227.4 206.3 191.5 271.3 145.6 358.8 126.4  96.5
 wrfout_d04_2016-05-08_17:00:00 999.0 159.8 247.7 147.9 315.0 233.9 109.2 230.2 157.2 162.7  29.8  54.0 999.0 185.7 182.5 219.3 176.5 168.0 197.3 225.9 202.9 176.0 191.9 245.9 211.5 207.0 282.0 154.8 326.7 131.3  97.2
 wrfout_d04_2016-05-08_18:00:00 999.0 154.7 240.3 127.2 292.8 230.5 117.4 226.0 125.4 133.2  27.2  22.9 999.0 191.2 178.4 227.5 196.3 186.4 198.6 221.4 207.0 178.4 195.5 252.5 110.6 137.5 290.8 154.4 326.5 126.9  98.1
 wrfout_d04_2016-05-08_19:00:00 999.0 166.3 238.5 137.3 289.5 234.7 133.0 174.8 138.5 132.9  51.5 335.7 999.0 183.7 189.6 218.0 207.5 182.5 201.8 239.4 204.1 181.0 178.6 247.5 105.9 121.9 279.8 155.1 332.4 127.7 100.3
 wrfout_d04_2016-05-08_20:00:00 999.0 169.2 235.1 134.8 275.3 233.1 120.1 222.9 183.7 118.4  40.0  27.3 999.0 176.6 184.4 211.4 198.6 185.2 203.6 237.4 205.3 175.5 143.4 249.8 104.1 131.1 268.7 155.3 325.0 133.3  98.1
 wrfout_d04_2016-05-08_21:00:00 999.0 179.4 232.8 130.8 269.9 227.0 243.0 151.9 161.7 105.3 111.3 359.1 999.0 186.3 180.9 216.9 191.4 180.9 199.4 134.1 202.1 171.7 146.4 252.7 122.2 125.0 252.8 157.7 325.1 137.3  96.2
 wrfout_d04_2016-05-08_22:00:00 999.0 189.7 230.8 121.5 264.7 226.6  19.6 163.5  88.1 106.5 206.3 325.0 999.0 180.9 185.6 216.6 208.5 178.1 204.1 142.0 199.7 169.4 163.3 249.4 121.3 143.5 245.4 157.7 313.1 139.4  94.9
 wrfout_d04_2016-05-08_23:00:00 999.0 203.9 235.8 163.4 252.6 233.4 166.4 232.2 343.1 157.9  61.6 178.4 999.0 193.1 184.9 214.1 312.9 174.7 214.1 176.0 200.9 169.8 171.5 232.6 166.9 167.6 210.2 156.1 320.2 147.7 111.6
