 wrfout_d04_2016-08-19_00:00:00 999.0 271.6 267.6 293.6 265.1 266.2 268.7 246.2 248.9 234.7 130.9  99.5 999.0 196.5 199.7  31.8   8.8 181.9 321.5 199.1 309.9 167.8 175.1  56.7 162.8 175.1  42.6 196.2 151.0 295.8 276.0
 wrfout_d04_2016-08-19_01:00:00 999.0 245.8 265.3 295.0 258.6 350.9 278.1 259.4 251.3 260.5 100.3  65.2 999.0 212.0 222.3  92.4 323.8 164.8 351.6 205.7 330.7 141.3 180.1  77.5 165.5 167.3  92.3 193.1  94.2 301.2 230.2
 wrfout_d04_2016-08-19_02:00:00 999.0 254.4 268.4 305.8 262.3  27.7 307.5 269.5 276.2 275.1 104.2  86.2 999.0 253.0 234.3 101.0 299.2 175.8 348.3 217.4 323.4 149.8 175.3  74.6 128.2 214.0  92.9 202.1 115.3 307.0 246.6
 wrfout_d04_2016-08-19_03:00:00 999.0 261.2 273.9 307.7 271.3  27.2 322.3 271.3 283.7 279.9 101.6  94.9 999.0 266.4 239.1 100.2 283.9 188.8 340.1 233.2 338.7 155.6 228.7  89.0 239.9 226.5 102.0 211.3 100.2 292.4 252.3
 wrfout_d04_2016-08-19_04:00:00 999.0 272.4 276.0 308.7 273.8  26.2 333.9 292.0 329.5 286.5  99.2  97.6 999.0 274.2 264.1  95.0 279.1 208.9 253.9 245.4 325.6 165.2 225.5 102.4 237.4 234.1 252.6 215.9  94.4 266.2 247.9
 wrfout_d04_2016-08-19_05:00:00 999.0 289.5 289.9 316.2 286.2  23.1 328.6 306.4 333.7 285.2  94.4  92.3 999.0 273.0 277.8  80.6 269.8 213.0 249.5 261.3 278.0 171.4 230.3 152.2 243.1 241.8 270.1 210.0 336.8 279.0 247.9
 wrfout_d04_2016-08-19_06:00:00 999.0 297.8 286.2 316.8 284.0  28.3 319.3 289.4 330.8 282.5 106.4  91.0 999.0 273.2 282.6 107.5 278.8 207.2 261.3 264.8 338.3 177.2 223.7 226.4 243.3 238.7 337.9 209.2 307.2 285.2 257.0
 wrfout_d04_2016-08-19_07:00:00 999.0 295.8 275.2 311.9 275.8  40.8 323.0 277.9 323.4 277.5 111.7 103.1 999.0 290.2 286.2 222.9 261.2 212.9  47.2 266.1 106.1 189.3 230.7 340.1 242.5 235.6  14.8 223.8  71.6 330.0 252.0
 wrfout_d04_2016-08-19_08:00:00 999.0 258.7 254.5 301.0 261.4  53.0 318.5 258.2 314.5 264.3 111.0 143.9 999.0 304.7 289.0 167.9 126.9 223.0 135.8 262.7 148.1 192.2 213.5 162.0 237.9 229.6 314.0 213.2  41.7 345.7 264.6
 wrfout_d04_2016-08-19_09:00:00 999.0 197.6 277.3 302.3 273.2  54.5 330.8 250.3 304.3 268.5 268.2 314.9 999.0 288.2 281.6 162.7 330.5 199.6 120.3 126.8 279.6 198.2 208.9  60.4 247.0 236.5 196.7 215.5 180.9 357.3  75.5
 wrfout_d04_2016-08-19_10:00:00 999.0 190.1 230.4 289.0 238.1  74.3   8.2 235.2 275.0 254.2 203.8 285.7 999.0 222.3 162.0 187.2 170.6 194.3 155.5 130.3 246.5 196.1 183.7 345.3 307.8 243.9 177.8 224.1  89.4 353.0 217.0
 wrfout_d04_2016-08-19_11:00:00 999.0 181.3 242.6 330.0 287.8  26.0  24.7 236.7 299.0 247.9 262.7 181.1 999.0 156.7 172.2 192.0 121.5 167.4 117.3  44.6 127.1 161.1 228.2 211.1 352.4 250.2 280.1 249.6 272.1 327.1 236.5
 wrfout_d04_2016-08-19_12:00:00 999.0 167.0 287.7 351.2 322.6  21.2  28.8 226.3 305.6 245.1 311.4 144.7 999.0 177.4 246.7 358.8 353.5 165.5 248.9 205.3 338.8 140.2 141.6 297.0 352.0 279.4 159.5 242.9 289.8 322.8 269.5
 wrfout_d04_2016-08-19_13:00:00 999.0 169.2 236.6   5.6 242.4 276.8  64.6 223.2 176.6 239.1 279.7 352.2 999.0 184.9 235.0 249.2 192.3 210.1  77.3 205.5  23.1 220.9 296.2 352.8 253.6 260.9 335.6 232.7 288.0 349.8 242.2
 wrfout_d04_2016-08-19_14:00:00 999.0 158.6 220.7  82.5 219.6 252.5  73.4 178.0 135.1 185.4 193.7   2.2 999.0 193.1 167.5 237.2 194.8 217.1 105.6 222.6  23.5 229.0 114.0 313.2  59.2 215.4 327.7 235.7  23.7 332.6 259.6
 wrfout_d04_2016-08-19_15:00:00 999.0 164.9 205.1 113.0 168.3 230.6  76.1 190.7 112.9 224.0 325.7 346.3 999.0 186.1 167.2 251.4 195.4 218.6 125.2 236.2  57.6 214.5 144.1 320.5 171.5 241.0 332.4 231.2 336.5 331.1 302.2
 wrfout_d04_2016-08-19_16:00:00 999.0 170.9 187.3 132.4 125.0 240.7  82.7 185.8 112.5  61.4 175.7  32.2 999.0 168.4 153.9 233.3 140.8 178.3  90.4 224.7  67.3 173.6 172.7 312.2 276.3 249.9 330.4 231.9 326.0 342.8 301.6
 wrfout_d04_2016-08-19_17:00:00 999.0 174.7 229.4 331.6 308.6 250.9  16.7 236.6 260.8 327.1 218.7   5.2 999.0 180.1 157.0 223.0  89.3 174.7 104.3 207.9  76.6 166.4 201.6 320.7  71.9 123.3 355.6 236.4 323.5 331.9 320.0
 wrfout_d04_2016-08-19_18:00:00 999.0 173.3 240.8 303.8 273.4 254.0 297.9 244.4 220.3 282.4 181.1   4.2 999.0 183.2 178.8 238.7  92.8 172.9 120.1 206.9  88.8 172.9 104.6 310.0  90.5 114.2 332.2 244.3 317.4 332.0 341.2
 wrfout_d04_2016-08-19_19:00:00 999.0 167.9 255.1 357.4 290.1 251.9 278.0 224.5 221.8 174.1 215.6 357.0 999.0 174.5 171.0 234.5  86.9 177.7 172.6 233.4 117.6 179.7 101.6 320.1  60.6  78.1 318.6 257.1 337.6 337.5 335.0
 wrfout_d04_2016-08-19_20:00:00 999.0 178.6 255.9  44.0 288.1 251.9 328.2 215.1 178.2 129.5 163.5 297.1 999.0 170.2 155.2 210.4  68.9 178.2 177.9 215.3 142.8 197.0  98.3 307.5  62.5  56.3 318.4 263.1 322.1 339.6 342.5
 wrfout_d04_2016-08-19_21:00:00 999.0 198.4 267.0  39.1 300.3 236.3 305.5 190.7 186.1 111.5 167.6 294.8 999.0 171.4 154.6 216.5  34.0 175.9 180.0 200.7 150.2 217.5 103.5 316.8  96.7 109.7 319.1 279.8 313.0 337.2 341.7
 wrfout_d04_2016-08-19_22:00:00 999.0 218.6 270.7 356.6 302.2 225.5 257.9 165.9 212.3 111.5 201.4 290.0 999.0 176.0 165.6 224.8  25.1 176.4 150.6  65.0 161.6 204.9  90.0 328.1  62.8  85.2 342.0 300.8 313.6 337.2 345.4
 wrfout_d04_2016-08-19_23:00:00 999.0 246.6 249.8 229.9 268.5 226.4 250.5 207.6 219.5 200.4 205.1 322.6 999.0 200.5 196.7 220.0 347.7 191.1  81.6  37.3 347.2 180.0  87.0 144.9  55.5  47.2  11.4 334.4  21.4 351.0 332.5
