 wrfout_d04_2016-08-28_00:00:00 999.0  23.0  57.9  14.4  75.1  27.5  58.9  70.1  57.4  62.1  79.0 354.6 999.0 200.8 191.0  20.6 339.8 320.8 352.0 210.4 320.5 281.9 215.4 164.5 203.8 237.5  95.6 238.9  82.5 244.4 290.0
 wrfout_d04_2016-08-28_01:00:00 999.0  25.6  59.6   6.6  58.5  37.3  74.3  64.1  62.8  59.2  93.2  30.9 999.0 207.9 207.5  37.9 263.0 359.7 358.2 234.9 322.9 350.1 298.8  19.6 292.0 287.3  84.9 264.3  62.5 234.3 282.6
 wrfout_d04_2016-08-28_02:00:00 999.0  15.4  55.7 353.3  54.2  40.3  79.6  38.6  72.5  18.2  65.9  32.3 999.0 252.1 228.2  41.5 254.2 354.6 334.0 251.7 315.6 349.7 290.1 325.4 310.4 276.2  85.7 271.1  60.7 228.4 283.4
 wrfout_d04_2016-08-28_03:00:00 999.0  17.7  36.8   4.0  41.9  35.4  58.2  24.7  61.4  20.7  72.9  37.4 999.0 320.1 238.5  49.2 260.4 357.8 335.8 277.5 321.0 353.5 302.2  70.4 294.3 272.7  85.2 270.6  62.6 230.4 279.1
 wrfout_d04_2016-08-28_04:00:00 999.0  10.0  32.7  10.4  33.7  14.6  65.5  32.0  53.1  13.7  77.0  48.7 999.0 324.0 277.2  54.2 250.6 353.4   3.8 293.8 328.5  10.7 315.5  31.5 304.0 278.4  85.6 269.7  70.2 225.2 278.6
 wrfout_d04_2016-08-28_05:00:00 999.0   4.8  29.4  10.5  30.8  14.0  70.5  27.7  35.9  23.4  54.0  46.6 999.0 347.3 288.6  27.1 247.8 353.3 281.9 307.5 318.1  10.3 314.3  51.6 295.5 278.1  84.5 268.7  60.9 221.9 266.2
 wrfout_d04_2016-08-28_06:00:00 999.0   7.4  29.4  25.4  30.3  13.8  59.1  36.1  17.3  31.6  46.8  25.0 999.0 358.3 347.6  36.7 251.4 348.7 272.8 311.0 314.3 348.8 326.0  15.9 310.4 291.3  72.3 276.1  69.4 219.5 267.2
 wrfout_d04_2016-08-28_07:00:00 999.0   7.4  30.6   8.9  32.3  11.8  90.7  31.8  38.7  15.5  35.6  16.9 999.0  12.2 351.3  33.6 245.7 352.4 312.0 302.9 299.6 345.1 330.6  89.3 315.1 305.7  89.1 283.4  71.0 221.7 258.7
 wrfout_d04_2016-08-28_08:00:00 999.0   3.9  30.6   8.7  32.0   6.9 356.3  38.9  23.5  36.7  32.0 347.4 999.0  19.8 349.2  21.6 287.8 351.7 343.3 324.4 309.8 347.4 341.0 356.4 326.7 325.8  91.5 285.9  58.1 216.4 259.1
 wrfout_d04_2016-08-28_09:00:00 999.0   9.5  45.3  28.5  35.8   4.2  99.4  61.5 108.6  35.8  49.9 323.9 999.0  30.6  10.9  21.6 244.2   0.9 359.4 328.6 320.4  13.7 340.5 255.6 330.7 329.4  16.6 296.9  60.0 223.7 258.4
 wrfout_d04_2016-08-28_10:00:00 999.0  14.3  53.9  29.6  41.3  64.5  80.7  61.0  89.9  53.6 240.0 329.1 999.0  14.6  17.9  30.9 193.7  28.6   9.2 331.9 305.9   6.4 349.2 281.4 339.2 343.2 354.4 300.5  18.6 226.7 261.4
 wrfout_d04_2016-08-28_11:00:00 999.0  19.0  50.2 192.0  46.0  30.8 131.6  75.0 112.5  57.9 214.4 350.3 999.0  20.6 333.2  27.0 199.2  35.9 222.1 328.3 283.6  13.7 357.6 285.7 333.0 340.7 333.0 307.9   3.2 239.9 263.7
 wrfout_d04_2016-08-28_12:00:00 999.0  27.1  58.4 182.4  52.4  34.5 164.4  86.7 145.5  55.6 200.6 305.5 999.0  15.7   7.2  29.1 188.2  34.6 225.0   9.4 276.3  27.9   9.2  45.0 334.3 341.9 346.7 316.4 331.2 239.8 266.1
 wrfout_d04_2016-08-28_13:00:00 999.0  24.3  46.5 176.7  39.4  33.1 212.9  82.4  87.4  54.9 253.8 278.1 999.0  14.8 355.0  27.7 236.4  31.5 211.2 337.0 229.8  25.0 350.6  39.4 339.4 356.8  11.0 330.3  31.6 242.2 292.2
 wrfout_d04_2016-08-28_14:00:00 999.0  21.9  51.1 141.3  47.0  36.5 105.9  80.6 141.3  61.2 253.7 276.5 999.0   2.7  15.9  28.3 287.5  32.3 232.0 345.5 232.5  19.8  10.2  36.7 340.4 348.1 348.2  15.9  14.9 244.1 317.9
 wrfout_d04_2016-08-28_15:00:00 999.0  27.0  52.9 191.6  49.3  43.1 187.8  77.2 113.8  58.7 267.8 274.9 999.0 355.2   4.5  25.1 162.2  27.1 226.5  33.4 251.2  22.5 359.9  40.6  39.1  26.3  51.0 357.6  31.4 272.0  61.6
 wrfout_d04_2016-08-28_16:00:00 999.0  25.1  54.1 164.2  47.9  36.4 179.8  76.2 114.5  42.3 293.0 267.7 999.0   7.6   2.1  24.7  61.1  24.9 230.0 331.4 243.3  18.3  16.7  20.6 333.8 331.2  16.5  42.5  17.7   9.9  50.0
 wrfout_d04_2016-08-28_17:00:00 999.0  23.5  49.9 169.6  44.8  29.6 265.5  68.0 110.9  60.9 257.7 263.7 999.0   4.6 337.7  25.7 202.7  33.0 223.0 331.0 233.4  16.5  37.4  45.8 273.0  24.8  26.4  66.2   5.8  12.4  59.5
 wrfout_d04_2016-08-28_18:00:00 999.0  19.9  51.0 181.5  47.8  37.0 147.0  80.1 101.2  49.1 275.6 264.5 999.0  21.8   1.3  17.0 217.0  44.8 207.2 315.3 235.9  27.5   3.8  35.6  17.3   6.8  32.9 230.1   2.7   8.1  58.8
 wrfout_d04_2016-08-28_19:00:00 999.0  17.5  49.4 181.8  48.1  35.4 180.6  77.9 112.4  53.9 266.8 264.8 999.0  15.2 321.1   8.2 126.1  31.8 208.2 344.7 242.8  23.8  37.0  27.0 351.2 341.7  20.0 231.0  14.2  12.3  56.3
 wrfout_d04_2016-08-28_20:00:00 999.0  19.1  50.4  56.9  43.8  31.1 171.8  74.4 118.5  52.1 261.3 258.3 999.0   7.1 217.7   6.6 228.0  27.4 212.4 359.4 242.4  27.3  46.4  27.7  60.5  68.4   5.6 260.1   4.9  19.4  60.3
 wrfout_d04_2016-08-28_21:00:00 999.0  19.5  46.7 166.6  44.3  38.8 224.9  86.5 108.4  58.8 271.6 260.3 999.0  16.3 305.5   7.4 219.8  32.4 211.5 346.1 250.8  31.1  21.2  37.8 328.4 229.3  20.8 253.8  14.3  15.8  56.6
 wrfout_d04_2016-08-28_22:00:00 999.0  19.2  49.9  60.3  43.5  30.7 160.1  75.4 108.3  51.1 261.8 269.6 999.0  19.3   7.3  12.9 113.5  38.4 209.5 318.9 245.5  24.8  21.5  45.0 338.5 334.3  25.4 223.1  22.9  20.0  58.4
 wrfout_d04_2016-08-28_23:00:00 999.0  18.5  48.5  28.2  42.2  32.8 155.0  75.4 101.7  50.1 249.2 273.5 999.0  21.7 357.5   6.5 133.8  37.3 213.8  13.6 260.7  30.6  41.1  32.6  34.3  25.0  12.8 246.2  17.5  21.9  55.5
