 wrfout_d04_2016-07-17_00:00:00 999.0 173.6 235.9 244.6 248.2 236.8 248.1 228.5 235.1 236.0  88.3  22.1 999.0 194.6 192.8  36.6 260.8 196.8 270.6 201.3 301.0 176.2 192.8 102.7 228.8 239.8  59.1 268.5  99.7 235.9 297.0
 wrfout_d04_2016-07-17_01:00:00 999.0 188.0 232.9 246.6 235.8 202.8 231.0 232.7 220.4 238.9  78.7  17.7 999.0 207.6 196.7  43.0 261.5 217.7 291.1 206.5 323.0 222.3 195.5  61.7 242.0 249.8  74.6 260.2  98.9 238.2 286.5
 wrfout_d04_2016-07-17_02:00:00 999.0 190.8 239.2 276.4 236.6 217.0 236.1 236.2 231.0 246.2  90.4  35.6 999.0 224.6 205.0  43.5 247.1 216.9 297.3 216.8 321.1 221.9 218.0  61.8 254.2 252.7  81.9 259.7  85.8 238.7 286.0
 wrfout_d04_2016-07-17_03:00:00 999.0 190.2 255.4 285.7 251.8  19.5 243.8 239.0 230.5 250.9  97.2  48.4 999.0 232.1 215.2  49.6 242.0 217.7 339.7 212.9 325.3 221.0 245.4  60.1 249.4 251.9  86.1 264.4  79.4 237.5 283.6
 wrfout_d04_2016-07-17_04:00:00 999.0 208.0 266.1 285.7 278.9  41.5 250.2 240.9 248.7 251.4  97.6  50.8 999.0 233.1 222.2  49.4 249.5 217.8 333.3 236.0 325.2 218.8 235.1  61.1 247.3 249.4  88.4 267.0  84.7 236.0 283.0
 wrfout_d04_2016-07-17_05:00:00 999.0 203.8 267.9 285.3 279.9  43.6 253.5 240.0 265.6 249.6  98.3  53.8 999.0 234.4 227.9  53.7 253.0 215.5 354.3 244.1 334.0 216.9 239.5  59.4 249.7 252.8  91.7 268.9  93.3 234.8 281.4
 wrfout_d04_2016-07-17_06:00:00 999.0 179.1 267.0 285.0 273.5  43.9 130.6 234.1 258.2 246.9 102.4  56.4 999.0 233.0 237.0  43.1 251.3 215.6 226.0 241.8 307.4 217.4 226.4  77.2 252.1 253.7  84.3 271.4  80.6 233.9 280.6
 wrfout_d04_2016-07-17_07:00:00 999.0 163.4 273.7 290.3 281.8  54.4  79.8 227.3 252.3 243.1 100.1  52.7 999.0 227.8 231.6  54.2 239.9 205.8 202.2 246.1 225.4 210.3 227.8  58.3 253.8 254.6  93.5 269.9  82.7 237.1 284.8
 wrfout_d04_2016-07-17_08:00:00 999.0 169.0 295.1 307.8 298.5  43.0 148.4 243.0 128.5 252.4 117.6  44.8 999.0 225.4 231.7  75.5 227.0 210.5  48.2 250.6  46.0 207.5 229.5  47.4 262.6 262.8  55.3 271.1  90.5 237.8 282.5
 wrfout_d04_2016-07-17_09:00:00 999.0 130.8 303.9 310.6 325.1  58.3 154.6 238.1  92.6 247.2 104.3  52.6 999.0 222.4 241.3  48.2 255.2 199.3 253.5 246.7 112.8 197.1 229.9  66.6 254.6 252.0  68.3 271.0  69.2 240.8 285.6
 wrfout_d04_2016-07-17_10:00:00 999.0 107.1 309.7 315.4 324.0  36.4  17.4 232.4 101.9 225.7  79.1  27.4 999.0 222.1 258.0  29.7 223.2 201.7  32.5 252.6 213.7 208.7 229.4  60.8 248.2 244.2  74.0 272.9 114.3 244.5 283.7
 wrfout_d04_2016-07-17_11:00:00 999.0 121.2 344.3   4.4 356.5  25.2  58.7 214.0  93.5 219.9  41.0  45.9 999.0 213.7 227.7  18.3 228.8 202.3 164.9 222.8 192.6 206.3 211.4  65.9 234.9 229.3  73.1 265.3 155.3 251.1 283.3
 wrfout_d04_2016-07-17_12:00:00 999.0 140.1 322.0  22.9 338.0   1.9   9.7 244.2  70.8 212.6 349.7   9.1 999.0 220.7 217.8   1.9 219.4 210.7 251.1 230.0 271.2 227.1 223.6  41.7 238.4 231.7  84.0 258.7  15.3 248.8 279.0
 wrfout_d04_2016-07-17_13:00:00 999.0 144.5 286.2  52.9 307.6  68.2  18.7 199.8  91.5 194.8  79.5 323.8 999.0 194.0 184.8  20.4 195.7 211.3 303.7 204.3 270.5 209.4 223.8  48.0 214.2 205.6  70.3 263.4 355.1 254.6 285.4
 wrfout_d04_2016-07-17_14:00:00 999.0 149.1 266.3   1.6 304.3  88.7  80.7 225.1  81.7 254.5 324.0  38.5 999.0 195.2 201.2   5.7 136.9 212.0 147.7 184.5 224.9 207.5 181.9  15.9 189.1 194.7 357.3 245.8 339.8 254.0 277.1
 wrfout_d04_2016-07-17_15:00:00 999.0 210.1 314.2   7.5 343.4 352.1  40.1 223.7  67.2 254.5  74.2 319.3 999.0 202.0 194.7   1.1 261.1 205.6 220.7 204.9 258.9 213.9 198.2 185.3 197.9 187.8   3.5 231.0   3.7 258.5 280.0
 wrfout_d04_2016-07-17_16:00:00 999.0 161.6 254.8  23.2 304.0 338.1  28.7 202.4 103.9 176.5 164.9 336.0 999.0 184.9 185.4   8.8 212.9 210.6 170.5 184.8 250.9 207.7 193.6 209.8 226.3 225.9 142.4 247.6 323.6 248.3 269.8
 wrfout_d04_2016-07-17_17:00:00 999.0 167.6 131.0  29.3  80.6 119.5 109.1 211.3 115.2 145.8 150.6 311.4 999.0 182.4 181.6 356.5 128.0 204.3 150.6 185.9 269.0 210.5 186.7 227.1 149.7 183.5  46.9 245.7 307.9 247.0 278.4
 wrfout_d04_2016-07-17_18:00:00 999.0 161.5  83.3  94.9  26.9 317.7  30.6 169.5  36.7 139.1 310.8 280.6 999.0 194.0 165.5 352.8 286.3 205.2 198.3 191.9 205.1 206.1 185.8 260.3 144.5 176.7 278.1 227.7 307.7 251.6 272.5
 wrfout_d04_2016-07-17_19:00:00 999.0 183.5  83.9 314.1  51.0 316.1  58.7 173.6  10.6 122.7 284.7 301.0 999.0 182.5 170.3 355.2 239.7 206.9 192.0 188.4 231.8 210.0 195.1 270.9 156.5 172.0 273.8 240.9 319.4 243.4 262.8
 wrfout_d04_2016-07-17_20:00:00 999.0 179.2   3.5 358.6   7.7 346.1 351.0 166.8 203.5 172.1 197.8 316.5 999.0 181.4 160.4 359.6 239.2 207.8 174.1 175.5 227.4 207.2 191.6 255.9 134.8 133.0 265.6 206.9 314.6 239.9 263.9
 wrfout_d04_2016-07-17_21:00:00 999.0 224.3  79.3 322.3  37.9   9.4 220.5 187.0 208.9 217.7 266.4 307.2 999.0 171.5 158.5 354.1 257.3 208.5 195.3 184.4 211.9 215.6 167.0 254.2 142.1 132.1 250.5 238.6 316.7 235.2 273.4
 wrfout_d04_2016-07-17_22:00:00 999.0 206.6 259.7  28.4 284.8 234.8 218.9 210.7 185.7 205.5 117.9 317.1 999.0 172.1 155.1 356.1 295.6 205.3 195.2 183.0 233.0 211.3 162.2 254.5 143.2 133.0 293.7 208.2 314.0 241.7 266.6
 wrfout_d04_2016-07-17_23:00:00 999.0 235.0 250.7 263.0 263.8 235.5 336.1 215.3 335.4 207.4 101.1 343.7 999.0 173.7 166.0   8.5 270.2 207.2 218.4 188.6 295.4 209.7 154.9 213.6 141.5 134.4 240.4 237.0 249.7 239.1 269.6
