 wrfout_d04_2016-11-28_00:00:00 999.0  42.1  54.7  36.5  50.8  45.2  78.9  53.5  64.6  49.6  64.7 356.3 999.0  22.4   8.8  18.2   3.9  27.8 235.0   5.1 157.6  21.0  27.6  27.4   4.9   9.9  10.1 319.8  15.9  34.8  54.4
 wrfout_d04_2016-11-28_01:00:00 999.0  43.0  56.4  50.6  53.2  45.9  66.8  55.7  60.4  51.0  55.7  14.9 999.0  24.3   8.5  22.6 196.6  26.3  63.6 356.4 150.6  18.7  20.8  28.6  11.3  15.8  12.8 309.0  16.7  32.8  55.9
 wrfout_d04_2016-11-28_02:00:00 999.0  45.9  59.7  54.4  55.6  48.1  70.1  54.7  62.2  54.2  67.3  55.1 999.0  24.0  16.3  25.4 264.2  27.8 297.0 335.9 150.7  18.8  14.2  26.4   0.3   2.6  25.4 268.9  16.4  31.0  54.8
 wrfout_d04_2016-11-28_03:00:00 999.0  46.3  62.6  62.7  58.4  51.9  70.8  52.9  64.4  52.3  76.0  44.2 999.0  20.7 340.5  21.7 236.9  24.6  45.8 328.4 145.7  16.4  24.5  32.3 356.5   4.6  32.3 278.1  14.3  30.3  53.7
 wrfout_d04_2016-11-28_04:00:00 999.0  46.0  62.9  65.8  59.2  54.6  68.9  52.0  69.7  53.5  81.4  47.8 999.0  17.1   1.7  22.5 249.1  25.8  43.3 316.2 353.0  17.0  13.8  31.5 332.1 332.5  33.2 274.0  20.8  29.9  53.9
 wrfout_d04_2016-11-28_05:00:00 999.0  48.0  63.9  68.5  60.8  59.0  76.4  57.5  66.0  54.5  92.4  50.1 999.0  18.8 341.5  28.9 252.3  24.2  45.8 306.7 346.0  17.2  14.2  33.1 345.0   1.0  30.9 261.6  20.3  30.8  49.9
 wrfout_d04_2016-11-28_06:00:00 999.0  43.4  63.9  69.8  60.7  58.6  68.4  57.8  62.7  52.2  89.7  50.4 999.0  16.8 355.6  26.3 243.2  23.8  51.2 287.9  27.7  13.3 353.5  28.9 330.2 322.8  33.6 270.3  21.2  30.9  50.3
 wrfout_d04_2016-11-28_07:00:00 999.0  46.2  64.4  66.1  60.6  55.3  71.9  58.2  64.9  54.0 140.7  55.0 999.0  16.6 352.6  25.7 232.3  23.7  50.7 286.5  71.3  14.0 355.0  22.9 318.8 314.8  28.2 281.0  21.0  35.7  51.6
 wrfout_d04_2016-11-28_08:00:00 999.0  49.8  65.8  71.5  62.9  56.5  73.6  56.8  64.1  51.2 185.1  27.2 999.0  19.0 350.2  23.9 251.7  24.2  49.9 333.0 140.2  14.6 359.8  28.1 333.1 326.3  20.0 288.6  21.2  33.5  54.6
 wrfout_d04_2016-11-28_09:00:00 999.0  50.8  68.4  95.8  64.4  56.4  74.4  55.4  68.7  52.1 222.8 168.3 999.0  21.4 350.7   8.4 236.6  22.8  72.5 333.8 149.6  15.1 359.4  24.0 343.2 339.9   9.6 241.2  16.4  30.1  54.7
 wrfout_d04_2016-11-28_10:00:00 999.0  51.8  67.6  86.9  62.8  59.0  75.9  56.0  74.1  52.3 249.5 132.7 999.0  21.2  10.1 359.1 179.7  24.5 222.6 328.2 153.2  15.0   5.0  19.2 332.5 344.2   1.7 226.8   9.4  29.3  54.5
 wrfout_d04_2016-11-28_11:00:00 999.0  53.6  68.0 104.7  62.4  56.7  67.7  55.9  71.6  52.6 243.1  87.1 999.0  15.0 356.9 351.8  98.6  23.0 225.4 335.8 152.5  14.2  20.6  18.9 350.3 349.9   6.3 216.0   6.3  31.1  53.2
 wrfout_d04_2016-11-28_12:00:00 999.0  56.2  70.4 107.6  65.3  62.0  72.4  55.8  73.8  52.8 247.1  71.8 999.0  12.4 348.3   5.3 220.1  22.6 225.4 324.0 151.4  13.6  30.7  13.8   1.0 343.1   3.6 222.8  13.7  22.7  54.0
 wrfout_d04_2016-11-28_13:00:00 999.0  56.3  72.5 103.9  67.4  67.4  77.6  59.6  75.9  53.3 242.4  72.0 999.0  12.0 359.8   4.6 211.9  22.1 210.0 267.9 152.9  18.0  45.2  13.6   0.8   4.8   6.6 230.6   9.8  29.9  52.4
 wrfout_d04_2016-11-28_14:00:00 999.0  56.3  75.2 100.2  69.2  82.4  82.8  63.3  72.8  54.5 108.3  61.4 999.0  11.2 221.5 358.6 206.7  21.3 110.9 249.6 154.5  19.3  56.5  11.8  63.9  59.5   7.8 238.9   3.4  32.3  48.4
 wrfout_d04_2016-11-28_15:00:00 999.0  59.4  77.5  94.8  73.0  72.6  75.6  63.7  71.3  56.7 194.7  81.1 999.0  18.2  73.4 353.9 203.8  21.6  95.5 216.6 156.9  15.2  67.2   2.3  51.3  80.6 359.8 245.2 358.6  28.2  53.9
 wrfout_d04_2016-11-28_16:00:00 999.0  60.5  75.6  85.5  69.1  66.7  79.5  59.7  77.3  58.8 140.0  81.0 999.0  10.0 105.2 357.1 229.1  19.2 221.9 194.0 159.4   5.7  67.9   2.9 115.6 128.6   3.0 276.5  12.1  22.7  51.9
 wrfout_d04_2016-11-28_17:00:00 999.0  58.0  76.3  83.8  69.0  69.2  80.7  57.7  76.7  56.2 216.0  81.4 999.0 353.9 111.6   9.5 233.3  19.4 246.5 226.1 157.8  10.4  62.5   6.9  71.7 103.1   9.9 308.7  23.5  26.1  55.3
 wrfout_d04_2016-11-28_18:00:00 999.0  58.7  75.1  74.1  65.7  71.8  84.7  61.5  77.9  58.0 254.0  81.1 999.0  19.8  80.0   0.2 244.8  20.6  98.1 290.0 159.4   7.9  49.3  13.2  34.1  54.2  12.6 347.8  21.0  26.7  55.2
 wrfout_d04_2016-11-28_19:00:00 999.0  56.3  77.5  80.5  70.9  75.4  82.1  60.3  79.0  57.8  70.8  79.9 999.0 354.5  57.4   4.5 331.9  19.1 117.3 352.1 157.7   6.0  63.0  15.4  52.0  73.0  13.6   2.3  20.0  31.4  58.7
 wrfout_d04_2016-11-28_20:00:00 999.0  56.3  76.7  86.4  68.3  68.8  86.3  60.8  73.9  57.2 146.3  81.8 999.0   8.0 355.9 353.0  54.5  18.1 190.7  57.2 163.5   5.4  72.6  10.7  61.3  80.5  13.9  11.2  20.5  30.4  52.6
 wrfout_d04_2016-11-28_21:00:00 999.0  59.7  75.5  92.4  66.5  74.2  78.2  59.4  75.5  57.9 202.4  75.1 999.0  35.7 342.8 356.2  44.1  20.4 204.4  53.7 167.8   9.3  72.5  10.7  41.4  81.9  11.1   8.2  24.4  30.7  48.6
 wrfout_d04_2016-11-28_22:00:00 999.0  60.9  77.3  93.9  68.4  74.6  74.2  59.1  77.3  58.8 245.4  81.7 999.0 349.8 325.1 352.4 173.5  22.0 197.5 345.3 164.7  12.6  54.2  14.5  91.9  94.9  11.9  10.6  24.0  34.0  49.7
 wrfout_d04_2016-11-28_23:00:00 999.0  64.2  77.2  74.0  65.1  71.2  88.2  60.5  83.9  59.0 265.1  92.7 999.0  15.9  81.2   3.5 241.9  18.0 190.7  18.7 168.7   9.5  70.5  15.2  60.2  53.0  16.7 358.1  12.8  33.9  51.4
