 wrfout_d04_2016-02-04_00:00:00 999.0  33.0  70.7 299.9  48.1  27.8  79.7  39.8  71.3  33.5 251.8 290.1 999.0   6.8 309.5  10.6  19.8  23.2 213.2   2.0 224.8  19.2   7.4  48.6 339.0 354.0  36.5   5.1  35.8  27.4  19.8
 wrfout_d04_2016-02-04_01:00:00 999.0  39.1  67.4   8.8  48.4  31.6  81.0  38.1  78.9  37.7 213.7 286.4 999.0  10.2 353.0  27.8 352.4  21.7 225.2   5.7 229.5  18.0   7.1  46.9 357.3   5.8  47.9   3.6  34.4  25.0  27.2
 wrfout_d04_2016-02-04_02:00:00 999.0  44.0  69.0  27.5  49.4  16.8  81.5  33.8  83.8  30.5 207.4 268.3 999.0  10.1 324.9  29.0  14.3  20.6 226.6 345.1 233.5  14.8   6.0  43.6 357.3   1.4  58.5   9.2  44.2  16.0  26.6
 wrfout_d04_2016-02-04_03:00:00 999.0  41.2  66.7  19.9  45.3  23.0  75.8  28.6  79.6  36.4 112.0 268.0 999.0   9.8 339.6  30.4 358.8  24.8 233.3  10.9 238.2  12.2   6.2  44.1 359.6   0.2  46.5 357.7  56.0  10.8 358.0
 wrfout_d04_2016-02-04_04:00:00 999.0  32.0  67.0 348.8  47.6  29.7  80.4  33.6  77.3  30.5  58.6 290.4 999.0  11.6 347.8  27.5  17.8  23.0 248.7 357.5 235.2  11.7   0.8  33.8 346.4 352.1  62.8 355.6  56.1  19.2  10.6
 wrfout_d04_2016-02-04_05:00:00 999.0  29.4  69.3 347.2  50.2  35.4  85.5  28.4  78.8  41.7 339.1 305.8 999.0   0.9 345.1  27.4  30.4  20.1 235.4 346.2 236.5  14.9 356.1  36.4 345.2 350.6  60.5 359.3  44.8  25.5  26.1
 wrfout_d04_2016-02-04_06:00:00 999.0  29.9  58.4   8.3  46.5  35.0  83.1  36.0  78.7  32.7 264.9 325.3 999.0   2.7 353.0  27.9 358.5  20.8 237.5 346.8 238.2  17.8 352.9  39.6 341.0 343.7  50.6 350.4  48.4  18.9  21.5
 wrfout_d04_2016-02-04_07:00:00 999.0  30.4  55.3  19.6  45.3  12.7  82.5  34.1  84.9  36.0 202.1 346.3 999.0   6.4 335.9  28.5 234.9  13.9 235.7 338.4 236.6  15.6 355.2  38.2 344.6 349.7  45.0 351.6  35.6  11.8 357.0
 wrfout_d04_2016-02-04_08:00:00 999.0  25.3  58.3   9.9  44.7   6.8  79.6  32.0  84.9  35.8 304.8 332.3 999.0   9.7 351.2  20.9 293.9  17.3 236.2 347.6 235.3  15.1 355.4  36.9 334.1 345.3  45.3 343.1  22.9  19.2  20.9
 wrfout_d04_2016-02-04_09:00:00 999.0  22.0  54.3  12.1  41.9  10.7  78.5  32.6  83.8  33.6 284.1 327.7 999.0   4.9 357.2  25.7 231.4   9.9 235.2 345.1 230.2  13.0 356.3  26.7 341.3 347.5  47.3 347.7  49.7   9.7  21.2
 wrfout_d04_2016-02-04_10:00:00 999.0  26.4  54.3  19.9  40.9  11.1  67.9  35.4  85.5  31.6 248.7 278.9 999.0  12.9 351.2  25.7 355.3   7.4 229.6 350.5 232.1   7.2   1.9  29.6 343.2 351.6  43.0 339.2  35.7  11.6   6.9
 wrfout_d04_2016-02-04_11:00:00 999.0  23.8  53.6   7.3  40.2   6.9  88.7  32.4  86.3  31.7 169.4 277.7 999.0   9.7 357.1  30.1  24.4  15.2 233.4 347.7 227.3  13.6   6.6  23.5 345.5 355.1  51.3 332.3  40.0  13.9  25.3
 wrfout_d04_2016-02-04_12:00:00 999.0  25.6  54.0   8.5  41.1   7.6  90.9  27.2  94.4  36.1 236.6 288.6 999.0  18.3 359.3  32.4 107.4  13.7 228.5   1.2 223.0   8.2   5.7  31.3 337.2 349.9  36.8 345.4  22.6  21.1   4.5
 wrfout_d04_2016-02-04_13:00:00 999.0  19.0  51.8   4.2  41.0   6.1  75.3  26.8 101.8  29.2 232.0 269.4 999.0  20.8 353.4  27.3 207.8  20.5 225.8 352.6 219.2  18.3   7.2  35.6 354.8   3.2  39.1 335.1  22.9  13.6  19.6
 wrfout_d04_2016-02-04_14:00:00 999.0  15.4  47.5  10.8  39.5   5.9 258.0  24.1 113.9  32.8 224.4 270.0 999.0  21.3   0.8  31.1 204.6  20.1 223.0 359.3 210.9  18.4   5.9  35.6 360.0   2.8  42.7  18.7  21.8  18.4  11.2
 wrfout_d04_2016-02-04_15:00:00 999.0  16.0  40.7   7.2  36.7   8.1 252.1  24.4 164.6  29.8 219.6 271.0 999.0  19.0   1.3  32.7  31.1  15.9 227.9 349.1 215.0  12.9   6.5  32.8 353.5 353.7  38.5 354.2  21.7  11.4  23.5
 wrfout_d04_2016-02-04_16:00:00 999.0  14.5  38.4 359.5  37.2   8.1 242.3  24.0 136.5  25.7 217.7 274.7 999.0  21.6   1.1  29.2  15.5  14.6 226.2 354.6 215.7  14.3   6.6  39.1 345.2 342.9  27.9 331.6  23.4  14.9 327.8
 wrfout_d04_2016-02-04_17:00:00 999.0  18.7  38.8   6.6  37.1   2.8 288.6  25.7 102.4  31.9 186.3 274.1 999.0  11.2 356.3  33.9 269.4  10.6 228.2   0.9 219.1  11.6   4.0  38.8 353.0   2.3  38.4 355.1  20.8  14.0 323.5
 wrfout_d04_2016-02-04_18:00:00 999.0  21.0  36.7   4.5  35.8  11.5 245.7  22.8  48.3  21.9 124.6 275.0 999.0   8.5   1.4  25.7 149.8  10.9 231.3 358.0 225.4   7.3  11.5  38.7 347.9 356.5  13.2   4.6  29.8  12.8 325.9
 wrfout_d04_2016-02-04_19:00:00 999.0  18.7  40.2 355.8  40.8   4.4 241.6  21.8 156.0  16.5 102.0 281.8 999.0  11.1   8.8  26.0 230.4  11.6 222.0 355.2 231.7   4.2   8.1  46.7 348.6 354.9  23.1 351.9  22.6  14.0 332.3
 wrfout_d04_2016-02-04_20:00:00 999.0  15.8  36.2   3.0  36.4   3.8 199.5  20.4  80.6  11.4 170.3 291.7 999.0   8.2   4.8  24.0 348.6  13.0 232.0 354.0 233.6   8.1   8.6  38.4 349.8 352.4  35.1 350.6  32.3  16.8   9.1
 wrfout_d04_2016-02-04_21:00:00 999.0  18.0  41.0   1.0  36.9   7.2 197.9  25.9  10.7  26.3  74.4 295.4 999.0   8.5   4.5  28.1 332.0  16.8 228.6   1.4 236.6  10.0  13.0  30.6   0.7   2.5  34.4   5.4  19.0  13.9 331.2
 wrfout_d04_2016-02-04_22:00:00 999.0  17.9  36.6   3.2  34.7  11.1 247.8  25.9  13.8  24.6  44.2 337.6 999.0  10.2   4.1  30.5 162.6  13.5 228.3   0.9 236.8   7.8  10.7  29.4   1.8   0.4  33.5 357.1  29.0  14.4 336.0
 wrfout_d04_2016-02-04_23:00:00 999.0  15.2  37.4   2.9  35.1  12.8 220.4  32.2  41.8  32.0  48.2 342.4 999.0   9.3   3.8  34.9 282.3  15.7 224.0   0.8 237.8  12.4  11.4  22.9 357.8 359.7  24.0 349.5  23.6  12.1 348.9
