 wrfout_d04_2016-01-12_00:00:00 999.0  25.0  45.0  17.7  49.9  14.7 230.5  36.9 204.9  42.9 215.6 277.6 999.0  12.6   4.5  29.2 237.5  16.2 227.8  10.6 259.2  17.5  19.8  20.3  10.3  10.8 359.8   7.7  22.5  28.8  31.2
 wrfout_d04_2016-01-12_01:00:00 999.0  26.8  50.0  14.2  52.1  22.0 251.8  41.3 165.5  40.7 234.0 279.7 999.0  12.8   4.5  30.8 306.4  22.7 222.4 357.5 252.8  20.5  17.1  15.9 359.0   2.7   1.9 349.0  28.4  31.4  27.4
 wrfout_d04_2016-01-12_02:00:00 999.0  29.6  58.8  21.2  54.2  29.0 237.8  42.5  72.1  44.4 207.6 268.4 999.0  11.4   1.7  30.8 287.7  20.4 228.0   9.4 247.6  19.5  12.9  15.4  21.3  20.0  24.1 322.1  39.6  22.6  44.4
 wrfout_d04_2016-01-12_03:00:00 999.0  27.5  53.2   8.7  48.2  29.3 205.7  45.1  75.7  43.6 249.9 306.8 999.0  11.6 357.4  33.7 216.8  21.6 230.9   4.5 248.3  19.5  11.0  19.7   3.3   5.4  35.9 321.0  47.7  28.8  51.1
 wrfout_d04_2016-01-12_04:00:00 999.0  28.8  47.4   1.3  45.3  30.3  92.5  42.5  71.4  40.4 296.3 324.8 999.0  10.4 351.3  34.7 234.3  20.8 231.5 351.2 246.7  16.8   3.5  28.7   0.7   3.4  46.2 270.8  47.5  30.1  47.2
 wrfout_d04_2016-01-12_05:00:00 999.0  28.3  47.3   6.9  44.9  26.0  57.6  40.9  75.7  35.4 223.1 272.0 999.0  10.2 353.3  32.8 243.5  19.9 232.1 345.9 244.4  17.7 355.0  40.9   4.3 358.5  48.1 258.4  50.0  35.9  43.6
 wrfout_d04_2016-01-12_06:00:00 999.0  24.6  46.8  10.7  44.4  29.3 195.8  39.0  97.2  38.6 225.1 288.4 999.0  11.8 354.2  26.1 237.8  18.9 232.1 341.5 242.0  16.0 354.2  37.5 350.0 349.9  56.0 243.4  44.5  36.9  52.1
 wrfout_d04_2016-01-12_07:00:00 999.0  29.4  44.4  15.2  41.7  41.6 295.7  38.9  81.2  38.1 229.7 276.1 999.0  13.2 357.0  16.8 249.4  21.8 230.4 335.5 235.4  15.0 354.9  39.4 332.2 328.3  56.7 257.9  42.0  36.8  50.7
 wrfout_d04_2016-01-12_08:00:00 999.0  32.4  46.0  31.2  43.1  35.7 201.4  40.7  85.1  35.1 256.0 270.9 999.0  11.8 355.4  17.1 251.6  21.3 229.4 337.1 228.2  16.5 354.9  33.5 328.3 329.6  41.9 280.9  42.0  39.7  52.5
 wrfout_d04_2016-01-12_09:00:00 999.0  33.7  49.8  13.4  43.9  36.9  91.6  36.9  97.2  31.7  82.7 289.4 999.0  10.8   0.8  22.1 246.0  18.2 225.1 339.9 220.7  18.3 359.2  29.9 331.0 338.2  23.6 299.1  36.3  35.0  53.9
 wrfout_d04_2016-01-12_10:00:00 999.0  36.7  52.0  15.4  44.6  37.8  55.9  40.9  74.5  33.2 216.7 285.9 999.0   8.2   3.5  32.0 208.2  17.3 220.6 342.0 213.5  18.3   7.7  24.6 348.6 357.9   5.4 306.6  23.8  39.3  35.0
 wrfout_d04_2016-01-12_11:00:00 999.0  38.7  54.2  16.4  45.5  40.8  50.9  39.6  76.2  35.0 241.7 258.4 999.0  11.0 359.0  38.2 196.8  22.2 209.3 349.6 214.6  19.3  12.6  30.0 345.0 349.3   7.5 333.7  11.9  35.1  53.8
 wrfout_d04_2016-01-12_12:00:00 999.0  39.1  55.8  17.0  46.9  35.3  82.2  43.2  93.8  30.5 233.2 269.3 999.0  13.4  10.2  28.5 258.0  27.6 212.0 358.6 216.5  17.7  12.0  33.3 355.9 358.7  12.6 339.6   4.4  38.4  50.2
 wrfout_d04_2016-01-12_13:00:00 999.0  40.4  56.6   4.4  47.4  27.8 110.9  43.2 101.7  25.0 272.3 285.3 999.0  14.1   1.7  23.5 163.6  20.0 209.8 350.3 218.7  19.4  12.7  19.3 352.2   1.6 340.7 357.8   1.3  29.8  39.5
 wrfout_d04_2016-01-12_14:00:00 999.0  38.3  52.8   0.8  45.6  41.6 147.2  36.4  87.0  25.3 243.6 264.6 999.0  19.3   8.5  28.4 351.5  22.2 209.8 357.0 218.4  21.4  14.9  30.0   8.8   9.6 349.3   0.9  26.9  31.0  19.1
 wrfout_d04_2016-01-12_15:00:00 999.0  38.4  53.9 337.4  46.0  27.9  47.1  36.9  99.2  34.6 225.9 263.3 999.0  12.1  12.9  26.4 136.0  19.0 215.7   4.3 220.6  14.1  13.3  21.7 348.5   0.5 349.1  24.6 355.0  32.2  33.6
 wrfout_d04_2016-01-12_16:00:00 999.0  36.7  54.5   0.1  49.7  28.8 264.6  40.5  98.5  37.0 235.4 257.4 999.0  14.1  13.3  25.8 202.0  20.0 217.3 347.1 223.4  19.2   6.6   4.5   3.6   9.3 359.1   3.1  16.9  22.6   4.2
 wrfout_d04_2016-01-12_17:00:00 999.0  41.1  54.8 332.8  47.5  30.2 227.3  40.7 115.2  37.5 228.8 264.1 999.0  10.6 356.8  29.9 216.7  17.7 222.1 355.9 223.5  17.9   7.1  20.7 350.1 353.6   1.6   0.8   3.0  38.3 340.2
 wrfout_d04_2016-01-12_18:00:00 999.0  37.0  58.3 274.2  50.2  35.3 220.0  42.4  98.2  34.9 247.1 263.6 999.0  10.6 352.8  36.7 128.8  21.8 218.7 350.8 224.0  15.6   6.0  24.2 349.2   1.7   8.9  12.7   5.7  30.2 343.3
 wrfout_d04_2016-01-12_19:00:00 999.0  31.1  57.2 301.1  52.2  38.2 259.0  43.7 103.8  43.2 237.3 264.8 999.0  17.1 358.4  35.6 123.3  20.7 216.4 354.6 223.2  19.2   4.9  25.8 353.9 356.1   8.6 343.0  16.8  32.8 344.7
 wrfout_d04_2016-01-12_20:00:00 999.0  31.0  52.3   2.5  51.6  33.8 287.4  50.4  89.2  38.1 238.8 263.2 999.0  14.1   6.7  29.2 181.5  19.7 217.2 350.1 226.4  20.7  12.8  24.9 347.4 353.6 355.4   0.7   3.5  26.6   3.1
 wrfout_d04_2016-01-12_21:00:00 999.0  30.7  57.6 337.4  49.6  32.5  87.8  49.7  69.8  35.0 237.1 268.6 999.0  11.8   3.8  26.7  73.1  18.7 219.0   2.4 229.3  22.6  15.1  27.9 355.1   0.9   1.1   8.2 355.0  12.3 327.3
 wrfout_d04_2016-01-12_22:00:00 999.0  26.1  54.8  17.8  47.9  29.6  78.2  42.4  83.9  34.5 233.0 263.6 999.0  18.9 358.7  23.1 205.1  20.1 216.8   7.0 231.4  22.4  18.4  15.7   5.0   8.8   2.6   8.4   5.7  19.7 322.8
 wrfout_d04_2016-01-12_23:00:00 999.0  21.3  53.3  20.5  45.2  26.4  86.8  43.3  93.1  33.7 204.7 263.3 999.0  15.1   6.3  19.1 202.4  16.5 220.4   4.8 236.5  19.8  16.5  19.3  12.9   9.4   6.1   6.5  13.6  25.9 328.5
