 wrfout_d04_2016-02-28_00:00:00 999.0  32.0  60.4  14.2  47.2  18.3  80.8  39.7  71.2  38.7 228.0 294.5 999.0  15.4   0.4  29.4  27.1  22.3 218.0   5.5 249.3  17.8  24.3  37.5   6.7   9.1  17.0   1.7  20.5  39.2  20.2
 wrfout_d04_2016-02-28_01:00:00 999.0  30.4  61.0   3.0  49.5  37.9  78.5  38.5  71.3  40.0 127.2 293.8 999.0  13.6 352.2  30.1 304.3  22.0 227.6   0.7 250.8  18.7  15.2  42.6 359.5   1.0  43.0 338.9  25.3  46.8  56.5
 wrfout_d04_2016-02-28_02:00:00 999.0  30.2  65.6   1.4  54.0  37.2  84.4  36.6  85.3  40.3  69.0 321.1 999.0   9.8 344.3  26.1 254.9  22.1 233.1 351.5 256.0  17.4   7.7  42.3 352.1 356.5  41.4 288.0  42.3  46.0  51.4
 wrfout_d04_2016-02-28_03:00:00 999.0  31.6  68.5 354.4  54.9  42.3  89.3  34.8  80.7  34.2  57.4 355.4 999.0   7.7 330.5  44.8 258.7  20.7 235.0 335.1 258.8  16.1 354.5  43.4 341.9 340.8  45.8 264.5  59.7  49.1  42.5
 wrfout_d04_2016-02-28_04:00:00 999.0  32.9  70.7 346.0  55.7  47.9  90.8  30.8  75.7  27.8  48.5   2.2 999.0   1.9 327.0  47.8 258.9  17.6 235.9 321.2 260.0  15.6 344.5  40.0 325.8 321.4  64.2 263.1  45.7  51.6  36.8
 wrfout_d04_2016-02-28_05:00:00 999.0  36.3  73.9 320.5  58.5  55.7  88.6  29.7  70.8  23.2  54.9  21.3 999.0   1.4 325.0  32.7 264.4  17.1 232.2 317.1 258.3  13.6 344.8  40.2 330.3 308.0  53.4 271.5  42.4  58.2  56.2
 wrfout_d04_2016-02-28_06:00:00 999.0  38.4  76.0 301.5  61.2  64.5  78.9  28.3  59.3  23.5  69.6  30.4 999.0 359.8 324.2  31.4 253.7  16.3 231.8 317.8 258.3  11.2 343.2  42.0 326.4 321.6  56.5 274.1  53.7  56.6  61.0
 wrfout_d04_2016-02-28_07:00:00 999.0  37.8  78.4 259.1  62.2  50.9  71.7  30.1  56.2  20.4  72.6  27.7 999.0   2.2 333.4  32.1 249.6  13.7 231.4 323.8 255.8  12.2 341.8  38.0 329.5 328.0  56.3 276.7  54.1  48.6  63.8
 wrfout_d04_2016-02-28_08:00:00 999.0  34.3  81.3 205.1  59.9  52.4  69.4  32.9  50.9  21.2  92.1  27.3 999.0   2.6 342.3  37.2 254.6  13.5 232.7 327.3 252.3  10.5 341.6  42.3 329.1 327.9  49.9 286.6  49.0  40.9  55.2
 wrfout_d04_2016-02-28_09:00:00 999.0  32.1  85.7 194.7  48.2  63.5  74.0  34.1  60.1  18.0  67.2  30.4 999.0   7.6 346.3  38.9 268.7  13.6 229.1 330.4 245.9   6.8 343.6  36.3 328.4 324.9  44.7 303.1  36.0  38.7  52.1
 wrfout_d04_2016-02-28_10:00:00 999.0  29.5  86.5 170.4  47.0  73.0  74.5  30.9  68.6   6.6  15.5  39.8 999.0   8.6 343.0  22.4 232.8  13.8 220.8 332.6 237.1   6.3 344.6  25.6 331.4 327.3  40.0 294.5  33.1  54.2  53.0
 wrfout_d04_2016-02-28_11:00:00 999.0  33.5  86.5 162.0  49.1  77.7  79.1  32.4  64.0   9.9 330.3 282.2 999.0  10.3 345.2   6.6 183.6  13.6 208.5 343.3 242.7   6.9 350.8  24.1 339.2 339.2  29.0 301.4  17.9  50.5  56.1
 wrfout_d04_2016-02-28_12:00:00 999.0  33.4  86.0 192.5  47.6  93.9  78.1  33.4  60.6  12.6 322.2 270.5 999.0  12.1 344.7 359.7 171.8  14.5 215.0 350.0 244.4   5.8 356.5  22.1 343.2 347.8  12.2 310.8  16.4  61.3  46.6
 wrfout_d04_2016-02-28_13:00:00 999.0  31.2  83.9 195.3  46.7 101.3  77.0  33.7  60.5  18.2 320.2 279.2 999.0  14.7 343.6 354.2 121.2  16.8 218.9 338.6 247.4   9.6   8.7  17.2 348.7 343.2 343.9 328.2   8.3  56.0  46.6
 wrfout_d04_2016-02-28_14:00:00 999.0  26.7  82.3 191.8  45.6 110.6  76.9  38.1  61.1  23.9 301.8 285.6 999.0  12.9 350.4   7.8 122.2  23.9 220.8 344.6 247.5  12.6   8.0  19.9   5.2   8.4 339.8 328.6  20.9  46.5  39.7
 wrfout_d04_2016-02-28_15:00:00 999.0  18.1  81.7 194.7  44.6 104.0  78.9  40.7  65.0  28.3 288.8 291.6 999.0   8.9 353.8  11.4 135.4  20.7 215.9 351.3 251.0  14.1  25.3   8.4   8.7  13.2 345.2 350.0  15.1  45.5  43.6
 wrfout_d04_2016-02-28_16:00:00 999.0  12.7  80.5 181.9  44.3  30.6  88.0  44.8  74.1  32.8 286.4 289.1 999.0  10.5 348.4   9.8 165.1  22.4 201.2 354.3 252.3  15.3  28.0  18.3 344.9 354.7 353.3   8.9 358.6  47.1  52.4
 wrfout_d04_2016-02-28_17:00:00 999.0  11.0  65.9 135.3  40.1 349.0 108.7  56.7  92.9  37.6 283.8 282.4 999.0   8.5 353.3   7.8 173.4  19.8 195.8 359.8 253.9  19.7  27.5  13.0 357.4   4.8 349.4   4.9   2.9  38.4  42.0
 wrfout_d04_2016-02-28_18:00:00 999.0  12.5  52.5  58.8  34.7  19.6   7.5  51.9 104.3  41.3 285.2 281.5 999.0   6.8 354.0   1.9 135.8  19.9 186.3   5.2 261.2  17.3  22.0  23.8 353.8 358.7 356.1   0.9 353.8  38.0  49.9
 wrfout_d04_2016-02-28_19:00:00 999.0  23.8  44.3  30.8  34.4  14.0 244.2  47.8 120.0  42.1 290.0 282.4 999.0   6.6 358.7  10.9 128.4  18.2 177.0 358.3 270.5  18.8  16.8  18.3 358.5   0.3 351.0   6.4 354.4  38.4  47.9
 wrfout_d04_2016-02-28_20:00:00 999.0  27.8  37.6  22.1  32.7  13.1 267.8  42.6 127.7  49.5 162.3 280.4 999.0  14.8 359.7  19.1 150.9  15.3 125.9 354.2 276.1  15.0  14.5  18.9 355.7   0.2 359.6 354.3   6.9  38.8  40.3
 wrfout_d04_2016-02-28_21:00:00 999.0  29.6  47.3  30.2  39.8  26.1 219.5  46.7 132.9  49.8 185.4 271.7 999.0  16.0   2.3  29.7 175.1  20.6 130.4 359.5 268.9  17.2  13.2  19.8 356.7   1.7   9.1 351.5   6.8  34.1  19.7
 wrfout_d04_2016-02-28_22:00:00 999.0  31.0  50.4  33.9  40.9  30.5 198.3  54.6 108.8  56.2 210.3 275.3 999.0  15.8   4.3  31.4 176.6  21.9 161.2   0.6 264.3  19.4  14.3  22.0   1.2   7.3   9.9 358.4   4.3  37.0  31.1
 wrfout_d04_2016-02-28_23:00:00 999.0  30.6  53.9  35.6  43.7  30.1 107.4  46.8  94.7  48.4 262.5 278.5 999.0  16.8   6.1  32.1 165.6  22.1 192.5   1.0 276.1  20.8  14.5  22.2   4.7   8.6   7.7   6.9  14.5  27.3  42.1
