 wrfout_d04_2016-08-07_00:00:00 999.0   9.9  31.4 344.6  45.8  12.3 215.7  20.7  66.8  47.2 144.8 320.0 999.0  11.5  42.3  11.2 229.9  13.7  51.7 348.3   6.7   9.7  16.2  58.8 343.4 344.4 259.7 317.0 138.3 246.9 306.5
 wrfout_d04_2016-08-07_01:00:00 999.0  20.8  54.9 334.7 198.4  22.9 295.7  11.6  21.0  17.5  98.2  13.4 999.0  12.2 169.9  32.3 253.7   9.9  42.5 271.2   4.9 359.3 352.6  74.1 342.8 337.1 109.5 300.2  69.0 283.2 311.5
 wrfout_d04_2016-08-07_02:00:00 999.0  11.5  46.0 330.9 189.7  26.0 292.4   7.1  61.7 354.1  95.3  26.6 999.0 347.8 221.7  39.1 249.0   9.5  40.1 285.9   0.6   8.7 324.9  70.8 345.0 320.6 120.5 294.3  77.3 250.5 311.7
 wrfout_d04_2016-08-07_03:00:00 999.0   2.7  33.2 329.1  99.9  27.0 319.2   4.8   5.7 343.9  93.8  33.8 999.0 340.3 299.9  52.5 250.7  16.3  47.9 310.1 356.0   7.3 314.9  67.3 331.5 293.9 113.3 290.0  83.0 225.7 305.8
 wrfout_d04_2016-08-07_04:00:00 999.0 356.0  22.0 333.7  33.2  23.9 328.3   4.1 355.1 341.2  96.7  39.5 999.0 343.1 294.4  53.5 275.2  13.1  39.4 324.1 356.4  10.3 317.3  83.7 324.7 305.1 112.1 289.9  87.3 187.1 299.1
 wrfout_d04_2016-08-07_05:00:00 999.0 357.9  19.6 334.6  29.7  19.9 325.1   2.8 350.6 339.8 103.3  43.3 999.0 346.8 322.6  56.4 278.6   9.4  33.9 317.4 358.3   1.9 323.8  81.6 324.4 311.8 117.3 290.7  94.2 193.4 297.7
 wrfout_d04_2016-08-07_06:00:00 999.0   0.9  20.2 338.6  24.7  18.0 319.5   2.6 350.0 341.5 105.3  42.9 999.0 350.4 331.0  56.4 275.4   2.7  43.7 323.5 359.3 349.4 325.4  81.9 320.5 309.7 119.5 295.7  90.1 192.9 294.4
 wrfout_d04_2016-08-07_07:00:00 999.0   5.2  27.7 339.6  28.0  17.2 323.2   4.2 345.1 344.4 115.9  41.0 999.0 349.1 336.6  57.1 261.9 355.2  34.3 326.3 359.3 348.6 325.6  94.5 322.8 314.5 162.0 294.4  99.1 205.1 294.9
 wrfout_d04_2016-08-07_08:00:00 999.0   6.4  36.4 344.4  36.1  16.4 345.2   7.3 341.2 349.5 101.9  42.4 999.0 357.8 342.2  41.9 287.2 355.7  46.0 330.4 352.1 340.0 324.5 183.7 317.4 312.5 109.2 294.4 105.7 201.2 293.5
 wrfout_d04_2016-08-07_09:00:00 999.0  11.1  39.8 352.8  37.2  15.1  51.2  20.8 332.6   3.7  81.0  50.0 999.0 355.8 344.4  43.8 284.2 350.9  59.7 330.6 341.2 342.6 327.9 196.0 316.8 319.9  75.8 297.7 124.5 224.6 301.3
 wrfout_d04_2016-08-07_10:00:00 999.0  11.6  47.4 349.5  39.2   7.3  86.9  31.0 344.3  11.4  15.3  41.9 999.0   3.4 347.6  13.7 230.5 349.0  42.4 331.5 317.1 328.2 336.1 329.2 310.3 314.1 248.8 298.8  51.2 250.0 292.6
 wrfout_d04_2016-08-07_11:00:00 999.0  13.3  63.6 359.5  44.3  13.9  95.6  31.8  39.6  17.5 285.2  21.9 999.0 357.1 349.5   1.8 210.5  10.0  87.6 333.9 289.7 349.5 354.2 225.4 330.0 334.1 316.2 314.2  72.9 275.8 299.6
 wrfout_d04_2016-08-07_12:00:00 999.0  11.6  60.9 359.9  43.1   3.1 118.1  28.3  95.4  17.2 254.0  15.6 999.0   0.5 354.4 335.5 146.3 358.8 119.2 337.4 305.1 349.1 340.3  20.6 330.4 328.8 255.8 315.7  81.5 301.1 301.3
 wrfout_d04_2016-08-07_13:00:00 999.0  13.9  69.8 359.0  45.4 339.4 108.8  39.5 107.3  12.9 301.1  13.8 999.0   6.7 358.2  21.8 288.8   3.3 135.6 340.5 302.3 352.9 345.9 308.5 320.6 323.8 308.0 317.9 305.4 346.4 299.5
 wrfout_d04_2016-08-07_14:00:00 999.0   9.2  57.0 358.0  25.6 326.1 140.8  32.5 113.0  25.1 274.9 351.3 999.0 358.0 346.7  13.5 147.2  11.8 214.4 331.5 313.3 354.1 335.5 269.2 324.7 323.3 335.5 322.5 311.3 356.9 294.9
 wrfout_d04_2016-08-07_15:00:00 999.0   5.1  35.0 356.0  21.9 323.4 154.8  37.6 116.7  22.5 202.4 318.4 999.0   8.4 351.2 345.5 218.6   8.6 225.3 330.2 315.2 348.6 336.8 305.8 319.4 325.9 271.2 313.5 333.3 331.7 296.5
 wrfout_d04_2016-08-07_16:00:00 999.0   2.2  22.2 347.6  19.6 324.4 217.1  42.1 131.7  35.0 179.9 292.8 999.0   6.9 358.4 352.8 189.4  15.2 192.1 329.8 326.9 337.0 336.0 305.5 317.8 324.0 335.1 317.6 310.9 303.4 301.3
 wrfout_d04_2016-08-07_17:00:00 999.0 356.2   8.1 355.6  15.7 318.7 204.0  56.9 182.8  26.4   6.6 273.9 999.0  16.1 344.6  11.3 169.2   3.9 201.6 330.4 324.8 338.3 344.1 292.0 320.4 328.8 324.1 335.6 281.2 285.9 298.5
 wrfout_d04_2016-08-07_18:00:00 999.0 350.5 356.3 347.3   6.0 290.5 219.6  41.7 200.9  35.1 263.6 283.8 999.0   3.4   9.4 349.4 175.3 343.9 220.0 334.1 321.0 328.1 348.0 298.2 327.9 328.3 320.0 337.4 345.0 242.2 295.0
 wrfout_d04_2016-08-07_19:00:00 999.0 342.3 345.5 313.4 349.9 273.8 227.8  93.3 221.8  37.7 317.1 280.1 999.0 355.0 152.9 313.4 176.3 344.7 192.7 334.5 325.8 333.1 351.3 299.0  16.3   2.4 313.6 351.5 332.6 244.3 294.4
 wrfout_d04_2016-08-07_20:00:00 999.0 337.9 328.2 341.9 337.1 247.1 243.5 159.5 218.4  95.2 151.0 290.3 999.0 354.2 182.2 294.6 167.6 348.4 189.8 332.9 324.1 347.1   3.8 287.1   9.7   1.3 319.8 356.3 307.3 256.2 293.3
 wrfout_d04_2016-08-07_21:00:00 999.0 333.0 314.8   1.0 317.4 236.9 244.8 162.0 221.7 145.7 163.0 288.7 999.0  45.5 181.3 275.7 202.1   0.3 180.0 345.1 333.9   2.2  45.9 291.9  25.0  26.6 336.3 357.6 311.8 259.8 298.7
 wrfout_d04_2016-08-07_22:00:00 999.0 329.1 306.1 336.6 305.6 238.4 241.1 173.0 228.3 151.4 157.4 274.9 999.0 356.8 116.2 272.4 169.6  23.2 145.7  66.0 328.1  41.8  44.9 298.1   6.0   3.4 333.6 353.5 319.8 258.0 299.7
 wrfout_d04_2016-08-07_23:00:00 999.0 325.4 302.0 310.9 296.4 278.4 265.5 246.1 253.3 146.8 141.6 340.5 999.0   2.3 157.2 229.4 334.3   7.7 109.7 292.1 336.9 358.4  53.1 223.0  18.2  11.5 333.2 339.5 346.2 258.1 300.3
