 wrfout_d04_2016-02-21_00:00:00 999.0  71.1  87.3 127.4  80.2  87.8  90.6  64.3  85.7  63.0 282.4 102.2 999.0  11.8 140.3 341.5   8.9  24.0 212.2 328.2 247.9  12.6  36.3  15.2  26.0   1.8 352.9 343.9  29.7  37.7  54.7
 wrfout_d04_2016-02-21_01:00:00 999.0  74.1  88.0 124.6  80.9  88.8  92.9  67.9  90.6  62.0 266.8  92.7 999.0 353.9 335.3 334.3  15.1  17.0 224.7 277.9 245.3 357.2 352.1  22.9 280.2 277.0  10.2 293.3  29.2  39.8  57.1
 wrfout_d04_2016-02-21_02:00:00 999.0  78.4  92.8 122.1  85.9  91.9  93.0  71.6  92.2  66.3 108.2  98.3 999.0 333.6 232.0 338.2 311.9  16.4 232.8 222.8 245.0 356.0 309.8  29.3 296.2 293.1  30.0 287.4  38.6  41.6  54.8
 wrfout_d04_2016-02-21_03:00:00 999.0  78.1  93.3 122.7  86.9  91.9  98.5  71.8  97.0  61.7 104.1  95.7 999.0 304.4 234.5 336.8 266.4  12.7 237.0 219.3 254.3 351.9 329.8  28.3 281.2 275.2  39.4 277.2  38.7  42.5  55.3
 wrfout_d04_2016-02-21_04:00:00 999.0  79.7  92.7 124.8  87.5  93.9  97.8  75.6  96.1  54.1  89.4  96.7 999.0 291.8 230.5 337.5 253.0   5.6 234.4 230.3 252.7 343.1 318.7  36.7 282.9 270.3  49.9 269.6  42.4  46.8  57.9
 wrfout_d04_2016-02-21_05:00:00 999.0  80.4  93.4 123.7  87.0  93.0  96.7  76.4  95.2  50.5  82.7 101.2 999.0 266.4 229.7 320.5 253.4 359.8 229.2 239.5 240.4 338.2 313.3  33.6 282.1 280.6  49.6 266.7  46.2  45.0  60.6
 wrfout_d04_2016-02-21_06:00:00 999.0  85.3  92.7 126.3  85.3  94.7  96.3  71.6  92.3  47.3  91.8 109.7 999.0 255.2 241.8 342.2 249.9   0.6 229.8 244.7 232.0 334.5 306.3  36.2 284.7 279.5  47.1 278.6  51.7  45.7  60.6
 wrfout_d04_2016-02-21_07:00:00 999.0  87.9  93.8 128.8  86.1  98.0  95.8  68.8  86.5  56.8  99.3 122.0 999.0 245.9 254.0  37.6 250.3 357.9 228.9 256.7 227.4 345.6 297.7  40.7 281.2 280.4  51.6 278.8  46.1  41.2  62.0
 wrfout_d04_2016-02-21_08:00:00 999.0  90.8  93.6 128.6  86.0  99.7  99.3  69.5  84.4  66.8 121.6 128.6 999.0 249.3 260.6  30.1 247.9   1.0 222.4 264.4 215.5 351.5 312.8  23.7 282.4 280.2  40.7 266.3  45.2  39.8  63.7
 wrfout_d04_2016-02-21_09:00:00 999.0  95.6  97.9 127.0  86.6  98.2  98.5  74.0  77.0  72.4 124.8 138.0 999.0 253.1 261.2 350.1 242.1   7.9 202.0 268.7 203.7 346.9 315.2  17.2 285.1 288.5  28.2 267.1  30.6  42.9  63.7
 wrfout_d04_2016-02-21_10:00:00 999.0  94.5 100.7 129.1  89.2 100.8  92.8  81.7  71.3  85.3 109.2 166.0 999.0 257.1 251.7 305.5 212.4   9.6 205.5 279.7 201.9 348.7 306.9  13.6 305.9 311.7  10.9 276.5  15.6  44.2  63.3
 wrfout_d04_2016-02-21_11:00:00 999.0 103.5 106.4 130.4  92.7 105.5  85.0  96.9  60.6  92.3 338.5 177.6 999.0 263.8 227.8 294.3 249.7   8.9 208.8 286.3 201.8 349.9 308.8  11.2 319.4 322.3 353.9 293.1   9.1  49.3  64.7
 wrfout_d04_2016-02-21_12:00:00 999.0 108.0 107.9 128.2  93.4  98.1  78.9  98.1  57.1  79.5 324.8 171.9 999.0 249.8 211.0 286.1 236.1   9.6 210.1 280.2 199.5 351.2 317.5  11.1 345.1 345.8 348.2 305.1   5.8  51.0  66.5
 wrfout_d04_2016-02-21_13:00:00 999.0 106.1 111.9 124.3  94.3  95.5  76.6  98.7  63.6  72.3 299.8 172.5 999.0 169.5 222.1 231.0 215.3   6.6 202.4 288.4 202.5 359.0 324.8   8.9 355.6 357.1 351.9 289.2   6.2  43.7  64.5
 wrfout_d04_2016-02-21_14:00:00 999.0 112.0 111.3 127.5  94.7  95.1  78.6 101.5  68.1 100.2 321.6 166.2 999.0 198.7 209.7 238.2 258.7 358.9 203.4 299.5 202.3   0.5 344.0   3.0 357.1 354.2 350.3 292.2   3.8  45.7  66.8
 wrfout_d04_2016-02-21_15:00:00 999.0 117.8 114.6 131.7  96.2  95.4  61.8 116.7  75.1  93.7  48.7 170.7 999.0 207.8 221.1 237.4 266.3   2.3 199.2 313.2 202.6   6.9 346.6   5.2   3.2   6.6 352.5 325.0  10.8  33.4  66.6
 wrfout_d04_2016-02-21_16:00:00 999.0 131.9 130.0 130.2 108.3 109.7  77.4 139.2  83.7  69.6  62.0 175.4 999.0 197.9 195.6 238.4 243.7  22.5 201.3 350.9 203.3   0.6  75.3 358.0   1.9   1.0 352.6 342.9   4.7  38.7  61.9
 wrfout_d04_2016-02-21_17:00:00 999.0 124.6 140.4 125.3 116.2 124.3  59.1 124.2  66.3 127.6  47.7 174.2 999.0 224.8 184.5 254.3 261.1 357.8 202.6  55.5 205.2 346.9  63.7  22.4  44.0  32.9   1.0  18.2 358.1  34.8  64.2
 wrfout_d04_2016-02-21_18:00:00 999.0 141.6 152.2 125.5 129.3 128.5 128.3 225.4  35.7  96.2  42.6 171.3 999.0 227.7 178.8 219.5  35.2  13.8 206.2 347.3 208.0   5.8  59.3   2.8  44.8  36.4 348.7  56.3 355.2  40.8  58.3
 wrfout_d04_2016-02-21_19:00:00 999.0 148.0 159.7 131.5 142.6 135.8 156.9 209.7 329.9 291.6  51.6 172.0 999.0 238.3 192.2 179.9 283.8  17.1 204.3 358.7 209.9   6.2  57.2 329.8  48.4  46.0 344.0  47.0 356.2  68.6  61.0
 wrfout_d04_2016-02-21_20:00:00 999.0 146.5 167.9 127.2 147.0 245.1  88.7 199.1 237.1 173.3  45.9 173.7 999.0 213.4 149.5 213.5 149.8  15.7 203.4  19.6 211.3  16.9  38.0 311.2  25.2  24.0 338.8  30.6 351.7  57.4  69.2
 wrfout_d04_2016-02-21_21:00:00 999.0 159.4 170.5 114.3 145.6 251.0 265.2 191.2 207.9 110.2  24.4 179.5 999.0 340.6 121.0 194.3  61.7  31.2 202.7  17.4 212.6  26.7  27.3 330.1 357.1 359.1   3.6 327.8  14.7  69.3  71.1
 wrfout_d04_2016-02-21_22:00:00 999.0 175.3 191.2 115.5 101.4 245.7 205.5 172.4 181.1  89.5  21.9 169.6 999.0   3.4 354.3 220.3  70.1  32.0 199.5   8.1 213.5  12.6  18.9  55.5 354.3   3.4  15.3 336.2  44.9  84.2  71.6
 wrfout_d04_2016-02-21_23:00:00 999.0 191.6 170.4 150.7 123.8 217.3 233.3 154.5 238.0  96.0  19.8 170.0 999.0 342.3 317.2 178.4  78.6  19.4 200.7   7.0 213.8  18.8  29.7   9.2 344.4 353.5  41.1  15.8   7.3  86.0  75.1
