 wrfout_d04_2016-01-19_00:00:00 999.0  38.9  59.9  52.5  48.5  41.0  75.5  48.1  69.9  46.1  22.7 290.2 999.0   3.0 120.9  11.0  23.5  13.3 210.7 356.3 244.8   1.3  28.8  26.5   6.9   8.4   4.9   9.4  18.9  34.9  46.1
 wrfout_d04_2016-01-19_01:00:00 999.0  33.8  54.6  39.7  46.0  28.5  70.7  45.9  88.2  46.2  12.8 263.7 999.0   8.4 331.8  21.6   4.0  14.1 224.6 347.8 251.0   5.6  12.4  31.6 355.9   2.4   3.5   4.4  31.0  53.3  32.2
 wrfout_d04_2016-01-19_02:00:00 999.0  33.7  53.6  30.1  44.1  33.1  69.3  48.0  80.5  47.0 261.1 270.5 999.0   9.0 307.0  25.7 269.0  13.8 229.8   0.2 260.9  12.6   5.0  31.9 354.7 356.7  31.6   6.7  37.9  45.7  36.6
 wrfout_d04_2016-01-19_03:00:00 999.0  34.9  54.8  33.0  44.1  29.0  68.1  45.8  81.0  49.5 242.6 277.7 999.0   4.4 305.3  31.3 245.7  19.2 234.0 357.1 267.0  11.0   6.6  32.7   7.1   6.7  43.2 359.5  43.0  46.2  10.5
 wrfout_d04_2016-01-19_04:00:00 999.0  31.3  58.2  46.2  47.2  27.9  79.3  53.1  83.1  53.8 338.3 308.9 999.0   0.8 329.5  33.9 247.4  25.5 237.1 347.5 271.5  18.6 353.6  29.7 342.0 348.3  42.3 351.3  21.2  47.0  11.3
 wrfout_d04_2016-01-19_05:00:00 999.0  32.9  59.6  43.0  47.4  34.5  78.0  51.3  81.9  53.9  26.0 302.0 999.0   0.6 286.6  32.8 259.4  26.0 246.1 336.5 274.2  21.6 353.2  27.3 336.7 345.1  36.6 351.3  33.9  56.0  36.7
 wrfout_d04_2016-01-19_06:00:00 999.0  30.3  62.0  44.9  48.5  34.0  81.1  49.6  81.6  50.3  30.1 282.3 999.0   2.8 323.4  25.8 256.5  28.0 248.3 335.9 275.2  20.8 353.2  29.8 338.7 345.3  32.0 357.5  47.2  57.9  37.3
 wrfout_d04_2016-01-19_07:00:00 999.0  33.6  64.7  44.4  50.3  38.2  78.3  49.5  75.9  49.6  23.9 281.2 999.0   6.3 342.3  18.1 253.4  27.0 247.0 337.7 276.8  20.8 359.3  31.2 341.7 349.5  23.9   0.7  41.6  52.6  46.9
 wrfout_d04_2016-01-19_08:00:00 999.0  35.2  63.3  44.7  49.6  38.9  82.8  49.8  82.4  48.4 257.3 262.9 999.0   8.3 348.0  25.3 250.5  23.6 239.1 339.1 277.1  19.0   1.8  24.5 341.1 341.3  15.8  10.2  27.3  61.0  50.3
 wrfout_d04_2016-01-19_09:00:00 999.0  37.5  63.1  46.3  49.4  38.3  88.9  52.4  88.7  45.6 238.3 261.7 999.0  13.1 357.1  28.7 228.4  23.1 215.6 343.6 274.1  25.7   0.7  34.0 336.4 344.5  15.5 352.0  28.5  65.9  52.0
 wrfout_d04_2016-01-19_10:00:00 999.0  36.6  64.2  51.7  50.5  41.0  90.6  54.6  89.7  45.5 243.6 260.9 999.0  11.8 358.0  28.0 192.9  30.3 213.8 338.4 265.2  16.1   0.7  28.1 343.0 349.3   0.0   1.2  23.8  66.8  46.7
 wrfout_d04_2016-01-19_11:00:00 999.0  37.0  64.6  53.6  50.9  46.3  86.0  56.9  86.2  45.0 242.6 260.3 999.0  12.4 356.3  23.4 115.9  30.0 226.5 355.0 265.8  18.7   7.1  25.9 357.1   3.6   2.4 359.1  24.7  60.6  38.5
 wrfout_d04_2016-01-19_12:00:00 999.0  37.4  62.2  43.7  49.4  45.5  80.1  59.7  82.0  44.3 246.1 261.9 999.0  13.0 348.1  22.2 204.8  27.1 208.0   1.1 255.7  20.2  18.8  21.6   6.6   2.2   8.2   0.3  23.1  50.7  49.8
 wrfout_d04_2016-01-19_13:00:00 999.0  38.7  61.7  40.2  49.6  46.3  83.5  59.7  78.1  43.6 248.2 259.5 999.0  15.3 347.0  21.5 187.9  23.1 218.0 350.9 251.5  16.8  17.6  18.8 354.5 358.9   1.6   8.4  16.0  53.9  55.8
 wrfout_d04_2016-01-19_14:00:00 999.0  39.6  64.3  37.9  53.3  46.3  83.2  58.6  77.1  43.3 253.7 264.6 999.0  18.7 354.3  15.1 136.0  25.7 220.5 336.5 246.5  25.2   6.6  23.9 345.1 346.3 359.8 357.0  10.8  60.7  50.9
 wrfout_d04_2016-01-19_15:00:00 999.0  37.5  65.4  37.9  53.4  46.2  82.7  57.1  76.9  44.5 262.3 264.5 999.0  18.9 359.9  12.7 100.7  26.1 212.4   6.5 248.7  25.4  16.0  11.6  14.2  12.1 353.5   8.3  10.1  63.3  53.7
 wrfout_d04_2016-01-19_16:00:00 999.0  35.9  65.5  55.0  52.3  48.1  79.7  56.2  78.2  44.2 279.9 269.7 999.0  23.1 344.6  20.2 205.4  27.2 211.3 355.3 253.1  20.1  34.7  25.1   6.1  11.7 359.6  10.2   4.2  57.4  39.6
 wrfout_d04_2016-01-19_17:00:00 999.0  36.6  65.1  61.6  52.8  44.4  79.0  56.1  76.2  44.5 245.8 262.1 999.0  16.6 358.3  12.9 159.3  23.4 209.2 336.1 254.9  18.9  22.8  20.9 352.2 355.7   0.3 354.5  20.3  62.1  55.7
 wrfout_d04_2016-01-19_18:00:00 999.0  37.0  63.2  47.0  51.3  42.6  78.2  57.4  79.7  45.7 260.5 272.4 999.0  20.0   2.7  12.7  65.1  26.9 200.3   9.2 254.4  18.7  17.2  18.6 354.0   2.5   0.4 337.9  30.0  61.4  52.5
 wrfout_d04_2016-01-19_19:00:00 999.0  35.6  63.7  52.6  50.8  41.3  83.4  57.0  85.7  45.6 252.7 268.6 999.0  19.9 351.5  12.2 177.0  26.4 196.3 352.8 262.2  17.7  21.7   5.5 355.4   0.5 359.8 358.9  21.7  48.0  56.5
 wrfout_d04_2016-01-19_20:00:00 999.0  37.2  62.2  48.3  49.7  41.2  84.8  54.9  83.6  43.9 250.6 270.5 999.0  19.3 350.7  18.5 174.0  23.7 202.6 343.3 272.4  17.1  21.2  22.7 350.3 357.3   9.3 356.6  22.1  44.6  54.7
 wrfout_d04_2016-01-19_21:00:00 999.0  38.2  61.2  47.1  49.8  41.7  84.7  54.9  82.5  43.6 247.3 274.5 999.0  16.2 353.1  21.3 293.3  28.7 202.1 351.2 281.9  23.2  22.6   8.0 345.6 352.5 356.5 309.4   8.0  41.1  48.8
 wrfout_d04_2016-01-19_22:00:00 999.0  40.0  66.3  54.5  53.8  44.5  86.4  54.4  81.2  41.9 231.4 273.4 999.0  15.9  10.5  17.0 174.6  26.6 199.8  15.7 276.1  20.2  18.1   5.5 351.7 359.2 359.8 339.8 354.3  45.9  58.0
 wrfout_d04_2016-01-19_23:00:00 999.0  39.8  65.6  29.3  53.1  47.1  85.7  55.9  77.3  43.3 218.3 275.1 999.0  14.6   9.7  22.6  56.7  26.4 230.8 336.2 286.5  21.4   9.2  18.1 347.0 356.1   5.2 356.0  27.0  71.1  62.4
