 wrfout_d04_2016-02-23_00:00:00 999.0  15.4  36.1   8.1  34.6   4.2 224.7  35.1   8.5  37.9 118.7 346.9 999.0  21.2   2.3  38.7  14.0  23.3 221.6 359.0 248.9  18.5  10.9  30.9 355.4 356.7  38.9  14.1  44.7  37.6  45.8
 wrfout_d04_2016-02-23_01:00:00 999.0  18.2  45.4   8.2  38.9   8.8 102.9  35.7  94.3  29.7  92.6 324.3 999.0  21.5   0.7  43.3 191.0  25.2 233.9   3.8 261.6  18.2  12.2  28.0 359.2   1.6  45.3   1.4  35.7  28.9  46.9
 wrfout_d04_2016-02-23_02:00:00 999.0  21.2  46.2   8.6  40.5  14.8  25.0  36.8  64.5  35.6  62.5 331.0 999.0  21.6 359.9  35.6 241.7  29.6 232.6 352.0 255.3  20.9   9.9  33.1 353.5 358.0  41.9 351.9  30.7  25.4  47.6
 wrfout_d04_2016-02-23_03:00:00 999.0  20.0  45.0   3.7  40.1  11.8  53.7  37.6  66.8  48.3  54.2 344.6 999.0  18.0 352.5  29.0 232.5  23.9 236.2 357.6 252.7  21.4   5.4  29.8 350.2 353.6  51.0 328.8  36.9  25.6  51.1
 wrfout_d04_2016-02-23_04:00:00 999.0  19.9  45.8   8.9  40.6  11.6  42.1  42.1  63.9  42.4  45.5 344.0 999.0  16.2 354.9  30.4 239.6  23.0 235.5 354.5 253.0  21.8   1.0  35.0 352.6 357.0  55.0 313.1  34.6  31.5  52.4
 wrfout_d04_2016-02-23_05:00:00 999.0  20.4  46.5  17.6  40.5  20.6  57.0  41.5  85.7  43.7  29.1 351.3 999.0  17.2 356.5  26.0 248.5  21.4 231.1 351.6 248.9  17.8 358.1  35.7 347.1 348.8  50.9 304.2  34.1  32.9  51.9
 wrfout_d04_2016-02-23_06:00:00 999.0  24.3  48.1  13.0  40.8  18.7  71.0  34.7  81.0  39.8  31.5 345.2 999.0  15.1 353.8  27.7 253.1  21.8 233.9 342.7 244.6  14.7   0.9  35.5 351.7 350.2  47.3 310.5  32.8  31.5  52.9
 wrfout_d04_2016-02-23_07:00:00 999.0  21.2  44.5  14.2  38.8  16.4  63.4  40.4  72.4  40.0  30.1 333.0 999.0  17.5 357.0  30.8 251.6  25.7 234.7 342.4 247.6  15.8 359.8  32.3 337.5 342.7  43.4 307.8  35.3  27.7  50.7
 wrfout_d04_2016-02-23_08:00:00 999.0  19.9  44.9  12.8  38.6  18.6  73.5  42.5  70.1  39.6   4.7 322.7 999.0  18.9 358.4  33.1 254.1  21.0 231.7 347.0 244.2  15.8 359.1  29.9 345.3 347.9  45.4 302.2  36.9  31.4  48.6
 wrfout_d04_2016-02-23_09:00:00 999.0  20.3  46.0  17.0  38.9  17.2  72.7  39.8  71.9  40.3 297.9 313.8 999.0  17.0 358.7  34.1 229.2  20.3 231.2 345.6 242.0  15.8   2.1  29.7 342.7 347.9  39.5 303.4  30.2  31.7  50.5
 wrfout_d04_2016-02-23_10:00:00 999.0  20.9  45.2  18.8  39.3  15.5  67.7  40.8  70.7  36.9 296.9 286.9 999.0  19.2   1.5  32.8 211.6  21.0 224.7 347.8 240.3  19.4   3.1  29.1 346.5 352.3  30.0 322.1  28.6  30.0  49.1
 wrfout_d04_2016-02-23_11:00:00 999.0  22.0  45.7  15.8  37.9  17.6  66.4  44.5  68.1  43.2 281.6 274.6 999.0  18.9   3.9  31.1 214.7  20.0 223.2 356.5 246.1  19.1   7.5  27.4 351.7 356.4  20.3 348.7  22.2  31.6  47.3
 wrfout_d04_2016-02-23_12:00:00 999.0  21.4  44.7  12.7  38.8  18.4  67.7  42.9  64.3  44.2 290.7 276.2 999.0  15.2 356.2  36.2 206.1  23.4 224.6 354.3 256.9  17.6   9.2  26.5 354.1   1.7  23.4 353.1  30.3  31.0  47.5
 wrfout_d04_2016-02-23_13:00:00 999.0  26.3  45.6   9.8  39.3  17.4  51.8  42.8  72.7  41.2 285.9 279.5 999.0  15.8   4.2  37.2 196.2  23.3 220.7 355.8 253.3  20.4  11.1  28.1 351.1 358.4  21.7   5.1  29.8  32.6  46.3
 wrfout_d04_2016-02-23_14:00:00 999.0  25.6  46.9  12.6  40.6  21.9  66.1  41.7  78.1  40.5 246.2 272.3 999.0  20.8 358.6  34.2 157.1  23.9 209.9 358.7 255.4  18.2  12.8  25.6 358.2 357.8  15.4 351.4  28.7  30.2  54.5
 wrfout_d04_2016-02-23_15:00:00 999.0  29.6  50.8  11.4  43.5  22.9  66.7  42.4  89.9  40.2 259.5 276.9 999.0  17.6   6.8  31.3 201.3  24.4 218.1 354.5 256.9  16.9  12.5  25.2 352.9   3.1   8.7   2.6  27.9  28.5  57.0
 wrfout_d04_2016-02-23_16:00:00 999.0  29.2  50.9   5.5  44.2  23.0  42.1  46.4  67.7  40.1 258.1 280.6 999.0  18.6   7.4  28.9 312.5  24.2 215.5 357.1 259.9  19.1  11.5  24.8 358.4   0.3  11.1   9.8  24.8  27.5  54.8
 wrfout_d04_2016-02-23_17:00:00 999.0  30.1  49.9  13.0  42.6  26.6  62.0  39.5  57.6  43.3 246.2 276.2 999.0  16.2   0.9  26.2 187.7  22.1 224.9 353.6 264.8  13.1   9.2  25.1 359.9 356.2   0.3   7.6  20.6  26.7  51.7
 wrfout_d04_2016-02-23_18:00:00 999.0  28.2  50.3  14.9  42.8  30.4  61.4  42.7  77.2  41.7 258.1 273.6 999.0  16.0   6.3  23.4 301.0  23.2 221.0 352.8 263.5  16.1  10.2  25.1 352.7 356.9   5.8 351.0  15.1  25.9  52.2
 wrfout_d04_2016-02-23_19:00:00 999.0  29.4  48.0  17.2  42.2  31.1  73.4  42.1  77.0  41.6 266.9 283.1 999.0  19.6   3.1  25.6 220.4  25.9 222.5   0.2 262.7  17.4  11.8  23.9   5.6   3.7 357.5  10.0  17.1  29.7  49.4
 wrfout_d04_2016-02-23_20:00:00 999.0  28.3  47.7  12.5  42.0  32.4  55.0  43.8  63.0  47.7 293.2 282.6 999.0  16.7   8.5  26.9 197.6  26.2 216.5   1.8 263.7  22.4   9.9  24.5   6.5   5.4   2.2   9.8  20.8  28.9  50.5
 wrfout_d04_2016-02-23_21:00:00 999.0  29.6  48.3   9.3  43.1  35.1  67.1  41.4  75.4  44.3 321.4 284.2 999.0  12.6 357.8  25.2 159.4  23.5 221.4 358.0 265.2  22.2  13.2  22.8 334.2 345.8 357.0   0.4  19.1  27.3  51.5
 wrfout_d04_2016-02-23_22:00:00 999.0  30.3  47.0  12.0  42.3  33.1  75.8  48.3  72.3  47.7 350.4 283.4 999.0  18.5   8.0  23.3 179.6  27.4 227.3   2.2 266.1  21.6  14.8  23.8 358.5 356.9 355.2   6.3  16.2  30.0  55.6
 wrfout_d04_2016-02-23_23:00:00 999.0  33.3  49.6   8.4  43.9  35.4  72.7  43.2  73.8  37.1  13.0 293.1 999.0  18.2   7.2  25.1 295.0  26.4 227.6   3.3 268.9  21.7  15.0  22.8  10.0   3.2 356.9  28.6  13.6  29.9  54.9
