 wrfout_d04_2016-01-20_00:00:00 999.00  14.78   8.45  13.37   9.45  13.72  13.38  13.67  13.27  13.93  13.13  13.56 999.00  14.42  14.76  17.59  15.48  16.17  11.13  13.79   1.71  17.56  17.63  18.99  15.35  15.57  19.45  17.93  18.93  20.53  20.64
 wrfout_d04_2016-01-20_01:00:00 999.00  14.92   8.68  14.19   9.63  14.06  14.35  14.23  13.94  14.34  13.79  13.62 999.00  14.89  15.76  18.05  16.53  16.52  12.48  13.98   2.05  17.66  17.50  19.82  15.43  15.72  20.40  17.81  18.95  20.80  21.57
 wrfout_d04_2016-01-20_02:00:00 999.00  15.20   9.01  14.29   9.91  14.18  14.70  14.94  14.73  14.54  14.49  14.08 999.00  15.22  16.88  18.23  15.92  16.05  12.14  14.46   2.39  17.68  17.27  19.71  15.82  16.18  21.11  18.38  19.72  21.30  21.76
 wrfout_d04_2016-01-20_03:00:00 999.00  15.44   9.42  14.80  10.48  14.38  15.05  15.28  15.12  15.39  14.47  14.42 999.00  15.81  17.44  18.55  19.76  15.98  13.44  15.20   2.95  17.68  17.55  21.40  16.41  16.88  21.72  20.42  20.97  21.16  22.42
 wrfout_d04_2016-01-20_04:00:00 999.00  15.69   9.86  15.26  11.11  14.84  15.93  15.92  15.78  16.31  14.48  15.33 999.00  16.18  17.60  19.24  19.44  16.20  13.65  15.22   3.41  17.65  18.00  21.41  16.92  17.27  22.91  21.30  22.04  21.12  22.21
 wrfout_d04_2016-01-20_05:00:00 999.00  15.83  10.22  16.13  11.71  15.31  16.21  16.30  16.08  16.79  14.85  16.22 999.00  16.72  18.06  19.11  18.61  16.30  13.87  15.59   3.96  17.96  17.59  21.26  17.57  17.86  22.81  22.85  20.44  21.15  23.94
 wrfout_d04_2016-01-20_06:00:00 999.00  15.99  10.44  16.35  11.86  15.56  16.25  16.48  16.18  16.90  15.30  16.38 999.00  17.01  18.26  19.35  17.76  16.44  13.68  15.28   4.15  18.12  17.93  21.57  17.43  17.78  22.66  22.78  21.83  21.27  24.03
 wrfout_d04_2016-01-20_07:00:00 999.00  16.10  10.59  15.84  11.47  15.41  16.28  16.33  16.42  16.43  15.11  16.52 999.00  16.85  18.43  19.52  17.20  16.38  12.95  15.35   4.32  17.94  18.39  20.61  16.93  17.14  22.91  21.50  21.68  20.89  23.11
 wrfout_d04_2016-01-20_08:00:00 999.00  16.20  10.68  15.52  11.57  15.41  16.03  16.35  16.09  16.47  15.31  15.95 999.00  16.90  18.08  19.69  16.44  16.55  11.87  15.54   4.15  18.16  18.62  20.43  16.79  17.14  22.26  21.61  20.08  21.21  22.86
 wrfout_d04_2016-01-20_09:00:00 999.00  16.46  10.88  15.46  11.78  15.49  16.19  16.34  16.45  16.67  15.26  15.80 999.00  16.74  18.04  19.95  15.61  16.63  11.00  15.42   4.25  18.26  18.61  20.14  16.86  17.06  21.71  20.77  19.71  21.06  22.12
 wrfout_d04_2016-01-20_10:00:00 999.00  16.49  11.23  15.36  12.07  15.59  16.39  16.39  16.33  16.67  15.73  16.12 999.00  16.71  17.77  19.88  14.64  16.84   9.14  15.77   4.63  18.36  17.91  18.78  16.70  16.99  21.33  20.87  19.42  20.98  21.98
 wrfout_d04_2016-01-20_11:00:00 999.00  16.88  11.47  15.40  12.31  15.66  16.48  16.67  16.38  16.60  15.93  16.18 999.00  16.90  17.52  19.86  12.70  16.80   8.84  15.46   4.48  18.58  18.61  19.99  16.67  16.96  21.11  20.36  19.43  20.96  21.94
 wrfout_d04_2016-01-20_12:00:00 999.00  17.02  11.62  15.52  12.48  16.00  16.56  16.80  16.43  16.63  15.94  16.21 999.00  16.93  17.00  19.87  14.28  16.68  10.60  15.68   4.45  18.63  18.48  20.23  16.55  16.88  21.16  19.97  19.63  21.22  21.83
 wrfout_d04_2016-01-20_13:00:00 999.00  17.23  12.02  15.74  12.86  16.06  16.86  16.83  16.64  16.06  16.02  16.14 999.00  16.93  16.99  20.01  14.08  16.83  10.68  15.64   5.23  18.78  18.06  18.85  16.50  16.76  22.12  20.05  19.65  21.33  21.70
 wrfout_d04_2016-01-20_14:00:00 999.00  17.30  12.27  15.87  13.11  16.28  16.92  16.99  16.88  16.34  16.48  15.77 999.00  16.85  17.12  20.00  14.30  17.15  11.36  15.72   5.31  18.91  18.22  20.16  16.47  16.69  21.85  19.83  19.69  21.40  22.03
 wrfout_d04_2016-01-20_15:00:00 999.00  17.52  12.55  15.75  13.33  16.28  17.06  17.10  16.77  15.95  16.42  16.30 999.00  16.89  17.01  19.94  14.43  17.33  11.47  15.98   5.33  19.09  17.95  20.20  16.50  16.83  21.94  19.46  19.69  21.34  21.89
 wrfout_d04_2016-01-20_16:00:00 999.00  17.52  12.81  15.80  13.58  16.46  16.18  17.07  16.33  16.01  16.67  16.44 999.00  16.67  16.96  20.51  12.44  17.57  11.25  15.61   5.29  19.39  17.62  20.22  16.74  16.91  21.82  19.23  19.34  21.60  22.09
 wrfout_d04_2016-01-20_17:00:00 999.00  17.75  12.85  15.84  13.61  16.35  16.39  17.22  16.75  15.88  16.81  16.08 999.00  16.79  16.83  19.54  12.09  17.83  11.04  15.04   5.32  19.61  17.87  20.50  16.70  17.01  21.51  18.91  19.24  22.01  22.18
 wrfout_d04_2016-01-20_18:00:00 999.00  17.64  12.81  15.97  13.75  16.44  16.07  17.18  16.00  15.73  16.70  16.48 999.00  16.74  16.76  19.92  13.89  17.71  10.85  15.20   5.28  19.83  18.01  20.49  16.52  16.79  21.57  18.49  20.22  22.18  22.05
 wrfout_d04_2016-01-20_19:00:00 999.00  17.62  12.80  16.24  13.51  16.54  16.21  16.49  16.19  16.10  16.36  16.60 999.00  16.54  16.55  19.96  13.51  17.04  10.22  15.03   5.26  19.85  18.07  19.31  16.60  16.75  21.79  18.68  19.81  22.34  23.18
 wrfout_d04_2016-01-20_20:00:00 999.00  17.46  12.74  16.08  13.48  16.30  16.08  16.51  16.14  15.90  16.47  16.44 999.00  16.40  16.35  20.49  13.85  17.55  10.73  14.79   5.17  19.83  17.71  19.38  16.92  16.51  21.42  18.47  19.93  22.28  23.79
 wrfout_d04_2016-01-20_21:00:00 999.00  17.38  12.51  15.96  13.24  16.25  16.01  16.33  16.10  15.99  16.40  16.38 999.00  16.47  16.24  19.67  12.06  17.48  10.49  14.79   5.47  19.58  18.00  19.45  16.88  16.57  21.11  18.95  20.59  22.40  24.11
 wrfout_d04_2016-01-20_22:00:00 999.00  17.54  12.30  15.81  13.15  16.11  16.06  16.22  16.12  16.01  16.39  16.33 999.00  16.62  16.54  20.25  12.35  17.50  10.61  14.97   5.72  19.41  17.71  19.60  17.26  17.48  22.22  19.37  20.41  22.43  24.51
 wrfout_d04_2016-01-20_23:00:00 999.00  17.68  11.96  15.68  12.86  15.98  16.02  16.08  16.08  16.08  17.03  16.70 999.00  16.15  16.51  20.74  13.42  17.14  10.71  15.24   5.87  19.41  18.48  21.05  16.92  17.31  22.66  19.50  21.05  22.68  23.74
