 wrfout_d04_2016-10-20_00:00:00 999.00  27.30  23.03  28.37  24.32  28.31  29.09  29.14  29.07  30.54  28.16  27.33 999.00  27.55  27.99  29.03  26.71  27.57  18.58  25.81  10.25  27.13  25.72  25.98  25.86  26.18  27.59  29.26  25.70  27.38  27.99
 wrfout_d04_2016-10-20_01:00:00 999.00  27.42  23.48  29.04  24.79  29.10  29.71  29.52  29.49  31.63  28.61  27.32 999.00  28.95  29.90  29.47  28.00  28.49  19.23  27.85  10.81  27.23  26.61  26.52  27.37  27.90  28.15  30.92  26.47  28.30  28.63
 wrfout_d04_2016-10-20_02:00:00 999.00  27.53  23.98  29.50  25.26  29.63  29.72  30.13  29.91  32.72  28.62  28.27 999.00  30.19  31.46  29.92  28.45  29.10  20.33  29.34  11.31  27.34  27.09  27.77  29.29  29.61  29.49  32.85  26.74  28.61  29.49
 wrfout_d04_2016-10-20_03:00:00 999.00  27.64  24.26  29.85  25.44  29.32  29.86  30.93  30.12  33.67  28.95  28.53 999.00  31.51  32.49  30.49  29.11  29.76  20.41  30.35  10.75  27.48  27.75  28.28  30.97  30.77  30.09  33.66  26.88  28.13  29.97
 wrfout_d04_2016-10-20_04:00:00 999.00  27.73  24.31  29.89  25.48  28.83  30.57  31.54  30.29  33.86  29.00  28.34 999.00  32.36  33.06  30.66  28.69  29.79  19.95  31.39   9.93  27.33  27.58  28.89  32.00  31.96  30.06  34.52  26.99  28.56  30.21
 wrfout_d04_2016-10-20_05:00:00 999.00  27.76  24.22  30.00  25.42  28.52  30.49  31.63  30.35  34.08  28.94  28.11 999.00  32.56  33.16  30.67  28.37  29.60  19.87  31.84   9.57  27.31  27.60  28.98  33.24  34.24  30.79  34.97  26.80  28.01  29.42
 wrfout_d04_2016-10-20_06:00:00 999.00  27.78  23.83  29.40  25.09  29.31  30.13  31.53  30.33  32.54  28.86  28.26 999.00  31.96  34.41  30.42  27.77  29.60  19.32  32.18   9.55  27.29  27.73  29.16  34.15  34.42  30.56  34.57  26.96  28.09  29.75
 wrfout_d04_2016-10-20_07:00:00 999.00  27.74  23.48  28.78  24.65  28.82  29.88  31.02  29.89  32.40  28.64  28.05 999.00  31.64  34.83  30.15  26.60  29.63  18.78  31.57   9.39  27.46  27.81  28.99  34.92  34.61  30.73  34.51  26.80  27.95  29.44
 wrfout_d04_2016-10-20_08:00:00 999.00  27.79  23.07  28.26  24.22  28.37  29.39  29.97  29.44  31.45  28.27  27.81 999.00  32.01  34.07  29.73  25.52  28.78  17.94  31.49   9.62  27.45  28.16  28.38  33.52  34.33  30.09  33.41  26.80  27.78  29.14
 wrfout_d04_2016-10-20_09:00:00 999.00  27.85  22.63  27.97  23.77  28.09  28.99  28.88  29.16  30.25  27.90  27.47 999.00  31.55  33.32  29.34  24.98  28.21  16.17  31.13   9.89  27.39  27.94  27.99  31.69  33.28  29.69  33.13  26.81  27.61  29.04
 wrfout_d04_2016-10-20_10:00:00 999.00  27.87  22.50  27.89  23.66  27.70  28.85  28.54  29.09  29.65  27.77  27.39 999.00  28.67  33.10  29.04  24.68  27.42  16.56  31.07   9.94  27.75  28.11  27.97  30.50  31.85  29.64  32.43  26.82  27.62  28.98
 wrfout_d04_2016-10-20_11:00:00 999.00  27.85  22.55  27.89  23.70  27.60  28.76  28.54  29.01  29.04  27.76  27.36 999.00  28.97  32.89  28.74  25.82  27.38  16.54  30.57  10.20  27.74  28.17  27.67  30.21  30.85  29.35  31.51  26.80  27.67  28.88
 wrfout_d04_2016-10-20_12:00:00 999.00  27.82  22.68  27.97  23.82  27.50  28.67  28.46  28.97  28.33  27.71  27.30 999.00  29.68  32.84  28.59  25.96  27.08  16.01  30.10  10.14  27.78  28.21  27.67  32.67  30.39  28.97  31.59  26.85  27.68  28.79
 wrfout_d04_2016-10-20_13:00:00 999.00  27.75  22.75  28.03  23.88  27.39  28.63  26.31  28.98  27.66  27.73  27.25 999.00  29.37  32.99  28.54  25.61  27.07  16.61  30.14  10.33  27.84  28.42  27.41  31.49  31.28  28.83  31.40  26.88  27.60  28.72
 wrfout_d04_2016-10-20_14:00:00 999.00  27.71  22.77  28.03  23.88  27.17  28.61  25.44  28.97  27.14  27.73  27.34 999.00  28.83  32.64  28.51  25.34  27.20  16.64  28.41  10.22  27.54  28.13  27.76  31.47  31.66  28.93  30.99  26.91  27.59  28.56
 wrfout_d04_2016-10-20_15:00:00 999.00  27.76  22.89  28.08  23.97  26.47  28.59  25.58  28.85  26.83  27.77  27.31 999.00  28.26  32.20  28.23  25.47  27.38  16.69  27.36  10.44  28.13  27.69  27.52  32.02  31.86  28.76  30.82  26.88  27.56  28.42
 wrfout_d04_2016-10-20_16:00:00 999.00  27.77  23.00  28.23  24.07  26.38  28.73  25.89  29.11  26.16  27.76  27.33 999.00  27.69  29.74  28.46  25.06  27.58  16.38  26.11  10.43  28.19  28.01  27.49  31.24  31.67  28.60  30.76  26.84  27.51  28.31
 wrfout_d04_2016-10-20_17:00:00 999.00  27.78  23.03  28.27  24.07  26.23  28.69  25.55  29.09  26.15  27.78  27.39 999.00  27.62  28.93  27.91  22.69  27.32  14.51  26.56  10.51  28.31  28.27  27.37  31.65  31.01  28.48  30.86  26.86  27.53  28.29
 wrfout_d04_2016-10-20_18:00:00 999.00  27.77  23.02  28.23  24.07  26.14  28.66  25.16  29.11  26.11  27.83  27.51 999.00  27.44  27.99  27.56  22.99  26.98  17.69  26.03  10.41  28.03  28.94  27.11  31.48  30.89  28.39  30.83  26.88  27.38  28.18
 wrfout_d04_2016-10-20_19:00:00 999.00  27.74  23.11  28.37  24.11  26.15  28.81  24.75  29.38  25.96  27.53  27.17 999.00  27.16  27.15  27.37  25.03  27.50  17.57  25.83  10.63  29.12  29.02  26.23  31.09  30.98  28.32  30.97  26.92  27.41  28.10
 wrfout_d04_2016-10-20_20:00:00 999.00  27.75  23.25  28.40  24.24  26.20  28.87  24.93  29.10  26.04  27.65  27.28 999.00  26.80  27.34  26.92  22.43  27.05  17.27  25.95  10.61  29.52  29.23  26.48  31.04  30.68  28.33  30.64  26.92  27.30  28.06
 wrfout_d04_2016-10-20_21:00:00 999.00  27.77  23.15  28.19  24.14  27.53  29.03  24.55  29.19  26.00  27.64  27.36 999.00  26.39  27.04  26.89  22.59  27.81  17.10  25.86  10.17  29.42  30.08  26.52  30.71  30.53  28.26  30.04  26.90  27.35  28.08
 wrfout_d04_2016-10-20_22:00:00 999.00  27.76  22.93  28.06  23.93  27.89  28.99  24.30  29.73  25.61  27.61  27.33 999.00  26.01  26.72  27.03  22.09  28.48  17.14  26.22  10.29  29.43  29.87  26.54  30.57  30.75  27.84  30.04  26.84  27.28  28.16
 wrfout_d04_2016-10-20_23:00:00 999.00  27.74  23.23  28.19  24.32  28.33  29.62  26.67  29.84  27.86  28.10  27.70 999.00  27.02  27.22  27.43  24.04  29.30  17.86  26.69  10.46  29.21  30.26  27.50  31.68  31.13  28.60  30.11  26.97  27.75  28.20
