 wrfout_d04_2016-09-26_00:00:00 999.00  26.38  22.33  27.86  23.85  26.28  28.07  26.15  27.51  27.50  28.14  28.10 999.00  27.34  26.53  29.73  23.50  27.02  18.01  24.39  12.92  27.02  25.73  27.98  27.63  27.89  29.34  28.81  27.56  26.73  28.25
 wrfout_d04_2016-09-26_01:00:00 999.00  26.45  22.79  28.70  24.63  26.16  29.41  27.44  29.12  28.78  29.42  28.73 999.00  28.75  28.38  30.83  23.62  27.95  19.53  25.38  14.18  27.12  26.65  28.69  28.68  28.80  30.39  29.59  28.33  27.41  29.33
 wrfout_d04_2016-09-26_02:00:00 999.00  26.52  23.06  29.21  25.13  26.42  30.30  27.73  28.72  29.44  30.73  28.41 999.00  28.10  29.58  31.40  25.03  27.66  20.60  26.92  15.08  27.30  27.36  29.27  29.00  29.53  31.12  30.35  28.56  28.17  29.90
 wrfout_d04_2016-09-26_03:00:00 999.00  26.54  23.25  29.38  25.50  26.86  30.81  27.94  29.12  29.62  31.64  29.64 999.00  28.02  31.99  31.84  26.71  27.61  21.18  28.77  15.35  27.18  27.36  29.94  29.25  30.04  31.99  31.02  28.94  28.23  30.09
 wrfout_d04_2016-09-26_04:00:00 999.00  26.58  23.03  29.40  25.60  27.88  31.02  28.02  30.96  29.76  31.93  29.40 999.00  28.87  33.17  31.89  27.92  27.72  21.52  30.23  15.57  27.17  27.73  30.10  30.43  30.38  32.46  31.39  29.79  27.50  30.39
 wrfout_d04_2016-09-26_05:00:00 999.00  26.63  22.31  28.98  25.53  28.33  30.75  28.04  30.96  30.30  31.92  29.02 999.00  28.38  33.17  31.58  28.50  27.89  21.65  30.49  15.11  27.12  27.74  30.11  31.57  31.61  32.44  31.73  30.09  28.02  30.84
 wrfout_d04_2016-09-26_06:00:00 999.00  26.74  22.10  28.05  25.24  27.08  29.94  27.47  29.53  29.64  31.81  28.54 999.00  28.42  33.41  31.37  28.44  28.19  21.19  30.51  14.51  27.15  27.78  30.20  32.36  32.23  32.07  32.16  29.51  27.36  30.33
 wrfout_d04_2016-09-26_07:00:00 999.00  26.78  22.02  28.17  24.75  26.91  29.45  27.07  29.79  28.42  31.16  28.67 999.00  28.46  32.99  31.49  28.01  27.61  20.12  30.34  12.95  27.13  27.68  29.80  32.28  32.38  31.82  31.97  29.14  27.18  29.60
 wrfout_d04_2016-09-26_08:00:00 999.00  26.81  22.00  27.63  23.40  26.57  28.97  27.17  28.54  27.86  29.64  27.80 999.00  27.96  31.54  30.78  27.06  27.54  18.54  29.97  12.04  27.11  27.71  29.17  30.87  31.02  31.24  31.74  28.29  26.95  29.02
 wrfout_d04_2016-09-26_09:00:00 999.00  26.84  21.98  26.60  23.20  26.40  28.48  26.54  28.20  27.48  28.93  27.48 999.00  27.32  29.70  30.61  25.26  27.10  16.95  28.12  11.00  27.14  27.62  28.32  29.84  29.85  30.72  31.59  27.56  26.92  28.49
 wrfout_d04_2016-09-26_10:00:00 999.00  26.89  22.03  26.35  22.99  26.32  28.30  26.40  28.01  27.17  28.65  27.40 999.00  27.07  29.07  30.24  24.05  26.86  16.10  27.05  10.45  27.22  27.51  28.41  28.63  28.72  30.26  31.94  26.10  26.87  28.23
 wrfout_d04_2016-09-26_11:00:00 999.00  26.96  22.07  26.27  22.92  26.31  28.26  26.49  27.98  27.19  28.57  27.29 999.00  26.90  28.29  30.81  23.39  26.87  16.59  26.54  10.41  27.20  27.30  28.88  27.60  27.75  30.08  31.43  25.81  26.98  28.06
 wrfout_d04_2016-09-26_12:00:00 999.00  27.01  22.18  26.09  23.02  26.44  28.31  26.54  28.00  27.03  28.62  27.30 999.00  27.02  27.81  30.59  22.88  26.87  16.56  26.93  10.27  27.27  27.43  28.91  27.24  27.17  30.23  30.73  25.68  27.06  28.18
 wrfout_d04_2016-09-26_13:00:00 999.00  27.07  22.28  26.33  23.13  26.48  28.32  26.59  28.00  27.10  28.50  27.32 999.00  27.05  27.44  30.42  22.66  26.83  16.37  26.69  10.05  27.26  27.35  28.77  27.27  27.23  30.38  30.05  25.58  27.04  28.15
 wrfout_d04_2016-09-26_14:00:00 999.00  27.17  22.31  26.33  23.19  26.55  28.31  26.61  28.10  27.15  28.52  27.44 999.00  26.97  27.42  30.23  22.91  26.79  16.02  26.42   9.82  27.31  27.55  28.74  27.06  27.10  30.24  29.59  25.65  27.06  28.01
 wrfout_d04_2016-09-26_15:00:00 999.00  27.22  22.38  26.34  23.19  26.57  28.25  26.60  28.01  27.15  28.44  27.45 999.00  27.10  27.79  30.22  22.81  26.90  15.61  26.03   9.57  27.31  27.68  29.02  27.14  27.07  30.15  28.84  25.64  27.10  27.71
 wrfout_d04_2016-09-26_16:00:00 999.00  27.31  22.40  26.37  23.20  26.60  28.16  26.58  27.97  27.08  28.39  27.44 999.00  27.05  28.13  30.17  22.46  26.86  15.20  25.95   9.54  27.28  27.66  29.68  27.14  27.12  30.11  28.39  25.60  26.97  27.32
 wrfout_d04_2016-09-26_17:00:00 999.00  27.35  22.42  26.56  23.23  26.70  28.19  26.57  28.01  26.97  28.57  27.41 999.00  27.17  27.78  30.74  22.32  26.86  14.91  26.18   9.58  27.38  27.56  29.91  27.34  27.31  30.33  28.21  26.38  26.27  27.19
 wrfout_d04_2016-09-26_18:00:00 999.00  27.40  22.46  26.68  23.18  26.74  28.18  26.57  28.13  26.99  28.71  27.32 999.00  27.11  28.03  30.90  22.05  26.94  14.69  26.09   9.77  27.37  27.53  29.72  27.37  27.37  30.11  27.80  26.52  26.08  26.62
 wrfout_d04_2016-09-26_19:00:00 999.00  27.42  22.46  26.73  23.12  26.79  28.05  26.82  28.11  27.15  28.75  27.27 999.00  27.15  27.88  30.67  21.75  26.84  14.70  26.01   9.93  27.33  27.63  29.56  27.13  27.14  29.27  27.93  26.45  25.61  26.28
 wrfout_d04_2016-09-26_20:00:00 999.00  27.48  22.47  26.68  23.12  26.87  28.17  26.93  28.13  27.34  28.69  27.17 999.00  27.48  28.02  30.27  21.59  27.01  14.47  25.99  10.20  27.45  27.61  28.90  27.18  27.21  29.42  27.92  25.98  25.10  25.95
 wrfout_d04_2016-09-26_21:00:00 999.00  27.61  22.46  26.65  23.15  26.93  28.05  27.03  28.10  27.48  28.23  26.63 999.00  27.54  27.93  29.83  21.43  27.10  14.74  25.88  10.32  27.65  27.68  28.18  27.29  27.39  28.70  28.00  25.83  24.99  25.56
 wrfout_d04_2016-09-26_22:00:00 999.00  27.67  22.45  26.51  23.13  26.90  27.75  27.06  27.66  27.52  27.80  26.39 999.00  27.68  27.88  29.44  21.30  27.41  15.42  25.86  10.59  27.77  28.13  27.79  27.50  27.59  27.18  28.10  25.70  24.64  25.63
 wrfout_d04_2016-09-26_23:00:00 999.00  27.69  22.44  26.34  23.21  26.67  27.70  27.16  27.53  27.49  27.66  26.53 999.00  27.76  27.94  29.07  21.61  27.48  16.21  25.79  11.06  27.93  28.17  27.99  27.58  27.67  26.48  28.25  25.65  24.48  26.01
