 wrfout_d04_2016-03-11_00:00:00 999.00  14.13   7.29  11.74   8.62  12.41  11.63  12.65  11.63  12.37  12.08  12.26 999.00  12.93  11.88  15.40  12.49  13.86   8.39  10.08   3.88  16.04  14.35  15.19  12.05  12.10  15.18  13.44  15.38  17.75  17.25
 wrfout_d04_2016-03-11_01:00:00 999.00  14.15   7.52  12.14   8.94  12.53  11.93  12.66  11.88  12.64  12.29  12.61 999.00  13.31  12.29  15.56  12.28  13.96   8.49  10.30   3.97  16.19  14.47  15.50  12.15  12.15  15.20  13.77  15.66  17.77  17.73
 wrfout_d04_2016-03-11_02:00:00 999.00  14.15   7.76  12.35   9.10  12.64  12.14  12.97  12.04  12.87  12.59  12.86 999.00  13.58  12.52  15.84  12.62  14.25   8.50  10.77   4.19  16.34  14.77  16.15  12.56  12.66  15.72  14.59  16.26  17.65  18.01
 wrfout_d04_2016-03-11_03:00:00 999.00  14.15   7.79  12.49   8.87  12.66  12.31  13.19  12.20  12.93  12.69  12.79 999.00  13.95  12.91  15.71  12.89  14.38   8.73  11.04   4.22  16.47  15.42  16.13  12.99  13.00  16.28  15.31  16.59  17.72  19.29
 wrfout_d04_2016-03-11_04:00:00 999.00  14.13   7.72  12.44   8.76  12.68  12.43  13.07  12.24  13.09  13.04  12.77 999.00  13.99  13.06  15.85  12.63  14.50   8.92  11.14   4.30  16.60  15.81  16.39  13.39  13.72  16.65  15.92  17.06  18.06  19.34
 wrfout_d04_2016-03-11_05:00:00 999.00  14.14   7.75  12.46   8.78  12.75  12.60  13.10  12.37  13.11  13.00  12.80 999.00  14.09  13.20  16.07  12.41  14.75   8.69  11.42   4.17  16.78  16.01  16.51  13.40  13.64  16.88  16.68  17.46  18.16  19.05
 wrfout_d04_2016-03-11_06:00:00 999.00  14.16   7.75  12.32   8.77  12.74  12.77  13.12  12.48  13.13  13.07  12.85 999.00  14.07  13.28  15.89  11.84  14.84   8.33  11.64   3.95  16.81  16.13  16.55  13.42  13.60  16.84  16.69  17.49  18.15  19.54
 wrfout_d04_2016-03-11_07:00:00 999.00  14.18   7.78  12.25   8.72  12.80  12.80  12.88  12.43  12.96  13.10  12.86 999.00  14.17  13.47  15.76  11.93  14.87   8.14  11.86   3.57  16.92  16.03  16.51  13.55  13.62  16.84  16.79  17.82  18.19  19.47
 wrfout_d04_2016-03-11_08:00:00 999.00  14.13   7.74  12.13   8.69  12.79  12.77  12.90  12.36  12.72  13.22  12.94 999.00  14.05  13.20  15.56  11.90  14.60   7.96  11.95   3.32  16.93  16.41  16.60  13.40  13.44  16.86  16.77  17.35  18.06  19.39
 wrfout_d04_2016-03-11_09:00:00 999.00  14.12   7.75  12.12   8.69  12.79  12.50  12.85  12.19  12.80  12.97  12.95 999.00  13.91  12.95  15.22  11.88  14.59   7.81  12.13   3.13  16.90  16.20  16.72  13.51  13.55  16.91  16.82  16.94  18.04  19.31
 wrfout_d04_2016-03-11_10:00:00 999.00  14.26   7.75  12.09   8.68  12.84  12.10  12.96  12.05  12.76  12.72  12.91 999.00  13.15  12.89  15.15  11.90  14.70   7.73  12.17   2.96  17.02  16.32  16.67  13.67  13.72  17.13  16.32  16.50  18.18  18.94
 wrfout_d04_2016-03-11_11:00:00 999.00  14.57   7.83  12.15   8.78  12.98  12.01  13.18  12.01  12.80  12.66  12.85 999.00  13.14  12.64  15.18  12.13  15.01   7.83  12.21   2.96  17.22  16.46  16.71  13.78  13.92  17.28  16.25  16.41  18.06  18.83
 wrfout_d04_2016-03-11_12:00:00 999.00  14.87   7.91  12.27   8.86  13.10  11.95  13.43  12.09  12.98  12.64  12.94 999.00  13.30  12.90  15.25  12.25  15.10   7.79  12.08   2.92  17.42  16.60  16.74  13.99  14.11  17.37  16.39  16.48  18.02  18.79
 wrfout_d04_2016-03-11_13:00:00 999.00  15.12   8.03  12.37   8.97  13.30  12.01  13.67  12.14  13.15  12.74  13.09 999.00  12.89  13.18  14.95  12.43  15.61   7.79  11.86   2.93  17.64  16.87  16.72  13.96  14.09  17.41  16.23  16.48  18.10  18.85
 wrfout_d04_2016-03-11_14:00:00 999.00  15.27   8.20  12.48   9.15  13.42  12.20  13.76  12.07  13.19  12.85  13.20 999.00  11.61  13.16  14.91  12.70  15.83   7.82  11.80   2.94  17.81  16.96  16.66  13.94  13.80  17.45  16.36  16.47  18.28  18.74
 wrfout_d04_2016-03-11_15:00:00 999.00  15.45   8.38  12.59   9.33  13.51  12.25  13.79  12.48  13.33  12.91  13.30 999.00  13.46  13.15  14.78  12.58  15.83   8.20  11.70   2.99  17.86  17.40  16.59  13.59  13.81  17.48  16.33  16.46  18.24  18.60
 wrfout_d04_2016-03-11_16:00:00 999.00  15.71   8.63  12.72   9.55  13.51  12.37  13.83  12.64  13.58  12.68  13.35 999.00  13.72  13.07  14.88  12.89  16.06   7.88  11.75   2.93  18.01  17.45  16.76  13.67  13.70  17.39  15.86  16.57  18.41  18.63
 wrfout_d04_2016-03-11_17:00:00 999.00  15.85   8.91  12.81   9.82  12.88  12.70  13.84  12.75  13.87  12.93  13.42 999.00  13.71  13.03  14.70  12.84  16.14   7.78  11.80   2.93  18.06  16.86  16.72  13.90  14.08  17.38  15.33  16.67  18.49  18.88
 wrfout_d04_2016-03-11_18:00:00 999.00  15.89   9.10  12.81  10.02  12.85  12.87  13.86  12.82  14.24  12.89  13.08 999.00  13.97  13.04  14.66  12.98  16.62   7.79  11.77   2.95  18.21  16.19  16.76  13.71  14.31  17.32  15.49  16.62  18.54  18.69
 wrfout_d04_2016-03-11_19:00:00 999.00  15.88   9.35  12.85  10.23  12.84  13.24  14.00  12.92  14.41  13.12  13.06 999.00  13.64  13.04  14.69  12.93  16.70   7.92  11.95   3.02  18.79  16.18  16.82  13.79  14.49  17.46  15.53  16.65  18.55  18.54
 wrfout_d04_2016-03-11_20:00:00 999.00  15.96   9.33  12.98  10.39  12.96  13.62  14.17  13.15  14.38  13.12  13.08 999.00  13.71  12.90  14.75  13.04  16.69   7.81  12.05   2.97  18.70  16.12  16.91  13.89  14.07  17.43  15.39  16.68  18.54  18.77
 wrfout_d04_2016-03-11_21:00:00 999.00  16.04   9.49  13.27  10.63  13.21  13.98  14.40  13.51  14.60  13.03  13.37 999.00  13.54  12.74  14.71  12.82  16.84   7.90  12.25   2.93  18.41  16.81  17.10  13.77  13.94  17.42  15.31  16.73  18.68  18.73
 wrfout_d04_2016-03-11_22:00:00 999.00  16.11   9.72  13.47  10.79  13.77  14.10  14.69  13.49  14.72  12.98  13.33 999.00  13.63  12.74  14.89  13.04  16.90   8.13  12.50   2.88  19.18  17.47  17.24  13.53  13.49  17.52  15.43  16.73  18.82  19.12
 wrfout_d04_2016-03-11_23:00:00 999.00  16.27   9.97  13.85  10.98  14.28  14.36  14.90  13.86  14.85  13.67  13.38 999.00  13.69  12.73  15.05  13.14  17.43   8.89  12.64   3.03  19.36  17.52  17.56  13.92  14.18  17.96  16.15  17.53  19.09  19.41
