 wrfout_d04_2016-12-11_00:00:00 999.00  21.04  13.91  20.42  15.64  20.21  20.91  20.50  20.56  20.51  20.43  20.78 999.00  20.69  21.31  20.88  17.55  22.24  13.64  19.91   5.18  22.36  21.53  20.55  20.49  21.29  22.14  23.74  21.49  23.96  23.38
 wrfout_d04_2016-12-11_01:00:00 999.00  20.97  14.08  20.39  16.21  20.43  20.74  21.23  20.80  21.86  20.89  21.04 999.00  22.39  22.69  21.37  19.27  21.52  20.17  20.39   6.87  21.81  21.49  22.08  21.48  22.19  23.42  24.04  22.48  23.71  23.63
 wrfout_d04_2016-12-11_02:00:00 999.00  21.03  14.17  20.96  16.43  20.49  21.80  21.83  21.17  22.76  20.80  21.01 999.00  24.24  24.52  21.50  21.23  22.17  14.13  22.34   7.74  21.77  21.97  22.29  23.54  23.79  23.70  25.24  23.24  24.34  24.59
 wrfout_d04_2016-12-11_03:00:00 999.00  21.01  14.31  22.01  16.88  20.69  21.83  21.89  21.55  23.31  20.65  21.24 999.00  25.12  25.90  20.89  22.04  22.44  14.73  24.02   8.10  21.79  22.35  22.09  24.98  25.15  24.03  25.73  23.90  24.74  25.66
 wrfout_d04_2016-12-11_04:00:00 999.00  21.13  14.29  21.47  17.09  20.77  21.95  22.82  21.90  23.46  21.07  21.07 999.00  25.68  27.02  21.94  22.38  22.56  14.93  24.95   7.54  21.84  22.72  23.17  25.89  25.84  23.82  25.93  24.16  24.96  26.01
 wrfout_d04_2016-12-11_05:00:00 999.00  21.20  14.42  21.57  17.16  20.77  21.75  22.93  22.18  23.70  21.17  20.88 999.00  26.31  27.76  22.56  22.25  22.40  14.95  25.57   7.27  21.72  22.92  22.58  26.36  26.16  24.01  26.04  24.12  24.97  26.03
 wrfout_d04_2016-12-11_06:00:00 999.00  21.35  14.46  21.21  16.83  20.58  21.34  22.87  21.74  23.44  20.91  21.18 999.00  26.09  28.31  22.14  21.87  22.16  14.17  25.95   4.94  21.80  23.13  22.04  26.29  26.05  24.09  25.96  24.01  24.71  25.90
 wrfout_d04_2016-12-11_07:00:00 999.00  21.55  14.51  20.87  16.57  20.74  20.97  22.31  21.14  22.80  21.04  20.88 999.00  25.75  28.43  20.63  21.24  21.87  13.38  25.92   5.40  21.83  23.10  21.51  25.87  25.66  23.90  25.67  23.46  24.13  25.60
 wrfout_d04_2016-12-11_08:00:00 999.00  21.83  14.48  20.64  16.18  21.03  21.09  21.77  21.06  21.88  21.02  21.23 999.00  25.06  27.92  21.31  20.13  21.39  11.77  25.41   5.30  21.77  23.22  21.63  25.03  24.87  23.66  25.16  21.95  23.30  25.19
 wrfout_d04_2016-12-11_09:00:00 999.00  22.02  14.61  20.47  15.80  21.15  21.40  20.90  21.32  21.36  21.43  21.29 999.00  23.73  26.60  21.15  16.22  20.89   7.32  24.29   3.07  21.80  23.14  21.02  23.99  23.84  22.85  24.96  20.87  22.19  24.20
 wrfout_d04_2016-12-11_10:00:00 999.00  22.11  14.92  20.34  16.06  21.15  21.36  20.87  21.39  21.41  21.56  21.36 999.00  22.96  25.37  20.35  15.24  20.78   6.37  23.08   2.92  21.86  23.04  20.96  23.24  23.28  22.33  25.00  20.47  22.02  23.96
 wrfout_d04_2016-12-11_11:00:00 999.00  22.39  15.10  20.49  16.22  21.41  21.50  20.92  21.42  21.48  21.52  21.52 999.00  22.36  25.07  20.34  14.73  20.75   6.09  22.31   2.67  22.00  22.97  20.65  22.78  22.97  22.42  24.86  19.63  21.95  23.65
 wrfout_d04_2016-12-11_12:00:00 999.00  22.57  15.26  20.83  16.57  21.44  21.69  20.94  21.67  21.54  21.65  21.69 999.00  22.41  24.28  20.75  14.25  20.90   5.85  21.95   2.38  22.07  22.96  20.27  22.67  22.77  22.03  24.80  19.72  21.90  23.29
 wrfout_d04_2016-12-11_13:00:00 999.00  22.72  15.64  21.24  16.92  21.31  21.60  21.14  21.56  21.76  21.71  21.71 999.00  22.46  23.36  21.35  13.91  20.88   5.51  21.51   2.18  22.12  23.01  20.51  22.54  22.50  22.04  24.67  19.55  21.89  23.48
 wrfout_d04_2016-12-11_14:00:00 999.00  22.64  15.50  21.00  16.66  21.08  21.55  21.53  21.31  21.26  22.19  21.09 999.00  22.78  22.70  21.11  13.55  20.89   5.14  20.88   2.07  22.05  22.92  20.20  22.29  22.32  21.45  24.37  19.51  21.83  23.10
 wrfout_d04_2016-12-11_15:00:00 999.00  23.11  15.34  20.45  16.47  21.11  20.59  21.16  21.57  19.21  21.27  21.01 999.00  22.43  22.17  20.90  13.25  20.77   4.81  20.13   1.98  21.94  22.88  20.21  21.54  21.96  21.22  24.01  19.97  21.78  22.56
 wrfout_d04_2016-12-11_16:00:00 999.00  23.12  15.22  20.71  16.29  20.55  19.81  21.14  21.38  18.16  20.81  20.66 999.00  21.30  21.57  20.30  12.99  20.73   4.47  19.78   1.92  21.93  22.85  20.30  20.54  21.51  21.01  23.30  19.85  21.72  22.63
 wrfout_d04_2016-12-11_17:00:00 999.00  23.35  15.19  20.87  16.26  18.74  21.07  20.61  21.44  17.91  21.01  21.36 999.00  20.52  21.10  20.18  12.73  20.65   4.09  19.81   1.82  21.94  22.46  20.24  20.04  20.91  20.97  22.59  19.79  21.64  22.73
 wrfout_d04_2016-12-11_18:00:00 999.00  23.20  15.23  20.52  16.30  20.73  21.41  19.36  20.25  17.17  21.07  21.10 999.00  20.13  20.63  20.25  12.50  19.44   3.68  19.38   1.67  22.11  22.21  20.42  19.68  20.33  20.81  22.10  19.67  21.60  22.52
 wrfout_d04_2016-12-11_19:00:00 999.00  23.10  15.13  20.37  16.18  19.85  21.33  18.50  21.14  16.72  20.72  20.70 999.00  19.70  20.21  20.36  12.28  20.27   3.32  19.20   1.54  22.15  21.81  20.46  19.25  20.03  21.39  21.84  19.58  21.70  22.39
 wrfout_d04_2016-12-11_20:00:00 999.00  23.28  15.19  20.40  16.17  19.91  21.10  17.89  18.63  16.21  20.18  20.24 999.00  18.94  19.52  20.98  12.08  19.95   3.58  18.78   2.43  22.09  21.36  20.54  18.95  19.62  21.58  21.49  19.90  21.63  21.79
 wrfout_d04_2016-12-11_21:00:00 999.00  23.23  15.04  20.23  15.97  18.72  18.66  17.53  18.24  16.12  19.67  19.32 999.00  18.60  19.08  20.71  11.94  18.71   3.63  18.48   2.83  21.91  20.85  19.88  18.61  18.87  20.51  21.49  19.89  21.68  21.90
 wrfout_d04_2016-12-11_22:00:00 999.00  23.89  15.00  20.13  15.80  20.18  18.36  17.25  17.72  15.63  20.20  18.32 999.00  19.46  19.47  21.28  11.84  18.78   3.66  18.74   2.81  22.04  20.57  18.83  18.42  18.86  20.18  21.55  19.85  21.72  21.66
 wrfout_d04_2016-12-11_23:00:00 999.00  23.97  15.43  20.31  16.41  19.86  19.71  18.04  19.52  16.93  20.26  20.04 999.00  20.17  19.81  21.72  14.00  20.28   6.33  19.29   3.40  21.97  20.20  20.32  18.77  19.55  21.93  21.92  19.96  22.49  22.05
