 wrfout_d04_2016-02-13_00:00:00 999.00  20.08  17.72  21.35  18.69  21.19  20.76  19.69  20.60  21.41  22.37  23.39 999.00  23.47  23.36  23.73  20.78  22.71  11.28  23.73   5.65  22.41  22.71  23.75  23.87  23.61  24.61  25.50  23.35  23.15  24.76
 wrfout_d04_2016-02-13_01:00:00 999.00  20.24  18.83  23.36  19.84  23.79  23.28  21.52  23.08  24.54  24.07  24.83 999.00  25.46  25.52  25.11  21.27  23.64  12.47  25.46   6.87  22.45  23.80  24.46  25.75  25.68  25.54  26.49  24.92  24.05  25.82
 wrfout_d04_2016-02-13_02:00:00 999.00  20.68  19.90  25.18  20.79  25.70  25.89  22.20  25.91  26.16  25.25  25.82 999.00  27.56  27.54  26.03  22.83  24.31  13.39  26.46   7.52  22.24  24.14  25.06  27.53  27.47  26.37  27.30  25.99  24.78  26.57
 wrfout_d04_2016-02-13_03:00:00 999.00  20.53  21.21  25.73  22.26  27.11  27.71  21.88  27.69  27.11  26.12  26.70 999.00  28.43  28.91  26.45  23.57  24.93  14.01  27.27   7.85  22.28  24.44  25.59  29.07  28.50  27.13  27.69  26.70  25.24  26.91
 wrfout_d04_2016-02-13_04:00:00 999.00  20.60  21.78  24.99  23.09  28.15  29.67  21.08  29.84  25.97  26.67  27.32 999.00  28.18  29.88  26.71  24.14  25.59  14.30  27.97   8.04  22.48  24.52  26.01  29.70  28.97  27.51  28.00  27.23  25.52  27.09
 wrfout_d04_2016-02-13_05:00:00 999.00  20.83  21.53  24.14  22.73  25.59  29.93  20.85  29.71  25.45  26.59  27.61 999.00  28.12  30.22  26.91  24.23  25.89  14.30  28.60   7.98  22.68  24.53  26.11  29.98  29.20  27.81  28.13  27.49  25.58  27.16
 wrfout_d04_2016-02-13_06:00:00 999.00  20.94  20.77  23.84  22.01  24.71  29.01  20.57  29.00  24.97  26.31  27.54 999.00  27.98  29.89  26.87  24.05  25.92  14.08  29.19   7.91  22.73  24.48  26.09  29.93  29.11  28.00  28.14  27.48  25.49  27.19
 wrfout_d04_2016-02-13_07:00:00 999.00  20.97  19.82  23.65  21.11  24.78  27.70  20.04  27.64  24.17  26.22  27.40 999.00  27.43  30.20  27.13  23.55  25.60  13.39  28.89   7.37  22.81  24.46  25.83  29.52  28.80  27.98  28.09  27.16  25.17  27.09
 wrfout_d04_2016-02-13_08:00:00 999.00  20.87  18.84  22.96  20.10  25.60  26.84  19.76  26.78  23.17  25.98  26.68 999.00  26.39  29.57  26.89  22.65  25.07  12.33  28.19   6.32  22.80  24.36  25.48  28.99  28.25  27.73  27.73  26.30  24.58  26.85
 wrfout_d04_2016-02-13_09:00:00 999.00  21.13  17.79  22.13  18.97  25.00  25.79  19.67  25.52  22.08  24.52  25.47 999.00  25.65  28.51  26.18  20.95  24.22  10.85  27.28   5.00  22.76  24.16  25.16  28.07  27.31  27.20  27.07  24.48  23.68  26.00
 wrfout_d04_2016-02-13_10:00:00 999.00  21.08  16.87  20.04  17.55  23.02  24.84  18.86  24.27  21.29  23.10  24.44 999.00  24.93  27.22  25.26  18.89  23.41   9.20  26.29   4.02  22.72  23.79  23.80  27.04  26.29  26.65  26.44  21.87  22.57  25.11
 wrfout_d04_2016-02-13_11:00:00 999.00  21.28  16.71  19.62  17.31  21.94  24.25  18.59  23.70  22.34  22.80  24.23 999.00  24.86  26.38  24.64  16.59  23.14   9.10  25.64   4.27  22.70  23.57  23.87  26.56  25.80  26.08  26.18  21.11  22.45  24.72
 wrfout_d04_2016-02-13_12:00:00 999.00  21.25  16.49  19.06  17.26  20.90  23.50  18.43  23.26  22.40  22.72  23.16 999.00  24.87  25.85  24.29  16.02  22.97   8.99  25.10   4.32  22.69  23.49  23.28  26.21  25.52  25.60  26.12  20.66  22.19  24.46
 wrfout_d04_2016-02-13_13:00:00 999.00  21.13  16.36  18.52  17.12  20.44  22.56  18.31  22.71  22.00  22.54  22.45 999.00  24.85  25.25  23.96  15.56  22.77   8.88  24.69   4.32  22.69  23.41  21.75  25.82  25.31  25.49  26.01  20.24  22.05  24.21
 wrfout_d04_2016-02-13_14:00:00 999.00  20.80  16.30  18.18  16.95  20.22  21.81  18.66  21.98  21.37  21.97  22.12 999.00  24.79  24.78  23.49  15.23  22.55   8.76  24.51   4.31  22.68  23.41  21.28  25.17  25.07  25.02  25.91  19.97  22.05  23.94
 wrfout_d04_2016-02-13_15:00:00 999.00  20.62  16.44  18.12  17.01  19.84  21.40  18.55  21.37  20.57  21.96  21.87 999.00  24.58  24.36  23.30  14.82  22.35   8.70  24.22   4.13  22.67  23.40  21.08  24.75  24.70  24.51  25.58  19.74  21.82  23.66
 wrfout_d04_2016-02-13_16:00:00 999.00  20.50  16.56  18.10  16.96  19.86  20.56  18.14  20.41  20.17  21.25  21.33 999.00  24.26  24.22  23.12  14.45  22.29   8.62  23.62   3.96  22.68  23.10  20.82  24.32  24.26  23.92  25.16  19.31  21.68  23.41
 wrfout_d04_2016-02-13_17:00:00 999.00  20.40  16.63  17.97  16.62  19.54  20.07  18.04  19.89  19.83  20.89  20.99 999.00  24.09  24.04  23.25  14.12  22.24   8.56  23.29   3.77  22.70  22.84  20.62  23.85  23.87  23.03  25.07  18.86  21.58  23.44
 wrfout_d04_2016-02-13_18:00:00 999.00  20.10  16.70  17.84  16.16  19.17  19.35  18.60  19.22  19.27  20.37  20.47 999.00  23.65  23.38  22.97  13.84  22.12   8.43  22.90   3.54  22.69  22.59  20.18  23.33  23.41  23.08  25.01  18.96  21.51  23.27
 wrfout_d04_2016-02-13_19:00:00 999.00  20.23  16.74  17.76  15.80  18.80  18.84  18.84  18.74  18.81  19.95  20.23 999.00  23.41  23.18  22.36  13.61  22.04   8.28  22.69   3.25  22.67  22.48  19.87  22.73  22.98  22.38  24.98  18.93  21.46  23.16
 wrfout_d04_2016-02-13_20:00:00 999.00  20.55  16.51  17.48  15.11  18.34  18.28  18.66  18.16  18.19  19.40  19.90 999.00  22.81  22.65  21.86  13.43  21.82   7.96  22.31   2.90  22.66  22.33  19.77  22.01  22.38  21.78  24.80  18.80  21.38  22.96
 wrfout_d04_2016-02-13_21:00:00 999.00  20.59  15.77  17.24  16.55  19.18  17.99  17.59  17.90  17.88  19.45  21.15 999.00  22.46  22.30  21.61  13.27  21.59   7.50  21.90   2.61  22.66  22.24  19.60  21.53  21.89  21.67  24.73  18.39  21.36  22.97
 wrfout_d04_2016-02-13_22:00:00 999.00  20.56  13.99  16.93  14.54  19.16  18.08  18.38  18.06  17.55  19.23  20.90 999.00  22.39  22.40  21.74  13.14  21.66   6.83  21.85   2.33  22.66  22.26  19.37  21.71  21.77  21.56  24.76  17.72  21.42  23.10
 wrfout_d04_2016-02-13_23:00:00 999.00  20.02  15.37  18.26  15.83  19.18  19.59  18.47  19.76  18.79  20.59  20.64 999.00  23.85  23.72  23.09  15.09  22.18   8.62  22.37   2.86  22.65  22.14  20.82  21.85  21.81  22.55  25.00  19.01  21.98  23.56
