 wrfout_d04_2016-01-01_00:00:00 999.00  18.65  11.93  18.23  13.55  17.95  18.56  18.11  18.43  18.63  16.81  17.66 999.00  17.11  16.48  20.29  17.82  17.76  11.58  15.44   5.61  18.79  18.50  19.58  15.71  16.53  21.05  18.84  20.39  20.81  21.36
 wrfout_d04_2016-01-01_01:00:00 999.00  18.90  12.75  19.58  14.57  19.18  19.78  19.50  19.86  20.20  17.20  18.27 999.00  19.15  19.22  20.33  20.34  18.46  12.88  17.50   7.11  18.86  19.49  20.51  18.42  18.85  21.71  20.40  21.37  20.98  22.48
 wrfout_d04_2016-01-01_02:00:00 999.00  19.11  13.65  20.77  15.52  20.52  20.91  20.77  21.57  22.31  18.07  19.10 999.00  20.58  21.32  21.00  20.67  19.03  14.26  19.33   8.03  19.01  19.70  21.39  20.50  20.87  22.38  22.16  22.05  22.04  23.74
 wrfout_d04_2016-01-01_03:00:00 999.00  19.35  14.57  21.60  16.47  20.24  21.73  21.95  22.44  24.14  19.11  19.61 999.00  21.29  23.07  22.47  21.83  19.29  14.74  21.21   8.56  19.01  19.76  22.16  22.41  22.50  22.94  23.54  22.99  21.94  24.30
 wrfout_d04_2016-01-01_04:00:00 999.00  19.68  15.01  22.10  16.82  20.36  22.31  22.79  23.05  25.04  19.50  20.44 999.00  21.73  24.79  22.58  22.18  19.32  15.11  22.86   8.85  19.01  19.79  22.20  23.30  23.67  22.66  24.24  23.15  22.99  24.78
 wrfout_d04_2016-01-01_05:00:00 999.00  19.88  15.72  22.44  17.44  21.47  22.51  22.88  23.84  25.72  20.17  21.16 999.00  21.68  25.25  21.79  22.38  19.25  15.06  23.56   8.70  19.00  19.80  22.98  23.98  24.08  24.96  24.48  23.64  23.76  24.96
 wrfout_d04_2016-01-01_06:00:00 999.00  20.05  15.68  22.60  17.35  20.83  23.27  21.63  24.19  25.75  20.45  21.22 999.00  21.37  25.12  22.17  22.03  19.08  14.61  23.64   8.26  18.90  19.69  22.42  24.04  24.07  24.86  24.35  23.54  23.28  24.84
 wrfout_d04_2016-01-01_07:00:00 999.00  20.23  15.32  21.99  16.87  20.75  22.69  20.87  23.80  25.31  20.17  21.39 999.00  20.70  24.14  22.25  21.36  18.66  13.42  23.48   7.52  18.92  19.70  22.86  23.33  23.53  24.44  24.11  22.80  22.18  24.50
 wrfout_d04_2016-01-01_08:00:00 999.00  20.44  14.87  21.31  16.34  20.49  21.60  20.81  22.45  23.86  19.92  20.70 999.00  19.57  23.31  22.25  20.14  18.13  11.64  22.25   6.36  18.91  19.63  21.83  22.36  22.44  23.15  23.82  22.17  22.00  24.13
 wrfout_d04_2016-01-01_09:00:00 999.00  20.64  14.33  18.99  15.62  19.41  20.49  19.85  21.08  22.26  19.49  20.27 999.00  18.69  20.56  22.05  16.45  17.54   8.30  20.21   3.30  18.83  19.57  21.05  20.75  20.78  22.87  23.19  20.87  21.77  23.35
 wrfout_d04_2016-01-01_10:00:00 999.00  20.69  14.49  19.30  15.54  19.49  19.93  19.59  19.86  20.28  19.28  20.03 999.00  18.22  19.04  22.13  14.40  17.26   6.65  17.90   0.84  18.83  19.60  20.98  19.72  19.78  22.76  22.78  20.04  21.59  22.70
 wrfout_d04_2016-01-01_11:00:00 999.00  20.97  14.70  18.66  15.69  18.12  19.83  19.40  19.36  19.37  17.44  19.66 999.00  18.07  18.32  22.09  13.82  17.20   6.45  17.10   0.50  18.78  19.47  19.73  18.98  19.17  22.46  22.85  19.50  21.38  22.58
 wrfout_d04_2016-01-01_12:00:00 999.00  21.04  14.74  19.17  15.85  17.81  19.77  19.31  18.98  18.76  17.32  18.17 999.00  18.04  18.11  21.97  13.40  17.17   6.11  16.73   0.41  18.73  19.34  19.45  18.10  18.42  22.42  22.47  20.01  21.27  22.32
 wrfout_d04_2016-01-01_13:00:00 999.00  20.96  14.89  17.70  15.90  17.47  19.73  19.15  18.06  18.02  16.54  17.72 999.00  17.98  17.92  21.89  13.10  17.14   5.82  16.37   0.26  18.68  19.12  19.58  17.59  17.82  22.26  21.69  20.06  21.50  22.03
 wrfout_d04_2016-01-01_14:00:00 999.00  20.94  14.89  17.31  15.85  17.32  18.28  19.00  17.71  17.57  16.82  17.41 999.00  17.87  17.56  21.72  12.82  17.03   5.49  16.01   0.17  18.52  18.97  20.68  17.14  17.34  22.50  20.51  19.08  21.54  22.00
 wrfout_d04_2016-01-01_15:00:00 999.00  21.00  14.67  17.00  15.28  16.97  17.83  18.64  17.18  17.22  16.82  17.24 999.00  17.76  17.18  21.40  12.59  16.88   5.25  15.69   0.12  18.42  18.78  19.29  16.88  17.06  22.38  19.68  18.83  21.03  21.57
 wrfout_d04_2016-01-01_16:00:00 999.00  20.92  14.44  16.66  14.78  16.39  17.20  18.33  16.53  16.68  16.70  17.05 999.00  18.02  16.95  21.15  12.33  16.85   4.94  15.32   0.13  18.51  18.72  19.38  16.58  16.72  21.93  19.15  18.74  20.40  21.60
 wrfout_d04_2016-01-01_17:00:00 999.00  21.07  14.19  16.34  13.66  16.47  16.24  17.97  16.02  16.23  16.35  16.91 999.00  17.96  16.77  19.72  12.12  16.91   4.69  15.07   0.09  18.50  18.64  20.37  16.31  16.41  21.23  18.74  18.27  19.89  21.88
 wrfout_d04_2016-01-01_18:00:00 999.00  21.14  12.77  15.95  13.20  16.10  15.69  17.79  15.54  15.69  16.06  16.79 999.00  17.91  16.38  19.61  11.98  16.98   4.54  14.77   0.02  18.66  18.31  19.10  15.81  15.78  21.33  18.37  17.68  20.08  21.78
 wrfout_d04_2016-01-01_19:00:00 999.00  21.09  12.48  15.60  12.92  15.40  15.12  17.37  15.23  15.13  16.27  16.74 999.00  16.92  15.93  19.88  11.81  16.89   4.31  14.51   0.03  18.63  17.97  19.98  15.35  15.39  20.57  18.26  18.16  20.85  21.67
 wrfout_d04_2016-01-01_20:00:00 999.00  21.13  12.30  15.26  12.74  15.08  14.57  16.51  14.68  15.52  16.18  17.82 999.00  16.06  15.75  19.75  11.86  16.74   4.28  14.16  -0.04  18.71  17.97  19.06  14.81  15.01  19.57  17.89  19.42  21.12  21.63
 wrfout_d04_2016-01-01_21:00:00 999.00  21.03  12.18  14.94  12.59  15.01  14.11  16.82  14.32  16.66  16.03  17.96 999.00  16.69  15.29  18.44  11.66  16.75   4.30  13.87   0.00  18.88  18.01  18.83  14.64  14.95  20.80  17.43  18.70  21.72  21.55
 wrfout_d04_2016-01-01_22:00:00 999.00  21.03  12.13  14.84  12.61  15.06  15.41  16.35  15.17  16.63  16.08  16.83 999.00  16.58  15.32  20.73  11.58  16.97   4.35  13.98  -0.12  19.17  17.84  18.79  14.76  14.68  19.70  17.74  18.65  21.41  21.58
 wrfout_d04_2016-01-01_23:00:00 999.00  20.83  12.81  15.52  13.54  16.03  15.86  18.07  15.95  16.96  17.23  18.33 999.00  16.43  15.59  21.77  12.87  17.31   6.12  13.66   1.66  19.34  17.49  19.79  15.33  15.51  21.46  18.43  19.97  22.19  22.02
