 wrfout_d04_2016-10-25_00:00:00 999.00  26.71  22.82  27.71  24.05  27.80  27.43  26.72  27.64  26.93  27.80  27.20 999.00  27.01  26.69  28.57  24.60  27.10  18.24  26.00  12.59  26.61  25.60  28.04  26.56  27.31  28.46  29.71  27.78  27.19  28.60
 wrfout_d04_2016-10-25_01:00:00 999.00  26.66  23.98  28.85  25.06  29.10  29.29  27.31  28.99  28.13  28.77  28.15 999.00  28.13  28.34  29.74  26.41  26.87  18.53  27.33  12.97  26.63  26.71  28.49  28.81  29.15  28.99  30.99  27.68  27.96  29.91
 wrfout_d04_2016-10-25_02:00:00 999.00  26.68  24.91  29.88  25.99  30.14  30.32  27.69  30.38  28.99  29.26  28.81 999.00  28.84  30.07  30.20  26.34  27.39  19.40  28.83  13.56  26.85  27.03  28.84  30.35  30.56  30.02  31.81  28.76  28.43  31.06
 wrfout_d04_2016-10-25_03:00:00 999.00  26.56  25.78  30.17  26.80  30.49  31.52  27.96  31.44  29.78  29.44  29.12 999.00  29.38  31.39  30.48  27.07  28.66  19.93  29.88  13.24  26.96  27.19  28.86  31.26  31.48  30.12  32.08  28.94  28.82  30.81
 wrfout_d04_2016-10-25_04:00:00 999.00  26.46  26.27  29.72  27.54  30.05  32.35  27.92  32.41  30.19  29.78  29.41 999.00  29.63  32.30  30.58  27.41  29.15  19.94  30.80  11.99  27.00  27.26  28.80  31.99  32.12  30.26  31.88  29.00  28.92  30.95
 wrfout_d04_2016-10-25_05:00:00 999.00  26.47  26.09  29.29  27.67  29.88  32.77  27.73  32.93  30.35  29.62  29.28 999.00  29.60  32.68  30.53  26.87  29.29  19.76  31.14  11.86  27.15  27.18  28.84  32.17  32.36  30.21  31.89  28.79  28.83  30.79
 wrfout_d04_2016-10-25_06:00:00 999.00  26.48  25.46  28.78  27.24  29.54  32.15  27.46  32.86  30.04  29.19  29.72 999.00  29.22  32.51  29.66  26.49  29.18  19.51  31.20  11.71  27.22  27.24  28.78  32.05  32.26  30.05  31.87  28.51  28.55  31.23
 wrfout_d04_2016-10-25_07:00:00 999.00  26.48  24.54  28.23  26.45  29.17  31.11  26.98  31.77  29.53  28.67  29.24 999.00  28.71  31.84  29.19  26.00  28.86  18.36  30.89  11.66  27.17  27.41  28.54  31.49  31.69  29.80  31.65  27.92  28.02  31.15
 wrfout_d04_2016-10-25_08:00:00 999.00  26.47  23.83  27.59  25.43  28.55  29.93  26.45  30.30  28.70  28.43  28.48 999.00  28.11  30.96  28.94  25.42  28.42  17.34  29.90  11.59  27.16  27.51  28.07  30.68  30.98  29.32  31.22  27.23  27.37  29.99
 wrfout_d04_2016-10-25_09:00:00 999.00  26.53  22.37  25.98  23.31  27.74  28.57  25.47  29.15  27.36  27.68  27.72 999.00  27.19  29.56  28.68  24.32  27.66  15.90  28.56  10.60  27.17  27.60  27.38  29.60  29.74  28.60  30.49  26.12  26.10  28.70
 wrfout_d04_2016-10-25_10:00:00 999.00  26.60  21.51  25.04  22.20  27.08  27.86  25.07  28.53  26.58  27.16  27.58 999.00  26.53  28.34  28.33  23.64  27.06  15.42  27.51   8.70  27.18  27.63  27.18  28.28  28.59  28.26  30.14  25.09  24.85  27.89
 wrfout_d04_2016-10-25_11:00:00 999.00  26.58  21.27  24.83  21.95  26.91  27.66  24.89  28.16  26.13  26.73  27.35 999.00  26.24  27.28  28.15  21.67  26.84  14.47  26.75   8.05  27.23  27.49  27.03  28.09  28.15  28.05  29.79  24.65  24.43  27.56
 wrfout_d04_2016-10-25_12:00:00 999.00  26.62  21.05  24.68  21.75  26.60  27.45  24.66  27.78  26.01  27.01  27.05 999.00  26.20  27.12  27.79  21.25  26.72  14.19  26.33   7.54  27.28  27.45  26.99  27.87  28.25  27.63  29.54  24.28  24.15  27.25
 wrfout_d04_2016-10-25_13:00:00 999.00  26.60  21.00  24.62  21.75  26.44  27.31  24.49  27.41  25.90  26.99  26.82 999.00  25.88  27.01  27.46  20.95  26.63  13.84  26.00   7.24  27.22  27.50  26.13  27.25  27.79  27.33  29.38  23.98  23.97  26.95
 wrfout_d04_2016-10-25_14:00:00 999.00  26.58  21.63  24.57  21.61  26.20  27.86  24.34  27.87  25.73  26.93  26.68 999.00  25.53  26.91  27.28  20.75  26.46  13.43  25.73   6.96  27.21  27.10  25.86  27.02  27.45  27.24  29.21  23.79  23.82  26.66
 wrfout_d04_2016-10-25_15:00:00 999.00  26.67  21.63  24.46  22.10  26.65  27.34  24.21  27.28  25.46  26.80  26.47 999.00  25.33  26.76  27.12  20.52  26.30  13.09  25.57   6.64  27.15  27.05  25.52  26.77  27.25  26.97  28.86  23.49  23.70  26.41
 wrfout_d04_2016-10-25_16:00:00 999.00  26.67  21.70  24.31  22.42  26.21  26.95  24.09  26.72  25.16  26.25  26.15 999.00  25.30  26.58  27.17  20.30  26.23  12.76  25.01   6.33  27.10  26.82  25.29  26.36  26.86  26.68  28.61  23.34  24.06  26.19
 wrfout_d04_2016-10-25_17:00:00 999.00  26.73  21.76  24.25  22.52  26.07  26.83  23.98  26.36  24.88  26.07  26.09 999.00  25.22  26.30  27.30  20.09  26.04  12.43  24.92   6.07  27.02  26.68  25.09  26.08  26.57  26.60  28.62  23.23  24.40  26.18
 wrfout_d04_2016-10-25_18:00:00 999.00  26.76  21.73  24.17  22.35  25.77  26.39  24.34  25.82  24.57  26.43  25.78 999.00  25.10  25.96  27.16  19.92  25.71  12.14  24.56   5.78  27.02  26.41  24.95  25.77  26.17  26.58  28.55  23.02  24.44  26.04
 wrfout_d04_2016-10-25_19:00:00 999.00  26.77  21.71  24.05  22.20  25.55  25.92  23.91  25.29  24.31  26.45  25.57 999.00  24.91  25.65  27.08  19.78  25.37  11.88  24.26   5.57  26.97  25.86  24.76  25.45  25.76  26.44  28.54  22.87  24.46  26.02
 wrfout_d04_2016-10-25_20:00:00 999.00  26.76  21.57  23.80  21.95  25.26  25.33  23.80  24.92  24.03  26.41  25.30 999.00  24.58  25.71  27.27  19.66  25.13  11.66  23.89   5.38  26.91  25.67  24.61  25.15  25.43  26.16  28.34  22.78  24.54  25.95
 wrfout_d04_2016-10-25_21:00:00 999.00  26.74  21.33  23.53  20.86  24.97  24.93  23.64  24.67  24.31  26.37  25.15 999.00  24.67  25.31  27.20  19.54  24.87  11.49  23.71   5.20  26.84  25.69  24.52  24.90  25.25  25.96  28.05  22.83  24.61  25.91
 wrfout_d04_2016-10-25_22:00:00 999.00  26.71  20.90  23.33  20.56  24.71  24.76  24.51  24.67  24.42  26.37  26.16 999.00  24.73  24.95  27.10  19.42  24.63  11.36  23.77   5.06  26.82  25.52  24.39  24.60  24.80  26.29  27.96  22.91  24.49  26.03
 wrfout_d04_2016-10-25_23:00:00 999.00  26.72  22.19  25.64  22.99  25.96  25.72  24.98  25.61  24.41  26.67  26.92 999.00  24.79  25.63  27.44  22.81  26.42  15.73  24.58   9.83  26.85  25.51  26.85  25.22  25.73  27.02  28.53  25.79  26.42  27.06
