 wrfout_d04_2016-07-01_00:00:00 999.00  28.17  24.88  28.57  25.77  29.56  28.82  29.00  28.87  29.90  29.04  29.28 999.00  30.10  29.79  29.47  24.21  29.50  20.09  28.38  13.35  28.60  28.14  28.40  29.50  29.63  29.27  30.51  28.43  29.18  29.58
 wrfout_d04_2016-07-01_01:00:00 999.00  28.21  24.69  29.21  26.74  30.52  29.48  29.59  30.58  30.76  30.49  30.18 999.00  30.93  30.78  30.30  26.77  30.11  23.48  29.46  14.47  28.63  28.35  28.95  30.88  31.03  30.25  31.10  29.25  29.87  30.55
 wrfout_d04_2016-07-01_02:00:00 999.00  28.23  25.45  30.82  27.62  31.46  30.76  30.06  31.78  31.55  31.49  30.82 999.00  31.58  32.22  30.81  27.95  30.78  21.23  30.80  15.30  28.71  28.30  29.27  32.20  32.24  30.65  31.70  29.79  30.22  31.20
 wrfout_d04_2016-07-01_03:00:00 999.00  28.27  27.36  31.03  28.54  31.97  32.47  30.20  32.77  32.11  32.14  31.25 999.00  32.08  33.32  31.12  28.88  31.15  21.91  32.12  15.76  28.75  28.31  29.43  33.55  33.19  30.94  32.54  30.16  30.95  31.85
 wrfout_d04_2016-07-01_04:00:00 999.00  28.29  25.99  31.04  29.14  32.82  33.43  30.12  33.58  32.54  32.33  31.53 999.00  32.14  34.12  31.24  28.90  31.38  21.85  33.31  15.98  28.84  28.44  29.51  34.36  33.10  31.26  33.33  30.49  31.12  32.26
 wrfout_d04_2016-07-01_05:00:00 999.00  28.33  26.53  30.79  29.18  33.14  34.27  30.04  34.49  32.93  32.48  31.75 999.00  31.99  34.78  31.28  28.83  31.48  20.89  34.23  15.69  28.89  28.68  29.97  34.33  33.17  31.59  33.84  30.46  31.15  32.48
 wrfout_d04_2016-07-01_06:00:00 999.00  28.37  27.53  30.86  29.28  32.31  34.13  29.86  34.48  32.48  32.68  31.72 999.00  31.87  34.59  31.33  29.90  31.45  19.72  34.68  14.40  28.91  29.11  30.06  34.50  33.47  31.63  34.18  30.58  30.94  32.49
 wrfout_d04_2016-07-01_07:00:00 999.00  28.36  26.98  30.45  28.92  32.22  33.51  29.81  33.88  32.03  32.45  31.34 999.00  31.83  33.89  31.23  29.75  31.19  19.19  33.53  12.53  28.93  29.19  29.74  34.12  32.96  31.38  34.17  30.25  30.55  32.57
 wrfout_d04_2016-07-01_08:00:00 999.00  28.39  26.33  29.65  28.06  31.88  32.50  29.49  32.66  31.51  32.04  30.96 999.00  31.41  33.16  30.95  29.22  30.82  18.49  32.19  12.73  28.96  29.31  29.17  33.30  32.50  30.85  33.35  29.59  30.02  32.16
 wrfout_d04_2016-07-01_09:00:00 999.00  28.42  25.56  28.80  27.10  31.06  30.71  29.27  31.95  31.03  31.56  30.40 999.00  31.04  31.93  30.73  27.51  30.37  18.50  31.32  12.22  28.94  29.26  28.73  32.53  31.73  30.29  32.68  28.85  29.34  31.21
 wrfout_d04_2016-07-01_10:00:00 999.00  28.44  24.00  28.44  25.36  30.00  30.56  28.63  31.39  30.10  30.44  29.53 999.00  30.23  30.98  30.03  26.08  29.74  17.55  30.24  12.16  28.83  29.25  28.11  31.47  31.02  29.75  31.96  27.96  28.29  30.29
 wrfout_d04_2016-07-01_11:00:00 999.00  28.42  22.62  26.96  23.62  29.26  29.87  27.69  31.00  29.45  28.89  28.73 999.00  29.81  30.09  29.56  23.96  29.18  15.44  29.35   9.16  28.75  29.16  27.14  30.62  30.13  29.22  31.67  26.10  27.03  29.37
 wrfout_d04_2016-07-01_12:00:00 999.00  28.40  22.39  26.72  23.37  28.49  29.66  27.60  30.70  29.22  28.58  28.42 999.00  29.73  29.63  29.25  23.32  28.94  14.96  28.98   9.04  28.74  29.17  26.94  30.16  29.85  28.84  31.39  25.64  26.43  29.06
 wrfout_d04_2016-07-01_13:00:00 999.00  28.36  22.10  26.55  23.01  28.18  29.62  27.19  30.36  28.87  28.55  28.37 999.00  29.63  29.49  28.95  22.83  28.76  14.86  28.72   8.84  28.73  29.09  26.74  29.96  29.63  28.51  30.92  25.36  26.03  28.77
 wrfout_d04_2016-07-01_14:00:00 999.00  28.35  21.84  26.35  22.73  28.01  29.35  26.99  29.92  28.49  28.15  28.25 999.00  29.50  29.10  28.67  22.48  28.63  14.16  28.32   8.66  28.72  29.07  26.53  29.68  29.39  28.18  30.58  25.05  25.73  28.47
 wrfout_d04_2016-07-01_15:00:00 999.00  28.32  21.63  26.12  22.55  27.61  29.22  26.68  29.60  28.02  27.85  27.93 999.00  29.35  28.89  28.54  22.17  28.51  13.95  27.93   8.37  28.68  28.95  26.36  29.48  29.20  27.81  30.26  24.76  25.51  28.13
 wrfout_d04_2016-07-01_16:00:00 999.00  28.30  21.50  25.88  22.41  27.49  29.15  26.25  29.24  27.59  27.53  27.68 999.00  29.26  28.92  28.15  22.95  28.42  13.50  27.67   7.54  28.63  28.87  26.25  29.27  29.06  27.52  30.11  24.54  25.33  27.85
 wrfout_d04_2016-07-01_17:00:00 999.00  28.24  21.35  25.69  22.25  27.61  29.15  26.24  28.83  27.28  27.28  27.55 999.00  29.14  28.83  27.88  22.77  28.36  13.08  27.48   7.23  28.67  28.84  26.17  29.08  29.02  27.34  30.05  24.36  25.17  27.71
 wrfout_d04_2016-07-01_18:00:00 999.00  28.16  21.20  25.57  22.07  27.47  28.97  27.17  28.60  27.31  27.11  27.30 999.00  29.00  28.69  27.64  21.46  28.29  12.75  27.19   7.04  28.67  28.82  26.01  28.44  29.04  27.23  29.88  24.17  25.13  27.47
 wrfout_d04_2016-07-01_19:00:00 999.00  28.18  21.06  25.48  21.93  27.56  28.82  26.94  28.48  27.19  26.95  27.09 999.00  28.96  28.40  27.46  21.23  28.29  12.53  26.94   6.87  28.63  28.84  25.85  27.47  28.37  27.08  29.75  24.01  24.97  27.38
 wrfout_d04_2016-07-01_20:00:00 999.00  28.15  21.01  26.67  21.88  27.50  28.67  25.97  28.48  26.68  26.76  26.75 999.00  28.73  28.28  27.33  21.05  28.26  12.33  26.65   6.70  28.60  28.57  25.73  27.30  27.72  26.97  29.51  23.89  24.86  27.22
 wrfout_d04_2016-07-01_21:00:00 999.00  28.11  20.86  26.69  21.75  27.35  28.56  25.68  28.48  26.55  26.60  26.59 999.00  28.26  28.07  27.19  20.85  28.21  12.19  26.60   6.54  28.60  27.50  25.63  27.21  27.59  26.93  29.36  23.79  24.94  27.19
 wrfout_d04_2016-07-01_22:00:00 999.00  28.11  23.12  27.65  24.02  27.61  28.61  27.32  28.60  27.24  27.26  27.67 999.00  28.28  28.10  27.84  22.92  28.41  15.27  26.59   9.91  28.60  27.06  26.90  27.47  27.86  27.34  29.61  26.20  27.24  27.86
 wrfout_d04_2016-07-01_23:00:00 999.00  28.08  24.22  28.98  25.12  29.10  29.26  28.47  29.57  28.73  28.50  28.96 999.00  29.07  28.63  29.07  24.20  28.91  18.38  27.52  13.13  28.62  27.55  28.10  28.99  29.28  28.77  30.45  28.16  28.66  29.26
