 wrfout_d04_2016-08-22_00:00:00 999.00  28.33  24.52  29.57  25.95  29.35  29.57  28.64  29.33  29.12  28.77  28.78 999.00  29.62  29.65  29.66  25.20  29.05  18.26  27.83  11.98  27.45  27.90  28.51  29.16  29.61  30.00  31.21  28.67  29.39  30.39
 wrfout_d04_2016-08-22_01:00:00 999.00  28.89  25.75  30.69  27.24  30.25  31.05  29.76  31.07  30.80  30.18  29.71 999.00  30.56  30.68  30.16  26.98  29.82  19.82  29.46  14.25  28.27  27.95  28.92  30.18  30.33  30.66  31.80  29.09  29.53  31.05
 wrfout_d04_2016-08-22_02:00:00 999.00  29.01  26.40  31.55  27.13  30.63  32.38  30.11  32.35  31.88  30.79  29.90 999.00  31.18  32.34  30.02  27.66  30.42  20.81  30.67  14.97  28.35  28.21  29.47  31.76  31.86  31.20  32.71  29.62  30.04  32.08
 wrfout_d04_2016-08-22_03:00:00 999.00  29.10  27.09  32.31  28.83  31.01  33.56  30.58  33.35  32.95  31.11  30.36 999.00  31.76  33.70  30.20  27.66  30.84  21.26  31.87  14.20  28.46  28.35  29.71  32.79  32.87  31.62  32.97  30.07  30.44  32.75
 wrfout_d04_2016-08-22_04:00:00 999.00  29.14  27.39  33.12  29.39  31.24  33.77  31.03  34.31  33.39  31.22  30.71 999.00  31.95  34.19  30.91  29.39  31.08  21.50  32.79  12.78  28.51  28.35  29.88  33.35  33.36  31.87  33.08  30.28  30.63  33.17
 wrfout_d04_2016-08-22_05:00:00 999.00  29.16  26.96  33.93  29.05  31.19  33.88  31.23  34.25  33.95  31.28  30.82 999.00  31.90  34.95  31.27  28.30  31.12  19.84  33.86  12.92  28.60  28.38  29.91  33.77  33.71  31.94  33.14  30.31  30.67  33.37
 wrfout_d04_2016-08-22_06:00:00 999.00  29.15  26.28  34.11  28.31  30.95  33.69  31.28  34.16  34.23  31.20  30.76 999.00  31.88  34.80  31.19  29.90  31.04  20.18  33.89  12.65  28.64  28.48  29.78  33.78  33.73  31.85  32.96  30.16  30.56  33.27
 wrfout_d04_2016-08-22_07:00:00 999.00  29.14  25.73  33.52  27.63  30.60  32.92  30.76  33.46  33.88  31.04  30.51 999.00  31.65  34.24  31.01  29.83  30.88  20.51  33.16  12.67  28.64  28.54  29.54  33.37  33.19  31.68  32.73  29.80  30.23  32.94
 wrfout_d04_2016-08-22_08:00:00 999.00  29.14  24.91  32.59  26.68  30.15  32.12  30.28  32.53  33.17  30.61  30.01 999.00  31.11  33.57  30.62  28.84  30.45  19.82  32.44  12.57  28.75  28.57  29.06  32.45  32.30  31.31  32.32  29.20  29.65  32.47
 wrfout_d04_2016-08-22_09:00:00 999.00  29.14  23.79  31.28  25.38  29.56  31.10  29.48  31.70  32.41  29.88  29.28 999.00  30.77  32.77  30.12  27.54  29.86  18.86  31.53  12.64  28.89  28.54  28.52  31.27  31.42  30.75  31.52  28.41  28.82  31.63
 wrfout_d04_2016-08-22_10:00:00 999.00  29.12  22.45  28.78  23.80  28.75  29.76  28.60  30.40  31.21  28.89  28.43 999.00  29.83  31.37  29.34  25.97  29.07  17.00  29.74  11.05  28.87  28.50  27.51  30.17  30.18  29.93  31.05  27.07  27.32  30.33
 wrfout_d04_2016-08-22_11:00:00 999.00  29.09  21.97  27.19  23.33  28.16  28.91  28.39  29.44  30.46  28.05  27.95 999.00  29.16  30.62  28.77  24.24  28.42  15.12  29.04  11.35  28.60  28.41  26.81  29.28  29.56  29.44  30.90  25.75  26.62  29.38
 wrfout_d04_2016-08-22_12:00:00 999.00  29.09  21.89  26.67  23.24  27.70  28.30  28.21  28.67  29.53  27.60  27.74 999.00  29.06  30.03  28.30  23.69  28.07  15.05  28.46   9.38  28.16  28.45  26.48  28.64  28.85  29.10  30.67  25.35  26.35  28.93
 wrfout_d04_2016-08-22_13:00:00 999.00  29.09  21.83  26.25  23.15  27.29  27.87  27.95  28.23  29.05  27.26  27.57 999.00  29.05  29.78  27.97  23.13  28.29  14.60  28.01   7.80  27.99  28.36  26.12  28.47  28.66  28.91  30.32  25.06  26.19  28.55
 wrfout_d04_2016-08-22_14:00:00 999.00  29.10  21.77  25.96  23.11  26.97  27.52  27.66  27.91  28.61  27.09  27.30 999.00  28.79  29.78  27.70  22.89  28.27  14.09  27.88   7.32  28.14  28.33  25.84  28.36  28.40  28.70  30.11  24.77  26.08  28.14
 wrfout_d04_2016-08-22_15:00:00 999.00  29.10  21.71  25.68  23.06  26.72  27.55  27.42  27.79  28.18  26.80  26.96 999.00  28.60  29.75  27.46  22.55  28.24  13.65  27.63   6.84  28.41  28.24  25.52  28.33  28.40  28.17  30.03  24.38  25.91  27.69
 wrfout_d04_2016-08-22_16:00:00 999.00  29.11  21.67  25.39  23.02  26.52  27.25  27.22  27.43  27.70  26.51  26.60 999.00  28.47  29.24  27.24  22.27  28.18  13.25  27.22   6.44  28.45  28.28  25.23  28.34  28.29  27.81  29.79  24.02  25.72  27.28
 wrfout_d04_2016-08-22_17:00:00 999.00  29.11  21.62  25.18  22.96  26.38  27.04  27.01  27.12  27.32  26.31  26.39 999.00  28.28  28.62  27.04  22.03  28.07  12.94  27.01   6.10  28.45  28.19  24.98  28.29  28.29  27.70  29.62  23.82  25.58  27.16
 wrfout_d04_2016-08-22_18:00:00 999.00  29.08  21.59  25.01  22.93  26.18  26.77  26.78  26.74  26.94  26.07  26.13 999.00  28.14  28.06  26.82  21.75  27.79  12.64  26.71   5.81  28.35  28.10  24.80  28.17  28.08  27.70  29.49  23.63  25.48  26.87
 wrfout_d04_2016-08-22_19:00:00 999.00  29.05  21.57  24.85  22.91  26.00  26.56  26.48  26.41  26.60  25.88  25.98 999.00  28.02  27.75  26.63  21.50  27.74  12.39  26.45   5.58  28.30  28.06  24.63  28.16  28.13  27.28  29.56  23.35  25.44  26.73
 wrfout_d04_2016-08-22_20:00:00 999.00  29.02  21.62  24.77  22.95  25.81  26.27  26.07  26.24  26.44  25.65  25.96 999.00  27.89  27.45  26.66  21.34  27.29  12.15  26.32   5.39  28.30  27.76  24.46  28.09  28.13  26.98  29.32  23.15  25.23  26.48
 wrfout_d04_2016-08-22_21:00:00 999.00  29.01  21.62  24.73  22.96  25.69  26.13  25.29  26.00  25.89  25.62  25.68 999.00  27.95  27.25  26.74  21.19  27.08  12.00  26.24   5.24  28.28  27.71  24.36  28.05  28.06  26.74  29.21  22.98  24.89  26.56
 wrfout_d04_2016-08-22_22:00:00 999.00  29.01  22.16  26.14  23.39  26.12  26.69  25.92  27.35  26.12  25.84  26.12 999.00  27.59  27.18  26.81  22.98  27.77  13.01  26.24   6.53  28.40  27.66  25.27  27.65  27.75  26.69  29.24  23.76  25.85  26.96
 wrfout_d04_2016-08-22_23:00:00 999.00  29.02  23.72  28.04  25.24  27.72  28.15  27.85  28.17  28.09  27.44  27.36 999.00  28.35  28.06  27.93  25.09  28.51  17.79  26.42  12.00  28.20  27.58  27.22  28.44  28.61  28.06  29.61  27.10  27.90  28.44
