 wrfout_d04_2016-07-28_00:00:00 999.00  28.74  26.25  31.16  27.24  30.99  30.92  30.46  31.19  31.26  30.43  30.88 999.00  30.62  30.12  30.95  25.88  30.41  18.32  29.10  12.60  29.18  28.92  29.85  30.27  30.03  31.32  31.43  30.05  30.35  30.01
 wrfout_d04_2016-07-28_01:00:00 999.00  28.93  27.68  32.91  28.76  32.86  32.81  31.19  33.17  32.69  31.89  31.91 999.00  32.21  31.97  31.87  27.46  30.96  22.26  30.46  14.09  29.23  29.36  30.28  31.69  31.42  32.10  32.10  31.04  31.19  30.92
 wrfout_d04_2016-07-28_02:00:00 999.00  28.99  29.06  33.63  30.32  34.52  34.61  31.56  34.96  33.45  32.51  32.64 999.00  32.96  33.70  32.32  28.81  31.40  21.34  31.71  14.66  29.29  29.40  30.89  32.57  32.28  32.58  32.55  31.61  31.86  31.54
 wrfout_d04_2016-07-28_03:00:00 999.00  28.79  29.91  33.56  31.47  34.18  35.91  31.76  36.13  33.75  32.66  33.12 999.00  33.27  34.72  32.60  29.48  31.68  21.93  32.74  15.04  29.34  29.39  31.29  33.68  32.88  32.98  32.86  32.15  32.48  31.99
 wrfout_d04_2016-07-28_04:00:00 999.00  28.85  30.14  33.27  31.88  33.49  36.52  31.75  36.95  33.84  32.94  33.42 999.00  33.38  35.89  32.75  30.03  31.83  22.13  33.55  15.14  29.39  29.39  31.43  34.05  33.10  33.24  33.03  32.46  32.84  32.40
 wrfout_d04_2016-07-28_05:00:00 999.00  29.02  30.06  33.07  31.83  33.17  36.45  31.66  37.47  33.81  33.23  33.48 999.00  33.23  36.27  32.92  30.42  31.92  21.90  33.91  14.07  29.44  29.39  31.38  34.08  32.97  33.21  33.01  32.37  32.93  32.55
 wrfout_d04_2016-07-28_06:00:00 999.00  29.04  29.70  32.83  31.53  32.80  36.02  31.39  37.04  33.68  33.23  33.61 999.00  33.01  35.98  32.74  30.47  31.94  20.91  33.61  13.73  29.47  29.39  31.40  33.70  32.67  33.06  32.82  32.08  32.72  32.50
 wrfout_d04_2016-07-28_07:00:00 999.00  29.10  28.97  32.17  30.81  32.45  35.31  31.06  36.25  33.34  32.82  33.39 999.00  32.80  35.25  32.65  29.73  31.84  20.00  32.69  11.56  29.55  29.47  31.11  32.56  31.55  33.71  32.71  31.62  32.31  32.37
 wrfout_d04_2016-07-28_08:00:00 999.00  29.11  27.97  31.34  29.68  32.12  34.45  30.77  35.47  32.69  32.20  32.42 999.00  32.39  33.91  32.47  27.02  31.34  17.37  31.84  10.60  29.56  29.46  30.69  31.46  30.92  32.78  32.35  31.00  31.83  32.05
 wrfout_d04_2016-07-28_09:00:00 999.00  29.06  27.19  30.57  28.75  31.59  33.36  30.35  34.52  31.82  31.59  31.81 999.00  31.60  32.69  32.08  27.18  30.85  17.11  30.96  11.64  29.70  29.54  30.00  31.31  30.97  32.29  31.88  30.60  30.97  31.65
 wrfout_d04_2016-07-28_10:00:00 999.00  29.12  25.65  29.42  27.08  30.83  32.31  29.58  33.22  31.10  30.82  30.90 999.00  31.03  32.00  31.42  26.11  30.36  17.01  30.38  10.45  29.85  29.67  29.24  30.83  30.54  31.54  31.62  29.12  29.63  31.03
 wrfout_d04_2016-07-28_11:00:00 999.00  29.18  23.60  27.78  24.26  30.09  31.22  28.92  32.16  30.20  29.62  30.38 999.00  30.68  31.11  30.88  23.42  29.85  14.97  29.64   8.94  29.87  29.72  27.78  30.15  29.99  30.94  31.31  27.30  27.16  30.51
 wrfout_d04_2016-07-28_12:00:00 999.00  29.20  23.36  27.60  24.02  29.63  31.02  28.60  31.44  30.00  29.23  29.90 999.00  30.53  30.74  30.70  23.01  29.62  13.62  29.18   7.14  29.74  29.70  27.47  29.88  29.77  30.64  31.18  26.87  26.54  30.26
 wrfout_d04_2016-07-28_13:00:00 999.00  29.16  23.03  27.35  23.73  29.31  30.80  28.58  30.92  29.64  28.99  29.55 999.00  30.49  30.35  30.33  22.64  29.58  13.70  28.93   6.89  29.71  29.70  27.17  29.72  29.60  30.34  30.83  26.57  26.25  30.06
 wrfout_d04_2016-07-28_14:00:00 999.00  29.16  22.75  27.12  23.43  29.04  30.54  28.14  30.71  29.46  28.81  29.25 999.00  30.09  30.03  29.97  22.26  29.39  13.50  28.63   6.83  29.69  29.63  26.92  29.58  29.48  30.03  30.56  26.29  25.98  29.79
 wrfout_d04_2016-07-28_15:00:00 999.00  29.21  22.53  26.90  23.24  28.64  30.26  27.71  30.43  29.12  28.59  29.04 999.00  29.63  29.60  29.67  21.99  29.28  13.33  28.30   6.65  29.63  29.43  26.70  29.48  29.36  29.70  30.26  26.02  25.71  29.54
 wrfout_d04_2016-07-28_16:00:00 999.00  29.09  22.42  26.79  23.13  28.21  30.01  27.41  30.00  28.75  28.30  28.91 999.00  29.31  29.17  29.35  21.73  29.16  13.07  27.88   6.51  29.60  29.16  26.47  29.18  29.29  29.40  30.03  25.74  25.49  29.23
 wrfout_d04_2016-07-28_17:00:00 999.00  29.00  22.35  26.71  23.09  27.98  29.72  27.09  29.68  28.49  28.02  28.80 999.00  28.97  28.78  29.03  21.49  29.08  12.91  27.58   6.33  29.55  28.77  26.25  28.66  29.15  29.12  29.96  25.47  25.28  29.11
 wrfout_d04_2016-07-28_18:00:00 999.00  28.84  22.10  26.45  22.86  27.75  29.39  26.75  29.35  28.09  27.78  28.59 999.00  28.72  28.37  28.79  21.24  29.01  12.61  27.30   6.04  29.53  28.33  26.07  28.23  28.91  28.89  29.79  25.22  25.07  28.83
 wrfout_d04_2016-07-28_19:00:00 999.00  28.76  21.85  26.13  22.68  27.51  29.16  26.36  29.07  27.50  27.55  28.29 999.00  28.51  28.04  28.60  21.03  28.95  12.36  27.09   5.83  29.52  28.10  25.88  27.94  28.58  28.67  29.73  25.03  24.92  28.63
 wrfout_d04_2016-07-28_20:00:00 999.00  28.74  21.66  25.87  22.50  27.26  29.68  26.04  28.69  27.13  27.32  28.07 999.00  28.33  27.81  28.47  20.85  28.80  12.17  26.83   5.59  29.59  27.96  25.71  27.67  28.30  28.51  29.60  24.88  24.85  28.39
 wrfout_d04_2016-07-28_21:00:00 999.00  28.83  21.52  25.70  22.34  27.06  29.27  25.65  28.40  26.79  28.09  27.94 999.00  28.14  27.66  28.39  20.68  28.45  11.98  26.63   5.39  29.67  27.66  25.58  27.41  28.01  28.35  29.56  24.73  24.82  28.24
 wrfout_d04_2016-07-28_22:00:00 999.00  28.87  23.68  28.17  24.82  27.51  28.73  27.34  28.72  27.06  27.73  28.45 999.00  28.23  27.72  28.58  22.80  29.17  14.40  26.75   8.26  29.68  27.50  27.41  27.36  27.88  28.50  29.74  26.86  26.90  28.44
 wrfout_d04_2016-07-28_23:00:00 999.00  28.86  25.32  29.61  26.49  29.34  29.70  29.30  29.83  29.31  29.40  29.64 999.00  29.42  28.68  29.55  25.82  30.18  16.91  27.80  10.92  29.65  27.97  28.61  28.79  28.99  29.79  30.57  29.60  29.05  29.60
