 wrfout_d04_2016-08-27_00:00:00 999.00  28.90  23.95  29.79  26.42  29.59  29.81  29.56  30.03  30.23  30.95  30.12 999.00  29.78  29.27  29.94  25.61  29.50  19.15  27.91  13.21  28.23  27.12  28.82  28.92  29.02  29.21  30.01  28.19  28.89  29.06
 wrfout_d04_2016-08-27_01:00:00 999.00  29.00  25.46  30.54  26.98  30.33  30.69  30.23  31.09  31.15  32.35  31.14 999.00  30.84  31.11  30.75  25.78  30.34  20.05  28.80  14.11  28.15  27.86  29.72  30.48  30.59  29.07  30.57  29.01  29.44  29.71
 wrfout_d04_2016-08-27_02:00:00 999.00  29.04  24.81  31.18  27.22  31.04  32.51  30.63  32.66  32.03  32.81  31.27 999.00  31.31  32.56  31.19  27.91  31.22  20.92  30.27  14.86  28.26  28.76  30.12  30.93  31.08  31.00  31.20  29.43  29.87  30.18
 wrfout_d04_2016-08-27_03:00:00 999.00  29.02  26.33  31.64  28.73  31.20  32.46  30.74  33.31  32.98  34.23  31.73 999.00  31.68  33.01  31.54  28.60  31.32  21.27  31.53  15.17  28.33  28.34  29.66  32.05  32.40  31.94  31.56  29.71  30.35  30.51
 wrfout_d04_2016-08-27_04:00:00 999.00  28.90  25.64  31.77  28.82  31.27  32.53  30.93  33.72  33.29  35.26  32.13 999.00  31.90  34.52  31.70  28.85  31.53  20.95  32.60  14.23  28.32  28.25  30.55  33.31  33.21  31.80  31.66  29.92  30.45  30.92
 wrfout_d04_2016-08-27_05:00:00 999.00  28.85  26.52  31.89  28.83  31.25  32.88  30.91  33.80  33.53  34.52  31.97 999.00  31.90  34.69  31.84  29.86  31.46  21.12  33.60  12.86  28.39  28.49  30.22  34.53  33.85  31.98  31.49  29.72  30.16  31.23
 wrfout_d04_2016-08-27_06:00:00 999.00  28.87  25.43  31.68  28.35  30.87  33.63  30.72  33.98  33.45  34.07  31.64 999.00  31.84  34.48  32.05  29.08  31.20  20.67  34.10  12.74  28.33  28.63  30.19  33.95  33.53  31.93  31.41  29.41  30.18  31.02
 wrfout_d04_2016-08-27_07:00:00 999.00  28.91  25.56  30.95  27.69  30.63  33.28  30.38  33.28  32.62  33.66  31.13 999.00  31.51  33.86  31.84  29.51  30.98  19.13  33.34  12.78  28.40  28.47  29.83  33.79  33.20  31.64  31.18  29.13  30.16  30.82
 wrfout_d04_2016-08-27_08:00:00 999.00  28.96  24.47  30.00  26.46  30.01  32.27  29.75  32.40  31.86  33.12  30.29 999.00  31.06  32.97  31.41  28.29  30.51  19.02  32.35  13.07  28.46  28.52  29.21  32.73  32.48  31.27  30.99  28.53  29.48  30.49
 wrfout_d04_2016-08-27_09:00:00 999.00  28.87  23.51  29.09  25.16  29.46  31.47  29.07  31.58  31.06  31.71  29.58 999.00  30.40  32.25  30.19  27.19  29.88  16.87  31.03  11.54  28.46  28.52  28.68  31.47  31.22  30.40  30.65  27.96  28.61  29.97
 wrfout_d04_2016-08-27_10:00:00 999.00  28.78  22.69  28.02  24.07  28.78  30.02  28.48  30.30  29.68  29.96  28.85 999.00  29.55  30.94  29.44  25.34  29.26  16.79  29.85  11.87  28.38  28.56  27.96  30.27  30.23  29.50  30.51  27.42  27.53  29.53
 wrfout_d04_2016-08-27_11:00:00 999.00  28.66  22.35  27.39  23.83  28.52  29.29  28.37  29.30  29.10  28.90  28.43 999.00  29.15  30.20  26.40  24.38  28.83  16.44  29.05  10.72  28.40  28.61  27.31  29.16  29.44  29.34  30.17  26.17  27.14  29.18
 wrfout_d04_2016-08-27_12:00:00 999.00  28.70  22.05  26.90  23.50  28.49  28.96  28.25  28.75  28.90  28.54  28.33 999.00  29.14  29.62  26.89  23.64  28.64  16.30  28.54  10.42  28.40  28.65  27.14  28.90  28.85  27.06  30.16  25.80  26.81  29.04
 wrfout_d04_2016-08-27_13:00:00 999.00  28.70  21.96  26.63  23.30  28.26  28.50  27.97  28.38  28.81  28.01  28.22 999.00  28.98  29.37  27.97  23.19  28.50  15.50  28.37   9.43  28.37  28.65  26.76  28.94  28.84  27.52  29.99  25.55  26.78  28.81
 wrfout_d04_2016-08-27_14:00:00 999.00  28.61  21.91  26.34  23.20  27.85  28.23  27.72  28.09  28.45  27.86  27.80 999.00  28.72  29.13  28.18  22.96  28.42  15.03  28.41   8.24  28.33  28.54  26.70  28.91  28.89  27.81  29.68  25.44  26.61  28.65
 wrfout_d04_2016-08-27_15:00:00 999.00  28.51  21.82  26.08  23.15  27.56  28.00  27.52  27.76  28.07  27.56  27.51 999.00  28.44  28.86  28.07  22.59  28.32  14.37  27.87   7.48  28.32  28.34  26.31  28.92  28.93  28.21  29.37  25.54  26.48  28.51
 wrfout_d04_2016-08-27_16:00:00 999.00  28.46  21.74  25.85  22.97  27.40  27.67  27.25  27.47  27.75  27.25  27.48 999.00  28.25  28.65  27.96  22.25  28.16  13.96  27.11   7.08  28.26  28.15  26.53  28.86  28.81  28.41  29.08  25.79  26.13  28.17
 wrfout_d04_2016-08-27_17:00:00 999.00  28.46  21.65  25.59  22.88  27.18  27.51  27.09  27.35  27.47  26.95  27.24 999.00  28.02  28.60  27.80  21.96  28.06  13.64  26.72   6.72  28.18  28.13  25.92  28.54  28.45  28.30  29.01  25.32  26.00  28.12
 wrfout_d04_2016-08-27_18:00:00 999.00  28.41  21.61  25.35  22.66  27.08  27.55  26.81  27.12  27.22  26.78  27.15 999.00  27.89  28.44  27.64  21.59  27.92  13.34  26.33   6.49  28.15  28.11  25.87  28.21  28.16  27.89  28.84  24.80  26.00  27.94
 wrfout_d04_2016-08-27_19:00:00 999.00  28.34  21.51  25.09  22.43  26.81  27.21  26.25  26.98  26.95  26.72  26.94 999.00  27.76  27.98  27.51  21.31  27.84  13.03  26.18   6.36  28.13  27.87  25.75  27.89  27.97  27.61  28.73  24.58  25.87  27.84
 wrfout_d04_2016-08-27_20:00:00 999.00  28.31  21.33  24.84  22.17  26.43  27.13  25.77  26.80  27.34  26.52  26.69 999.00  27.69  27.53  27.35  22.46  27.78  12.74  25.96   6.02  28.07  27.82  25.63  27.70  27.87  27.37  28.48  24.21  25.79  27.62
 wrfout_d04_2016-08-27_21:00:00 999.00  28.22  21.19  25.71  21.91  26.22  26.84  25.68  26.70  27.00  26.25  26.54 999.00  27.68  27.23  27.36  22.21  27.67  12.55  25.82   5.89  27.99  27.61  26.30  27.52  27.71  27.27  28.44  23.89  25.75  27.55
 wrfout_d04_2016-08-27_22:00:00 999.00  28.14  21.47  26.30  22.58  26.31  26.70  26.46  26.80  26.62  26.35  26.77 999.00  27.69  27.00  27.59  22.44  27.55  13.40  26.03   6.85  27.92  27.65  26.43  27.34  27.64  27.27  28.55  24.52  26.12  27.71
 wrfout_d04_2016-08-27_23:00:00 999.00  28.14  22.60  27.86  24.19  27.89  27.36  27.97  27.64  28.14  27.97  27.86 999.00  28.12  27.51  28.55  22.96  28.19  16.55  26.98  10.76  27.88  27.25  28.22  28.27  28.47  28.36  29.23  27.30  27.99  28.17
