 wrfout_d04_2016-05-21_00:00:00 999.00  26.36  21.83  26.69  23.10  27.39  28.02  25.42  27.64  26.28  26.45  26.48 999.00  26.98  27.06  27.21  22.74  28.01  16.52  26.10  10.43  28.24  27.56  27.29  27.23  27.73  28.43  29.55  27.29  28.11  28.57
 wrfout_d04_2016-05-21_01:00:00 999.00  25.29  21.37  26.37  22.49  27.03  27.22  25.26  26.92  25.73  25.96  25.99 999.00  26.46  26.59  26.92  22.85  26.54  16.28  25.64  10.55  27.39  25.99  26.45  26.49  26.59  27.89  28.90  26.58  27.85  28.32
 wrfout_d04_2016-05-21_02:00:00 999.00  25.33  21.87  26.93  22.79  27.70  27.67  25.34  27.64  26.46  26.70  26.71 999.00  27.45  27.57  27.28  22.81  26.85  16.66  26.32  10.91  27.30  26.57  26.79  28.01  28.04  28.37  29.69  27.20  28.23  28.88
 wrfout_d04_2016-05-21_03:00:00 999.00  25.32  21.78  27.52  22.76  27.75  27.98  26.23  28.13  27.15  26.90  26.90 999.00  27.10  27.99  27.44  23.07  27.45  16.83  27.11  11.14  27.05  27.19  27.02  28.84  28.87  28.63  29.99  27.21  28.43  29.31
 wrfout_d04_2016-05-21_04:00:00 999.00  25.31  22.84  27.14  25.13  27.87  28.67  26.70  28.79  27.72  27.03  26.82 999.00  27.48  28.21  27.65  23.44  27.80  17.32  28.03  11.59  26.89  27.55  27.09  29.67  29.75  28.73  30.56  27.25  28.34  29.74
 wrfout_d04_2016-05-21_05:00:00 999.00  25.26  22.90  28.51  25.89  28.55  29.45  27.31  29.62  27.89  27.23  26.91 999.00  28.00  28.42  27.79  25.87  27.88  17.50  28.67  11.43  27.04  27.97  26.95  30.31  30.33  28.71  30.90  27.24  27.57  29.79
 wrfout_d04_2016-05-21_06:00:00 999.00  25.20  24.62  28.73  27.04  28.60  30.20  26.24  30.04  28.30  27.24  26.97 999.00  27.72  28.51  27.63  24.77  27.48  17.75  29.07  11.32  27.06  27.37  26.85  30.77  30.64  28.65  30.97  27.14  27.04  29.81
 wrfout_d04_2016-05-21_07:00:00 999.00  25.19  22.53  27.17  25.01  28.27  30.13  26.58  30.06  28.29  26.92  26.56 999.00  27.55  28.50  27.44  24.29  27.37  17.15  28.92  10.92  27.34  27.79  26.74  30.94  30.24  28.48  30.88  27.00  26.96  29.65
 wrfout_d04_2016-05-21_08:00:00 999.00  25.21  21.87  26.44  23.52  27.67  29.45  25.78  29.59  28.00  26.60  26.25 999.00  26.87  28.35  27.19  23.74  27.13  16.34  28.53  10.45  27.55  27.99  26.60  30.14  29.72  28.26  30.64  26.68  27.05  29.34
 wrfout_d04_2016-05-21_09:00:00 999.00  25.21  21.69  25.81  23.21  27.00  28.22  25.32  28.16  27.30  26.24  25.92 999.00  26.50  28.02  27.00  23.15  27.08  15.65  28.10   9.84  27.65  28.19  26.53  29.57  29.16  28.00  30.14  26.41  26.96  28.63
 wrfout_d04_2016-05-21_10:00:00 999.00  25.17  21.38  25.37  22.61  26.44  27.60  24.98  27.23  26.30  25.81  25.82 999.00  26.55  27.27  26.66  22.15  27.18  15.13  27.43   9.40  27.65  28.04  25.98  28.97  28.66  27.67  29.60  25.52  26.06  28.19
 wrfout_d04_2016-05-21_11:00:00 999.00  25.11  20.98  24.83  22.09  25.91  27.09  24.65  26.85  25.74  25.54  25.60 999.00  26.59  27.01  26.28  21.80  26.98  14.84  27.33   9.54  27.63  28.03  25.84  28.63  28.31  27.15  29.32  24.60  25.16  27.85
 wrfout_d04_2016-05-21_12:00:00 999.00  25.02  20.89  24.98  21.92  25.53  27.14  24.53  26.58  25.51  25.46  25.52 999.00  25.82  26.48  26.11  21.79  26.83  14.86  26.90   9.17  27.56  28.00  25.87  28.41  28.11  26.66  29.13  24.42  24.94  27.73
 wrfout_d04_2016-05-21_13:00:00 999.00  24.98  20.81  24.79  21.87  25.12  26.48  24.45  26.28  25.78  25.43  25.30 999.00  24.78  25.15  26.10  21.09  26.64  14.74  26.43   8.94  27.20  27.98  25.53  28.06  27.88  26.46  28.91  24.35  25.06  27.62
 wrfout_d04_2016-05-21_14:00:00 999.00  24.99  20.85  24.75  21.97  25.04  26.33  24.58  25.90  25.69  25.66  25.02 999.00  24.62  24.25  25.87  20.23  26.33  14.35  25.63   9.07  27.04  27.91  25.51  27.48  27.52  26.62  28.68  24.32  25.13  27.43
 wrfout_d04_2016-05-21_15:00:00 999.00  24.95  21.00  24.39  22.07  24.90  25.75  24.15  25.43  25.02  25.29  24.72 999.00  24.64  24.30  25.68  19.77  25.63  14.37  23.57   9.17  27.02  27.81  25.39  27.24  27.20  26.77  28.42  24.23  24.68  27.24
 wrfout_d04_2016-05-21_16:00:00 999.00  24.80  20.73  23.89  21.11  24.60  25.45  24.38  25.05  24.65  24.76  24.27 999.00  25.05  24.28  25.15  19.44  26.05  14.00  24.28   9.23  26.88  27.72  25.59  26.85  26.83  26.40  28.06  24.10  25.08  27.24
 wrfout_d04_2016-05-21_17:00:00 999.00  24.87  20.76  24.29  21.42  24.52  25.46  24.14  25.20  24.33  24.76  24.43 999.00  24.72  23.91  25.24  19.33  25.41  14.14  23.85   9.29  27.15  27.44  25.81  26.46  26.52  26.38  28.00  24.07  25.12  27.25
 wrfout_d04_2016-05-21_18:00:00 999.00  24.67  20.85  24.54  21.48  24.60  25.29  24.20  25.11  24.88  24.44  24.47 999.00  24.30  23.89  24.96  19.47  25.56  14.20  23.09   9.42  27.12  27.39  25.69  26.03  25.84  26.55  27.47  23.99  25.42  27.22
 wrfout_d04_2016-05-21_19:00:00 999.00  24.80  20.27  24.20  21.08  24.60  24.98  24.36  24.46  24.62  24.69  24.39 999.00  24.90  23.82  24.64  19.90  26.11  14.11  22.98   9.77  27.25  26.98  25.65  25.96  25.88  26.86  27.37  23.79  25.34  27.11
 wrfout_d04_2016-05-21_20:00:00 999.00  24.81  20.21  24.12  20.88  24.52  24.93  24.28  24.47  24.40  24.08  24.09 999.00  24.87  23.67  24.83  20.04  25.53  13.87  22.80   9.50  27.19  26.38  25.69  25.90  25.81  26.86  27.29  23.93  25.59  26.94
 wrfout_d04_2016-05-21_21:00:00 999.00  24.50  20.10  24.06  20.93  24.22  24.89  24.16  24.40  24.51  24.35  23.94 999.00  24.55  23.90  24.44  20.03  25.42  13.91  23.69   9.59  27.28  26.19  25.58  25.46  24.87  27.82  27.86  24.28  25.57  27.09
 wrfout_d04_2016-05-21_22:00:00 999.00  24.65  20.12  24.36  21.27  24.45  24.96  24.61  24.50  24.72  25.06  24.73 999.00  24.70  24.28  25.69  19.70  26.03  14.05  24.28   9.81  27.47  25.82  26.05  24.86  25.08  28.10  28.31  25.03  25.82  27.30
 wrfout_d04_2016-05-21_23:00:00 999.00  24.77  21.12  25.01  22.18  24.95  25.70  24.48  25.34  25.39  26.51  26.35 999.00  24.80  24.91  26.78  20.07  27.03  15.42  25.02  10.60  27.56  25.85  27.26  25.28  25.09  28.25  28.54  26.68  26.28  27.79
