 wrfout_d04_2016-03-28_00:00:00 999.00  16.43   9.82  14.56  11.25  15.97  13.69  14.76  14.75  15.11  15.55  15.89 999.00  15.39  15.25  17.00  13.65  17.57   8.52  12.96   0.48  18.13  16.37  17.22  14.83  15.10  18.00  16.35  16.99  17.60  18.55
 wrfout_d04_2016-03-28_01:00:00 999.00  16.37  10.63  16.83  12.08  16.86  17.01  16.31  16.99  16.66  16.66  16.51 999.00  17.11  17.42  17.68  15.41  18.12   8.14  14.91   2.47  18.00  17.01  17.17  16.30  16.58  19.01  17.80  17.21  17.47  18.94
 wrfout_d04_2016-03-28_02:00:00 999.00  16.61  11.50  17.86  12.95  17.44  18.08  17.28  18.19  18.12  17.49  17.23 999.00  18.58  19.42  18.53  15.38  18.33   9.54  17.23   3.67  18.03  17.86  17.76  18.87  19.14  19.87  20.09  17.91  17.32  19.80
 wrfout_d04_2016-03-28_03:00:00 999.00  16.79  12.15  18.59  13.61  18.06  18.95  18.16  19.25  19.46  18.27  17.98 999.00  19.26  20.82  19.11  16.55  18.77  10.35  18.78   4.40  18.13  19.23  18.26  20.62  20.93  20.38  21.00  18.62  18.22  20.52
 wrfout_d04_2016-03-28_04:00:00 999.00  16.95  12.54  19.09  14.02  18.53  19.65  18.76  20.01  20.40  18.71  18.50 999.00  19.69  21.82  19.50  16.97  19.10  10.66  20.09   4.87  18.35  19.70  18.63  21.81  21.98  20.78  21.58  19.13  17.71  21.15
 wrfout_d04_2016-03-28_05:00:00 999.00  17.16  12.76  19.40  14.26  18.78  20.12  19.18  20.44  21.10  19.04  18.61 999.00  20.08  22.67  19.77  17.18  19.23  10.59  21.03   5.13  18.50  19.93  18.89  22.61  22.49  21.07  21.97  19.51  20.35  21.49
 wrfout_d04_2016-03-28_06:00:00 999.00  17.36  12.78  19.47  14.30  18.86  20.29  19.27  20.59  21.55  18.95  18.80 999.00  19.94  22.83  19.90  17.47  19.22  10.38  21.69   5.10  18.62  19.92  19.06  22.92  22.60  21.27  22.18  19.58  20.30  21.58
 wrfout_d04_2016-03-28_07:00:00 999.00  17.52  12.48  19.11  13.97  18.75  20.08  19.24  20.37  21.60  18.85  18.80 999.00  19.68  22.24  19.89  17.24  19.11   9.90  21.77   4.85  18.70  19.76  19.12  22.67  22.59  21.21  22.29  19.41  18.82  21.40
 wrfout_d04_2016-03-28_08:00:00 999.00  17.67  11.92  18.36  13.40  18.43  19.49  19.60  19.65  21.21  18.74  18.50 999.00  19.37  21.27  19.73  16.55  18.84   8.67  21.25   3.98  18.80  19.75  18.94  21.95  21.96  20.89  22.19  18.96  18.60  20.99
 wrfout_d04_2016-03-28_09:00:00 999.00  17.86  11.01  17.10  12.39  17.64  18.44  19.27  18.48  20.05  18.11  18.00 999.00  18.74  20.24  19.31  15.39  18.50   7.28  20.05   2.94  18.72  19.79  18.39  21.10  21.08  20.21  21.97  17.67  18.24  20.35
 wrfout_d04_2016-03-28_10:00:00 999.00  18.05   9.51  14.78  10.66  16.40  16.83  17.39  16.77  18.01  17.97  16.89 999.00  17.83  18.44  18.91  11.43  17.95   2.32  18.42  -2.45  18.81  19.85  17.90  19.80  19.93  19.92  21.56  16.79  16.96  19.44
 wrfout_d04_2016-03-28_11:00:00 999.00  18.36   9.35  14.55  10.48  15.11  15.86  16.29  15.69  16.16  17.47  16.12 999.00  17.44  17.24  18.62  10.24  17.77   1.88  17.06  -2.55  19.08  19.96  17.92  19.10  19.11  19.51  21.36  15.22  16.34  18.77
 wrfout_d04_2016-03-28_12:00:00 999.00  18.29   9.41  14.62  10.51  14.28  15.17  15.53  15.23  15.03  17.31  15.77 999.00  17.52  16.68  18.07   9.41  16.94   1.64  16.40  -2.28  19.35  19.99  17.78  18.87  18.73  18.33  21.26  14.88  16.16  18.60
 wrfout_d04_2016-03-28_13:00:00 999.00  18.74   9.45  14.60  10.50  13.51  13.81  14.60  14.83  13.82  16.93  15.46 999.00  17.09  16.61  17.94   8.76  16.43   1.43  16.08  -2.15  19.53  19.19  16.55  17.52  17.66  17.95  21.26  14.63  15.55  18.68
 wrfout_d04_2016-03-28_14:00:00 999.00  19.00   9.51  14.64  10.50  12.95  13.18  13.58  13.49  13.01  15.28  15.28 999.00  16.29  16.47  17.91   8.29  15.90   1.28  15.68  -2.03  19.66  18.43  15.98  16.49  16.61  17.74  19.47  14.45  17.21  18.43
 wrfout_d04_2016-03-28_15:00:00 999.00  19.07   9.69  14.58  10.52  12.59  12.79  13.29  12.97  12.41  14.35  14.22 999.00  15.62  15.61  17.57   7.90  15.12   1.22  15.30  -1.93  19.75  18.11  17.31  15.63  15.78  16.87  18.98  14.46  16.66  17.84
 wrfout_d04_2016-03-28_16:00:00 999.00  19.04   9.77  14.33  10.20  12.20  12.39  13.02  12.29  11.81  13.92  13.94 999.00  15.00  14.80  17.82   7.59  15.30   1.14  14.83  -1.88  19.83  17.83  17.26  14.86  15.06  16.38  18.34  14.38  15.62  18.02
 wrfout_d04_2016-03-28_17:00:00 999.00  19.14   9.45  13.97   8.42  11.93  11.87  13.03  11.49  11.31  13.66  13.65 999.00  14.35  14.05  16.53   7.33  14.99   1.12  14.49  -1.76  19.92  17.63  17.27  14.17  14.35  16.25  17.87  14.16  17.15  17.93
 wrfout_d04_2016-03-28_18:00:00 999.00  19.26   9.34  13.18   8.20  12.08  11.45  12.99  10.97  10.79  13.54  13.31 999.00  13.69  13.35  15.88   7.11  14.71   1.18  14.29  -1.54  20.01  17.83  17.16  13.55  13.78  16.09  17.56  14.31  14.71  17.83
 wrfout_d04_2016-03-28_19:00:00 999.00  19.36   9.16  11.88   8.00  12.05  10.64  12.57  10.96  10.32  13.39  13.02 999.00  13.19  12.68  15.65   6.94  14.49   1.20  13.89  -1.37  20.08  17.87  15.57  12.98  13.17  17.09  17.33  14.23  16.91  17.75
 wrfout_d04_2016-03-28_20:00:00 999.00  19.47   7.62  11.35   7.75  11.98   9.85  11.96  10.38  10.13  13.28  12.93 999.00  12.68  12.09  15.37   6.84  14.30   1.23  13.44  -1.20  20.16  17.61  15.35  12.44  12.66  17.42  16.63  13.84  16.67  17.87
 wrfout_d04_2016-03-28_21:00:00 999.00  19.51   7.22  10.95   7.49  11.77   9.29  11.72   9.92   9.86  13.14  12.82 999.00  12.23  11.55  15.00   6.74  14.14   1.35  13.06  -1.03  20.26  17.49  15.23  11.96  12.22  17.67  16.42  13.50  16.42  17.58
 wrfout_d04_2016-03-28_22:00:00 999.00  19.62   7.18  10.85   7.59  11.82   9.06  11.63   9.83   9.66  13.34  13.00 999.00  11.87  11.17  14.87   6.80  14.04   1.41  12.82  -0.46  20.33  17.39  15.17  11.47  11.71  17.78  16.69  13.75  14.90  17.99
 wrfout_d04_2016-03-28_23:00:00 999.00  19.71  11.92  15.28  13.05  16.03  12.98  15.29  14.27  14.42  17.59  17.45 999.00  15.65  14.49  17.95  12.71  18.13   7.98  13.94   4.50  20.30  17.70  18.64  14.41  14.82  18.29  18.23  17.24  18.42  19.08
