 wrfout_d04_2016-03-15_00:00:00 999.00  16.32   8.60  13.57   9.83  14.26  14.27  14.68  13.87  15.22  13.85  14.69 999.00  15.64  15.35  16.12  14.64  17.79   9.02  13.80   4.19  19.53  16.14  17.21  15.42  15.66  17.15  18.00  16.22  18.34  18.33
 wrfout_d04_2016-03-15_01:00:00 999.00  16.34   8.83  13.92  10.05  14.24  14.22  14.64  14.06  15.27  14.18  15.39 999.00  16.18  15.51  16.87  14.56  17.95   8.98  14.26   4.24  19.70  16.59  17.64  15.53  15.78  17.69  18.08  16.62  18.78  18.60
 wrfout_d04_2016-03-15_02:00:00 999.00  16.26   9.08  14.16  10.24  14.24  14.15  14.96  13.99  15.43  14.31  15.51 999.00  16.68  15.88  17.36  14.18  17.88   9.05  14.40   4.30  19.69  16.87  17.97  16.10  16.37  18.30  18.18  17.07  19.34  19.19
 wrfout_d04_2016-03-15_03:00:00 999.00  16.22   9.23  14.26  10.37  14.23  14.19  15.07  13.98  15.40  14.00  15.61 999.00  16.87  15.89  17.61  14.13  18.24   8.94  14.27   4.28  19.72  17.04  18.43  16.44  16.96  18.74  18.33  17.57  19.42  19.63
 wrfout_d04_2016-03-15_04:00:00 999.00  16.24   9.48  14.59  10.64  14.46  14.39  15.18  14.14  15.20  14.07  15.47 999.00  17.06  15.49  17.80  14.37  18.12   8.79  14.85   4.21  19.75  17.30  18.89  16.64  17.04  19.23  18.55  18.26  19.59  20.10
 wrfout_d04_2016-03-15_05:00:00 999.00  16.51   9.80  14.81  10.88  14.49  14.79  15.04  14.72  15.39  14.12  14.93 999.00  17.05  15.48  17.94  14.57  18.21   8.83  14.94   4.06  19.73  17.56  18.48  16.72  17.13  19.65  19.33  18.54  19.37  20.96
 wrfout_d04_2016-03-15_06:00:00 999.00  16.80  10.02  15.06  11.14  14.59  14.90  15.32  14.84  15.80  14.16  14.70 999.00  17.12  15.81  17.97  14.63  18.47   8.82  14.72   4.12  19.59  17.58  18.31  16.71  17.04  19.96  19.99  18.71  19.22  20.85
 wrfout_d04_2016-03-15_07:00:00 999.00  16.85  10.20  15.08  11.26  14.76  15.03  15.40  15.01  15.90  14.25  15.06 999.00  17.06  15.91  17.80  14.68  18.54   8.81  14.73   4.18  19.54  17.72  18.25  16.99  17.32  19.98  19.79  18.60  19.14  21.78
 wrfout_d04_2016-03-15_08:00:00 999.00  16.96  10.51  15.19  11.49  14.82  15.13  15.51  14.96  15.83  14.45  15.23 999.00  16.73  15.79  17.73  14.56  18.70   8.88  14.72   4.30  19.77  17.99  18.47  16.98  17.27  19.76  19.93  18.38  19.25  20.78
 wrfout_d04_2016-03-15_09:00:00 999.00  17.07  10.81  15.38  11.78  14.96  15.46  15.40  14.92  15.47  14.72  15.19 999.00  16.10  15.60  17.63  14.36  18.67   8.87  14.65   4.25  20.01  17.84  18.43  16.86  17.20  19.53  19.47  18.11  19.10  20.55
 wrfout_d04_2016-03-15_10:00:00 999.00  17.50  11.09  15.54  12.08  14.73  15.48  15.29  14.83  15.06  14.71  15.10 999.00  15.94  15.31  17.23  14.29  18.61   8.96  14.79   4.28  20.00  18.51  18.52  16.68  16.95  18.85  20.16  17.81  19.02  20.23
 wrfout_d04_2016-03-15_11:00:00 999.00  17.73  11.20  15.50  12.30  14.70  15.50  15.47  14.84  14.89  14.88  15.05 999.00  15.96  15.19  17.10  14.27  18.62   9.08  14.58   4.36  20.01  17.72  18.56  16.48  16.73  18.76  19.63  17.72  19.13  20.10
 wrfout_d04_2016-03-15_12:00:00 999.00  18.13  11.40  15.68  12.40  14.73  15.61  15.51  14.44  14.83  14.99  14.95 999.00  15.97  15.15  17.02  14.43  18.30   9.16  14.91   4.38  20.08  17.89  18.33  16.29  16.54  18.76  19.37  17.79  19.26  20.07
 wrfout_d04_2016-03-15_13:00:00 999.00  18.55  11.63  15.83  12.57  14.79  15.59  15.54  14.75  14.84  14.83  15.05 999.00  15.88  15.19  16.98  14.82  18.04   9.22  14.72   4.47  20.05  18.20  18.39  16.24  16.50  18.76  19.21  17.90  19.48  20.15
 wrfout_d04_2016-03-15_14:00:00 999.00  18.89  11.90  16.13  12.82  14.92  15.82  15.51  14.45  14.95  15.35  15.19 999.00  15.81  15.32  16.99  14.90  18.09   9.24  14.45   4.48  20.16  17.95  18.35  16.28  16.45  18.53  18.91  17.99  19.67  20.39
 wrfout_d04_2016-03-15_15:00:00 999.00  18.94  12.20  16.28  13.02  14.80  15.13  15.21  14.54  14.84  15.33  15.27 999.00  15.82  15.34  17.09  14.83  18.21   9.32  14.22   4.47  20.12  17.65  18.53  16.24  16.34  18.69  18.41  18.03  19.85  20.68
 wrfout_d04_2016-03-15_16:00:00 999.00  18.57  12.38  16.10  12.97  14.90  15.29  15.23  14.69  14.79  15.55  15.40 999.00  15.85  15.30  17.20  14.67  18.25   9.28  14.32   4.37  19.82  17.60  18.64  16.25  16.44  18.90  18.44  18.13  19.87  20.58
 wrfout_d04_2016-03-15_17:00:00 999.00  18.63  12.38  16.03  12.84  14.89  15.08  15.30  14.71  14.79  15.74  15.12 999.00  15.86  15.46  17.41  14.66  18.31   9.39  14.60   4.37  19.82  17.99  18.67  16.41  16.53  18.61  18.11  18.20  19.75  20.41
 wrfout_d04_2016-03-15_18:00:00 999.00  18.51  12.46  15.67  12.74  14.93  14.80  15.45  14.68  14.78  15.60  15.67 999.00  15.93  15.62  17.27  14.55  18.33   9.28  14.46   4.35  19.73  18.98  18.63  16.51  16.57  18.58  18.16  18.09  20.16  20.51
 wrfout_d04_2016-03-15_19:00:00 999.00  18.58  12.32  15.57  12.91  14.97  14.73  15.61  14.75  14.83  15.66  15.32 999.00  15.99  15.77  17.48  14.77  18.39   9.21  14.72   4.26  19.93  18.30  18.52  16.56  16.77  18.44  18.18  18.19  19.93  20.37
 wrfout_d04_2016-03-15_20:00:00 999.00  19.23  12.41  15.42  12.91  15.10  14.73  15.81  14.84  14.94  16.24  15.16 999.00  16.28  15.61  17.57  14.77  18.44   9.06  14.80   4.09  20.23  18.76  18.51  16.62  16.82  18.59  18.00  17.95  19.58  20.19
 wrfout_d04_2016-03-15_21:00:00 999.00  18.82  12.39  15.31  12.78  15.61  14.75  15.70  14.96  14.87  16.09  15.60 999.00  16.03  15.69  17.17  14.56  18.44   9.07  14.76   3.89  20.26  18.54  17.93  16.49  16.69  17.11  18.37  17.97  20.09  19.92
 wrfout_d04_2016-03-15_22:00:00 999.00  18.50  12.48  15.27  12.86  15.37  14.85  15.66  14.91  14.82  16.26  15.92 999.00  16.33  15.62  16.71  14.87  18.55   9.04  15.07   3.84  20.37  17.92  19.01  16.22  16.48  16.84  18.74  17.04  20.43  20.21
 wrfout_d04_2016-03-15_23:00:00 999.00  18.31  12.73  15.62  13.39  15.56  15.26  15.83  15.12  15.12  16.44  16.78 999.00  16.50  15.81  19.37  14.86  18.99   9.08  15.13   3.84  20.92  18.60  20.20  16.59  16.74  19.36  18.96  20.65  20.13  20.91
