 wrfout_d04_2016-07-06_00:00:00 999.00  29.44  24.97  30.50  26.31  30.53  31.44  29.91  31.48  30.15  30.19  29.94 999.00  29.62  29.27  30.40  26.24  29.70  19.45  28.92  14.26  28.29  28.48  29.46  30.23  30.48  31.10  31.13  29.67  30.17  30.65
 wrfout_d04_2016-07-06_01:00:00 999.00  29.49  25.83  31.55  27.24  31.42  32.56  30.55  32.60  31.61  30.73  30.60 999.00  31.32  31.13  31.18  27.71  30.26  21.46  30.40  15.29  28.60  28.86  30.11  31.92  32.23  31.86  32.10  30.44  30.31  31.64
 wrfout_d04_2016-07-06_02:00:00 999.00  29.61  26.58  32.40  27.95  32.11  33.24  30.62  33.51  32.37  31.22  31.08 999.00  31.98  32.77  31.61  29.05  30.82  22.39  31.65  15.83  28.67  28.96  30.59  33.60  33.36  32.77  32.82  31.31  31.09  32.46
 wrfout_d04_2016-07-06_03:00:00 999.00  29.62  27.09  32.98  28.47  32.59  33.67  30.46  33.95  33.19  31.46  31.33 999.00  32.49  34.67  31.76  29.78  31.18  23.17  32.50  16.18  28.63  28.86  30.36  34.53  33.76  32.71  33.03  31.66  31.58  32.84
 wrfout_d04_2016-07-06_04:00:00 999.00  29.65  27.33  33.23  28.71  32.82  33.91  30.40  34.20  33.69  31.57  31.46 999.00  32.30  35.49  32.03  30.23  31.37  23.35  33.14  16.29  28.61  28.95  30.36  34.95  33.81  32.33  33.15  31.63  31.69  33.11
 wrfout_d04_2016-07-06_05:00:00 999.00  29.69  27.29  33.28  28.71  32.80  33.99  30.78  34.22  33.64  31.59  31.49 999.00  31.88  35.64  32.07  30.57  31.48  23.21  33.62  16.03  28.61  28.87  30.70  35.10  34.14  32.32  33.31  31.49  31.57  30.22
 wrfout_d04_2016-07-06_06:00:00 999.00  29.67  27.00  32.93  28.37  32.59  33.73  31.11  33.92  33.71  31.51  31.39 999.00  31.70  34.72  32.07  30.21  31.49  22.45  33.57  15.18  28.55  28.75  30.62  34.97  34.13  32.32  33.23  31.09  31.40  31.35
 wrfout_d04_2016-07-06_07:00:00 999.00  29.66  26.39  32.33  27.75  32.13  33.33  31.70  33.43  33.35  31.30  31.12 999.00  31.57  34.42  31.97  30.42  31.28  21.87  33.24  12.85  28.45  28.67  30.23  34.28  33.73  32.17  32.93  30.82  31.01  32.33
 wrfout_d04_2016-07-06_08:00:00 999.00  29.65  25.58  31.46  26.93  31.53  32.70  31.29  32.73  32.80  30.94  30.66 999.00  31.37  34.21  31.67  29.87  30.66  21.12  32.35  12.88  28.37  28.72  29.90  33.46  33.10  31.81  32.33  30.17  30.46  32.17
 wrfout_d04_2016-07-06_09:00:00 999.00  29.65  24.67  30.47  25.97  30.75  31.71  30.89  31.73  32.31  30.50  30.10 999.00  30.90  33.46  31.23  27.40  30.16  19.76  30.92  12.34  28.26  28.80  29.33  32.38  31.76  31.37  32.31  29.60  29.76  31.58
 wrfout_d04_2016-07-06_10:00:00 999.00  29.66  23.55  29.07  24.77  29.72  30.63  30.39  30.65  31.61  29.90  29.36 999.00  30.47  32.22  30.61  25.63  29.52  18.02  29.66  11.76  28.32  28.71  28.32  31.10  30.48  30.66  32.04  28.46  28.72  30.83
 wrfout_d04_2016-07-06_11:00:00 999.00  29.63  22.83  28.38  24.08  28.97  29.79  29.14  29.91  30.75  29.17  28.78 999.00  29.95  31.35  29.96  24.16  29.01  15.42  29.48   8.64  28.42  28.68  27.69  30.18  29.83  29.93  31.78  27.47  28.14  30.10
 wrfout_d04_2016-07-06_12:00:00 999.00  29.59  22.79  28.19  24.01  28.70  29.43  28.79  29.59  30.34  28.47  28.79 999.00  29.60  30.55  29.45  23.51  28.56  14.86  29.12   8.83  28.48  28.75  27.56  29.76  29.62  29.43  31.54  27.12  28.03  29.81
 wrfout_d04_2016-07-06_13:00:00 999.00  29.55  22.76  28.13  24.02  28.56  29.20  28.52  29.45  29.85  27.90  28.88 999.00  29.49  29.94  29.29  23.05  28.80  14.49  28.96   8.80  28.38  28.73  27.50  29.43  29.35  29.17  31.39  26.57  27.96  29.53
 wrfout_d04_2016-07-06_14:00:00 999.00  29.49  22.73  27.96  24.00  28.36  28.93  28.60  29.23  29.65  27.60  28.73 999.00  29.23  29.49  29.30  22.68  28.70  14.07  28.42   7.61  28.16  28.62  27.45  29.22  29.18  28.96  31.22  26.30  27.91  29.05
 wrfout_d04_2016-07-06_15:00:00 999.00  29.33  22.71  27.67  23.99  28.16  28.77  28.45  29.00  29.26  27.64  28.45 999.00  28.91  29.22  29.22  22.32  28.71  13.47  27.73   7.20  28.07  28.51  27.36  29.25  29.17  28.79  30.94  26.00  27.86  28.54
 wrfout_d04_2016-07-06_16:00:00 999.00  29.13  22.70  26.72  24.00  28.14  28.53  28.27  28.75  28.97  27.41  28.17 999.00  28.91  28.98  29.08  22.07  28.56  12.86  27.02   6.89  28.25  28.45  27.38  29.12  28.97  28.84  30.75  25.82  27.79  28.31
 wrfout_d04_2016-07-06_17:00:00 999.00  29.11  22.58  26.43  23.90  28.03  28.38  28.13  28.49  28.69  27.37  28.14 999.00  28.89  28.76  28.91  21.80  28.51  12.42  26.71   8.50  28.24  28.44  27.44  28.88  28.79  28.97  30.78  25.70  27.79  28.21
 wrfout_d04_2016-07-06_18:00:00 999.00  29.16  22.46  26.24  23.83  27.94  28.19  27.95  28.25  28.79  27.21  27.89 999.00  28.65  28.69  28.90  21.49  28.50  12.12  26.34   9.07  28.17  28.28  27.48  28.47  28.56  28.93  30.40  25.61  27.90  28.08
 wrfout_d04_2016-07-06_19:00:00 999.00  29.26  22.49  26.13  23.81  27.87  28.10  27.80  28.14  28.95  27.17  27.82 999.00  28.29  28.49  29.03  21.21  28.57  12.20  26.12   9.25  28.20  28.07  27.42  28.03  28.18  28.88  29.96  25.46  27.96  28.16
 wrfout_d04_2016-07-06_20:00:00 999.00  29.28  22.51  26.10  23.84  27.84  27.98  27.72  27.99  28.88  27.18  28.15 999.00  28.01  28.30  29.30  21.06  28.31  12.07  25.73   9.52  28.31  27.92  27.42  27.69  27.85  28.78  29.43  25.37  27.94  28.09
 wrfout_d04_2016-07-06_21:00:00 999.00  29.28  22.57  26.11  23.92  27.84  27.97  27.72  27.97  28.77  27.29  28.18 999.00  27.95  28.04  29.38  20.96  28.04  12.10  25.39   9.61  28.33  27.89  27.64  27.55  27.87  28.71  29.11  25.40  28.11  27.98
 wrfout_d04_2016-07-06_22:00:00 999.00  29.29  23.01  28.22  24.33  28.23  28.41  28.16  28.28  28.87  27.47  28.22 999.00  28.26  27.61  29.88  22.61  28.12  14.18  25.51  10.56  28.32  27.85  27.91  27.62  27.72  29.15  29.29  26.77  28.22  28.30
 wrfout_d04_2016-07-06_23:00:00 999.00  29.30  23.48  29.69  25.06  28.88  29.21  29.35  29.16  29.59  27.90  28.34 999.00  28.82  27.80  30.00  23.45  28.90  17.59  26.25  12.05  28.36  27.99  28.30  27.93  27.95  30.04  29.91  28.42  28.50  29.33
