 wrfout_d04_2016-07-29_00:00:00 999.00  28.87  26.92  31.11  28.18  30.61  31.02  30.52  31.08  31.01  30.91  30.85 999.00  31.04  30.29  30.83  27.81  30.94  17.68  29.34  14.10  29.63  29.17  29.30  30.55  30.51  30.93  31.32  29.94  30.25  30.99
 wrfout_d04_2016-07-29_01:00:00 999.00  29.24  28.18  32.66  29.63  31.68  32.91  31.39  32.90  32.57  32.19  31.83 999.00  32.02  31.67  31.47  28.25  31.07  20.71  30.51  13.98  29.49  29.12  29.78  31.19  31.25  31.43  31.41  30.11  30.59  31.23
 wrfout_d04_2016-07-29_02:00:00 999.00  29.25  28.67  33.54  30.73  32.25  34.31  31.55  34.32  33.71  32.74  32.28 999.00  32.99  33.48  31.91  29.44  31.72  21.57  31.85  14.54  29.55  29.22  30.13  32.92  32.44  31.99  31.92  30.63  31.27  32.28
 wrfout_d04_2016-07-29_03:00:00 999.00  29.26  29.67  33.52  30.76  32.45  35.58  31.73  35.65  34.53  32.85  32.65 999.00  33.28  34.92  32.19  30.22  32.14  22.14  32.92  14.92  29.54  29.34  30.51  33.97  32.99  32.38  32.26  30.96  31.67  32.73
 wrfout_d04_2016-07-29_04:00:00 999.00  29.21  30.00  33.33  31.47  32.61  36.29  31.69  36.53  34.70  32.74  32.91 999.00  33.30  36.10  32.35  30.64  32.27  22.30  33.86  14.60  29.52  29.41  30.57  34.42  33.25  32.51  31.94  31.09  31.76  32.55
 wrfout_d04_2016-07-29_05:00:00 999.00  29.12  30.16  33.24  31.11  32.66  36.55  31.43  37.01  34.57  32.56  33.06 999.00  33.15  36.28  32.38  31.04  32.24  21.99  34.53  13.30  29.48  29.54  30.55  34.36  33.31  32.47  31.41  31.38  31.70  32.48
 wrfout_d04_2016-07-29_06:00:00 999.00  29.06  29.75  33.37  31.76  32.72  36.50  31.25  36.80  34.22  32.33  32.94 999.00  32.91  35.94  32.33  31.07  32.22  21.39  34.23  12.89  29.36  29.54  30.29  32.86  32.12  32.36  31.37  31.08  31.60  32.27
 wrfout_d04_2016-07-29_07:00:00 999.00  29.05  28.96  34.41  31.03  33.00  36.21  31.03  36.37  33.49  32.00  32.54 999.00  32.50  34.17  32.11  29.88  32.04  17.31  33.60  11.27  29.33  29.56  30.14  31.23  30.82  32.76  31.68  30.58  31.08  31.21
 wrfout_d04_2016-07-29_08:00:00 999.00  29.09  27.83  35.20  29.74  33.35  35.23  30.59  35.89  32.43  31.61  32.09 999.00  30.76  32.52  31.76  26.59  31.21  16.21  31.61  10.71  29.30  29.62  29.91  30.99  30.58  32.04  31.69  30.27  30.40  31.68
 wrfout_d04_2016-07-29_09:00:00 999.00  29.16  26.59  34.48  28.31  33.18  34.26  30.22  34.75  31.60  31.11  31.23 999.00  30.49  31.38  31.48  24.45  30.80  15.58  30.08  10.41  29.26  29.64  29.37  31.14  30.75  31.50  31.75  29.31  29.42  31.44
 wrfout_d04_2016-07-29_10:00:00 999.00  29.16  25.14  31.82  26.69  31.47  33.31  29.48  33.50  30.60  30.34  30.26 999.00  30.53  31.13  31.25  23.57  30.04  14.72  30.11   9.35  29.28  29.66  28.42  30.96  30.53  30.79  31.48  28.18  28.06  30.85
 wrfout_d04_2016-07-29_11:00:00 999.00  29.20  24.30  30.43  25.32  30.04  31.69  28.63  32.10  29.74  29.45  29.61 999.00  30.33  29.65  30.56  22.86  29.58  14.46  30.26   7.36  29.30  29.55  27.06  30.48  30.06  30.13  31.07  26.23  26.11  30.16
 wrfout_d04_2016-07-29_12:00:00 999.00  29.36  23.91  29.69  24.78  29.50  30.89  28.42  31.51  29.20  28.78  29.61 999.00  29.74  29.90  30.20  21.75  29.30  13.53  29.39   7.15  29.28  29.44  26.69  30.06  29.62  29.82  30.88  25.78  25.72  29.83
 wrfout_d04_2016-07-29_13:00:00 999.00  29.25  22.58  29.41  23.20  29.04  30.49  28.02  30.97  29.00  28.49  29.10 999.00  29.59  29.96  29.96  21.45  29.40  12.95  29.17   6.79  29.26  29.31  26.41  29.56  29.23  29.52  30.72  25.53  25.52  29.33
 wrfout_d04_2016-07-29_14:00:00 999.00  29.13  22.14  28.90  22.82  28.59  30.03  27.96  30.20  28.79  28.18  28.74 999.00  29.47  29.82  29.42  21.29  29.16  12.95  28.80   6.48  29.18  28.96  26.18  28.99  29.06  29.09  30.47  25.50  25.29  28.85
 wrfout_d04_2016-07-29_15:00:00 999.00  29.07  22.68  27.20  22.42  28.24  29.71  27.64  29.72  28.41  27.76  28.33 999.00  29.28  29.21  28.86  21.04  28.75  12.55  28.47   6.15  29.10  28.35  25.89  28.13  28.56  28.65  30.25  25.24  25.05  28.37
 wrfout_d04_2016-07-29_16:00:00 999.00  29.03  22.10  26.72  22.02  29.02  29.26  27.36  29.19  27.85  27.51  28.07 999.00  29.17  28.79  28.56  20.86  28.57  12.32  27.99   5.92  29.06  27.74  25.63  27.86  28.15  28.34  29.89  25.06  24.85  27.84
 wrfout_d04_2016-07-29_17:00:00 999.00  29.05  22.03  26.31  21.64  28.71  29.03  26.92  28.64  27.78  27.55  27.80 999.00  29.02  28.50  28.20  20.59  28.38  12.25  27.45   5.74  28.90  27.80  25.43  27.71  27.64  28.13  29.73  24.86  24.68  27.70
 wrfout_d04_2016-07-29_18:00:00 999.00  29.10  20.70  25.93  21.30  28.03  28.64  26.49  28.68  27.24  27.29  27.46 999.00  28.85  28.19  28.02  20.38  28.27  11.84  27.32   5.32  28.95  27.59  25.21  27.32  27.35  27.91  29.41  24.86  24.55  27.49
 wrfout_d04_2016-07-29_19:00:00 999.00  28.99  20.55  25.63  21.15  27.53  28.30  25.91  28.90  26.64  27.08  27.31 999.00  28.66  27.91  27.88  20.27  28.06  11.51  27.08   5.05  28.98  27.12  25.08  26.66  26.96  27.80  29.31  24.49  24.36  27.42
 wrfout_d04_2016-07-29_20:00:00 999.00  28.96  20.26  25.26  20.90  26.86  27.89  25.62  28.23  26.47  26.84  27.10 999.00  28.42  27.71  27.70  20.29  27.69  11.41  26.75   5.00  28.99  26.78  25.00  26.34  26.56  27.65  29.21  24.31  24.14  27.26
 wrfout_d04_2016-07-29_21:00:00 999.00  29.00  20.23  25.09  20.94  26.51  27.48  25.40  27.83  26.34  26.60  27.02 999.00  28.10  27.58  27.66  20.04  27.43  11.27  26.00   4.90  28.96  26.96  24.81  26.24  26.21  27.51  29.15  24.08  24.09  27.19
 wrfout_d04_2016-07-29_22:00:00 999.00  29.01  23.06  27.45  24.29  26.66  27.65  26.71  27.85  26.53  27.18  27.62 999.00  28.30  27.74  27.87  22.08  28.01  13.34  26.51   7.75  28.93  26.79  26.57  26.16  26.58  27.86  29.40  25.75  26.01  27.33
 wrfout_d04_2016-07-29_23:00:00 999.00  28.98  24.73  29.10  25.91  28.68  28.83  28.50  29.06  28.34  28.87  29.12 999.00  29.38  28.81  29.16  25.09  29.06  16.76  27.57  11.92  28.92  27.03  28.12  27.70  28.23  29.27  30.21  28.28  28.57  28.92
