 wrfout_d04_2016-09-14_00:00:00 999.00  28.65  22.95  28.60  24.37  28.51  29.29  28.84  29.36  29.61  28.69  28.17 999.00  30.16  31.65  28.48  25.82  28.55  16.85  29.47  10.62  28.66  29.40  27.25  30.82  30.86  27.48  33.10  24.49  24.40  25.69
 wrfout_d04_2016-09-14_01:00:00 999.00  28.68  23.29  28.96  24.70  28.91  29.79  29.03  29.80  30.24  28.97  28.37 999.00  30.70  32.85  29.13  25.94  28.81  16.93  31.78  11.25  28.65  31.04  26.86  30.93  30.93  26.76  32.38  24.42  24.68  26.61
 wrfout_d04_2016-09-14_02:00:00 999.00  28.74  23.16  29.00  24.75  29.09  29.78  29.35  29.73  30.31  29.19  28.49 999.00  31.63  33.20  29.38  25.55  28.41  16.88  33.13  10.81  28.85  31.87  26.39  33.05  33.37  27.08  31.08  24.80  25.20  25.88
 wrfout_d04_2016-09-14_03:00:00 999.00  28.76  23.15  28.93  24.78  29.15  29.95  29.43  29.82  29.76  29.14  28.57 999.00  31.61  34.82  29.27  23.84  28.62  17.19  31.03  10.14  29.83  32.22  26.61  33.76  33.69  26.88  31.10  24.98  25.35  25.84
 wrfout_d04_2016-09-14_04:00:00 999.00  28.77  23.19  28.92  24.81  29.06  29.97  28.83  29.01  30.45  29.00  28.49 999.00  31.91  35.16  29.22  23.33  30.68  17.05  31.61  10.56  30.67  32.57  27.09  33.40  33.53  26.26  27.35  25.05  25.54  26.34
 wrfout_d04_2016-09-14_05:00:00 999.00  28.77  23.05  28.80  24.27  28.85  28.82  29.24  28.97  29.89  28.94  28.40 999.00  32.42  36.11  29.35  23.82  31.81  17.07  31.91  10.64  31.58  32.29  26.94  30.11  28.91  27.00  27.04  25.17  25.78  26.09
 wrfout_d04_2016-09-14_06:00:00 999.00  28.83  22.92  28.20  24.11  28.85  29.19  28.96  28.99  29.85  28.80  28.26 999.00  33.08  34.20  29.33  24.04  31.42  17.87  31.54  11.34  30.79  28.48  26.58  27.71  27.17  27.18  26.99  24.85  25.95  26.03
 wrfout_d04_2016-09-14_07:00:00 999.00  28.87  22.75  28.10  24.04  28.57  28.91  28.71  29.10  29.40  28.72  28.17 999.00  32.09  33.19  29.33  24.46  30.47  17.93  31.51  11.16  27.44  27.35  26.83  27.02  26.54  27.50  26.72  24.61  26.05  26.29
 wrfout_d04_2016-09-14_08:00:00 999.00  28.86  22.76  27.76  23.71  28.12  28.77  28.61  28.99  29.12  28.69  28.17 999.00  30.97  32.89  29.36  24.72  26.81  17.69  28.11  11.35  27.37  27.16  26.78  26.30  26.52  27.84  26.50  25.20  26.23  27.23
 wrfout_d04_2016-09-14_09:00:00 999.00  28.92  22.56  27.40  23.43  28.03  28.62  28.68  28.81  29.46  28.68  28.22 999.00  30.96  32.09  29.11  24.59  26.98  17.30  26.98  11.32  26.84  27.34  26.96  26.60  26.61  28.00  26.68  25.29  26.39  27.70
 wrfout_d04_2016-09-14_10:00:00 999.00  28.89  22.35  27.27  23.35  27.92  28.65  28.79  29.02  29.98  28.66  28.32 999.00  30.03  31.34  29.14  24.44  26.73  17.06  27.97  10.92  26.70  27.36  27.19  26.23  25.70  28.14  27.57  25.33  26.40  27.87
 wrfout_d04_2016-09-14_11:00:00 999.00  28.84  22.35  27.57  23.40  27.92  28.75  28.72  28.91  30.79  28.76  28.24 999.00  29.31  29.70  29.28  22.70  26.45  17.04  27.08  11.12  26.57  26.81  27.29  26.92  26.08  28.35  27.80  25.35  26.45  27.91
 wrfout_d04_2016-09-14_12:00:00 999.00  28.80  22.33  27.40  23.21  28.02  28.86  28.56  28.22  31.00  28.65  28.27 999.00  28.20  28.51  29.31  22.06  26.14  16.59  26.06  10.69  26.65  26.89  27.35  27.07  27.13  28.24  28.01  25.34  26.40  27.83
 wrfout_d04_2016-09-14_13:00:00 999.00  28.68  22.27  27.66  23.27  27.98  28.72  28.66  28.07  30.67  28.54  28.34 999.00  27.04  27.36  29.10  22.04  26.73  15.95  26.40  10.48  27.00  27.45  27.40  26.94  26.86  28.37  28.10  25.34  26.44  27.88
 wrfout_d04_2016-09-14_14:00:00 999.00  28.67  22.13  27.78  23.20  27.84  28.72  28.19  28.11  28.53  28.56  28.16 999.00  26.40  26.36  29.18  21.80  26.18  15.77  26.37  10.09  26.80  27.34  27.50  27.36  27.10  28.50  27.88  25.25  26.44  27.98
 wrfout_d04_2016-09-14_15:00:00 999.00  28.66  22.15  27.95  23.30  27.95  28.85  28.29  27.99  26.47  28.49  27.92 999.00  26.40  26.24  29.24  23.32  26.00  15.78  25.74  10.86  26.68  26.84  27.42  26.71  26.57  28.61  27.89  25.17  26.45  27.89
 wrfout_d04_2016-09-14_16:00:00 999.00  28.58  22.15  27.96  23.40  27.93  28.90  26.38  28.04  25.81  28.48  27.98 999.00  26.37  26.38  29.11  23.23  25.80  15.70  25.27  10.74  27.43  27.73  27.50  27.47  27.47  28.63  28.09  25.29  26.46  27.67
 wrfout_d04_2016-09-14_17:00:00 999.00  28.51  22.18  27.99  23.49  27.90  28.80  26.20  28.12  25.78  28.37  27.91 999.00  25.91  25.73  29.04  22.92  26.53  16.04  25.96  10.67  27.50  28.06  27.51  27.92  27.93  28.65  28.24  25.42  26.53  27.74
 wrfout_d04_2016-09-14_18:00:00 999.00  28.46  22.22  27.64  23.51  27.80  28.69  27.30  28.02  25.56  28.28  27.79 999.00  27.27  25.65  28.75  22.27  26.51  15.71  26.39  10.51  28.00  28.32  27.37  27.79  27.76  28.76  28.33  25.36  26.62  27.92
 wrfout_d04_2016-09-14_19:00:00 999.00  28.43  22.15  26.86  23.31  27.65  27.63  26.19  27.25  25.52  28.27  27.75 999.00  28.31  26.39  28.65  22.06  27.63  15.75  26.32  10.58  28.51  28.43  27.37  27.98  28.01  28.88  28.43  25.46  26.71  28.13
 wrfout_d04_2016-09-14_20:00:00 999.00  28.35  22.06  26.47  23.03  27.57  27.75  26.31  27.56  25.24  28.18  27.68 999.00  28.72  27.52  28.62  21.87  28.19  15.69  26.14  10.67  28.73  28.56  27.35  28.41  28.34  28.81  28.77  25.66  26.72  28.18
 wrfout_d04_2016-09-14_21:00:00 999.00  28.34  22.12  26.51  23.08  27.62  27.79  25.99  27.60  25.26  28.14  27.66 999.00  28.68  27.02  28.54  22.05  28.35  15.80  26.40  10.10  28.72  28.77  27.38  28.43  28.43  28.74  28.97  26.09  26.79  28.18
 wrfout_d04_2016-09-14_22:00:00 999.00  28.35  22.15  26.40  23.09  27.62  27.64  25.68  27.38  25.26  28.17  27.69 999.00  29.12  27.13  28.48  22.14  28.31  15.87  26.57   9.94  28.75  28.89  27.39  28.67  28.52  28.57  29.10  26.14  26.79  28.19
 wrfout_d04_2016-09-14_23:00:00 999.00  28.35  22.24  26.40  23.16  27.67  27.49  25.84  27.38  26.07  28.12  27.84 999.00  29.26  28.49  28.56  21.71  28.42  15.81  26.61  10.33  28.76  29.01  27.71  29.28  29.12  28.89  29.56  26.33  26.97  28.35
