 wrfout_d04_2016-02-02_00:00:00 999.00  12.69   5.91  10.30   6.82  11.55  10.94  11.23  10.51  10.98  11.53  11.35 999.00  11.58  11.51  15.13  12.41  12.62   9.82  10.52   3.35  15.42  14.49  15.57  12.72  12.95  16.73  14.69  15.56  17.29  17.53
 wrfout_d04_2016-02-02_01:00:00 999.00  12.71   6.06  10.61   7.03  11.72  11.05  11.44  10.57  11.23  11.93  11.27 999.00  11.90  11.77  15.31  12.92  12.68  11.12  10.95   3.79  15.45  14.42  16.49  12.66  12.89  17.45  16.45  16.08  17.47  18.56
 wrfout_d04_2016-02-02_02:00:00 999.00  12.84   6.23  10.65   7.18  11.97  11.54  11.70  10.88  11.52  12.31  11.45 999.00  12.28  12.20  15.42  13.18  12.65  10.40  11.13   4.45  15.41  14.73  16.89  12.99  13.27  18.18  18.57  16.55  17.73  19.29
 wrfout_d04_2016-02-02_03:00:00 999.00  12.83   6.38  10.76   7.31  11.92  11.69  11.89  11.10  11.73  12.31  11.42 999.00  12.73  12.15  15.56  12.24  12.50  10.20  10.83   4.14  15.22  14.77  17.15  13.44  13.85  18.45  20.25  17.08  17.80  20.15
 wrfout_d04_2016-02-02_04:00:00 999.00  12.82   6.59  10.97   7.64  12.04  12.16  12.01  11.60  11.79  12.55  11.48 999.00  12.85  12.29  15.76  12.31  12.54   9.73  10.81   4.15  15.09  14.77  17.50  13.41  13.80  18.65  20.93  16.95  17.92  20.44
 wrfout_d04_2016-02-02_05:00:00 999.00  12.90   6.61  11.11   7.61  11.94  12.32  11.93  11.95  11.84  12.67  11.54 999.00  12.94  12.80  16.00  12.09  12.69   9.82  11.28   3.91  15.09  14.71  17.71  13.44  13.71  18.72  21.49  17.22  17.95  21.03
 wrfout_d04_2016-02-02_06:00:00 999.00  13.05   6.60  11.13   7.60  12.06  12.39  11.76  11.97  11.92  12.65  11.64 999.00  12.97  13.22  16.02  12.36  12.84   9.40  11.71   3.79  14.92  14.91  17.59  13.75  14.02  18.69  21.83  16.99  17.96  20.52
 wrfout_d04_2016-02-02_07:00:00 999.00  13.09   6.60  11.14   7.60  12.11  12.40  11.79  11.97  11.89  12.46  11.69 999.00  12.98  13.21  15.90  12.86  12.73   8.88  11.69   3.53  15.11  15.27  17.26  13.66  14.00  18.65  21.00  16.82  18.12  20.77
 wrfout_d04_2016-02-02_08:00:00 999.00  13.16   6.69  11.14   7.61  12.17  12.35  11.91  12.01  12.00  12.27  11.75 999.00  12.82  13.06  15.86  13.58  12.72   8.70  11.88   3.24  15.21  15.28  16.75  13.32  13.65  18.60  20.34  16.60  18.18  20.16
 wrfout_d04_2016-02-02_09:00:00 999.00  13.13   6.72  11.11   7.60  12.24  12.38  12.05  12.05  11.99  12.37  11.73 999.00  12.80  12.88  15.86  12.70  12.57   8.12  12.04   3.03  15.30  15.19  15.84  13.31  13.62  18.04  19.47  16.30  18.02  19.66
 wrfout_d04_2016-02-02_10:00:00 999.00  13.33   6.74  11.15   7.59  12.33  12.31  12.19  12.13  12.11  12.41  11.76 999.00  12.79  12.77  15.91  12.97  12.75   7.85  11.96   2.86  15.77  15.11  15.28  13.14  13.44  16.95  19.08  15.88  17.95  18.82
 wrfout_d04_2016-02-02_11:00:00 999.00  13.43   6.84  11.20   7.70  12.42  12.38  12.33  12.19  12.21  12.18  11.86 999.00  12.90  12.80  15.91  12.77  12.90   7.90  11.69   2.72  15.56  15.08  15.31  13.17  13.40  16.38  18.62  15.48  17.94  18.32
 wrfout_d04_2016-02-02_12:00:00 999.00  13.53   6.96  11.31   7.83  12.51  12.39  12.47  12.02  12.29  12.19  11.99 999.00  13.00  12.87  15.94  12.51  12.91   7.98  11.69   2.57  15.88  15.15  15.37  13.13  13.23  16.25  17.85  15.30  18.09  18.19
 wrfout_d04_2016-02-02_13:00:00 999.00  13.47   7.12  11.37   7.97  12.61  12.47  12.54  12.13  12.38  12.19  12.17 999.00  13.06  12.79  15.92  10.63  13.03   7.79  11.68   2.43  15.83  15.06  15.44  12.95  13.31  16.37  17.87  15.21  18.28  18.06
 wrfout_d04_2016-02-02_14:00:00 999.00  13.47   7.19  11.40   8.04  12.71  12.50  12.56  12.26  12.46  12.03  12.41 999.00  12.91  12.83  15.94  10.13  13.37   7.87  11.51   2.30  15.92  15.03  15.48  13.04  13.37  16.40  16.69  15.17  18.45  17.85
 wrfout_d04_2016-02-02_15:00:00 999.00  13.47   7.21  11.39   8.10  12.51  12.20  12.50  12.08  12.45  11.98  12.47 999.00  12.83  12.66  16.07  10.14  13.27   7.80  11.37   2.21  15.93  15.20  15.53  13.00  13.25  16.28  16.15  14.97  18.41  17.65
 wrfout_d04_2016-02-02_16:00:00 999.00  13.55   7.29  11.41   8.16  12.57  12.16  12.55  11.83  12.15  12.09  12.52 999.00  12.90  12.46  16.06  11.89  13.27   7.86  11.08   2.16  15.83  15.39  15.54  12.84  12.98  16.01  15.60  15.09  18.37  17.49
 wrfout_d04_2016-02-02_17:00:00 999.00  13.55   7.36  11.41   8.22  12.53  11.92  12.58  11.71  12.13  12.43  12.62 999.00  12.77  12.59  16.03  12.00  13.38   7.71  10.99   1.89  15.84  15.37  15.46  12.81  13.06  16.00  15.25  14.73  18.48  17.51
 wrfout_d04_2016-02-02_18:00:00 999.00  13.52   7.41  11.42   8.28  12.50  11.74  12.60  11.67  12.07  12.40  12.47 999.00  12.78  12.51  16.10  11.83  13.50   7.54  11.02   2.01  16.30  15.38  15.36  12.90  13.02  16.33  15.04  15.20  18.52  17.65
 wrfout_d04_2016-02-02_19:00:00 999.00  13.50   7.41  11.46   8.29  12.47  11.68  12.67  11.64  12.07  12.43  12.52 999.00  12.77  12.46  16.23  11.83  13.62   7.66  11.09   1.93  16.46  15.35  15.32  12.74  12.83  15.96  14.84  15.20  18.46  17.56
 wrfout_d04_2016-02-02_20:00:00 999.00  13.52   7.34  11.51   8.24  12.42  11.77  12.75  11.73  12.17  12.23  12.49 999.00  12.76  12.34  16.31  11.64  13.56   7.52  10.97   1.80  16.55  15.75  15.36  12.60  12.75  15.57  15.23  15.16  18.47  17.51
 wrfout_d04_2016-02-02_21:00:00 999.00  13.54   7.31  11.56   8.18  12.48  11.80  12.83  11.81  12.15  12.23  12.47 999.00  12.75  12.07  16.44  11.49  13.77   7.51  10.98   1.76  16.67  15.87  15.43  12.79  12.95  14.63  15.13  15.19  18.60  17.76
 wrfout_d04_2016-02-02_22:00:00 999.00  13.63   7.32  11.61   8.20  12.58  11.87  12.91  11.90  12.17  12.26  12.52 999.00  12.76  12.00  16.44  11.62  14.29   7.28  11.08   1.75  17.00  15.81  15.50  12.83  13.07  15.78  15.19  15.31  18.85  17.95
 wrfout_d04_2016-02-02_23:00:00 999.00  13.87   7.46  11.76   8.30  12.80  12.38  13.10  12.01  12.29  12.50  12.72 999.00  12.79  12.33  16.50  12.06  14.67   7.47  11.31   1.66  16.93  15.62  16.28  12.91  13.20  17.03  15.52  15.46  18.92  18.25
