 wrfout_d04_2016-07-04_00:00:00 999.00  28.90  24.88  32.15  26.39  30.65  30.50  29.34  30.25  30.57  29.96  29.68 999.00  30.72  29.86  30.41  25.63  30.50  18.57  29.20  13.67  29.21  29.38  29.04  30.81  30.77  29.99  31.41  29.21  29.49  30.23
 wrfout_d04_2016-07-04_01:00:00 999.00  29.01  24.19  30.83  27.39  31.86  31.76  30.27  31.46  31.53  31.24  30.50 999.00  31.79  31.21  31.09  26.74  31.00  20.42  30.33  14.72  29.22  29.53  29.49  32.22  31.72  30.83  32.20  29.79  30.29  31.03
 wrfout_d04_2016-07-04_02:00:00 999.00  29.06  24.68  31.47  27.48  32.72  32.88  30.94  32.74  32.58  32.17  31.28 999.00  32.61  32.72  31.44  27.59  31.57  21.23  31.59  15.49  29.41  29.64  29.65  33.13  32.40  31.23  33.11  30.26  30.81  31.83
 wrfout_d04_2016-07-04_03:00:00 999.00  29.09  26.00  31.76  30.29  33.55  33.71  31.01  33.65  33.36  32.59  31.62 999.00  32.83  33.82  31.75  29.01  31.97  21.65  32.57  15.93  29.39  29.73  29.71  33.79  32.93  31.57  33.81  30.57  31.19  32.31
 wrfout_d04_2016-07-04_04:00:00 999.00  29.07  26.82  31.64  29.75  34.07  34.63  31.03  34.50  33.46  32.56  31.82 999.00  32.92  35.03  32.07  29.48  32.02  21.46  33.50  16.10  29.38  29.83  30.21  34.14  33.26  31.91  34.22  30.80  31.30  32.66
 wrfout_d04_2016-07-04_05:00:00 999.00  29.17  26.76  31.60  28.96  34.07  34.04  30.93  34.09  33.34  32.61  31.85 999.00  32.77  35.15  32.22  29.48  32.23  19.79  33.54  13.77  29.40  29.94  30.30  34.21  33.35  32.17  34.46  30.95  31.26  32.78
 wrfout_d04_2016-07-04_06:00:00 999.00  29.19  25.64  31.55  28.60  33.57  33.49  30.70  34.71  32.88  32.37  31.68 999.00  32.71  34.64  32.21  30.00  32.21  18.87  32.91  13.71  29.54  29.98  30.23  34.15  33.35  32.11  34.75  30.79  31.04  32.71
 wrfout_d04_2016-07-04_07:00:00 999.00  29.17  27.53  31.09  29.34  33.07  33.64  30.45  33.39  32.16  31.86  31.18 999.00  32.34  33.23  32.00  27.70  31.95  19.55  32.73  14.93  29.55  29.99  30.02  33.97  33.16  31.95  34.67  30.42  30.76  32.41
 wrfout_d04_2016-07-04_08:00:00 999.00  29.21  26.43  30.43  27.82  32.30  33.14  29.71  32.87  30.84  31.30  30.64 999.00  32.10  33.15  31.59  27.44  31.44  17.90  31.81  13.76  29.59  29.97  29.69  33.18  32.64  31.63  34.18  29.86  30.23  31.87
 wrfout_d04_2016-07-04_09:00:00 999.00  29.19  25.61  29.74  27.32  31.18  32.91  29.25  32.74  30.42  30.70  29.97 999.00  31.49  32.20  31.05  23.87  31.01  17.47  30.38  13.09  29.66  30.03  29.21  32.59  32.12  31.16  33.56  29.11  29.47  31.21
 wrfout_d04_2016-07-04_10:00:00 999.00  29.20  24.63  29.07  25.76  30.08  31.84  28.74  31.71  29.02  29.82  29.16 999.00  30.84  31.16  30.54  23.81  30.48  17.40  29.73  11.23  29.70  30.01  28.61  31.91  31.51  30.62  32.69  28.01  28.49  30.28
 wrfout_d04_2016-07-04_11:00:00 999.00  29.16  23.04  27.39  24.17  29.35  31.02  27.76  30.52  28.79  29.21  28.61 999.00  30.50  30.51  29.99  22.99  30.01  15.44  27.82   9.26  29.66  30.03  27.49  31.15  31.00  30.08  32.16  26.47  27.37  29.58
 wrfout_d04_2016-07-04_12:00:00 999.00  29.15  22.32  27.09  23.35  29.10  30.11  27.44  30.24  28.55  28.94  28.31 999.00  30.28  30.14  29.70  22.60  29.84  14.34  28.80   9.88  29.66  29.91  27.04  30.91  30.58  29.64  32.74  26.03  27.01  29.35
 wrfout_d04_2016-07-04_13:00:00 999.00  29.12  22.06  26.85  23.00  28.87  29.78  27.07  29.74  28.16  28.71  28.32 999.00  30.32  30.02  29.19  22.08  29.70  13.97  28.65  10.45  29.65  29.88  26.70  30.58  30.48  29.19  33.56  25.77  26.86  29.14
 wrfout_d04_2016-07-04_14:00:00 999.00  29.10  22.29  26.63  22.67  28.72  29.61  26.86  29.36  27.84  28.55  28.11 999.00  30.08  29.74  28.82  22.51  29.56  13.28  28.29  10.38  29.61  30.00  26.37  30.25  30.77  28.76  32.70  25.54  26.84  28.82
 wrfout_d04_2016-07-04_15:00:00 999.00  29.00  22.13  26.36  22.37  28.41  29.44  26.54  28.94  27.90  28.23  27.91 999.00  29.80  29.51  28.51  22.19  29.40  12.98  27.86  10.11  29.59  30.00  26.09  29.43  29.93  28.40  32.08  25.31  26.62  28.56
 wrfout_d04_2016-07-04_16:00:00 999.00  28.92  22.06  26.03  22.09  28.12  28.95  26.34  28.52  27.58  27.93  27.70 999.00  29.60  29.19  28.30  21.18  29.24  12.68  27.33  10.04  29.50  30.17  25.83  28.81  29.13  28.23  30.98  25.11  26.61  28.25
 wrfout_d04_2016-07-04_17:00:00 999.00  28.88  21.91  25.71  22.19  27.89  28.64  26.17  28.20  27.80  27.66  27.53 999.00  29.44  29.07  28.11  20.92  29.14  12.41  27.38   9.95  29.67  29.56  25.57  28.41  28.72  28.07  30.39  24.93  26.64  28.13
 wrfout_d04_2016-07-04_18:00:00 999.00  28.87  21.75  25.43  22.18  28.58  28.20  25.90  27.90  27.38  27.38  27.37 999.00  29.17  28.86  27.96  20.75  28.97  12.12  27.06   9.97  29.64  28.57  25.39  28.09  28.32  27.95  30.04  24.82  26.67  27.87
 wrfout_d04_2016-07-04_19:00:00 999.00  28.83  21.69  25.19  22.16  28.15  27.83  25.64  27.68  27.24  27.14  27.25 999.00  28.88  28.61  27.86  20.53  28.90  12.05  26.83  10.04  29.60  27.92  25.23  27.82  28.01  27.92  29.83  24.69  26.69  27.74
 wrfout_d04_2016-07-04_20:00:00 999.00  28.85  21.66  24.97  22.25  27.51  27.44  25.47  27.40  26.67  26.98  27.17 999.00  28.69  28.31  27.79  20.34  28.92  11.97  26.39   9.98  29.56  27.84  25.05  27.73  27.84  27.79  29.41  24.57  26.67  27.53
 wrfout_d04_2016-07-04_21:00:00 999.00  28.95  21.68  24.82  22.42  27.16  27.44  25.37  27.12  26.50  26.85  27.10 999.00  28.39  28.06  27.75  20.20  28.85  11.86  26.21   9.99  29.48  27.85  24.94  27.74  27.79  27.68  29.18  24.48  26.78  27.47
 wrfout_d04_2016-07-04_22:00:00 999.00  29.02  22.54  27.24  23.61  27.59  27.90  27.32  27.61  27.09  27.76  27.86 999.00  28.55  28.20  28.17  22.65  29.21  15.28  26.58  10.70  29.49  28.03  27.23  28.11  28.21  28.05  29.47  26.33  28.02  27.98
 wrfout_d04_2016-07-04_23:00:00 999.00  29.08  23.73  28.89  24.89  29.13  29.40  28.85  28.79  29.19  29.34  29.18 999.00  29.82  29.37  29.38  23.85  29.64  17.69  27.78  12.26  29.43  28.58  28.66  29.54  29.50  29.56  30.57  28.25  29.22  29.26
