 wrfout_d04_2016-11-15_00:00:00 999.00  24.67  19.94  25.12  21.54  24.21  25.46  25.05  25.31  24.76  24.90  24.76 999.00  24.79  24.52  25.86  24.00  25.24  17.05  22.05  10.96  25.39  24.42  25.05  22.30  22.73  26.28  27.28  24.98  25.64  26.25
 wrfout_d04_2016-11-15_01:00:00 999.00  24.38  20.59  26.73  22.31  24.37  26.61  26.07  27.00  26.68  26.00  25.67 999.00  26.23  26.60  26.04  26.25  25.75  17.70  24.17  10.38  24.94  24.99  25.89  22.53  23.57  27.21  28.51  26.09  26.64  27.47
 wrfout_d04_2016-11-15_02:00:00 999.00  24.21  21.01  26.23  22.67  24.47  26.92  26.07  27.48  28.11  27.36  24.89 999.00  27.23  28.71  26.38  28.03  26.21  18.52  26.06  11.19  24.79  25.48  26.41  24.40  25.32  27.99  28.92  26.80  27.23  28.26
 wrfout_d04_2016-11-15_03:00:00 999.00  24.14  20.37  26.35  22.62  24.10  26.04  25.72  27.14  28.67  27.86  25.67 999.00  27.91  30.51  27.55  28.49  25.96  19.10  27.83  11.58  25.00  25.95  26.75  27.67  27.91  28.26  29.15  27.03  27.41  28.84
 wrfout_d04_2016-11-15_04:00:00 999.00  23.98  19.71  26.39  22.25  23.96  25.87  25.77  26.74  29.16  25.96  26.31 999.00  28.15  31.51  28.03  27.30  27.01  19.15  29.25  11.64  25.32  26.16  27.04  29.79  29.99  28.46  29.36  26.22  27.68  29.14
 wrfout_d04_2016-11-15_05:00:00 999.00  23.88  19.21  26.11  21.62  23.71  26.13  25.61  26.83  28.89  25.99  26.02 999.00  28.01  32.21  27.78  27.06  26.57  18.93  30.04  11.50  25.79  26.40  26.82  30.77  30.83  28.46  29.34  26.99  27.41  29.11
 wrfout_d04_2016-11-15_06:00:00 999.00  23.79  18.42  26.15  20.84  23.35  26.02  25.10  26.15  28.34  25.36  24.99 999.00  27.77  32.15  27.66  26.76  26.73  18.30  30.60  10.09  25.69  26.64  26.61  31.17  31.42  28.50  29.26  26.96  27.07  28.73
 wrfout_d04_2016-11-15_07:00:00 999.00  23.72  17.81  24.86  19.96  23.17  25.23  24.51  25.45  27.28  24.81  24.57 999.00  27.20  31.70  26.33  26.14  26.03  17.44  30.40   9.20  25.62  26.36  26.03  30.88  31.07  28.35  29.06  26.37  26.54  28.22
 wrfout_d04_2016-11-15_08:00:00 999.00  23.79  17.46  23.75  19.11  22.81  24.38  23.65  24.41  25.65  24.32  24.25 999.00  26.30  30.24  26.10  24.97  25.49  15.94  28.58   8.61  25.52  26.38  25.42  29.75  30.08  27.50  28.73  25.61  25.81  27.49
 wrfout_d04_2016-11-15_09:00:00 999.00  23.81  17.20  21.68  18.26  22.83  23.13  23.00  23.27  24.14  23.69  24.07 999.00  25.14  28.07  25.68  21.08  24.69  12.02  26.78   8.37  25.53  26.19  24.32  27.98  28.21  26.69  28.16  24.57  24.67  26.70
 wrfout_d04_2016-11-15_10:00:00 999.00  23.70  17.12  21.09  18.23  22.96  23.08  22.79  23.12  23.24  23.49  24.04 999.00  24.40  26.00  25.02  20.33  24.44  11.34  25.34   8.15  25.44  26.08  24.16  26.88  26.95  26.21  28.00  23.85  24.48  26.37
 wrfout_d04_2016-11-15_11:00:00 999.00  23.61  17.08  21.29  18.17  22.71  23.03  22.78  23.10  23.06  23.54  23.94 999.00  23.89  24.84  24.82  19.51  24.49  13.96  24.71   6.68  25.42  25.67  23.97  26.15  26.35  25.91  27.85  23.40  24.42  26.14
 wrfout_d04_2016-11-15_12:00:00 999.00  23.55  17.03  20.61  18.10  22.63  22.99  22.71  22.67  22.94  23.45  23.39 999.00  23.47  24.03  24.54  19.05  24.34  11.09  24.28   4.64  25.50  25.35  24.40  25.42  25.74  25.82  27.74  23.04  24.50  25.95
 wrfout_d04_2016-11-15_13:00:00 999.00  23.47  17.00  20.41  18.06  22.71  22.97  22.68  22.41  22.73  23.22  22.95 999.00  23.23  23.56  24.23  18.68  24.20  10.78  23.68   4.55  25.53  25.07  23.98  25.01  25.36  25.43  27.55  22.59  24.46  25.62
 wrfout_d04_2016-11-15_14:00:00 999.00  23.54  16.96  20.21  18.05  22.62  22.55  22.58  22.87  22.52  22.76  22.46 999.00  23.01  23.24  24.19  18.33  23.98  10.52  23.01   4.31  25.49  24.90  24.28  24.46  25.00  25.52  27.43  22.32  24.43  25.33
 wrfout_d04_2016-11-15_15:00:00 999.00  23.59  16.82  19.99  17.99  22.60  22.27  22.49  22.78  22.48  22.38  22.35 999.00  22.70  23.08  24.18  18.05  23.85  10.23  22.33   6.60  25.46  24.87  23.61  23.93  24.37  25.54  27.26  22.13  24.46  24.97
 wrfout_d04_2016-11-15_16:00:00 999.00  23.51  16.84  19.78  17.98  22.49  22.24  22.43  22.76  22.40  21.96  22.02 999.00  22.38  23.03  24.27  17.72  23.74   9.93  21.60   6.51  25.42  24.86  23.67  23.35  23.66  24.12  27.07  22.50  24.35  24.85
 wrfout_d04_2016-11-15_17:00:00 999.00  23.40  17.00  19.67  18.09  22.49  21.95  22.41  22.61  22.38  21.83  21.86 999.00  22.21  23.00  24.41  17.49  23.64   9.70  21.47   6.17  25.37  24.66  23.56  23.13  23.28  24.37  27.02  21.98  24.40  24.88
 wrfout_d04_2016-11-15_18:00:00 999.00  23.41  16.83  19.42  18.04  22.50  21.60  22.32  22.67  22.20  21.87  21.89 999.00  22.00  22.78  24.31  17.30  23.53   9.46  21.23   3.77  25.24  23.90  23.20  22.92  23.10  24.69  26.68  21.91  24.30  24.97
 wrfout_d04_2016-11-15_19:00:00 999.00  23.26  16.93  19.27  18.00  22.47  22.19  22.26  22.35  22.07  21.95  21.93 999.00  21.56  22.55  24.09  17.08  23.48   9.26  21.40   5.45  25.03  24.15  22.60  22.63  22.99  25.10  26.15  21.88  24.25  24.52
 wrfout_d04_2016-11-15_20:00:00 999.00  23.11  16.96  19.18  17.94  22.35  22.49  22.23  21.60  21.99  21.88  22.13 999.00  21.22  22.23  23.83  16.89  23.37   9.17  21.11   3.72  24.90  23.74  22.81  22.14  22.55  24.96  25.66  22.49  24.19  24.58
 wrfout_d04_2016-11-15_21:00:00 999.00  22.89  16.91  19.02  17.92  22.15  22.10  22.23  22.18  21.93  21.97  22.40 999.00  20.92  22.13  23.78  16.73  23.38   9.06  20.72   5.54  24.83  24.03  22.78  21.95  22.71  23.48  25.58  22.30  24.18  24.36
 wrfout_d04_2016-11-15_22:00:00 999.00  22.80  16.92  18.94  17.82  22.19  21.79  22.16  21.04  21.85  22.13  22.50 999.00  21.08  22.09  23.86  16.55  23.40   8.96  21.12   5.89  24.85  23.76  22.93  21.82  22.73  23.56  25.85  21.98  24.17  24.74
 wrfout_d04_2016-11-15_23:00:00 999.00  22.95  16.98  22.38  18.34  22.40  22.54  22.61  22.43  22.48  22.23  22.81 999.00  22.37  22.53  24.02  20.29  23.79  13.30  21.95   7.68  24.85  23.35  22.93  22.23  22.78  22.94  26.46  22.45  25.11  25.34
