 wrfout_d04_2016-09-16_00:00:00 999.00  28.08  23.57  28.36  24.58  28.97  29.06  28.48  28.04  28.74  29.19  28.92 999.00  29.79  29.77  29.24  23.98  29.37  18.51  27.57  12.53  28.83  27.94  28.63  28.52  28.71  29.84  30.37  27.39  27.82  29.06
 wrfout_d04_2016-09-16_01:00:00 999.00  28.12  24.80  29.59  25.77  30.13  30.61  29.37  29.52  30.18  30.21  30.00 999.00  30.74  31.25  30.45  26.40  30.08  19.51  28.77  13.90  28.83  28.65  29.43  29.68  29.92  30.87  32.44  28.34  28.48  30.21
 wrfout_d04_2016-09-16_02:00:00 999.00  28.19  25.77  30.75  26.78  31.37  31.61  30.04  31.13  31.39  30.82  30.78 999.00  31.37  32.53  31.36  27.52  30.52  20.03  29.97  14.74  28.77  28.71  30.17  30.56  31.17  31.70  33.70  29.07  28.98  31.39
 wrfout_d04_2016-09-16_03:00:00 999.00  28.31  26.61  31.45  27.71  32.10  32.93  30.56  32.47  32.17  30.99  31.17 999.00  31.85  33.23  32.01  28.20  30.74  20.31  30.75  14.96  28.70  28.74  30.62  31.65  32.01  32.35  34.47  29.58  29.25  32.09
 wrfout_d04_2016-09-16_04:00:00 999.00  28.33  27.27  31.46  28.37  32.53  33.81  30.94  33.97  32.57  30.99  31.21 999.00  32.00  33.21  32.26  28.63  31.02  20.38  31.36  13.59  28.60  28.84  30.81  31.96  32.32  32.64  34.76  29.96  29.20  32.70
 wrfout_d04_2016-09-16_05:00:00 999.00  28.32  27.45  31.75  28.56  32.65  33.96  30.65  34.15  32.68  30.90  31.13 999.00  32.22  33.73  32.30  29.11  31.10  20.32  30.96  12.81  28.53  28.80  30.65  31.89  32.21  32.65  34.77  30.08  29.06  33.14
 wrfout_d04_2016-09-16_06:00:00 999.00  28.32  27.18  32.58  28.33  32.52  33.81  30.50  34.01  32.27  30.90  31.00 999.00  32.02  33.47  32.03  28.87  30.81  19.66  30.87  12.37  28.46  28.73  30.13  31.81  32.01  32.09  33.46  29.60  28.66  32.47
 wrfout_d04_2016-09-16_07:00:00 999.00  28.32  26.58  32.46  27.79  32.01  33.38  29.77  33.52  31.66  30.62  30.64 999.00  31.69  32.92  31.50  26.39  30.39  18.82  30.94  12.04  28.51  28.70  29.41  31.53  31.59  31.51  32.06  29.03  28.19  31.56
 wrfout_d04_2016-09-16_08:00:00 999.00  28.33  25.55  31.24  26.75  31.05  32.44  29.31  32.53  30.93  30.15  29.88 999.00  31.04  31.96  30.76  26.62  29.83  17.27  29.50  12.10  28.38  28.74  28.75  30.98  30.87  30.87  31.03  28.48  27.72  30.95
 wrfout_d04_2016-09-16_09:00:00 999.00  28.35  24.06  29.42  25.20  29.77  31.02  28.42  31.10  29.85  29.31  28.92 999.00  29.98  30.71  30.11  23.09  29.19  16.28  28.79  11.53  28.36  28.64  28.19  29.70  29.93  30.38  30.50  27.67  27.22  30.76
 wrfout_d04_2016-09-16_10:00:00 999.00  28.35  22.99  28.05  24.13  28.65  30.04  27.69  30.10  28.97  28.32  28.37 999.00  29.34  29.69  29.44  22.46  28.58  15.33  28.01  10.82  28.38  28.61  28.02  29.00  29.00  30.04  30.29  26.33  27.08  27.51
 wrfout_d04_2016-09-16_11:00:00 999.00  28.34  22.81  27.06  23.99  28.23  29.07  27.79  29.47  28.11  27.97  28.19 999.00  29.12  29.12  29.38  22.39  28.23  15.26  27.71   8.67  28.30  28.44  28.39  28.50  28.62  29.53  30.12  25.97  26.99  28.10
 wrfout_d04_2016-09-16_12:00:00 999.00  28.35  22.81  26.93  24.02  28.00  28.51  27.85  28.90  27.88  28.05  28.18 999.00  28.65  28.65  29.33  21.88  27.95  15.02  27.48   8.28  28.07  28.58  28.34  28.25  28.28  29.82  30.11  25.60  26.98  28.04
 wrfout_d04_2016-09-16_13:00:00 999.00  28.40  22.86  26.89  24.10  27.80  28.42  28.04  28.59  27.83  27.76  27.98 999.00  28.28  28.39  29.43  21.65  27.84  14.56  27.07   8.06  28.04  28.63  28.32  28.03  28.14  29.70  29.78  25.35  26.90  28.51
 wrfout_d04_2016-09-16_14:00:00 999.00  28.40  22.81  26.75  24.07  27.57  28.39  27.97  28.53  27.93  27.53  27.81 999.00  28.21  28.10  29.76  21.51  27.77  14.30  26.67   7.72  28.03  28.54  28.74  27.88  27.98  29.55  29.46  25.17  26.75  28.57
 wrfout_d04_2016-09-16_15:00:00 999.00  28.40  22.77  26.60  24.04  27.42  28.21  27.85  28.26  28.58  27.70  27.68 999.00  27.98  27.75  30.73  21.30  27.63  14.65  26.05   7.77  27.94  28.41  29.17  27.64  27.77  29.68  29.23  24.91  26.60  28.23
 wrfout_d04_2016-09-16_16:00:00 999.00  28.40  22.70  26.44  24.03  27.30  28.06  27.73  27.99  28.12  27.96  27.66 999.00  27.78  27.62  31.37  21.17  27.46  14.63  25.71   9.14  27.88  28.40  29.21  27.71  27.68  29.29  28.89  25.18  26.29  27.94
 wrfout_d04_2016-09-16_17:00:00 999.00  28.39  22.67  26.30  24.03  27.26  27.99  27.61  27.80  27.88  28.33  27.61 999.00  27.81  27.30  31.99  21.27  27.38  14.93  25.58   9.49  27.91  28.29  29.51  27.58  27.68  28.89  28.73  25.29  25.89  27.69
 wrfout_d04_2016-09-16_18:00:00 999.00  28.38  22.68  26.15  24.05  27.46  28.25  27.46  27.99  27.90  28.73  27.38 999.00  27.74  27.06  31.31  21.48  27.24  15.02  25.58  10.06  27.82  28.30  30.02  27.45  27.51  28.97  28.64  25.36  25.76  27.46
 wrfout_d04_2016-09-16_19:00:00 999.00  28.37  22.85  26.92  24.25  27.56  28.79  27.63  28.29  27.85  29.14  27.54 999.00  27.67  26.88  30.96  21.36  27.13  15.27  25.51  10.14  27.77  28.14  29.97  27.34  27.38  28.83  28.44  25.31  25.84  27.41
 wrfout_d04_2016-09-16_20:00:00 999.00  28.38  22.69  27.16  24.10  27.60  28.84  27.61  28.50  27.33  29.30  27.46 999.00  27.25  26.57  30.72  21.38  27.07  15.68  25.31  10.54  27.71  28.21  28.36  27.17  27.18  28.84  28.15  25.82  26.01  27.21
 wrfout_d04_2016-09-16_21:00:00 999.00  28.41  23.04  27.46  24.03  27.68  28.73  27.73  28.37  27.67  29.06  27.58 999.00  27.23  26.68  31.39  21.88  27.14  15.42  25.33  10.41  27.81  28.11  28.61  27.22  27.22  30.27  28.08  25.82  26.21  27.19
 wrfout_d04_2016-09-16_22:00:00 999.00  28.46  23.08  27.45  23.97  27.71  28.67  27.72  28.84  27.81  28.76  27.32 999.00  27.53  26.96  31.25  22.17  27.14  15.76  25.36  10.51  27.74  28.15  28.32  27.08  27.09  29.72  28.10  25.09  26.31  27.27
 wrfout_d04_2016-09-16_23:00:00 999.00  28.69  23.04  27.47  23.98  27.86  28.82  27.90  27.97  27.89  28.09  27.07 999.00  27.69  25.70  31.95  22.14  27.39  16.26  25.64  11.24  27.84  28.18  27.82  27.62  27.53  31.84  28.37  25.73  26.46  27.42
