 wrfout_d04_2016-04-14_00:00:00 999.00  18.86  19.17  21.74  20.00  19.35  21.99  21.20  22.27  24.02  24.09  22.62 999.00  27.65  27.83  24.81  25.25  26.61  15.75  27.40   8.72  25.74  26.82  25.85  28.60  28.39  26.77  29.07  26.69  27.32  27.24
 wrfout_d04_2016-04-14_01:00:00 999.00  18.87  18.76  22.88  19.72  20.22  22.78  21.52  22.41  26.11  24.81  23.29 999.00  28.87  29.77  24.73  25.38  27.89  16.67  28.83   8.99  25.92  27.10  26.09  29.83  30.08  27.62  29.84  27.41  28.07  28.25
 wrfout_d04_2016-04-14_02:00:00 999.00  18.86  20.19  25.49  21.20  20.04  23.36  22.22  23.38  27.39  25.40  23.91 999.00  28.75  31.20  24.51  26.47  28.01  17.58  30.02   9.18  26.10  27.20  26.35  31.74  31.13  27.61  30.28  27.87  28.14  28.34
 wrfout_d04_2016-04-14_03:00:00 999.00  18.80  20.01  25.67  20.40  19.95  23.20  21.58  25.20  27.71  25.53  23.83 999.00  28.40  32.51  24.30  25.76  28.39  17.59  30.90   9.50  26.26  27.38  26.71  32.36  31.73  28.48  29.95  28.43  28.44  29.39
 wrfout_d04_2016-04-14_04:00:00 999.00  18.94  21.56  26.54  22.29  20.39  24.68  24.99  25.81  28.44  24.95  23.83 999.00  27.38  32.25  24.51  27.93  28.77  17.82  31.76  10.07  26.17  27.08  27.21  32.78  31.97  29.28  30.45  29.12  29.09  29.36
 wrfout_d04_2016-04-14_05:00:00 999.00  19.21  22.53  26.82  23.42  20.99  24.62  23.58  26.30  28.86  23.90  23.71 999.00  28.08  31.50  24.76  28.15  28.71  18.11  31.87  10.33  26.10  26.91  27.29  32.77  31.99  29.49  30.41  29.71  29.21  30.51
 wrfout_d04_2016-04-14_06:00:00 999.00  19.34  21.34  26.62  23.10  20.69  24.76  25.46  25.54  28.98  23.24  23.00 999.00  27.98  31.30  25.05  25.90  28.32  18.26  31.37  10.79  26.08  27.06  27.20  32.33  31.20  29.24  30.24  28.93  29.07  30.28
 wrfout_d04_2016-04-14_07:00:00 999.00  19.37  21.15  27.80  22.52  20.57  24.99  24.98  25.21  29.22  22.79  22.90 999.00  27.48  30.52  24.39  24.95  27.73  16.06  30.80  10.32  26.11  27.05  25.39  31.12  30.44  28.39  30.05  28.29  28.77  29.77
 wrfout_d04_2016-04-14_08:00:00 999.00  19.53  21.02  26.95  21.67  21.12  24.81  24.10  25.23  28.45  22.89  22.70 999.00  27.47  30.02  24.32  23.95  27.27  15.77  29.42   9.87  26.19  26.97  25.56  30.83  30.16  26.74  29.86  27.60  27.95  29.41
 wrfout_d04_2016-04-14_09:00:00 999.00  19.73  19.57  26.32  20.62  21.22  23.93  23.17  24.55  28.06  22.64  22.68 999.00  27.12  29.11  23.78  23.46  26.65  15.70  28.48   9.52  26.28  27.14  25.09  30.04  29.44  26.45  29.33  26.77  26.99  28.66
 wrfout_d04_2016-04-14_10:00:00 999.00  19.88  17.43  23.75  18.57  20.92  22.50  21.78  23.37  27.24  21.96  22.61 999.00  26.86  28.23  23.01  22.89  26.19  15.27  27.30   9.92  26.45  27.11  24.31  28.89  28.39  25.90  28.67  25.60  25.69  27.88
 wrfout_d04_2016-04-14_11:00:00 999.00  19.94  17.31  23.27  18.43  20.87  22.39  21.70  22.49  26.00  21.84  22.17 999.00  24.41  26.96  22.96  22.15  25.57  14.96  26.97   9.28  26.09  27.05  24.35  27.97  27.73  25.94  28.29  24.64  25.29  27.31
 wrfout_d04_2016-04-14_12:00:00 999.00  19.88  17.38  22.57  18.27  20.53  22.16  21.44  22.28  23.44  21.90  22.16 999.00  23.18  24.98  23.47  21.08  25.02  14.70  25.22  10.04  25.95  26.94  23.89  27.79  27.59  25.74  28.16  24.16  25.13  27.06
 wrfout_d04_2016-04-14_13:00:00 999.00  19.83  17.51  22.09  18.16  20.46  22.01  21.33  21.99  23.62  21.18  22.08 999.00  23.11  24.99  22.86  20.51  24.97  14.96  25.52  10.11  25.72  26.75  23.99  27.59  27.59  25.68  27.97  23.42  24.91  26.80
 wrfout_d04_2016-04-14_14:00:00 999.00  19.86  17.61  21.93  18.35  20.19  21.63  21.75  21.55  23.78  21.69  22.06 999.00  23.09  25.35  22.80  20.49  24.96  14.74  25.35   9.95  25.55  26.57  23.66  27.71  27.48  25.63  28.08  23.06  24.35  26.61
 wrfout_d04_2016-04-14_15:00:00 999.00  20.00  17.58  21.69  18.41  20.41  22.12  21.18  21.96  22.77  22.29  21.48 999.00  23.96  25.41  22.65  20.33  25.08  15.01  24.81   9.92  25.45  26.27  23.47  27.65  27.49  25.47  27.72  22.80  23.99  26.43
 wrfout_d04_2016-04-14_16:00:00 999.00  20.08  17.76  21.30  18.60  20.48  22.40  20.48  22.18  22.58  21.94  21.59 999.00  23.85  25.53  22.80  20.25  25.09  14.84  24.01   9.45  25.57  26.11  23.30  27.50  27.35  25.34  27.54  22.63  23.77  26.20
 wrfout_d04_2016-04-14_17:00:00 999.00  19.98  17.86  22.11  18.59  20.76  22.40  20.89  22.09  22.04  21.71  21.92 999.00  23.85  25.63  23.23  20.17  24.69  14.56  24.04   9.45  25.63  26.25  23.45  26.82  27.17  25.13  27.60  22.41  23.56  26.15
 wrfout_d04_2016-04-14_18:00:00 999.00  20.00  17.94  21.00  18.47  20.91  21.84  20.19  21.66  21.99  22.13  21.80 999.00  23.08  25.54  23.23  20.20  24.66  14.40  24.12   9.11  25.56  26.23  23.54  26.13  26.88  25.03  27.48  22.26  23.71  26.01
 wrfout_d04_2016-04-14_19:00:00 999.00  20.00  18.02  21.64  18.52  20.89  22.03  19.62  21.85  21.47  22.40  22.07 999.00  22.76  25.16  23.64  20.21  24.61  13.84  24.18   9.04  25.46  26.27  22.67  25.78  25.95  24.87  27.29  22.80  22.92  26.10
 wrfout_d04_2016-04-14_20:00:00 999.00  19.97  18.09  21.51  18.48  20.69  22.16  20.16  21.69  21.19  22.08  22.18 999.00  22.41  25.07  23.60  20.05  24.71  13.97  24.13   8.96  25.33  26.19  23.38  25.78  26.07  24.07  27.13  22.38  22.77  26.00
 wrfout_d04_2016-04-14_21:00:00 999.00  19.90  18.12  21.47  18.48  20.65  22.22  20.17  21.71  21.60  22.21  22.07 999.00  22.32  25.27  23.51  20.13  24.67  13.56  24.00   8.62  25.40  26.01  22.72  25.57  25.86  23.72  27.19  21.96  23.42  25.88
 wrfout_d04_2016-04-14_22:00:00 999.00  20.13  18.20  21.98  19.08  20.63  22.25  19.39  21.96  20.65  22.28  22.43 999.00  22.22  24.49  23.79  20.58  24.84  13.85  23.93   8.49  25.59  25.41  23.68  25.66  25.85  23.75  27.34  23.03  23.94  25.64
 wrfout_d04_2016-04-14_23:00:00 999.00  20.14  18.98  22.85  20.66  20.64  22.40  20.14  22.27  20.93  23.63  23.59 999.00  22.02  25.08  24.15  21.99  25.41  15.23  24.72   8.65  25.60  25.61  25.30  26.83  26.62  25.53  28.08  25.36  26.38  26.73
