 wrfout_d04_2016-04-24_00:00:00 999.00  22.16  19.58  23.46  20.32  23.71  24.07  23.63  24.24  23.69  24.56  25.73 999.00  25.44  25.53  27.32  22.42  25.27  15.70  25.10   8.91  25.59  25.60  26.93  26.44  26.66  28.66  27.71  26.70  27.34  27.60
 wrfout_d04_2016-04-24_01:00:00 999.00  24.26  19.07  23.58  20.04  24.07  23.63  24.53  23.55  24.30  26.04  26.79 999.00  24.52  23.74  28.88  21.18  25.70  15.89  24.46   8.63  26.29  24.44  27.44  23.52  23.86  28.65  27.21  29.40  27.94  28.60
 wrfout_d04_2016-04-24_02:00:00 999.00  24.43  19.37  23.74  20.73  24.28  24.24  24.80  24.15  24.34  25.51  25.99 999.00  24.41  23.48  28.96  21.14  26.18  14.32  24.16  10.04  26.51  24.74  27.72  24.29  24.77  29.06  28.15  30.73  28.49  29.41
 wrfout_d04_2016-04-24_03:00:00 999.00  24.36  19.92  23.82  20.75  24.61  24.52  25.11  24.51  24.96  24.89  25.71 999.00  24.91  23.93  29.00  20.40  26.39  14.11  23.76   9.34  26.74  24.87  28.31  25.04  26.01  30.43  28.97  31.27  28.80  30.12
 wrfout_d04_2016-04-24_04:00:00 999.00  24.23  20.19  24.44  21.20  25.19  24.94  26.67  25.34  26.23  24.27  26.38 999.00  25.89  24.78  28.85  19.96  27.74  13.48  24.24   9.68  26.90  25.65  28.60  27.92  27.68  30.85  29.19  31.59  28.95  30.26
 wrfout_d04_2016-04-24_05:00:00 999.00  24.23  22.16  26.13  24.09  26.27  26.05  27.52  25.61  27.84  24.46  25.82 999.00  27.29  26.07  29.11  19.58  29.26  13.94  24.68   9.00  26.87  26.07  28.58  27.48  27.31  31.02  29.55  31.74  28.98  29.98
 wrfout_d04_2016-04-24_06:00:00 999.00  24.26  23.94  29.22  25.25  27.56  28.89  28.90  28.64  30.84  26.91  25.10 999.00  29.60  26.18  28.27  20.55  29.29  14.40  24.89   9.88  26.86  27.05  27.56  27.12  27.19  30.83  29.24  31.46  28.77  29.89
 wrfout_d04_2016-04-24_07:00:00 999.00  23.99  23.49  28.37  25.23  27.49  30.00  28.35  30.06  30.88  26.54  25.23 999.00  30.84  29.20  27.99  20.13  29.00  13.83  25.84   8.30  26.98  27.37  27.59  28.45  28.64  30.07  30.10  30.70  28.36  29.65
 wrfout_d04_2016-04-24_08:00:00 999.00  23.82  21.44  25.12  23.24  26.13  29.96  26.69  29.41  30.56  25.06  25.09 999.00  31.23  30.36  28.08  20.49  28.63  14.11  27.34   8.55  27.14  27.82  28.03  30.09  29.57  30.74  29.63  29.52  27.77  29.25
 wrfout_d04_2016-04-24_09:00:00 999.00  23.79  21.17  25.05  22.62  25.61  27.59  25.40  27.00  29.56  24.09  25.01 999.00  31.27  30.25  27.92  20.86  28.27  13.51  27.43   8.00  27.22  27.65  27.40  29.66  28.93  30.16  29.24  27.75  26.96  28.59
 wrfout_d04_2016-04-24_10:00:00 999.00  23.43  20.07  24.58  21.11  24.49  25.73  24.86  25.99  27.04  24.32  24.75 999.00  28.39  29.55  26.96  20.20  27.51  13.06  26.72   7.54  27.23  27.59  26.31  28.42  27.89  28.82  28.77  25.96  25.74  27.89
 wrfout_d04_2016-04-24_11:00:00 999.00  23.38  19.49  24.17  20.54  24.06  24.78  24.72  25.20  26.22  23.91  23.92 999.00  27.46  28.57  26.53  18.64  26.97  12.47  26.33   6.93  27.17  27.62  25.80  26.87  26.69  28.21  28.30  25.35  25.35  27.50
 wrfout_d04_2016-04-24_12:00:00 999.00  23.53  19.06  23.75  20.18  23.52  24.30  24.62  24.54  25.92  23.36  23.49 999.00  27.42  27.47  26.22  18.21  26.73  12.21  25.90   6.80  27.20  27.67  25.55  25.84  25.60  27.70  28.15  25.14  25.24  27.37
 wrfout_d04_2016-04-24_13:00:00 999.00  23.67  18.43  23.49  19.57  23.42  23.69  23.98  23.73  25.73  22.77  23.13 999.00  26.91  25.53  26.08  19.27  26.59  11.77  25.35   6.65  27.20  27.60  25.37  25.07  25.21  27.24  28.01  24.76  25.10  27.22
 wrfout_d04_2016-04-24_14:00:00 999.00  23.63  18.29  23.33  19.47  22.82  23.74  24.27  23.69  24.85  23.68  22.84 999.00  26.09  24.81  25.89  17.92  26.46  11.62  24.93   6.61  27.18  27.37  25.24  24.16  24.57  26.91  27.88  24.40  25.04  27.07
 wrfout_d04_2016-04-24_15:00:00 999.00  23.64  18.22  21.98  19.21  23.46  23.25  23.89  23.50  24.51  23.82  23.02 999.00  25.89  24.25  25.73  17.67  26.29  12.20  24.39   6.92  27.17  25.86  25.03  23.49  23.64  26.63  27.81  23.29  24.92  26.83
 wrfout_d04_2016-04-24_16:00:00 999.00  23.47  18.21  21.63  19.23  23.38  22.44  23.73  22.45  24.21  23.51  22.32 999.00  25.23  23.82  25.73  17.60  26.47  11.83  24.00   6.78  27.14  25.13  24.63  23.03  23.14  26.41  27.71  22.85  24.85  26.53
 wrfout_d04_2016-04-24_17:00:00 999.00  23.51  18.15  22.57  19.13  23.15  22.09  23.56  22.01  23.94  23.40  22.13 999.00  25.68  23.40  25.35  17.48  26.50  11.04  23.83   6.39  27.18  25.26  24.09  22.59  22.69  26.18  27.69  22.46  24.64  26.40
 wrfout_d04_2016-04-24_18:00:00 999.00  23.63  18.41  22.37  19.13  22.01  21.90  23.35  21.76  23.73  22.22  22.04 999.00  25.96  23.97  24.77  17.29  26.45  11.81  23.63   6.70  27.21  25.44  23.84  22.20  22.41  25.74  27.37  22.21  24.50  26.22
 wrfout_d04_2016-04-24_19:00:00 999.00  23.62  18.40  22.17  19.20  22.50  22.64  23.00  22.48  23.42  22.96  22.05 999.00  25.94  23.76  25.52  17.28  26.42  12.14  23.71   7.05  27.22  25.20  23.69  22.65  22.79  25.29  27.05  21.97  24.19  26.11
 wrfout_d04_2016-04-24_20:00:00 999.00  23.84  18.67  22.36  19.20  22.40  22.58  22.75  22.45  23.11  22.74  21.96 999.00  25.65  24.24  24.62  17.80  26.33  11.98  23.50   7.15  27.21  24.41  23.44  22.64  22.56  25.38  26.25  21.83  24.33  26.08
 wrfout_d04_2016-04-24_21:00:00 999.00  24.04  18.99  22.26  19.39  22.01  22.54  22.67  22.49  22.09  22.60  22.67 999.00  23.12  24.17  24.39  18.37  26.18  12.29  23.55   7.27  27.20  24.84  23.31  22.62  22.71  24.65  25.78  21.70  24.38  26.05
 wrfout_d04_2016-04-24_22:00:00 999.00  24.11  18.93  22.66  19.53  22.82  22.88  22.69  22.99  22.30  22.78  22.65 999.00  23.18  23.62  25.74  19.10  26.37  12.95  23.79   7.82  27.22  25.11  24.62  22.70  22.93  25.25  25.66  22.81  25.11  26.27
 wrfout_d04_2016-04-24_23:00:00 999.00  24.13  18.67  23.58  19.46  23.66  22.85  23.18  22.80  22.70  24.03  23.87 999.00  23.62  23.83  27.22  20.27  27.01  14.71  24.45   8.95  27.26  25.38  26.55  24.52  24.06  26.94  26.79  25.98  26.62  27.42
