 wrfout_d04_2016-03-22_00:00:00 999.00  20.30  15.71  19.06  16.35  19.54  18.29  18.56  18.20  17.64  20.31  19.70 999.00  18.50  18.27  21.71  17.66  20.40  11.30  17.34   4.78  21.76  19.94  21.95  18.93  19.33  20.52  22.67  20.48  21.44  23.71
 wrfout_d04_2016-03-22_01:00:00 999.00  21.16  15.40  18.71  16.29  19.41  18.31  18.63  18.49  18.31  21.50  22.74 999.00  19.18  18.53  22.96  17.11  20.02  11.43  18.65   5.35  21.51  19.81  22.07  18.61  18.46  22.20  22.16  20.74  22.80  23.19
 wrfout_d04_2016-03-22_02:00:00 999.00  21.54  17.38  18.85  16.96  19.40  19.07  18.62  19.22  18.61  21.76  24.02 999.00  19.51  19.03  23.70  17.26  20.10  11.12  18.70   5.48  21.56  20.04  22.42  19.54  19.32  23.32  24.43  22.76  22.80  24.97
 wrfout_d04_2016-03-22_03:00:00 999.00  21.53  16.67  19.62  17.10  20.43  20.25  18.68  19.70  19.02  22.78  24.67 999.00  19.81  19.63  24.10  18.09  20.09  11.43  19.19   5.52  21.54  20.62  23.03  19.87  19.46  23.67  23.75  23.16  22.79  25.54
 wrfout_d04_2016-03-22_04:00:00 999.00  21.57  17.25  19.63  17.67  20.92  21.30  18.43  20.60  18.81  22.24  24.89 999.00  20.38  20.59  24.35  18.14  20.23  11.70  19.24   5.47  21.61  20.71  22.89  19.92  20.04  23.98  24.93  23.73  24.48  25.57
 wrfout_d04_2016-03-22_05:00:00 999.00  20.98  16.57  19.43  17.97  21.92  22.68  18.32  21.00  18.22  22.36  25.28 999.00  19.37  20.91  24.88  18.20  20.63  11.43  19.00   5.52  21.59  20.84  22.95  20.78  20.69  24.15  26.16  22.97  24.76  25.48
 wrfout_d04_2016-03-22_06:00:00 999.00  21.04  17.32  19.07  18.54  22.13  21.37  18.26  20.83  18.53  23.01  24.81 999.00  19.13  20.71  24.27  19.02  20.82  11.36  19.09   5.42  21.65  21.05  23.04  20.93  21.21  23.87  26.07  23.00  24.65  25.06
 wrfout_d04_2016-03-22_07:00:00 999.00  21.02  16.18  18.62  17.17  21.16  20.43  18.15  20.23  18.27  22.31  23.54 999.00  18.83  19.63  24.28  22.02  20.95  11.01  19.57   5.43  21.64  21.32  22.98  21.06  21.06  23.92  25.72  22.71  24.32  24.79
 wrfout_d04_2016-03-22_08:00:00 999.00  20.86  15.35  17.49  16.31  20.59  19.72  17.50  19.55  18.02  22.06  23.08 999.00  18.66  19.92  24.00  18.92  20.70  11.14  19.54   5.42  21.78  21.69  22.73  21.96  21.63  23.72  24.80  22.64  23.90  24.61
 wrfout_d04_2016-03-22_09:00:00 999.00  20.68  15.04  17.48  15.79  19.70  18.01  17.50  18.34  17.80  21.78  22.84 999.00  18.51  19.35  24.11  18.17  20.44  11.07  19.36   5.46  21.83  21.79  22.49  21.81  21.66  23.71  25.02  22.35  23.11  24.38
 wrfout_d04_2016-03-22_10:00:00 999.00  20.54  14.79  17.45  15.38  18.31  18.19  17.56  18.15  17.38  21.47  21.97 999.00  18.81  18.43  23.70  17.79  20.24  10.95  19.13   5.52  21.85  21.68  22.22  21.26  20.81  23.77  25.22  21.09  21.90  24.17
 wrfout_d04_2016-03-22_11:00:00 999.00  20.49  14.51  17.60  14.83  18.02  18.15  17.29  18.06  17.28  21.36  21.52 999.00  18.50  18.04  23.11  17.52  20.11  10.82  18.52   5.45  21.80  21.45  22.29  20.72  20.11  23.63  25.05  20.61  21.67  23.85
 wrfout_d04_2016-03-22_12:00:00 999.00  20.48  14.64  17.54  15.24  18.05  18.17  17.41  18.02  17.23  20.63  21.29 999.00  18.62  18.27  22.95  17.35  19.98  10.11  18.13   5.43  21.82  21.18  21.92  20.16  19.74  23.39  24.58  19.67  20.56  23.50
 wrfout_d04_2016-03-22_13:00:00 999.00  20.30  14.68  17.60  15.07  18.00  18.02  17.53  17.83  17.15  20.64  21.11 999.00  18.46  18.33  22.84  17.51  19.96   9.84  17.75   5.36  21.49  20.86  21.54  19.82  19.10  23.37  23.97  19.37  20.33  23.34
 wrfout_d04_2016-03-22_14:00:00 999.00  20.28  14.77  17.62  15.23  17.72  17.88  17.60  17.72  17.27  20.42  20.97 999.00  18.43  18.55  22.78  17.39  19.93   8.20  17.29   5.21  21.48  20.39  21.94  18.39  18.20  23.13  23.53  19.06  19.71  23.01
 wrfout_d04_2016-03-22_15:00:00 999.00  20.29  14.78  17.27  15.20  17.98  17.79  17.62  17.75  17.31  20.31  20.73 999.00  18.29  18.57  22.73  17.33  20.14   8.43  17.07   4.67  21.38  20.63  21.97  17.73  17.56  22.89  23.29  18.83  19.49  22.71
 wrfout_d04_2016-03-22_16:00:00 999.00  20.10  14.72  17.32  15.25  17.80  17.80  17.71  17.77  17.31  20.12  20.20 999.00  18.19  18.25  22.59  17.22  19.57   7.70  17.00   4.31  21.36  20.61  21.83  17.11  16.67  22.68  22.86  18.65  19.31  22.26
 wrfout_d04_2016-03-22_17:00:00 999.00  20.04  14.75  17.43  15.40  17.69  17.75  17.74  17.71  17.31  20.12  20.46 999.00  18.25  18.21  22.46  15.80  19.49   7.69  16.72   4.43  21.51  20.18  20.75  16.77  16.49  22.52  22.35  18.52  19.19  22.14
 wrfout_d04_2016-03-22_18:00:00 999.00  20.13  14.62  17.31  15.28  17.81  17.69  17.46  17.67  17.38  19.97  20.55 999.00  18.18  18.16  22.44  16.55  19.58   7.50  16.61   4.47  21.66  20.36  21.37  16.36  16.07  22.66  21.71  18.36  19.05  21.97
 wrfout_d04_2016-03-22_19:00:00 999.00  20.20  14.54  17.17  15.18  17.69  17.70  17.19  17.70  17.32  20.01  20.64 999.00  18.25  18.17  22.38  16.87  20.17   7.21  16.61   4.35  21.84  20.00  21.71  16.08  15.68  22.26  20.85  18.24  18.94  21.90
 wrfout_d04_2016-03-22_20:00:00 999.00  20.13  14.42  17.21  14.99  17.53  17.51  17.34  17.73  17.31  20.00  20.42 999.00  18.22  18.05  21.23  16.51  19.82   7.20  16.46   4.50  22.10  19.16  21.75  16.51  15.81  22.19  20.67  18.09  18.86  21.81
 wrfout_d04_2016-03-22_21:00:00 999.00  20.11  14.48  17.32  15.07  17.59  17.39  17.58  17.54  17.21  19.59  20.34 999.00  18.21  17.95  20.83  15.37  19.74   7.26  15.83   4.59  22.30  18.73  21.57  16.76  16.26  22.67  20.71  17.95  18.80  21.91
 wrfout_d04_2016-03-22_22:00:00 999.00  20.19  14.61  17.35  15.05  17.65  17.36  17.69  17.54  17.17  19.33  20.36 999.00  17.76  17.71  20.84  15.20  20.68   7.35  15.90   4.57  22.24  18.11  21.74  16.78  16.27  22.24  20.53  17.96  20.46  21.66
 wrfout_d04_2016-03-22_23:00:00 999.00  20.30  14.64  17.59  15.32  17.79  17.38  17.81  17.60  17.32  20.32  20.65 999.00  18.56  18.27  23.01  18.83  20.52  11.82  16.81   5.71  22.41  18.28  22.38  17.34  17.38  22.87  21.31  21.55  21.66  22.62
