 wrfout_d04_2016-12-22_00:00:00 999.00  21.55  17.36  21.66  18.44  22.46  22.41  21.18  22.85  22.17  22.87  23.39 999.00  23.01  23.44  24.66  17.83  22.46  13.93  21.70   8.35  22.54  22.92  24.05  23.06  23.14  24.35  24.16  23.91  24.65  24.83
 wrfout_d04_2016-12-22_01:00:00 999.00  21.36  17.83  21.38  19.26  22.45  22.68  21.28  23.08  21.51  24.70  24.29 999.00  23.53  24.76  25.44  20.51  22.16  15.10  23.31   9.37  22.66  23.21  24.89  24.87  24.93  25.00  25.94  25.15  25.63  26.43
 wrfout_d04_2016-12-22_02:00:00 999.00  21.39  16.87  20.93  18.54  22.22  22.06  21.02  22.68  21.29  25.99  24.88 999.00  22.82  25.80  25.20  22.34  22.54  16.25  24.53  10.10  22.41  23.58  25.59  26.17  26.23  25.89  27.59  25.82  26.13  27.01
 wrfout_d04_2016-12-22_03:00:00 999.00  20.93  16.96  20.96  18.30  21.75  22.03  20.85  22.28  20.86  24.88  24.72 999.00  22.58  26.16  25.05  23.19  23.62  16.62  25.91   9.93  22.46  23.44  25.44  27.24  27.26  26.73  28.85  26.31  26.58  27.76
 wrfout_d04_2016-12-22_04:00:00 999.00  20.72  16.85  20.86  18.71  21.52  21.82  20.79  22.27  20.98  26.09  24.71 999.00  22.51  25.63  25.16  23.91  23.60  16.43  26.31   8.42  22.35  23.07  25.82  28.06  28.05  27.52  29.94  26.63  26.71  28.26
 wrfout_d04_2016-12-22_05:00:00 999.00  20.67  16.70  20.53  18.44  20.68  21.84  20.71  22.33  21.48  25.40  25.05 999.00  23.44  26.15  24.64  22.92  23.27  16.07  26.85   7.86  22.24  23.24  25.48  28.43  28.39  27.57  30.17  25.58  26.77  28.60
 wrfout_d04_2016-12-22_06:00:00 999.00  20.10  15.94  20.35  17.20  20.09  22.10  20.71  21.99  21.51  24.05  22.37 999.00  23.18  26.93  24.47  23.98  22.91  15.76  26.76   7.90  21.89  22.91  24.00  28.66  28.72  27.02  30.27  26.05  26.36  28.56
 wrfout_d04_2016-12-22_07:00:00 999.00  19.72  15.24  20.01  16.27  19.81  21.16  20.07  20.61  21.48  22.59  21.56 999.00  22.03  25.90  24.15  23.62  22.48  15.42  25.91   7.75  21.72  22.44  23.68  27.54  27.31  26.15  30.03  24.66  25.70  28.08
 wrfout_d04_2016-12-22_08:00:00 999.00  19.38  14.57  19.04  15.52  19.26  20.31  19.86  20.26  20.67  20.93  20.90 999.00  22.12  23.98  23.52  22.34  21.97  14.14  23.96   7.78  21.75  22.40  23.23  26.24  26.10  25.61  29.71  24.03  24.82  27.06
 wrfout_d04_2016-12-22_09:00:00 999.00  19.21  13.97  18.48  14.88  18.99  19.82  19.11  19.67  19.75  19.97  20.07 999.00  21.42  23.04  23.01  18.90  21.31  10.87  22.83   6.62  21.75  22.40  22.63  25.06  25.16  25.23  29.23  23.52  23.75  26.01
 wrfout_d04_2016-12-22_10:00:00 999.00  19.12  13.49  18.23  14.27  18.45  19.21  18.77  19.08  19.16  19.55  19.45 999.00  21.04  21.64  22.47  17.25  21.23   9.55  21.70   5.81  21.73  22.47  22.56  23.49  23.76  24.33  28.45  23.31  23.52  25.45
 wrfout_d04_2016-12-22_11:00:00 999.00  19.09  13.22  18.18  14.03  18.49  18.84  19.01  18.50  19.04  19.20  18.90 999.00  20.21  20.93  22.03  16.91  20.60  11.70  21.03   5.88  21.57  22.31  22.19  22.36  22.52  24.13  27.75  22.84  23.10  25.07
 wrfout_d04_2016-12-22_12:00:00 999.00  19.00  12.91  17.97  13.78  18.34  18.63  18.98  18.31  18.91  19.01  18.76 999.00  19.99  20.92  21.62  16.42  20.89  11.31  20.43   5.47  21.77  22.21  21.96  22.02  22.19  23.91  26.83  22.14  22.87  24.70
 wrfout_d04_2016-12-22_13:00:00 999.00  18.60  12.44  17.53  13.26  18.12  18.32  18.74  18.28  18.36  18.90  18.51 999.00  19.66  20.59  21.39  16.18  20.57  11.22  19.35   5.41  21.63  21.81  21.49  21.48  21.63  23.58  25.92  21.83  22.84  24.36
 wrfout_d04_2016-12-22_14:00:00 999.00  18.60  12.03  17.56  13.11  18.00  18.16  18.36  18.02  18.28  18.59  18.27 999.00  19.24  20.17  20.96  15.94  20.20  10.98  18.86   4.99  21.47  21.39  20.98  20.90  21.08  22.88  25.16  21.30  23.00  23.96
 wrfout_d04_2016-12-22_15:00:00 999.00  18.53  11.75  17.37  12.82  17.61  17.94  18.20  17.87  17.90  18.60  17.97 999.00  18.71  19.57  20.73  15.79  19.68   9.95  18.45   2.15  21.09  21.42  20.53  20.30  20.38  22.62  24.03  20.92  23.07  23.42
 wrfout_d04_2016-12-22_16:00:00 999.00  18.41  11.43  17.34  12.57  17.48  17.73  17.96  17.57  17.79  18.28  17.71 999.00  18.37  18.99  20.66  15.58  19.41   8.34  17.77   4.11  20.71  21.15  20.20  19.81  20.00  22.23  22.99  20.53  23.40  22.92
 wrfout_d04_2016-12-22_17:00:00 999.00  18.23  11.14  17.18  12.33  17.37  17.62  17.85  17.45  17.32  18.10  17.57 999.00  18.18  18.47  20.53  15.35  19.14   7.99  17.31   4.36  20.65  20.76  19.89  19.38  19.48  22.07  22.40  20.34  22.18  22.70
 wrfout_d04_2016-12-22_18:00:00 999.00  18.04  10.93  16.96  12.15  17.34  17.48  17.67  17.31  17.21  17.78  17.73 999.00  17.95  18.05  20.11  15.13  18.98   7.47  16.72   4.37  20.50  20.22  19.97  18.91  19.02  21.82  22.02  20.03  22.19  22.11
 wrfout_d04_2016-12-22_19:00:00 999.00  17.88  10.51  15.83  11.69  17.29  17.34  17.53  17.23  16.95  17.62  17.78 999.00  17.79  17.95  19.94  14.99  19.12   7.12  16.32   4.18  20.46  20.17  19.64  18.40  18.64  21.64  21.59  19.79  21.53  21.98
 wrfout_d04_2016-12-22_20:00:00 999.00  17.73  10.36  15.17  11.50  17.13  16.88  16.94  17.07  16.77  17.46  17.60 999.00  17.68  17.80  19.75  14.84  18.92   6.78  15.95   3.89  20.33  20.06  19.37  17.91  18.21  21.38  20.99  19.55  21.57  21.51
 wrfout_d04_2016-12-22_21:00:00 999.00  17.55  10.15  14.81  11.43  17.05  17.11  16.55  16.21  16.55  17.28  17.22 999.00  17.55  17.64  19.70  14.66  18.69   6.56  15.87   3.77  20.22  19.67  18.74  17.95  18.13  21.15  21.02  19.44  21.22  21.43
 wrfout_d04_2016-12-22_22:00:00 999.00  17.39  10.09  15.02  11.19  16.96  16.42  16.36  15.87  16.44  17.10  17.10 999.00  17.47  17.70  19.60  14.56  18.65   6.02  15.91   3.61  20.14  19.94  18.44  17.98  18.18  20.83  21.34  19.14  21.09  21.28
 wrfout_d04_2016-12-22_23:00:00 999.00  17.34  10.16  14.85  11.33  16.54  16.31  16.31  15.99  16.40  16.35  17.21 999.00  17.55  17.88  19.44  15.97  19.07   7.70  16.15   4.15  20.16  19.76  18.66  18.07  18.30  20.63  21.55  18.93  21.00  21.15
