 wrfout_d04_2016-05-22_00:00:00 999.00  25.01  20.64  24.63  21.24  26.78  25.85  24.54  25.53  24.97  27.94  27.47 999.00  24.62  24.36  26.37  20.43  27.19  14.90  25.86  10.50  27.55  26.20  27.67  26.65  27.00  28.86  28.48  27.80  26.55  27.95
 wrfout_d04_2016-05-22_01:00:00 999.00  24.61  21.73  24.58  23.00  26.01  25.90  24.25  25.97  24.69  27.08  28.50 999.00  26.21  24.82  28.31  20.20  27.38  15.09  26.63  10.89  27.52  27.36  28.02  27.85  28.08  29.81  29.44  27.28  26.76  28.14
 wrfout_d04_2016-05-22_02:00:00 999.00  24.57  21.21  24.67  22.13  28.47  25.90  23.99  26.08  24.34  26.54  27.49 999.00  25.84  26.11  29.41  21.15  28.66  17.32  27.20  11.13  27.58  28.52  27.90  30.65  30.71  29.83  29.30  29.21  26.67  28.86
 wrfout_d04_2016-05-22_03:00:00 999.00  24.47  21.11  24.59  22.52  26.17  25.72  23.96  25.23  24.32  26.17  26.28 999.00  24.57  25.58  28.63  21.45  28.44  17.63  28.03  11.24  27.64  28.58  28.60  31.38  30.47  31.26  29.50  28.20  27.10  29.36
 wrfout_d04_2016-05-22_04:00:00 999.00  24.52  21.45  24.33  22.89  25.51  25.28  24.41  24.98  25.03  25.75  25.73 999.00  27.51  26.14  27.53  24.07  29.98  17.38  28.38  12.39  27.60  28.76  29.64  32.51  31.66  31.94  30.81  30.62  27.54  29.99
 wrfout_d04_2016-05-22_05:00:00 999.00  24.56  20.85  24.45  21.66  25.62  25.22  25.19  24.94  24.41  25.90  26.39 999.00  28.41  29.46  27.42  23.87  30.40  16.83  28.49  12.36  27.61  28.76  29.90  31.62  31.78  32.19  30.56  30.64  27.69  30.81
 wrfout_d04_2016-05-22_06:00:00 999.00  24.54  21.59  24.91  22.89  25.60  25.27  24.70  25.32  24.81  25.45  26.75 999.00  26.36  26.93  29.18  24.17  29.06  16.57  28.92  12.07  27.65  28.52  29.04  32.46  31.95  32.01  31.42  30.39  29.20  30.59
 wrfout_d04_2016-05-22_07:00:00 999.00  24.60  21.18  24.65  22.58  25.76  25.06  25.59  25.06  26.95  25.27  25.80 999.00  29.08  28.06  29.04  24.90  30.04  16.79  28.63  11.77  27.63  28.62  28.68  31.64  30.75  31.64  31.18  29.43  28.94  29.68
 wrfout_d04_2016-05-22_08:00:00 999.00  24.62  20.83  24.57  22.02  24.86  24.97  26.11  25.42  26.72  24.72  25.60 999.00  28.25  28.55  28.83  24.79  29.23  18.25  28.74  12.79  27.62  28.43  26.48  29.95  29.47  31.40  30.17  28.21  28.27  29.24
 wrfout_d04_2016-05-22_09:00:00 999.00  24.69  21.78  25.08  22.99  25.25  25.43  25.10  25.66  25.52  24.82  25.46 999.00  27.91  27.99  28.53  23.78  28.55  15.64  28.16  10.98  27.63  28.38  26.64  29.85  29.35  31.02  29.76  26.92  27.41  28.96
 wrfout_d04_2016-05-22_10:00:00 999.00  24.60  20.57  24.25  21.55  24.75  25.17  24.78  25.30  24.77  25.03  25.68 999.00  27.25  28.26  27.81  22.25  28.52  15.51  27.59  10.06  27.65  28.36  26.43  29.41  29.00  30.26  29.82  26.37  26.70  28.83
 wrfout_d04_2016-05-22_11:00:00 999.00  24.60  20.01  24.03  21.07  24.11  25.05  24.44  25.11  24.92  24.92  25.28 999.00  26.37  27.76  27.32  21.08  28.00  15.09  27.30   9.58  27.70  28.21  26.48  28.84  28.59  28.12  29.52  25.89  26.51  28.62
 wrfout_d04_2016-05-22_12:00:00 999.00  24.64  20.13  23.62  21.11  23.96  24.83  24.23  25.00  24.60  25.00  24.81 999.00  25.73  26.76  27.01  21.75  27.89  14.74  27.12  10.05  27.70  28.18  26.58  28.71  28.60  27.92  29.46  25.44  26.27  28.57
 wrfout_d04_2016-05-22_13:00:00 999.00  24.66  20.13  23.47  21.20  23.82  24.62  24.11  24.75  24.33  24.87  24.80 999.00  25.77  26.37  26.56  20.88  27.55  14.04  26.97   9.27  27.62  28.12  26.33  28.15  28.42  27.71  29.36  25.09  26.14  28.43
 wrfout_d04_2016-05-22_14:00:00 999.00  24.56  19.30  23.49  20.18  23.64  24.45  23.81  24.37  24.41  24.07  24.63 999.00  26.04  26.15  26.45  20.56  27.22  13.74  26.54   8.90  27.60  27.95  25.85  27.87  27.97  27.40  29.23  25.42  26.11  28.16
 wrfout_d04_2016-05-22_15:00:00 999.00  24.53  19.12  22.72  20.04  23.60  24.43  23.35  23.37  23.43  23.47  24.49 999.00  25.75  26.03  26.57  20.32  26.94  13.84  26.21   9.09  27.56  27.82  25.39  27.82  27.66  27.14  29.10  24.77  26.05  27.94
 wrfout_d04_2016-05-22_16:00:00 999.00  24.58  19.03  22.45  19.73  23.57  23.21  23.38  23.13  22.94  23.13  24.36 999.00  25.60  25.33  26.51  20.13  26.79  14.09  25.79   9.37  27.45  27.23  25.42  27.65  27.53  27.36  28.93  24.92  26.13  27.71
 wrfout_d04_2016-05-22_17:00:00 999.00  24.53  18.87  22.24  19.77  23.42  23.36  22.74  22.71  23.12  23.11  23.79 999.00  25.45  25.75  26.45  20.02  26.89  14.31  25.99   9.25  27.48  27.02  25.15  27.61  27.51  27.19  28.82  24.36  25.94  27.60
 wrfout_d04_2016-05-22_18:00:00 999.00  24.39  19.17  22.03  19.40  23.45  22.48  23.31  22.45  22.85  22.74  23.49 999.00  25.54  25.58  26.06  19.79  26.81  13.63  25.66   9.37  27.48  27.03  24.98  27.49  27.37  26.96  28.69  24.04  25.58  27.45
 wrfout_d04_2016-05-22_19:00:00 999.00  24.32  18.48  22.12  20.59  23.33  22.22  23.11  22.18  22.40  22.48  23.26 999.00  25.71  25.57  25.81  19.62  26.64  13.58  25.24   9.32  27.60  27.04  24.84  27.20  27.23  26.78  28.67  24.21  25.52  27.21
 wrfout_d04_2016-05-22_20:00:00 999.00  24.31  19.38  21.73  19.98  23.37  23.05  23.32  23.03  22.32  22.26  22.99 999.00  25.69  25.35  25.71  19.57  26.65  13.31  25.45   9.50  27.51  26.95  24.93  26.98  27.17  26.56  28.41  23.60  25.41  27.11
 wrfout_d04_2016-05-22_21:00:00 999.00  24.28  19.50  21.63  20.15  23.45  22.08  23.13  21.96  23.07  22.08  22.82 999.00  24.89  24.68  25.47  19.40  26.62  14.35  24.64   9.43  27.52  26.84  24.64  26.75  26.73  26.49  28.38  23.37  25.28  26.61
 wrfout_d04_2016-05-22_22:00:00 999.00  24.23  20.64  23.88  21.84  23.94  23.93  23.30  23.96  23.70  23.85  24.46 999.00  25.67  25.58  25.91  21.67  26.85  15.47  25.08  10.35  27.50  26.41  26.05  26.86  26.85  26.80  28.30  24.72  25.80  26.99
 wrfout_d04_2016-05-22_23:00:00 999.00  24.25  21.97  24.60  23.17  24.58  25.42  24.32  25.37  25.99  25.37  25.31 999.00  26.10  25.84  26.92  22.46  26.96  17.35  25.37  11.62  27.53  26.69  27.06  27.13  26.90  27.98  28.68  25.64  27.32  27.36
