 wrfout_d04_2016-12-21_00:00:00 999.00  23.88  19.79  24.66  21.02  24.81  26.09  19.15  26.56  19.26  24.40  24.03 999.00  18.94  21.05  24.23  22.04  20.92  14.56  17.97   7.91  20.99  19.97  22.46  19.68  19.97  25.23  24.45  24.46  24.46  25.72
 wrfout_d04_2016-12-21_01:00:00 999.00  23.84  21.12  26.24  22.31  25.78  27.39  21.27  27.41  21.19  25.32  24.64 999.00  21.61  23.68  26.01  24.77  21.12  17.75  20.18   9.29  20.98  20.73  22.28  21.65  22.30  23.12  26.07  24.15  25.57  26.66
 wrfout_d04_2016-12-21_02:00:00 999.00  23.77  22.07  27.55  23.19  26.56  28.33  21.63  28.44  23.51  25.91  25.57 999.00  23.87  25.91  26.39  24.70  21.29  17.19  22.94   9.25  20.93  21.16  23.19  25.07  24.93  22.59  26.77  24.66  26.06  27.41
 wrfout_d04_2016-12-21_03:00:00 999.00  23.75  22.74  28.02  23.83  27.58  29.54  23.42  29.41  24.99  26.25  25.68 999.00  24.42  27.84  27.11  25.57  21.46  17.84  25.29   9.15  20.85  21.60  23.26  27.41  27.09  26.07  27.05  25.46  26.26  27.81
 wrfout_d04_2016-12-21_04:00:00 999.00  23.65  23.27  27.52  24.42  28.07  30.24  23.35  30.15  25.88  26.35  25.84 999.00  24.20  29.50  27.41  26.06  22.27  18.13  27.17   8.99  21.26  21.94  23.63  28.44  27.90  25.47  27.97  26.60  26.44  28.04
 wrfout_d04_2016-12-21_05:00:00 999.00  23.58  23.49  26.86  24.55  28.00  30.39  23.30  30.76  25.58  26.38  25.89 999.00  24.69  30.21  27.05  25.74  23.50  18.11  27.94   8.50  21.15  22.21  24.25  28.96  28.18  26.29  28.66  26.12  26.37  27.83
 wrfout_d04_2016-12-21_06:00:00 999.00  23.56  23.40  26.05  24.37  27.92  30.26  22.56  31.11  24.81  26.28  25.73 999.00  24.24  30.55  26.26  25.23  23.13  17.78  28.19   8.46  21.26  22.25  25.17  28.93  27.90  25.88  28.89  25.70  25.91  27.58
 wrfout_d04_2016-12-21_07:00:00 999.00  23.52  22.66  25.09  23.55  26.97  29.32  21.22  30.73  24.02  25.87  25.38 999.00  24.00  29.71  25.67  24.53  22.95  16.91  27.24   8.60  21.40  22.38  25.12  27.92  27.31  26.37  29.08  25.42  25.53  27.20
 wrfout_d04_2016-12-21_08:00:00 999.00  23.41  21.53  23.29  22.37  25.90  28.30  20.26  29.11  23.04  25.44  24.78 999.00  23.17  28.34  25.92  23.17  22.27  15.79  26.12   9.06  22.02  22.41  24.82  26.07  26.16  26.37  28.64  24.75  24.81  26.57
 wrfout_d04_2016-12-21_09:00:00 999.00  23.40  19.49  21.56  19.99  25.13  26.79  20.00  26.89  20.51  24.92  24.36 999.00  22.30  26.37  25.70  19.23  21.27  11.64  24.59   6.58  21.93  22.56  23.88  24.22  24.26  25.82  27.53  23.28  23.67  25.79
 wrfout_d04_2016-12-21_10:00:00 999.00  23.45  19.23  20.96  18.86  24.97  25.12  20.03  25.21  20.34  24.72  24.35 999.00  20.91  25.07  25.40  18.02  21.45  10.45  22.96   6.72  21.87  22.51  23.53  23.19  23.57  25.43  26.92  22.30  23.31  25.34
 wrfout_d04_2016-12-21_11:00:00 999.00  23.50  19.07  21.51  18.54  24.77  24.15  20.03  23.93  19.78  24.55  24.17 999.00  20.58  24.20  25.25  17.47  21.09  10.17  21.57   6.59  21.41  22.45  22.36  22.69  23.04  25.26  26.83  22.06  23.69  25.15
 wrfout_d04_2016-12-21_12:00:00 999.00  23.42  18.47  20.41  17.94  24.33  23.69  20.44  22.75  20.43  24.27  24.19 999.00  21.15  23.14  25.06  16.87  21.23   9.52  20.89   6.24  21.83  22.20  22.24  22.29  22.60  25.18  26.42  21.78  23.33  25.02
 wrfout_d04_2016-12-21_13:00:00 999.00  22.31  16.93  20.43  17.25  23.31  23.02  20.21  22.98  20.35  23.93  24.08 999.00  22.47  23.92  24.67  16.47  21.41   9.13  20.74   5.97  21.89  21.24  22.01  21.61  22.11  24.97  26.49  21.28  23.35  24.79
 wrfout_d04_2016-12-21_14:00:00 999.00  20.88  16.77  20.29  17.11  22.58  22.62  19.90  23.57  20.60  23.96  23.92 999.00  22.66  24.25  24.50  16.25  21.46   8.97  20.13   6.24  21.44  21.26  21.83  21.28  21.81  24.78  26.04  20.81  23.33  24.57
 wrfout_d04_2016-12-21_15:00:00 999.00  20.45  16.54  19.97  17.04  22.15  22.40  19.78  22.91  21.20  23.10  24.16 999.00  22.05  24.69  24.62  15.99  21.48   8.76  19.49   6.13  22.19  21.60  22.77  20.87  21.31  24.46  24.71  20.61  23.20  24.32
 wrfout_d04_2016-12-21_16:00:00 999.00  20.41  17.73  19.53  18.49  21.58  22.50  19.70  23.57  21.62  22.22  23.13 999.00  21.44  23.82  24.45  15.70  21.36   8.90  18.96   6.50  22.29  22.45  22.93  20.51  20.85  24.12  24.40  20.39  21.64  24.05
 wrfout_d04_2016-12-21_17:00:00 999.00  20.56  16.93  20.57  18.24  22.51  22.30  20.43  23.30  21.46  21.92  22.38 999.00  21.03  23.76  24.50  15.30  20.51   8.47  18.80   6.47  22.41  23.09  22.73  20.39  20.70  23.87  24.25  20.06  22.00  23.95
 wrfout_d04_2016-12-21_18:00:00 999.00  21.18  17.59  20.66  18.74  22.07  21.98  20.25  23.10  21.91  21.29  21.78 999.00  20.90  22.91  24.44  14.95  20.31   8.54  18.76   6.43  22.69  22.91  22.75  20.48  20.65  23.43  23.84  19.92  21.19  23.76
 wrfout_d04_2016-12-21_19:00:00 999.00  21.60  17.21  20.60  18.31  21.90  21.73  20.33  22.65  21.69  21.23  21.64 999.00  21.71  22.55  24.47  14.80  21.04   8.49  18.89   6.44  22.14  22.24  22.65  20.27  20.72  23.24  23.52  19.76  20.95  23.70
 wrfout_d04_2016-12-21_20:00:00 999.00  21.60  17.07  20.63  18.01  21.68  21.96  20.49  22.54  22.06  20.78  21.23 999.00  21.56  22.30  24.54  14.54  21.34   8.10  19.53   6.20  22.47  22.56  22.53  20.50  20.36  23.02  22.89  19.63  20.84  23.52
 wrfout_d04_2016-12-21_21:00:00 999.00  21.50  17.45  20.89  18.04  21.52  22.09  20.85  22.34  21.99  20.58  20.88 999.00  22.13  21.97  24.37  14.43  21.28   7.67  20.41   6.06  22.84  22.40  22.00  20.76  20.46  22.87  22.00  20.09  22.07  23.19
 wrfout_d04_2016-12-21_22:00:00 999.00  21.55  16.68  20.54  17.46  21.58  22.07  20.90  22.38  22.20  20.37  20.84 999.00  22.02  22.72  24.38  15.99  21.59   7.64  20.35   5.91  22.83  22.35  22.09  21.42  21.42  23.02  21.85  20.10  20.74  23.15
 wrfout_d04_2016-12-21_23:00:00 999.00  21.68  16.88  21.07  17.83  21.96  22.11  20.52  22.56  21.98  21.37  22.17 999.00  22.31  22.47  24.22  16.30  21.62   9.32  20.21   6.46  22.48  22.45  22.71  22.16  22.32  23.54  22.45  21.20  22.73  23.59
