 wrfout_d04_2016-10-06_00:00:00 999.00  27.33  22.38  28.09  24.51  27.83  28.85  28.83  29.25  29.74  28.34  28.11 999.00  28.85  28.01  28.03  27.35  28.29  17.02  27.52  10.38  27.37  26.71  26.01  28.48  28.07  27.85  28.94  25.64  25.54  27.04
 wrfout_d04_2016-10-06_01:00:00 999.00  26.58  22.36  29.53  24.88  28.87  30.13  29.71  30.26  30.62  28.36  28.48 999.00  29.49  29.06  27.72  25.71  28.88  18.51  28.56  10.18  27.37  27.91  25.77  27.43  27.47  27.79  28.72  25.16  25.75  26.91
 wrfout_d04_2016-10-06_02:00:00 999.00  26.62  22.37  30.15  25.61  29.64  30.30  30.63  30.93  31.41  28.87  28.90 999.00  30.83  31.02  27.96  28.32  28.74  19.53  29.90  10.19  27.55  27.80  25.97  30.95  30.65  27.53  29.23  24.70  26.01  26.87
 wrfout_d04_2016-10-06_03:00:00 999.00  26.61  22.57  30.48  26.13  30.20  31.31  31.05  31.32  31.55  29.17  29.23 999.00  31.55  32.22  28.12  26.48  28.36  19.43  30.43   8.98  27.63  28.33  26.43  31.89  30.72  27.16  30.55  24.70  26.32  27.25
 wrfout_d04_2016-10-06_04:00:00 999.00  26.59  23.01  30.67  26.19  30.46  31.49  31.19  31.45  31.65  29.31  29.34 999.00  30.52  33.44  28.08  24.13  28.82  19.09  31.60   8.54  27.66  28.26  27.00  31.72  30.32  27.67  31.74  24.38  27.21  27.61
 wrfout_d04_2016-10-06_05:00:00 999.00  26.56  23.59  30.48  26.10  30.53  31.28  31.18  31.34  30.91  29.22  28.40 999.00  30.92  33.20  27.98  23.29  28.31  18.48  32.17   8.08  27.92  28.12  26.87  31.46  30.17  28.52  31.25  25.29  26.54  28.16
 wrfout_d04_2016-10-06_06:00:00 999.00  26.53  23.94  29.94  25.65  30.25  30.98  30.06  30.92  30.57  28.96  28.00 999.00  29.05  32.97  27.85  23.34  27.93  17.54  30.76   7.72  28.03  28.18  26.61  31.55  31.79  28.78  31.01  24.74  26.51  28.22
 wrfout_d04_2016-10-06_07:00:00 999.00  26.51  23.50  29.06  24.77  28.27  29.85  29.69  29.66  29.99  27.70  27.27 999.00  28.61  32.42  27.82  24.02  27.89  17.07  29.47   7.82  27.96  28.32  26.30  30.72  29.87  28.38  31.38  24.90  26.48  27.83
 wrfout_d04_2016-10-06_08:00:00 999.00  26.51  22.11  27.52  23.59  28.28  29.12  28.40  28.52  29.47  27.43  26.96 999.00  28.67  32.09  27.58  23.87  27.50  17.16  29.11   7.74  27.78  28.23  26.10  29.54  29.30  28.38  31.50  24.86  26.35  27.81
 wrfout_d04_2016-10-06_09:00:00 999.00  26.57  21.68  26.99  22.93  27.48  28.29  27.60  28.03  29.06  27.20  26.81 999.00  28.26  29.42  27.06  23.19  27.40  16.28  28.62   7.73  27.70  28.12  25.96  28.82  28.53  28.04  31.61  24.59  26.18  27.67
 wrfout_d04_2016-10-06_10:00:00 999.00  26.61  21.37  26.83  22.66  27.02  27.95  27.58  27.79  28.92  27.09  26.73 999.00  27.85  28.44  26.44  23.42  27.80  15.94  28.80   7.94  27.96  28.21  26.00  28.36  28.17  27.77  31.83  24.42  26.13  27.59
 wrfout_d04_2016-10-06_11:00:00 999.00  26.64  21.42  26.87  22.69  26.85  27.73  27.42  27.78  28.84  27.09  26.72 999.00  28.37  28.20  26.15  24.15  27.73  16.03  29.02   8.34  28.13  28.32  25.78  28.20  28.00  27.62  31.65  24.43  26.08  27.53
 wrfout_d04_2016-10-06_12:00:00 999.00  26.69  21.34  26.83  22.67  26.67  27.57  27.54  27.71  28.80  27.11  26.66 999.00  28.63  28.31  26.05  24.64  27.45  16.01  28.29   8.65  28.14  28.29  25.68  28.07  27.79  27.60  31.50  24.21  26.13  27.37
 wrfout_d04_2016-10-06_13:00:00 999.00  26.74  21.22  26.69  22.44  26.71  27.55  27.54  27.60  29.02  27.08  26.46 999.00  28.59  28.39  25.79  24.19  26.74  15.88  27.95   9.01  28.03  28.39  26.02  27.90  27.48  27.26  31.38  23.70  26.15  27.30
 wrfout_d04_2016-10-06_14:00:00 999.00  26.76  21.48  26.72  22.61  26.75  27.60  27.60  27.61  29.18  26.96  26.44 999.00  28.21  28.27  25.63  24.16  27.32  15.67  27.03   9.16  28.03  28.56  24.96  27.72  27.27  26.63  30.40  23.43  26.11  27.09
 wrfout_d04_2016-10-06_15:00:00 999.00  26.73  21.49  26.73  22.64  26.68  27.62  27.92  27.58  29.06  26.83  26.31 999.00  27.92  28.11  25.74  24.12  27.14  15.23  27.22   9.20  28.10  27.68  24.45  27.55  27.05  26.36  29.95  23.34  26.15  27.02
 wrfout_d04_2016-10-06_16:00:00 999.00  26.74  21.42  26.62  22.58  26.60  27.59  28.29  27.54  28.96  26.76  26.33 999.00  27.62  27.68  25.47  23.33  26.36  15.64  25.99   9.67  28.05  28.07  25.53  27.29  26.85  23.95  29.59  23.96  25.87  26.51
 wrfout_d04_2016-10-06_17:00:00 999.00  26.75  21.39  26.56  22.59  26.53  27.58  28.36  27.48  29.03  26.80  26.37 999.00  27.36  26.84  25.67  23.03  26.18  13.44  25.61   9.53  27.88  27.81  25.44  26.99  26.60  26.56  29.30  23.96  25.86  25.78
 wrfout_d04_2016-10-06_18:00:00 999.00  26.70  21.32  26.63  22.55  26.49  27.57  28.16  27.50  28.86  26.75  26.39 999.00  26.24  26.18  25.43  22.66  26.27  14.32  25.37   9.76  27.95  27.67  25.60  26.66  26.28  26.36  29.35  23.68  26.05  25.54
 wrfout_d04_2016-10-06_19:00:00 999.00  26.76  21.26  26.60  22.46  26.50  27.59  28.12  27.51  28.24  26.76  26.38 999.00  25.91  25.65  25.78  21.05  26.19  14.40  25.29   9.65  27.93  26.93  25.19  26.39  25.93  26.47  27.54  23.81  26.12  26.65
 wrfout_d04_2016-10-06_20:00:00 999.00  26.82  21.11  26.39  22.30  26.36  27.50  28.14  27.50  25.88  26.61  26.27 999.00  25.83  25.45  25.81  20.72  26.00  14.42  25.58  10.40  28.00  27.42  25.21  25.57  25.57  25.31  26.82  23.40  26.27  26.56
 wrfout_d04_2016-10-06_21:00:00 999.00  26.83  21.27  26.33  22.36  26.51  27.35  27.97  27.39  25.27  26.80  26.24 999.00  25.65  25.14  26.29  21.09  25.96  14.43  25.49  10.19  28.09  26.88  25.11  25.39  24.90  24.00  25.61  23.85  26.36  26.37
 wrfout_d04_2016-10-06_22:00:00 999.00  26.86  21.42  26.75  22.62  26.68  27.57  27.93  27.42  25.03  26.71  26.09 999.00  25.30  25.13  25.99  21.47  25.66  14.33  25.49  10.12  27.99  26.34  24.86  24.87  24.64  24.32  25.53  24.03  26.58  26.70
 wrfout_d04_2016-10-06_23:00:00 999.00  26.86  21.73  26.85  22.96  26.92  27.56  27.93  27.38  26.72  27.17  26.29 999.00  27.09  26.96  25.44  21.51  27.16  14.77  25.19   9.83  28.04  25.99  26.12  24.43  24.27  25.87  26.48  25.20  26.83  27.58
