 wrfout_d04_2016-01-03_00:00:00 999.00  20.36  15.95  18.48  16.92  18.83  19.17  18.89  19.34  19.02  19.79  20.27 999.00  18.83  20.12  21.05  17.61  19.59  12.03  18.32   7.20  20.54  19.48  20.55  19.33  19.47  20.77  21.19  19.95  22.57  23.05
 wrfout_d04_2016-01-03_01:00:00 999.00  20.27  16.51  18.97  17.60  19.35  19.78  18.90  19.71  18.81  20.17  20.21 999.00  19.66  20.44  21.34  17.65  19.98  12.07  19.01   7.24  20.64  19.89  20.55  19.43  19.96  20.66  22.10  21.17  22.79  23.69
 wrfout_d04_2016-01-03_02:00:00 999.00  20.03  17.00  19.41  18.41  19.29  19.93  19.23  19.81  19.39  20.71  20.83 999.00  20.06  21.09  21.24  18.00  19.87  12.10  20.32   7.30  20.66  20.33  20.58  19.76  20.56  20.91  23.43  21.53  23.53  23.98
 wrfout_d04_2016-01-03_03:00:00 999.00  20.13  17.17  20.10  17.48  19.56  20.00  20.09  19.87  20.12  20.55  20.66 999.00  19.16  21.30  21.36  18.03  19.72  12.11  21.33   7.36  20.53  20.36  20.78  20.32  20.66  21.47  23.22  21.11  24.04  25.22
 wrfout_d04_2016-01-03_04:00:00 999.00  20.29  17.42  19.97  18.03  19.83  20.07  19.83  19.89  20.35  20.27  20.53 999.00  18.90  22.06  22.17  18.43  19.71  12.08  20.37   7.33  20.46  20.32  20.91  21.60  21.40  21.63  23.54  23.02  24.14  25.26
 wrfout_d04_2016-01-03_05:00:00 999.00  20.33  16.68  19.45  17.49  19.87  20.66  19.11  20.44  20.08  20.11  20.89 999.00  19.02  21.86  22.22  18.40  19.60  12.22  20.81   7.31  20.43  20.63  21.02  21.59  22.07  21.52  24.86  21.70  24.40  24.94
 wrfout_d04_2016-01-03_06:00:00 999.00  20.45  17.64  20.65  19.57  19.79  20.77  19.16  21.07  20.60  19.93  21.05 999.00  19.09  21.50  22.22  19.05  19.55  12.42  20.34   7.33  20.54  20.59  21.33  21.66  22.32  21.77  26.13  22.24  24.09  26.72
 wrfout_d04_2016-01-03_07:00:00 999.00  20.57  17.49  19.88  17.45  19.89  20.85  19.27  20.83  21.07  19.71  20.82 999.00  19.19  21.82  22.40  19.55  19.56  13.49  21.67   7.41  20.40  20.71  21.51  21.08  21.66  22.03  26.08  23.41  24.07  27.03
 wrfout_d04_2016-01-03_08:00:00 999.00  20.54  16.61  19.37  17.17  19.88  20.76  19.30  20.79  20.57  19.70  20.38 999.00  19.64  22.02  22.64  19.01  19.72  12.08  21.20   7.25  20.29  20.82  21.42  21.19  21.73  22.43  25.83  22.94  23.22  26.29
 wrfout_d04_2016-01-03_09:00:00 999.00  20.59  16.35  19.13  17.09  19.54  20.42  19.11  20.30  20.42  19.71  20.07 999.00  19.45  22.32  22.72  18.14  19.66  12.30  20.66   7.17  20.45  21.00  21.29  20.93  21.42  22.89  26.04  21.92  22.82  25.47
 wrfout_d04_2016-01-03_10:00:00 999.00  20.62  16.10  17.94  16.88  19.35  20.10  18.98  20.05  20.39  19.69  19.74 999.00  19.62  22.26  22.53  17.96  19.58  12.13  20.25   6.57  20.61  21.08  20.46  21.01  21.37  22.83  26.23  20.43  21.67  24.65
 wrfout_d04_2016-01-03_11:00:00 999.00  20.73  14.81  18.25  15.53  19.07  19.90  18.87  19.87  20.34  19.65  20.25 999.00  19.08  22.11  22.66  17.70  19.73  12.14  19.85   6.56  20.81  21.01  20.95  21.04  21.46  22.54  26.36  20.34  21.48  24.81
 wrfout_d04_2016-01-03_12:00:00 999.00  20.85  15.33  18.84  16.71  19.18  20.02  19.07  19.82  19.07  19.59  19.83 999.00  18.95  21.99  22.63  16.51  19.51  12.23  20.55   6.54  20.73  20.97  21.43  20.92  21.26  22.75  26.07  21.14  21.38  24.31
 wrfout_d04_2016-01-03_13:00:00 999.00  20.94  15.34  18.97  16.37  18.19  18.93  18.86  18.55  18.62  19.19  19.65 999.00  18.95  22.03  22.67  17.38  19.67  12.34  19.42   6.50  20.91  21.14  21.53  21.30  21.89  22.89  25.67  20.89  22.70  24.26
 wrfout_d04_2016-01-03_14:00:00 999.00  21.08  14.76  18.78  16.40  18.83  19.74  19.25  18.61  18.59  18.32  19.01 999.00  18.78  21.68  22.61  16.49  19.65  11.66  18.98   6.51  20.98  21.11  21.65  20.42  20.80  22.84  26.37  20.63  22.60  24.30
 wrfout_d04_2016-01-03_15:00:00 999.00  21.11  15.19  19.06  16.33  18.88  19.66  18.27  18.32  18.05  19.00  20.04 999.00  18.60  21.06  22.61  16.37  19.70  11.49  19.66   6.53  20.83  20.68  21.36  20.65  21.05  22.78  25.49  20.15  22.17  23.86
 wrfout_d04_2016-01-03_16:00:00 999.00  21.06  16.08  19.01  17.19  18.57  20.04  18.11  19.30  17.52  19.22  19.03 999.00  18.56  20.73  22.47  17.52  19.68  11.26  18.88   6.07  20.74  20.54  20.76  20.49  20.49  21.81  24.36  20.88  22.19  23.38
 wrfout_d04_2016-01-03_17:00:00 999.00  20.94  15.75  18.02  16.96  18.94  19.23  18.71  18.23  18.09  19.40  19.59 999.00  18.23  20.55  22.42  17.31  19.62  11.13  18.41   6.09  20.70  20.86  21.41  19.56  20.15  22.20  23.75  21.07  22.25  23.61
 wrfout_d04_2016-01-03_18:00:00 999.00  20.89  14.97  18.09  15.90  18.15  18.29  18.16  17.95  18.08  19.55  18.29 999.00  18.46  20.69  22.44  15.91  19.28   8.93  18.43   5.79  20.64  20.75  21.03  19.91  19.90  20.92  23.88  21.03  22.24  23.48
 wrfout_d04_2016-01-03_19:00:00 999.00  20.89  15.63  17.94  15.83  18.75  17.85  17.98  18.34  17.22  19.71  18.60 999.00  18.47  20.38  22.59  15.89  18.98   8.86  18.71   5.64  20.41  20.55  20.67  19.68  19.79  21.68  23.94  20.96  22.23  23.37
 wrfout_d04_2016-01-03_20:00:00 999.00  20.82  14.94  17.66  15.74  18.00  17.39  17.69  17.46  17.20  18.42  18.51 999.00  18.07  19.65  21.38  15.75  18.93   8.80  18.05   5.72  20.36  20.60  20.42  18.77  18.97  20.95  23.02  20.71  22.02  23.35
 wrfout_d04_2016-01-03_21:00:00 999.00  20.83  15.66  17.54  15.67  17.49  16.87  17.71  17.29  17.57  18.13  19.22 999.00  17.97  19.92  21.02  15.63  19.23   8.25  17.55   5.56  20.31  20.33  20.55  18.98  18.82  20.14  22.47  20.59  21.40  23.65
 wrfout_d04_2016-01-03_22:00:00 999.00  20.83  14.95  17.70  15.69  17.49  16.84  18.44  17.26  17.58  17.65  18.55 999.00  18.11  19.99  20.68  15.50  19.34   8.31  18.19   5.63  20.27  20.40  20.43  19.15  19.31  20.77  22.96  20.49  21.96  23.92
 wrfout_d04_2016-01-03_23:00:00 999.00  20.82  15.65  18.33  16.47  18.23  17.47  18.66  18.05  17.75  19.47  19.63 999.00  17.97  20.37  22.47  17.31  19.16   9.41  18.23   5.73  20.27  20.73  21.36  18.91  19.40  22.37  23.92  20.91  22.28  24.25
