 wrfout_d04_2016-08-01_00:00:00 999.00  29.96  26.07  31.52  27.56  31.66  31.96  32.90  32.01  31.96  31.23  30.69 999.00  32.34  35.00  31.75  26.38  30.97  17.89  30.23   9.97  29.46  29.03  29.18  31.84  33.10  29.93  33.22  28.18  29.24  29.50
 wrfout_d04_2016-08-01_01:00:00 999.00  29.92  26.82  32.30  28.25  32.03  32.94  35.20  32.57  34.74  32.01  31.39 999.00  32.19  36.37  32.26  27.79  32.57  19.63  31.66  10.27  30.07  30.25  28.32  34.55  34.19  29.66  33.36  27.99  29.06  29.27
 wrfout_d04_2016-08-01_02:00:00 999.00  29.91  27.60  33.25  29.04  32.76  33.73  34.87  32.88  35.65  32.40  31.59 999.00  33.79  37.00  32.27  28.46  33.71  20.79  32.92  10.53  30.82  31.67  28.97  35.93  35.44  29.96  32.38  28.02  29.42  29.44
 wrfout_d04_2016-08-01_03:00:00 999.00  29.97  28.09  33.73  29.52  33.24  34.07  34.69  33.20  36.16  32.75  32.17 999.00  33.44  37.50  32.73  29.58  33.31  22.34  34.19  10.91  30.23  30.58  29.14  34.57  33.23  30.29  30.40  28.12  31.08  29.88
 wrfout_d04_2016-08-01_04:00:00 999.00  30.02  28.36  34.08  29.79  33.43  34.42  34.04  33.77  36.99  33.07  32.38 999.00  34.79  37.99  32.84  29.88  33.14  21.57  35.45  11.00  30.29  29.82  29.98  34.20  32.41  30.40  33.03  28.11  31.25  30.11
 wrfout_d04_2016-08-01_05:00:00 999.00  30.05  28.29  34.10  29.72  33.41  34.10  33.61  33.88  37.43  33.07  32.36 999.00  37.47  38.45  32.81  31.36  33.97  22.54  35.83  12.14  28.86  29.65  28.73  31.89  30.81  30.82  33.73  28.18  30.88  30.69
 wrfout_d04_2016-08-01_06:00:00 999.00  30.05  27.96  33.81  29.40  33.07  33.52  33.90  33.87  37.37  32.87  32.22 999.00  35.04  39.07  32.06  30.77  30.75  21.63  32.69  11.46  29.35  30.76  29.86  31.33  34.05  32.06  32.72  28.07  30.69  30.96
 wrfout_d04_2016-08-01_07:00:00 999.00  30.04  26.82  33.08  28.41  32.41  32.84  32.67  33.39  36.40  32.51  31.82 999.00  34.47  39.07  31.76  30.81  29.94  20.44  32.67  11.83  30.85  32.32  30.33  33.51  33.91  31.92  32.55  27.89  30.01  31.17
 wrfout_d04_2016-08-01_08:00:00 999.00  30.03  26.25  32.08  27.69  31.57  32.01  33.53  32.91  35.72  31.92  31.34 999.00  33.08  34.08  32.31  27.44  31.12  22.77  27.15  11.20  30.80  31.63  28.90  32.51  32.48  30.81  33.08  27.97  29.38  30.98
 wrfout_d04_2016-08-01_09:00:00 999.00  30.02  25.15  30.91  26.54  30.48  31.55  33.20  32.12  35.22  31.43  30.67 999.00  33.11  33.10  31.81  24.85  31.31  16.96  28.22  11.40  30.70  31.26  28.67  32.20  32.29  30.34  32.59  27.92  28.59  30.91
 wrfout_d04_2016-08-01_10:00:00 999.00  30.00  24.37  29.93  25.53  30.24  31.32  31.20  31.56  33.26  30.63  29.95 999.00  30.48  30.85  31.23  23.93  31.03  16.29  29.24  10.52  30.62  31.23  27.74  31.55  31.56  30.14  31.91  27.58  28.40  30.36
 wrfout_d04_2016-08-01_11:00:00 999.00  29.96  23.99  29.63  25.15  30.22  31.24  31.45  31.84  32.43  30.23  29.66 999.00  29.52  29.77  30.86  23.66  30.81  16.26  30.57  10.48  30.43  31.05  28.10  31.33  31.19  29.94  31.27  26.91  28.27  29.84
 wrfout_d04_2016-08-01_12:00:00 999.00  29.92  23.98  29.80  25.05  30.03  31.13  30.15  31.87  30.76  30.03  29.53 999.00  29.88  29.21  30.60  22.95  30.31  16.09  30.20  10.83  30.30  30.63  27.63  30.90  30.59  29.89  31.11  25.84  28.20  29.78
 wrfout_d04_2016-08-01_13:00:00 999.00  29.87  23.77  29.52  24.87  29.80  30.90  29.45  31.28  30.14  29.87  29.54 999.00  29.71  29.16  28.54  22.95  30.05  16.20  29.55  10.32  30.22  30.52  27.36  30.88  30.65  29.63  30.99  26.78  28.09  29.62
 wrfout_d04_2016-08-01_14:00:00 999.00  29.80  23.80  29.75  24.96  29.62  30.65  28.78  30.63  29.90  29.66  29.29 999.00  29.59  29.36  29.02  22.85  29.84  14.82  29.15  10.44  30.08  30.54  27.51  30.99  30.50  28.52  30.84  26.52  27.99  29.31
 wrfout_d04_2016-08-01_15:00:00 999.00  29.73  23.94  29.66  25.12  29.74  30.55  28.91  30.74  29.68  28.66  28.32 999.00  29.77  29.60  29.27  22.98  29.85  16.49  28.96  10.34  30.13  30.63  26.87  30.95  30.62  28.31  30.62  27.14  27.90  28.98
 wrfout_d04_2016-08-01_16:00:00 999.00  29.66  23.91  29.56  25.10  29.06  30.09  28.73  29.81  29.16  27.93  27.11 999.00  29.89  29.56  28.61  22.72  29.91  16.68  28.60  10.38  30.10  30.83  27.05  30.59  30.38  28.19  30.52  26.93  27.79  28.62
 wrfout_d04_2016-08-01_17:00:00 999.00  29.59  23.26  28.36  24.18  28.30  29.10  28.70  29.16  28.61  27.86  27.37 999.00  29.19  29.44  28.01  22.45  29.91  16.43  28.72  10.45  30.10  30.92  26.76  30.57  30.97  28.09  30.50  26.37  27.68  28.52
 wrfout_d04_2016-08-01_18:00:00 999.00  29.57  23.48  28.45  24.36  29.08  28.79  28.54  28.51  28.41  27.84  27.08 999.00  28.89  29.15  28.72  21.83  29.85  14.60  28.36  10.41  30.10  30.68  26.34  30.67  30.51  27.92  30.34  26.01  27.47  28.32
 wrfout_d04_2016-08-01_19:00:00 999.00  29.56  23.44  28.22  24.27  28.48  28.80  28.34  28.15  28.39  27.44  26.61 999.00  28.63  28.75  27.64  22.38  29.84  14.78  28.20  10.44  30.10  30.55  27.09  30.89  30.60  27.74  30.38  26.02  26.84  28.20
 wrfout_d04_2016-08-01_20:00:00 999.00  29.53  23.18  27.80  23.97  27.53  28.46  27.77  27.92  27.92  27.50  27.13 999.00  28.58  28.68  27.93  22.46  29.80  15.00  27.81  10.17  30.02  30.41  26.55  30.58  30.09  27.62  30.25  25.61  26.60  28.08
 wrfout_d04_2016-08-01_21:00:00 999.00  29.19  22.42  27.27  22.84  27.22  28.32  27.38  27.81  27.74  27.48  27.23 999.00  28.57  28.80  28.47  21.98  29.70  15.34  27.61  10.38  30.03  30.38  26.47  30.37  29.93  27.20  30.29  25.88  25.86  27.96
 wrfout_d04_2016-08-01_22:00:00 999.00  29.05  22.78  27.71  23.67  27.64  28.53  28.08  28.61  27.99  27.59  27.40 999.00  28.73  28.83  28.36  22.71  29.74  15.74  27.80  10.53  30.00  30.35  26.92  30.18  29.20  27.34  30.56  26.02  27.26  28.12
 wrfout_d04_2016-08-01_23:00:00 999.00  29.14  24.39  29.03  25.34  28.96  29.63  29.53  29.84  28.97  28.41  28.47 999.00  29.55  29.29  27.38  24.43  29.79  17.38  28.87  10.90  30.08  30.39  27.90  30.99  30.91  28.65  31.35  27.33  29.03  28.88
