 wrfout_d04_2016-02-27_00:00:00 999.00  17.17  11.75  15.09  12.46  15.83  15.27  15.38  15.42  15.39  16.35  17.07 999.00  15.96  16.03  20.13  13.78  17.37   8.46  15.83   2.50  18.78  18.35  20.92  17.60  17.69  21.39  19.99  21.09  22.27  21.14
 wrfout_d04_2016-02-27_01:00:00 999.00  17.05  11.80  15.31  12.59  15.79  15.26  15.47  15.49  15.49  16.90  17.37 999.00  16.96  16.76  21.42  14.19  16.96   9.80  16.21   3.99  18.89  17.98  21.23  17.60  18.00  22.39  21.37  21.61  20.99  21.82
 wrfout_d04_2016-02-27_02:00:00 999.00  17.21  11.69  15.41  12.55  15.90  15.37  15.29  15.64  15.37  17.37  17.60 999.00  16.83  17.06  22.02  15.02  17.63  10.01  17.14   5.00  18.60  18.24  21.34  18.61  18.90  23.39  22.93  22.18  21.72  22.79
 wrfout_d04_2016-02-27_03:00:00 999.00  16.98  11.71  15.47  12.52  15.94  15.64  15.11  15.74  15.25  17.68  17.76 999.00  16.73  17.50  22.55  15.64  17.82  10.48  17.35   5.65  18.66  19.42  21.95  20.16  20.57  23.53  23.81  22.74  22.70  23.32
 wrfout_d04_2016-02-27_04:00:00 999.00  17.03  11.67  15.41  12.59  16.00  15.81  15.02  15.82  14.85  17.42  17.42 999.00  16.61  17.73  22.58  16.51  17.59  11.24  18.36   6.07  19.19  19.13  21.61  21.38  21.38  23.02  24.29  23.09  23.31  24.15
 wrfout_d04_2016-02-27_05:00:00 999.00  17.13  11.62  15.43  12.70  16.02  15.93  15.08  16.06  15.55  17.77  17.11 999.00  16.05  17.28  21.91  18.65  17.85  11.78  19.53   6.31  19.14  19.27  21.66  21.87  21.63  23.06  24.59  23.24  23.52  24.73
 wrfout_d04_2016-02-27_06:00:00 999.00  17.49  11.64  15.46  12.71  16.06  16.03  14.97  16.20  15.10  18.20  17.14 999.00  16.31  16.37  21.26  18.54  17.90  12.46  20.46   6.16  18.57  19.44  21.53  22.63  22.83  23.01  24.68  23.16  22.98  25.00
 wrfout_d04_2016-02-27_07:00:00 999.00  17.63  11.67  15.68  12.78  16.33  15.99  14.97  16.03  15.03  18.59  17.33 999.00  16.08  18.03  20.57  18.79  17.86  11.69  20.00   5.65  18.42  19.44  21.17  22.78  22.80  23.14  24.64  22.83  22.34  25.13
 wrfout_d04_2016-02-27_08:00:00 999.00  17.65  11.56  14.85  12.38  16.33  15.85  15.29  15.92  15.48  18.37  17.30 999.00  16.08  17.51  20.30  17.84  17.74  11.23  19.41   5.05  18.63  19.10  20.17  22.08  22.13  22.91  24.54  22.21  22.26  24.97
 wrfout_d04_2016-02-27_09:00:00 999.00  17.40  11.35  14.85  12.30  16.26  15.49  15.30  15.73  15.54  18.02  17.25 999.00  16.02  16.92  20.04  16.18  17.62   9.85  17.98   3.84  18.76  19.02  19.92  20.61  20.81  22.60  24.46  21.27  22.04  24.91
 wrfout_d04_2016-02-27_10:00:00 999.00  17.60  11.26  15.04  12.05  15.75  15.71  15.48  15.67  15.32  17.68  17.14 999.00  16.26  16.42  19.77  13.12  17.04   7.33  16.81   2.53  18.65  18.83  19.65  19.32  19.37  22.32  23.74  19.33  19.16  23.92
 wrfout_d04_2016-02-27_11:00:00 999.00  17.92  11.18  14.95  12.06  16.10  15.87  15.51  15.65  15.49  17.41  16.98 999.00  16.12  15.41  19.63  12.26  16.90   7.41  15.67   2.46  18.44  18.66  19.34  17.97  18.11  21.61  22.72  19.36  18.61  23.04
 wrfout_d04_2016-02-27_12:00:00 999.00  18.10  11.24  14.96  12.04  15.97  15.59  15.46  15.53  15.54  17.25  16.78 999.00  16.01  15.36  19.59  11.69  16.79   7.17  15.38   2.30  17.95  18.04  19.40  16.96  17.12  21.43  21.16  18.97  18.16  22.82
 wrfout_d04_2016-02-27_13:00:00 999.00  18.28  11.16  15.03  11.99  15.97  15.45  15.73  15.42  15.35  16.91  16.63 999.00  16.00  15.35  19.64  11.35  16.74   7.07  14.98   2.25  18.13  17.81  19.18  16.52  16.62  21.31  20.59  18.67  17.79  22.81
 wrfout_d04_2016-02-27_14:00:00 999.00  18.44  11.12  15.04  12.06  16.07  15.44  15.84  15.35  15.54  16.83  16.58 999.00  15.86  15.35  19.48  11.13  16.72   7.00  14.61   2.26  18.23  17.88  19.04  16.26  16.36  20.93  19.98  19.09  17.51  22.46
 wrfout_d04_2016-02-27_15:00:00 999.00  18.23  10.91  14.87  11.92  16.00  15.28  15.75  15.14  15.56  16.90  16.45 999.00  15.81  15.19  19.36  10.99  17.08   6.88  14.15   2.10  18.38  18.12  18.95  15.88  16.02  20.67  19.11  18.47  17.29  21.66
 wrfout_d04_2016-02-27_16:00:00 999.00  18.17  10.98  14.80  11.97  15.64  15.07  15.82  15.32  15.58  16.45  16.26 999.00  15.74  15.00  19.32  10.78  16.81   6.75  13.57   1.92  18.44  17.95  19.04  15.55  15.75  20.31  18.25  17.75  18.15  21.06
 wrfout_d04_2016-02-27_17:00:00 999.00  18.21  10.44  14.58  11.13  15.80  15.11  14.16  15.54  15.47  16.25  16.30 999.00  15.79  14.78  19.27  10.58  17.00   6.67  13.38   1.83  18.21  17.70  18.89  15.36  15.55  20.27  17.61  18.43  18.24  20.78
 wrfout_d04_2016-02-27_18:00:00 999.00  18.22  10.32  12.71  11.28  13.88  13.72  15.91  15.45  15.00  16.10  16.25 999.00  15.77  13.87  19.07  10.33  16.91   6.58  13.21   1.70  18.08  17.65  18.68  15.06  15.20  20.14  17.16  18.41  19.37  20.41
 wrfout_d04_2016-02-27_19:00:00 999.00  18.12  10.15  12.25  11.18  15.29  12.75  15.85  12.84  12.98  16.19  16.11 999.00  16.11  13.69  18.94  10.19  17.09   6.35  13.17   1.50  18.16  17.84  18.48  14.89  15.05  20.04  16.84  18.19  19.26  20.07
 wrfout_d04_2016-02-27_20:00:00 999.00  18.02  10.25  11.90  11.03  15.59  11.74  15.93  12.39  12.49  15.94  15.88 999.00  16.03  13.16  18.91  10.08  17.03   6.16  12.83   1.31  18.32  17.85  18.35  14.67  14.82  19.79  16.65  18.02  19.36  19.69
 wrfout_d04_2016-02-27_21:00:00 999.00  17.96  10.01  11.72  10.95  15.81  11.23  15.99  11.92  12.35  15.89  16.06 999.00  15.48  12.91  18.80  10.01  17.26   6.37  12.64   1.23  18.88  17.58  18.45  14.52  14.65  19.73  16.57  16.94  19.32  19.62
 wrfout_d04_2016-02-27_22:00:00 999.00  17.86   9.98  11.52  10.90  15.61  10.83  15.36  11.65  12.17  15.92  15.99 999.00  15.24  12.94  18.75   9.97  16.68   6.41  12.66   1.13  19.07  17.79  18.38  14.41  14.53  19.56  16.73  17.52  19.31  19.94
 wrfout_d04_2016-02-27_23:00:00 999.00  17.72  10.57  14.27  11.69  16.10  12.81  15.37  14.29  15.11  16.43  16.43 999.00  15.94  14.74  18.89  13.46  16.97   7.62  13.14   2.17  18.43  17.65  18.70  14.95  15.12  19.75  17.49  17.82  19.49  20.25
