 wrfout_d04_2016-01-02_00:00:00 999.00  20.61  16.75  18.28  17.83  19.12  16.37  18.51  16.84  17.26  20.76  20.61 999.00  16.60  16.09  22.74  18.65  18.10  12.66  14.96   7.22  19.24  17.75  21.74  16.84  16.88  23.26  20.37  20.71  23.88  23.34
 wrfout_d04_2016-01-02_01:00:00 999.00  20.51  18.59  19.59  19.64  20.98  17.20  18.81  19.13  18.34  22.92  21.92 999.00  16.83  19.00  23.88  19.73  18.99  16.01  16.99   8.72  19.02  18.72  23.16  19.33  19.55  24.82  22.48  22.90  24.76  24.85
 wrfout_d04_2016-01-02_02:00:00 999.00  20.56  20.41  19.91  19.73  22.44  20.63  18.98  20.83  20.74  23.16  22.87 999.00  17.46  21.35  25.20  21.63  19.54  17.68  19.88   9.71  18.97  19.53  24.02  21.27  21.42  25.98  23.04  22.34  25.32  25.40
 wrfout_d04_2016-01-02_03:00:00 999.00  20.45  19.99  19.62  20.50  22.66  22.72  19.36  22.39  21.42  23.81  24.02 999.00  19.12  22.91  25.52  22.93  19.48  16.63  21.54  10.20  18.94  19.74  24.10  21.62  21.56  25.83  23.35  21.68  25.72  25.32
 wrfout_d04_2016-01-02_04:00:00 999.00  20.19  20.20  20.21  21.08  22.45  23.45  19.77  23.91  22.05  23.04  24.56 999.00  20.52  24.45  26.12  23.56  19.23  16.40  22.23  10.67  18.87  20.00  23.13  21.80  21.35  24.46  25.32  22.08  25.69  25.45
 wrfout_d04_2016-01-02_05:00:00 999.00  20.09  19.70  21.12  20.62  22.16  24.03  19.70  24.57  22.93  22.92  25.39 999.00  20.41  25.44  25.06  22.87  19.90  15.34  22.04   9.85  19.19  20.15  22.04  22.14  22.03  23.65  25.37  24.31  24.19  25.05
 wrfout_d04_2016-01-02_06:00:00 999.00  19.98  19.63  20.93  20.20  21.79  23.88  19.49  24.68  23.02  23.74  24.88 999.00  20.57  24.49  24.23  20.81  20.55  11.79  21.04   6.73  19.49  19.79  22.17  21.62  21.77  22.97  25.03  24.19  23.21  24.66
 wrfout_d04_2016-01-02_07:00:00 999.00  20.01  18.88  20.51  19.75  21.35  23.91  19.42  24.56  22.36  23.55  24.44 999.00  19.93  24.08  24.06  17.80  19.63  10.65  21.04   5.87  19.34  20.28  22.33  21.58  21.72  23.51  25.14  21.98  22.77  23.81
 wrfout_d04_2016-01-02_08:00:00 999.00  20.01  18.34  19.64  19.18  21.24  22.60  18.84  23.56  21.10  22.96  23.45 999.00  19.42  24.48  23.35  18.36  18.93  11.62  21.26   5.50  19.46  20.63  22.06  21.63  21.59  23.69  24.86  21.50  22.22  23.58
 wrfout_d04_2016-01-02_09:00:00 999.00  20.04  17.06  18.56  17.85  20.02  20.99  18.74  21.75  20.27  22.18  22.85 999.00  18.34  24.11  23.29  17.45  18.84  10.88  20.61   5.17  19.73  20.62  21.77  20.55  20.64  22.83  24.51  21.00  21.74  22.99
 wrfout_d04_2016-01-02_10:00:00 999.00  19.99  15.76  18.33  15.93  19.74  20.14  18.69  21.02  19.28  22.15  22.27 999.00  18.34  22.17  22.93  17.12  18.77  10.69  19.94   5.38  19.61  20.51  21.89  20.47  20.62  22.59  24.11  20.59  21.56  22.78
 wrfout_d04_2016-01-02_11:00:00 999.00  20.04  16.48  18.48  17.03  19.20  19.97  18.72  20.58  19.22  21.63  21.96 999.00  17.97  21.88  22.48  16.89  18.76  10.77  19.41   5.35  19.79  20.46  21.89  20.82  20.82  21.98  23.58  20.28  21.66  22.66
 wrfout_d04_2016-01-02_12:00:00 999.00  20.06  16.56  18.81  17.19  19.15  19.71  18.86  20.36  19.50  21.20  21.79 999.00  18.04  21.67  22.67  16.21  18.95  10.60  19.64   5.53  19.97  20.26  21.37  20.63  20.90  21.49  22.83  19.85  21.08  22.24
 wrfout_d04_2016-01-02_13:00:00 999.00  20.18  16.35  18.40  17.08  19.13  19.83  18.78  20.22  19.44  20.95  21.75 999.00  18.25  20.39  22.51  16.35  19.12  10.56  19.16   5.96  20.08  19.97  20.95  20.45  20.89  21.16  21.79  19.83  20.92  21.83
 wrfout_d04_2016-01-02_14:00:00 999.00  20.16  16.17  18.36  16.67  19.30  19.74  18.74  19.98  18.66  20.80  21.34 999.00  18.61  20.06  22.48  16.38  19.02  10.66  18.90   6.21  20.13  19.85  20.48  20.04  20.28  20.86  22.01  19.67  20.95  21.63
 wrfout_d04_2016-01-02_15:00:00 999.00  20.18  15.88  18.15  16.66  19.09  19.53  18.70  19.92  18.53  20.53  21.45 999.00  18.26  20.21  22.35  16.02  18.99  10.76  18.94   6.35  19.96  19.78  20.38  19.72  19.99  20.81  22.02  19.29  20.75  21.64
 wrfout_d04_2016-01-02_16:00:00 999.00  20.00  15.88  18.25  16.59  18.98  19.29  18.55  19.72  18.70  20.38  20.92 999.00  18.48  20.45  22.42  16.19  18.88  11.19  18.20   6.39  19.94  19.88  20.64  19.11  19.38  20.63  22.29  19.29  20.98  21.33
 wrfout_d04_2016-01-02_17:00:00 999.00  19.79  15.73  18.11  16.32  18.67  19.25  18.37  19.51  18.32  20.04  20.71 999.00  19.09  20.28  22.04  16.51  18.88  11.05  18.06   6.51  20.16  19.67  20.39  18.87  19.01  20.49  21.10  19.24  20.93  21.68
 wrfout_d04_2016-01-02_18:00:00 999.00  19.84  15.45  18.03  16.05  18.80  18.99  18.35  19.79  18.48  19.91  20.63 999.00  19.02  20.00  21.43  16.04  18.92  11.07  17.94   6.53  20.19  19.31  20.27  18.52  18.63  20.68  20.47  19.34  20.85  21.22
 wrfout_d04_2016-01-02_19:00:00 999.00  19.77  15.53  18.12  16.11  18.72  18.95  18.48  19.21  18.51  19.77  20.46 999.00  19.72  19.71  21.16  16.14  18.95  11.13  17.51   6.58  20.21  18.92  20.20  18.39  18.58  20.27  20.15  19.54  21.18  21.11
 wrfout_d04_2016-01-02_20:00:00 999.00  19.87  15.20  18.02  15.88  18.84  18.94  18.61  19.09  18.73  19.74  20.32 999.00  19.40  19.64  20.96  16.64  19.00  11.55  17.13   6.78  20.28  19.24  20.31  18.78  19.01  19.94  20.21  19.42  21.99  21.36
 wrfout_d04_2016-01-02_21:00:00 999.00  19.97  15.23  17.79  15.98  18.58  18.89  18.61  19.08  18.24  19.59  20.27 999.00  18.45  19.97  21.10  16.48  19.19  11.64  17.32   7.15  20.34  19.65  20.32  18.74  18.94  19.81  20.35  19.58  21.31  21.68
 wrfout_d04_2016-01-02_22:00:00 999.00  19.93  15.38  17.95  16.08  18.73  19.14  18.35  19.18  18.63  19.66  20.22 999.00  18.18  20.04  21.19  16.71  19.28  11.77  17.65   7.16  20.46  19.82  20.23  18.72  19.02  20.21  20.72  19.56  22.18  21.97
 wrfout_d04_2016-01-02_23:00:00 999.00  20.14  15.54  18.19  16.26  18.81  19.21  18.48  19.21  18.87  19.57  20.27 999.00  18.25  19.78  21.09  16.97  19.51  11.88  17.89   7.16  20.48  19.39  20.27  18.79  19.10  20.27  20.66  19.57  22.31  22.71
