 wrfout_d04_2016-04-05_00:00:00 999.00  20.65  19.27  22.04  20.03  22.71  23.20  19.08  23.80  20.29  25.43  24.98 999.00  22.50  22.74  24.67  24.35  20.19  15.92  18.91   9.10  20.69  21.67  23.95  20.72  21.14  23.90  26.09  23.58  24.83  24.63
 wrfout_d04_2016-04-05_01:00:00 999.00  20.71  19.96  22.34  21.00  24.16  24.75  20.00  25.09  20.89  26.35  25.23 999.00  24.00  25.21  25.64  23.17  20.45  17.15  21.91  10.16  20.75  22.35  24.64  22.70  24.77  24.59  27.27  24.54  25.72  26.08
 wrfout_d04_2016-04-05_02:00:00 999.00  20.76  21.03  21.88  21.84  25.92  26.10  21.01  26.28  22.68  26.00  25.26 999.00  24.64  27.35  26.08  25.70  20.81  17.93  25.27  10.80  20.73  22.45  24.71  26.29  27.40  26.15  28.15  25.76  26.49  27.57
 wrfout_d04_2016-04-05_03:00:00 999.00  20.75  21.94  23.55  22.73  26.91  26.79  21.62  27.19  25.02  26.17  25.70 999.00  24.98  29.02  26.26  26.39  21.41  18.46  27.74  11.19  20.93  22.19  24.84  28.92  29.25  26.76  28.53  26.40  26.80  28.68
 wrfout_d04_2016-04-05_04:00:00 999.00  20.82  22.31  24.69  23.21  25.81  27.74  20.30  28.03  25.52  26.19  25.94 999.00  25.18  30.61  26.49  27.02  23.32  18.87  29.47  11.35  21.48  22.26  25.18  30.90  30.34  26.90  28.69  26.62  27.16  29.30
 wrfout_d04_2016-04-05_05:00:00 999.00  20.88  22.50  24.67  23.50  24.59  28.57  20.19  28.65  24.71  26.42  26.17 999.00  25.38  31.58  26.60  27.13  24.93  18.87  30.42  11.31  21.62  22.30  25.20  31.81  30.47  26.98  28.80  26.75  27.31  29.83
 wrfout_d04_2016-04-05_06:00:00 999.00  20.84  22.69  24.69  23.63  24.29  28.60  20.90  28.65  24.98  26.34  25.40 999.00  25.73  31.74  26.70  27.07  25.21  18.58  30.64  11.01  21.68  22.25  24.89  32.03  30.36  26.91  28.81  26.59  27.05  30.00
 wrfout_d04_2016-04-05_07:00:00 999.00  20.84  22.60  24.55  23.48  24.39  28.47  20.84  28.65  25.52  24.57  23.43 999.00  25.59  31.13  26.44  26.79  25.14  17.95  30.03  10.30  21.77  22.44  24.81  31.48  29.95  26.92  28.77  26.15  26.53  29.76
 wrfout_d04_2016-04-05_08:00:00 999.00  20.86  22.35  23.87  23.18  23.43  28.26  21.03  28.47  25.18  24.64  23.49 999.00  24.70  29.82  25.82  26.08  24.72  16.96  29.15   9.47  21.93  22.59  24.55  30.51  29.39  26.75  28.52  25.52  25.84  29.25
 wrfout_d04_2016-04-05_09:00:00 999.00  20.98  21.39  22.99  22.30  22.82  27.32  20.99  28.07  24.58  24.30  23.91 999.00  24.06  28.75  25.41  24.84  23.99  15.59  27.96   8.15  22.01  22.73  23.91  29.27  28.68  26.17  27.92  24.64  25.01  28.50
 wrfout_d04_2016-04-05_10:00:00 999.00  21.04  19.19  21.46  19.79  21.85  25.44  20.53  26.56  23.66  23.73  23.34 999.00  23.31  27.60  24.54  21.83  23.17  12.67  26.69   6.51  22.10  22.71  23.33  27.89  27.52  25.36  27.12  23.00  23.34  27.62
 wrfout_d04_2016-04-05_11:00:00 999.00  21.11  18.17  20.76  18.77  21.38  24.36  20.35  24.77  22.56  23.32  23.00 999.00  22.35  26.99  24.11  20.31  22.21  11.39  25.69   6.02  22.10  22.74  23.18  26.49  26.25  24.81  26.83  22.54  22.67  26.41
 wrfout_d04_2016-04-05_12:00:00 999.00  21.21  17.66  20.64  18.39  21.33  23.71  20.57  23.83  22.24  22.89  23.74 999.00  22.10  26.77  23.78  19.64  21.99  11.11  25.07   6.03  22.02  22.79  22.97  25.57  26.07  24.58  26.85  22.24  22.41  25.31
 wrfout_d04_2016-04-05_13:00:00 999.00  21.39  17.40  20.47  18.21  21.16  23.35  19.93  23.35  21.86  22.51  22.92 999.00  21.98  26.45  23.59  19.12  21.83  10.70  24.39   5.58  22.06  22.99  22.96  25.32  25.91  24.45  26.87  22.02  22.17  24.37
 wrfout_d04_2016-04-05_14:00:00 999.00  21.54  17.06  20.25  17.93  21.19  23.18  20.00  22.98  21.93  22.17  22.26 999.00  21.50  26.04  23.43  18.81  21.64  10.32  23.88   5.29  22.14  23.00  22.78  25.10  25.82  24.46  26.76  21.59  21.93  23.91
 wrfout_d04_2016-04-05_15:00:00 999.00  21.61  16.81  20.19  17.69  21.40  23.05  19.63  22.67  21.40  22.12  21.86 999.00  21.35  25.68  23.16  18.49  21.48  10.04  23.45   5.13  22.12  22.89  22.17  24.92  25.64  24.43  26.48  20.83  21.73  23.68
 wrfout_d04_2016-04-05_16:00:00 999.00  21.66  16.54  20.15  17.40  21.02  22.51  19.54  22.64  20.94  21.65  21.46 999.00  21.32  25.36  22.91  18.19  21.46   9.75  23.27   4.61  22.27  22.74  21.85  24.97  25.37  24.36  26.23  20.53  21.60  23.51
 wrfout_d04_2016-04-05_17:00:00 999.00  21.81  16.34  19.97  17.19  20.69  22.03  19.35  22.20  20.43  21.21  21.20 999.00  21.19  25.02  22.59  17.91  21.50   9.47  23.36   4.65  22.40  22.58  21.58  24.75  25.52  24.36  25.99  20.76  21.49  23.29
 wrfout_d04_2016-04-05_18:00:00 999.00  21.89  16.17  19.62  17.02  20.38  21.53  19.38  21.78  19.89  20.79  20.96 999.00  21.13  24.67  22.37  17.62  21.14   9.25  23.08   4.54  22.43  22.43  21.33  24.82  24.84  24.24  25.50  20.22  21.30  23.16
 wrfout_d04_2016-04-05_19:00:00 999.00  21.81  15.99  19.37  16.83  20.23  21.01  19.02  21.34  19.35  20.39  20.71 999.00  20.93  24.31  22.23  17.36  20.74   9.06  22.68   4.67  22.44  22.46  21.18  24.19  24.27  23.86  24.97  19.71  21.22  23.32
 wrfout_d04_2016-04-05_20:00:00 999.00  21.96  15.81  19.10  16.63  19.99  20.52  18.66  20.94  18.84  20.02  20.48 999.00  20.45  24.04  22.12  17.10  20.36   8.87  22.23   4.53  22.43  22.41  20.96  23.67  23.80  23.62  24.50  19.52  21.18  23.26
 wrfout_d04_2016-04-05_21:00:00 999.00  22.05  15.60  18.81  16.40  20.07  20.09  17.96  20.58  18.32  19.71  20.27 999.00  19.71  23.51  22.34  16.86  20.01   8.73  22.02   4.60  22.46  22.39  20.90  23.20  23.34  23.45  24.31  19.44  21.15  23.41
 wrfout_d04_2016-04-05_22:00:00 999.00  21.99  16.23  19.08  17.14  20.83  20.59  17.67  21.11  18.02  20.49  21.06 999.00  19.52  23.52  22.73  17.39  19.96   9.32  21.99   5.38  22.47  22.17  21.35  23.11  23.23  22.89  24.39  19.75  21.51  23.50
 wrfout_d04_2016-04-05_23:00:00 999.00  21.92  20.24  20.93  21.27  24.08  22.67  17.86  23.46  18.38  22.36  23.35 999.00  19.78  24.22  23.68  23.21  22.39  14.79  23.06   8.47  22.53  22.15  23.77  24.06  24.70  24.03  25.31  23.71  24.16  24.80
