 wrfout_d04_2016-08-28_00:00:00 999.00  28.18  21.97  29.19  23.89  28.77  29.03  29.47  29.00  29.78  29.21  28.73 999.00  29.32  28.77  29.12  25.63  28.98  18.07  28.48  12.24  27.88  28.10  28.73  29.77  29.71  29.29  30.20  28.81  29.09  28.87
 wrfout_d04_2016-08-28_01:00:00 999.00  28.30  24.57  29.07  26.45  29.10  30.84  29.22  31.04  29.33  30.21  29.67 999.00  30.46  30.55  30.09  26.03  29.94  19.21  29.02  13.24  28.46  27.22  27.42  29.90  30.00  29.99  30.98  29.37  28.70  29.80
 wrfout_d04_2016-08-28_02:00:00 999.00  28.39  23.92  29.06  25.19  29.90  31.61  30.36  31.26  30.78  29.25  30.21 999.00  29.67  32.10  30.69  27.75  30.46  19.75  30.25  13.58  28.52  27.74  26.44  31.54  31.31  30.78  31.50  29.61  29.19  30.45
 wrfout_d04_2016-08-28_03:00:00 999.00  28.16  24.62  28.33  25.33  28.55  30.63  30.27  31.85  31.43  29.08  29.75 999.00  30.72  31.99  30.33  28.47  30.77  19.71  31.04  13.18  28.56  27.86  28.85  32.70  32.18  31.19  31.83  29.83  29.64  30.66
 wrfout_d04_2016-08-28_04:00:00 999.00  28.09  23.05  26.83  24.98  27.39  29.21  27.50  30.59  31.32  29.58  29.83 999.00  32.11  33.33  30.76  29.06  31.17  18.13  31.17  12.09  28.57  28.01  29.22  33.21  32.38  31.02  31.95  30.32  29.82  30.86
 wrfout_d04_2016-08-28_05:00:00 999.00  27.85  21.56  26.02  23.31  26.16  29.43  26.72  29.01  27.50  29.94  28.70 999.00  30.53  34.64  29.31  28.83  30.95  18.10  31.92  12.29  28.58  28.31  29.51  33.18  32.28  31.29  32.14  30.38  29.64  31.24
 wrfout_d04_2016-08-28_06:00:00 999.00  27.36  20.65  25.74  22.34  26.47  27.93  26.75  27.96  26.88  28.57  27.63 999.00  31.62  31.56  29.57  28.38  30.81  19.90  31.45  12.19  28.74  28.56  26.91  32.84  32.40  29.46  32.04  29.91  29.28  31.06
 wrfout_d04_2016-08-28_07:00:00 999.00  27.27  19.88  24.80  21.39  25.78  26.99  25.85  26.65  26.36  27.86  26.40 999.00  30.46  32.11  28.94  28.26  30.60  18.43  31.84  12.58  28.75  28.62  26.24  32.55  32.36  30.08  31.52  29.85  28.96  30.53
 wrfout_d04_2016-08-28_08:00:00 999.00  27.29  19.36  24.29  20.81  25.59  26.28  25.07  26.01  25.37  26.75  26.32 999.00  28.62  31.03  26.84  25.95  29.76  17.72  31.16  11.96  28.90  28.77  25.90  31.49  31.45  29.57  31.39  28.70  28.34  30.01
 wrfout_d04_2016-08-28_09:00:00 999.00  27.29  18.75  23.64  19.99  24.65  25.44  24.79  25.00  24.84  26.39  25.63 999.00  26.96  28.63  26.73  25.34  28.64  16.76  29.98  11.54  28.73  28.70  25.81  30.20  30.48  28.40  31.10  27.41  27.94  29.44
 wrfout_d04_2016-08-28_10:00:00 999.00  27.58  18.91  24.44  20.04  24.68  24.79  24.80  24.71  24.77  25.51  25.41 999.00  26.30  27.76  27.01  23.77  27.91  15.68  28.71  11.05  28.19  28.83  25.22  29.30  29.38  27.91  30.70  26.56  26.75  29.09
 wrfout_d04_2016-08-28_11:00:00 999.00  27.71  18.97  24.30  20.26  25.75  24.51  24.85  24.31  25.01  24.91  24.75 999.00  25.44  27.28  26.97  23.18  27.54  15.00  27.81  10.02  28.12  28.61  24.74  28.91  28.96  26.30  30.76  25.70  26.58  28.84
 wrfout_d04_2016-08-28_12:00:00 999.00  27.86  18.90  23.50  20.23  26.17  24.91  24.39  24.66  24.87  24.97  24.41 999.00  25.40  26.44  26.91  22.97  27.41  14.90  27.21  10.57  27.86  28.14  24.75  28.57  28.62  26.54  31.10  25.32  26.38  28.76
 wrfout_d04_2016-08-28_13:00:00 999.00  28.17  18.85  23.72  19.17  26.32  25.16  24.57  25.06  25.22  24.51  24.66 999.00  25.62  26.43  26.17  22.87  27.17  16.32  26.93   8.99  27.73  28.12  24.87  28.09  28.32  27.32  31.04  25.27  26.43  28.74
 wrfout_d04_2016-08-28_14:00:00 999.00  28.23  19.00  23.91  20.53  26.11  25.27  24.83  25.15  25.26  24.86  24.87 999.00  25.46  26.65  25.78  22.88  26.79  15.83  25.83  10.42  27.83  27.68  25.09  27.19  27.36  26.74  30.79  25.06  26.19  28.46
 wrfout_d04_2016-08-28_15:00:00 999.00  28.27  19.34  24.02  20.70  26.17  25.35  25.11  25.18  25.43  25.53  25.17 999.00  25.54  26.34  25.77  22.73  26.32  15.80  26.03  10.23  27.62  27.53  25.09  27.01  27.38  26.98  30.44  24.58  25.55  27.91
 wrfout_d04_2016-08-28_16:00:00 999.00  28.35  19.12  23.94  20.46  25.10  25.47  25.28  25.23  25.49  25.57  25.29 999.00  25.48  26.04  25.83  22.67  26.74  15.73  25.41  10.33  27.78  27.32  24.97  26.68  27.05  26.92  30.17  24.60  25.60  27.17
 wrfout_d04_2016-08-28_17:00:00 999.00  28.39  19.20  23.96  20.92  26.13  25.51  25.40  26.32  25.67  25.24  25.28 999.00  25.73  25.96  26.51  22.55  26.05  15.60  25.36  10.29  27.38  27.07  24.95  26.80  27.05  26.69  29.88  24.64  25.62  26.87
 wrfout_d04_2016-08-28_18:00:00 999.00  28.25  19.69  23.95  21.19  24.68  25.59  25.28  25.50  25.90  25.12  25.61 999.00  25.76  26.11  26.56  22.43  27.05  15.63  25.66  10.18  27.49  27.14  24.73  26.45  26.62  26.56  29.68  24.57  25.35  26.73
 wrfout_d04_2016-08-28_19:00:00 999.00  28.20  19.93  23.88  20.96  24.54  24.72  25.44  25.20  26.00  25.21  25.79 999.00  25.67  26.24  26.66  22.31  27.35  15.20  24.88  10.11  27.02  27.15  24.41  26.23  26.50  26.28  29.16  24.52  25.70  26.82
 wrfout_d04_2016-08-28_20:00:00 999.00  28.10  19.58  23.89  21.17  24.38  25.48  25.25  24.36  26.05  25.21  25.88 999.00  25.66  26.26  26.66  22.14  27.65  14.52  24.84   9.33  27.43  26.67  24.53  26.12  26.26  26.18  28.72  24.40  25.63  26.54
 wrfout_d04_2016-08-28_21:00:00 999.00  28.00  19.93  23.91  21.44  25.01  25.42  25.36  25.13  26.10  25.19  25.58 999.00  25.69  26.02  26.69  22.08  27.92  15.40  24.54   9.89  27.90  26.79  24.72  26.26  26.53  26.25  28.59  23.96  25.81  26.64
 wrfout_d04_2016-08-28_22:00:00 999.00  27.91  19.60  24.18  21.09  26.00  25.71  25.17  25.26  25.53  25.15  25.70 999.00  25.85  25.62  26.76  22.01  27.87  15.59  24.68  10.17  28.15  26.73  24.64  25.55  26.01  26.30  28.66  24.07  25.51  26.57
 wrfout_d04_2016-08-28_23:00:00 999.00  27.89  20.67  25.85  22.25  26.67  26.99  25.94  25.79  26.10  25.59  26.17 999.00  26.09  25.76  27.09  22.00  28.43  15.91  24.26  10.75  28.20  26.05  25.01  25.51  25.94  26.51  29.12  25.42  25.66  26.99
