 wrfout_d04_2016-07-20_00:00:00 999.00  28.27  24.60  30.04  25.83  29.49  30.35  29.18  30.45  30.06  29.96  30.47 999.00  29.85  29.41  30.32  27.19  29.69  19.79  28.57  15.95  28.49  28.61  29.05  29.96  29.88  30.14  30.55  29.13  28.93  30.27
 wrfout_d04_2016-07-20_01:00:00 999.00  28.82  26.46  31.50  28.01  32.58  32.64  29.95  32.64  31.31  32.03  32.12 999.00  31.11  30.95  31.51  26.81  30.38  20.22  29.67  14.35  28.94  29.21  29.59  31.12  30.84  30.82  31.21  29.65  29.30  31.01
 wrfout_d04_2016-07-20_02:00:00 999.00  28.83  27.10  31.74  28.81  33.54  33.77  30.17  33.72  31.78  32.80  32.90 999.00  31.77  32.27  31.93  27.55  30.97  20.74  30.99  14.93  28.98  29.37  30.03  32.11  31.92  31.41  31.75  30.28  29.79  31.66
 wrfout_d04_2016-07-20_03:00:00 999.00  28.68  27.37  32.03  29.22  33.60  34.57  30.30  34.41  32.01  33.41  33.32 999.00  32.09  33.55  32.07  27.97  31.31  20.43  31.99  14.38  29.03  29.32  30.23  33.11  32.49  31.70  32.11  31.03  30.14  32.10
 wrfout_d04_2016-07-20_04:00:00 999.00  28.75  27.55  32.16  29.44  33.25  35.13  30.39  35.16  32.20  33.76  33.26 999.00  32.24  34.42  32.33  28.90  31.54  19.79  32.72  12.49  29.03  29.33  30.31  33.49  32.77  31.88  32.29  31.90  30.34  32.20
 wrfout_d04_2016-07-20_05:00:00 999.00  28.75  27.62  32.12  29.49  33.06  35.44  30.44  35.35  32.19  33.86  33.12 999.00  32.42  34.67  32.47  27.01  31.58  19.27  32.57  12.66  29.07  29.32  30.37  33.68  32.84  32.02  32.39  32.59  30.39  32.12
 wrfout_d04_2016-07-20_06:00:00 999.00  28.71  27.50  31.59  29.24  32.42  34.53  30.36  34.97  31.19  33.39  32.75 999.00  32.45  34.61  32.26  25.79  31.56  20.12  32.39  12.06  29.28  29.25  30.25  33.63  32.73  31.97  32.44  32.99  30.25  32.03
 wrfout_d04_2016-07-20_07:00:00 999.00  28.79  27.25  31.49  28.85  32.23  34.76  28.82  34.44  29.63  33.00  32.74 999.00  31.85  33.24  32.04  25.77  31.39  18.39  32.30  12.63  29.37  29.15  29.94  33.30  32.39  31.91  32.30  32.69  29.91  31.82
 wrfout_d04_2016-07-20_08:00:00 999.00  28.86  27.08  31.80  28.53  32.61  31.73  28.66  30.90  29.30  30.63  33.70 999.00  31.69  32.59  31.60  23.25  31.06  18.53  31.72  11.74  29.33  29.26  29.61  32.68  31.89  31.69  32.01  31.88  29.51  31.48
 wrfout_d04_2016-07-20_09:00:00 999.00  28.97  25.33  30.88  26.85  31.56  31.90  28.68  31.52  29.29  31.57  31.72 999.00  31.41  32.31  31.15  22.77  30.64  16.85  31.21  11.73  29.30  29.40  29.23  32.00  31.40  31.40  31.59  30.52  28.95  30.99
 wrfout_d04_2016-07-20_10:00:00 999.00  28.93  24.83  30.05  26.14  30.89  31.51  28.59  31.01  29.64  31.27  30.47 999.00  30.58  31.35  30.58  23.43  30.07  16.61  30.34  11.27  29.27  29.41  28.49  31.27  30.63  30.82  31.22  28.82  27.93  30.37
 wrfout_d04_2016-07-20_11:00:00 999.00  28.87  22.84  27.98  23.59  29.30  30.89  27.77  30.38  28.97  29.95  29.50 999.00  30.02  30.43  30.03  21.70  29.45  13.64  29.14   9.33  29.23  29.38  27.49  30.19  29.83  30.33  30.85  26.74  27.06  29.84
 wrfout_d04_2016-07-20_12:00:00 999.00  28.86  22.95  27.44  23.12  28.79  30.55  27.57  29.87  28.68  29.45  29.23 999.00  29.57  29.52  29.74  21.36  29.22  13.54  28.74   6.66  29.23  29.40  27.33  29.85  29.54  29.96  30.48  26.49  26.90  29.65
 wrfout_d04_2016-07-20_13:00:00 999.00  28.88  22.72  27.20  22.85  28.96  30.12  27.17  29.61  28.41  28.85  29.02 999.00  29.37  29.03  29.41  21.07  29.05  12.83  28.40   6.64  29.23  29.31  27.27  29.64  29.34  29.51  30.21  25.73  26.85  29.41
 wrfout_d04_2016-07-20_14:00:00 999.00  28.83  21.93  26.94  22.52  28.80  29.93  27.01  29.36  28.19  28.54  28.77 999.00  29.15  28.73  29.26  20.87  28.93  12.49  28.18   6.35  29.22  29.16  26.95  29.39  29.11  29.20  29.99  25.30  26.77  29.17
 wrfout_d04_2016-07-20_15:00:00 999.00  28.75  21.68  26.57  22.28  28.31  29.66  26.35  28.75  27.64  28.11  28.59 999.00  28.80  28.37  29.01  20.53  28.83  12.50  27.76   6.25  29.17  28.87  26.72  29.02  28.83  28.96  29.81  25.51  26.57  28.85
 wrfout_d04_2016-07-20_16:00:00 999.00  28.68  21.37  26.21  21.99  27.81  30.09  25.99  28.33  26.83  27.92  28.44 999.00  28.53  27.99  28.79  20.33  28.68  12.16  27.13   5.95  29.11  28.34  26.47  28.57  28.44  28.64  29.57  26.09  26.46  28.54
 wrfout_d04_2016-07-20_17:00:00 999.00  28.67  21.10  25.85  21.70  27.64  29.51  25.63  28.82  26.78  27.70  28.32 999.00  28.27  27.64  28.31  20.18  28.51  11.93  26.99   5.73  29.05  27.94  26.28  27.81  27.66  28.34  29.42  24.52  26.16  28.43
 wrfout_d04_2016-07-20_18:00:00 999.00  28.70  20.87  25.50  21.46  27.14  28.76  25.35  28.39  26.51  27.50  28.15 999.00  28.01  27.22  28.16  20.03  28.33  11.59  26.43   5.51  28.96  27.65  26.18  27.31  27.21  28.15  29.22  24.19  25.02  28.15
 wrfout_d04_2016-07-20_19:00:00 999.00  28.73  20.69  25.30  21.38  26.70  28.28  25.16  27.94  26.46  27.52  27.99 999.00  27.72  26.88  28.12  19.88  28.14  11.45  26.15   5.32  28.84  27.03  26.12  26.94  26.80  27.83  29.08  24.20  24.83  28.06
 wrfout_d04_2016-07-20_20:00:00 999.00  28.72  21.22  25.07  21.20  27.04  27.65  25.10  27.29  26.01  27.35  27.92 999.00  27.42  26.59  28.04  19.70  27.98  11.24  25.86   5.03  28.77  26.79  26.05  26.48  26.47  27.33  28.92  23.97  24.65  27.80
 wrfout_d04_2016-07-20_21:00:00 999.00  28.66  21.42  24.82  21.01  26.84  27.29  25.00  26.86  25.77  27.24  27.97 999.00  27.11  26.34  27.87  19.52  27.77  11.01  25.77   4.90  28.68  26.50  25.93  26.20  26.13  26.92  28.92  23.70  24.53  27.55
 wrfout_d04_2016-07-20_22:00:00 999.00  28.50  22.38  27.33  23.51  27.15  27.77  27.17  27.31  26.75  27.78  28.44 999.00  27.29  26.44  28.29  22.02  28.18  14.27  26.01   8.43  28.61  26.66  26.73  26.28  26.06  27.49  29.11  25.85  26.73  27.77
 wrfout_d04_2016-07-20_23:00:00 999.00  28.60  23.54  28.59  24.84  28.86  28.96  28.38  28.77  28.38  29.31  29.61 999.00  28.42  27.66  29.38  23.24  28.99  18.55  27.21  12.40  28.61  27.34  28.01  27.94  27.90  29.29  30.02  27.68  28.21  29.28
