 wrfout_d04_2016-03-08_00:00:00 999.00  21.67  18.12  19.72  19.06  19.66  20.81  16.42  21.13  19.20  22.56  22.83 999.00  17.70  20.52  22.53  20.82  18.27  14.43  16.07   6.85  18.83  19.13  22.30  17.42  18.42  23.04  22.80  22.71  21.66  23.48
 wrfout_d04_2016-03-08_01:00:00 999.00  21.70  19.65  20.79  20.46  22.36  23.24  16.43  23.22  20.94  23.61  23.94 999.00  20.09  22.58  23.36  23.23  20.07  15.76  19.62   7.95  19.07  19.15  22.79  19.02  20.99  24.35  24.07  23.07  21.72  24.76
 wrfout_d04_2016-03-08_02:00:00 999.00  21.72  21.14  21.85  21.91  24.50  25.00  16.74  24.89  22.84  24.91  24.73 999.00  20.89  24.71  23.87  24.89  22.10  16.72  22.16   8.76  19.55  19.45  23.11  22.71  24.04  25.10  24.55  23.67  22.54  25.50
 wrfout_d04_2016-03-08_03:00:00 999.00  21.78  21.58  21.13  22.59  25.76  26.55  17.01  26.81  23.87  24.58  25.16 999.00  21.35  26.38  24.60  25.82  22.98  17.40  24.11   9.40  20.24  20.40  23.45  25.69  26.09  25.46  25.01  24.60  23.93  26.32
 wrfout_d04_2016-03-08_04:00:00 999.00  21.85  22.58  21.61  23.46  26.28  27.93  17.11  27.95  23.62  25.33  25.47 999.00  22.11  27.42  25.52  26.39  23.74  17.73  26.19   9.62  20.66  20.51  23.94  28.05  26.89  25.68  25.96  24.98  24.61  26.52
 wrfout_d04_2016-03-08_05:00:00 999.00  21.92  23.04  21.92  23.73  24.88  27.78  17.76  28.51  23.60  26.27  25.77 999.00  22.22  28.33  25.54  26.52  24.35  17.79  27.27   9.48  21.21  21.09  24.00  28.52  26.69  25.54  26.66  25.00  24.77  26.65
 wrfout_d04_2016-03-08_06:00:00 999.00  21.90  22.69  21.78  23.49  24.98  27.11  18.15  28.20  23.46  26.35  25.87 999.00  22.40  28.47  25.41  26.29  23.82  17.50  28.03   9.30  21.65  22.02  23.83  27.94  26.39  25.31  26.99  24.65  24.73  26.54
 wrfout_d04_2016-03-08_07:00:00 999.00  22.00  21.95  20.75  22.90  24.15  25.88  18.55  27.46  23.04  26.43  25.30 999.00  22.81  28.05  25.03  25.55  23.89  16.89  27.73   8.93  22.17  22.39  23.84  27.00  26.02  25.09  27.24  24.01  24.41  26.01
 wrfout_d04_2016-03-08_08:00:00 999.00  22.02  20.58  20.04  21.71  22.99  24.38  17.52  26.07  22.25  26.11  24.52 999.00  21.97  27.39  24.77  24.64  22.98  15.96  25.96   8.20  22.13  23.12  23.59  26.63  25.97  24.66  26.69  23.48  23.48  25.53
 wrfout_d04_2016-03-08_09:00:00 999.00  21.78  19.14  19.41  20.18  21.10  22.70  17.06  24.81  21.39  25.11  23.82 999.00  20.87  26.26  24.24  23.14  22.88  14.48  24.58   7.21  22.12  23.13  22.69  25.99  25.24  24.15  25.84  22.69  23.08  24.46
 wrfout_d04_2016-03-08_10:00:00 999.00  21.15  16.94  18.19  17.52  20.07  21.22  17.68  23.25  20.25  23.20  23.16 999.00  20.40  22.99  23.61  19.66  22.18  11.74  24.06   5.64  22.29  23.26  22.13  24.76  24.42  23.61  25.14  20.38  22.37  23.60
 wrfout_d04_2016-03-08_11:00:00 999.00  20.41  16.15  18.82  17.63  19.59  20.77  18.23  22.05  19.87  22.73  22.67 999.00  20.18  22.00  23.17  18.10  22.18  12.34  23.30   5.43  22.44  23.31  21.72  24.41  23.98  23.23  24.70  19.63  22.34  23.45
 wrfout_d04_2016-03-08_12:00:00 999.00  20.40  16.43  18.83  17.57  19.63  20.82  18.49  21.56  19.84  22.66  22.45 999.00  21.25  21.78  22.91  17.48  22.26  12.39  22.66   5.21  22.43  23.24  21.70  24.02  23.72  23.28  24.29  19.11  22.34  23.39
 wrfout_d04_2016-03-08_13:00:00 999.00  20.20  15.85  19.00  16.27  19.63  20.77  18.03  21.57  18.12  21.84  22.33 999.00  22.45  22.05  22.61  16.94  22.23  12.31  22.67   5.04  22.34  23.18  21.55  23.97  23.74  23.14  24.15  18.84  22.48  23.37
 wrfout_d04_2016-03-08_14:00:00 999.00  20.15  15.96  18.91  16.59  19.74  20.85  18.15  21.32  18.46  21.20  21.96 999.00  22.46  22.74  22.65  16.54  22.35  12.17  22.38   4.94  22.71  23.07  21.39  23.83  23.50  22.75  24.26  19.80  22.46  23.47
 wrfout_d04_2016-03-08_15:00:00 999.00  20.15  16.21  18.81  16.77  19.49  20.62  18.74  20.94  19.19  20.69  20.81 999.00  22.35  22.43  22.40  16.03  22.67  11.99  22.03   4.79  22.68  22.98  21.26  23.39  23.15  22.68  24.29  19.52  21.68  23.50
 wrfout_d04_2016-03-08_16:00:00 999.00  20.66  16.60  19.48  17.07  19.73  20.64  19.11  20.96  20.19  20.15  20.43 999.00  22.28  22.61  22.19  15.66  21.51  11.73  21.44   4.63  22.44  22.99  21.13  23.64  23.06  22.83  24.34  19.58  22.35  23.28
 wrfout_d04_2016-03-08_17:00:00 999.00  20.70  16.72  19.67  17.23  19.86  20.91  19.93  21.24  20.08  19.68  21.48 999.00  22.24  22.47  22.33  15.16  20.94  11.74  21.03   4.67  22.17  23.01  21.20  23.58  23.37  23.43  24.84  19.03  22.21  23.30
 wrfout_d04_2016-03-08_18:00:00 999.00  21.25  16.88  19.33  17.36  18.96  21.07  19.93  21.26  21.05  19.41  21.42 999.00  22.44  22.42  22.00  14.74  20.82  11.62  21.00   4.68  21.67  22.98  21.40  23.94  22.97  23.46  24.73  18.78  22.35  23.23
 wrfout_d04_2016-03-08_19:00:00 999.00  20.97  16.94  19.38  17.50  18.76  20.36  20.06  20.89  20.85  18.99  20.03 999.00  22.67  22.09  21.60  15.95  20.45  12.22  21.11   5.16  21.29  22.96  21.50  23.03  22.94  23.47  24.34  19.55  22.55  23.12
 wrfout_d04_2016-03-08_20:00:00 999.00  20.93  17.09  19.88  17.65  18.58  21.16  19.36  20.67  21.19  18.65  19.52 999.00  23.03  22.06  22.44  16.09  20.09  12.30  21.28   5.37  21.03  22.40  21.58  22.90  22.73  23.35  24.21  19.55  22.53  23.11
 wrfout_d04_2016-03-08_21:00:00 999.00  20.45  16.92  19.64  17.57  18.38  21.92  19.35  21.41  20.32  18.45  19.16 999.00  23.15  22.13  22.12  16.24  19.93  12.38  21.46   5.44  20.38  22.32  21.49  22.33  22.08  22.18  23.99  19.40  22.25  22.24
 wrfout_d04_2016-03-08_22:00:00 999.00  18.39  17.10  19.65  17.71  18.18  21.25  19.50  21.73  19.86  18.34  18.91 999.00  22.75  22.61  22.29  16.47  20.19  12.56  21.55   5.48  20.17  21.91  21.18  21.54  21.25  21.60  23.77  18.82  22.32  22.39
 wrfout_d04_2016-03-08_23:00:00 999.00  17.19  16.24  18.97  17.69  19.37  20.70  18.99  21.42  19.85  21.65  21.18 999.00  22.24  23.00  22.57  18.40  20.98  12.85  21.83   5.85  20.25  22.03  22.94  22.76  22.80  23.77  24.35  22.14  23.29  23.52
