 wrfout_d04_2016-01-26_00:00:00 999.00  13.14   6.73  11.15   8.12  12.84  10.15  11.86  10.37  11.24  10.65  10.68 999.00  10.26   8.06  14.00   8.86  14.71   5.03   7.42   0.85  15.71  11.93  13.88   6.14   7.60  14.13  11.39  11.69  15.47  15.74
 wrfout_d04_2016-01-26_01:00:00 999.00  13.45   8.07  13.95   9.46  13.77  13.93  13.27  13.91  13.18  12.61  11.92 999.00  12.63  10.87  14.64  11.55  15.41   7.99  10.02   1.95  15.98  12.78  15.39   9.52  10.93  15.67  13.78  12.89  16.21  17.54
 wrfout_d04_2016-01-26_02:00:00 999.00  13.77   9.04  15.13  10.42  14.66  15.29  14.72  15.72  15.38  13.73  13.12 999.00  14.65  13.98  15.37  12.91  16.15   9.61  11.90   2.73  16.26  13.82  17.03  12.58  13.58  16.58  15.88  14.14  16.17  18.55
 wrfout_d04_2016-01-26_03:00:00 999.00  14.13   9.91  15.98  11.33  15.78  16.42  15.97  16.93  17.26  14.24  14.22 999.00  15.76  15.85  16.02  13.70  16.88  10.94  13.35   3.20  16.49  14.58  16.39  14.50  15.40  17.25  17.39  14.37  16.33  19.32
 wrfout_d04_2016-01-26_04:00:00 999.00  14.66  10.56  16.75  12.00  16.63  17.52  17.22  17.98  18.61  14.57  14.88 999.00  16.84  17.65  16.60  14.50  17.22  11.41  14.52   3.53  16.61  15.22  17.13  16.11  16.64  17.93  18.47  14.59  16.99  19.35
 wrfout_d04_2016-01-26_05:00:00 999.00  15.26  11.19  17.34  12.61  17.06  18.35  18.22  18.64  19.34  14.69  15.30 999.00  17.51  18.68  16.82  11.59  17.36  11.57  15.37   3.73  16.71  16.12  17.36  17.29  17.79  18.56  19.07  15.26  16.63  19.87
 wrfout_d04_2016-01-26_06:00:00 999.00  15.85  11.34  17.43  12.76  16.91  18.39  18.65  18.55  19.84  15.06  15.43 999.00  18.19  19.74  17.03  12.05  17.36  10.60  15.87   3.81  16.99  16.88  16.89  17.82  18.18  18.86  19.66  16.70  17.11  20.03
 wrfout_d04_2016-01-26_07:00:00 999.00  16.11  10.79  17.06  12.46  16.90  17.62  18.70  18.30  20.13  14.95  15.38 999.00  18.29  20.15  17.96  12.29  17.13   8.43  16.44   3.62  17.15  17.39  16.53  17.97  18.30  18.69  20.09  15.34  17.73  20.32
 wrfout_d04_2016-01-26_08:00:00 999.00  16.23  10.31  16.20  11.76  16.25  17.05  18.28  17.51  19.72  14.79  15.21 999.00  18.28  19.63  17.99  13.00  16.94   7.97  16.36   3.27  17.27  17.69  16.27  17.83  18.09  18.53  20.13  14.66  17.34  19.66
 wrfout_d04_2016-01-26_09:00:00 999.00  16.58   9.74  15.01  11.02  15.93  16.24  16.81  16.22  18.46  14.44  15.11 999.00  17.76  18.48  17.77  11.28  16.60   7.42  15.99   1.28  17.49  17.74  15.91  17.40  17.59  17.89  19.39  14.05  17.33  19.11
 wrfout_d04_2016-01-26_10:00:00 999.00  17.19   9.30  14.35  10.48  15.72  14.80  15.41  15.00  16.29  14.00  14.63 999.00  17.20  16.97  17.59   7.69  16.34   3.68  15.41   0.91  17.68  17.63  15.85  16.66  16.79  17.50  18.67  13.64  17.33  18.29
 wrfout_d04_2016-01-26_11:00:00 999.00  17.66   9.55  14.54  10.76  15.87  14.74  14.67  14.46  14.98  13.70  14.23 999.00  17.09  16.29  17.40   7.41  16.40   2.06  15.02   0.75  17.88  17.73  15.70  16.25  16.44  17.54  18.00  13.78  17.25  18.45
 wrfout_d04_2016-01-26_12:00:00 999.00  17.94   9.69  14.74  10.91  15.71  14.38  14.11  14.14  13.96  13.79  14.02 999.00  17.08  16.28  17.19   7.34  16.54   2.06  14.73   0.48  18.13  17.91  15.86  15.87  16.29  17.57  17.78  13.62  17.75  18.09
 wrfout_d04_2016-01-26_13:00:00 999.00  18.03   9.92  15.27  11.21  15.56  15.33  14.70  14.89  14.75  13.80  13.96 999.00  16.45  16.10  16.94   7.39  16.69   2.01  14.45   0.79  18.35  17.88  15.92  15.52  16.09  17.42  17.63  13.87  17.86  18.61
 wrfout_d04_2016-01-26_14:00:00 999.00  17.84  10.24  15.43  11.48  14.84  15.46  14.66  14.89  14.60  14.12  13.75 999.00  15.92  15.91  17.30   7.54  16.66   1.90  13.86   1.20  18.46  17.81  15.99  15.34  15.71  17.58  17.44  14.10  17.74  18.13
 wrfout_d04_2016-01-26_15:00:00 999.00  17.75  10.45  15.64  11.73  14.73  15.60  14.89  14.96  14.35  13.99  14.03 999.00  15.88  15.50  17.60   7.63  16.53   1.73  13.45   1.32  18.53  17.86  15.99  15.04  15.09  18.00  17.27  14.31  17.81  18.30
 wrfout_d04_2016-01-26_16:00:00 999.00  17.78  10.69  15.95  11.98  14.53  15.84  14.90  15.02  14.19  13.97  14.32 999.00  15.78  14.90  17.68   7.70  16.59   1.55  13.42   1.40  18.65  17.73  16.22  14.35  14.73  18.28  17.07  14.38  17.58  18.38
 wrfout_d04_2016-01-26_17:00:00 999.00  17.75  11.02  16.24  12.21  14.88  15.92  14.54  15.23  14.03  14.11  14.55 999.00  15.13  14.16  17.82   7.65  16.72   1.64  13.30   1.23  18.83  17.92  16.14  13.62  14.51  18.17  16.75  14.47  18.11  18.76
 wrfout_d04_2016-01-26_18:00:00 999.00  18.30  11.33  16.35  12.41  14.99  15.92  13.79  13.36  12.06  14.15  14.48 999.00  14.43  13.41  16.54   7.57  16.53   2.26  13.12   1.43  18.88  17.33  16.33  12.91  13.77  18.13  16.55  14.95  18.25  18.40
 wrfout_d04_2016-01-26_19:00:00 999.00  18.91  11.16  16.25  12.28  15.04  13.81  13.77  13.25  11.50  14.23  14.58 999.00  13.70  12.69  16.40   7.56  16.48   3.37  12.68   1.56  18.96  17.45  16.51  12.39  12.81  17.73  16.52  15.14  18.52  18.76
 wrfout_d04_2016-01-26_20:00:00 999.00  19.08  11.34  16.42  12.41  15.17  13.66  13.70  13.52  10.90  14.47  14.80 999.00  12.50  12.00  15.92   7.47  16.86   4.35  12.11   1.81  19.16  15.96  16.58  11.80  12.10  17.69  16.15  15.20  18.56  19.63
 wrfout_d04_2016-01-26_21:00:00 999.00  19.50  11.54  16.64  12.66  15.27  13.76  12.95  13.67  10.24  15.34  14.61 999.00  12.80  11.69  16.84   7.40  17.16   4.16  11.87   1.92  19.21  15.05  16.40  11.39  11.78  17.97  15.62  15.19  18.55  20.09
 wrfout_d04_2016-01-26_22:00:00 999.00  19.78  11.79  16.91  12.84  15.41  14.08  13.47  13.91  10.22  15.70  16.15 999.00  14.15  11.98  17.02   7.50  17.42   3.37  11.83   2.39  19.36  14.74  16.58  11.62  12.41  18.07  15.83  15.31  18.37  20.28
 wrfout_d04_2016-01-26_23:00:00 999.00  20.13  12.37  17.51  13.53  15.69  16.79  13.27  16.33  12.45  15.43  16.67 999.00  14.38  13.07  17.34   8.92  17.66   6.37  12.96   2.69  19.37  15.36  16.96  13.01  13.28  18.48  16.80  15.84  18.88  20.38
