 wrfout_d04_2016-10-05_00:00:00 999.00  27.02  22.09  27.89  23.49  27.29  27.70  27.35  27.89  27.62  26.66  26.80 999.00  27.61  27.59  27.29  23.96  28.48  18.39  27.02  12.34  27.35  27.79  27.60  28.55  28.70  28.70  30.02  27.12  26.79  28.50
 wrfout_d04_2016-10-05_01:00:00 999.00  27.01  23.08  29.16  24.60  28.44  29.15  28.30  29.43  29.51  28.35  27.86 999.00  28.78  29.24  28.76  25.28  29.11  18.44  28.24  13.24  27.47  27.83  28.40  30.21  30.28  29.29  31.06  27.86  27.44  29.54
 wrfout_d04_2016-10-05_02:00:00 999.00  26.97  23.46  29.85  24.97  28.01  30.26  28.78  30.79  30.76  29.37  28.94 999.00  29.25  30.68  29.22  26.86  29.38  19.17  29.40  14.09  27.71  27.95  28.62  31.44  31.61  29.66  31.76  28.52  27.97  30.41
 wrfout_d04_2016-10-05_03:00:00 999.00  26.97  23.97  30.48  25.48  27.79  30.75  28.70  31.28  31.68  29.53  29.43 999.00  30.11  32.19  29.69  27.50  29.53  19.94  30.29  14.53  27.43  27.69  28.87  32.16  32.36  30.27  32.21  28.84  28.33  31.09
 wrfout_d04_2016-10-05_04:00:00 999.00  26.97  24.07  30.66  25.62  27.01  30.98  29.31  31.68  31.99  29.87  29.60 999.00  30.70  33.11  30.08  28.00  29.65  20.33  31.33  14.87  27.28  27.67  28.90  32.34  32.51  30.29  31.72  28.93  28.44  31.20
 wrfout_d04_2016-10-05_05:00:00 999.00  27.00  22.82  30.32  25.20  27.09  30.62  29.20  31.05  32.12  29.69  29.45 999.00  30.47  33.41  30.64  27.83  29.50  20.48  31.79  14.76  27.31  27.67  28.66  32.57  32.62  30.29  31.44  28.85  28.38  31.07
 wrfout_d04_2016-10-05_06:00:00 999.00  26.98  22.89  29.97  24.96  26.73  30.44  28.89  30.16  31.98  28.62  28.90 999.00  30.17  33.54  30.40  27.46  29.17  20.01  31.47  14.36  27.26  27.57  28.60  32.43  32.50  29.95  31.61  28.53  28.12  31.00
 wrfout_d04_2016-10-05_07:00:00 999.00  27.06  21.80  29.19  24.17  27.00  29.45  28.60  29.21  31.29  28.11  28.55 999.00  29.84  33.18  30.14  27.81  28.77  19.48  30.80  13.58  27.08  27.47  28.27  31.69  31.80  29.76  31.59  27.98  27.64  30.45
 wrfout_d04_2016-10-05_08:00:00 999.00  27.00  21.57  28.51  23.61  26.72  28.13  28.16  28.60  30.05  28.12  27.49 999.00  29.19  32.29  29.54  26.88  28.27  18.34  30.29  12.53  27.08  27.55  27.65  30.77  30.96  29.28  31.21  27.21  26.93  29.61
 wrfout_d04_2016-10-05_09:00:00 999.00  27.02  21.53  27.09  22.74  26.49  27.63  27.18  27.97  28.80  27.36  27.12 999.00  28.42  30.94  28.69  25.30  27.77  16.88  29.56  10.60  27.15  27.61  26.80  29.81  29.85  28.49  30.56  26.12  26.21  28.75
 wrfout_d04_2016-10-05_10:00:00 999.00  27.03  21.27  25.09  22.33  26.28  26.86  26.77  27.09  27.93  26.44  26.95 999.00  27.89  29.53  27.91  23.19  27.25  14.78  28.26   9.83  27.24  27.59  26.38  28.53  28.71  27.95  30.31  25.37  25.88  28.03
 wrfout_d04_2016-10-05_11:00:00 999.00  26.97  21.36  25.01  22.35  26.29  26.72  26.67  26.79  27.70  26.05  26.89 999.00  28.22  29.03  27.56  22.37  27.13  14.46  27.18   9.90  27.22  27.64  26.21  28.10  28.13  27.64  30.14  25.11  25.89  27.81
 wrfout_d04_2016-10-05_12:00:00 999.00  26.93  21.64  25.08  22.69  26.34  26.76  26.61  26.84  27.59  26.17  26.85 999.00  28.11  29.29  27.52  21.88  27.05  14.09  26.91   9.80  27.25  27.70  26.75  27.90  27.92  27.52  30.22  24.54  26.18  27.70
 wrfout_d04_2016-10-05_13:00:00 999.00  26.94  21.58  25.07  22.54  26.22  26.78  26.65  26.73  27.65  26.08  26.45 999.00  28.05  28.91  27.66  21.60  26.93  13.85  26.94   9.99  27.22  27.39  26.51  27.72  27.78  27.90  30.00  24.74  25.99  27.24
 wrfout_d04_2016-10-05_14:00:00 999.00  26.96  21.77  26.14  22.41  26.29  27.01  26.50  26.63  27.61  25.99  26.24 999.00  27.71  28.40  28.21  21.36  27.24  13.69  26.86  10.00  27.31  27.06  27.06  27.52  27.73  28.00  29.46  24.55  26.12  27.27
 wrfout_d04_2016-10-05_15:00:00 999.00  26.91  21.89  25.96  22.60  26.27  26.73  26.43  26.91  27.40  26.38  26.53 999.00  27.60  28.06  27.02  21.20  26.92  13.47  26.88  10.13  27.33  27.01  25.33  27.36  27.66  28.12  28.99  24.76  26.31  27.17
 wrfout_d04_2016-10-05_16:00:00 999.00  26.89  21.98  24.92  22.60  26.27  26.78  26.34  26.80  27.33  26.31  26.50 999.00  27.59  27.92  27.13  21.25  26.88  13.21  26.28   9.88  27.32  27.01  25.99  27.07  27.43  24.11  28.65  23.34  26.17  26.70
 wrfout_d04_2016-10-05_17:00:00 999.00  26.87  21.97  24.90  22.59  26.35  26.90  26.30  26.73  26.96  26.38  26.69 999.00  27.24  27.77  27.13  21.15  26.89  15.02  26.20   9.61  27.23  26.62  25.93  26.88  27.18  26.93  28.48  23.97  26.11  26.16
 wrfout_d04_2016-10-05_18:00:00 999.00  26.81  21.96  24.96  22.60  26.17  26.97  26.37  26.84  27.13  26.39  26.71 999.00  27.11  27.69  26.81  21.20  26.83  14.15  25.58  10.90  27.44  26.19  25.68  26.68  26.73  26.92  27.93  24.26  26.04  26.94
 wrfout_d04_2016-10-05_19:00:00 999.00  26.84  21.88  25.09  22.74  26.16  26.95  26.67  26.84  27.45  26.52  26.70 999.00  26.79  27.30  27.38  20.89  26.83  13.80  25.50  10.48  27.45  26.37  25.61  26.36  26.51  27.07  27.94  24.45  26.02  27.15
 wrfout_d04_2016-10-05_20:00:00 999.00  27.01  21.99  25.04  22.83  26.19  26.92  26.66  26.92  27.51  26.59  26.70 999.00  26.66  26.82  27.21  20.42  26.83  13.29  25.24  10.23  27.34  26.01  25.74  26.31  26.37  27.12  27.89  25.31  25.88  26.70
 wrfout_d04_2016-10-05_21:00:00 999.00  27.11  22.07  26.94  22.90  26.28  26.96  26.73  27.03  27.50  26.71  26.76 999.00  26.56  26.44  27.50  20.28  26.81  13.24  25.17  10.46  27.25  26.16  25.97  26.08  26.22  27.63  28.09  25.68  25.78  27.02
 wrfout_d04_2016-10-05_22:00:00 999.00  27.22  22.23  26.99  22.90  26.24  26.93  26.78  26.89  27.63  26.72  26.58 999.00  26.36  26.19  27.65  20.58  26.65  13.24  24.73  10.49  27.14  25.92  25.86  25.95  26.14  27.75  28.06  25.75  25.58  27.03
 wrfout_d04_2016-10-05_23:00:00 999.00  27.28  22.28  27.93  23.65  27.48  27.86  27.86  27.35  28.70  27.06  27.36 999.00  27.53  26.72  27.76  24.01  27.42  17.19  25.29  10.29  27.07  26.26  25.99  26.86  26.97  27.89  28.63  25.65  25.56  27.07
