 wrfout_d04_2016-11-19_00:00:00 999.00  25.37  21.90  24.12  22.36  25.27  24.50  21.41  24.92  21.30  25.70  26.36 999.00  22.51  23.94  26.55  23.98  25.45  17.75  20.91  10.94  25.27  22.07  26.09  24.20  24.83  27.02  27.68  26.62  26.94  27.37
 wrfout_d04_2016-11-19_01:00:00 999.00  25.41  21.80  25.15  23.20  26.27  26.42  22.16  26.32  24.47  27.00  27.53 999.00  24.40  26.88  27.77  26.02  26.50  20.34  24.03  11.97  25.54  23.86  26.84  26.42  26.99  28.31  29.37  27.65  26.68  28.79
 wrfout_d04_2016-11-19_02:00:00 999.00  25.43  22.55  25.17  23.80  26.97  27.84  23.34  27.99  26.44  27.74  28.21 999.00  25.79  29.22  28.59  27.82  27.50  19.15  26.41  12.77  25.60  25.09  27.28  28.33  28.83  29.06  30.65  28.40  26.87  29.61
 wrfout_d04_2016-11-19_03:00:00 999.00  25.41  24.40  25.67  25.73  26.96  27.98  24.76  28.65  27.93  28.53  28.70 999.00  26.51  30.37  28.84  26.70  27.93  19.56  28.38  12.48  25.68  25.62  27.56  29.71  30.29  29.27  31.31  29.10  28.61  29.71
 wrfout_d04_2016-11-19_04:00:00 999.00  25.37  24.81  26.43  26.10  25.80  27.94  24.92  28.26  28.79  28.86  28.98 999.00  26.76  31.05  28.95  26.92  28.26  19.71  29.85  11.40  25.89  26.05  27.46  30.98  31.35  29.32  31.50  29.45  28.72  30.30
 wrfout_d04_2016-11-19_05:00:00 999.00  25.37  24.76  26.50  26.07  26.77  28.47  25.09  28.78  28.90  28.82  28.93 999.00  27.19  31.17  28.98  26.93  28.16  19.47  30.74  10.46  25.93  26.33  27.49  31.51  32.02  29.52  31.57  29.16  28.17  30.22
 wrfout_d04_2016-11-19_06:00:00 999.00  25.34  24.40  26.49  25.80  26.49  29.65  25.21  29.90  28.82  28.57  28.42 999.00  27.09  31.08  28.74  26.64  27.87  18.50  31.07   9.98  25.83  26.70  27.59  32.08  32.25  29.54  31.84  28.60  28.02  30.02
 wrfout_d04_2016-11-19_07:00:00 999.00  25.36  23.50  26.25  25.09  26.05  28.92  25.21  29.06  28.54  27.63  27.12 999.00  26.88  30.54  28.31  25.97  27.33  17.86  30.49   9.91  25.82  26.64  27.32  31.32  31.50  29.26  31.75  27.89  27.58  29.47
 wrfout_d04_2016-11-19_08:00:00 999.00  25.41  22.21  25.78  23.78  24.89  27.99  23.89  28.12  27.35  27.22  26.62 999.00  26.39  29.59  27.65  24.76  26.55  16.73  29.48  10.50  25.76  26.58  26.89  30.33  30.53  28.62  31.11  26.90  27.05  28.65
 wrfout_d04_2016-11-19_09:00:00 999.00  25.48  20.01  23.51  20.90  24.57  26.95  22.90  27.06  25.68  26.39  25.74 999.00  25.60  28.29  27.13  21.35  25.81  13.08  27.60   7.94  25.73  26.61  25.75  28.79  29.06  27.85  30.17  25.35  25.84  27.60
 wrfout_d04_2016-11-19_10:00:00 999.00  25.62  19.55  23.42  22.04  24.83  26.46  23.55  26.41  24.27  25.66  25.43 999.00  25.46  27.30  26.94  20.41  25.58  12.41  26.19   7.91  25.78  26.72  25.17  27.68  27.89  27.51  29.77  24.64  25.57  27.28
 wrfout_d04_2016-11-19_11:00:00 999.00  25.72  20.52  24.28  21.80  25.14  26.27  24.03  26.12  24.03  25.47  25.09 999.00  25.50  26.97  26.54  19.95  25.47  12.02  25.86   7.94  25.81  26.73  24.91  27.28  27.45  27.23  29.77  24.22  25.46  27.07
 wrfout_d04_2016-11-19_12:00:00 999.00  25.82  20.36  24.16  21.40  25.25  26.32  23.97  26.12  24.20  25.39  24.91 999.00  25.52  26.72  26.31  19.62  25.48  11.46  25.52   7.87  25.99  26.48  24.66  26.72  27.10  26.98  29.82  23.98  25.26  26.87
 wrfout_d04_2016-11-19_13:00:00 999.00  25.85  20.71  24.21  21.27  25.25  26.42  23.93  26.91  24.39  25.32  24.72 999.00  25.51  26.82  26.15  19.39  25.59  11.01  25.15   7.85  26.29  26.50  24.41  25.85  26.53  26.72  29.80  23.80  25.28  26.64
 wrfout_d04_2016-11-19_14:00:00 999.00  25.86  20.19  24.20  21.38  25.31  26.22  23.60  25.53  24.35  24.85  24.60 999.00  25.72  26.80  25.97  19.14  25.48  10.57  24.65   7.80  26.58  26.55  24.18  25.54  25.97  26.45  29.77  23.62  25.25  26.41
 wrfout_d04_2016-11-19_15:00:00 999.00  25.86  19.62  24.43  21.35  25.22  25.60  22.59  25.13  23.83  24.50  24.21 999.00  25.46  26.61  25.78  18.86  25.37  10.19  24.46   7.81  26.55  25.88  23.97  25.34  25.66  26.22  29.38  23.50  25.10  26.12
 wrfout_d04_2016-11-19_16:00:00 999.00  25.84  18.92  22.89  19.79  25.45  24.64  23.22  24.38  23.29  24.17  23.84 999.00  25.12  26.30  25.69  18.63  25.39   9.98  24.12   7.66  26.56  25.29  23.76  24.96  25.45  26.05  28.96  23.40  25.00  25.89
 wrfout_d04_2016-11-19_17:00:00 999.00  25.79  18.74  23.50  19.61  24.57  24.16  23.51  23.93  22.81  23.99  23.69 999.00  24.69  26.11  25.70  18.40  25.10   9.89  24.29   7.62  26.62  25.35  23.57  24.36  25.32  25.99  29.01  23.47  24.92  25.91
 wrfout_d04_2016-11-19_18:00:00 999.00  25.59  18.65  22.55  19.51  23.88  23.56  24.22  23.32  23.08  23.80  23.44 999.00  23.61  25.98  25.57  18.16  24.25   9.85  24.26   7.56  26.76  25.44  23.44  24.01  25.01  25.76  28.89  24.44  24.79  25.76
 wrfout_d04_2016-11-19_19:00:00 999.00  25.45  18.42  22.17  19.34  23.53  23.13  22.90  22.98  23.52  23.35  23.34 999.00  23.17  24.49  25.24  17.88  24.24   9.67  24.16   7.41  26.81  25.34  23.35  23.91  24.92  25.60  28.60  23.57  24.53  25.72
 wrfout_d04_2016-11-19_20:00:00 999.00  25.62  18.30  21.91  19.16  23.13  22.61  22.56  22.55  23.57  23.09  23.04 999.00  22.98  23.62  24.90  17.65  24.94   9.53  22.57   7.46  26.75  25.18  23.29  23.83  24.34  25.44  28.19  24.15  24.66  25.79
 wrfout_d04_2016-11-19_21:00:00 999.00  25.62  18.17  21.63  19.01  22.87  22.22  23.12  22.19  23.53  22.88  22.99 999.00  23.49  23.34  24.65  17.50  24.69   9.52  21.73   7.66  26.45  24.63  23.24  23.23  24.00  25.33  28.08  24.17  24.77  25.83
 wrfout_d04_2016-11-19_22:00:00 999.00  25.14  18.01  21.47  18.98  22.60  21.97  23.10  21.96  23.10  22.76  22.98 999.00  23.54  23.13  24.67  17.37  24.31   9.65  21.31   7.69  25.90  24.51  23.20  23.07  23.93  25.39  28.10  24.19  24.86  25.75
 wrfout_d04_2016-11-19_23:00:00 999.00  24.78  20.49  24.00  21.75  23.84  23.06  23.35  23.32  23.67  24.66  24.89 999.00  23.97  23.61  26.06  20.68  23.82  13.73  20.80   8.81  25.43  24.39  25.61  23.07  23.83  26.03  28.39  25.08  25.80  26.45
