 wrfout_d04_2016-01-22_00:00:00 999.00  16.14  10.74  14.68  11.43  15.36  15.09  15.69  14.88  15.46  15.82  16.17 999.00  16.06  16.20  19.26  16.78  17.50   9.57  14.36   4.11  18.80  18.26  19.83  16.65  16.36  21.08  19.40  19.90  21.71  21.84
 wrfout_d04_2016-01-22_01:00:00 999.00  16.11  10.79  14.90  11.51  15.34  15.44  15.62  15.24  15.74  15.98  16.73 999.00  16.29  16.50  19.69  19.42  17.14   9.70  15.35   4.31  19.24  18.78  20.60  17.74  18.09  21.78  19.37  19.96  22.07  23.22
 wrfout_d04_2016-01-22_02:00:00 999.00  16.23  10.91  14.95  11.69  15.43  15.48  15.57  15.24  15.96  16.34  16.65 999.00  16.54  17.32  20.34  19.26  17.60   9.87  15.99   4.07  19.38  18.16  21.38  17.21  17.81  23.07  20.35  20.62  22.90  24.39
 wrfout_d04_2016-01-22_03:00:00 999.00  16.37  11.04  14.97  11.78  15.49  15.60  15.63  15.26  15.95  16.43  16.77 999.00  18.02  17.29  21.14  19.65  18.00  10.49  16.26   4.21  19.85  18.85  21.83  17.75  18.27  23.84  22.04  22.06  24.01  25.64
 wrfout_d04_2016-01-22_04:00:00 999.00  16.29  11.13  14.97  11.86  15.53  15.57  15.64  15.29  15.70  16.67  17.01 999.00  17.34  17.92  22.35  19.45  18.03  10.75  18.56   4.60  19.80  19.72  22.13  18.37  18.66  24.30  22.92  23.35  24.29  26.02
 wrfout_d04_2016-01-22_05:00:00 999.00  16.17  11.03  15.09  11.78  15.40  15.62  15.47  15.32  15.90  16.97  17.05 999.00  17.19  17.89  22.68  18.72  17.60  10.86  17.33   4.94  19.40  20.16  22.11  18.94  19.57  24.40  23.92  23.52  24.43  26.46
 wrfout_d04_2016-01-22_06:00:00 999.00  16.27  11.03  14.85  11.97  15.38  15.81  15.25  15.45  15.69  16.87  16.78 999.00  17.45  18.93  22.66  19.26  17.78  11.24  17.29   5.15  19.29  20.31  22.10  20.58  20.51  24.47  24.12  23.30  24.46  25.97
 wrfout_d04_2016-01-22_07:00:00 999.00  16.13  10.69  14.62  11.64  15.22  15.25  15.29  15.21  15.51  16.73  17.06 999.00  17.12  17.40  22.18  20.15  17.43  10.67  18.27   5.27  19.32  20.07  21.77  20.64  20.87  23.94  24.38  23.03  24.19  25.38
 wrfout_d04_2016-01-22_08:00:00 999.00  16.13  10.54  14.48  11.46  15.10  15.08  15.15  15.07  15.12  16.82  16.35 999.00  16.63  16.81  21.59  17.61  16.87  10.65  17.59   5.32  19.41  20.23  21.15  19.95  20.15  23.43  24.17  22.00  23.74  24.76
 wrfout_d04_2016-01-22_09:00:00 999.00  16.27  10.48  14.42  11.39  15.02  14.84  15.04  14.84  14.96  15.98  16.08 999.00  16.10  16.47  20.82  16.35  16.86  10.34  16.85   5.44  19.11  20.08  20.85  19.54  19.73  23.08  23.67  21.64  22.67  24.28
 wrfout_d04_2016-01-22_10:00:00 999.00  16.20  10.42  14.24  11.30  14.93  14.67  15.13  14.72  14.85  15.63  15.82 999.00  15.76  15.72  20.20  15.46  16.73  10.42  16.42   5.54  18.86  20.14  20.86  18.78  19.05  23.06  23.63  20.87  21.82  24.04
 wrfout_d04_2016-01-22_11:00:00 999.00  16.25  10.34  14.19  11.24  14.86  14.58  14.99  14.64  14.72  15.58  15.68 999.00  15.64  15.78  19.91  14.21  16.54  10.51  15.80   5.66  18.50  19.25  20.96  18.42  18.73  22.99  22.77  20.46  21.44  23.85
 wrfout_d04_2016-01-22_12:00:00 999.00  16.23  10.23  14.07  11.15  14.82  14.48  14.97  14.54  14.69  15.50  15.59 999.00  15.71  15.28  19.51  14.14  16.32  10.37  15.42   5.62  18.46  18.83  20.51  17.95  18.23  22.78  22.05  19.10  21.35  23.81
 wrfout_d04_2016-01-22_13:00:00 999.00  16.17  10.16  13.96  11.04  14.77  14.43  14.81  14.43  14.45  15.38  15.47 999.00  15.59  15.00  19.23  14.18  15.81  10.24  14.66   5.51  18.01  18.79  20.43  17.23  17.50  22.25  20.79  19.24  21.08  23.64
 wrfout_d04_2016-01-22_14:00:00 999.00  16.15  10.06  13.88  10.95  14.72  14.34  14.64  14.31  14.18  15.21  15.18 999.00  15.37  14.84  19.04  14.05  15.19  10.23  14.35   5.58  17.64  18.75  20.37  16.77  16.94  21.92  20.21  19.76  20.87  23.21
 wrfout_d04_2016-01-22_15:00:00 999.00  16.10   9.98  13.90  10.92  14.69  14.29  14.28  14.21  14.08  15.13  14.95 999.00  15.12  14.79  18.74  13.54  14.39  10.17  13.81   5.59  17.23  17.98  18.91  16.46  16.40  21.91  19.26  18.84  19.85  22.53
 wrfout_d04_2016-01-22_16:00:00 999.00  15.97   9.80  13.77  10.76  14.50  14.17  13.82  14.14  13.64  15.04  14.74 999.00  14.45  14.36  18.56  12.46  13.88  10.06  13.41   5.55  16.27  17.80  18.59  15.98  16.06  21.47  18.62  19.81  21.55  22.01
 wrfout_d04_2016-01-22_17:00:00 999.00  15.80   9.82  13.62  10.70  14.46  14.08  13.49  14.18  13.21  14.97  14.66 999.00  13.57  13.77  18.45  12.03  13.50  10.00  13.25   5.53  15.88  17.19  18.03  15.62  15.74  20.55  17.48  18.75  21.55  21.20
 wrfout_d04_2016-01-22_18:00:00 999.00  15.41   9.44  13.05  10.38  14.14  13.80  13.26  13.90  12.92  14.72  14.57 999.00  13.07  12.65  18.26  11.40  13.22   9.50  12.13   5.43  15.57  16.19  17.89  15.58  15.61  20.23  16.77  19.98  21.39  20.46
 wrfout_d04_2016-01-22_19:00:00 999.00  15.19   8.64  12.56   9.58  13.55  13.42  13.09  13.33  12.74  14.41  14.26 999.00  12.96  12.36  18.28  11.15  13.10   9.43  11.17   5.04  15.33  15.55  17.40  13.72  13.73  19.78  16.45  19.38  20.86  19.93
 wrfout_d04_2016-01-22_20:00:00 999.00  14.85   8.00  12.03   9.00  13.17  13.05  12.24  12.96  12.16  13.98  14.05 999.00  13.41  12.44  18.23  10.66  13.18   9.39  11.09   5.00  15.28  15.21  16.71  13.36  13.38  19.39  14.90  18.63  20.28  19.46
 wrfout_d04_2016-01-22_21:00:00 999.00  14.37   7.40  11.41   8.37  12.65  12.51  11.68  12.40  11.49  13.70  13.57 999.00  12.92  12.31  18.24  10.49  12.82   9.16  11.05   4.65  15.04  14.95  16.76  12.94  13.01  19.09  14.23  18.06  19.70  19.59
 wrfout_d04_2016-01-22_22:00:00 999.00  13.97   6.86  10.84   7.81  12.14  11.96  11.27  11.75  11.05  13.33  13.15 999.00  12.43  11.56  18.03  10.26  12.54   9.02  11.50   4.37  14.71  15.21  16.64  13.82  13.63  18.79  14.13  17.76  19.51  19.43
 wrfout_d04_2016-01-22_23:00:00 999.00  13.59   6.43  10.42   7.38  11.74  11.52  11.01  11.25  10.70  13.15  12.68 999.00  12.09  11.36  17.61  10.43  12.51   8.91  10.59   4.10  14.59  15.01  16.31  13.51  13.58  18.43  14.72  17.40  19.15  19.32
