 wrfout_d04_2016-02-17_00:00:00 999.00  16.11   9.25  13.50  10.01  14.73  14.06  14.08  13.76  13.98  13.59  14.29 999.00  14.50  14.33  16.78  13.22  16.06   6.90  12.67  -0.31  17.73  16.83  17.20  14.05  14.20  17.70  16.60  16.23  19.00  18.83
 wrfout_d04_2016-02-17_01:00:00 999.00  16.34  10.33  15.00  11.16  15.43  14.75  14.89  15.00  14.50  14.32  14.62 999.00  15.08  14.97  17.41  13.69  16.23   8.41  13.20   1.09  17.82  16.52  18.17  14.43  14.60  19.39  17.01  17.36  18.96  19.58
 wrfout_d04_2016-02-17_02:00:00 999.00  16.45  11.18  16.79  11.96  16.15  16.02  15.41  16.37  15.10  15.26  14.94 999.00  15.52  15.28  17.95  14.89  16.39   9.18  13.69   2.44  17.87  16.61  18.57  15.04  15.26  20.59  17.50  18.80  19.39  20.90
 wrfout_d04_2016-02-17_03:00:00 999.00  16.41  11.57  16.89  12.38  16.10  16.69  15.85  16.72  15.72  15.87  15.25 999.00  15.94  15.68  18.13  14.98  16.62   9.48  14.20   3.16  17.87  17.04  18.71  15.73  16.00  21.80  18.33  18.65  20.39  22.70
 wrfout_d04_2016-02-17_04:00:00 999.00  16.46  11.69  16.46  12.78  15.99  16.51  16.30  16.76  16.07  16.04  15.49 999.00  16.14  16.04  18.01  14.62  17.93   9.04  14.93   3.43  17.87  17.57  18.99  16.20  16.63  21.71  20.19  17.89  18.40  23.61
 wrfout_d04_2016-02-17_05:00:00 999.00  16.54   9.81  15.87  11.00  16.04  16.28  16.18  16.37  15.99  15.58  15.67 999.00  16.40  16.38  18.01  14.42  17.09   8.13  15.46   3.50  17.95  18.32  19.57  17.12  17.45  21.33  21.79  19.46  19.19  23.45
 wrfout_d04_2016-02-17_06:00:00 999.00  16.60   9.26  15.48  10.51  15.79  15.96  15.89  15.92  15.87  15.34  15.58 999.00  16.82  16.67  18.01  13.67  17.39   7.11  15.92   3.18  18.03  18.65  19.77  19.43  19.08  21.16  22.70  20.34  18.94  22.82
 wrfout_d04_2016-02-17_07:00:00 999.00  16.58   8.78  14.65  10.04  14.59  15.07  15.54  14.49  15.30  14.63  14.60 999.00  17.05  17.02  17.59  13.69  17.34   6.63  15.95   1.99  18.32  18.76  19.29  17.95  18.52  21.03  23.34  20.62  18.57  22.38
 wrfout_d04_2016-02-17_08:00:00 999.00  16.56   8.31  13.94   9.60  14.16  14.34  14.38  13.94  14.18  14.18  13.81 999.00  16.84  17.07  16.84  13.57  17.11   7.06  16.03   1.14  18.17  18.88  18.73  18.11  18.37  20.36  23.04  19.93  18.53  22.47
 wrfout_d04_2016-02-17_09:00:00 999.00  16.37   8.26  13.37   9.50  13.91  13.83  13.83  13.59  13.88  13.78  13.72 999.00  16.84  17.41  16.94  13.36  16.97   6.53  16.26   0.60  18.18  18.82  18.19  18.49  18.68  19.94  22.48  18.62  18.66  21.60
 wrfout_d04_2016-02-17_10:00:00 999.00  16.15   8.30  13.28   9.52  13.83  13.53  13.42  13.23  13.75  13.35  13.48 999.00  16.64  17.57  16.92  12.72  17.03   5.33  16.02   0.13  18.22  18.42  17.71  17.91  18.25  19.54  21.71  17.47  18.41  20.99
 wrfout_d04_2016-02-17_11:00:00 999.00  16.01   8.44  13.15   9.68  13.88  13.58  13.54  13.47  13.94  13.28  13.54 999.00  16.44  17.54  16.88  10.39  17.17   5.26  16.01  -0.49  18.42  18.53  17.54  17.52  17.86  19.05  21.14  16.23  18.73  20.46
 wrfout_d04_2016-02-17_12:00:00 999.00  15.87   8.50  13.21   9.74  13.89  13.84  13.74  13.75  14.36  13.39  13.68 999.00  16.30  17.36  17.00  10.06  17.21   5.15  15.91  -0.32  18.69  18.57  16.85  17.27  17.73  18.65  20.67  15.82  18.77  19.89
 wrfout_d04_2016-02-17_13:00:00 999.00  15.91   8.67  13.17   9.90  13.96  13.92  13.99  13.79  14.38  13.58  13.78 999.00  16.11  17.18  17.15  11.89  17.14   5.27  15.80  -0.21  18.80  18.43  16.86  17.06  17.47  18.29  19.95  16.32  18.85  19.76
 wrfout_d04_2016-02-17_14:00:00 999.00  16.03   8.84  13.20  10.01  13.89  13.74  13.89  13.64  14.44  13.56  13.94 999.00  15.89  16.84  17.17  11.88  17.25   5.49  15.54  -0.16  18.84  18.42  16.60  16.73  17.16  18.24  19.25  16.39  18.58  19.59
 wrfout_d04_2016-02-17_15:00:00 999.00  16.06   9.04  13.22  10.21  13.93  13.80  13.92  13.57  14.39  13.53  14.09 999.00  15.76  16.50  17.22  11.83  17.42   5.37  14.95  -0.25  18.88  18.39  16.91  16.42  16.75  17.84  18.51  16.37  18.55  19.25
 wrfout_d04_2016-02-17_16:00:00 999.00  16.08   9.18  13.28  10.33  13.99  13.87  13.94  13.61  14.14  13.39  14.15 999.00  15.65  15.93  17.26  11.86  17.33   6.29  14.41  -0.43  18.99  17.84  16.84  16.30  16.54  16.89  18.06  16.21  18.44  18.85
 wrfout_d04_2016-02-17_17:00:00 999.00  16.05   9.27  13.41  10.39  14.02  13.93  14.10  13.65  14.19  13.43  13.99 999.00  15.69  15.75  17.47  11.96  17.39   6.26  14.26  -0.44  19.02  17.49  16.59  16.21  16.29  17.72  17.71  16.25  18.47  18.77
 wrfout_d04_2016-02-17_18:00:00 999.00  16.28   9.28  13.46  10.41  14.04  13.97  14.32  13.78  14.10  13.60  13.92 999.00  15.78  15.58  17.48  12.23  17.36   6.26  14.02  -0.30  19.10  17.68  16.64  15.96  16.11  16.49  17.61  16.21  18.58  18.67
 wrfout_d04_2016-02-17_19:00:00 999.00  16.29   9.35  13.50  10.38  14.05  14.00  14.36  13.79  14.02  13.82  13.99 999.00  15.81  15.59  17.44  12.41  17.43   6.29  13.96  -0.43  19.13  17.71  15.88  15.78  15.89  17.55  17.44  16.15  18.65  18.80
 wrfout_d04_2016-02-17_20:00:00 999.00  16.35   9.50  13.57  10.52  14.07  14.07  14.39  13.96  14.17  14.03  14.21 999.00  15.73  15.51  17.54  12.25  17.60   6.30  13.80  -0.56  19.11  17.67  15.84  15.70  15.79  16.28  16.97  16.13  18.65  18.45
 wrfout_d04_2016-02-17_21:00:00 999.00  16.56   9.64  13.65  10.72  14.07  14.48  14.33  14.19  14.42  14.28  14.42 999.00  15.75  15.49  17.38  12.26  17.75   6.21  13.91  -0.53  19.07  17.56  15.02  15.74  16.00  16.00  17.17  15.96  18.70  18.21
 wrfout_d04_2016-02-17_22:00:00 999.00  16.65   9.75  13.88  10.80  14.45  14.35  14.60  14.23  14.46  14.33  14.60 999.00  15.97  15.47  16.62  12.28  17.74   6.13  14.12  -0.50  19.16  17.57  17.03  15.87  16.15  16.07  17.38  15.70  18.73  18.67
 wrfout_d04_2016-02-17_23:00:00 999.00  17.04   9.99  13.78  11.12  14.96  14.92  15.01  14.50  14.35  14.53  14.72 999.00  16.19  15.69  18.08  12.53  17.93   6.33  14.58   0.24  19.32  17.87  17.60  16.19  16.44  18.27  18.01  16.56  18.88  19.05
