 wrfout_d04_2016-08-16_00:00:00 999.00  29.11  25.30  30.25  28.51  29.82  30.52  29.56  30.48  30.14  29.82  30.17 999.00  30.88  30.48  31.14  26.39  29.14  18.18  28.87  13.03  28.76  28.00  27.33  27.69  27.66  26.43  28.40  25.84  26.65  27.44
 wrfout_d04_2016-08-16_01:00:00 999.00  29.09  24.78  30.95  26.39  31.90  30.46  30.47  31.00  31.46  30.86  30.40 999.00  31.51  31.72  31.34  27.24  27.88  20.19  30.36  14.80  28.23  26.80  27.83  26.03  25.75  25.08  28.94  26.46  26.69  27.76
 wrfout_d04_2016-08-16_02:00:00 999.00  29.12  26.93  31.89  28.45  32.64  32.10  30.90  31.84  32.37  30.90  30.92 999.00  32.26  33.15  31.75  27.87  28.28  20.42  29.12  13.35  28.33  26.87  27.60  27.28  27.14  25.05  29.42  26.93  26.59  28.11
 wrfout_d04_2016-08-16_03:00:00 999.00  29.16  25.92  31.41  27.54  32.82  32.99  31.17  32.92  33.06  31.39  31.32 999.00  32.73  34.16  31.82  27.49  28.51  17.03  28.50  12.37  28.07  27.52  27.73  27.30  27.43  26.38  29.41  26.59  27.43  28.22
 wrfout_d04_2016-08-16_04:00:00 999.00  29.25  27.11  31.72  29.56  33.24  33.45  31.36  33.28  33.55  31.25  31.55 999.00  33.08  34.94  32.19  29.30  28.50  18.31  29.83  12.75  28.60  27.82  29.14  27.65  28.00  28.07  29.41  27.20  27.54  28.21
 wrfout_d04_2016-08-16_05:00:00 999.00  29.28  27.75  32.24  29.67  33.32  34.39  30.80  35.05  33.53  31.82  31.63 999.00  33.30  35.40  31.63  28.90  28.37  17.17  29.84  12.70  27.70  27.12  26.15  26.58  26.83  28.38  29.76  26.66  27.16  28.28
 wrfout_d04_2016-08-16_06:00:00 999.00  29.29  28.04  32.43  29.22  33.08  34.58  30.73  34.73  33.43  31.78  31.55 999.00  33.16  33.83  30.55  28.47  26.58  17.09  28.05  12.89  28.42  27.76  27.07  27.46  27.61  28.58  29.56  26.84  26.84  28.20
 wrfout_d04_2016-08-16_07:00:00 999.00  29.27  27.55  33.31  28.87  32.75  34.42  30.42  34.19  32.67  31.56  31.16 999.00  32.29  32.88  30.11  24.62  28.38  17.48  29.60  12.67  27.91  27.92  28.89  26.46  26.56  28.83  29.36  26.57  26.96  27.90
 wrfout_d04_2016-08-16_08:00:00 999.00  29.26  26.61  32.82  27.94  32.01  33.79  30.13  34.16  32.09  31.08  30.67 999.00  31.66  31.46  29.74  24.48  28.23  17.52  28.74  13.60  27.87  26.71  28.01  26.31  26.56  28.39  28.54  26.20  26.66  27.85
 wrfout_d04_2016-08-16_09:00:00 999.00  29.26  25.25  31.11  26.57  30.86  32.33  29.73  32.88  31.26  30.23  29.86 999.00  31.01  30.82  29.79  23.45  27.48  17.94  28.28  12.28  27.62  26.79  27.59  26.29  26.73  28.27  28.20  26.01  26.48  27.54
 wrfout_d04_2016-08-16_10:00:00 999.00  29.31  23.87  29.43  25.09  29.63  31.12  28.95  31.83  30.18  29.44  29.01 999.00  30.91  29.97  29.69  23.56  27.46  16.62  27.01  11.98  27.73  27.71  27.34  26.25  26.48  28.11  28.61  25.68  26.42  27.73
 wrfout_d04_2016-08-16_11:00:00 999.00  29.30  23.49  28.99  24.57  29.04  30.58  28.59  29.04  29.57  28.78  28.59 999.00  27.83  27.82  29.40  22.48  27.38  15.13  26.65  10.72  27.51  27.03  27.28  25.82  25.98  28.07  28.14  25.41  26.33  27.99
 wrfout_d04_2016-08-16_12:00:00 999.00  29.31  23.41  28.66  24.41  28.82  29.96  28.46  29.24  29.05  28.69  28.51 999.00  28.22  27.91  29.24  22.19  27.09  14.69  26.90  10.56  27.32  26.65  27.18  24.78  25.58  28.07  28.79  25.41  26.39  28.01
 wrfout_d04_2016-08-16_13:00:00 999.00  29.06  23.04  28.11  23.98  28.71  29.72  28.40  29.44  28.91  28.43  28.49 999.00  28.75  28.24  28.93  21.82  26.97  15.75  27.14  10.71  26.94  27.27  27.13  25.21  25.50  28.03  28.06  25.40  26.28  27.82
 wrfout_d04_2016-08-16_14:00:00 999.00  28.73  23.12  27.87  23.98  28.66  29.57  28.26  29.34  28.66  28.38  28.40 999.00  28.70  28.01  28.83  21.79  26.50  15.24  26.69  10.73  27.55  27.30  26.97  25.22  25.45  28.07  28.27  25.56  26.41  27.71
 wrfout_d04_2016-08-16_15:00:00 999.00  28.82  23.11  27.35  23.97  28.55  29.45  28.00  29.14  28.29  28.14  28.23 999.00  28.57  27.84  28.56  21.54  26.58  15.51  26.70  11.15  28.20  26.05  27.07  24.79  25.73  27.90  28.37  25.15  26.34  27.73
 wrfout_d04_2016-08-16_16:00:00 999.00  28.83  22.92  27.15  23.70  28.47  29.14  27.62  28.73  28.19  27.97  27.99 999.00  28.33  27.71  28.44  21.39  27.14  15.15  25.51  10.61  28.53  26.52  26.75  25.39  25.38  28.10  28.73  25.24  26.42  27.71
 wrfout_d04_2016-08-16_17:00:00 999.00  28.97  22.48  26.85  22.85  28.22  28.85  27.32  28.41  28.07  27.62  27.92 999.00  27.75  27.48  28.36  21.22  27.60  15.85  25.84  10.17  28.17  27.23  26.96  26.12  26.10  27.90  28.57  25.35  26.47  27.84
 wrfout_d04_2016-08-16_18:00:00 999.00  29.07  22.26  26.50  22.57  27.75  28.68  27.16  29.09  27.95  27.54  27.78 999.00  27.62  27.28  28.10  20.92  27.53  15.69  25.29  10.40  28.26  28.01  26.87  25.30  25.52  28.26  28.82  25.19  26.50  27.61
 wrfout_d04_2016-08-16_19:00:00 999.00  28.97  21.98  26.22  22.26  27.59  28.45  27.08  28.74  27.65  27.67  27.55 999.00  27.59  27.06  27.70  20.83  27.55  15.97  26.21  10.11  28.62  28.13  26.97  25.24  25.47  28.31  28.58  24.99  26.53  27.70
 wrfout_d04_2016-08-16_20:00:00 999.00  28.92  21.98  26.12  22.21  27.65  28.14  26.96  28.20  27.32  27.98  27.63 999.00  27.16  27.00  27.60  20.77  28.08  15.99  26.27  11.09  28.87  27.46  27.06  25.60  25.28  28.33  28.77  25.16  26.56  27.59
 wrfout_d04_2016-08-16_21:00:00 999.00  28.91  21.86  26.04  22.29  27.92  27.93  26.59  27.94  27.04  27.27  27.57 999.00  27.11  26.86  27.36  20.78  28.22  15.71  26.54  10.89  28.89  27.36  26.40  25.54  25.18  28.13  28.82  24.64  26.65  27.81
 wrfout_d04_2016-08-16_22:00:00 999.00  28.92  22.90  27.21  23.93  27.82  28.03  27.19  27.78  27.18  27.54  27.80 999.00  27.71  27.01  27.95  22.06  28.29  16.03  26.47  11.19  28.88  27.84  26.83  25.68  25.39  28.50  29.02  25.15  26.79  28.14
 wrfout_d04_2016-08-16_23:00:00 999.00  28.87  24.22  28.39  25.39  29.05  28.84  28.80  28.79  28.75  28.91  29.05 999.00  28.28  27.78  29.26  23.05  28.51  16.71  26.84  12.21  28.96  28.12  28.21  27.45  27.43  29.25  29.81  26.99  26.99  28.68
