 wrfout_d04_2016-02-26_00:00:00 999.00  15.34   8.97  13.24   9.92  14.03  14.05  13.75  13.77  14.39  14.19  14.85 999.00  16.46  16.51  19.31  15.21  16.65  10.33  16.36   3.88  18.51  18.05  18.73  18.03  18.50  19.72  20.14  19.02  20.54  20.38
 wrfout_d04_2016-02-26_01:00:00 999.00  15.41   9.05  13.50  10.03  14.10  14.30  13.91  14.10  14.81  14.49  14.87 999.00  16.44  16.93  19.51  15.81  16.99  11.75  16.96   5.25  18.72  18.64  19.46  20.21  20.38  21.16  21.68  20.20  21.84  20.61
 wrfout_d04_2016-02-26_02:00:00 999.00  15.62   9.22  13.78  10.20  14.23  14.57  14.00  14.29  14.86  14.72  14.71 999.00  16.42  17.49  19.67  15.58  16.94  12.73  18.27   6.33  18.80  19.66  20.33  21.33  21.21  21.94  22.68  22.03  22.44  22.65
 wrfout_d04_2016-02-26_03:00:00 999.00  15.91   9.37  13.96  10.38  14.37  14.64  14.11  14.29  15.10  15.01  14.74 999.00  16.82  17.17  19.58  15.82  16.96  12.75  19.86   6.87  18.64  20.02  22.22  22.54  22.70  21.91  23.42  22.73  22.85  22.49
 wrfout_d04_2016-02-26_04:00:00 999.00  16.32   9.36  14.01  10.38  14.51  14.76  14.47  14.43  14.98  15.02  14.88 999.00  16.97  17.67  19.56  16.27  16.92  12.07  20.89   7.11  18.71  19.99  21.83  23.34  23.30  21.88  23.73  21.06  21.62  21.69
 wrfout_d04_2016-02-26_05:00:00 999.00  16.38   9.19  13.90  10.25  14.78  14.77  14.52  14.56  15.22  14.97  14.78 999.00  17.02  18.29  19.51  16.41  17.14  11.68  21.33   7.04  18.88  20.10  21.13  23.32  22.93  22.04  23.38  21.31  22.88  22.95
 wrfout_d04_2016-02-26_06:00:00 999.00  16.68   8.99  13.71  10.04  15.02  14.82  14.35  14.57  14.96  15.23  14.79 999.00  17.24  18.21  19.46  16.64  17.00  11.13  20.99   6.72  18.80  19.98  20.74  23.31  22.89  22.03  23.40  21.54  21.32  23.12
 wrfout_d04_2016-02-26_07:00:00 999.00  16.60   8.94  13.74  10.00  15.06  14.86  14.29  14.59  15.21  15.30  14.72 999.00  17.12  18.15  19.26  16.30  17.22  11.10  19.98   6.09  18.59  19.89  20.31  22.54  22.08  21.81  23.08  21.08  21.04  23.95
 wrfout_d04_2016-02-26_08:00:00 999.00  16.40   9.05  13.71  10.19  15.08  14.89  14.40  14.61  15.43  15.24  14.60 999.00  17.01  18.50  19.22  17.58  17.37  10.90  19.06   5.21  18.89  19.86  19.97  21.58  21.64  21.54  23.40  20.69  20.76  23.18
 wrfout_d04_2016-02-26_09:00:00 999.00  16.22   9.30  13.60  10.36  14.86  14.61  14.32  14.49  15.40  15.11  14.59 999.00  16.94  18.46  19.20  16.03  17.33   9.67  18.31   3.70  18.96  19.84  19.47  20.87  21.00  21.33  22.97  20.46  20.44  22.56
 wrfout_d04_2016-02-26_10:00:00 999.00  16.12   9.69  13.71  10.73  14.63  14.60  14.48  14.37  15.20  15.10  15.37 999.00  17.01  17.62  19.05  14.48  17.70   7.38  17.87   1.93  19.12  19.89  18.80  19.98  20.16  21.25  22.60  18.54  20.23  21.99
 wrfout_d04_2016-02-26_11:00:00 999.00  16.32  10.12  13.92  11.19  14.84  14.81  14.75  14.59  15.03  15.32  15.65 999.00  16.78  17.02  19.01  14.38  17.59   6.27  17.26   1.43  19.24  19.79  18.61  19.26  19.49  21.14  22.64  18.11  20.36  21.70
 wrfout_d04_2016-02-26_12:00:00 999.00  16.72  10.49  13.85  11.43  15.09  15.04  15.18  14.92  14.97  15.36  15.61 999.00  16.53  17.16  18.83  14.31  17.60   5.40  17.16   1.40  19.37  19.48  19.12  18.87  19.10  21.11  22.20  17.81  20.24  21.58
 wrfout_d04_2016-02-26_13:00:00 999.00  16.80  10.79  13.81  11.53  15.37  15.28  15.34  15.19  14.10  15.55  15.44 999.00  16.42  17.05  19.16  13.67  17.89   5.12  17.03   1.40  19.26  19.35  19.31  18.63  18.67  20.66  21.39  17.59  20.34  21.40
 wrfout_d04_2016-02-26_14:00:00 999.00  16.82  11.08  14.25  11.81  15.51  15.37  15.33  15.33  14.99  15.52  15.89 999.00  16.16  16.66  18.72  13.77  17.99   4.72  16.75   1.21  19.39  19.18  17.88  18.18  18.22  20.26  20.73  17.34  20.36  21.01
 wrfout_d04_2016-02-26_15:00:00 999.00  16.89  11.33  14.33  12.02  15.74  15.51  15.36  15.32  15.09  15.32  16.16 999.00  16.02  16.30  17.60  11.93  18.03   4.57  16.29   1.05  19.24  19.13  17.41  17.79  17.85  19.79  20.46  17.23  20.28  20.56
 wrfout_d04_2016-02-26_16:00:00 999.00  16.99  11.56  14.47  12.40  15.65  15.38  15.58  15.29  14.63  15.82  14.38 999.00  15.78  16.41  16.77  13.69  18.24   4.27  15.99   0.78  19.76  19.34  17.25  17.45  17.53  19.43  19.88  16.86  20.16  20.24
 wrfout_d04_2016-02-26_17:00:00 999.00  17.09  11.75  14.61  12.42  15.53  15.23  15.60  15.21  15.22  15.59  16.24 999.00  15.91  16.22  16.66  13.73  18.02   3.92  15.93   0.62  19.61  19.06  16.92  17.20  17.38  19.18  19.62  16.29  20.07  19.83
 wrfout_d04_2016-02-26_18:00:00 999.00  17.08  11.80  15.23  12.64  15.41  15.00  15.64  15.26  15.02  15.38  15.51 999.00  15.92  15.73  16.13  11.62  18.19   3.63  15.86   0.42  19.20  18.93  16.78  17.05  17.52  18.93  18.77  16.05  20.08  19.25
 wrfout_d04_2016-02-26_19:00:00 999.00  16.97  11.72  14.79  12.65  15.56  14.90  15.62  15.19  15.37  15.10  15.47 999.00  16.07  15.70  16.28  11.58  18.06   3.34  15.75   0.48  19.10  18.54  16.62  16.97  17.09  18.73  18.33  15.72  19.98  19.33
 wrfout_d04_2016-02-26_20:00:00 999.00  17.30  11.67  14.66  12.36  15.49  14.82  15.63  15.06  15.28  15.07  15.52 999.00  16.17  15.52  16.02  13.06  17.78   3.09  15.37   0.50  19.46  18.41  16.55  16.76  17.25  17.42  18.14  15.54  19.76  19.32
 wrfout_d04_2016-02-26_21:00:00 999.00  17.28  11.68  14.66  12.42  15.51  15.12  15.51  15.04  15.25  15.54  15.96 999.00  16.25  15.39  15.88  13.11  17.57   3.03  15.18   0.56  19.48  18.10  16.59  16.63  16.99  16.99  18.12  15.36  19.66  19.50
 wrfout_d04_2016-02-26_22:00:00 999.00  17.21  11.74  14.72  12.26  15.64  15.26  15.28  15.11  15.19  15.72  16.02 999.00  16.30  15.65  18.71  13.06  17.55   3.20  15.18   0.67  19.41  18.25  16.50  16.91  17.15  17.37  18.28  15.18  19.76  19.59
 wrfout_d04_2016-02-26_23:00:00 999.00  17.04  11.84  14.84  12.59  15.73  15.16  15.34  15.32  15.37  15.95  16.64 999.00  16.45  15.89  19.37  13.18  17.48   7.11  15.58   1.43  19.15  18.25  18.82  17.21  17.42  19.15  18.74  18.02  20.65  20.16
