 wrfout_d04_2016-11-24_00:00:00 999.00  20.35  13.40  17.74  14.79  18.88  19.16  18.45  18.52  18.99  18.55  18.38 999.00  20.44  20.38  21.78  20.69  20.09  14.07  18.54   7.93  22.39  21.22  21.15  19.93  19.96  22.61  21.89  20.31  21.74  23.02
 wrfout_d04_2016-11-24_01:00:00 999.00  20.14  13.53  17.96  15.13  18.81  19.33  18.46  18.92  18.84  18.95  18.55 999.00  21.24  22.22  22.02  19.45  20.51  15.03  20.09   8.66  22.38  21.99  22.19  21.39  21.52  22.98  23.55  20.71  21.68  23.95
 wrfout_d04_2016-11-24_02:00:00 999.00  20.01  13.59  18.33  15.60  19.00  19.07  18.57  18.72  20.24  19.40  18.85 999.00  22.07  23.93  21.89  20.77  20.71  16.04  22.00   8.92  22.41  22.54  21.68  23.39  23.46  23.39  24.78  21.04  21.86  24.16
 wrfout_d04_2016-11-24_03:00:00 999.00  19.76  13.47  18.38  15.13  19.15  19.33  18.65  18.92  20.75  19.91  18.90 999.00  22.80  24.84  22.29  22.87  20.95  16.35  23.03   9.24  22.14  23.30  22.51  24.79  25.05  23.37  25.90  21.24  21.81  24.90
 wrfout_d04_2016-11-24_04:00:00 999.00  19.82  13.61  18.62  15.55  18.91  19.60  18.65  19.21  21.04  20.20  18.96 999.00  23.23  25.24  22.29  22.33  21.08  16.29  24.31   9.78  22.15  23.90  22.78  25.72  25.84  23.20  26.17  21.41  21.86  24.36
 wrfout_d04_2016-11-24_05:00:00 999.00  20.02  13.68  18.65  15.62  18.83  19.64  19.03  19.13  21.09  20.32  19.14 999.00  23.29  25.24  22.22  21.44  20.82  15.78  25.05   9.04  22.26  24.14  22.51  26.46  26.67  23.32  26.33  21.87  21.87  25.21
 wrfout_d04_2016-11-24_06:00:00 999.00  20.15  13.69  18.62  15.17  18.93  19.58  18.97  19.06  20.74  20.29  19.00 999.00  23.40  25.15  22.09  21.09  20.90  15.72  25.36   9.04  22.34  24.36  22.25  26.75  26.95  23.35  26.31  22.20  21.60  24.71
 wrfout_d04_2016-11-24_07:00:00 999.00  20.29  13.64  18.39  14.93  18.93  19.43  18.96  18.99  20.41  19.94  19.13 999.00  22.42  24.79  21.96  20.80  21.03  14.48  25.07   8.28  22.45  24.32  21.93  26.79  26.84  23.41  26.49  20.93  21.96  24.28
 wrfout_d04_2016-11-24_08:00:00 999.00  20.42  13.60  18.37  14.65  18.76  19.22  19.08  18.79  19.61  19.59  19.07 999.00  21.62  23.71  21.84  20.04  21.06  13.83  23.95   7.74  22.53  24.26  21.53  26.09  26.17  23.14  26.41  20.96  21.62  23.84
 wrfout_d04_2016-11-24_09:00:00 999.00  20.52  13.66  18.22  14.61  19.04  19.29  19.03  18.81  19.16  19.19  19.09 999.00  20.48  22.18  22.15  17.72  21.06  11.16  22.42   3.61  22.74  24.27  21.30  24.57  24.65  22.82  26.22  20.26  21.77  23.25
 wrfout_d04_2016-11-24_10:00:00 999.00  20.48  13.77  18.33  14.74  19.05  19.40  19.22  18.92  19.26  19.06  19.10 999.00  20.06  21.17  22.15  16.61  21.25   9.33  21.07   4.89  22.78  23.89  21.41  23.39  23.75  22.65  26.24  20.11  21.73  22.92
 wrfout_d04_2016-11-24_11:00:00 999.00  20.46  13.91  18.41  14.86  19.03  19.32  19.15  18.99  19.46  19.21  18.96 999.00  20.12  20.62  22.12  16.12  21.50   9.03  20.28   4.77  22.97  23.28  21.58  22.28  22.56  22.79  26.22  19.96  21.76  22.72
 wrfout_d04_2016-11-24_12:00:00 999.00  20.58  14.02  18.44  14.88  18.97  19.22  19.45  18.96  19.48  19.49  19.40 999.00  20.16  20.23  22.39  15.83  21.56   8.63  19.84   4.44  23.07  22.89  21.09  21.56  21.87  22.88  26.12  19.99  21.73  22.72
 wrfout_d04_2016-11-24_13:00:00 999.00  20.83  14.25  18.47  15.02  19.23  19.32  19.38  18.98  19.48  19.70  19.75 999.00  20.15  20.24  22.08  15.59  21.69   8.36  19.58   4.21  23.22  22.63  21.43  21.06  21.31  22.71  25.13  19.92  22.07  22.79
 wrfout_d04_2016-11-24_14:00:00 999.00  20.98  14.08  18.53  15.04  19.30  19.41  19.29  19.09  19.45  19.49  20.09 999.00  20.02  20.15  21.84  15.31  21.87   8.15  19.08   4.19  23.28  22.20  21.02  20.67  20.95  22.68  24.36  19.39  22.05  22.56
 wrfout_d04_2016-11-24_15:00:00 999.00  21.09  14.06  18.67  14.90  19.41  19.72  19.66  19.15  19.46  18.89  19.50 999.00  19.89  19.91  21.55  15.08  22.02   7.94  18.81   3.76  23.49  22.23  20.97  20.20  20.63  22.59  23.51  19.89  22.01  22.51
 wrfout_d04_2016-11-24_16:00:00 999.00  21.16  14.16  18.77  15.08  19.35  19.79  19.65  19.29  19.31  19.01  19.18 999.00  19.73  19.62  21.73  14.94  22.04   7.72  18.44   3.46  23.57  22.25  21.31  20.14  20.47  22.57  23.02  20.00  21.92  22.38
 wrfout_d04_2016-11-24_17:00:00 999.00  21.22  14.32  18.91  15.15  19.48  19.73  19.82  19.41  19.46  19.20  18.96 999.00  19.55  19.44  21.56  14.81  21.95   7.52  18.26   1.54  23.47  22.30  21.29  19.98  20.41  22.47  22.96  20.14  22.13  22.49
 wrfout_d04_2016-11-24_18:00:00 999.00  21.51  14.52  18.95  15.35  19.57  19.89  19.73  19.46  19.65  19.15  19.11 999.00  19.28  19.22  21.51  14.49  22.38   7.37  18.13   1.33  23.55  22.11  20.92  19.49  20.06  22.55  22.60  19.31  22.28  22.40
 wrfout_d04_2016-11-24_19:00:00 999.00  21.68  14.79  19.07  15.52  19.68  20.18  19.82  19.60  19.44  19.31  19.30 999.00  19.16  19.09  21.46  14.25  22.45   7.15  18.00   0.89  23.62  21.79  21.37  19.25  19.70  22.69  22.35  19.21  22.34  22.35
 wrfout_d04_2016-11-24_20:00:00 999.00  21.82  14.91  19.11  15.71  19.81  20.20  19.82  19.79  19.70  19.26  19.45 999.00  18.41  18.71  21.14  13.99  22.56   6.95  17.57   0.80  23.74  21.76  20.36  19.07  19.13  22.56  22.00  20.13  22.43  22.45
 wrfout_d04_2016-11-24_21:00:00 999.00  21.50  15.08  19.24  15.79  20.32  20.48  19.89  19.92  19.73  19.45  18.13 999.00  18.34  18.38  21.04  13.80  22.39   6.81  17.33   0.79  23.88  21.95  19.71  18.44  18.90  22.60  21.62  20.15  22.53  22.50
 wrfout_d04_2016-11-24_22:00:00 999.00  21.58  15.11  19.37  15.90  20.62  20.86  19.97  20.07  19.91  19.66  19.41 999.00  18.85  18.37  20.80  13.81  22.61   6.67  17.74   0.79  24.04  21.99  20.91  18.89  19.28  22.67  21.64  19.68  22.83  22.76
 wrfout_d04_2016-11-24_23:00:00 999.00  22.14  15.28  20.31  16.32  20.99  20.91  20.47  20.61  20.97  19.94  20.22 999.00  19.79  18.97  22.59  17.38  22.79  10.44  17.77   4.93  24.10  22.30  21.88  18.93  19.58  22.93  22.29  20.80  22.92  22.98
