 wrfout_d04_2016-11-03_00:00:00 999.00  22.16  14.52  20.77  16.48  20.68  20.54  21.57  20.13  21.53  20.89  20.42 999.00  22.12  22.23  22.64  19.43  23.06  14.58  20.48   8.47  23.97  21.20  23.01  21.27  21.45  24.10  25.02  23.14  23.26  24.28
 wrfout_d04_2016-11-03_01:00:00 999.00  22.02  14.69  21.22  16.63  20.96  20.77  21.76  20.58  22.20  20.79  20.90 999.00  23.51  24.40  23.11  20.60  23.32  14.85  22.34   9.50  24.08  22.10  23.52  23.25  23.40  25.35  25.92  24.06  25.36  25.45
 wrfout_d04_2016-11-03_02:00:00 999.00  21.66  14.84  21.56  17.70  21.14  21.49  22.08  21.51  23.25  21.00  21.10 999.00  25.13  25.98  23.10  21.27  23.45  15.26  24.08  10.20  24.20  22.80  23.94  24.85  25.00  26.22  26.59  24.78  25.60  26.18
 wrfout_d04_2016-11-03_03:00:00 999.00  21.67  15.06  21.82  17.65  20.95  21.28  22.16  21.13  23.87  20.56  21.25 999.00  25.80  26.92  23.45  22.62  23.63  13.88  25.40  10.43  24.36  23.60  23.97  26.31  26.02  26.63  27.03  25.64  25.53  26.90
 wrfout_d04_2016-11-03_04:00:00 999.00  21.85  15.08  21.75  17.49  20.84  21.27  22.29  21.09  23.94  21.27  21.59 999.00  26.21  26.78  24.31  20.97  23.71  13.92  26.41  10.50  24.47  24.06  24.40  27.50  26.43  25.93  27.23  25.78  25.55  27.26
 wrfout_d04_2016-11-03_05:00:00 999.00  22.34  15.34  21.91  17.86  20.76  20.88  22.14  20.61  23.89  21.62  21.50 999.00  26.31  27.19  25.24  20.88  24.60  12.99  26.64  10.14  24.45  24.53  24.79  27.80  26.56  26.82  27.37  25.57  25.48  27.28
 wrfout_d04_2016-11-03_06:00:00 999.00  22.45  15.05  21.67  17.50  20.72  20.65  22.18  20.86  23.60  21.71  21.45 999.00  26.01  27.93  25.54  21.02  23.93  13.18  27.18   9.66  24.55  25.07  24.62  27.77  26.52  26.33  27.48  25.41  25.42  27.14
 wrfout_d04_2016-11-03_07:00:00 999.00  22.51  14.88  21.28  16.96  20.76  20.66  22.47  20.92  23.24  21.76  21.46 999.00  25.44  27.33  25.03  22.11  23.48  12.47  26.88   8.87  24.55  25.50  24.25  27.65  26.70  26.54  27.43  24.86  24.82  26.87
 wrfout_d04_2016-11-03_08:00:00 999.00  22.30  14.78  20.91  16.38  20.84  20.94  21.74  20.96  22.29  21.35  21.07 999.00  24.77  26.18  24.10  21.07  23.56  11.89  25.42   7.65  24.60  25.60  23.54  27.03  26.74  25.88  27.26  24.12  24.29  26.12
 wrfout_d04_2016-11-03_09:00:00 999.00  22.05  14.71  20.61  15.67  20.95  21.12  20.99  20.94  21.17  21.22  21.03 999.00  23.46  24.14  23.65  18.39  23.52  11.61  24.30   6.53  24.79  25.71  22.43  26.20  25.91  24.83  26.83  22.81  23.36  25.41
 wrfout_d04_2016-11-03_10:00:00 999.00  22.14  14.71  20.74  15.61  20.82  21.29  20.97  21.20  20.85  20.38  20.82 999.00  22.06  22.82  23.51  17.09  23.35   8.65  23.25   3.23  24.46  25.39  22.13  25.56  25.46  23.88  26.87  21.72  23.14  25.03
 wrfout_d04_2016-11-03_11:00:00 999.00  22.12  14.70  20.75  15.61  20.70  20.96  20.94  20.81  20.74  19.86  20.45 999.00  21.76  22.14  22.73  16.56  23.44   9.54  22.93   2.74  24.83  25.08  22.01  24.41  24.50  23.35  26.87  21.27  23.13  24.37
 wrfout_d04_2016-11-03_12:00:00 999.00  22.14  14.69  20.65  15.62  20.68  20.90  20.75  20.66  20.64  19.51  20.05 999.00  21.59  21.73  22.28  16.61  23.09   8.06  22.28   2.32  24.77  24.72  21.88  24.04  24.09  23.63  26.87  21.14  23.48  23.91
 wrfout_d04_2016-11-03_13:00:00 999.00  22.23  14.69  20.37  15.64  20.62  20.85  20.41  20.57  20.61  19.22  19.85 999.00  21.39  21.54  22.24  15.86  23.14   7.76  21.46   1.89  24.74  24.28  21.77  23.69  23.83  23.35  26.69  20.63  23.23  23.67
 wrfout_d04_2016-11-03_14:00:00 999.00  22.32  14.71  20.23  15.65  20.62  20.76  20.25  20.54  21.00  19.00  19.63 999.00  21.09  21.73  22.23  15.59  23.48   7.43  20.98   1.58  24.80  24.08  21.63  23.11  23.36  23.08  26.10  20.40  23.06  23.47
 wrfout_d04_2016-11-03_15:00:00 999.00  22.73  14.81  20.18  15.74  20.51  20.72  20.53  20.43  20.71  19.13  19.58 999.00  20.87  21.73  22.35  15.31  23.23   7.08  21.00   1.24  24.93  23.89  21.48  22.50  22.77  22.94  25.36  20.16  23.02  23.32
 wrfout_d04_2016-11-03_16:00:00 999.00  22.96  14.64  20.22  15.80  20.77  20.81  20.40  18.47  20.58  19.29  19.97 999.00  20.98  21.51  22.58  15.05  23.32   6.80  20.93   1.01  24.86  23.46  21.56  22.07  22.34  22.84  24.67  20.03  23.02  23.15
 wrfout_d04_2016-11-03_17:00:00 999.00  23.06  14.64  20.26  15.82  21.00  21.08  19.89  18.27  21.02  19.45  20.09 999.00  21.04  21.24  22.57  14.84  23.46   6.54  21.14   1.01  24.85  22.69  21.55  21.84  22.09  22.08  24.15  19.97  23.02  23.29
 wrfout_d04_2016-11-03_18:00:00 999.00  23.09  14.85  20.44  16.07  21.01  20.58  19.89  18.19  20.93  19.50  20.12 999.00  20.81  21.00  22.47  14.60  23.35   6.30  20.96   1.02  24.80  22.85  20.99  21.35  21.99  22.33  23.94  19.81  22.97  23.38
 wrfout_d04_2016-11-03_19:00:00 999.00  23.08  14.95  20.48  16.21  21.15  20.95  19.81  18.14  21.03  19.52  20.15 999.00  20.52  20.59  22.55  14.42  23.13   6.06  21.01   1.05  24.87  23.24  20.01  21.09  21.65  21.64  24.00  19.57  22.85  23.20
 wrfout_d04_2016-11-03_20:00:00 999.00  23.25  15.10  20.44  16.38  21.27  20.58  19.71  18.00  21.07  19.61  20.09 999.00  19.95  19.93  22.54  14.25  23.11   5.87  20.57   1.54  24.89  22.94  20.13  20.73  21.15  21.24  23.88  19.56  22.86  22.99
 wrfout_d04_2016-11-03_21:00:00 999.00  23.36  15.20  20.44  16.49  21.15  20.66  19.61  17.88  20.77  19.71  19.84 999.00  19.59  19.51  22.56  14.10  21.48   5.76  20.39   2.44  24.95  23.01  20.03  20.24  20.73  21.06  23.70  19.40  23.17  22.97
 wrfout_d04_2016-11-03_22:00:00 999.00  23.45  15.40  18.36  16.71  21.56  20.85  19.70  19.14  20.72  19.77  20.04 999.00  19.64  19.49  22.94  13.95  21.55   5.65  20.32   2.74  24.93  22.21  21.21  20.14  20.64  21.16  23.75  19.44  23.17  23.21
 wrfout_d04_2016-11-03_23:00:00 999.00  23.50  16.26  21.60  17.64  21.86  22.28  21.51  21.92  22.03  20.93  20.60 999.00  21.28  21.14  23.50  17.84  23.96  10.81  21.03   5.93  24.95  22.33  22.64  20.90  21.45  23.70  24.42  22.49  24.32  24.08
