 wrfout_d04_2016-09-10_00:00:00 999.00  26.53  22.24  25.59  23.09  25.33  26.07  25.65  25.91  25.91  26.11  26.95 999.00  26.71  25.50  27.85  22.33  27.08  17.58  25.85  11.69  27.44  26.52  27.72  26.22  26.57  28.73  28.88  27.58  27.42  28.32
 wrfout_d04_2016-09-10_01:00:00 999.00  26.29  22.32  25.66  23.75  25.83  26.08  25.55  26.39  27.15  26.53  27.00 999.00  27.04  25.68  29.08  22.87  27.29  18.94  26.23  13.13  27.40  26.55  28.41  27.45  27.88  29.27  29.70  28.30  28.14  29.45
 wrfout_d04_2016-09-10_02:00:00 999.00  26.02  22.75  26.08  23.42  26.09  26.81  25.91  26.66  27.96  26.98  27.12 999.00  27.59  26.59  29.55  23.29  27.48  19.86  26.88  14.03  27.43  27.41  28.96  28.83  29.36  29.75  30.09  29.21  28.86  30.24
 wrfout_d04_2016-09-10_03:00:00 999.00  25.74  22.14  25.79  23.20  26.13  26.51  26.18  26.47  28.76  27.25  27.72 999.00  27.71  27.33  28.85  23.29  27.75  20.49  27.39  13.51  27.43  27.80  28.98  29.73  29.89  30.16  30.61  30.20  29.15  30.66
 wrfout_d04_2016-09-10_04:00:00 999.00  25.87  22.48  25.99  24.24  26.20  26.57  26.53  26.42  29.02  27.65  27.24 999.00  27.87  27.51  28.56  23.74  27.92  20.59  27.63  12.77  27.41  27.69  28.64  30.57  30.83  30.32  30.84  30.14  29.36  31.16
 wrfout_d04_2016-09-10_05:00:00 999.00  26.01  22.33  26.33  22.92  26.46  27.44  27.66  27.05  28.83  28.28  26.40 999.00  28.11  27.73  29.06  24.20  28.04  20.76  27.87  13.12  27.45  27.63  28.09  32.26  31.58  30.42  30.65  30.00  29.36  31.23
 wrfout_d04_2016-09-10_06:00:00 999.00  26.03  21.82  26.22  22.82  26.13  27.02  27.54  27.17  28.20  27.12  26.54 999.00  28.27  28.48  28.48  24.41  28.04  20.54  29.13  13.45  27.43  27.59  28.48  32.60  31.53  30.20  30.68  30.15  29.23  30.77
 wrfout_d04_2016-09-10_07:00:00 999.00  26.20  21.78  26.66  22.99  25.98  27.48  27.34  27.27  27.55  26.56  26.53 999.00  28.12  28.43  28.54  24.05  28.16  18.99  28.32  12.56  27.47  27.65  28.30  32.34  31.14  30.18  30.53  29.55  28.87  30.40
 wrfout_d04_2016-09-10_08:00:00 999.00  26.16  22.00  26.60  23.25  25.78  27.34  27.15  27.68  27.78  26.11  26.39 999.00  27.72  28.32  27.96  24.72  28.12  18.05  28.53  12.41  27.42  27.73  28.21  31.52  30.27  30.10  30.05  28.93  28.26  29.98
 wrfout_d04_2016-09-10_09:00:00 999.00  26.31  21.62  25.76  22.46  25.63  26.75  26.42  27.35  27.35  25.93  26.14 999.00  27.56  28.10  27.94  24.64  27.72  17.31  28.66  11.57  27.29  27.83  27.80  30.14  29.15  29.50  29.68  28.12  27.36  29.32
 wrfout_d04_2016-09-10_10:00:00 999.00  26.32  21.55  25.55  22.24  25.60  26.41  26.03  26.59  26.97  25.67  25.92 999.00  27.18  27.50  27.63  22.02  27.13  15.54  27.66  10.57  27.18  27.86  26.92  29.01  28.34  29.05  29.37  26.26  25.96  28.53
 wrfout_d04_2016-09-10_11:00:00 999.00  26.26  21.67  25.57  22.16  25.59  26.41  26.15  26.33  26.86  25.53  25.86 999.00  26.81  26.88  27.27  22.38  26.80  16.04  26.92   9.99  27.15  27.83  26.54  28.30  27.86  28.82  29.31  25.81  25.72  28.24
 wrfout_d04_2016-09-10_12:00:00 999.00  26.15  21.67  25.32  22.28  25.66  26.26  26.02  26.22  26.74  25.36  25.69 999.00  26.46  26.47  27.16  22.21  26.21  14.58  26.51   9.57  27.12  27.72  26.32  27.92  27.66  28.59  29.31  25.32  25.45  28.15
 wrfout_d04_2016-09-10_13:00:00 999.00  26.47  21.73  25.27  22.33  25.52  26.15  26.04  26.17  26.61  25.26  25.72 999.00  26.24  26.12  27.21  22.01  25.78  14.46  26.31   8.43  27.08  27.59  26.06  27.67  27.51  28.32  29.24  24.97  25.22  28.07
 wrfout_d04_2016-09-10_14:00:00 999.00  26.58  21.79  25.21  22.29  25.45  26.06  25.99  25.99  26.48  25.21  25.68 999.00  26.03  25.84  27.17  21.87  25.55  14.26  25.99   8.18  27.00  27.42  25.77  27.47  27.37  28.03  29.06  24.62  24.61  27.88
 wrfout_d04_2016-09-10_15:00:00 999.00  26.71  21.82  25.18  22.29  25.33  26.03  25.77  26.03  26.31  25.13  25.19 999.00  25.81  25.58  26.97  21.79  25.86  14.21  25.48   8.07  27.01  27.21  25.57  27.28  27.25  27.75  28.80  24.28  24.39  27.59
 wrfout_d04_2016-09-10_16:00:00 999.00  26.84  21.75  25.18  22.14  25.15  25.74  25.73  25.78  26.22  25.28  25.30 999.00  25.35  24.83  26.85  21.58  25.59  14.33  25.01   8.58  26.93  26.94  25.34  26.91  27.05  27.57  28.61  24.03  24.24  27.33
 wrfout_d04_2016-09-10_17:00:00 999.00  26.74  21.67  25.14  21.95  25.20  25.69  25.71  25.61  26.13  25.20  25.28 999.00  24.79  24.38  26.80  20.74  24.88  13.43  24.72   7.39  26.94  26.60  25.17  26.47  26.74  27.45  28.42  23.80  24.13  27.18
 wrfout_d04_2016-09-10_18:00:00 999.00  26.61  21.60  24.99  22.08  25.07  25.48  25.53  25.39  25.91  24.99  25.13 999.00  24.52  24.04  26.87  20.55  25.01  13.19  24.82   8.18  27.05  26.22  24.99  26.02  26.29  27.22  28.22  23.54  24.04  26.98
 wrfout_d04_2016-09-10_19:00:00 999.00  26.89  21.50  24.97  21.23  24.97  25.29  25.48  25.40  25.79  24.88  25.09 999.00  24.18  23.76  26.67  20.48  24.42  12.92  24.65   8.07  27.09  25.97  24.84  25.66  25.83  27.01  28.13  23.37  23.96  26.96
 wrfout_d04_2016-09-10_20:00:00 999.00  27.11  21.25  24.90  21.21  24.82  25.10  25.41  25.22  25.63  24.39  24.95 999.00  23.96  23.47  26.15  20.39  24.54  12.72  24.13   8.03  27.13  25.31  24.73  25.32  25.38  26.77  28.02  23.19  23.88  26.76
 wrfout_d04_2016-09-10_21:00:00 999.00  27.20  20.46  24.16  21.09  24.76  25.00  25.38  25.08  24.77  24.05  24.47 999.00  23.73  23.18  25.76  20.24  23.89  12.55  23.90   7.59  26.94  24.75  24.67  24.87  24.98  26.61  27.85  22.98  24.18  26.69
 wrfout_d04_2016-09-10_22:00:00 999.00  27.24  20.87  24.87  21.58  25.11  24.86  25.45  25.01  25.15  24.51  25.03 999.00  23.71  23.14  25.92  20.64  23.92  12.72  23.83   8.44  27.03  24.40  25.15  24.78  24.89  26.56  27.83  23.28  24.34  26.68
 wrfout_d04_2016-09-10_23:00:00 999.00  27.23  22.24  26.38  24.06  26.40  26.16  26.50  26.54  25.83  26.32  26.47 999.00  25.69  25.17  27.51  24.49  26.95  17.40  25.03  12.00  27.09  24.54  27.41  25.11  26.05  27.48  28.35  26.63  25.59  27.47
