 wrfout_d04_2016-10-01_00:00:00 999.00  27.28  23.56  28.16  24.64  28.75  29.38  28.17  29.63  27.46  28.52  28.18 999.00  27.43  27.58  28.57  24.27  27.11  16.88  25.48  10.04  27.87  26.69  26.16  27.23  26.86  25.35  29.12  25.11  26.29  27.25
 wrfout_d04_2016-10-01_01:00:00 999.00  27.30  24.54  29.37  25.66  29.68  30.56  29.14  31.01  29.41  29.24  28.96 999.00  28.09  28.73  29.53  25.51  27.18  17.74  25.82  10.15  27.83  27.48  26.71  27.03  26.81  26.41  28.82  24.87  26.67  27.55
 wrfout_d04_2016-10-01_02:00:00 999.00  27.30  25.31  30.16  26.45  30.46  31.51  29.79  32.07  30.48  29.79  29.55 999.00  28.06  29.76  30.15  26.58  27.49  19.46  26.75  12.10  27.61  27.22  27.31  27.07  26.75  28.21  28.98  24.81  26.94  27.87
 wrfout_d04_2016-10-01_03:00:00 999.00  27.34  25.84  30.77  26.97  30.79  32.20  29.23  33.01  31.61  30.02  29.67 999.00  28.74  30.44  30.42  27.12  27.91  19.81  29.03  11.85  27.58  27.23  28.71  27.71  27.20  28.41  29.34  25.89  27.29  28.18
 wrfout_d04_2016-10-01_04:00:00 999.00  27.30  26.05  31.04  27.18  31.00  32.55  29.45  33.27  31.96  29.42  29.79 999.00  30.51  31.71  30.52  24.24  27.80  20.25  28.40  13.05  27.50  27.41  28.46  29.06  29.00  28.73  29.43  26.21  27.38  28.55
 wrfout_d04_2016-10-01_05:00:00 999.00  27.31  26.04  31.10  27.10  30.99  32.69  29.18  33.39  31.42  29.63  29.62 999.00  30.83  32.88  30.55  27.15  28.75  19.64  29.36  13.43  27.67  27.60  28.68  30.57  30.23  29.04  30.49  26.54  26.90  28.73
 wrfout_d04_2016-10-01_06:00:00 999.00  27.28  25.64  30.83  26.74  30.61  32.28  28.97  32.94  31.36  29.30  29.43 999.00  30.51  32.85  30.34  27.74  28.24  19.70  30.02  13.21  27.98  27.83  28.89  30.42  30.44  29.49  30.39  26.17  26.83  28.41
 wrfout_d04_2016-10-01_07:00:00 999.00  27.26  24.88  30.08  25.99  29.91  31.41  28.62  32.19  31.59  28.95  29.12 999.00  29.12  32.34  30.13  27.02  28.52  18.02  30.28  12.73  27.97  28.10  28.72  30.18  30.32  29.69  30.88  26.03  26.51  28.14
 wrfout_d04_2016-10-01_08:00:00 999.00  27.27  23.86  29.11  25.03  29.14  30.53  27.89  31.27  29.79  28.72  28.47 999.00  28.97  31.21  29.68  25.66  27.80  16.91  29.67  11.59  27.85  28.26  28.34  29.66  29.38  29.62  30.67  25.94  26.29  28.10
 wrfout_d04_2016-10-01_09:00:00 999.00  27.26  22.59  27.81  23.68  28.07  29.29  27.14  30.09  28.50  28.06  27.67 999.00  28.50  29.92  29.10  24.45  27.35  16.18  28.49  10.29  27.77  28.28  27.60  28.66  28.57  29.07  30.44  25.74  26.12  28.03
 wrfout_d04_2016-10-01_10:00:00 999.00  27.24  21.94  27.41  23.02  27.22  28.50  26.50  29.32  27.75  27.45  27.20 999.00  27.82  28.93  28.75  22.81  27.24  15.54  27.47   9.52  27.66  28.19  26.69  28.26  28.10  28.45  30.77  25.69  26.03  28.00
 wrfout_d04_2016-10-01_11:00:00 999.00  27.29  21.79  27.16  22.87  26.94  28.22  26.29  28.72  27.68  27.22  27.11 999.00  27.39  28.32  28.32  22.38  27.15  14.72  26.91   9.51  27.73  28.13  26.41  27.78  27.86  27.83  30.67  25.56  25.97  27.83
 wrfout_d04_2016-10-01_12:00:00 999.00  27.21  21.78  27.18  22.86  26.83  27.88  26.08  28.35  27.37  27.08  26.98 999.00  27.45  27.77  28.11  21.79  27.15  14.19  26.64   9.55  27.76  28.18  26.11  27.55  27.62  27.28  30.45  25.20  25.94  27.72
 wrfout_d04_2016-10-01_13:00:00 999.00  27.16  21.65  27.10  22.77  26.60  27.58  25.82  27.95  27.16  26.94  26.84 999.00  27.35  27.41  27.97  21.64  27.22  14.08  26.44   9.59  27.94  28.34  25.85  27.43  27.53  26.92  30.21  25.09  25.91  27.72
 wrfout_d04_2016-10-01_14:00:00 999.00  27.12  21.56  27.06  22.69  26.41  27.44  25.62  27.74  27.06  26.83  26.71 999.00  27.18  27.12  27.78  21.34  27.14  13.65  26.29   9.40  27.99  28.39  25.59  27.35  27.41  26.76  29.94  24.85  25.89  27.63
 wrfout_d04_2016-10-01_15:00:00 999.00  27.08  21.46  26.87  22.59  26.16  27.25  25.44  27.54  26.80  26.77  26.57 999.00  26.91  26.75  27.57  21.10  27.14  13.17  26.21   9.27  27.94  28.02  25.32  27.02  27.27  26.66  29.60  24.72  25.75  27.27
 wrfout_d04_2016-10-01_16:00:00 999.00  27.07  21.32  26.69  22.44  25.90  27.03  25.16  27.28  26.44  26.73  26.45 999.00  26.73  26.64  27.43  20.84  27.15  13.23  25.70   9.40  27.91  27.78  25.12  26.91  27.06  26.10  28.82  24.76  25.70  27.11
 wrfout_d04_2016-10-01_17:00:00 999.00  27.01  21.19  26.53  22.29  25.66  26.81  24.89  27.07  26.14  26.26  26.29 999.00  26.57  26.39  27.36  20.61  27.03  13.00  26.13   9.27  27.91  27.60  24.94  27.02  26.90  26.20  28.63  24.51  25.67  27.07
 wrfout_d04_2016-10-01_18:00:00 999.00  26.94  20.99  26.38  22.10  25.42  26.63  24.66  26.82  25.87  26.25  26.15 999.00  26.31  26.15  27.31  20.31  26.71  12.84  25.72   9.23  27.94  27.41  24.79  26.85  26.81  26.09  28.56  24.49  25.59  26.97
 wrfout_d04_2016-10-01_19:00:00 999.00  26.99  20.88  26.09  21.95  24.83  26.38  24.60  26.49  25.53  25.58  25.98 999.00  26.13  26.03  27.34  20.21  26.63  12.61  25.65   9.20  27.85  27.20  24.72  26.64  26.60  26.01  28.55  24.47  25.51  27.04
 wrfout_d04_2016-10-01_20:00:00 999.00  27.07  20.75  25.95  21.83  24.48  26.15  24.28  25.67  25.10  25.20  25.84 999.00  26.08  26.05  26.99  20.15  26.36  12.51  25.83   9.35  27.93  27.42  24.57  26.42  26.40  25.84  28.46  24.35  25.35  26.91
 wrfout_d04_2016-10-01_21:00:00 999.00  27.08  20.63  25.83  21.70  24.19  25.96  24.10  25.01  24.60  25.11  25.75 999.00  25.83  25.79  26.56  19.79  26.26  12.49  25.55   9.31  27.79  27.23  24.47  26.17  26.20  25.70  28.50  24.08  25.26  26.88
 wrfout_d04_2016-10-01_22:00:00 999.00  27.07  20.54  25.64  21.62  24.27  25.83  24.08  25.13  24.47  25.19  25.68 999.00  26.07  25.71  26.42  19.60  26.52  12.16  25.79   9.04  27.87  27.27  24.44  26.00  26.00  25.66  28.61  23.89  25.18  26.91
 wrfout_d04_2016-10-01_23:00:00 999.00  27.10  21.35  26.38  22.53  26.38  26.99  26.08  27.03  25.63  27.20  26.67 999.00  26.75  26.34  27.15  22.97  26.93  15.89  26.42  10.48  27.59  26.80  26.69  26.31  26.27  26.81  28.77  25.56  26.15  27.27
