 wrfout_d04_2016-05-30_00:00:00 999.00  26.65  23.71  29.15  25.06  29.77  30.31  28.10  30.26  29.60  28.99  28.95 999.00  30.24  29.78  30.44  26.78  29.43  19.61  28.70  14.16  28.36  28.66  29.14  30.84  30.56  31.02  30.68  29.49  28.75  29.58
 wrfout_d04_2016-05-30_01:00:00 999.00  27.69  24.71  30.35  26.52  31.18  31.76  28.92  31.78  30.69  31.92  30.68 999.00  31.11  31.09  31.37  27.91  29.90  20.65  29.78  14.72  28.37  28.54  30.30  31.15  30.95  31.47  31.13  30.16  29.14  29.96
 wrfout_d04_2016-05-30_02:00:00 999.00  27.68  25.23  30.92  27.18  32.38  32.73  29.34  32.85  31.33  32.60  31.73 999.00  31.73  32.57  31.68  28.67  30.34  21.39  31.04  15.06  28.38  28.53  30.54  32.35  31.71  31.93  31.76  30.67  29.86  30.49
 wrfout_d04_2016-05-30_03:00:00 999.00  27.71  25.59  31.16  27.64  33.15  33.47  29.57  33.49  31.78  33.11  32.28 999.00  31.99  33.22  31.96  29.71  30.64  21.98  31.94  15.01  28.37  28.50  30.57  33.15  32.38  32.24  32.16  30.93  30.54  31.02
 wrfout_d04_2016-05-30_04:00:00 999.00  27.72  25.67  31.03  27.71  33.44  33.18  29.60  33.86  31.94  32.51  32.11 999.00  32.07  33.55  31.85  30.35  30.79  21.77  32.55  14.21  28.34  28.47  30.86  33.56  32.66  32.36  32.36  30.94  31.10  31.41
 wrfout_d04_2016-05-30_05:00:00 999.00  27.70  25.40  30.41  27.43  33.94  33.65  29.48  33.88  31.83  31.87  32.00 999.00  31.98  34.00  31.80  30.98  30.84  21.78  32.77  14.61  28.35  28.48  30.71  33.69  32.67  32.28  32.41  30.90  31.29  31.57
 wrfout_d04_2016-05-30_06:00:00 999.00  27.64  24.99  30.04  26.88  33.63  33.24  29.24  33.57  31.50  31.38  31.76 999.00  31.85  34.19  31.74  31.06  30.78  21.74  32.57  14.52  28.36  28.48  30.33  33.51  32.48  32.06  32.26  30.80  31.27  31.51
 wrfout_d04_2016-05-30_07:00:00 999.00  27.56  24.55  29.65  26.30  32.87  32.46  28.99  32.57  31.01  30.19  31.72 999.00  31.52  33.91  31.44  30.56  30.57  21.06  31.99  13.96  28.38  28.51  29.89  33.08  32.12  31.64  31.97  30.52  31.15  31.23
 wrfout_d04_2016-05-30_08:00:00 999.00  27.47  24.07  29.09  25.69  32.14  31.89  28.74  31.73  30.41  29.34  31.27 999.00  31.12  33.24  31.04  29.62  30.24  20.76  31.48  14.07  28.40  28.59  29.01  32.50  31.66  31.35  31.64  29.93  30.71  30.83
 wrfout_d04_2016-05-30_09:00:00 999.00  27.46  23.52  28.41  25.02  31.23  31.19  28.33  31.46  29.82  28.90  30.57 999.00  30.55  32.35  30.56  28.04  29.76  19.68  30.80  12.96  28.41  28.61  28.66  31.75  30.86  30.51  31.12  29.23  29.88  30.24
 wrfout_d04_2016-05-30_10:00:00 999.00  27.49  22.83  27.46  24.19  30.10  30.25  27.69  30.65  28.92  28.76  29.57 999.00  29.95  31.32  29.90  26.25  29.10  18.25  29.51  11.99  28.40  28.59  27.94  30.48  29.89  29.85  30.48  28.00  28.25  29.58
 wrfout_d04_2016-05-30_11:00:00 999.00  27.49  22.44  26.77  23.50  29.14  28.83  27.23  29.85  28.22  28.05  28.61 999.00  29.50  30.11  29.57  24.71  28.55  16.41  28.51  10.67  28.39  28.56  27.45  29.59  29.25  29.28  30.02  26.47  26.70  29.07
 wrfout_d04_2016-05-30_12:00:00 999.00  27.55  22.26  26.45  23.29  28.24  28.27  27.14  29.30  27.78  27.85  28.27 999.00  29.27  29.60  29.43  23.93  28.38  15.90  28.06  10.63  28.40  28.54  27.32  29.28  28.98  29.06  29.84  25.99  26.17  28.86
 wrfout_d04_2016-05-30_13:00:00 999.00  27.52  22.40  26.06  22.99  27.93  28.34  27.01  28.97  27.55  27.68  28.04 999.00  29.18  28.95  29.47  23.18  28.24  15.45  27.81  10.25  28.37  28.48  27.08  29.06  28.80  29.05  29.63  25.56  25.85  28.62
 wrfout_d04_2016-05-30_14:00:00 999.00  27.50  22.28  26.83  22.97  27.54  28.08  26.65  28.46  27.44  27.45  27.84 999.00  28.67  28.53  29.30  22.67  28.15  15.06  27.53   9.15  28.36  28.42  26.76  28.95  28.66  28.93  29.40  25.20  25.57  28.41
 wrfout_d04_2016-05-30_15:00:00 999.00  27.50  22.45  25.90  23.00  27.80  28.27  26.54  28.35  27.34  27.16  27.69 999.00  28.25  28.25  29.00  22.30  28.05  15.15  27.08   9.46  28.32  28.38  26.44  28.76  28.48  28.76  29.19  24.90  25.29  28.16
 wrfout_d04_2016-05-30_16:00:00 999.00  27.50  22.36  25.80  22.97  27.41  28.10  26.46  28.39  27.30  26.97  27.95 999.00  27.94  27.85  28.69  21.96  27.98  14.45  26.69   8.63  28.28  28.31  26.16  28.55  28.38  28.60  28.99  24.64  25.11  27.94
 wrfout_d04_2016-05-30_17:00:00 999.00  27.51  22.39  25.65  22.96  27.85  28.12  26.53  27.94  27.30  26.67  27.71 999.00  27.78  27.48  28.51  21.59  27.92  14.05  26.50   8.29  28.25  28.16  25.85  28.44  28.27  28.20  28.91  24.34  25.16  27.86
 wrfout_d04_2016-05-30_18:00:00 999.00  27.58  22.21  25.34  22.82  27.36  28.04  26.58  27.77  27.04  26.54  27.49 999.00  27.58  27.23  28.28  21.34  27.87  13.84  26.21   8.05  28.21  28.03  25.69  28.21  28.16  28.12  28.74  24.18  25.65  27.68
 wrfout_d04_2016-05-30_19:00:00 999.00  27.52  21.93  25.15  22.67  26.59  27.47  26.58  27.71  26.80  26.23  27.10 999.00  27.37  26.96  28.16  21.10  27.81  13.64  25.99   7.82  28.19  27.92  25.48  27.91  28.02  28.07  28.71  24.01  25.64  27.58
 wrfout_d04_2016-05-30_20:00:00 999.00  27.64  21.67  24.97  22.43  26.30  27.13  26.60  27.15  26.75  25.90  26.72 999.00  27.24  26.82  27.90  20.89  27.75  13.48  25.72   7.66  28.17  27.79  25.38  27.60  27.77  28.01  28.64  23.86  25.77  27.44
 wrfout_d04_2016-05-30_21:00:00 999.00  27.68  21.55  24.83  22.25  26.26  26.75  26.64  26.66  26.74  25.64  26.47 999.00  27.15  26.68  27.71  20.75  27.72  13.36  25.58   7.60  28.17  27.68  25.26  27.27  27.42  27.87  28.65  23.76  25.85  27.43
 wrfout_d04_2016-05-30_22:00:00 999.00  27.63  22.15  27.33  23.24  26.91  27.54  27.41  27.50  27.79  26.69  27.42 999.00  27.54  27.18  27.72  23.47  28.10  16.41  25.95  10.80  28.18  27.72  27.05  27.49  27.64  27.64  28.91  26.41  26.92  27.82
 wrfout_d04_2016-05-30_23:00:00 999.00  27.66  22.90  28.55  24.23  28.64  29.00  28.08  28.93  29.16  27.80  28.59 999.00  28.97  28.48  28.17  25.53  28.84  18.69  27.25  12.37  28.23  28.20  27.71  28.95  29.04  28.10  29.78  28.23  27.99  28.69
