 wrfout_d04_2016-12-01_00:00:00 999.00  21.01  15.87  20.36  17.32  20.55  21.91  20.99  21.54  21.14  22.11  22.05 999.00  22.47  22.08  24.41  19.23  21.44  15.32  19.98   8.21  22.84  22.94  24.69  21.90  22.30  24.50  23.33  21.96  24.69  24.24
 wrfout_d04_2016-12-01_01:00:00 999.00  21.18  15.44  20.98  16.90  19.94  21.86  20.66  21.55  21.22  22.12  21.66 999.00  23.19  23.51  25.14  20.21  22.06  17.03  21.58   9.11  22.85  23.23  25.62  23.50  23.52  24.63  23.70  22.46  25.24  25.48
 wrfout_d04_2016-12-01_02:00:00 999.00  20.58  14.91  20.80  16.45  19.84  21.41  20.33  21.06  20.75  22.01  21.08 999.00  23.68  24.54  25.80  21.30  22.58  16.14  23.53   9.80  22.63  23.63  25.07  24.70  24.79  25.00  24.83  23.32  25.51  27.16
 wrfout_d04_2016-12-01_03:00:00 999.00  20.29  14.68  20.77  16.93  19.56  21.67  19.52  20.91  20.24  21.40  20.69 999.00  23.17  25.41  25.51  23.24  21.57  16.69  24.89   9.39  22.90  24.33  25.88  26.94  26.93  25.83  26.07  23.58  25.85  27.66
 wrfout_d04_2016-12-01_04:00:00 999.00  19.92  14.35  20.34  16.55  19.31  21.40  18.84  20.81  19.72  21.28  20.46 999.00  22.50  25.37  25.27  23.60  21.15  16.87  25.83   9.49  22.13  23.62  25.33  27.41  27.52  25.76  27.53  23.87  26.02  28.24
 wrfout_d04_2016-12-01_05:00:00 999.00  19.67  14.00  19.97  16.10  18.72  20.75  18.66  20.25  19.42  20.79  19.81 999.00  22.05  25.12  23.95  23.63  20.60  15.57  26.01   8.95  21.95  23.71  23.99  27.66  27.62  25.52  28.24  25.29  25.90  27.83
 wrfout_d04_2016-12-01_06:00:00 999.00  19.84  13.75  19.61  15.56  18.29  20.18  18.49  19.74  19.05  20.32  19.45 999.00  22.00  24.83  23.67  23.22  20.26  14.56  25.62   8.56  21.60  23.39  24.40  27.72  27.66  25.29  29.25  23.64  25.56  27.68
 wrfout_d04_2016-12-01_07:00:00 999.00  19.73  13.56  18.72  15.07  18.17  19.75  18.61  19.37  19.07  19.39  18.93 999.00  21.45  24.26  23.23  22.53  19.95  15.21  24.92   8.55  21.27  22.93  23.94  27.25  27.21  24.60  29.24  22.85  25.06  27.44
 wrfout_d04_2016-12-01_08:00:00 999.00  19.71  13.41  18.34  14.51  18.07  19.35  18.71  19.05  18.96  18.85  18.63 999.00  20.88  22.91  22.96  21.46  19.70  14.09  23.10   7.88  21.05  22.69  23.10  24.87  25.04  24.75  28.52  22.64  24.23  26.21
 wrfout_d04_2016-12-01_09:00:00 999.00  19.70  13.38  18.22  14.08  18.19  19.16  18.90  18.86  18.84  18.84  18.55 999.00  20.04  20.55  22.90  18.29  19.79  10.91  21.63   7.19  21.00  22.57  22.28  23.24  23.44  24.11  27.70  22.04  23.08  25.27
 wrfout_d04_2016-12-01_10:00:00 999.00  19.79  13.36  18.25  14.15  18.36  19.25  19.14  18.84  18.96  18.76  18.56 999.00  19.81  20.05  22.82  17.45  20.23   9.97  19.97   6.67  21.04  22.37  22.30  21.92  22.18  23.87  26.87  21.46  22.96  24.81
 wrfout_d04_2016-12-01_11:00:00 999.00  19.79  13.38  18.35  14.18  18.46  19.31  19.20  18.98  19.05  18.54  18.56 999.00  19.78  19.63  22.85  17.11  20.24   9.71  19.01   3.20  21.06  22.13  22.14  21.04  21.23  23.56  25.61  20.89  22.88  24.11
 wrfout_d04_2016-12-01_12:00:00 999.00  19.82  13.37  18.35  14.15  18.51  19.29  18.99  18.98  19.02  18.65  18.49 999.00  19.79  19.46  22.89  16.86  20.28   9.37  18.69   2.82  21.73  21.85  22.14  20.28  20.42  23.35  25.19  20.67  22.91  23.80
 wrfout_d04_2016-12-01_13:00:00 999.00  20.24  13.41  18.33  14.17  18.52  19.30  19.00  18.98  18.64  18.49  18.40 999.00  19.86  19.35  22.77  16.40  20.16   9.14  18.49   2.56  21.71  21.64  22.36  20.05  20.14  23.10  24.16  20.53  22.76  23.44
 wrfout_d04_2016-12-01_14:00:00 999.00  20.46  13.50  18.29  14.24  18.62  19.25  19.05  18.93  18.55  18.45  18.27 999.00  19.57  19.16  22.62  16.13  20.24   8.92  18.10   4.59  21.60  21.50  22.17  19.81  19.87  23.37  22.63  20.37  22.62  23.30
 wrfout_d04_2016-12-01_15:00:00 999.00  20.66  13.63  18.28  14.34  18.58  19.27  18.95  18.99  18.52  18.45  18.19 999.00  19.49  19.05  22.58  15.77  20.43   8.63  17.71   4.81  21.66  21.48  21.86  19.53  19.59  23.24  21.85  20.25  22.60  23.01
 wrfout_d04_2016-12-01_16:00:00 999.00  20.79  13.61  18.31  14.38  18.58  19.23  18.98  18.95  18.76  18.23  18.16 999.00  19.38  18.98  22.80  15.60  20.63   8.35  17.30   4.64  21.71  21.36  22.08  19.25  19.30  23.31  21.23  20.24  22.37  22.58
 wrfout_d04_2016-12-01_17:00:00 999.00  20.96  13.65  18.32  14.62  18.79  19.26  19.12  19.00  18.63  18.34  18.25 999.00  19.30  18.96  22.82  15.41  20.48   8.13  17.21   4.32  21.62  21.26  22.12  18.98  19.06  23.23  21.20  20.20  22.34  22.59
 wrfout_d04_2016-12-01_18:00:00 999.00  21.08  13.69  18.40  14.52  19.04  19.35  19.20  19.03  18.63  18.20  18.21 999.00  19.30  18.86  22.66  15.34  20.50   7.97  17.10   4.66  21.68  21.25  22.05  18.83  18.85  22.84  20.76  20.15  22.36  22.64
 wrfout_d04_2016-12-01_19:00:00 999.00  21.12  13.71  18.47  14.57  18.99  19.39  19.46  19.17  18.69  18.22  18.31 999.00  19.17  18.68  22.39  15.21  20.49   7.83  17.07   4.00  21.79  21.32  22.01  18.62  18.67  23.07  20.09  20.17  22.13  22.77
 wrfout_d04_2016-12-01_20:00:00 999.00  20.47  13.76  18.39  14.65  19.43  19.41  19.45  19.20  18.80  18.38  18.38 999.00  19.20  18.00  22.31  15.01  20.65   7.66  17.06   5.67  21.93  21.41  21.49  18.53  18.61  22.96  19.89  20.09  22.16  22.32
 wrfout_d04_2016-12-01_21:00:00 999.00  20.27  13.80  18.44  14.57  19.30  19.63  19.46  19.39  18.78  18.61  18.61 999.00  19.24  17.85  22.31  14.89  20.65  10.04  17.15   5.38  21.99  21.56  21.38  18.55  18.57  22.80  19.74  20.06  22.33  22.31
 wrfout_d04_2016-12-01_22:00:00 999.00  20.17  13.95  18.57  14.79  18.87  19.40  19.19  19.27  18.80  18.86  18.83 999.00  19.24  17.77  21.95  14.77  20.74   7.80  17.31   5.66  22.16  21.60  21.55  18.49  18.59  22.79  20.09  20.14  22.30  22.13
 wrfout_d04_2016-12-01_23:00:00 999.00  19.97  13.98  18.73  14.88  19.02  19.22  19.71  19.17  19.24  18.77  18.90 999.00  19.55  18.80  22.07  17.16  20.96  10.59  17.62   6.33  22.26  21.64  21.70  19.15  19.24  22.86  20.79  20.62  22.46  22.53
