 wrfout_d04_2016-04-08_00:00:00 999.00  20.40  20.66  21.37  21.30  21.93  22.27  20.51  22.67  21.23  24.96  23.63 999.00  24.82  26.59  26.82  23.97  22.57  16.27  24.14  10.53  22.79  23.23  25.95  25.99  24.19  27.27  27.28  29.54  26.64  27.33
 wrfout_d04_2016-04-08_01:00:00 999.00  20.29  21.62  22.14  22.27  22.94  24.61  20.46  25.09  21.30  25.76  24.30 999.00  25.74  28.40  26.91  26.12  23.04  17.49  26.07  11.57  22.82  23.15  26.65  27.90  26.63  28.17  28.32  30.17  27.38  28.80
 wrfout_d04_2016-04-08_02:00:00 999.00  20.32  22.47  22.22  23.24  22.02  26.59  20.52  27.01  21.75  25.94  24.65 999.00  26.39  29.65  28.07  26.92  24.83  18.46  27.71  12.32  22.93  23.17  26.77  30.04  29.02  29.09  28.53  32.41  27.96  29.71
 wrfout_d04_2016-04-08_03:00:00 999.00  20.36  23.02  23.50  23.73  22.08  27.45  21.60  27.82  23.16  26.81  24.85 999.00  26.69  30.51  27.60  27.50  25.94  19.08  29.22  12.65  23.28  23.33  27.03  31.34  30.21  29.64  29.29  33.34  28.34  30.02
 wrfout_d04_2016-04-08_04:00:00 999.00  20.39  23.47  25.03  24.23  22.37  28.58  22.71  28.54  25.17  26.76  24.84 999.00  26.98  31.07  27.42  27.61  26.41  19.43  30.05  12.61  23.48  23.48  26.92  31.81  30.25  29.75  29.82  33.97  28.54  30.03
 wrfout_d04_2016-04-08_05:00:00 999.00  20.49  24.07  24.60  24.92  23.53  27.80  22.72  28.57  26.24  26.74  24.10 999.00  26.96  31.29  27.59  27.89  26.62  19.44  30.11  12.55  23.61  23.57  26.82  31.90  30.21  29.51  29.99  34.23  28.47  29.98
 wrfout_d04_2016-04-08_06:00:00 999.00  20.34  23.77  25.29  24.87  24.52  27.47  22.10  28.40  26.64  26.61  24.45 999.00  26.83  31.31  26.07  27.81  26.68  19.11  29.79  12.14  23.64  23.53  26.92  31.78  29.89  29.12  30.02  34.01  28.25  29.74
 wrfout_d04_2016-04-08_07:00:00 999.00  19.91  23.15  24.54  24.48  23.52  27.62  21.98  29.32  26.53  25.85  24.00 999.00  26.44  30.87  25.64  27.17  26.44  18.38  29.19  11.41  23.66  23.57  26.62  31.29  29.49  28.90  29.61  33.00  27.80  29.25
 wrfout_d04_2016-04-08_08:00:00 999.00  19.39  22.61  23.93  23.89  21.82  25.99  20.53  26.28  25.99  24.38  24.02 999.00  25.54  30.02  25.32  26.17  25.88  17.31  28.36  10.48  23.56  23.68  26.21  30.46  28.94  28.20  29.00  31.23  27.09  28.68
 wrfout_d04_2016-04-08_09:00:00 999.00  19.76  21.31  22.11  22.34  20.59  24.51  19.30  25.31  24.36  23.75  23.40 999.00  24.16  28.74  24.98  24.87  25.33  15.84  27.25   9.25  23.41  23.77  25.60  29.22  27.88  27.28  28.19  28.60  26.03  27.57
 wrfout_d04_2016-04-08_10:00:00 999.00  20.19  19.40  20.67  19.93  19.83  23.34  18.87  24.02  20.64  23.67  22.45 999.00  22.99  27.54  24.41  22.42  24.39  13.57  25.99   6.49  23.33  23.86  24.41  27.48  26.58  26.25  27.03  25.75  24.58  26.12
 wrfout_d04_2016-04-08_11:00:00 999.00  20.42  18.33  19.97  18.57  19.31  22.07  18.77  22.54  19.97  22.96  22.04 999.00  22.27  26.19  23.83  20.97  23.66  11.55  24.52   6.54  23.23  23.86  24.13  25.97  25.68  25.76  26.35  24.21  24.08  25.54
 wrfout_d04_2016-04-08_12:00:00 999.00  20.57  17.82  19.70  18.16  19.16  21.61  18.83  21.58  20.20  22.39  21.80 999.00  20.81  25.70  23.75  19.83  22.56  12.78  23.64   6.99  23.24  22.83  24.10  25.16  25.11  25.51  26.39  23.26  23.79  25.08
 wrfout_d04_2016-04-08_13:00:00 999.00  20.63  17.34  19.91  17.79  19.13  21.34  19.06  21.61  20.28  22.25  21.30 999.00  20.02  25.39  23.67  19.18  21.91  12.87  23.15   7.20  22.38  22.38  23.88  24.44  24.61  25.37  26.54  22.57  23.48  24.76
 wrfout_d04_2016-04-08_14:00:00 999.00  20.68  16.97  19.81  17.50  19.27  21.04  18.78  21.43  20.40  22.12  21.39 999.00  19.73  24.72  23.65  18.64  21.41  13.00  22.75   7.34  22.21  22.11  23.46  23.85  24.18  25.21  26.46  21.96  23.31  24.64
 wrfout_d04_2016-04-08_15:00:00 999.00  20.65  17.42  20.04  17.27  19.19  20.54  18.60  21.31  20.19  22.02  21.32 999.00  19.74  24.23  23.52  18.41  21.06  12.99  22.37   7.62  21.80  21.86  23.15  22.99  23.46  25.26  26.00  21.53  23.02  24.16
 wrfout_d04_2016-04-08_16:00:00 999.00  20.75  17.51  19.97  17.44  19.22  20.57  18.64  21.42  19.38  21.83  21.07 999.00  19.82  23.71  23.44  17.97  21.46  12.81  21.55   7.54  21.58  22.09  22.87  22.23  22.84  25.06  25.60  21.14  22.69  23.42
 wrfout_d04_2016-04-08_17:00:00 999.00  20.83  17.49  19.74  17.87  19.34  21.10  18.79  21.40  18.95  21.59  21.21 999.00  19.40  22.85  23.32  17.49  21.74  12.44  20.80   7.25  21.28  22.65  22.41  21.85  22.35  24.85  25.45  20.73  22.65  22.82
 wrfout_d04_2016-04-08_18:00:00 999.00  20.82  17.09  19.71  17.53  19.48  20.93  18.58  20.87  18.90  21.47  21.19 999.00  19.37  22.08  22.99  17.05  21.85  12.20  20.26   6.95  21.56  22.80  22.11  21.47  21.99  24.66  25.47  20.37  22.54  22.48
 wrfout_d04_2016-04-08_19:00:00 999.00  20.79  16.98  19.77  17.29  19.84  20.73  18.31  20.01  18.69  21.40  21.07 999.00  19.41  21.49  22.77  16.77  21.94  12.04  19.78   6.76  22.06  22.50  21.93  21.35  21.60  24.56  25.26  20.09  22.50  22.25
 wrfout_d04_2016-04-08_20:00:00 999.00  20.67  16.74  19.56  16.90  19.88  20.27  18.11  20.21  18.48  21.21  20.98 999.00  19.62  21.02  22.77  16.55  21.65  11.92  19.04   6.60  22.50  22.03  21.72  21.25  21.37  24.33  24.93  19.86  22.43  22.01
 wrfout_d04_2016-04-08_21:00:00 999.00  20.60  16.30  19.62  16.67  20.09  20.12  18.11  20.29  18.51  21.10  20.56 999.00  19.72  20.70  22.80  16.29  21.02  12.04  18.33   6.55  22.26  22.01  21.42  21.03  21.19  24.17  24.59  19.65  22.30  22.52
 wrfout_d04_2016-04-08_22:00:00 999.00  20.37  16.34  19.36  16.87  19.99  20.17  18.35  20.27  18.55  21.26  21.21 999.00  19.59  20.46  22.89  17.07  20.78  12.58  18.08   6.76  22.15  21.80  21.83  20.80  20.87  23.78  24.33  20.14  22.87  22.70
 wrfout_d04_2016-04-08_23:00:00 999.00  19.97  17.74  19.19  18.44  20.38  20.57  18.44  20.54  18.69  22.41  22.45 999.00  19.51  21.14  23.61  21.16  20.71  15.13  18.34   8.13  21.89  21.30  24.01  20.77  21.01  24.87  24.72  23.36  24.83  23.95
