 wrfout_d04_2016-07-18_00:00:00 999.00  28.32  24.15  29.60  25.80  29.88  30.28  29.75  30.32  30.06  30.22  29.24 999.00  29.43  28.46  29.79  24.32  29.84  19.67  28.32  13.60  28.79  28.88  29.09  29.33  29.18  30.23  30.17  30.17  28.70  29.70
 wrfout_d04_2016-07-18_01:00:00 999.00  28.38  25.45  31.25  27.08  30.39  31.34  30.23  31.46  31.38  31.34  30.70 999.00  30.85  30.13  30.59  25.62  30.44  17.39  29.37  13.04  28.84  28.95  29.42  30.23  30.93  30.94  30.73  32.32  29.21  30.25
 wrfout_d04_2016-07-18_02:00:00 999.00  28.52  26.16  31.97  28.58  31.68  33.01  30.56  33.20  32.20  31.51  31.14 999.00  31.97  31.74  31.25  26.52  30.86  19.44  30.61  14.21  28.85  28.91  29.63  32.12  31.65  31.40  31.20  31.99  29.67  30.66
 wrfout_d04_2016-07-18_03:00:00 999.00  28.60  27.10  32.30  29.24  32.93  34.25  30.70  34.22  32.56  31.68  31.09 999.00  31.37  33.01  31.37  27.36  31.14  20.48  31.26  13.65  28.90  28.94  29.69  32.78  32.05  32.05  31.37  32.62  29.91  30.77
 wrfout_d04_2016-07-18_04:00:00 999.00  28.69  27.04  32.15  29.18  32.42  34.99  30.81  34.90  32.59  31.98  31.12 999.00  31.91  34.20  31.52  28.37  31.41  17.99  31.65  12.60  28.98  28.97  29.66  32.67  32.02  32.58  31.64  33.06  30.07  30.98
 wrfout_d04_2016-07-18_05:00:00 999.00  28.66  27.03  32.05  29.13  32.78  35.08  30.73  35.30  32.37  31.25  31.13 999.00  32.34  33.44  30.35  28.43  31.52  17.94  32.42  12.31  29.04  28.96  29.68  32.86  32.05  32.90  31.74  32.57  30.03  30.86
 wrfout_d04_2016-07-18_06:00:00 999.00  28.64  26.69  31.52  28.72  33.30  35.02  30.41  35.38  32.22  28.45  30.83 999.00  32.32  34.52  30.90  28.75  31.50  16.77  32.35  11.31  29.11  29.19  29.73  33.06  32.43  32.61  32.26  32.51  29.92  30.68
 wrfout_d04_2016-07-18_07:00:00 999.00  28.67  26.10  30.84  28.06  33.35  34.37  29.83  34.60  31.59  26.25  29.71 999.00  32.02  34.43  30.13  27.21  31.42  17.42  32.46   9.93  29.12  29.23  28.89  32.99  32.29  32.01  31.91  30.70  29.21  30.57
 wrfout_d04_2016-07-18_08:00:00 999.00  28.61  25.72  30.69  27.38  31.54  33.58  29.88  33.36  30.26  25.57  28.72 999.00  31.66  34.27  29.86  27.60  31.10  18.00  32.44  11.06  29.10  29.25  28.72  32.85  32.05  31.22  31.52  29.78  28.40  30.21
 wrfout_d04_2016-07-18_09:00:00 999.00  28.68  25.39  30.26  26.56  28.77  29.42  28.51  32.19  30.11  26.13  27.49 999.00  30.96  33.17  29.92  26.46  30.66  17.51  31.38  10.65  29.11  29.18  28.12  32.12  31.39  30.60  31.23  29.00  28.22  29.92
 wrfout_d04_2016-07-18_10:00:00 999.00  28.70  23.13  28.62  24.21  28.18  28.58  28.80  30.12  29.82  27.47  28.29 999.00  30.27  31.75  29.52  24.93  29.93  15.64  30.24   9.56  29.04  29.03  27.62  30.72  30.20  30.20  30.96  28.05  27.46  29.64
 wrfout_d04_2016-07-18_11:00:00 999.00  28.63  23.18  27.82  23.82  27.66  29.07  28.04  30.77  29.30  27.50  28.73 999.00  29.75  30.48  28.91  24.01  29.48  14.36  29.34   9.30  28.99  29.04  26.63  30.05  29.66  29.69  30.56  26.48  27.21  29.34
 wrfout_d04_2016-07-18_12:00:00 999.00  28.44  22.94  27.27  23.49  28.19  29.06  27.74  30.00  28.91  27.61  28.51 999.00  29.47  29.78  28.69  23.05  29.24  13.87  28.86   7.38  29.00  28.95  26.89  29.72  29.39  29.33  30.30  26.16  27.10  29.21
 wrfout_d04_2016-07-18_13:00:00 999.00  28.56  22.95  27.17  23.25  28.42  29.23  27.60  29.62  28.57  27.28  28.51 999.00  29.29  29.41  28.58  22.41  29.09  13.61  28.58   7.26  29.05  28.89  26.16  29.55  29.27  29.09  30.02  25.97  27.01  29.02
 wrfout_d04_2016-07-18_14:00:00 999.00  28.57  22.56  26.78  22.78  28.21  29.24  27.31  29.25  28.33  27.36  28.34 999.00  28.99  29.06  28.35  21.65  28.95  13.12  28.07   6.44  28.98  28.97  26.48  29.38  29.10  28.88  29.81  25.53  26.92  28.81
 wrfout_d04_2016-07-18_15:00:00 999.00  28.51  22.15  26.36  22.34  27.84  28.82  26.59  28.77  28.02  27.28  28.24 999.00  28.63  28.79  28.19  21.29  28.81  12.69  27.59   5.99  28.90  28.85  25.80  29.11  28.87  28.61  29.54  25.35  26.82  28.57
 wrfout_d04_2016-07-18_16:00:00 999.00  28.39  21.46  26.12  22.33  27.17  28.51  26.28  28.58  27.67  27.10  28.06 999.00  28.38  28.18  27.90  21.05  28.73  12.70  27.15   5.97  28.88  28.74  25.55  28.88  28.73  28.37  29.31  25.09  26.69  28.31
 wrfout_d04_2016-07-18_17:00:00 999.00  28.09  21.24  25.90  22.13  27.28  28.72  26.14  28.28  27.76  27.04  27.75 999.00  28.09  27.76  27.94  20.76  28.67  12.40  26.80   6.02  28.83  28.68  25.36  28.37  28.51  28.13  29.24  24.90  26.58  28.28
 wrfout_d04_2016-07-18_18:00:00 999.00  28.21  21.00  25.65  21.76  27.83  28.56  25.91  27.81  27.72  26.97  27.34 999.00  27.86  27.47  27.91  20.94  28.53  12.82  26.41   5.50  28.79  28.67  25.32  27.77  28.05  27.88  29.01  24.46  26.52  28.09
 wrfout_d04_2016-07-18_19:00:00 999.00  28.31  21.05  25.48  21.91  27.29  28.21  25.73  27.62  27.38  26.95  27.03 999.00  27.66  27.25  28.00  20.78  28.43  12.70  26.24   5.87  28.73  28.60  25.46  27.31  27.53  27.84  28.96  24.33  26.42  28.01
 wrfout_d04_2016-07-18_20:00:00 999.00  28.25  21.85  25.38  21.80  26.51  27.65  25.59  27.44  26.27  26.51  26.76 999.00  27.47  27.05  27.83  20.29  28.38  12.52  26.08   6.42  28.73  28.23  24.99  27.17  27.21  27.72  28.84  24.74  25.97  27.79
 wrfout_d04_2016-07-18_21:00:00 999.00  28.27  21.84  25.13  21.52  26.33  27.35  26.34  27.18  25.94  26.15  26.74 999.00  27.41  26.89  27.54  20.03  28.31  12.55  26.12   6.44  28.71  27.64  25.20  26.96  26.91  27.70  28.84  24.16  25.74  27.68
 wrfout_d04_2016-07-18_22:00:00 999.00  28.37  22.52  27.22  23.55  26.89  27.56  26.65  27.49  26.81  26.97  27.55 999.00  27.64  26.98  28.05  21.83  28.48  14.15  26.38   7.93  28.70  27.51  26.29  27.00  26.87  27.68  28.99  25.46  26.92  27.91
 wrfout_d04_2016-07-18_23:00:00 999.00  28.62  24.10  28.49  25.07  28.50  28.68  27.86  28.86  27.77  28.32  28.56 999.00  28.70  27.91  29.37  23.50  29.23  16.88  26.98  10.49  28.70  27.84  28.18  27.83  27.75  28.98  29.63  28.41  28.23  28.79
