 wrfout_d04_2016-05-18_00:00:00 999.00  24.75  21.79  25.03  23.11  24.66  25.17  25.49  25.22  25.55  26.99  26.68 999.00  25.34  26.17  28.26  25.15  26.33  16.94  23.68  10.42  26.07  25.32  27.59  26.57  26.80  28.91  28.07  27.86  27.35  26.37
 wrfout_d04_2016-05-18_01:00:00 999.00  24.70  21.13  27.63  24.35  26.38  28.33  26.66  28.24  27.47  27.98  27.38 999.00  27.09  27.99  28.93  26.27  27.59  17.64  26.38  11.64  26.62  26.00  27.57  27.89  28.01  29.61  29.08  27.21  27.87  29.41
 wrfout_d04_2016-05-18_02:00:00 999.00  24.93  20.58  27.61  23.54  26.92  29.37  26.70  28.52  28.88  28.77  27.86 999.00  27.71  29.34  29.37  27.15  28.10  17.07  28.04  11.58  26.72  26.86  28.16  29.50  29.68  29.99  30.52  28.09  28.35  30.32
 wrfout_d04_2016-05-18_03:00:00 999.00  25.10  21.70  25.68  24.78  25.99  28.49  26.73  28.03  28.45  29.07  28.13 999.00  28.17  30.31  29.59  27.57  28.40  15.85  29.36  11.31  26.80  27.51  28.50  30.81  30.94  30.36  31.35  28.32  28.72  31.05
 wrfout_d04_2016-05-18_04:00:00 999.00  24.90  21.99  25.59  23.89  25.66  28.10  25.86  28.19  27.05  27.98  26.77 999.00  28.57  30.64  29.60  26.67  28.57  15.37  30.01  11.47  26.84  27.53  28.46  31.65  31.81  30.49  31.97  28.54  28.91  30.65
 wrfout_d04_2016-05-18_05:00:00 999.00  24.96  21.47  25.46  24.07  25.87  27.64  26.16  27.22  26.33  25.60  26.51 999.00  28.29  29.18  29.22  25.83  28.69  15.43  29.66  11.21  26.83  27.55  28.34  31.91  32.15  30.49  32.48  28.43  28.90  29.91
 wrfout_d04_2016-05-18_06:00:00 999.00  25.03  20.88  24.91  23.88  25.19  27.47  25.87  26.54  26.19  25.14  26.64 999.00  27.98  28.04  28.07  25.73  28.43  15.74  28.21   9.87  26.90  27.59  28.27  30.59  31.06  30.35  32.65  28.17  28.72  29.69
 wrfout_d04_2016-05-18_07:00:00 999.00  25.06  21.57  24.69  23.96  24.96  26.72  26.16  26.03  26.86  26.16  24.80 999.00  27.69  27.18  27.85  25.18  27.50  16.14  26.63   9.77  26.76  27.50  27.78  30.13  30.70  29.96  32.16  27.71  28.36  30.35
 wrfout_d04_2016-05-18_08:00:00 999.00  24.89  20.79  24.51  22.22  24.77  26.36  25.78  26.07  26.26  25.93  25.94 999.00  27.26  26.99  28.06  25.62  26.72  16.11  26.31   9.98  26.52  27.70  26.06  29.29  29.88  29.17  32.15  27.30  27.90  30.00
 wrfout_d04_2016-05-18_09:00:00 999.00  24.87  20.51  24.50  22.49  24.56  26.15  25.38  25.51  25.85  25.28  25.92 999.00  26.55  26.47  27.36  24.72  26.08  15.26  26.41   9.60  26.42  27.65  25.32  28.83  29.29  28.87  32.28  26.80  27.15  29.56
 wrfout_d04_2016-05-18_10:00:00 999.00  24.85  20.24  24.32  21.58  24.24  25.74  24.95  25.51  25.31  24.56  24.81 999.00  26.11  26.04  26.52  23.16  25.81  14.69  26.01   9.07  26.38  27.67  26.05  28.01  28.40  27.76  31.29  25.78  26.05  28.93
 wrfout_d04_2016-05-18_11:00:00 999.00  24.83  19.72  23.16  20.86  24.06  25.49  25.01  25.32  24.71  24.52  24.56 999.00  25.71  25.00  26.35  21.34  25.68  12.67  25.32   7.58  26.37  27.13  25.50  27.29  27.54  27.43  30.19  24.34  24.73  28.13
 wrfout_d04_2016-05-18_12:00:00 999.00  24.94  19.68  23.79  20.65  24.00  25.07  24.70  25.11  24.89  24.81  24.76 999.00  25.53  24.54  26.22  20.90  25.52  12.59  24.37   6.94  26.37  26.81  25.14  26.07  26.35  27.34  29.61  24.00  24.37  27.82
 wrfout_d04_2016-05-18_13:00:00 999.00  24.88  19.60  22.83  20.25  24.18  24.72  24.56  24.72  24.88  24.67  24.64 999.00  25.43  24.49  26.06  20.46  25.30  12.38  23.70   6.50  26.37  26.55  24.89  25.40  25.78  27.25  29.22  24.12  24.07  27.60
 wrfout_d04_2016-05-18_14:00:00 999.00  24.80  19.72  22.49  20.48  24.31  24.57  24.44  24.19  24.68  24.53  24.64 999.00  25.26  24.27  25.83  20.01  25.29  11.88  23.16   5.98  26.38  26.21  24.68  24.97  25.20  27.17  28.66  23.40  23.86  27.25
 wrfout_d04_2016-05-18_15:00:00 999.00  24.79  19.38  22.16  20.45  24.35  24.00  24.26  23.69  23.85  24.16  24.46 999.00  25.09  23.87  25.75  19.75  25.37  11.66  22.64   5.63  26.66  26.26  24.47  24.62  24.87  26.78  27.82  23.26  23.62  26.85
 wrfout_d04_2016-05-18_16:00:00 999.00  24.71  19.32  21.95  20.33  23.50  23.44  23.93  24.21  23.26  23.71  24.44 999.00  24.95  23.83  25.89  19.55  25.22  11.52  22.17   5.53  26.61  26.10  24.41  24.23  24.51  26.68  26.90  22.90  23.63  26.42
 wrfout_d04_2016-05-18_17:00:00 999.00  24.62  19.19  21.65  20.33  24.14  23.11  23.70  23.21  22.98  24.13  24.19 999.00  24.75  23.46  25.89  19.22  25.29  11.36  22.17   5.33  26.61  25.36  24.07  24.00  24.30  26.69  26.52  23.00  23.91  26.01
 wrfout_d04_2016-05-18_18:00:00 999.00  24.70  19.17  22.18  20.29  24.16  23.20  24.16  22.83  22.53  23.18  23.97 999.00  24.24  23.29  25.78  18.68  25.32  11.00  22.02   4.93  26.72  24.65  24.03  23.71  23.98  26.56  26.29  22.78  22.75  25.65
 wrfout_d04_2016-05-18_19:00:00 999.00  24.61  19.04  22.40  20.17  24.11  23.83  24.11  22.56  22.36  22.88  23.31 999.00  24.05  22.89  25.36  18.49  25.22  10.68  22.18   4.71  26.53  24.69  24.05  23.51  23.75  26.22  26.32  22.39  22.72  25.74
 wrfout_d04_2016-05-18_20:00:00 999.00  24.46  18.93  22.38  20.14  22.86  22.62  24.15  22.35  22.17  23.78  24.06 999.00  23.88  22.52  25.15  18.49  25.14  10.46  22.15   4.42  26.48  24.83  23.99  23.23  23.47  26.53  26.28  22.64  23.28  25.84
 wrfout_d04_2016-05-18_21:00:00 999.00  24.62  18.85  22.33  20.02  23.74  22.73  24.13  22.13  22.06  22.63  24.20 999.00  23.63  22.17  25.08  18.49  25.77  10.35  21.26   4.31  26.66  25.02  24.02  22.98  23.29  26.44  26.27  22.42  22.88  25.86
 wrfout_d04_2016-05-18_22:00:00 999.00  24.57  19.56  23.55  21.00  24.19  24.07  24.74  24.22  23.96  24.59  24.44 999.00  24.09  23.01  26.14  21.97  26.11  13.84  21.91   8.18  26.60  25.39  25.82  23.15  23.67  26.60  26.54  24.46  23.89  25.82
 wrfout_d04_2016-05-18_23:00:00 999.00  24.54  19.82  25.49  22.04  24.52  25.83  25.63  25.61  25.57  25.91  25.76 999.00  25.52  25.06  27.13  23.97  26.68  16.05  23.63  10.06  26.75  25.97  26.99  24.88  25.31  28.16  27.73  27.60  26.29  27.42
