 wrfout_d04_2016-10-19_00:00:00 999.00  26.72  22.01  28.70  24.00  27.59  28.86  28.21  29.23  28.16  27.74  28.19 999.00  27.23  26.73  28.62  23.21  27.51  19.57  25.31  12.24  26.78  24.61  27.43  24.27  24.76  28.60  28.35  26.82  27.59  28.26
 wrfout_d04_2016-10-19_01:00:00 999.00  26.78  22.16  29.65  24.85  28.48  29.92  29.59  30.56  29.71  28.37  29.11 999.00  28.94  28.12  29.60  25.60  27.85  20.06  26.83  13.43  26.74  25.57  28.21  25.83  26.50  29.55  29.42  27.81  28.33  29.40
 wrfout_d04_2016-10-19_02:00:00 999.00  26.83  22.26  30.20  25.24  28.18  31.12  30.76  31.34  31.45  29.20  29.43 999.00  28.79  30.20  30.26  26.94  27.95  20.93  28.56  14.43  26.83  26.31  28.74  28.62  29.04  30.18  29.98  28.50  28.87  30.13
 wrfout_d04_2016-10-19_03:00:00 999.00  26.77  22.68  30.52  25.61  27.63  31.63  31.51  31.68  33.52  29.84  29.80 999.00  29.82  31.49  30.67  28.26  28.87  21.40  29.84  15.02  26.77  26.70  29.05  30.72  30.53  30.60  30.43  28.95  29.14  30.57
 wrfout_d04_2016-10-19_04:00:00 999.00  26.70  23.28  30.58  25.71  28.34  31.63  31.61  31.91  34.02  29.98  29.99 999.00  30.15  32.51  30.80  28.78  28.89  21.84  30.91  15.08  26.78  26.88  29.23  31.91  31.02  30.81  30.61  29.16  29.23  30.76
 wrfout_d04_2016-10-19_05:00:00 999.00  26.67  23.08  30.43  25.49  28.03  31.64  31.55  31.75  34.01  29.71  29.78 999.00  29.93  33.57  30.79  28.98  28.99  21.66  31.64  14.84  26.73  26.81  29.14  32.34  30.83  30.71  30.59  29.06  29.00  30.91
 wrfout_d04_2016-10-19_06:00:00 999.00  26.74  22.47  30.06  25.07  29.17  31.41  31.13  31.27  33.71  29.74  29.58 999.00  30.19  33.44  30.60  28.53  29.01  20.94  31.82  14.29  26.75  26.81  28.92  31.82  30.32  30.59  30.36  28.85  28.77  30.78
 wrfout_d04_2016-10-19_07:00:00 999.00  26.76  22.56  29.42  24.66  27.35  30.51  30.39  30.77  32.37  28.74  29.14 999.00  30.33  32.43  30.30  27.57  28.02  19.97  30.38  13.09  26.64  26.74  28.54  30.70  29.47  30.31  29.89  28.34  27.58  30.35
 wrfout_d04_2016-10-19_08:00:00 999.00  26.72  22.05  28.36  23.84  27.77  29.43  29.48  29.81  31.08  28.38  28.48 999.00  30.16  31.64  29.80  26.51  27.72  18.60  28.69  11.42  26.73  26.65  27.88  29.47  28.64  29.68  29.43  27.59  27.70  29.65
 wrfout_d04_2016-10-19_09:00:00 999.00  26.75  21.87  27.14  23.06  26.88  28.27  28.14  28.71  29.54  27.70  27.55 999.00  29.51  30.39  29.00  24.69  27.16  16.64  27.79   9.94  26.87  26.67  26.97  28.61  27.88  28.76  28.99  26.45  26.90  28.84
 wrfout_d04_2016-10-19_10:00:00 999.00  26.84  21.82  27.09  22.96  26.53  27.65  27.60  28.19  29.23  26.67  27.13 999.00  29.00  29.64  28.37  23.06  26.73  15.17  27.39   9.76  26.78  26.82  26.79  27.87  27.23  28.33  28.72  25.94  26.71  28.41
 wrfout_d04_2016-10-19_11:00:00 999.00  26.91  21.92  27.06  23.04  26.48  27.78  27.51  28.14  28.92  26.32  27.22 999.00  29.00  28.99  28.05  22.30  26.76  14.88  27.13   9.96  26.86  26.72  26.79  27.25  26.87  28.18  28.66  25.75  26.71  28.19
 wrfout_d04_2016-10-19_12:00:00 999.00  26.94  22.08  27.01  23.16  26.89  27.76  27.59  28.11  28.62  26.38  27.17 999.00  28.75  28.38  27.96  21.94  26.91  14.68  26.85   9.88  26.90  26.70  26.77  27.00  26.88  28.11  28.51  25.66  26.87  28.02
 wrfout_d04_2016-10-19_13:00:00 999.00  26.96  22.18  27.17  23.26  26.49  27.90  27.79  28.21  28.16  26.09  27.39 999.00  28.62  28.04  28.16  21.69  26.81  14.51  26.57   9.70  26.89  26.60  27.12  26.90  26.94  28.36  28.61  25.71  26.89  27.85
 wrfout_d04_2016-10-19_14:00:00 999.00  26.98  22.22  27.19  23.32  26.77  27.78  27.93  28.15  28.23  25.91  27.25 999.00  28.50  27.70  28.42  21.55  26.67  14.38  26.44   9.50  26.82  26.49  27.70  26.74  26.81  28.84  28.16  26.26  26.98  27.76
 wrfout_d04_2016-10-19_15:00:00 999.00  26.98  22.26  27.23  23.31  26.87  28.00  27.86  28.11  28.81  26.35  26.88 999.00  28.18  27.45  28.34  21.30  26.37  14.11  26.28   9.43  26.76  26.54  27.67  26.57  26.62  29.05  27.91  26.31  27.00  27.64
 wrfout_d04_2016-10-19_16:00:00 999.00  26.98  22.18  27.10  23.27  26.81  27.71  27.92  27.93  28.77  26.64  26.75 999.00  27.75  27.32  28.12  21.19  26.34  13.92  25.82   9.41  26.78  26.19  27.75  26.36  26.43  29.09  27.82  26.37  27.03  27.76
 wrfout_d04_2016-10-19_17:00:00 999.00  26.97  22.13  27.19  23.25  26.71  27.74  27.95  27.92  28.99  26.62  26.72 999.00  27.43  27.26  28.05  21.37  26.46  13.78  25.73   9.69  26.59  26.05  27.76  25.85  26.11  28.90  27.89  26.57  27.07  27.78
 wrfout_d04_2016-10-19_18:00:00 999.00  26.96  22.11  27.12  23.23  26.79  27.64  27.91  27.90  29.08  26.52  26.65 999.00  27.27  27.15  28.11  21.31  26.24  14.05  25.21  10.04  26.64  25.99  27.48  25.52  25.74  28.88  27.72  26.40  27.04  27.63
 wrfout_d04_2016-10-19_19:00:00 999.00  26.98  22.14  27.11  23.18  26.49  27.54  27.94  27.86  29.33  26.51  26.89 999.00  27.13  27.24  28.12  21.23  26.29  15.09  24.85  10.31  26.64  26.16  26.86  25.27  25.56  28.56  27.71  26.33  27.05  27.59
 wrfout_d04_2016-10-19_20:00:00 999.00  27.01  22.16  27.22  23.24  26.42  27.62  27.92  27.79  29.56  26.65  26.91 999.00  27.05  27.15  28.12  22.87  26.38  16.27  24.37  10.34  26.73  25.15  26.79  25.06  25.68  28.14  27.67  26.10  26.93  27.39
 wrfout_d04_2016-10-19_21:00:00 999.00  27.06  22.17  27.29  23.29  26.86  27.82  28.00  28.16  29.85  27.08  26.91 999.00  26.74  26.78  28.21  23.09  26.39  16.54  24.20  10.27  26.81  24.98  26.66  24.70  25.26  28.10  27.73  26.00  26.87  27.30
 wrfout_d04_2016-10-19_22:00:00 999.00  27.12  22.20  27.37  23.35  26.80  27.92  28.26  27.92  30.05  27.37  27.04 999.00  26.38  26.37  28.28  21.75  26.55  17.02  24.02  10.36  26.94  25.23  26.43  24.08  25.08  27.98  27.85  25.71  26.87  27.48
 wrfout_d04_2016-10-19_23:00:00 999.00  27.19  22.44  27.70  23.69  27.47  28.33  28.32  28.36  29.69  27.60  27.29 999.00  26.84  27.12  28.35  24.14  27.09  17.91  24.54  10.36  26.99  25.28  26.24  24.28  24.88  27.97  28.46  25.51  27.07  27.76
