 wrfout_d04_2016-08-26_00:00:00 999.00  28.45  24.44  29.18  26.48  29.11  29.39  29.45  29.64  30.67  30.61  29.78 999.00  29.24  28.51  28.74  25.69  28.35  17.30  27.21  12.63  27.39  25.91  28.47  27.75  28.42  30.05  29.80  30.01  29.04  29.24
 wrfout_d04_2016-08-26_01:00:00 999.00  28.58  25.52  30.16  27.84  30.28  31.20  30.04  31.24  31.77  32.33  30.68 999.00  30.40  29.75  29.56  25.63  29.31  18.48  28.48  13.54  27.41  27.05  28.91  29.63  29.93  30.85  30.57  29.43  29.79  29.30
 wrfout_d04_2016-08-26_02:00:00 999.00  28.72  26.33  30.98  28.87  30.92  32.75  30.31  32.89  32.68  34.22  31.41 999.00  31.18  31.36  30.52  26.73  29.83  19.48  29.76  14.04  27.45  27.48  29.29  31.22  31.41  31.24  31.18  30.16  30.54  29.83
 wrfout_d04_2016-08-26_03:00:00 999.00  28.82  26.85  31.42  29.56  31.34  33.40  30.50  33.56  33.40  35.25  32.13 999.00  31.29  33.25  31.18  27.43  30.52  19.94  30.52  14.32  27.50  27.43  29.36  32.36  31.84  31.56  31.32  30.47  30.99  30.66
 wrfout_d04_2016-08-26_04:00:00 999.00  28.91  27.05  31.47  29.78  31.51  33.77  30.50  33.87  33.64  35.86  32.46 999.00  31.62  34.14  31.59  28.63  30.97  20.45  31.54  14.38  27.70  27.62  29.47  32.52  31.86  31.77  31.33  30.58  30.85  31.05
 wrfout_d04_2016-08-26_05:00:00 999.00  28.98  26.93  31.41  29.62  31.50  33.83  30.47  33.94  33.64  36.06  32.39 999.00  31.67  34.48  31.79  28.43  30.99  20.19  32.12  14.23  27.88  27.79  29.48  32.50  31.87  31.59  31.41  30.53  30.47  30.90
 wrfout_d04_2016-08-26_06:00:00 999.00  29.02  26.67  31.24  29.25  31.37  33.81  30.43  33.73  33.45  35.99  32.24 999.00  31.41  34.47  31.94  28.03  30.81  19.70  32.42  13.69  28.03  27.96  29.13  32.36  31.27  31.47  31.75  30.32  30.76  31.46
 wrfout_d04_2016-08-26_07:00:00 999.00  29.03  26.17  30.81  28.55  31.06  33.47  30.24  33.31  32.79  35.47  31.95 999.00  31.25  34.24  31.99  27.61  30.10  19.14  31.52  13.08  28.04  28.13  28.86  31.59  30.71  31.26  31.71  28.06  30.44  31.22
 wrfout_d04_2016-08-26_08:00:00 999.00  29.03  25.41  30.21  27.58  30.58  32.94  29.87  32.67  32.00  34.59  31.31 999.00  30.93  33.67  31.80  27.14  29.80  18.54  30.93  12.42  28.01  28.29  28.58  30.83  30.23  30.97  31.38  28.04  29.88  30.91
 wrfout_d04_2016-08-26_09:00:00 999.00  29.03  24.44  29.39  26.36  29.86  32.09  29.37  31.62  31.18  33.14  30.62 999.00  30.22  32.67  31.28  26.23  29.59  17.70  30.55  11.74  28.11  28.37  28.35  29.94  29.77  30.32  31.12  27.54  28.96  30.41
 wrfout_d04_2016-08-26_10:00:00 999.00  29.04  23.16  28.12  24.62  28.99  31.14  28.63  30.45  29.82  31.24  29.64 999.00  29.51  31.32  30.56  25.22  29.36  15.88  30.09  10.12  28.18  28.47  27.62  29.30  29.27  29.96  30.63  27.11  27.44  30.11
 wrfout_d04_2016-08-26_11:00:00 999.00  29.12  22.82  27.62  24.21  28.53  30.42  28.38  30.04  29.11  29.95  29.21 999.00  29.03  30.43  30.05  24.69  28.93  14.73  29.01   9.33  28.24  28.57  27.10  28.92  28.94  29.67  30.52  26.14  26.50  29.65
 wrfout_d04_2016-08-26_12:00:00 999.00  29.15  22.77  27.09  24.04  28.32  29.87  28.26  29.58  28.85  29.33  28.92 999.00  28.80  29.74  29.76  22.93  28.63  14.79  28.47   8.60  28.32  28.55  26.85  28.69  28.74  29.52  30.57  25.79  26.08  29.51
 wrfout_d04_2016-08-26_13:00:00 999.00  29.12  22.78  26.91  23.89  28.05  29.46  28.14  28.86  28.64  28.95  28.67 999.00  28.66  29.11  29.47  22.48  28.46  14.49  27.93   8.13  28.41  28.54  26.65  28.62  28.78  29.26  31.03  25.48  25.71  29.33
 wrfout_d04_2016-08-26_14:00:00 999.00  29.08  22.74  26.71  23.74  27.82  29.10  27.96  28.59  28.40  28.60  28.45 999.00  28.52  28.71  29.19  22.12  28.49  14.20  27.21   7.73  28.47  28.56  26.49  28.26  28.37  28.99  30.91  25.27  25.36  29.17
 wrfout_d04_2016-08-26_15:00:00 999.00  29.03  22.67  26.46  23.14  27.54  28.74  27.73  28.40  28.17  28.36  28.25 999.00  28.33  28.22  28.91  21.69  28.53  13.75  26.69   7.32  28.28  28.48  26.29  28.01  28.04  28.64  30.50  25.05  25.17  28.89
 wrfout_d04_2016-08-26_16:00:00 999.00  28.99  22.61  26.23  22.60  27.39  28.44  27.36  28.23  27.93  28.04  28.12 999.00  28.14  27.92  28.69  21.30  28.06  13.37  26.40   7.28  28.12  28.20  26.08  27.73  27.91  28.37  30.20  24.86  24.97  28.43
 wrfout_d04_2016-08-26_17:00:00 999.00  28.90  22.61  26.03  22.48  27.24  28.28  27.16  28.14  27.75  27.80  28.04 999.00  27.92  27.73  28.51  21.01  27.93  13.16  26.42   6.95  28.29  27.87  25.90  27.38  27.60  28.25  29.78  24.69  24.80  28.22
 wrfout_d04_2016-08-26_18:00:00 999.00  28.82  22.59  25.78  22.35  27.14  28.09  27.00  27.92  27.55  27.52  27.79 999.00  27.66  27.61  28.34  20.82  27.77  12.76  26.14   6.84  28.15  27.89  25.75  27.15  27.32  28.10  29.47  24.56  24.67  28.05
 wrfout_d04_2016-08-26_19:00:00 999.00  28.76  22.56  25.60  22.22  26.96  27.85  26.72  27.70  27.39  27.27  27.71 999.00  27.39  27.45  28.20  20.62  27.67  12.53  26.09   6.71  28.15  27.23  25.62  26.89  27.08  27.98  29.20  24.54  24.53  28.06
 wrfout_d04_2016-08-26_20:00:00 999.00  28.70  22.45  25.46  22.11  27.00  27.57  26.52  27.45  27.28  26.99  27.60 999.00  27.20  27.28  28.03  20.40  27.60  12.29  25.80   6.82  28.16  27.03  26.36  26.73  26.93  28.13  28.97  24.34  24.43  27.90
 wrfout_d04_2016-08-26_21:00:00 999.00  28.68  22.61  25.30  22.00  26.87  27.33  26.35  27.30  27.16  26.89  27.39 999.00  27.10  27.15  27.93  20.22  27.47  12.24  25.61   6.14  28.12  27.35  26.35  26.53  26.77  28.09  28.87  24.22  24.44  27.87
 wrfout_d04_2016-08-26_22:00:00 999.00  28.72  22.74  26.57  23.44  26.94  27.49  27.22  27.42  27.37  27.01  27.68 999.00  27.27  27.07  27.92  20.91  27.62  12.60  25.56   6.80  28.14  27.17  26.18  26.34  26.68  28.02  28.85  24.78  25.10  28.03
 wrfout_d04_2016-08-26_23:00:00 999.00  28.88  23.60  28.47  25.28  28.55  28.51  28.63  28.67  28.67  28.92  28.90 999.00  28.37  27.88  28.82  23.62  28.47  16.87  26.41  13.57  28.30  26.94  28.01  27.09  27.45  28.31  29.35  27.20  27.87  28.57
