 wrfout_d04_2016-10-28_00:00:00 999.00  26.53  23.70  25.64  24.08  26.52  25.25  25.71  24.77  24.34  27.44  28.08 999.00  25.39  24.13  26.97  23.78  24.61  18.22  21.82  12.39  25.61  24.67  26.69  25.04  26.23  27.89  29.03  26.44  27.00  27.86
 wrfout_d04_2016-10-28_01:00:00 999.00  26.57  24.05  25.66  25.41  27.53  25.69  26.13  26.36  24.68  28.53  28.89 999.00  26.67  26.78  27.73  24.98  25.06  21.51  23.14  13.89  25.75  25.10  27.26  26.24  27.77  28.96  29.75  27.25  27.75  28.92
 wrfout_d04_2016-10-28_02:00:00 999.00  26.57  24.04  26.85  25.10  28.50  27.53  25.45  28.03  26.08  29.49  29.59 999.00  26.11  29.09  29.05  27.27  26.90  20.85  24.89  14.48  25.59  25.51  27.57  27.60  28.81  29.40  30.22  27.82  28.24  29.69
 wrfout_d04_2016-10-28_03:00:00 999.00  26.45  24.85  28.10  25.30  28.99  29.59  27.28  30.18  28.90  29.54  30.00 999.00  26.83  30.80  29.46  28.11  27.56  21.15  27.26  14.72  25.58  25.70  27.68  29.26  30.07  29.65  30.59  28.19  28.52  30.39
 wrfout_d04_2016-10-28_04:00:00 999.00  26.13  24.92  28.30  26.84  29.14  30.92  27.26  31.19  29.54  29.96  30.13 999.00  27.28  31.31  29.70  28.26  27.84  21.18  29.43  14.68  25.70  26.23  27.60  30.56  31.26  29.81  30.83  28.20  28.76  31.04
 wrfout_d04_2016-10-28_05:00:00 999.00  26.02  26.23  28.27  27.78  28.92  31.49  27.21  32.04  29.46  29.87  30.03 999.00  27.64  31.42  29.71  28.28  28.01  20.96  30.38  14.49  25.83  26.73  27.54  31.38  31.59  29.89  31.02  28.21  28.67  31.36
 wrfout_d04_2016-10-28_06:00:00 999.00  25.98  25.99  27.98  26.32  28.19  31.26  27.12  32.10  29.57  29.53  29.83 999.00  28.13  31.33  29.53  28.04  28.10  20.53  30.39  14.07  26.40  26.76  27.64  31.63  31.60  29.88  31.10  28.04  28.36  31.16
 wrfout_d04_2016-10-28_07:00:00 999.00  25.99  25.19  27.49  26.67  27.06  30.86  26.87  31.28  29.40  29.16  29.19 999.00  27.79  31.01  29.24  27.45  27.98  19.69  30.02  13.31  26.41  26.89  27.58  30.99  31.17  29.69  30.78  27.63  27.94  30.76
 wrfout_d04_2016-10-28_08:00:00 999.00  26.03  24.26  26.79  25.55  26.43  29.94  26.21  30.14  28.69  28.29  28.34 999.00  27.03  30.05  28.81  26.41  27.24  18.53  29.16  12.19  26.33  26.89  27.23  30.02  30.38  29.17  30.19  26.91  27.14  29.95
 wrfout_d04_2016-10-28_09:00:00 999.00  26.08  21.80  25.36  22.41  25.99  28.01  25.21  28.67  26.88  27.23  27.10 999.00  26.04  28.61  28.12  24.31  26.53  16.06  28.12   9.50  26.42  26.96  26.47  28.45  28.85  28.37  29.46  25.45  25.76  28.41
 wrfout_d04_2016-10-28_10:00:00 999.00  26.25  20.57  24.41  21.76  25.68  26.56  25.08  26.93  25.63  26.83  26.57 999.00  25.43  27.10  27.84  22.78  26.15  14.83  26.28   7.57  26.57  27.06  26.08  27.40  27.56  28.00  29.30  24.29  25.25  27.51
 wrfout_d04_2016-10-28_11:00:00 999.00  26.61  20.20  24.08  21.54  25.25  26.39  25.12  26.28  25.44  26.43  26.24 999.00  25.06  26.22  27.63  22.15  26.15  14.67  25.33   6.94  26.64  27.14  25.69  26.96  27.07  27.99  29.21  24.00  25.04  27.08
 wrfout_d04_2016-10-28_12:00:00 999.00  26.59  20.38  23.80  21.72  25.67  26.21  25.22  26.24  25.35  26.28  26.12 999.00  25.17  25.79  27.54  21.59  26.21  14.38  24.83   6.46  26.68  27.05  25.43  26.61  26.88  27.74  29.16  23.83  25.04  26.81
 wrfout_d04_2016-10-28_13:00:00 999.00  26.49  20.22  23.78  21.57  25.79  26.04  25.54  26.20  25.36  26.04  26.32 999.00  24.82  25.79  27.65  21.11  26.18  13.89  24.67   6.11  26.80  26.62  25.23  26.00  26.39  27.28  29.07  23.73  24.97  26.66
 wrfout_d04_2016-10-28_14:00:00 999.00  25.81  20.70  23.70  21.98  25.51  25.97  25.60  26.09  25.95  26.19  26.12 999.00  24.99  25.53  27.06  20.68  26.00  13.48  24.23   5.72  26.88  26.17  25.15  25.50  25.94  26.92  28.85  23.58  25.03  26.47
 wrfout_d04_2016-10-28_15:00:00 999.00  25.79  20.33  23.58  21.67  25.36  25.86  25.71  25.93  26.23  26.12  26.37 999.00  25.26  25.07  26.67  20.30  25.79  12.97  23.73   5.42  26.74  25.93  25.01  25.08  25.45  26.62  28.57  23.56  25.33  26.33
 wrfout_d04_2016-10-28_16:00:00 999.00  25.67  20.59  23.34  21.54  25.39  25.66  25.73  25.86  26.16  25.41  26.04 999.00  25.01  24.86  26.37  19.97  25.68  12.54  23.27   5.13  26.56  25.80  24.94  24.67  25.02  26.52  28.22  23.47  25.08  26.13
 wrfout_d04_2016-10-28_17:00:00 999.00  25.61  20.45  23.14  21.22  25.18  25.58  25.20  25.48  26.09  25.04  25.79 999.00  24.88  24.78  26.22  19.64  25.39  12.14  23.83   4.86  26.22  26.03  24.88  24.36  24.70  26.51  28.14  23.31  25.28  26.26
 wrfout_d04_2016-10-28_18:00:00 999.00  25.77  20.31  24.45  21.15  25.05  25.43  25.09  25.28  25.54  25.56  26.03 999.00  24.59  24.99  26.12  19.37  25.78  11.76  24.03   4.65  26.40  26.17  24.74  24.72  24.83  26.35  27.78  23.24  25.44  26.08
 wrfout_d04_2016-10-28_19:00:00 999.00  25.50  20.12  24.69  20.78  24.90  24.96  24.91  24.96  25.34  24.56  24.89 999.00  24.94  25.00  26.09  19.12  26.34  11.42  24.20   4.40  26.89  26.12  24.97  25.07  25.01  26.44  27.42  23.12  25.37  26.05
 wrfout_d04_2016-10-28_20:00:00 999.00  25.50  19.92  24.32  20.67  24.79  24.82  25.08  24.75  25.37  25.05  25.33 999.00  24.82  24.88  25.52  18.82  26.27  11.14  24.21   4.27  26.98  25.81  25.02  25.29  25.37  26.32  27.36  23.05  25.19  25.93
 wrfout_d04_2016-10-28_21:00:00 999.00  25.57  19.75  24.25  20.53  24.57  25.03  24.92  24.80  24.91  24.94  25.26 999.00  24.00  24.72  25.29  18.60  25.78  10.77  23.57   3.93  27.02  25.79  24.99  25.37  25.10  26.17  27.43  23.05  25.31  25.92
 wrfout_d04_2016-10-28_22:00:00 999.00  25.53  19.60  24.07  20.31  24.71  24.77  24.73  24.64  25.10  24.93  25.32 999.00  25.01  25.00  25.49  18.37  26.07  10.64  23.75   3.88  26.59  25.91  25.01  24.70  24.44  26.07  27.49  23.16  25.33  26.10
 wrfout_d04_2016-10-28_23:00:00 999.00  25.05  19.49  24.80  20.60  24.67  24.91  24.86  24.75  25.20  25.04  25.58 999.00  25.46  25.40  26.51  22.47  26.19  15.70  24.11   9.33  26.58  25.65  26.25  25.37  25.39  27.04  27.96  25.24  26.41  26.88
