 wrfout_d04_2016-10-24_00:00:00 999.00  26.11  21.75  26.16  23.37  26.03  26.62  26.03  26.79  27.55  26.07  27.05 999.00  27.06  27.02  27.69  23.84  27.26  17.66  26.52  11.36  26.55  26.63  27.79  27.36  27.61  29.27  29.30  28.13  26.62  29.10
 wrfout_d04_2016-10-24_01:00:00 999.00  25.84  22.63  27.52  24.52  27.25  28.69  27.09  28.87  29.10  26.95  27.37 999.00  28.78  29.05  28.62  24.62  27.99  18.48  27.10  11.93  26.80  26.86  28.16  27.94  28.32  29.75  30.51  28.25  28.29  29.80
 wrfout_d04_2016-10-24_02:00:00 999.00  25.97  23.29  30.32  25.35  27.88  29.65  27.80  30.19  30.54  27.36  27.57 999.00  29.82  30.88  29.14  28.46  28.49  19.40  28.94  12.84  26.94  27.41  28.66  30.23  30.35  30.48  31.63  28.87  28.86  30.73
 wrfout_d04_2016-10-24_03:00:00 999.00  26.05  23.52  30.73  25.60  27.24  30.31  28.18  31.19  31.97  28.26  26.71 999.00  30.74  32.18  29.16  27.56  28.78  19.98  30.32  13.27  26.95  27.40  28.93  31.79  31.86  30.80  32.06  29.15  29.14  31.20
 wrfout_d04_2016-10-24_04:00:00 999.00  26.08  23.52  30.94  25.60  28.25  30.35  27.96  31.42  32.28  27.50  26.86 999.00  30.13  33.29  29.91  27.92  28.87  19.74  31.37  12.83  26.92  27.37  27.96  32.71  32.40  29.81  32.14  29.25  29.11  31.53
 wrfout_d04_2016-10-24_05:00:00 999.00  26.06  23.23  30.92  25.37  28.14  30.53  28.28  31.22  32.15  26.97  27.28 999.00  29.78  33.78  29.65  27.82  28.88  19.28  32.02  12.13  26.82  27.44  28.79  33.00  32.34  29.01  32.00  29.01  29.16  31.60
 wrfout_d04_2016-10-24_06:00:00 999.00  26.09  22.89  30.63  24.81  27.83  30.10  28.23  30.56  32.34  26.67  26.62 999.00  29.78  33.42  29.79  27.62  28.63  19.19  31.96  11.62  26.93  27.33  28.52  32.62  32.04  29.11  31.76  27.25  28.86  31.46
 wrfout_d04_2016-10-24_07:00:00 999.00  26.10  22.04  29.71  23.78  26.77  29.00  27.98  29.70  32.33  26.85  25.96 999.00  29.72  33.00  29.48  27.07  28.35  18.74  31.35  11.32  26.94  27.25  27.44  31.71  31.39  29.08  31.47  27.24  28.21  30.82
 wrfout_d04_2016-10-24_08:00:00 999.00  26.12  21.19  28.14  22.83  26.37  27.95  28.14  28.78  31.31  26.51  26.13 999.00  28.99  32.29  28.76  26.22  27.72  17.40  30.48  11.11  26.93  27.38  27.27  30.61  30.55  28.64  30.96  26.89  27.59  29.86
 wrfout_d04_2016-10-24_09:00:00 999.00  26.14  20.33  26.36  21.71  26.18  26.81  27.41  27.44  29.36  26.11  25.67 999.00  27.58  30.77  28.18  24.30  26.92  16.20  29.26  10.43  26.84  27.44  26.72  29.55  29.35  28.29  30.27  26.12  26.32  28.92
 wrfout_d04_2016-10-24_10:00:00 999.00  26.17  20.19  26.14  21.57  26.09  26.17  26.56  26.52  28.05  25.97  25.98 999.00  26.38  29.72  27.84  22.89  26.27  14.05  28.21   7.75  26.75  27.48  26.76  27.94  27.98  28.00  29.77  25.34  25.82  28.34
 wrfout_d04_2016-10-24_11:00:00 999.00  26.23  20.20  26.03  21.57  25.95  26.26  26.02  26.21  27.47  25.87  26.32 999.00  26.13  29.12  27.56  22.18  26.20  13.66  27.09   7.05  26.62  27.49  25.98  27.46  27.48  27.60  29.65  25.51  25.25  28.05
 wrfout_d04_2016-10-24_12:00:00 999.00  26.28  20.31  26.06  21.68  25.97  26.20  25.68  26.16  27.07  25.80  26.37 999.00  25.86  28.57  27.53  21.58  26.20  13.35  26.35   6.75  26.52  27.35  26.04  27.09  27.15  26.48  29.50  25.36  24.49  27.85
 wrfout_d04_2016-10-24_13:00:00 999.00  26.30  20.33  26.10  21.61  25.91  26.03  25.25  26.06  26.35  25.65  26.00 999.00  25.74  27.30  27.36  21.21  26.03  13.07  26.21   6.51  26.63  27.18  26.45  26.84  26.81  26.21  29.60  25.03  24.18  27.68
 wrfout_d04_2016-10-24_14:00:00 999.00  26.39  20.35  26.21  21.68  25.82  25.96  24.79  25.84  26.16  25.75  25.61 999.00  25.72  26.82  27.07  20.93  25.96  12.77  25.70   6.21  26.69  26.96  25.63  26.57  26.58  25.71  29.27  24.57  23.97  27.47
 wrfout_d04_2016-10-24_15:00:00 999.00  26.36  20.33  26.14  21.57  25.41  25.78  24.63  25.59  25.88  25.86  24.95 999.00  25.70  26.51  27.08  20.71  25.76  12.43  25.48   5.98  26.62  26.77  25.74  26.28  26.39  25.70  29.29  24.88  23.73  27.09
 wrfout_d04_2016-10-24_16:00:00 999.00  26.38  20.37  26.01  21.62  25.11  25.74  24.30  25.29  25.87  25.78  24.55 999.00  25.64  26.09  27.15  20.40  25.30  12.10  25.03   5.70  26.59  26.53  24.84  25.93  26.14  26.00  29.00  24.86  23.59  26.44
 wrfout_d04_2016-10-24_17:00:00 999.00  26.41  20.30  25.73  21.49  24.68  25.56  24.05  25.26  25.55  25.86  24.25 999.00  25.56  25.86  27.23  20.13  25.06  11.85  24.87   5.46  26.57  26.28  24.77  25.67  25.69  26.37  28.70  23.74  23.47  26.44
 wrfout_d04_2016-10-24_18:00:00 999.00  26.45  20.15  25.14  21.15  24.53  24.86  23.90  24.87  25.04  25.61  23.98 999.00  25.44  25.60  26.91  19.95  25.01  11.55  24.52   5.21  26.58  26.03  24.77  25.24  25.27  26.62  28.29  24.43  23.32  26.14
 wrfout_d04_2016-10-24_19:00:00 999.00  26.52  19.45  24.66  20.38  24.30  24.69  23.87  24.63  24.67  24.37  23.92 999.00  25.09  25.33  26.55  19.74  24.75  11.38  24.32   5.11  26.58  25.91  25.36  24.82  24.87  26.49  28.08  24.53  23.23  26.07
 wrfout_d04_2016-10-24_20:00:00 999.00  26.61  19.40  23.90  20.30  24.01  24.38  23.92  24.20  24.25  24.01  23.84 999.00  24.76  25.06  26.24  19.55  24.50  11.26  24.16   4.94  26.55  25.63  24.86  24.43  24.49  25.84  27.75  24.32  23.22  26.10
 wrfout_d04_2016-10-24_21:00:00 999.00  26.66  19.26  23.64  20.10  23.63  23.93  23.84  23.84  23.90  23.80  23.73 999.00  24.44  24.91  26.66  19.36  24.32  11.02  24.07   4.83  26.54  25.60  24.84  24.03  24.12  25.50  27.68  23.49  23.31  25.72
 wrfout_d04_2016-10-24_22:00:00 999.00  26.69  19.07  23.46  19.93  23.43  23.69  23.92  23.65  23.74  23.60  23.87 999.00  24.18  24.51  26.76  19.22  24.06  10.94  24.08   4.69  26.51  25.36  24.76  23.65  23.75  25.14  27.63  23.21  23.41  26.03
 wrfout_d04_2016-10-24_23:00:00 999.00  26.74  21.80  26.40  23.10  25.76  25.26  25.55  25.59  25.32  26.08  25.88 999.00  25.46  25.24  27.42  22.54  26.19  15.46  24.61   9.77  26.53  24.95  27.03  24.50  25.20  27.00  28.25  25.05  24.70  27.15
