 wrfout_d04_2016-07-26_00:00:00 999.00  28.32  25.10  29.87  26.40  30.19  30.26  28.62  30.42  29.17  30.11  30.41 999.00  29.51  29.31  30.38  25.55  30.07  20.60  28.86  15.50  29.14  28.59  29.23  30.04  29.60  30.42  31.79  30.49  29.51  30.72
 wrfout_d04_2016-07-26_01:00:00 999.00  28.78  26.47  30.87  27.85  32.15  32.09  30.06  32.10  31.00  31.71  31.76 999.00  31.14  30.99  31.59  27.08  30.78  20.32  29.79  14.63  29.50  29.10  29.74  31.19  31.21  30.80  32.09  29.80  29.90  31.39
 wrfout_d04_2016-07-26_02:00:00 999.00  28.81  27.16  31.31  28.72  31.26  32.76  30.33  33.40  31.52  32.31  32.36 999.00  31.64  32.50  32.11  26.68  31.35  20.65  31.11  14.57  29.52  29.34  30.11  32.54  32.51  31.42  32.54  30.32  30.41  32.10
 wrfout_d04_2016-07-26_03:00:00 999.00  29.06  27.74  31.59  29.35  32.19  34.27  30.54  34.46  31.97  32.81  32.62 999.00  32.08  32.84  32.40  28.19  31.75  21.31  31.82  11.98  29.54  29.61  30.29  33.20  33.00  31.69  32.99  30.69  30.77  32.00
 wrfout_d04_2016-07-26_04:00:00 999.00  29.04  28.14  31.67  29.75  32.31  34.47  30.60  35.06  32.30  33.07  32.71 999.00  32.36  34.38  32.45  29.40  31.99  20.47  32.78  12.48  29.55  29.70  30.36  32.97  33.24  31.83  32.93  30.82  30.95  32.59
 wrfout_d04_2016-07-26_05:00:00 999.00  29.04  28.52  31.65  30.03  31.86  34.22  30.51  35.22  32.41  33.09  32.86 999.00  32.38  34.70  32.35  29.41  32.11  21.24  33.12  13.29  29.53  29.70  30.31  33.18  33.30  31.96  32.87  30.89  30.97  32.67
 wrfout_d04_2016-07-26_06:00:00 999.00  29.04  28.59  31.52  30.07  31.70  33.96  30.31  35.08  32.34  32.84  32.66 999.00  32.35  34.48  32.32  29.54  32.09  16.98  33.31  12.19  29.55  29.73  30.37  33.67  33.14  31.97  32.71  30.66  30.73  32.78
 wrfout_d04_2016-07-26_07:00:00 999.00  28.97  28.03  31.11  29.51  31.44  33.65  30.05  34.62  32.07  32.54  32.41 999.00  32.19  34.00  32.30  27.60  31.91  16.97  31.94  10.89  29.57  29.73  30.11  33.54  32.71  31.80  32.61  30.34  30.36  32.55
 wrfout_d04_2016-07-26_08:00:00 999.00  28.87  27.20  30.51  28.59  30.93  33.17  29.89  33.98  31.67  32.09  32.06 999.00  31.52  32.81  32.08  26.22  31.66  15.88  30.93   9.53  29.56  29.72  29.83  33.05  32.38  31.52  32.43  29.73  29.89  32.25
 wrfout_d04_2016-07-26_09:00:00 999.00  28.85  26.16  29.81  27.56  30.13  32.48  29.58  33.17  30.92  31.24  31.20 999.00  31.04  31.96  32.04  23.98  30.93  16.48  30.43  10.69  29.57  29.79  29.29  32.47  31.73  31.06  31.95  29.17  29.14  31.65
 wrfout_d04_2016-07-26_10:00:00 999.00  28.95  24.58  28.86  25.87  29.54  31.45  28.90  32.29  30.20  31.27  30.80 999.00  30.64  31.35  31.06  25.24  30.44  16.48  30.06  10.25  29.59  29.83  28.41  31.33  30.79  30.45  31.46  28.36  28.13  30.92
 wrfout_d04_2016-07-26_11:00:00 999.00  28.80  22.65  27.21  23.39  28.90  30.27  28.25  31.60  29.60  29.79  30.00 999.00  30.26  30.64  30.29  22.75  29.93  12.81  29.47   6.50  29.57  29.74  27.53  30.28  29.98  29.82  31.10  26.48  26.59  30.29
 wrfout_d04_2016-07-26_12:00:00 999.00  28.82  22.21  26.96  22.97  28.64  29.85  27.90  30.76  29.29  29.20  29.75 999.00  30.11  30.06  29.83  22.20  29.64  12.54  29.05   6.02  29.55  29.70  27.15  29.87  29.73  29.40  30.98  25.99  26.15  30.05
 wrfout_d04_2016-07-26_13:00:00 999.00  28.96  21.93  26.70  22.68  28.29  29.64  27.73  30.10  28.97  28.85  29.35 999.00  29.92  29.84  29.42  21.59  29.45  12.58  28.78   5.68  29.57  29.68  26.84  29.68  29.60  29.14  30.85  25.71  26.42  29.84
 wrfout_d04_2016-07-26_14:00:00 999.00  28.99  22.28  26.40  22.21  27.92  29.62  27.00  29.42  28.53  29.10  29.08 999.00  29.73  29.48  29.20  21.29  29.28  12.40  28.44   5.43  29.55  29.50  26.79  29.49  29.46  29.03  30.60  25.40  26.18  29.60
 wrfout_d04_2016-07-26_15:00:00 999.00  28.90  22.44  25.97  21.86  27.60  29.50  26.68  28.90  28.25  29.15  28.87 999.00  29.49  29.00  28.97  21.14  29.14  12.15  28.05   5.25  29.47  29.12  26.67  29.33  29.31  28.69  30.39  25.10  25.97  29.41
 wrfout_d04_2016-07-26_16:00:00 999.00  28.86  22.37  25.59  21.37  27.38  30.11  26.37  28.52  27.96  28.63  28.71 999.00  29.08  28.58  28.76  20.94  28.96  11.97  27.60   5.03  29.38  29.01  26.45  28.85  29.21  28.46  30.10  24.77  25.57  29.21
 wrfout_d04_2016-07-26_17:00:00 999.00  28.79  22.27  25.32  20.97  27.04  29.52  26.74  28.19  27.68  28.32  28.55 999.00  28.73  28.12  28.61  20.65  28.85  11.77  27.39   4.86  29.29  28.66  26.02  28.23  28.91  28.32  30.06  24.46  26.27  29.10
 wrfout_d04_2016-07-26_18:00:00 999.00  28.60  22.06  25.04  21.84  26.71  28.71  27.20  27.76  27.36  27.95  28.28 999.00  28.50  27.71  28.45  20.41  28.74  11.56  27.03   4.72  29.27  27.78  25.86  27.79  28.50  28.24  29.95  24.18  26.42  28.95
 wrfout_d04_2016-07-26_19:00:00 999.00  28.84  21.80  24.82  22.20  26.40  28.23  27.46  27.43  27.32  27.65  28.06 999.00  28.24  27.40  28.34  20.22  28.60  11.44  26.81   4.56  29.27  27.53  25.77  27.41  27.89  28.13  29.82  23.94  26.49  28.92
 wrfout_d04_2016-07-26_20:00:00 999.00  28.90  21.70  24.64  22.26  26.35  27.60  27.42  27.05  26.95  27.45  27.73 999.00  27.99  27.14  28.26  19.99  28.12  11.37  26.60   4.40  29.61  27.41  25.64  27.43  27.50  28.11  29.65  23.82  26.64  28.71
 wrfout_d04_2016-07-26_21:00:00 999.00  28.86  21.88  24.57  22.44  25.92  27.24  27.34  27.05  26.62  27.31  27.47 999.00  27.77  26.95  28.19  19.83  27.95  11.24  26.40   4.24  29.64  27.12  25.54  26.99  27.31  27.99  29.48  23.70  26.69  28.56
 wrfout_d04_2016-07-26_22:00:00 999.00  28.73  22.25  27.20  23.14  26.57  27.66  27.91  27.44  27.47  27.77  27.92 999.00  27.90  27.06  28.44  22.20  29.07  13.76  26.50   7.36  29.65  26.83  27.37  26.60  27.07  28.45  29.53  25.64  27.54  28.75
 wrfout_d04_2016-07-26_23:00:00 999.00  28.63  23.46  28.91  24.59  28.24  28.81  29.02  29.04  28.90  29.28  29.21 999.00  29.19  28.35  29.63  23.99  29.59  16.64  27.76  11.05  29.62  27.47  28.73  28.32  28.60  29.84  30.44  28.46  28.94  29.54
