 wrfout_d04_2016-08-30_00:00:00 999.00  27.28  21.52  25.43  23.39  27.52  27.04  25.60  26.18  27.28  27.77  27.15 999.00  27.42  26.95  28.05  22.03  27.81  17.65  25.56  12.04  28.27  26.44  26.16  25.85  24.97  26.26  28.05  25.36  24.65  26.38
 wrfout_d04_2016-08-30_01:00:00 999.00  27.36  22.68  26.82  24.55  28.18  28.92  28.24  28.75  28.48  27.67  27.88 999.00  27.43  26.92  29.00  22.91  28.35  18.08  26.72  12.77  28.26  26.53  26.55  26.09  26.02  26.94  28.35  25.42  24.25  26.56
 wrfout_d04_2016-08-30_02:00:00 999.00  27.45  23.45  28.54  25.39  28.69  30.28  27.45  30.21  29.15  28.01  27.80 999.00  28.45  27.99  29.64  22.93  28.36  19.24  28.76  13.07  28.24  26.70  27.54  26.44  26.47  28.34  28.23  25.84  24.48  26.93
 wrfout_d04_2016-08-30_03:00:00 999.00  27.52  24.29  28.14  26.24  28.99  30.48  29.31  30.25  28.89  29.10  28.31 999.00  30.46  29.85  29.99  25.43  28.69  19.42  28.70  14.20  28.33  27.18  28.38  26.75  27.03  28.19  28.77  25.03  24.80  27.14
 wrfout_d04_2016-08-30_04:00:00 999.00  27.58  24.58  30.55  26.67  29.25  31.50  29.64  31.30  31.18  29.70  28.97 999.00  30.67  30.13  30.20  25.80  29.48  20.56  28.84  12.31  28.33  27.57  27.68  26.99  26.16  27.83  29.00  25.76  24.89  27.05
 wrfout_d04_2016-08-30_05:00:00 999.00  27.64  24.82  30.18  26.89  29.34  32.08  29.93  32.12  32.12  29.85  29.09 999.00  30.10  31.50  29.71  25.32  29.83  20.35  28.65  12.51  28.26  27.83  27.07  26.31  25.51  28.00  29.20  25.21  25.18  27.04
 wrfout_d04_2016-08-30_06:00:00 999.00  27.67  24.75  31.03  26.65  29.31  32.09  29.35  32.71  32.50  29.19  28.85 999.00  30.47  32.55  28.96  25.99  28.88  18.42  29.30  12.76  28.38  27.89  27.00  25.90  25.22  27.74  29.12  24.99  25.06  27.24
 wrfout_d04_2016-08-30_07:00:00 999.00  27.69  24.23  30.78  26.14  29.11  31.86  29.76  32.53  31.66  29.09  28.05 999.00  29.66  33.01  28.66  24.91  28.67  18.31  28.42  12.14  28.39  26.59  26.60  25.64  25.28  27.30  28.80  25.53  25.13  27.26
 wrfout_d04_2016-08-30_08:00:00 999.00  27.72  23.34  30.38  25.19  28.80  30.78  28.05  31.62  31.05  28.85  27.61 999.00  30.00  31.05  28.44  24.23  28.49  17.74  28.35  12.15  28.35  26.45  26.35  25.29  25.15  27.00  28.68  25.48  25.08  27.30
 wrfout_d04_2016-08-30_09:00:00 999.00  27.78  21.90  29.69  23.50  28.39  29.48  27.59  29.94  29.54  28.37  27.41 999.00  29.64  30.47  28.13  23.15  28.37  16.77  27.54  11.62  28.35  26.16  25.91  24.87  24.47  26.71  28.09  24.92  24.88  27.56
 wrfout_d04_2016-08-30_10:00:00 999.00  27.86  20.33  25.83  21.74  27.21  28.31  27.63  28.90  28.76  27.80  27.08 999.00  29.17  29.58  27.82  22.63  28.08  15.87  27.39  10.94  28.47  26.18  25.79  24.76  24.53  26.31  27.66  24.60  24.84  27.73
 wrfout_d04_2016-08-30_11:00:00 999.00  27.85  19.99  24.71  21.43  26.39  27.40  25.79  27.81  28.03  26.69  26.92 999.00  29.01  29.13  27.61  22.06  28.05  15.96  26.65  10.58  28.55  26.07  25.83  24.65  24.57  26.14  27.63  24.40  24.66  27.51
 wrfout_d04_2016-08-30_12:00:00 999.00  27.93  19.91  24.35  21.47  26.17  26.89  25.66  27.33  28.11  26.42  26.79 999.00  28.75  28.66  27.50  21.52  28.20  14.78  27.15  10.53  28.57  25.99  25.25  24.50  24.28  26.26  26.99  24.41  24.94  27.83
 wrfout_d04_2016-08-30_13:00:00 999.00  28.01  19.62  25.62  21.46  26.51  27.37  25.30  27.35  28.24  26.28  26.18 999.00  28.67  28.55  27.44  20.61  28.27  14.11  26.73  10.50  28.72  25.94  25.02  24.56  24.23  26.32  27.01  24.52  24.98  27.80
 wrfout_d04_2016-08-30_14:00:00 999.00  27.95  19.23  25.86  21.40  26.58  27.43  26.48  27.41  28.21  25.98  26.00 999.00  28.60  28.48  27.37  20.37  28.28  13.87  26.55  10.40  28.86  26.24  24.46  24.63  24.34  26.20  27.00  24.47  25.86  27.31
 wrfout_d04_2016-08-30_15:00:00 999.00  27.93  18.99  25.80  21.45  26.48  27.32  26.29  27.30  27.98  25.49  25.98 999.00  28.42  28.24  27.35  20.12  26.55  13.67  26.05  10.48  28.82  26.80  25.31  24.54  24.53  26.21  27.33  24.43  24.73  27.02
 wrfout_d04_2016-08-30_16:00:00 999.00  28.02  19.00  25.65  21.39  25.99  26.97  26.22  27.03  27.77  25.32  26.56 999.00  28.37  27.79  27.28  20.01  26.14  13.42  25.43   8.04  28.80  26.87  25.37  24.70  24.46  26.04  27.07  24.34  24.69  26.93
 wrfout_d04_2016-08-30_17:00:00 999.00  28.15  18.45  25.37  20.95  25.27  26.42  26.11  26.46  27.35  25.45  26.30 999.00  27.86  27.42  27.46  19.88  25.83  14.88  25.06  10.42  28.54  27.68  25.29  24.60  24.39  25.97  26.36  24.30  24.53  26.53
 wrfout_d04_2016-08-30_18:00:00 999.00  28.19  18.56  23.62  19.90  24.84  25.95  24.40  25.97  26.24  25.78  25.76 999.00  27.02  26.96  27.27  21.04  25.76  14.80  24.97  10.27  28.67  28.02  25.20  24.49  24.18  25.97  26.67  24.12  24.57  26.53
 wrfout_d04_2016-08-30_19:00:00 999.00  28.13  18.49  23.23  19.67  24.57  25.89  23.78  25.54  25.51  25.43  25.62 999.00  26.52  26.31  26.94  20.96  25.71  12.92  25.40   9.33  28.49  28.05  25.26  24.46  24.32  25.72  26.91  24.33  24.13  26.77
 wrfout_d04_2016-08-30_20:00:00 999.00  28.11  18.38  23.10  19.49  24.54  25.24  23.46  25.23  24.61  24.99  25.04 999.00  26.05  25.75  26.49  19.38  25.79  12.71  24.74   8.18  28.26  28.20  25.65  23.70  23.40  25.69  26.61  24.28  24.46  26.34
 wrfout_d04_2016-08-30_21:00:00 999.00  28.21  18.30  22.91  19.49  24.34  24.98  23.11  24.96  24.13  24.79  24.96 999.00  25.60  25.25  26.74  19.18  25.37  12.83  24.31   9.20  28.25  27.03  25.43  23.32  23.33  25.51  26.99  23.97  25.05  26.07
 wrfout_d04_2016-08-30_22:00:00 999.00  28.26  19.21  23.55  20.66  24.42  25.63  23.71  25.05  23.91  25.03  25.24 999.00  25.80  25.36  26.93  19.82  25.65  13.29  24.27   9.68  28.23  27.68  25.49  23.20  22.95  25.77  27.25  24.03  24.59  26.15
 wrfout_d04_2016-08-30_23:00:00 999.00  28.27  22.01  26.67  23.05  26.05  26.12  26.26  26.31  25.31  26.54  26.40 999.00  27.53  26.46  28.17  21.82  28.29  16.36  25.47  10.89  28.24  27.44  26.80  25.82  26.08  25.66  28.49  25.49  25.17  26.41
