 wrfout_d04_2016-01-29_00:00:00 999.00  19.67  14.94  17.53  15.70  18.35  17.60  16.65  17.83  16.42  21.73  21.13 999.00  16.11  16.16  22.89  15.66  17.11  11.73  17.02   6.01  20.14  19.87  23.03  17.70  18.16  23.51  23.85  20.50  23.56  24.59
 wrfout_d04_2016-01-29_01:00:00 999.00  20.05  14.47  17.24  15.52  18.62  17.95  16.53  18.06  15.91  23.19  22.77 999.00  15.98  15.37  23.69  16.81  17.33  13.53  16.21   6.04  18.48  19.47  23.25  18.26  18.57  24.14  23.76  22.52  24.32  25.46
 wrfout_d04_2016-01-29_02:00:00 999.00  19.77  14.37  17.01  15.46  18.94  17.98  16.83  17.53  16.02  23.95  23.54 999.00  16.13  15.48  24.70  16.70  17.69  12.95  15.95   6.45  18.59  18.62  24.13  19.42  19.20  24.42  25.61  22.69  25.01  25.75
 wrfout_d04_2016-01-29_03:00:00 999.00  18.28  13.46  16.44  14.77  19.12  17.54  16.50  17.38  16.35  21.42  24.06 999.00  16.20  16.19  24.84  16.53  17.47  11.94  15.07   6.64  19.18  18.53  23.37  17.86  18.18  26.35  27.13  23.96  25.08  25.84
 wrfout_d04_2016-01-29_04:00:00 999.00  17.85  13.20  16.47  14.32  17.16  17.38  16.58  17.55  16.60  20.19  20.91 999.00  16.57  18.09  24.56  16.30  17.94  12.71  15.51   6.89  19.12  18.09  23.48  16.71  16.74  26.72  23.77  25.11  24.42  27.27
 wrfout_d04_2016-01-29_05:00:00 999.00  17.62  13.13  16.63  14.36  17.10  17.64  17.11  17.72  17.30  20.29  19.70 999.00  17.80  18.20  24.93  15.79  18.31  11.43  15.96   6.32  19.28  18.14  24.92  17.36  17.49  26.97  21.05  24.80  25.33  27.99
 wrfout_d04_2016-01-29_06:00:00 999.00  18.16  13.49  16.57  15.18  17.22  17.56  16.97  17.89  17.21  19.77  19.51 999.00  17.86  18.57  24.24  17.89  18.20  11.31  16.66   6.48  19.34  18.86  25.27  18.81  19.60  26.10  20.33  25.12  24.60  27.88
 wrfout_d04_2016-01-29_07:00:00 999.00  18.02  13.09  16.53  14.80  17.21  17.94  17.18  17.86  17.72  20.34  18.75 999.00  18.26  19.87  24.14  16.77  18.21  11.44  17.54   6.73  19.68  19.03  24.84  19.48  19.82  26.52  21.94  24.19  24.89  27.48
 wrfout_d04_2016-01-29_08:00:00 999.00  18.09  13.11  17.01  14.12  17.14  17.70  17.25  17.67  17.32  20.05  18.61 999.00  17.94  20.15  20.23  17.39  18.23  11.41  17.42   5.82  19.44  19.35  24.18  19.04  19.36  25.85  22.31  24.79  24.43  26.25
 wrfout_d04_2016-01-29_09:00:00 999.00  18.11  12.72  16.23  13.82  17.02  17.51  16.94  17.50  17.13  18.99  17.81 999.00  17.94  19.31  19.99  16.80  18.54  11.41  17.54   6.15  19.50  19.45  23.60  18.90  19.28  25.49  22.80  23.05  23.51  25.85
 wrfout_d04_2016-01-29_10:00:00 999.00  18.36  12.59  16.09  13.30  17.03  17.11  16.91  17.12  16.89  18.41  17.59 999.00  18.13  19.04  19.40  16.26  18.56  11.45  17.14   6.57  19.63  19.37  22.73  18.41  18.89  25.15  22.57  21.41  22.30  24.09
 wrfout_d04_2016-01-29_11:00:00 999.00  18.76  12.58  15.98  13.28  17.19  16.99  16.92  16.90  16.90  17.92  17.78 999.00  18.01  19.47  19.37  16.06  18.51  11.45  17.27   6.54  19.91  19.22  19.75  18.15  18.63  25.17  22.38  21.15  22.20  23.36
 wrfout_d04_2016-01-29_12:00:00 999.00  18.81  12.60  16.24  13.25  17.39  16.98  17.18  16.98  16.94  17.63  17.68 999.00  17.74  19.73  19.45  16.18  18.72  11.17  16.76   6.41  20.47  19.31  19.79  17.51  18.05  25.04  22.49  20.51  22.07  23.41
 wrfout_d04_2016-01-29_13:00:00 999.00  18.76  12.66  16.24  13.34  17.46  17.14  17.28  17.00  16.51  17.52  17.60 999.00  17.27  19.29  19.91  16.03  18.39  11.15  17.91   6.16  20.32  18.72  19.49  17.54  17.97  22.15  23.01  20.35  21.17  23.39
 wrfout_d04_2016-01-29_14:00:00 999.00  18.34  12.68  16.30  13.45  17.55  17.00  17.16  17.05  16.90  17.48  17.25 999.00  17.06  17.83  20.03  15.15  18.13  10.93  16.37   6.06  20.25  19.80  19.22  17.73  18.13  21.81  23.53  21.20  22.07  23.45
 wrfout_d04_2016-01-29_15:00:00 999.00  17.47  12.71  16.22  13.66  17.45  17.13  17.02  17.02  16.86  17.42  17.33 999.00  17.21  18.09  20.06  16.29  17.93  10.74  15.96   5.90  19.78  20.82  19.19  17.15  17.50  21.70  23.17  20.40  21.72  23.39
 wrfout_d04_2016-01-29_16:00:00 999.00  17.07  12.59  16.23  13.59  16.86  17.15  17.21  16.97  16.84  17.46  17.41 999.00  16.96  17.80  20.10  15.93  18.04  10.78  16.01   5.83  19.54  20.64  19.31  16.69  16.91  21.67  22.78  20.19  21.42  22.94
 wrfout_d04_2016-01-29_17:00:00 999.00  16.96  12.33  16.12  13.30  16.46  17.00  17.03  16.78  16.81  17.20  17.28 999.00  16.77  17.69  20.46  16.07  18.08  10.85  15.83   5.71  19.27  19.60  19.20  16.48  16.62  21.62  21.32  20.04  20.91  22.52
 wrfout_d04_2016-01-29_18:00:00 999.00  16.69  11.81  16.02  12.78  16.25  16.77  17.02  16.54  16.85  17.05  17.04 999.00  16.85  17.10  20.16  16.31  18.18  10.61  15.45   5.62  19.56  19.58  18.75  16.11  16.35  21.69  19.86  20.01  21.51  22.09
 wrfout_d04_2016-01-29_19:00:00 999.00  16.53  11.60  15.80  12.55  16.13  16.45  16.63  16.35  16.74  16.97  16.93 999.00  16.89  17.33  19.92  16.32  18.06  10.16  14.94   5.45  19.99  19.38  18.24  15.87  16.06  21.43  19.31  19.95  21.57  21.91
 wrfout_d04_2016-01-29_20:00:00 999.00  16.23  11.32  15.57  12.24  15.85  16.24  16.50  16.16  16.64  16.80  16.89 999.00  16.86  17.62  19.93  16.14  18.15  10.37  14.94   5.43  19.52  19.29  18.16  15.50  15.70  21.12  19.53  19.90  21.52  22.18
 wrfout_d04_2016-01-29_21:00:00 999.00  16.22  11.20  15.52  11.94  15.78  16.05  16.34  15.96  16.50  16.62  16.76 999.00  16.77  17.68  20.17  15.95  17.86  10.47  15.10   5.28  19.56  19.62  19.38  15.25  15.41  20.80  19.43  19.87  21.34  22.41
 wrfout_d04_2016-01-29_22:00:00 999.00  16.15  11.06  15.39  11.82  15.53  15.79  16.26  15.85  16.31  16.61  16.56 999.00  16.66  17.34  20.00  15.87  18.16  10.40  15.03   5.35  19.95  19.84  19.80  15.80  15.13  20.85  19.04  19.76  20.99  22.50
 wrfout_d04_2016-01-29_23:00:00 999.00  16.29  10.89  15.39  11.68  15.35  15.66  16.12  15.67  15.98  16.61  16.34 999.00  16.61  17.31  19.80  16.01  17.93  10.34  15.52   5.18  19.83  19.58  19.98  17.15  17.18  21.21  19.59  19.93  21.32  22.82
