 wrfout_d04_2016-08-25_00:00:00 999.00  29.22  23.76  29.02  25.52  29.27  28.80  28.86  29.04  29.52  29.69  29.24 999.00  29.47  28.79  29.25  25.13  29.24  18.91  28.09  13.31  28.37  28.43  28.74  28.66  28.98  29.84  30.76  28.52  29.24  29.61
 wrfout_d04_2016-08-25_01:00:00 999.00  28.78  25.39  30.07  27.33  29.81  30.34  30.06  30.70  31.22  31.90  30.49 999.00  30.46  30.70  30.05  27.46  29.61  20.24  29.58  14.29  27.94  27.77  28.47  30.36  30.45  26.95  31.24  28.60  29.41  30.17
 wrfout_d04_2016-08-25_02:00:00 999.00  28.91  26.48  30.58  28.48  30.60  31.65  30.28  31.89  32.42  32.79  31.28 999.00  31.23  32.24  30.81  28.55  30.11  19.80  31.03  15.05  28.06  27.97  29.83  32.03  31.91  27.15  31.84  28.77  29.83  30.80
 wrfout_d04_2016-08-25_03:00:00 999.00  28.98  27.11  30.80  29.34  31.09  33.14  30.43  33.34  33.63  33.02  31.50 999.00  31.75  33.89  31.14  29.27  30.54  19.94  32.06  15.36  28.13  28.00  30.02  33.37  32.52  28.41  32.11  30.43  30.46  30.84
 wrfout_d04_2016-08-25_04:00:00 999.00  28.96  27.43  31.09  29.90  31.22  33.69  30.58  34.20  34.11  33.62  31.75 999.00  32.15  34.85  31.41  29.66  30.72  19.87  33.07  15.45  28.16  28.03  30.03  33.78  32.51  28.99  32.23  30.53  30.99  31.60
 wrfout_d04_2016-08-25_05:00:00 999.00  28.99  27.55  31.28  30.19  31.28  33.95  30.67  34.70  34.18  34.03  31.79 999.00  32.27  35.49  31.48  30.02  31.00  21.38  33.67  15.37  28.11  28.00  29.97  33.67  32.41  31.90  32.22  30.61  30.99  31.84
 wrfout_d04_2016-08-25_06:00:00 999.00  28.86  27.39  31.22  30.19  31.18  34.05  30.39  34.85  33.96  34.19  31.67 999.00  31.98  35.67  31.39  30.05  31.36  21.24  33.52  15.04  28.12  28.00  29.83  33.51  32.14  32.03  32.02  30.43  30.95  31.94
 wrfout_d04_2016-08-25_07:00:00 999.00  28.77  26.80  30.57  29.61  30.67  33.70  30.19  34.49  33.35  33.80  31.19 999.00  31.63  35.17  31.28  29.74  31.41  20.55  32.96  14.39  28.11  28.15  29.57  33.00  31.86  30.97  31.75  29.80  30.79  31.66
 wrfout_d04_2016-08-25_08:00:00 999.00  28.74  25.98  30.05  28.66  30.17  32.64  30.04  33.33  32.71  33.13  30.52 999.00  31.33  34.41  31.04  28.74  31.07  19.77  32.41  13.74  28.10  28.06  29.27  32.46  31.46  31.15  31.00  29.44  29.13  31.24
 wrfout_d04_2016-08-25_09:00:00 999.00  28.70  24.97  29.25  27.33  29.56  32.11  29.60  32.21  31.96  32.08  29.59 999.00  30.73  33.44  30.58  27.80  30.57  18.53  31.68  12.69  28.05  28.05  28.81  31.50  30.54  30.58  30.49  27.78  28.53  30.64
 wrfout_d04_2016-08-25_10:00:00 999.00  28.64  23.18  27.63  24.51  28.52  31.12  28.64  30.94  31.04  30.33  28.62 999.00  29.82  32.04  29.91  25.40  29.64  16.07  30.74  10.35  27.93  27.98  27.97  30.12  29.61  29.89  30.22  27.32  27.34  29.95
 wrfout_d04_2016-08-25_11:00:00 999.00  28.55  22.15  26.59  23.20  27.79  30.11  28.38  30.30  30.44  28.79  28.13 999.00  29.47  31.30  29.37  23.89  28.73  14.53  29.72   8.71  27.82  27.91  27.28  29.34  28.83  29.79  29.93  26.99  27.11  29.44
 wrfout_d04_2016-08-25_12:00:00 999.00  28.49  21.70  26.43  22.66  27.43  29.08  28.26  29.61  30.10  28.22  27.81 999.00  29.44  31.12  29.00  23.20  28.29  14.32  28.84   8.38  27.87  28.02  27.04  28.83  28.38  29.47  29.80  26.33  26.24  29.14
 wrfout_d04_2016-08-25_13:00:00 999.00  28.50  21.37  26.12  22.28  27.09  29.00  27.96  29.15  29.63  28.07  27.87 999.00  29.04  30.86  28.76  22.79  27.91  14.13  27.94   7.60  27.87  28.06  26.83  28.39  28.06  28.79  29.64  25.68  25.73  28.94
 wrfout_d04_2016-08-25_14:00:00 999.00  28.43  21.18  25.91  22.08  26.90  28.50  27.59  28.68  29.19  27.50  27.93 999.00  28.98  29.81  28.41  22.42  27.52  13.27  28.04   7.37  27.68  27.73  26.56  28.21  27.96  28.24  29.47  25.42  25.46  28.59
 wrfout_d04_2016-08-25_15:00:00 999.00  28.39  20.88  25.58  21.82  26.52  28.07  27.28  28.33  28.83  27.08  27.69 999.00  28.38  29.14  28.10  22.13  27.33  13.44  27.15   7.11  27.55  27.58  26.27  27.98  27.75  27.83  29.27  25.19  25.63  28.30
 wrfout_d04_2016-08-25_16:00:00 999.00  28.37  20.65  25.31  21.59  26.17  27.70  27.14  27.93  28.41  26.63  27.45 999.00  28.24  28.76  27.84  21.86  27.36  13.06  26.41   6.89  27.35  27.61  26.07  27.58  27.39  27.64  28.77  24.95  25.00  28.08
 wrfout_d04_2016-08-25_17:00:00 999.00  28.37  20.37  25.02  21.30  26.90  27.40  26.88  27.58  27.94  26.39  27.28 999.00  28.05  28.39  27.64  21.46  27.41  12.55  26.25   6.59  27.29  27.62  25.83  27.34  27.26  27.37  28.69  24.74  25.25  28.02
 wrfout_d04_2016-08-25_18:00:00 999.00  28.31  20.13  24.76  21.01  26.20  27.89  26.53  28.12  27.54  26.23  27.12 999.00  28.00  28.15  27.43  21.10  27.44  12.47  25.96   6.39  27.23  27.57  25.62  27.04  27.08  26.97  28.46  24.53  25.45  27.87
 wrfout_d04_2016-08-25_19:00:00 999.00  28.31  19.94  24.60  20.94  25.68  27.50  26.24  27.77  27.11  26.06  27.08 999.00  27.80  27.66  27.34  20.74  27.26  12.18  25.91   6.38  27.24  27.39  25.41  26.75  26.92  26.61  28.40  24.36  25.52  27.76
 wrfout_d04_2016-08-25_20:00:00 999.00  28.22  20.13  24.45  20.95  25.45  26.89  25.99  27.17  26.72  25.70  27.04 999.00  27.88  27.21  27.25  20.68  27.05  12.02  25.58   6.12  27.22  26.35  25.25  26.33  26.73  26.31  28.34  24.17  25.66  27.63
 wrfout_d04_2016-08-25_21:00:00 999.00  28.28  20.69  24.28  21.47  25.08  26.29  25.79  26.83  26.44  25.59  26.59 999.00  27.78  26.82  27.19  20.71  26.75  11.97  25.58   6.15  27.27  25.54  25.17  26.14  26.47  26.05  28.25  24.03  25.76  27.54
 wrfout_d04_2016-08-25_22:00:00 999.00  28.32  21.50  25.67  22.73  25.63  26.41  26.40  26.80  26.31  26.02  27.02 999.00  27.72  26.76  27.23  21.41  26.85  12.58  25.64   6.83  27.26  25.52  25.85  25.79  26.39  26.44  28.47  24.80  26.29  27.67
 wrfout_d04_2016-08-25_23:00:00 999.00  28.36  23.15  27.91  24.97  27.48  27.68  28.36  28.28  28.33  28.05  28.50 999.00  28.06  27.41  27.80  23.76  27.44  16.37  26.10  11.63  27.31  25.53  27.75  26.36  27.05  28.46  28.92  27.63  27.98  28.00
