 wrfout_d04_2016-03-19_00:00:00 999.00  19.87  17.85  19.30  18.56  20.84  20.50  19.01  22.59  20.49  23.49  21.85 999.00  24.49  25.40  24.30  23.36  22.54  14.90  23.61   6.30  23.77  22.11  25.11  24.12  25.05  25.98  26.39  27.60  24.68  24.76
 wrfout_d04_2016-03-19_01:00:00 999.00  20.48  17.68  19.44  18.67  20.59  19.83  19.26  20.17  20.21  26.36  24.98 999.00  21.87  25.39  25.51  23.99  21.83  15.97  24.10   6.57  21.69  22.35  25.83  23.78  24.03  27.06  27.37  26.53  25.61  26.47
 wrfout_d04_2016-03-19_02:00:00 999.00  20.84  18.73  19.69  20.64  19.84  19.84  19.25  20.00  19.88  27.61  26.09 999.00  21.64  26.96  24.71  24.64  22.23  16.78  25.26   6.70  21.86  22.71  26.23  25.19  25.81  27.79  28.75  26.72  26.54  27.45
 wrfout_d04_2016-03-19_03:00:00 999.00  20.69  18.97  19.54  20.87  19.80  20.14  18.90  19.87  19.79  28.19  25.89 999.00  22.13  27.75  24.85  25.12  23.36  17.30  26.17   6.87  22.47  22.47  26.46  25.78  27.07  28.17  28.95  26.79  27.58  27.83
 wrfout_d04_2016-03-19_04:00:00 999.00  20.77  18.60  19.97  20.10  20.66  21.54  19.45  21.11  20.18  27.62  26.26 999.00  22.04  27.41  24.73  25.56  22.86  17.61  27.06   7.09  22.26  23.35  26.68  27.42  27.71  28.20  28.87  26.82  28.07  27.77
 wrfout_d04_2016-03-19_05:00:00 999.00  20.92  20.10  20.21  22.05  21.61  21.95  20.31  21.84  20.88  26.60  25.22 999.00  22.15  28.01  24.82  25.87  22.94  17.54  27.91   7.23  22.61  23.24  26.72  28.34  28.60  28.18  28.77  26.66  28.02  28.14
 wrfout_d04_2016-03-19_06:00:00 999.00  20.88  18.61  21.24  19.93  21.29  23.23  19.38  22.39  21.78  25.61  26.02 999.00  23.90  28.71  24.76  25.57  22.66  16.62  28.17   7.41  22.63  23.34  26.28  28.31  28.48  27.82  28.55  26.49  27.65  27.63
 wrfout_d04_2016-03-19_07:00:00 999.00  20.87  17.45  20.92  19.46  20.59  23.09  20.73  22.50  21.14  25.70  24.78 999.00  22.37  28.11  24.08  25.08  22.65  16.49  28.24   7.59  22.64  23.51  25.97  28.04  28.27  27.42  28.34  26.05  26.62  27.10
 wrfout_d04_2016-03-19_08:00:00 999.00  20.76  17.68  22.18  19.87  20.47  22.48  20.51  22.90  22.65  24.51  23.20 999.00  23.20  27.47  23.74  24.33  22.26  16.26  27.45   7.62  22.51  23.74  25.02  28.02  28.25  26.76  28.10  25.57  24.67  26.75
 wrfout_d04_2016-03-19_09:00:00 999.00  20.74  16.56  21.51  17.52  20.22  21.72  20.24  22.19  22.39  22.78  22.01 999.00  22.05  27.04  23.43  23.12  21.78  15.20  25.64   7.47  22.58  22.88  24.07  27.11  27.03  25.31  27.30  24.54  24.36  26.13
 wrfout_d04_2016-03-19_10:00:00 999.00  20.43  16.20  18.98  16.83  20.08  21.19  20.16  20.81  20.91  22.06  21.65 999.00  21.40  25.07  23.09  20.46  21.13  11.76  24.29   7.08  22.45  22.10  22.98  23.97  24.22  24.60  26.07  22.90  23.38  25.86
 wrfout_d04_2016-03-19_11:00:00 999.00  20.19  15.84  19.99  16.54  19.91  20.98  19.92  20.58  20.82  21.41  21.24 999.00  20.82  23.83  22.75  19.35  21.40  11.10  23.04   6.79  21.97  22.72  23.04  23.23  23.18  24.27  25.08  22.93  23.24  25.16
 wrfout_d04_2016-03-19_12:00:00 999.00  20.12  15.51  19.88  16.17  19.60  20.74  20.12  20.50  19.66  21.04  20.91 999.00  20.76  23.43  22.49  18.68  21.05  10.87  22.68   6.07  22.34  22.96  22.74  23.13  23.02  23.95  24.99  22.73  22.92  24.58
 wrfout_d04_2016-03-19_13:00:00 999.00  20.11  15.14  19.67  15.86  19.54  20.27  20.18  20.17  20.07  20.86  20.63 999.00  20.59  22.62  22.08  18.27  20.71  10.56  21.98   6.09  22.40  22.66  22.18  22.81  22.93  23.85  24.66  22.54  22.70  24.29
 wrfout_d04_2016-03-19_14:00:00 999.00  20.05  14.89  19.53  15.56  19.24  20.15  20.06  19.98  20.20  20.48  20.39 999.00  20.33  22.49  21.95  17.99  20.37  10.64  21.18   6.04  22.18  22.79  21.90  22.37  22.45  23.70  24.48  22.06  22.52  24.01
 wrfout_d04_2016-03-19_15:00:00 999.00  19.96  14.67  19.36  15.40  19.25  19.74  19.85  19.74  19.91  20.09  20.07 999.00  20.16  22.46  21.56  17.64  20.61  11.42  20.48   6.06  21.24  22.73  21.80  22.03  22.17  23.48  24.45  22.05  22.04  23.58
 wrfout_d04_2016-03-19_16:00:00 999.00  19.93  14.39  19.21  15.04  19.20  19.83  19.61  19.66  19.58  19.63  19.72 999.00  20.21  22.30  21.22  17.37  20.61  10.73  19.77   5.98  21.56  22.39  21.80  21.87  22.25  23.90  24.18  21.94  21.97  23.21
 wrfout_d04_2016-03-19_17:00:00 999.00  19.87  14.09  19.02  14.92  19.17  19.79  19.13  19.66  19.27  19.41  19.74 999.00  19.93  22.02  21.21  17.12  20.26   9.60  19.62   5.67  21.68  22.46  21.64  21.91  22.14  23.77  24.05  21.74  21.93  23.10
 wrfout_d04_2016-03-19_18:00:00 999.00  20.04  13.91  18.83  14.85  19.12  19.62  19.11  19.57  19.08  19.05  19.78 999.00  19.59  21.45  21.11  16.85  20.37   9.38  19.57   5.41  21.28  22.35  21.49  21.53  21.65  23.65  24.12  21.30  21.85  23.01
 wrfout_d04_2016-03-19_19:00:00 999.00  20.08  13.49  18.50  14.70  18.90  19.37  19.05  19.28  19.24  18.95  19.59 999.00  19.31  21.11  20.82  16.57  20.55   9.08  19.38   4.81  21.77  22.13  21.28  21.15  21.27  23.57  24.09  21.32  21.99  22.84
 wrfout_d04_2016-03-19_20:00:00 999.00  19.96  13.25  17.03  14.48  17.97  19.23  18.94  19.17  19.22  19.18  19.38 999.00  19.03  20.83  20.47  16.34  20.25   8.92  19.23   3.10  21.95  21.83  21.10  21.01  21.01  23.55  24.01  21.11  21.95  22.60
 wrfout_d04_2016-03-19_21:00:00 999.00  19.99  13.12  16.80  14.39  16.81  19.09  18.78  19.09  19.02  19.08  19.13 999.00  18.70  20.50  20.52  16.14  20.47   8.70  19.27   2.90  21.97  21.87  20.82  21.04  21.13  23.35  24.10  21.03  22.11  22.54
 wrfout_d04_2016-03-19_22:00:00 999.00  20.01  12.86  16.57  14.18  18.73  19.24  18.61  19.17  19.10  19.71  18.75 999.00  18.16  20.23  20.41  15.95  20.58   8.46  19.55   2.55  21.81  22.01  20.46  21.21  21.19  23.00  24.24  20.92  21.49  22.36
 wrfout_d04_2016-03-19_23:00:00 999.00  19.84  13.36  19.57  14.75  19.25  19.37  19.41  19.22  19.88  19.32  18.89 999.00  19.59  20.86  20.56  19.27  20.66  13.39  19.72   6.71  21.64  22.03  21.11  21.24  21.47  22.83  24.50  21.75  22.97  23.43
