 wrfout_d04_2016-10-08_00:00:00 999.00  25.30  20.70  23.74  21.62  24.48  24.50  25.72  24.33  25.72  25.43  25.33 999.00  25.39  24.41  24.71  21.76  25.38  15.22  23.43  10.12  26.47  25.42  23.61  24.57  24.76  23.80  27.83  24.71  26.08  26.94
 wrfout_d04_2016-10-08_01:00:00 999.00  25.72  21.36  24.44  22.45  25.05  24.53  25.83  24.94  25.84  26.16  25.92 999.00  25.01  23.91  25.54  21.45  25.79  15.20  23.82  10.12  26.60  24.95  24.50  24.43  24.68  23.53  27.95  24.27  26.16  26.44
 wrfout_d04_2016-10-08_02:00:00 999.00  25.76  20.74  25.06  21.65  25.79  25.58  25.89  25.98  26.53  26.45  26.75 999.00  25.36  23.89  25.06  21.23  25.91  15.12  23.68   9.94  26.74  24.98  24.81  24.37  24.36  23.49  28.58  25.32  26.18  26.94
 wrfout_d04_2016-10-08_03:00:00 999.00  25.92  21.38  25.55  22.62  25.90  26.47  25.97  27.18  26.25  27.42  26.16 999.00  25.76  23.97  25.78  21.12  26.28  15.15  24.19  10.10  26.58  25.03  23.57  24.43  24.49  23.45  29.69  25.17  26.26  26.82
 wrfout_d04_2016-10-08_04:00:00 999.00  25.99  21.39  25.58  22.46  26.93  27.09  26.21  27.16  25.84  26.63  26.94 999.00  25.91  24.63  25.79  20.98  26.39  15.29  24.56   9.87  26.73  25.04  23.13  24.54  24.77  23.04  28.95  25.05  26.38  26.75
 wrfout_d04_2016-10-08_05:00:00 999.00  25.97  21.39  25.74  22.49  26.78  27.00  26.22  27.00  26.05  26.41  27.32 999.00  26.50  25.56  24.36  21.52  27.06  15.20  25.93  10.37  26.57  25.41  22.76  24.71  24.57  23.33  26.36  24.83  26.26  26.71
 wrfout_d04_2016-10-08_06:00:00 999.00  25.96  21.05  25.34  22.25  26.33  26.66  26.19  26.64  25.98  26.44  26.48 999.00  26.56  25.82  25.13  21.38  27.11  15.32  26.24  10.05  26.82  25.40  24.02  24.89  24.87  23.23  25.41  24.67  26.24  27.05
 wrfout_d04_2016-10-08_07:00:00 999.00  26.03  20.98  25.11  21.98  25.76  26.14  25.80  25.76  25.53  25.76  25.33 999.00  26.39  25.73  24.22  20.98  27.12  15.60  26.24  10.63  27.17  25.61  24.14  24.38  23.87  23.23  25.29  24.40  26.04  27.12
 wrfout_d04_2016-10-08_08:00:00 999.00  26.02  20.82  24.86  21.83  25.24  25.52  25.50  25.40  25.20  25.49  26.04 999.00  26.48  25.73  24.43  21.60  26.94  15.13  26.29  10.01  27.09  25.11  24.23  23.49  23.09  23.78  27.48  25.24  25.82  27.12
 wrfout_d04_2016-10-08_09:00:00 999.00  25.77  20.62  24.37  21.48  24.81  25.18  25.12  25.23  25.18  25.23  25.03 999.00  26.10  25.53  23.57  21.00  26.77  14.22  26.24   9.91  27.04  24.38  23.56  23.54  23.21  23.21  28.41  24.65  25.71  27.21
 wrfout_d04_2016-10-08_10:00:00 999.00  25.38  20.53  24.15  21.13  24.59  25.00  25.00  25.20  25.31  24.88  25.54 999.00  25.99  25.12  23.49  20.78  26.76  14.45  26.20   9.35  26.68  24.18  23.66  23.73  23.78  23.28  28.67  24.48  25.86  27.35
 wrfout_d04_2016-10-08_11:00:00 999.00  25.36  20.45  23.95  21.19  24.51  25.19  24.71  25.31  25.15  24.51  25.88 999.00  25.78  24.81  23.26  20.70  26.08  14.42  25.40   9.27  26.56  25.21  23.48  23.67  23.44  23.09  28.72  24.44  25.84  27.52
 wrfout_d04_2016-10-08_12:00:00 999.00  25.31  20.83  24.02  21.58  24.51  24.98  24.51  24.89  25.32  24.37  25.38 999.00  25.74  25.07  23.35  20.25  26.08  14.48  25.32   9.40  27.11  25.65  23.39  23.70  23.62  22.74  28.65  24.37  25.86  27.44
 wrfout_d04_2016-10-08_13:00:00 999.00  25.14  21.18  24.08  21.82  24.43  24.70  24.53  24.76  25.20  24.48  24.38 999.00  25.43  24.69  23.41  20.59  26.33  14.04  25.03   9.03  27.57  25.59  23.34  23.96  23.88  23.04  28.53  24.31  25.85  27.49
 wrfout_d04_2016-10-08_14:00:00 999.00  24.69  21.15  24.00  21.75  24.25  25.00  24.61  24.71  24.98  24.47  24.71 999.00  25.73  24.36  23.20  20.34  26.25  13.98  24.08   9.17  27.80  25.82  23.54  23.92  23.91  24.20  28.53  24.33  25.90  27.25
 wrfout_d04_2016-10-08_15:00:00 999.00  24.53  20.50  23.57  21.18  23.98  24.32  24.21  24.40  24.48  24.33  24.61 999.00  25.44  24.20  22.99  20.47  26.55  14.51  24.11   9.56  28.18  26.14  23.55  23.95  23.92  23.76  28.35  24.43  25.76  27.01
 wrfout_d04_2016-10-08_16:00:00 999.00  24.62  20.19  23.32  20.99  23.83  23.73  24.01  23.75  24.15  24.45  24.32 999.00  25.20  23.96  23.14  20.15  26.66  14.15  23.65   9.69  28.27  26.00  23.35  24.00  24.08  23.34  28.28  24.40  25.76  26.83
 wrfout_d04_2016-10-08_17:00:00 999.00  24.47  19.82  23.19  20.71  23.51  23.93  23.88  24.04  24.09  24.34  24.23 999.00  25.25  24.14  23.61  20.40  26.58  14.41  23.40   9.72  28.23  26.04  23.37  24.19  24.03  23.26  28.14  24.39  25.65  26.89
 wrfout_d04_2016-10-08_18:00:00 999.00  24.48  19.42  22.88  20.22  23.22  23.93  23.77  23.81  23.80  24.18  23.90 999.00  24.81  24.09  23.01  20.21  26.34  14.34  23.40   9.85  27.85  25.90  23.39  23.79  23.22  22.97  28.06  24.39  25.66  26.67
 wrfout_d04_2016-10-08_19:00:00 999.00  24.51  19.14  22.66  19.86  23.30  24.03  23.59  23.63  23.54  24.41  23.98 999.00  24.51  24.48  23.80  19.95  26.19  14.55  23.59   9.64  28.17  25.88  23.92  23.66  23.59  22.94  28.18  24.49  25.67  26.89
 wrfout_d04_2016-10-08_20:00:00 999.00  24.36  18.83  22.53  19.63  23.36  23.83  23.58  23.49  23.31  24.04  23.72 999.00  24.59  23.87  23.50  20.10  25.98  14.38  24.06   9.75  28.12  25.32  23.44  23.43  23.18  23.51  28.11  24.19  25.72  26.92
 wrfout_d04_2016-10-08_21:00:00 999.00  24.39  18.67  22.40  19.38  23.33  23.73  23.27  23.16  23.20  23.72  23.56 999.00  24.07  24.04  23.60  19.97  25.48  14.32  23.30   9.62  27.47  25.26  23.92  22.65  22.58  23.14  28.10  24.37  25.74  26.75
 wrfout_d04_2016-10-08_22:00:00 999.00  24.29  18.51  22.19  19.44  23.01  23.61  23.25  23.41  23.13  23.50  23.25 999.00  24.15  23.64  23.65  20.00  25.63  14.64  23.38   9.63  27.02  25.48  23.96  22.99  22.59  23.15  28.31  24.38  25.81  26.97
 wrfout_d04_2016-10-08_23:00:00 999.00  23.90  18.39  22.15  19.27  22.89  23.51  23.12  22.98  22.98  23.51  23.65 999.00  24.01  23.79  23.82  20.47  25.52  15.28  23.63  10.03  26.95  25.29  23.20  24.63  24.63  23.54  28.60  23.40  25.84  27.51
