 wrfout_d04_2016-11-12_00:00:00 999.00  25.02  19.55  24.03  20.58  24.26  24.47  24.24  23.41  24.12  23.91  24.20 999.00  23.65  23.27  23.95  21.03  24.54  13.83  21.99   7.78  25.31  23.98  24.54  21.99  22.87  24.55  26.10  24.03  25.15  25.60
 wrfout_d04_2016-11-12_01:00:00 999.00  25.06  21.05  25.86  22.06  25.95  26.42  24.23  25.76  24.86  25.17  25.30 999.00  24.14  25.01  25.61  21.34  24.80  15.75  24.52   8.87  25.37  24.46  25.01  25.22  25.33  25.97  27.55  25.22  25.91  26.73
 wrfout_d04_2016-11-12_02:00:00 999.00  25.17  22.18  26.18  23.16  27.54  27.85  25.22  27.56  24.71  25.61  26.25 999.00  24.89  26.85  26.70  24.23  25.15  16.76  24.52   9.77  25.46  25.10  25.75  27.31  27.40  27.16  28.73  25.88  26.38  27.68
 wrfout_d04_2016-11-12_03:00:00 999.00  25.24  22.65  26.10  22.24  28.43  28.69  24.31  27.42  25.31  26.65  26.78 999.00  26.02  27.42  27.06  24.78  26.10  16.73  26.01  10.49  25.29  25.23  25.90  28.26  28.44  27.58  29.27  26.12  26.78  28.14
 wrfout_d04_2016-11-12_04:00:00 999.00  25.27  21.70  25.30  22.12  28.15  28.52  25.15  27.92  25.06  25.79  26.94 999.00  25.59  28.28  26.84  24.89  26.81  15.89  26.55  10.95  25.39  25.35  25.73  28.70  29.06  27.62  29.47  26.08  26.94  28.61
 wrfout_d04_2016-11-12_05:00:00 999.00  25.28  21.01  25.49  21.81  27.96  27.05  25.38  27.12  26.45  25.74  26.70 999.00  26.67  28.67  26.58  24.54  26.71  16.47  27.48  10.97  25.39  25.39  25.73  28.91  29.11  27.23  29.55  26.01  26.81  28.64
 wrfout_d04_2016-11-12_06:00:00 999.00  25.28  20.07  24.97  21.07  28.04  26.74  25.03  26.33  25.81  25.52  26.35 999.00  26.77  28.84  26.42  23.67  26.46  15.74  28.12  10.47  25.42  25.64  25.75  28.94  29.00  27.80  29.26  24.96  26.53  28.67
 wrfout_d04_2016-11-12_07:00:00 999.00  25.29  20.92  24.30  22.13  26.45  26.64  24.02  26.31  24.95  25.30  25.94 999.00  26.39  28.86  26.12  23.07  26.16  15.04  28.01   9.59  25.38  25.85  25.35  28.71  28.75  27.66  29.11  24.68  25.96  28.22
 wrfout_d04_2016-11-12_08:00:00 999.00  25.31  19.65  23.54  20.98  26.10  26.49  23.79  26.42  24.60  24.92  24.94 999.00  25.81  28.02  26.00  22.41  25.74  14.33  27.04   8.93  25.29  25.93  24.80  28.17  28.24  26.84  29.13  24.28  25.20  27.36
 wrfout_d04_2016-11-12_09:00:00 999.00  25.26  19.34  23.18  20.00  24.89  25.02  23.48  25.87  24.34  24.57  24.63 999.00  25.01  26.18  25.82  19.83  25.15  11.27  25.47   5.90  25.19  25.94  24.56  26.99  27.19  26.44  28.95  23.61  23.72  26.40
 wrfout_d04_2016-11-12_10:00:00 999.00  25.33  19.16  23.13  19.79  24.23  25.05  23.16  25.37  24.30  24.35  24.42 999.00  24.55  25.21  25.65  18.79  24.90  10.31  24.50   4.55  25.24  25.74  24.35  25.91  26.19  26.14  29.21  23.34  23.33  25.83
 wrfout_d04_2016-11-12_11:00:00 999.00  25.34  18.03  22.93  19.49  24.09  25.20  23.16  25.06  24.01  24.12  23.96 999.00  24.48  24.60  25.43  18.25  24.74  10.12  23.82   4.24  25.40  25.75  24.16  25.46  25.55  26.03  29.36  23.12  23.17  25.54
 wrfout_d04_2016-11-12_12:00:00 999.00  25.34  18.75  22.86  19.72  23.58  24.76  22.71  24.87  23.23  23.91  23.73 999.00  24.21  24.50  25.29  17.98  24.64  10.00  23.53   3.94  25.43  25.79  23.92  25.08  25.26  25.77  29.01  23.08  23.08  25.26
 wrfout_d04_2016-11-12_13:00:00 999.00  25.36  17.28  21.44  18.03  23.35  24.14  22.43  24.16  22.92  23.00  23.48 999.00  23.96  24.46  24.95  17.73  24.66   9.77  23.09   3.66  25.46  25.16  23.77  24.45  24.81  25.51  28.01  22.54  22.96  25.13
 wrfout_d04_2016-11-12_14:00:00 999.00  25.29  17.72  21.20  17.85  22.93  23.61  21.21  23.31  22.31  22.65  23.35 999.00  23.70  23.98  24.68  17.49  24.65   9.48  22.59   3.43  25.57  24.70  23.60  23.99  24.35  25.29  27.25  22.21  22.92  24.81
 wrfout_d04_2016-11-12_15:00:00 999.00  25.27  17.02  21.00  17.73  22.82  22.89  20.94  22.55  21.59  22.18  22.81 999.00  23.31  23.44  24.44  17.27  24.57   9.23  22.16   3.16  25.56  24.74  23.65  23.71  23.91  24.88  26.80  22.13  22.84  24.56
 wrfout_d04_2016-11-12_16:00:00 999.00  25.28  16.88  21.87  17.61  22.25  22.19  20.74  21.84  20.89  21.81  22.34 999.00  23.05  22.99  24.30  17.20  24.36   8.97  21.82   2.92  25.44  24.64  23.55  23.41  23.65  24.74  26.30  21.36  22.83  24.29
 wrfout_d04_2016-11-12_17:00:00 999.00  25.25  16.75  20.69  17.49  21.95  21.77  20.58  21.51  20.53  21.57  22.16 999.00  22.77  23.17  24.27  17.04  23.57   8.78  21.61   2.72  25.46  24.65  22.18  23.23  23.52  24.76  25.92  21.19  22.78  24.23
 wrfout_d04_2016-11-12_18:00:00 999.00  25.30  16.62  20.54  17.38  21.50  21.23  20.26  21.02  20.11  21.36  21.80 999.00  22.27  23.29  23.62  16.84  23.20   8.59  21.08   2.53  25.54  24.36  21.95  22.85  23.19  24.69  25.47  21.72  22.67  24.05
 wrfout_d04_2016-11-12_19:00:00 999.00  25.26  16.45  20.32  17.20  21.30  20.86  20.31  20.67  19.83  21.30  21.59 999.00  22.07  22.72  23.56  16.63  23.03   8.45  21.10   2.38  25.60  23.61  21.76  22.56  22.81  24.54  25.35  21.00  22.60  23.97
 wrfout_d04_2016-11-12_20:00:00 999.00  25.31  16.40  20.23  17.14  21.00  20.37  20.18  20.27  19.63  21.06  21.27 999.00  21.66  22.15  23.01  16.47  22.79   8.34  20.79   2.23  25.32  23.33  21.65  22.17  22.34  24.40  25.19  20.75  23.19  23.85
 wrfout_d04_2016-11-12_21:00:00 999.00  25.25  16.29  20.12  17.08  20.80  20.03  20.17  20.00  19.59  21.02  21.12 999.00  21.60  21.85  22.85  16.36  22.61   8.23  20.57   2.07  25.31  23.14  21.50  21.83  22.03  24.40  25.11  20.66  23.24  23.72
 wrfout_d04_2016-11-12_22:00:00 999.00  25.29  16.88  20.07  17.09  20.90  19.88  20.06  19.92  19.57  21.02  21.08 999.00  21.59  21.81  23.11  16.28  22.58   8.16  20.72   1.89  25.25  22.96  21.31  21.80  22.06  24.38  25.19  20.58  22.56  23.82
 wrfout_d04_2016-11-12_23:00:00 999.00  25.29  19.08  22.94  19.99  23.41  21.41  22.35  21.86  21.97  23.67  23.62 999.00  22.96  22.81  24.03  20.25  24.52  12.74  21.40   6.89  25.24  23.01  23.82  22.08  22.82  24.64  25.66  22.90  23.93  24.53
