 wrfout_d04_2016-04-20_00:00:00 999.00  22.95  22.09  22.94  23.00  26.37  26.38  19.83  25.49  19.88  25.65  25.77 999.00  19.80  23.23  26.50  23.01  23.74  17.51  22.27  11.43  23.56  23.08  25.84  24.28  24.72  27.02  26.41  25.91  26.21  27.15
 wrfout_d04_2016-04-20_01:00:00 999.00  23.16  23.34  22.12  24.22  28.38  28.30  19.43  27.35  20.53  26.21  26.73 999.00  21.28  25.73  26.64  24.46  24.39  18.60  24.33  12.36  23.64  23.67  26.46  26.28  26.60  27.80  27.63  26.65  26.81  27.57
 wrfout_d04_2016-04-20_02:00:00 999.00  23.18  24.65  22.20  25.59  29.93  30.14  19.91  28.89  22.26  27.21  27.29 999.00  23.28  27.76  26.87  26.93  24.38  19.31  26.05  13.04  23.83  23.77  26.81  27.96  28.01  28.22  28.45  27.48  27.35  28.86
 wrfout_d04_2016-04-20_03:00:00 999.00  23.30  25.76  23.22  26.43  30.77  31.28  20.12  30.92  24.04  27.93  27.96 999.00  24.21  29.23  28.27  27.31  25.02  19.97  27.52  13.50  24.06  24.03  27.09  29.09  28.59  28.93  28.95  25.13  27.66  29.63
 wrfout_d04_2016-04-20_04:00:00 999.00  23.15  26.33  23.55  26.83  31.18  31.56  20.01  32.05  25.11  28.88  27.64 999.00  24.72  29.97  28.60  27.39  25.13  20.15  28.76  13.58  24.25  24.61  27.17  29.98  29.25  29.24  29.62  26.47  27.87  30.08
 wrfout_d04_2016-04-20_05:00:00 999.00  23.33  26.46  23.17  26.90  30.82  30.02  19.63  32.13  24.85  28.44  27.66 999.00  24.55  30.23  27.83  27.52  26.05  20.05  29.42  13.12  24.29  24.91  27.20  30.98  30.18  29.22  31.03  27.97  26.43  30.03
 wrfout_d04_2016-04-20_06:00:00 999.00  23.39  25.95  22.44  26.37  29.21  28.28  19.57  30.97  24.18  29.09  27.70 999.00  24.42  29.75  27.86  27.40  26.90  19.71  29.67  12.19  24.46  25.01  27.11  31.50  30.47  29.14  31.69  28.04  27.07  29.96
 wrfout_d04_2016-04-20_07:00:00 999.00  23.36  25.06  21.84  25.35  26.35  27.03  19.81  29.77  23.72  28.91  27.51 999.00  24.52  29.25  27.23  26.98  27.24  18.65  29.49  11.22  24.73  25.18  26.85  31.62  30.59  28.78  32.62  27.45  27.48  29.42
 wrfout_d04_2016-04-20_08:00:00 999.00  23.23  23.46  21.48  24.23  25.27  25.63  19.95  28.57  23.53  26.98  27.09 999.00  24.67  28.68  27.30  26.10  27.39  17.89  29.03  10.60  24.89  25.34  26.82  31.49  30.32  28.43  32.34  25.86  27.03  28.46
 wrfout_d04_2016-04-20_09:00:00 999.00  20.87  22.22  21.16  22.80  24.40  24.79  19.95  27.29  23.69  26.56  26.49 999.00  24.80  28.10  26.84  24.92  26.73  16.70  28.35  10.90  24.94  25.51  26.36  30.55  29.24  28.00  31.69  25.41  26.36  27.71
 wrfout_d04_2016-04-20_10:00:00 999.00  20.63  20.38  20.56  20.82  23.50  23.64  20.40  25.82  23.87  25.98  25.75 999.00  24.79  27.27  26.71  22.87  25.98  15.14  27.71   8.87  24.99  25.79  25.70  28.79  28.02  27.22  30.98  24.98  25.35  27.00
 wrfout_d04_2016-04-20_11:00:00 999.00  20.52  19.18  20.50  19.58  23.04  23.30  20.87  24.92  23.92  25.77  25.60 999.00  24.27  27.01  26.48  21.13  25.47  14.34  26.26   8.58  25.07  26.00  25.26  27.90  27.45  26.92  30.34  24.55  25.23  26.52
 wrfout_d04_2016-04-20_12:00:00 999.00  20.59  18.82  20.77  19.35  22.99  23.61  21.50  24.27  23.69  25.14  25.39 999.00  23.63  26.59  26.23  20.50  25.11  14.73  24.98   8.61  25.14  26.06  24.98  27.29  27.30  26.61  29.73  24.38  25.23  26.32
 wrfout_d04_2016-04-20_13:00:00 999.00  21.32  18.63  20.97  19.27  22.69  23.60  21.77  23.95  23.35  24.61  25.30 999.00  23.26  26.77  25.96  20.06  24.79  14.76  24.34   8.55  25.15  25.97  24.82  26.61  27.04  26.33  29.48  24.28  25.13  26.23
 wrfout_d04_2016-04-20_14:00:00 999.00  21.43  18.41  20.93  19.15  22.27  23.48  21.50  23.72  22.95  24.30  25.06 999.00  23.06  26.26  25.60  19.75  24.68  14.60  23.89   8.51  25.15  25.66  24.71  26.10  26.63  26.17  29.05  23.77  24.97  26.15
 wrfout_d04_2016-04-20_15:00:00 999.00  21.84  18.31  20.84  19.13  22.05  23.18  20.90  23.49  22.32  24.09  24.86 999.00  22.97  25.27  25.33  19.51  24.55  14.54  23.35   8.48  25.58  25.31  24.64  25.58  26.11  26.36  28.65  23.60  24.32  26.29
 wrfout_d04_2016-04-20_16:00:00 999.00  22.67  18.10  20.59  18.92  22.04  23.12  20.55  23.23  22.11  23.88  24.32 999.00  23.09  24.91  25.25  19.27  24.56  14.49  23.11   8.44  25.70  25.08  24.54  25.21  25.81  26.51  28.50  23.29  24.51  25.73
 wrfout_d04_2016-04-20_17:00:00 999.00  23.10  17.84  20.40  18.61  22.45  22.73  20.63  23.25  21.73  23.54  23.69 999.00  23.29  24.67  25.19  18.89  24.96  14.45  23.14   8.44  26.06  24.42  24.44  25.06  25.55  26.48  28.39  23.34  24.33  25.71
 wrfout_d04_2016-04-20_18:00:00 999.00  23.14  17.70  20.34  18.45  22.38  22.39  20.44  22.99  21.54  22.92  23.30 999.00  23.79  24.51  25.10  18.52  25.44  14.36  23.29   8.46  26.16  24.55  24.46  24.95  25.52  26.54  27.79  23.05  24.34  25.57
 wrfout_d04_2016-04-20_19:00:00 999.00  23.16  17.47  20.37  18.28  22.19  22.11  20.46  22.68  21.31  22.64  22.95 999.00  23.67  24.47  24.83  18.20  25.69  14.23  23.47   8.43  26.07  24.54  24.38  24.91  25.53  26.59  27.52  22.83  24.03  25.58
 wrfout_d04_2016-04-20_20:00:00 999.00  22.88  18.59  20.52  18.20  22.03  21.82  20.71  22.48  21.21  22.31  22.67 999.00  23.41  24.27  24.08  18.02  25.58  14.13  23.29   8.29  25.97  24.68  24.48  24.88  25.68  26.66  27.41  22.84  24.30  25.54
 wrfout_d04_2016-04-20_21:00:00 999.00  22.92  19.25  20.50  18.12  21.95  21.52  20.90  22.20  20.92  21.90  22.47 999.00  23.12  24.47  23.88  17.92  25.55  14.06  23.31   8.13  25.91  25.18  24.64  25.11  25.30  26.31  27.20  22.88  24.25  25.58
 wrfout_d04_2016-04-20_22:00:00 999.00  23.11  20.00  22.02  19.60  23.22  22.22  21.33  23.14  21.99  23.67  24.28 999.00  23.95  24.89  25.11  19.40  25.68  14.44  23.63   8.50  25.90  26.03  25.17  25.33  25.72  26.24  27.20  23.73  24.97  25.86
 wrfout_d04_2016-04-20_23:00:00 999.00  23.11  20.93  24.76  21.80  25.21  23.86  23.85  24.40  23.93  25.23  26.30 999.00  26.25  26.31  25.89  25.41  26.50  15.99  25.45   9.90  25.91  26.68  26.25  27.39  27.43  27.15  28.10  25.17  26.18  27.21
