 wrfout_d04_2016-10-30_00:00:00 999.00  23.98  16.76  22.81  18.37  22.17  22.62  22.96  22.36  23.45  22.18  23.00 999.00  23.91  24.90  24.45  21.55  25.14  14.80  23.22   8.37  25.44  25.03  24.95  23.43  23.58  25.69  27.26  24.29  27.03  27.53
 wrfout_d04_2016-10-30_01:00:00 999.00  24.08  17.47  24.00  19.53  22.66  23.25  24.57  23.43  24.78  22.95  22.92 999.00  26.28  27.26  24.31  24.59  25.64  17.61  25.50  10.23  26.03  25.42  25.20  21.94  22.25  27.22  27.48  22.78  26.84  26.63
 wrfout_d04_2016-10-30_02:00:00 999.00  24.14  18.28  25.22  20.15  23.12  24.45  25.29  24.37  25.83  23.34  23.15 999.00  27.66  28.75  24.63  25.81  26.20  18.69  25.42  10.30  26.06  24.49  26.17  26.44  26.63  28.14  28.70  25.03  27.26  27.95
 wrfout_d04_2016-10-30_03:00:00 999.00  24.19  18.45  26.08  20.63  23.64  25.12  25.59  24.34  26.57  23.24  23.09 999.00  28.88  30.15  24.66  26.46  26.49  19.19  26.55   9.90  26.05  25.61  26.20  28.76  28.73  27.32  29.06  25.68  26.23  28.18
 wrfout_d04_2016-10-30_04:00:00 999.00  24.29  18.44  26.46  20.83  23.50  24.96  26.03  24.23  26.86  22.83  22.98 999.00  29.37  31.20  24.81  26.06  26.70  17.76  28.53   9.64  25.98  26.67  26.27  30.03  29.55  26.90  29.45  25.77  26.53  28.64
 wrfout_d04_2016-10-30_05:00:00 999.00  24.38  18.20  26.12  20.67  23.83  24.69  26.40  24.16  26.69  22.82  22.61 999.00  29.43  31.68  24.64  25.72  26.87  18.89  29.44   9.65  26.23  27.23  26.10  30.55  29.73  27.52  29.60  25.14  27.05  28.75
 wrfout_d04_2016-10-30_06:00:00 999.00  24.41  17.97  25.91  20.45  23.63  24.55  26.35  24.39  26.41  22.31  22.40 999.00  29.38  31.89  25.08  25.15  26.91  18.45  29.88   9.83  26.10  27.43  25.90  30.78  30.06  28.01  29.56  25.38  27.42  28.58
 wrfout_d04_2016-10-30_07:00:00 999.00  24.30  18.13  25.49  20.12  23.68  24.23  25.89  24.73  26.05  21.90  22.43 999.00  28.77  31.66  24.86  25.71  26.38  17.69  29.95  10.04  25.66  27.44  25.47  30.58  30.04  27.85  29.26  25.32  26.85  28.06
 wrfout_d04_2016-10-30_08:00:00 999.00  24.31  17.73  24.57  19.45  23.78  24.19  25.08  24.52  25.12  21.91  22.82 999.00  28.02  30.54  24.80  24.71  25.86  16.63  29.71  10.06  25.71  27.60  24.68  29.64  29.25  26.65  29.08  24.67  26.05  27.35
 wrfout_d04_2016-10-30_09:00:00 999.00  24.08  17.28  22.24  18.62  23.69  24.03  23.93  23.95  24.07  21.60  22.44 999.00  26.54  28.99  24.80  22.63  25.54  14.26  28.11   8.48  25.89  27.69  24.13  28.40  28.11  26.15  28.77  23.49  25.20  26.71
 wrfout_d04_2016-10-30_10:00:00 999.00  24.06  17.13  21.57  18.57  23.64  23.67  23.72  23.46  23.88  21.58  22.57 999.00  25.30  27.16  24.78  21.65  25.45  13.71  26.74   6.32  26.07  27.71  24.09  27.56  27.44  25.71  28.66  22.91  25.05  26.30
 wrfout_d04_2016-10-30_11:00:00 999.00  24.38  17.53  21.33  18.72  23.55  23.49  23.63  23.24  23.79  21.45  22.50 999.00  24.63  25.88  24.56  21.15  25.47  12.79  26.01   5.73  26.02  27.68  24.04  27.07  27.07  25.48  28.57  22.91  25.09  25.95
 wrfout_d04_2016-10-30_12:00:00 999.00  24.26  17.63  21.23  18.78  23.59  23.30  23.56  23.03  23.62  21.40  22.23 999.00  24.47  25.21  24.52  20.62  25.42  12.59  25.52   5.39  26.08  27.62  24.09  26.58  26.88  25.33  28.60  22.50  25.05  25.75
 wrfout_d04_2016-10-30_13:00:00 999.00  24.39  17.67  21.15  18.89  23.68  23.34  23.57  22.97  23.52  21.53  22.24 999.00  24.35  24.92  24.09  20.07  25.33  12.15  24.95   5.09  26.00  27.33  23.92  25.91  25.84  25.16  28.60  22.34  24.94  25.31
 wrfout_d04_2016-10-30_14:00:00 999.00  24.50  17.70  21.00  18.92  23.83  23.45  23.64  22.87  23.56  21.87  22.35 999.00  24.15  24.82  24.54  19.75  25.30  11.75  24.52   4.77  25.94  26.92  23.80  25.19  25.17  24.89  28.60  21.86  24.85  25.10
 wrfout_d04_2016-10-30_15:00:00 999.00  24.48  17.38  20.89  18.81  23.78  23.14  23.67  22.91  23.54  21.97  22.43 999.00  23.87  24.91  24.44  19.46  25.21  11.36  23.95   4.45  25.90  26.38  23.51  24.73  24.83  24.64  28.25  21.81  24.85  25.01
 wrfout_d04_2016-10-30_16:00:00 999.00  24.48  17.45  20.72  18.69  23.83  22.88  23.55  22.83  23.44  21.91  22.57 999.00  23.72  24.86  22.74  19.20  25.09  10.95  23.27   4.19  25.78  26.07  23.67  24.38  24.31  25.00  27.37  21.70  24.89  24.85
 wrfout_d04_2016-10-30_17:00:00 999.00  24.32  17.55  20.60  18.81  23.81  22.72  23.38  22.77  23.29  21.85  22.62 999.00  23.39  24.62  22.26  18.97  25.10  10.54  23.21   3.99  25.70  25.90  23.49  23.93  23.92  25.23  26.92  21.65  24.85  25.00
 wrfout_d04_2016-10-30_18:00:00 999.00  24.30  17.50  20.46  18.81  23.75  22.50  23.37  22.33  23.17  21.84  22.56 999.00  23.25  24.26  22.92  18.75  25.15  10.14  23.18   3.75  25.70  25.88  23.57  23.51  23.55  25.31  26.53  21.56  24.85  24.91
 wrfout_d04_2016-10-30_19:00:00 999.00  24.28  17.51  20.36  18.84  23.76  21.20  23.39  22.36  23.02  22.14  22.66 999.00  22.64  23.89  23.21  18.61  25.15   9.99  23.19   3.57  25.82  25.94  23.37  23.11  23.19  25.28  26.29  21.50  24.85  24.70
 wrfout_d04_2016-10-30_20:00:00 999.00  24.28  17.40  20.26  18.90  23.72  21.09  23.41  22.28  22.82  20.98  22.74 999.00  22.71  23.57  23.27  18.52  25.11   9.80  22.57   3.39  25.82  25.94  23.00  22.71  22.82  25.11  26.01  21.60  24.86  24.58
 wrfout_d04_2016-10-30_21:00:00 999.00  24.44  17.56  20.07  18.80  23.41  22.22  23.40  22.17  22.73  22.07  22.68 999.00  22.06  23.14  23.85  18.39  25.08   9.66  22.20   3.28  25.84  25.49  22.95  22.26  22.42  23.59  25.86  21.57  24.84  24.52
 wrfout_d04_2016-10-30_22:00:00 999.00  24.54  17.54  19.99  18.86  23.66  21.10  23.41  21.83  22.61  22.21  22.69 999.00  22.39  22.68  23.63  18.18  25.02   9.63  21.99   3.20  25.72  24.51  22.84  21.86  21.99  23.18  25.87  21.53  24.83  24.61
 wrfout_d04_2016-10-30_23:00:00 999.00  24.47  18.10  23.83  19.56  23.89  24.14  24.07  23.84  23.56  22.76  23.27 999.00  23.35  23.32  24.36  21.58  25.33  14.52  22.40   8.07  25.76  25.48  24.38  23.44  23.81  25.44  26.41  23.34  25.69  25.53
