 wrfout_d04_2016-11-30_00:00:00 999.00  23.47  17.18  21.70  18.16  21.79  21.80  21.99  21.51  21.63  21.92  21.72 999.00  22.96  21.69  23.68  18.24  21.72  12.66  20.11   7.15  23.15  23.13  22.97  21.98  22.35  23.71  23.69  22.70  22.53  23.11
 wrfout_d04_2016-11-30_01:00:00 999.00  23.49  16.97  21.68  18.78  22.43  23.63  23.37  23.79  23.50  22.45  22.53 999.00  22.83  22.46  24.98  21.44  22.05  15.52  20.99   8.23  23.02  23.47  23.15  22.14  22.45  24.36  24.29  21.69  22.60  23.35
 wrfout_d04_2016-11-30_02:00:00 999.00  22.92  18.53  24.57  20.06  22.39  23.88  23.09  25.34  23.69  23.27  23.52 999.00  24.08  23.59  25.79  23.30  22.36  15.39  21.82   8.73  22.85  23.52  24.28  22.54  22.76  24.70  24.91  21.37  22.68  23.41
 wrfout_d04_2016-11-30_03:00:00 999.00  22.84  18.34  23.75  20.81  22.50  25.26  23.35  25.84  24.30  23.97  24.24 999.00  24.75  25.31  26.02  23.11  22.01  15.27  22.75   8.61  22.97  23.73  23.73  23.88  24.78  24.69  25.38  21.54  22.69  23.48
 wrfout_d04_2016-11-30_04:00:00 999.00  22.79  18.40  24.42  19.37  22.55  25.16  23.57  25.76  24.72  25.10  24.43 999.00  23.94  25.77  25.34  22.44  22.30  14.79  23.00   7.72  22.78  23.83  23.66  25.45  25.38  24.59  25.92  21.31  22.47  23.38
 wrfout_d04_2016-11-30_05:00:00 999.00  22.69  18.56  25.91  20.21  23.46  25.47  23.54  26.42  24.93  25.37  24.21 999.00  23.64  24.96  25.03  21.41  22.61  15.07  24.92   8.80  22.87  23.82  23.04  25.69  25.61  24.39  26.00  21.74  22.78  24.62
 wrfout_d04_2016-11-30_06:00:00 999.00  22.54  18.63  25.21  20.50  22.61  24.66  23.42  25.87  24.27  24.31  23.73 999.00  23.85  24.26  25.17  21.82  22.75  14.19  24.82   7.60  22.45  23.93  23.33  25.53  25.36  24.63  26.56  23.00  22.53  24.51
 wrfout_d04_2016-11-30_07:00:00 999.00  22.44  17.65  24.39  19.39  22.54  24.36  21.94  24.28  24.01  24.12  24.01 999.00  23.03  24.50  25.07  20.87  22.85  13.30  24.74   8.35  22.43  23.91  23.10  25.24  25.12  24.50  26.64  21.96  22.48  24.56
 wrfout_d04_2016-11-30_08:00:00 999.00  22.56  17.16  22.50  18.65  22.67  23.95  22.20  23.71  22.62  23.48  23.99 999.00  22.51  23.64  25.01  20.07  22.30  13.58  24.26   7.53  22.96  23.64  22.61  25.29  25.41  24.37  26.58  21.82  22.56  24.35
 wrfout_d04_2016-11-30_09:00:00 999.00  22.73  16.84  20.55  18.21  22.21  23.20  22.28  23.12  22.36  23.01  23.08 999.00  22.16  22.37  24.92  18.71  21.69  10.13  22.35   6.31  22.84  23.57  22.79  24.18  24.25  24.33  26.72  21.50  22.35  24.26
 wrfout_d04_2016-11-30_10:00:00 999.00  22.84  16.64  20.77  17.70  21.80  23.01  21.92  22.74  22.12  22.83  23.06 999.00  21.97  22.06  24.53  16.90  21.94  11.86  21.59   6.37  22.51  23.26  22.84  23.16  23.43  24.43  26.55  21.42  21.91  24.24
 wrfout_d04_2016-11-30_11:00:00 999.00  22.60  16.64  20.23  17.90  21.82  22.79  22.00  22.18  21.71  22.64  22.61 999.00  22.01  21.58  24.25  18.16  21.73   9.24  21.05   5.93  22.90  23.20  22.47  22.35  22.51  24.48  26.02  21.33  21.62  24.17
 wrfout_d04_2016-11-30_12:00:00 999.00  22.80  16.53  21.29  17.57  21.80  22.91  21.76  22.50  21.72  22.46  22.31 999.00  21.98  21.39  24.04  16.17  21.91   9.13  20.84   5.91  22.97  22.91  22.35  22.25  22.24  24.38  24.83  21.43  22.68  24.23
 wrfout_d04_2016-11-30_13:00:00 999.00  22.81  16.45  19.78  17.51  21.65  22.64  21.74  22.48  21.79  22.42  22.14 999.00  21.93  21.13  24.16  17.13  22.01  11.53  20.62   5.29  23.08  22.69  22.28  21.71  21.87  23.78  24.19  21.16  22.60  24.26
 wrfout_d04_2016-11-30_14:00:00 999.00  23.05  16.45  20.81  17.44  21.54  22.36  21.84  22.14  21.78  22.21  21.67 999.00  22.11  21.32  24.04  17.12  21.67  11.78  20.31   4.70  22.95  22.92  22.35  21.57  21.62  23.68  23.53  21.07  22.62  23.86
 wrfout_d04_2016-11-30_15:00:00 999.00  22.80  16.43  20.37  17.60  21.62  22.14  21.82  21.87  21.68  22.17  22.05 999.00  22.02  21.35  23.65  15.63  21.82  11.81  19.83   3.53  22.88  23.03  21.95  21.42  21.53  23.69  22.85  20.57  22.38  23.77
 wrfout_d04_2016-11-30_16:00:00 999.00  22.64  16.48  20.28  17.71  21.70  22.28  21.84  22.02  21.51  21.93  21.97 999.00  21.80  21.19  23.84  15.50  21.69   9.19  19.70   6.35  23.06  22.89  22.49  21.26  21.35  23.73  22.32  21.25  22.57  23.13
 wrfout_d04_2016-11-30_17:00:00 999.00  22.39  16.56  21.04  17.62  21.65  22.18  21.76  21.94  21.33  21.94  22.16 999.00  21.92  20.97  23.80  15.36  21.73  11.50  19.73   3.60  22.91  22.89  21.11  21.14  21.26  23.70  22.32  21.26  22.58  23.28
 wrfout_d04_2016-11-30_18:00:00 999.00  22.21  16.63  20.71  17.48  21.47  20.89  21.70  21.85  21.73  20.82  21.56 999.00  21.89  20.71  22.20  16.33  21.74   8.95  19.56   5.53  22.95  22.99  21.97  21.26  21.33  23.51  22.34  21.24  22.45  23.20
 wrfout_d04_2016-11-30_19:00:00 999.00  22.34  16.63  21.09  17.54  21.50  21.94  21.57  21.71  21.68  21.58  22.24 999.00  22.04  20.68  21.90  15.25  21.70  10.76  19.44   5.31  22.89  22.89  21.96  21.22  21.24  22.89  22.33  21.18  22.81  23.17
 wrfout_d04_2016-11-30_20:00:00 999.00  22.13  16.46  20.67  17.59  21.27  21.54  21.51  21.90  21.27  21.58  21.79 999.00  21.91  20.88  23.13  15.87  21.69  11.50  19.35   6.23  23.02  22.67  22.04  21.02  20.92  22.94  21.85  20.99  22.81  23.02
 wrfout_d04_2016-11-30_21:00:00 999.00  21.96  16.39  20.77  17.14  21.11  21.59  21.38  20.55  21.30  21.47  21.86 999.00  21.78  20.23  21.80  16.08  21.78  10.93  19.35   5.29  22.80  22.80  22.24  21.09  21.27  23.04  21.57  21.22  22.83  22.62
 wrfout_d04_2016-11-30_22:00:00 999.00  21.75  16.37  20.75  16.95  21.03  21.55  21.06  21.43  21.13  21.62  21.85 999.00  21.83  20.05  22.72  16.41  21.61   9.70  19.35   5.95  22.81  22.79  22.06  21.17  21.21  23.32  21.77  21.17  22.97  22.88
 wrfout_d04_2016-11-30_23:00:00 999.00  21.34  16.19  20.61  17.32  20.94  21.76  21.07  21.44  21.15  21.94  21.75 999.00  21.71  20.91  23.79  18.08  21.54  11.96  19.61   6.60  22.72  22.86  22.59  21.41  21.44  24.19  22.38  21.38  23.63  23.57
