 wrfout_d04_2016-11-17_00:00:00 999.00  24.14  18.97  24.80  20.43  24.41  24.56  23.93  24.60  22.57  23.72  23.61 999.00  23.88  24.14  25.32  21.02  24.74  16.35  23.11   9.73  24.97  24.18  24.79  24.01  24.68  25.34  26.90  24.48  25.52  25.92
 wrfout_d04_2016-11-17_01:00:00 999.00  24.60  20.35  26.56  22.04  25.89  26.43  25.76  26.66  25.48  24.52  25.49 999.00  24.70  25.24  25.31  22.87  25.11  16.42  24.00  11.21  24.75  24.08  25.10  24.57  24.90  25.92  27.28  25.54  25.32  26.44
 wrfout_d04_2016-11-17_02:00:00 999.00  24.70  21.21  27.55  22.94  26.80  27.77  27.10  28.29  27.48  25.03  26.09 999.00  26.18  27.10  25.66  26.17  25.59  18.02  25.70  11.92  24.80  24.84  25.71  26.81  26.99  26.30  28.63  25.99  26.02  27.40
 wrfout_d04_2016-11-17_03:00:00 999.00  24.89  21.86  28.45  23.75  27.29  28.67  27.43  29.28  29.00  25.80  26.53 999.00  27.02  28.92  25.92  27.20  25.98  18.56  27.19  12.38  24.85  25.14  25.91  27.99  28.26  26.95  29.21  26.25  26.52  28.13
 wrfout_d04_2016-11-17_04:00:00 999.00  25.00  22.07  28.92  24.05  27.65  29.13  27.42  29.81  29.98  25.58  26.74 999.00  27.43  30.19  26.08  26.14  26.23  18.61  28.39  12.42  24.88  25.48  26.00  29.17  29.27  27.21  29.43  26.55  26.78  28.45
 wrfout_d04_2016-11-17_05:00:00 999.00  25.11  22.20  28.98  24.14  27.59  29.30  27.31  30.03  30.57  25.79  26.67 999.00  27.78  31.15  26.44  26.11  26.25  18.46  29.03  12.15  24.93  25.72  26.02  29.50  29.47  27.85  29.50  26.66  26.59  28.43
 wrfout_d04_2016-11-17_06:00:00 999.00  24.97  21.74  28.48  23.58  27.14  28.96  27.05  29.73  30.64  25.73  26.28 999.00  27.86  31.50  26.46  25.78  26.17  17.90  29.54  11.62  24.98  25.92  25.92  29.57  29.48  27.84  29.38  26.34  25.93  28.18
 wrfout_d04_2016-11-17_07:00:00 999.00  25.14  21.00  27.49  22.61  26.37  28.15  26.72  28.85  30.07  25.38  25.73 999.00  27.44  31.14  26.26  25.05  25.90  16.95  29.51  10.59  25.03  26.00  25.63  29.28  29.03  27.48  28.98  25.75  26.16  27.75
 wrfout_d04_2016-11-17_08:00:00 999.00  25.30  19.65  25.82  21.09  25.31  26.79  26.23  27.49  29.01  25.05  25.12 999.00  26.57  29.91  25.93  23.86  25.48  15.51  28.75   9.73  25.10  26.08  24.98  28.31  28.44  26.94  28.61  25.00  25.43  26.97
 wrfout_d04_2016-11-17_09:00:00 999.00  25.34  18.04  23.91  19.36  23.99  24.84  25.23  25.47  27.76  24.82  24.27 999.00  25.45  28.09  25.81  19.52  24.89  11.62  26.75   7.93  25.21  26.16  23.68  27.10  27.16  26.19  28.16  23.40  24.21  26.02
 wrfout_d04_2016-11-17_10:00:00 999.00  25.29  17.86  23.55  19.07  23.48  24.02  24.46  24.52  26.58  24.57  24.00 999.00  24.92  26.41  25.80  18.78  24.64  11.21  25.41   4.95  25.31  26.16  23.29  25.95  26.29  25.82  28.02  22.60  24.00  25.59
 wrfout_d04_2016-11-17_11:00:00 999.00  25.29  17.76  23.48  19.00  23.22  23.67  23.51  23.98  25.23  24.45  23.79 999.00  24.55  25.85  25.64  18.40  24.58  11.11  24.40   4.73  25.34  25.81  23.01  25.60  25.80  25.32  27.91  22.21  23.92  25.35
 wrfout_d04_2016-11-17_12:00:00 999.00  25.32  17.75  23.45  19.01  22.91  23.50  22.24  23.57  24.33  24.29  23.59 999.00  24.16  25.42  25.35  18.06  24.50  10.96  24.15   4.48  25.45  25.79  22.79  25.22  25.46  24.92  27.83  21.91  23.93  25.10
 wrfout_d04_2016-11-17_13:00:00 999.00  25.46  17.77  23.37  19.01  22.69  23.29  21.71  23.06  23.64  24.14  23.45 999.00  23.96  25.52  25.12  17.86  24.44  10.78  23.83   4.29  25.51  25.39  22.47  24.79  25.14  24.63  27.67  21.65  24.27  24.90
 wrfout_d04_2016-11-17_14:00:00 999.00  25.51  17.86  23.31  19.05  22.39  23.07  21.30  22.36  23.22  23.94  23.11 999.00  23.81  25.24  24.84  17.67  24.30  10.62  23.66   4.04  25.58  25.24  22.16  24.39  24.73  24.42  27.44  21.46  24.37  24.71
 wrfout_d04_2016-11-17_15:00:00 999.00  25.47  17.89  23.21  19.06  21.93  22.63  20.98  21.88  22.35  23.66  22.53 999.00  23.83  24.65  24.64  17.45  24.03  10.42  23.30   3.80  25.54  25.07  21.75  24.00  24.31  24.12  27.16  21.29  24.04  24.44
 wrfout_d04_2016-11-17_16:00:00 999.00  25.35  18.03  23.18  19.08  21.51  21.77  20.65  21.48  21.58  23.38  22.16 999.00  23.70  24.10  24.38  17.23  23.74  10.25  22.97   3.64  25.35  24.73  21.56  23.59  23.94  23.43  26.91  21.14  24.05  24.23
 wrfout_d04_2016-11-17_17:00:00 999.00  25.24  18.07  23.13  19.09  21.49  21.65  20.30  21.19  21.11  21.80  22.05 999.00  23.51  23.73  24.00  17.01  23.58  10.08  22.87   3.54  25.34  24.40  21.39  23.30  23.74  23.22  26.75  21.02  24.07  24.27
 wrfout_d04_2016-11-17_18:00:00 999.00  25.29  18.03  23.09  19.00  21.23  21.48  19.89  20.77  20.46  21.42  21.71 999.00  22.90  22.96  23.05  16.84  22.67   9.91  22.68   3.45  25.34  24.15  21.29  23.00  23.42  22.79  26.50  20.94  24.10  24.12
 wrfout_d04_2016-11-17_19:00:00 999.00  25.17  17.97  23.02  18.89  21.14  21.37  19.40  20.63  19.97  21.25  21.56 999.00  22.59  22.53  22.58  16.70  22.53   9.75  22.54   3.37  25.28  24.07  21.22  22.86  23.09  22.56  26.43  20.93  24.20  24.00
 wrfout_d04_2016-11-17_20:00:00 999.00  25.37  17.99  22.99  18.79  20.99  21.19  19.20  20.22  19.48  21.10  21.42 999.00  22.01  21.84  22.00  16.56  24.06   9.62  22.06   3.35  25.16  23.89  21.13  22.25  22.47  22.19  26.28  20.87  24.34  23.81
 wrfout_d04_2016-11-17_21:00:00 999.00  25.43  17.96  23.00  18.67  20.98  21.09  19.19  20.02  19.25  21.05  21.29 999.00  21.71  21.43  21.65  16.44  24.17   9.54  21.76   3.41  25.16  23.26  21.04  21.90  22.12  22.03  26.13  20.81  24.39  23.91
 wrfout_d04_2016-11-17_22:00:00 999.00  25.55  17.95  23.02  18.57  21.11  21.11  19.21  19.90  19.15  21.09  21.15 999.00  21.77  21.37  21.48  16.31  24.15   9.49  21.73   3.53  25.27  23.12  20.99  21.89  22.11  22.20  26.01  20.84  24.37  24.10
 wrfout_d04_2016-11-17_23:00:00 999.00  25.55  19.34  23.90  20.36  24.17  24.03  21.49  23.00  21.44  23.49  23.57 999.00  22.88  22.41  23.60  19.99  24.40  13.92  22.15   8.24  25.30  23.21  23.69  22.33  22.68  24.40  26.33  23.07  24.59  24.73
