 wrfout_d04_2016-04-27_00:00:00 999.00  24.03  21.59  25.84  22.65  27.00  28.27  25.01  28.36  27.80  27.58  28.33 999.00  28.49  28.15  28.05  25.30  27.75  16.92  26.83  10.44  26.77  27.32  27.82  29.07  28.98  28.77  28.97  29.65  27.87  27.67
 wrfout_d04_2016-04-27_01:00:00 999.00  24.39  22.50  27.03  23.83  28.29  29.80  25.80  29.82  28.54  28.00  29.19 999.00  29.67  30.08  28.52  25.72  27.63  17.77  28.21  11.42  26.27  27.18  28.72  29.68  29.44  29.84  29.05  29.34  27.79  28.35
 wrfout_d04_2016-04-27_02:00:00 999.00  24.54  22.91  27.32  24.33  30.20  30.69  25.55  30.66  28.75  27.62  29.26 999.00  29.84  31.89  29.33  28.01  28.06  18.92  30.10  11.99  26.21  27.21  29.32  31.43  30.54  31.31  29.86  30.54  28.29  28.99
 wrfout_d04_2016-04-27_03:00:00 999.00  24.50  23.24  27.34  24.67  29.66  31.07  25.46  30.97  28.43  27.56  27.09 999.00  29.80  33.19  29.28  28.56  28.21  19.50  31.38  12.35  26.15  27.08  29.68  32.05  31.08  32.84  30.15  31.29  28.66  29.49
 wrfout_d04_2016-04-27_04:00:00 999.00  24.49  23.14  26.80  24.47  30.99  30.76  25.64  30.90  28.14  29.33  27.48 999.00  29.69  33.33  29.40  29.19  28.18  19.87  31.81  12.46  26.05  26.94  30.04  32.15  31.06  34.40  30.29  31.76  28.82  29.71
 wrfout_d04_2016-04-27_05:00:00 999.00  24.47  22.70  26.97  24.05  30.52  30.32  25.56  30.44  28.46  29.09  27.38 999.00  29.34  32.53  30.39  28.99  28.10  19.00  31.63  12.29  25.96  26.80  30.08  31.96  30.81  35.90  30.29  31.87  28.70  29.76
 wrfout_d04_2016-04-27_06:00:00 999.00  24.30  21.68  25.89  23.10  29.93  29.62  24.82  29.74  28.09  28.19  26.31 999.00  28.90  31.59  30.45  26.88  27.97  17.52  30.65  11.56  25.90  26.78  30.43  31.42  30.37  35.77  30.14  31.41  28.30  29.59
 wrfout_d04_2016-04-27_07:00:00 999.00  24.08  21.27  25.17  22.47  29.11  28.83  24.32  28.91  27.45  28.27  26.23 999.00  28.55  30.85  30.10  26.44  27.72  16.38  29.72  10.45  25.88  26.71  30.71  30.93  29.92  34.82  29.76  30.63  27.85  29.16
 wrfout_d04_2016-04-27_08:00:00 999.00  24.02  20.33  25.29  21.98  28.13  28.17  23.79  28.21  26.71  27.57  25.26 999.00  28.17  30.07  29.61  26.55  27.35  17.20  28.98   9.76  25.92  26.55  30.41  30.14  29.27  33.30  29.39  29.54  27.23  28.57
 wrfout_d04_2016-04-27_09:00:00 999.00  24.01  20.26  24.90  21.46  27.22  27.40  23.79  27.36  25.89  27.12  25.20 999.00  27.49  28.99  29.48  25.22  26.82  16.20  27.94   9.22  25.94  26.50  29.09  29.25  28.42  32.15  28.85  28.00  26.41  27.94
 wrfout_d04_2016-04-27_10:00:00 999.00  23.78  19.59  24.09  20.55  26.15  26.80  23.44  26.45  24.98  26.69  25.23 999.00  26.88  28.11  28.78  23.24  26.14  14.75  26.48   8.71  25.91  26.48  27.81  27.99  27.44  30.53  28.16  26.13  25.46  27.27
 wrfout_d04_2016-04-27_11:00:00 999.00  23.58  19.26  23.20  20.15  25.52  26.15  23.11  25.90  24.22  26.27  25.53 999.00  26.57  27.08  27.27  21.72  25.74  14.08  25.58   8.31  25.83  26.52  27.52  27.14  26.91  29.70  27.73  25.44  25.18  27.09
 wrfout_d04_2016-04-27_12:00:00 999.00  23.24  19.37  23.50  20.04  25.16  25.44  22.94  25.09  24.42  25.77  25.69 999.00  26.49  26.65  27.01  20.81  25.59  13.83  25.23   7.98  25.81  26.52  27.33  26.82  26.66  29.12  27.61  25.35  25.14  26.85
 wrfout_d04_2016-04-27_13:00:00 999.00  23.00  19.26  23.13  19.90  24.80  24.89  23.37  24.76  24.19  25.47  25.41 999.00  26.36  26.34  27.20  20.18  25.45  13.55  25.01   7.55  25.81  26.52  26.89  26.64  26.57  28.24  27.47  25.24  25.10  26.67
 wrfout_d04_2016-04-27_14:00:00 999.00  23.19  19.36  23.14  20.15  24.59  24.62  23.23  25.04  23.97  25.43  25.75 999.00  26.22  26.11  26.75  19.66  25.28  13.24  24.76   7.09  25.77  26.52  26.47  26.52  26.42  27.94  27.30  25.12  25.07  26.56
 wrfout_d04_2016-04-27_15:00:00 999.00  23.29  18.95  23.07  20.02  24.08  24.36  22.62  24.85  22.97  24.99  25.81 999.00  26.06  25.76  26.55  20.08  25.13  12.79  24.50   6.88  25.67  26.43  26.37  26.38  26.29  27.65  27.09  24.94  25.00  26.35
 wrfout_d04_2016-04-27_16:00:00 999.00  23.16  18.57  22.83  19.95  23.41  23.83  22.48  24.36  23.62  24.42  24.39 999.00  26.07  25.40  26.71  20.40  24.88  12.22  24.21   6.67  25.57  26.37  25.97  26.25  26.30  27.32  26.98  23.70  24.94  26.21
 wrfout_d04_2016-04-27_17:00:00 999.00  22.97  18.46  22.62  19.45  23.36  23.64  22.69  23.81  23.07  23.90  23.92 999.00  25.84  25.15  26.54  20.27  24.46  11.61  24.09   6.49  25.42  26.39  25.51  26.07  26.14  27.09  26.92  23.02  24.91  26.00
 wrfout_d04_2016-04-27_18:00:00 999.00  23.06  18.56  22.55  19.31  22.98  23.54  22.72  23.65  22.51  23.50  23.37 999.00  25.42  24.75  26.10  19.80  24.26  11.26  23.67   6.30  25.41  26.24  25.17  25.72  26.09  26.83  26.91  22.91  24.74  25.46
 wrfout_d04_2016-04-27_19:00:00 999.00  23.15  18.65  22.01  19.67  23.21  23.38  22.51  23.73  22.82  23.28  23.59 999.00  24.77  24.46  25.78  18.41  24.31  11.13  23.47   6.16  25.37  26.06  24.78  24.95  25.55  26.57  26.85  22.72  24.52  25.38
 wrfout_d04_2016-04-27_20:00:00 999.00  22.92  18.40  22.40  19.43  23.32  23.52  22.72  23.62  22.38  23.16  23.25 999.00  24.24  23.42  25.38  18.16  24.22  11.30  23.45   6.16  25.22  25.76  24.49  24.66  25.12  26.25  26.42  22.47  23.70  25.35
 wrfout_d04_2016-04-27_21:00:00 999.00  22.52  18.30  22.38  19.58  23.27  23.46  22.67  23.43  22.48  22.54  23.41 999.00  23.64  23.80  25.61  18.00  24.00  11.43  23.37   6.11  25.05  25.11  23.94  24.45  25.05  25.95  26.32  22.23  23.34  25.35
 wrfout_d04_2016-04-27_22:00:00 999.00  22.19  18.41  22.54  19.75  23.37  23.38  22.96  23.26  22.52  23.43  23.33 999.00  23.36  23.64  25.79  19.81  24.50  12.78  23.38   6.76  25.02  24.92  25.28  24.51  24.95  26.13  26.52  23.69  24.48  25.46
 wrfout_d04_2016-04-27_23:00:00 999.00  21.96  18.46  23.27  20.47  23.18  23.43  22.99  24.19  22.97  25.08  24.90 999.00  24.09  24.12  26.75  21.83  25.26  14.87  24.42   8.25  25.07  25.30  26.79  26.14  26.39  27.66  27.52  26.32  26.89  26.45
