 wrfout_d04_2016-09-05_00:00:00 999.00  28.58  23.45  30.43  25.12  28.34  30.50  29.90  29.72  29.79  29.13  29.65 999.00  30.21  29.74  30.65  26.39  29.43  17.26  28.24  12.94  28.33  28.01  28.68  28.98  29.06  29.87  29.85  27.46  26.47  28.13
 wrfout_d04_2016-09-05_01:00:00 999.00  28.60  25.21  31.46  26.92  29.85  30.49  30.52  30.46  31.09  29.54  29.08 999.00  31.58  31.14  31.41  28.36  30.07  18.51  29.40  13.66  28.32  28.83  29.48  30.85  30.69  30.77  30.09  26.91  25.45  26.29
 wrfout_d04_2016-09-05_02:00:00 999.00  28.59  26.12  30.93  27.63  30.32  31.89  30.35  32.24  32.12  30.95  30.34 999.00  32.31  32.46  31.88  25.98  30.76  18.87  30.44  13.69  28.45  28.77  30.13  32.39  31.64  31.51  31.01  27.80  25.16  26.95
 wrfout_d04_2016-09-05_03:00:00 999.00  28.61  26.50  33.09  28.00  30.49  32.85  28.97  31.91  31.51  31.40  30.91 999.00  31.77  33.60  32.09  28.05  31.19  19.47  30.70  12.41  28.59  28.85  30.37  31.77  31.87  31.90  31.16  29.08  25.34  27.65
 wrfout_d04_2016-09-05_04:00:00 999.00  28.61  26.45  33.29  27.92  30.54  33.17  28.81  32.77  30.94  31.55  30.91 999.00  31.60  33.91  32.13  27.86  31.76  19.75  32.36  12.18  28.60  28.85  30.67  32.32  32.15  32.25  31.60  28.51  25.33  28.10
 wrfout_d04_2016-09-05_05:00:00 999.00  28.64  26.38  32.85  27.80  30.51  33.05  28.24  32.95  28.71  31.49  30.64 999.00  31.40  33.68  32.07  25.32  31.39  20.21  32.56  12.41  28.62  28.84  30.47  32.70  31.73  31.91  31.36  29.04  25.54  28.72
 wrfout_d04_2016-09-05_06:00:00 999.00  28.61  25.88  32.63  27.30  30.33  32.12  29.75  31.73  29.54  31.20  30.36 999.00  30.70  32.52  31.87  23.95  31.08  20.76  31.54  14.18  28.65  28.92  29.81  32.65  31.82  31.53  31.21  28.37  25.78  29.18
 wrfout_d04_2016-09-05_07:00:00 999.00  28.62  25.02  32.04  26.38  30.03  31.72  29.92  31.55  31.17  30.29  29.79 999.00  31.01  32.65  31.50  25.22  30.74  18.64  28.10  12.33  28.69  29.18  29.19  31.26  31.24  31.07  30.78  29.38  26.02  29.81
 wrfout_d04_2016-09-05_08:00:00 999.00  28.61  24.46  31.43  25.75  29.42  30.96  29.51  31.18  31.93  29.80  29.34 999.00  30.94  32.69  30.75  25.70  30.70  17.58  27.05  12.40  28.65  29.11  28.80  30.07  29.94  30.47  30.24  28.37  26.04  29.35
 wrfout_d04_2016-09-05_09:00:00 999.00  28.62  23.53  30.11  24.84  28.97  30.09  28.67  30.24  31.43  29.28  28.83 999.00  30.31  31.84  29.98  24.34  30.05  17.01  27.41  12.02  28.62  29.06  28.01  29.42  29.29  30.27  30.23  26.90  26.11  28.98
 wrfout_d04_2016-09-05_10:00:00 999.00  28.62  22.39  27.64  23.77  28.30  28.98  28.10  29.11  29.92  28.58  28.25 999.00  29.15  30.68  29.10  23.20  29.60  16.39  27.41  11.64  28.72  28.73  27.43  28.08  28.67  29.10  30.12  26.43  26.01  28.42
 wrfout_d04_2016-09-05_11:00:00 999.00  28.59  22.37  27.20  23.71  28.01  28.39  27.83  28.48  28.88  27.84  27.91 999.00  28.91  30.01  28.80  22.35  29.23  15.93  26.94  11.41  28.73  28.61  27.46  27.40  27.84  27.87  30.01  25.70  26.01  27.85
 wrfout_d04_2016-09-05_12:00:00 999.00  28.59  22.34  26.91  23.69  27.87  28.13  27.65  28.09  28.46  27.66  27.69 999.00  28.90  27.73  28.65  21.99  26.97  16.01  26.02   9.57  28.74  27.78  26.73  27.35  27.53  26.07  29.84  25.82  25.88  28.24
 wrfout_d04_2016-09-05_13:00:00 999.00  28.54  22.30  26.64  23.66  27.73  27.96  27.48  27.89  28.06  27.51  27.43 999.00  29.06  26.57  28.54  21.82  27.75  16.19  26.65   9.86  28.73  27.14  26.14  27.10  27.10  26.21  27.91  25.40  26.14  27.71
 wrfout_d04_2016-09-05_14:00:00 999.00  28.50  22.15  26.39  23.43  27.61  27.87  27.18  27.69  27.61  27.28  27.38 999.00  28.10  26.56  28.43  21.79  28.44  14.68  26.77   8.83  28.82  27.40  26.10  27.30  27.09  26.77  27.78  24.99  25.93  27.73
 wrfout_d04_2016-09-05_15:00:00 999.00  28.46  22.14  26.16  23.36  27.70  27.65  27.13  27.47  27.15  27.08  27.39 999.00  28.00  27.27  28.24  21.46  28.39  15.57  26.44   8.93  28.79  27.74  26.11  26.86  26.68  26.88  28.33  25.02  25.75  27.21
 wrfout_d04_2016-09-05_16:00:00 999.00  28.43  22.16  25.95  23.42  27.53  27.44  26.99  27.29  27.08  26.92  27.11 999.00  27.33  27.25  28.26  21.49  28.16  15.40  25.33   8.18  28.34  27.57  25.97  26.55  26.64  27.18  28.10  24.86  25.83  26.84
 wrfout_d04_2016-09-05_17:00:00 999.00  28.37  22.11  25.73  23.06  27.17  27.25  26.45  27.18  26.57  27.15  26.98 999.00  27.20  27.01  28.04  21.29  28.15  15.34  25.64   7.93  27.81  27.22  26.05  26.57  26.60  27.25  28.55  25.04  25.68  27.01
 wrfout_d04_2016-09-05_18:00:00 999.00  28.31  22.13  25.56  22.11  27.20  27.42  25.97  27.00  26.10  26.54  26.98 999.00  27.33  26.97  27.71  20.84  27.76  15.06  25.84   9.71  28.23  26.81  25.75  26.30  26.34  27.42  27.34  24.66  25.43  27.16
 wrfout_d04_2016-09-05_19:00:00 999.00  28.32  22.24  25.38  22.23  26.82  27.08  26.10  26.75  25.94  26.75  26.76 999.00  27.47  26.93  27.56  20.96  27.82  13.82  25.31   8.55  28.34  26.59  25.51  26.33  26.35  27.34  27.94  24.83  25.24  26.66
 wrfout_d04_2016-09-05_20:00:00 999.00  28.38  22.59  25.11  23.09  26.46  26.69  25.74  26.38  25.90  26.40  26.65 999.00  27.38  26.96  27.66  20.80  28.04  14.30  25.69   7.76  27.59  26.75  25.51  26.58  25.75  27.33  28.09  24.29  25.36  26.64
 wrfout_d04_2016-09-05_21:00:00 999.00  28.32  22.42  24.94  23.18  26.16  26.36  25.76  26.09  26.10  26.01  26.41 999.00  27.25  26.90  27.64  20.64  27.53  14.99  25.76   7.62  27.14  27.38  25.34  26.12  26.33  27.38  28.21  24.25  25.37  26.81
 wrfout_d04_2016-09-05_22:00:00 999.00  28.38  22.34  26.11  22.95  26.46  26.63  26.67  26.68  25.93  26.37  27.12 999.00  27.43  26.93  27.66  20.90  25.61  13.94  25.59   8.29  27.33  26.62  25.72  27.05  27.14  27.40  28.32  24.70  25.35  27.01
 wrfout_d04_2016-09-05_23:00:00 999.00  28.32  23.68  27.77  24.42  27.73  27.69  27.95  27.65  27.50  27.95  28.21 999.00  28.37  27.88  28.36  22.67  26.96  16.21  24.96  10.68  27.31  26.87  27.28  26.35  27.20  27.91  28.54  25.40  25.54  27.17
