 wrfout_d04_2016-08-11_00:00:00 999.00  29.59  24.88  31.15  26.41  29.53  30.66  29.51  29.91  27.72  28.83  28.58 999.00  26.68  25.99  28.47  23.07  27.89  16.74  26.59  11.45  28.37  27.66  28.20  27.48  27.63  28.84  30.13  29.22  28.96  29.71
 wrfout_d04_2016-08-11_01:00:00 999.00  29.40  25.01  29.26  26.57  29.92  28.12  30.01  27.98  29.10  29.22  29.07 999.00  26.97  26.37  28.57  23.26  28.03  17.14  27.03  12.09  28.51  28.49  29.08  28.24  28.60  29.58  30.50  30.10  29.63  30.84
 wrfout_d04_2016-08-11_02:00:00 999.00  29.14  25.54  30.87  26.89  31.90  29.23  28.77  28.77  29.54  29.38  28.87 999.00  27.57  26.88  29.67  24.06  28.73  19.03  27.87  13.69  28.54  28.98  29.62  29.98  29.82  30.83  31.22  30.76  30.18  31.66
 wrfout_d04_2016-08-11_03:00:00 999.00  28.97  28.48  33.72  30.19  33.03  31.37  28.58  31.73  30.44  28.85  28.47 999.00  27.94  27.09  30.51  25.59  28.55  20.55  29.11  14.67  28.51  29.09  30.18  31.17  30.78  31.67  31.89  31.23  30.56  32.14
 wrfout_d04_2016-08-11_04:00:00 999.00  29.15  24.81  31.73  25.86  28.71  31.04  29.42  31.63  30.93  28.83  29.02 999.00  28.96  29.65  31.00  26.66  28.16  20.59  29.83  14.49  28.57  29.12  30.16  32.12  31.60  31.89  32.11  31.06  30.02  32.54
 wrfout_d04_2016-08-11_05:00:00 999.00  27.90  25.93  29.03  27.26  29.08  30.15  29.45  30.92  31.44  29.37  30.34 999.00  31.06  31.40  31.26  28.43  27.41  21.71  30.58  15.25  28.68  29.16  30.09  32.88  32.03  32.23  32.21  31.03  28.62  32.71
 wrfout_d04_2016-08-11_06:00:00 999.00  28.52  25.56  29.83  26.59  30.45  31.24  27.97  29.85  29.83  30.73  31.24 999.00  32.12  32.39  31.36  27.74  27.42  21.23  31.09  13.62  27.80  29.18  29.98  32.25  31.69  32.12  32.07  29.51  28.19  31.39
 wrfout_d04_2016-08-11_07:00:00 999.00  28.86  24.77  28.71  26.36  30.41  29.41  28.76  27.49  28.70  31.71  30.96 999.00  31.48  32.90  30.96  26.58  27.69  19.40  31.30  14.75  27.97  29.38  29.55  32.11  31.50  31.78  31.58  28.63  27.95  31.00
 wrfout_d04_2016-08-11_08:00:00 999.00  29.40  25.48  28.89  27.04  30.33  29.21  29.05  29.14  27.89  30.72  30.46 999.00  31.38  32.19  31.06  24.98  27.57  17.96  31.19  14.19  27.99  29.37  29.62  32.12  31.23  31.09  31.66  28.66  27.55  30.62
 wrfout_d04_2016-08-11_09:00:00 999.00  29.39  25.16  28.15  26.56  30.14  30.01  28.93  29.39  28.91  30.18  29.41 999.00  30.51  31.86  30.42  24.18  27.63  17.69  30.56  12.61  28.17  29.32  29.20  31.16  30.58  30.38  31.30  27.94  27.41  30.28
 wrfout_d04_2016-08-11_10:00:00 999.00  29.42  24.09  28.99  25.38  29.28  30.38  28.99  29.56  29.01  29.53  29.07 999.00  29.91  31.11  29.98  23.76  27.57  17.20  29.45  11.35  28.21  29.21  28.35  30.32  29.84  30.20  31.01  27.26  26.90  29.38
 wrfout_d04_2016-08-11_11:00:00 999.00  29.47  23.60  28.20  24.93  28.99  29.99  28.57  29.73  29.29  29.34  28.83 999.00  29.67  30.33  29.47  22.68  27.41  15.56  28.70  11.39  28.27  29.17  27.94  29.87  29.56  30.13  30.78  26.90  26.78  28.76
 wrfout_d04_2016-08-11_12:00:00 999.00  29.40  23.41  28.41  24.60  28.98  29.62  27.85  29.47  29.15  29.23  28.82 999.00  29.57  29.46  29.58  22.34  27.39  15.10  28.47  11.25  28.31  29.11  27.54  29.70  29.37  29.89  30.54  26.62  26.52  28.28
 wrfout_d04_2016-08-11_13:00:00 999.00  29.34  23.42  28.69  24.61  28.66  29.32  27.62  29.19  28.64  29.18  28.79 999.00  29.36  28.88  28.96  21.96  27.60  14.99  28.49  10.81  28.42  29.14  27.93  29.42  29.28  29.68  30.42  25.65  26.36  27.72
 wrfout_d04_2016-08-11_14:00:00 999.00  29.28  23.51  28.88  24.75  28.57  29.19  27.24  29.01  28.12  29.07  28.70 999.00  29.25  28.62  28.59  21.85  26.56  14.54  28.07  10.84  28.41  29.19  28.18  29.23  29.20  29.45  30.32  25.40  26.51  26.78
 wrfout_d04_2016-08-11_15:00:00 999.00  29.22  23.36  29.00  24.66  28.41  29.10  27.23  28.86  27.85  28.89  28.45 999.00  28.95  28.39  28.67  21.59  26.38  14.22  27.47  10.49  28.35  28.63  27.45  29.07  29.23  27.82  29.89  25.58  26.46  26.79
 wrfout_d04_2016-08-11_16:00:00 999.00  29.17  23.35  29.02  24.67  28.19  28.91  27.00  28.71  27.47  28.58  28.26 999.00  28.76  28.38  28.57  21.44  26.23  14.24  27.28  10.74  28.41  28.47  27.08  28.91  29.11  27.62  29.24  25.35  26.63  26.33
 wrfout_d04_2016-08-11_17:00:00 999.00  29.19  23.41  28.88  24.63  28.51  28.80  26.91  28.49  27.28  28.28  28.28 999.00  28.18  27.92  28.60  21.31  26.15  15.48  27.17  11.08  28.48  27.64  25.99  27.94  28.55  25.88  28.77  25.19  26.51  25.65
 wrfout_d04_2016-08-11_18:00:00 999.00  29.20  23.71  28.77  25.06  28.49  28.81  26.85  27.35  27.11  28.11  28.37 999.00  27.91  27.52  28.59  21.22  26.42  15.32  26.70  10.36  28.53  27.65  26.29  27.31  27.12  26.15  28.29  25.33  26.46  26.00
 wrfout_d04_2016-08-11_19:00:00 999.00  29.17  23.61  28.95  24.98  28.46  28.85  27.43  27.58  26.64  28.01  28.39 999.00  27.57  27.14  28.24  21.98  26.11  15.36  26.50  10.70  28.56  27.44  26.54  27.03  26.82  26.66  27.73  25.24  26.32  26.79
 wrfout_d04_2016-08-11_20:00:00 999.00  29.15  23.53  27.83  24.82  28.29  28.26  27.27  27.50  26.64  27.93  28.51 999.00  27.24  26.88  28.35  21.67  26.43  15.33  26.28  11.13  28.39  27.04  26.23  26.73  26.79  27.02  27.74  24.98  26.19  26.75
 wrfout_d04_2016-08-11_21:00:00 999.00  29.18  23.20  27.39  24.75  28.25  27.56  26.78  27.07  26.88  27.61  28.24 999.00  26.95  26.50  27.44  21.50  26.35  14.20  26.35  11.03  28.38  26.82  26.02  26.37  26.32  27.14  28.25  24.75  25.98  27.02
 wrfout_d04_2016-08-11_22:00:00 999.00  29.19  23.47  28.12  24.89  28.40  28.06  27.25  27.36  27.07  27.96  28.29 999.00  27.43  27.03  27.70  22.29  26.42  15.40  26.30  10.99  27.65  26.71  25.99  26.44  26.44  27.47  28.05  24.73  25.99  27.15
 wrfout_d04_2016-08-11_23:00:00 999.00  29.20  24.72  29.69  25.93  29.59  29.42  28.41  28.77  27.40  29.73  28.53 999.00  28.70  28.20  27.92  23.53  26.33  16.94  26.38  11.24  27.78  27.44  26.63  26.37  26.52  27.56  27.90  24.94  26.02  27.73
