 wrfout_d04_2016-05-14_00:00:00 999.00  25.86  22.56  28.81  24.15  28.22  28.97  28.58  29.41  29.33  28.35  28.22 999.00  28.97  28.73  29.12  27.21  27.36  16.97  27.38  11.29  26.66  27.35  27.84  28.91  29.18  28.41  30.31  27.42  27.76  28.76
 wrfout_d04_2016-05-14_01:00:00 999.00  26.00  23.43  29.75  25.16  28.10  30.52  30.41  30.56  30.39  28.85  28.79 999.00  30.05  30.49  29.74  26.83  27.98  17.75  28.98  11.85  26.77  27.64  28.42  30.48  30.66  28.54  31.06  28.30  28.36  29.84
 wrfout_d04_2016-05-14_02:00:00 999.00  26.09  23.97  30.59  25.74  29.01  31.44  31.37  31.56  31.43  29.33  29.22 999.00  30.10  32.07  30.23  28.12  28.64  18.21  30.21  11.94  27.28  27.68  28.78  31.77  31.80  28.91  31.52  28.70  28.72  30.59
 wrfout_d04_2016-05-14_03:00:00 999.00  26.14  24.58  31.13  26.34  29.49  31.85  31.91  32.10  31.92  29.64  29.52 999.00  30.20  33.32  30.52  29.01  28.83  17.70  31.36  10.31  27.40  27.62  28.98  32.63  32.02  30.17  31.82  28.28  29.19  31.23
 wrfout_d04_2016-05-14_04:00:00 999.00  26.23  24.47  31.22  26.38  30.12  31.98  32.30  32.48  32.48  29.71  29.58 999.00  30.38  33.98  30.65  29.68  29.07  18.07  32.35  10.15  27.47  27.65  29.18  33.31  32.56  30.74  31.96  28.94  29.13  31.42
 wrfout_d04_2016-05-14_05:00:00 999.00  26.26  24.84  31.33  26.56  30.52  32.04  32.55  32.65  32.96  29.72  29.47 999.00  30.69  34.19  30.62  29.62  29.37  17.54  32.41  10.37  27.57  27.87  29.28  33.44  32.66  30.76  31.80  28.98  29.09  31.47
 wrfout_d04_2016-05-14_06:00:00 999.00  26.27  24.90  31.35  26.58  30.64  32.01  32.18  32.64  33.28  29.20  28.63 999.00  30.52  34.19  30.43  29.96  29.23  15.95  32.31  10.58  27.71  27.77  28.96  33.02  32.61  30.61  31.71  28.63  28.76  31.35
 wrfout_d04_2016-05-14_07:00:00 999.00  26.24  24.09  30.64  25.78  30.23  31.57  32.01  32.18  33.20  28.44  28.02 999.00  29.93  33.83  30.22  27.97  28.98  15.72  32.01  10.74  27.72  27.65  28.72  32.33  32.21  30.38  31.32  28.53  28.43  31.00
 wrfout_d04_2016-05-14_08:00:00 999.00  26.24  23.20  29.68  24.79  29.30  30.91  31.77  31.54  32.79  28.21  28.24 999.00  29.38  33.00  29.63  25.72  27.95  15.62  31.00  10.74  27.47  27.70  28.39  31.42  31.47  30.13  30.98  27.92  28.07  30.42
 wrfout_d04_2016-05-14_09:00:00 999.00  26.24  22.53  28.58  23.97  28.22  29.75  30.92  30.35  32.33  27.81  27.69 999.00  28.59  32.19  29.28  23.57  27.83  14.99  29.81  10.49  27.07  28.11  27.96  30.18  30.23  29.57  30.41  27.14  27.47  29.69
 wrfout_d04_2016-05-14_10:00:00 999.00  26.19  21.46  27.12  22.71  27.34  28.46  29.31  28.83  30.99  27.72  27.18 999.00  27.84  31.45  28.88  22.34  26.82  14.56  28.30   8.97  27.43  27.56  27.57  29.27  29.49  29.10  29.99  26.11  26.51  28.72
 wrfout_d04_2016-05-14_11:00:00 999.00  26.39  21.01  26.67  22.26  26.93  27.67  28.24  28.08  29.22  27.63  26.83 999.00  27.62  30.53  28.56  22.86  26.45  14.66  27.66   8.79  27.08  27.45  27.07  28.56  28.76  28.68  29.87  25.29  26.01  28.15
 wrfout_d04_2016-05-14_12:00:00 999.00  26.44  20.85  26.62  22.11  26.72  27.42  27.41  27.70  28.16  27.40  26.68 999.00  27.48  29.38  27.08  22.80  26.40  14.46  26.93   8.62  26.65  27.66  26.64  28.31  28.65  28.12  30.20  24.99  25.74  27.94
 wrfout_d04_2016-05-14_13:00:00 999.00  26.53  20.78  26.49  22.00  26.29  27.28  26.86  27.75  28.02  26.87  26.66 999.00  27.33  28.72  27.60  22.71  26.30  14.32  26.19   8.83  26.77  27.70  26.39  27.99  28.26  27.65  30.10  24.73  25.57  27.68
 wrfout_d04_2016-05-14_14:00:00 999.00  26.45  20.91  26.48  22.05  26.10  27.01  26.87  27.53  29.17  26.73  26.32 999.00  27.20  28.39  27.45  22.48  26.25  14.41  25.38   8.83  26.71  27.73  26.01  27.78  27.94  27.28  29.81  24.53  25.49  27.45
 wrfout_d04_2016-05-14_15:00:00 999.00  26.40  21.08  26.38  22.14  26.31  26.89  26.55  27.35  28.37  26.35  26.11 999.00  26.99  27.93  27.51  21.87  26.10  14.26  24.69   8.84  26.59  27.78  25.77  27.66  27.82  27.12  29.30  24.30  25.39  27.18
 wrfout_d04_2016-05-14_16:00:00 999.00  26.43  21.25  26.50  22.17  26.29  27.35  26.07  27.06  27.72  26.44  25.94 999.00  26.80  27.21  25.44  21.05  26.01  12.92  24.37   8.66  26.52  27.63  25.53  27.44  27.68  26.98  29.01  24.08  25.15  27.01
 wrfout_d04_2016-05-14_17:00:00 999.00  26.42  21.25  26.37  22.03  25.89  26.96  25.02  26.96  27.25  26.31  25.82 999.00  26.42  26.49  26.47  20.70  25.87  12.49  24.00   7.48  26.53  27.01  25.26  27.01  27.37  26.94  28.92  23.90  25.01  26.94
 wrfout_d04_2016-05-14_18:00:00 999.00  26.40  21.30  26.10  22.01  25.63  26.52  24.78  26.45  26.82  26.13  25.47 999.00  26.11  25.94  26.09  20.44  25.81  11.94  23.79   7.43  26.50  26.32  25.01  26.53  27.05  26.75  28.73  23.70  25.05  26.86
 wrfout_d04_2016-05-14_19:00:00 999.00  26.37  21.16  26.12  21.66  25.52  26.35  24.43  26.21  26.16  25.92  25.22 999.00  25.85  25.49  26.74  19.90  25.80  11.63  23.59   7.26  26.41  25.77  24.89  26.06  26.68  26.52  28.66  23.45  25.09  26.78
 wrfout_d04_2016-05-14_20:00:00 999.00  26.35  20.83  25.96  20.45  25.51  25.91  24.25  26.61  25.59  25.60  25.03 999.00  25.54  25.09  26.67  19.64  25.57  11.47  23.24   6.85  26.54  25.43  24.66  25.59  26.16  26.37  28.49  23.33  24.99  26.69
 wrfout_d04_2016-05-14_21:00:00 999.00  26.39  20.55  25.57  20.51  25.17  25.41  24.81  25.53  25.40  25.32  24.95 999.00  25.50  24.88  26.49  19.48  25.42  11.29  23.08   6.81  26.77  24.68  24.50  25.14  25.73  26.19  28.21  23.25  24.78  26.59
 wrfout_d04_2016-05-14_22:00:00 999.00  26.41  21.80  25.92  22.96  26.70  26.64  25.30  26.76  25.38  26.15  26.08 999.00  25.87  25.04  26.97  21.83  25.68  13.98  22.96   8.20  26.80  24.48  26.21  24.81  25.75  26.52  28.13  24.23  25.88  26.92
 wrfout_d04_2016-05-14_23:00:00 999.00  26.46  22.62  27.14  23.54  28.35  27.76  25.53  28.14  26.48  26.44  26.98 999.00  26.86  26.12  28.23  24.43  26.26  16.29  23.37   9.87  26.69  24.72  27.31  25.80  27.07  28.01  28.94  26.35  27.21  27.72
