 wrfout_d04_2016-10-09_00:00:00 999.00  24.01  18.49  22.27  19.46  22.96  23.38  23.23  23.00  23.03  23.15  24.07 999.00  23.92  23.99  24.85  20.37  25.21  14.99  24.28   9.84  26.91  25.18  23.64  24.82  24.43  23.78  29.65  23.11  25.91  27.70
 wrfout_d04_2016-10-09_01:00:00 999.00  24.04  18.46  22.09  19.47  22.92  23.66  22.92  23.40  22.95  24.42  24.89 999.00  23.71  23.85  25.29  21.14  24.70  15.55  23.87  10.32  26.37  24.83  25.08  25.42  25.41  26.92  29.53  25.19  25.82  27.68
 wrfout_d04_2016-10-09_02:00:00 999.00  24.15  18.76  22.13  19.79  23.17  23.81  22.79  23.43  22.88  24.67  24.85 999.00  24.55  24.93  25.09  22.34  25.01  15.45  23.88  10.29  26.26  25.42  23.87  24.69  25.13  26.56  30.13  25.24  25.90  28.26
 wrfout_d04_2016-10-09_03:00:00 999.00  24.29  19.01  22.32  19.98  23.65  24.07  22.94  23.63  22.74  25.57  26.36 999.00  24.21  25.09  25.46  22.74  24.88  16.21  25.20  10.34  26.27  25.73  24.12  25.76  26.43  26.08  30.81  25.90  25.83  28.82
 wrfout_d04_2016-10-09_04:00:00 999.00  24.11  19.32  22.41  20.31  23.67  24.04  22.95  23.65  22.76  26.19  27.31 999.00  24.43  25.77  25.69  25.74  25.68  18.04  25.06  11.05  26.24  25.57  25.41  28.45  29.60  24.43  31.62  27.05  25.79  30.54
 wrfout_d04_2016-10-09_05:00:00 999.00  24.13  18.98  22.32  19.95  23.66  24.08  23.11  23.82  22.94  26.97  27.25 999.00  24.53  25.70  25.93  24.20  25.01  17.40  26.03  11.01  26.12  26.62  24.42  27.66  30.13  24.05  31.63  26.80  25.99  30.14
 wrfout_d04_2016-10-09_06:00:00 999.00  24.23  19.58  22.58  20.71  24.26  23.97  22.79  23.81  22.99  26.09  26.80 999.00  24.91  24.86  25.79  25.17  24.98  17.68  25.69  11.87  26.01  26.84  24.45  28.53  30.94  24.18  31.73  26.96  25.72  30.67
 wrfout_d04_2016-10-09_07:00:00 999.00  24.05  19.23  22.47  20.15  23.72  23.87  22.91  23.85  23.10  25.49  26.15 999.00  24.71  25.16  25.56  24.20  24.78  16.97  25.58  11.26  25.92  26.81  24.14  28.78  30.26  24.48  31.07  27.01  25.58  29.81
 wrfout_d04_2016-10-09_08:00:00 999.00  24.06  19.06  22.33  20.01  23.67  23.72  23.04  23.68  23.32  25.21  25.72 999.00  24.14  24.58  25.39  23.05  24.68  16.64  25.32  10.97  26.12  26.24  24.40  28.21  29.50  24.86  30.62  26.11  25.51  29.93
 wrfout_d04_2016-10-09_09:00:00 999.00  24.08  19.11  22.45  20.06  23.54  23.76  23.12  23.65  23.26  25.07  25.15 999.00  24.09  24.33  25.46  22.42  24.66  15.63  24.42  10.23  26.30  25.29  24.39  25.72  27.78  24.74  30.23  25.66  25.37  29.22
 wrfout_d04_2016-10-09_10:00:00 999.00  24.08  18.98  22.28  19.84  23.32  23.94  23.12  23.64  23.34  24.77  25.01 999.00  24.00  24.59  25.16  21.52  24.59  14.42  24.01   9.85  26.32  24.90  24.80  24.65  24.62  24.90  30.07  24.84  25.40  28.76
 wrfout_d04_2016-10-09_11:00:00 999.00  24.06  18.87  22.29  19.58  23.31  23.95  23.05  23.61  23.42  24.77  24.70 999.00  23.98  24.24  24.94  21.05  25.00  15.08  23.68   9.99  26.48  25.31  24.44  24.36  24.77  24.36  29.82  24.10  25.51  28.41
 wrfout_d04_2016-10-09_12:00:00 999.00  24.05  18.81  22.34  19.38  22.81  23.79  23.20  23.55  23.32  25.16  24.57 999.00  24.06  24.20  24.80  20.83  25.33  13.73  23.44   9.95  26.20  24.80  24.06  24.16  24.42  24.44  29.78  24.89  25.58  27.88
 wrfout_d04_2016-10-09_13:00:00 999.00  24.20  18.73  22.43  19.28  22.98  23.75  23.32  23.30  23.26  24.49  24.51 999.00  24.01  24.30  25.09  21.24  25.44  13.84  23.21  10.21  26.75  24.68  24.27  24.19  24.29  24.42  29.44  24.81  25.67  27.76
 wrfout_d04_2016-10-09_14:00:00 999.00  23.97  18.61  22.36  19.53  23.35  23.71  23.29  23.78  23.15  24.40  24.35 999.00  24.28  24.23  24.98  20.28  25.59  13.72  23.50   9.90  26.82  24.81  24.42  24.33  24.63  23.84  29.36  25.09  25.54  27.53
 wrfout_d04_2016-10-09_15:00:00 999.00  23.85  18.69  22.14  19.49  23.22  23.82  22.96  23.33  23.20  24.49  24.62 999.00  24.38  23.98  24.73  20.20  25.55  13.23  23.60   9.68  27.00  24.87  24.63  23.76  24.20  24.48  28.99  24.82  25.45  27.17
 wrfout_d04_2016-10-09_16:00:00 999.00  23.87  18.61  22.27  19.56  23.10  23.40  22.96  22.82  23.09  24.55  24.00 999.00  24.08  23.68  25.30  19.93  25.83  13.00  23.03   9.60  27.03  24.87  24.65  23.67  23.65  24.60  28.79  24.99  25.30  26.87
 wrfout_d04_2016-10-09_17:00:00 999.00  23.88  18.64  22.21  19.39  23.09  23.24  23.09  22.95  23.11  24.16  23.77 999.00  23.99  23.45  24.55  19.75  25.94  12.88  22.91   9.42  26.72  24.88  24.56  23.11  23.37  23.89  28.85  24.66  25.25  26.79
 wrfout_d04_2016-10-09_18:00:00 999.00  23.83  18.84  22.31  19.65  23.22  23.39  23.38  23.04  23.19  23.71  23.42 999.00  23.99  23.17  25.58  19.68  25.38  12.66  22.65   9.55  26.94  24.99  24.12  23.06  23.26  23.85  28.70  24.40  25.24  26.75
 wrfout_d04_2016-10-09_19:00:00 999.00  23.97  18.93  22.15  19.67  23.30  23.47  23.46  23.21  23.41  23.45  23.92 999.00  24.07  22.55  24.97  19.61  25.74  12.64  22.06   9.53  27.19  24.90  24.31  22.88  23.02  24.04  28.43  24.36  25.15  26.72
 wrfout_d04_2016-10-09_20:00:00 999.00  24.06  18.76  22.41  19.47  23.00  23.31  23.60  23.02  23.49  23.49  23.82 999.00  24.29  22.47  24.68  19.53  25.81  14.18  21.72   9.56  27.01  24.87  24.17  22.67  22.75  24.12  27.85  24.36  25.13  26.64
 wrfout_d04_2016-10-09_21:00:00 999.00  24.10  18.72  22.44  19.63  23.26  23.24  23.55  22.93  23.56  23.63  23.50 999.00  24.11  22.32  24.26  19.46  25.78  14.50  21.59   9.68  27.15  24.98  24.42  22.42  22.47  24.23  27.79  24.30  24.88  26.63
 wrfout_d04_2016-10-09_22:00:00 999.00  24.11  18.74  22.38  19.55  23.23  23.48  23.32  23.17  23.54  24.02  23.18 999.00  24.43  22.27  24.02  19.53  25.72  12.71  21.65   9.41  27.20  25.08  24.62  22.29  22.44  24.33  27.69  24.17  25.40  26.74
 wrfout_d04_2016-10-09_23:00:00 999.00  24.23  19.06  22.94  19.85  23.31  23.70  23.33  23.40  23.65  23.88  23.49 999.00  24.75  23.51  25.15  22.13  25.72  15.33  22.24  10.33  26.81  25.10  25.17  24.03  24.37  26.26  28.67  24.65  25.83  27.48
