 wrfout_d04_2016-03-12_00:00:00 999.00  16.63  10.38  14.45  11.31  14.48  14.75  15.18  14.29  15.05  14.05  13.73 999.00  13.91  12.98  15.39  14.01  17.36   9.97  13.29   3.24  19.35  18.35  19.00  15.58  15.72  18.52  17.14  18.30  19.32  20.95
 wrfout_d04_2016-03-12_01:00:00 999.00  16.98  10.65  15.35  11.60  14.79  14.98  15.50  14.69  15.43  14.34  14.30 999.00  14.59  13.24  15.79  15.64  17.77  10.88  13.89   3.46  19.24  17.97  19.26  16.05  16.61  19.23  18.36  18.96  20.20  22.41
 wrfout_d04_2016-03-12_02:00:00 999.00  16.96  10.79  15.50  11.76  14.99  15.16  15.50  14.96  15.79  14.57  14.87 999.00  15.20  13.78  16.23  16.08  18.01  12.05  15.85   3.88  19.46  17.53  19.67  16.98  17.29  19.94  19.58  19.13  20.76  23.50
 wrfout_d04_2016-03-12_03:00:00 999.00  17.03  11.02  15.75  12.04  15.32  15.63  15.73  15.31  16.39  14.79  15.10 999.00  15.52  14.76  16.91  17.27  18.32  12.57  16.39   4.17  19.54  18.72  20.00  18.84  19.06  21.08  21.13  20.43  21.13  24.26
 wrfout_d04_2016-03-12_04:00:00 999.00  17.10  11.30  15.95  12.34  15.51  15.88  15.98  15.38  16.11  15.08  15.53 999.00  16.03  15.97  17.27  16.23  18.37  13.32  16.57   4.48  19.81  19.31  20.65  18.84  19.78  21.72  22.36  21.88  21.44  24.86
 wrfout_d04_2016-03-12_05:00:00 999.00  17.19  11.50  16.10  12.56  15.75  16.04  16.31  15.68  16.72  15.35  15.70 999.00  16.57  16.17  17.83  18.26  18.82  13.05  18.49   4.48  20.12  20.03  21.57  19.14  19.51  22.08  22.95  22.62  21.33  24.96
 wrfout_d04_2016-03-12_06:00:00 999.00  17.47  12.14  16.12  13.14  16.08  16.22  16.56  15.69  16.83  15.53  15.91 999.00  17.58  16.24  18.60  18.26  19.08  13.09  19.34   4.65  20.53  20.02  20.73  19.97  20.86  21.90  24.70  22.82  21.82  23.33
 wrfout_d04_2016-03-12_07:00:00 999.00  17.58  12.10  16.31  13.12  16.26  16.35  16.42  15.80  16.56  15.78  15.98 999.00  17.25  16.59  18.86  16.21  18.72  12.36  20.03   4.49  20.69  20.21  20.53  21.72  22.12  22.68  24.85  22.76  22.69  24.07
 wrfout_d04_2016-03-12_08:00:00 999.00  17.96  12.39  16.45  13.46  15.88  16.53  16.56  15.44  16.36  15.74  15.87 999.00  17.06  16.51  18.58  16.57  19.07  12.00  19.99   4.17  20.79  21.07  21.00  22.05  23.06  22.38  24.30  22.31  23.02  24.47
 wrfout_d04_2016-03-12_09:00:00 999.00  18.65  12.65  16.50  13.64  15.80  16.02  16.36  15.38  16.06  15.71  15.99 999.00  16.84  16.27  18.06  16.07  19.29  11.13  19.70   4.18  21.09  21.36  20.72  21.99  22.94  22.31  23.93  21.36  22.45  23.35
 wrfout_d04_2016-03-12_10:00:00 999.00  18.83  12.92  16.55  13.88  15.57  15.98  15.98  15.52  15.63  15.76  15.79 999.00  16.27  15.60  17.66  14.42  19.35   9.88  18.88   3.95  21.30  21.04  19.52  21.29  21.95  21.88  24.49  19.40  21.22  22.26
 wrfout_d04_2016-03-12_11:00:00 999.00  19.06  13.26  16.46  14.12  15.57  16.08  16.00  15.42  15.58  15.86  16.14 999.00  16.08  15.41  17.24  13.36  19.28   9.88  17.50   4.07  21.40  21.00  20.50  19.83  20.67  21.37  23.94  18.86  21.25  22.08
 wrfout_d04_2016-03-12_12:00:00 999.00  19.39  13.42  16.60  14.11  15.83  15.44  16.00  15.08  15.53  16.31  15.61 999.00  15.95  15.24  17.32  14.45  19.48   9.58  17.39   4.31  21.52  20.85  20.38  18.68  19.50  20.13  23.66  18.65  21.11  21.80
 wrfout_d04_2016-03-12_13:00:00 999.00  19.74  13.36  16.29  13.74  15.89  15.49  16.09  15.26  15.59  16.46  15.64 999.00  15.94  15.48  16.16  12.91  18.84   9.72  17.70   4.40  21.77  19.99  19.31  19.46  19.84  20.57  22.86  19.84  21.07  21.56
 wrfout_d04_2016-03-12_14:00:00 999.00  19.78  13.36  16.03  13.89  16.08  15.48  16.03  15.33  14.10  15.86  16.00 999.00  15.83  15.42  17.28  13.06  19.82   9.58  17.27   4.01  22.05  19.81  19.27  19.06  19.30  19.27  22.37  18.44  20.96  21.43
 wrfout_d04_2016-03-12_15:00:00 999.00  19.79  13.09  15.26  13.34  15.67  15.48  15.98  15.16  14.63  16.15  16.18 999.00  15.54  15.49  16.94  15.25  19.96   9.58  16.75   3.94  22.00  20.15  18.92  19.07  19.06  18.95  21.50  19.07  20.34  21.18
 wrfout_d04_2016-03-12_16:00:00 999.00  20.17  13.37  16.38  14.13  16.20  15.32  16.22  15.34  15.02  16.25  16.02 999.00  15.59  14.33  15.68  15.43  19.32   9.15  16.34   3.69  21.94  20.33  19.92  18.85  19.21  20.00  21.09  18.56  20.20  21.37
 wrfout_d04_2016-03-12_17:00:00 999.00  20.27  13.46  16.14  14.35  16.18  15.15  16.00  15.40  14.86  16.23  16.16 999.00  15.42  14.00  16.07  13.44  19.89   9.22  16.08   3.62  21.95  19.84  18.84  18.71  19.01  20.31  20.82  19.49  19.21  21.59
 wrfout_d04_2016-03-12_18:00:00 999.00  20.26  13.53  16.18  15.02  16.27  15.34  15.86  13.71  14.77  16.50  15.16 999.00  14.50  13.38  16.31  15.01  18.86   8.91  16.45   3.37  22.04  19.44  19.85  18.66  17.88  19.45  20.87  17.91  18.81  21.52
 wrfout_d04_2016-03-12_19:00:00 999.00  20.29  12.20  16.05  12.86  14.44  14.04  15.57  14.82  14.14  16.43  15.27 999.00  14.06  12.87  16.05  15.02  19.12   8.75  16.57   3.44  22.10  19.86  19.87  18.40  17.38  19.70  20.88  17.62  18.63  21.39
 wrfout_d04_2016-03-12_20:00:00 999.00  20.22  12.07  15.03  12.73  14.26  13.56  14.72  13.60  13.58  16.55  15.07 999.00  14.03  13.00  16.11  13.43  19.96   8.72  15.41   3.46  22.25  20.15  18.91  16.63  16.71  18.50  20.78  17.54  18.65  21.27
 wrfout_d04_2016-03-12_21:00:00 999.00  20.39  12.64  14.81  12.72  13.72  14.15  15.58  13.92  13.74  15.36  14.88 999.00  14.32  13.76  16.17  13.51  19.99   8.65  16.07   3.42  22.49  19.40  18.82  16.19  16.25  18.48  21.02  17.43  18.74  21.04
 wrfout_d04_2016-03-12_22:00:00 999.00  20.39  12.30  14.79  13.00  14.98  14.21  15.62  12.84  13.80  16.20  15.21 999.00  14.78  14.43  15.62  13.36  17.88   9.12  16.49   3.51  22.86  18.60  19.03  16.53  16.60  18.07  20.88  17.32  18.88  21.36
 wrfout_d04_2016-03-12_23:00:00 999.00  20.27  15.46  16.40  16.60  17.41  15.02  16.01  15.73  14.26  18.75  19.32 999.00  15.69  15.02  19.13  17.76  19.33  11.08  17.43   4.50  23.05  18.42  20.80  17.30  17.66  21.11  20.80  21.04  22.00  22.50
