 wrfout_d04_2016-08-18_00:00:00 999.00  28.85  25.62  29.50  27.18  29.96  29.59  28.77  29.72  29.92  30.44  30.21 999.00  29.33  28.44  29.03  25.23  30.42  17.39  29.89  11.94  29.15  29.32  29.35  30.47  30.53  31.03  31.32  28.66  28.68  30.46
 wrfout_d04_2016-08-18_01:00:00 999.00  28.86  24.89  30.29  26.93  30.90  30.32  29.08  30.18  29.96  31.57  31.38 999.00  29.77  29.77  30.45  25.99  31.09  17.80  30.43  11.89  29.15  29.80  29.60  32.10  32.12  31.73  32.01  29.78  27.94  30.36
 wrfout_d04_2016-08-18_02:00:00 999.00  28.88  26.68  31.37  28.04  31.40  31.81  30.16  31.53  30.79  32.31  31.48 999.00  31.59  30.69  31.47  27.82  31.64  18.21  31.08  12.47  29.19  29.93  30.18  33.56  32.90  32.58  32.54  31.11  30.11  30.40
 wrfout_d04_2016-08-18_03:00:00 999.00  28.90  28.00  32.22  29.38  31.85  33.26  31.01  32.94  32.30  32.35  31.93 999.00  33.07  32.58  31.78  27.02  32.04  16.91  32.12  11.85  29.22  29.88  29.53  33.70  33.02  33.29  32.59  32.08  28.48  30.53
 wrfout_d04_2016-08-18_04:00:00 999.00  28.96  28.00  32.13  29.67  32.09  33.30  31.35  33.47  31.26  32.34  31.88 999.00  32.74  32.43  32.35  26.12  32.26  18.71  33.01  13.57  29.29  29.85  29.92  34.01  33.21  32.60  32.11  30.88  28.15  30.26
 wrfout_d04_2016-08-18_05:00:00 999.00  28.99  27.55  32.28  29.54  31.95  31.85  30.54  33.17  30.91  31.55  31.72 999.00  30.81  31.24  31.82  23.70  32.23  17.09  32.85  12.29  29.32  29.84  30.83  34.25  32.39  32.24  31.85  30.79  30.02  30.68
 wrfout_d04_2016-08-18_06:00:00 999.00  28.96  26.95  29.97  28.21  31.84  32.45  30.93  33.18  32.65  29.86  30.99 999.00  30.88  30.89  31.87  24.20  31.19  16.73  32.87  11.79  29.30  29.89  28.12  32.35  31.21  30.95  31.59  30.02  29.43  30.27
 wrfout_d04_2016-08-18_07:00:00 999.00  28.95  26.89  31.25  28.30  31.52  32.91  29.99  33.49  32.12  28.64  31.30 999.00  29.48  28.46  32.00  24.41  30.53  17.49  30.05  12.56  29.26  29.39  28.14  31.24  30.90  32.25  32.22  29.64  29.69  31.33
 wrfout_d04_2016-08-18_08:00:00 999.00  28.98  26.96  31.30  28.21  31.07  32.94  30.05  33.34  31.74  26.94  30.35 999.00  28.89  27.19  31.99  23.46  30.06  16.99  29.35  12.08  29.23  29.42  27.59  31.18  30.62  32.11  32.12  29.95  28.14  30.33
 wrfout_d04_2016-08-18_09:00:00 999.00  29.00  25.76  30.48  27.11  30.78  32.90  29.39  32.81  28.04  26.79  27.80 999.00  28.14  27.02  31.84  21.73  29.83  16.28  29.56  10.97  29.21  29.34  27.81  30.95  30.48  31.10  31.88  28.68  27.82  30.04
 wrfout_d04_2016-08-18_10:00:00 999.00  28.94  24.17  29.06  25.36  29.81  31.58  28.09  31.53  28.37  27.50  29.10 999.00  28.81  27.49  31.43  21.92  29.59  15.88  29.96  10.73  29.22  29.30  27.49  30.47  30.15  29.78  31.50  27.92  27.56  29.96
 wrfout_d04_2016-08-18_11:00:00 999.00  28.88  23.24  28.61  24.38  28.84  30.50  28.17  29.86  28.95  27.64  28.20 999.00  28.30  27.50  30.07  22.21  29.30  14.64  29.19  10.56  29.21  29.07  27.16  28.11  28.45  29.80  31.40  26.98  27.49  29.82
 wrfout_d04_2016-08-18_12:00:00 999.00  28.83  22.91  27.43  24.03  28.82  29.85  28.39  29.63  28.75  27.72  28.41 999.00  28.47  27.74  29.61  22.20  29.20  16.33  29.53  10.78  29.17  28.36  26.81  27.68  27.66  29.62  31.12  26.91  27.53  29.69
 wrfout_d04_2016-08-18_13:00:00 999.00  28.77  22.94  27.10  23.84  28.74  29.41  28.24  29.35  28.56  27.95  28.59 999.00  28.96  28.42  29.09  22.26  29.07  14.82  29.09  10.38  29.14  27.91  26.96  28.13  27.99  29.26  31.02  26.12  27.36  29.49
 wrfout_d04_2016-08-18_14:00:00 999.00  28.75  22.62  26.80  23.61  28.58  29.40  27.48  28.97  28.17  27.63  28.43 999.00  29.05  28.01  29.10  22.13  29.08  13.94  28.51   8.04  29.05  28.06  26.42  28.43  28.23  29.52  30.75  25.82  27.36  29.35
 wrfout_d04_2016-08-18_15:00:00 999.00  28.64  22.55  26.50  23.14  28.22  29.17  27.21  28.63  27.49  27.40  28.20 999.00  29.59  27.58  29.00  22.17  28.99  13.98  28.57   7.81  28.90  28.33  26.33  28.25  28.33  29.51  30.46  25.87  27.25  29.16
 wrfout_d04_2016-08-18_16:00:00 999.00  28.59  22.29  26.29  23.00  27.74  29.79  27.01  28.48  27.03  26.95  28.04 999.00  28.88  27.27  29.02  21.54  28.83  13.82  28.52   7.60  28.76  28.44  26.25  28.13  28.21  29.28  30.05  26.08  27.04  28.92
 wrfout_d04_2016-08-18_17:00:00 999.00  28.65  22.34  26.17  23.28  27.23  29.51  26.65  28.28  27.09  27.76  27.90 999.00  28.47  26.97  28.98  21.17  28.64  13.71  28.13   7.43  29.00  28.50  26.01  28.08  28.19  29.12  29.95  25.93  27.02  28.85
 wrfout_d04_2016-08-18_18:00:00 999.00  28.59  22.46  26.00  23.48  26.98  28.88  26.48  27.88  26.82  26.86  27.71 999.00  28.09  26.67  28.72  20.95  28.62  13.36  27.52   7.10  28.97  28.52  25.99  27.90  28.11  28.72  29.69  25.29  27.05  28.74
 wrfout_d04_2016-08-18_19:00:00 999.00  28.61  22.29  25.82  23.18  26.91  28.56  26.22  27.62  26.52  26.53  27.93 999.00  27.79  26.38  28.42  20.71  28.70  13.38  27.59   7.02  28.93  27.50  26.01  27.82  27.56  28.53  29.67  25.01  26.86  28.50
 wrfout_d04_2016-08-18_20:00:00 999.00  28.47  22.12  25.71  22.59  26.83  27.98  26.00  27.38  26.15  26.61  28.09 999.00  27.50  26.10  28.33  20.52  28.49  13.18  27.38   6.94  28.94  27.91  25.74  27.67  27.46  28.69  29.49  24.99  26.88  28.25
 wrfout_d04_2016-08-18_21:00:00 999.00  28.47  22.24  25.64  22.21  26.79  27.67  25.84  27.21  26.03  26.70  27.80 999.00  27.23  25.83  28.28  20.33  28.29  13.03  27.10   6.82  28.92  27.68  25.75  27.15  26.97  28.04  29.45  24.77  26.85  28.21
 wrfout_d04_2016-08-18_22:00:00 999.00  28.49  22.79  27.09  23.77  26.99  27.44  26.63  27.41  26.40  27.21  27.61 999.00  27.79  26.43  28.36  21.60  28.47  14.26  27.17   8.34  28.95  27.38  26.75  27.20  26.97  28.12  29.62  25.65  27.17  28.45
 wrfout_d04_2016-08-18_23:00:00 999.00  28.43  23.95  28.82  25.08  28.52  28.66  28.72  28.89  28.52  28.54  28.60 999.00  29.16  28.33  29.29  24.67  29.38  17.35  28.31  11.83  29.00  27.90  28.95  28.62  28.58  29.76  30.34  29.01  28.50  29.38
