 wrfout_d04_2016-01-28_00:00:00 999.00  21.05  15.67  17.01  15.97  17.92  16.36  16.31  16.41  15.95  19.49  20.26 999.00  17.57  18.46  19.65  15.14  19.16  11.99  15.88   5.79  20.99  19.25  20.04  16.98  17.32  20.54  20.22  18.94  21.55  23.19
 wrfout_d04_2016-01-28_01:00:00 999.00  21.22  15.31  17.05  15.45  18.39  17.07  16.33  17.43  15.88  19.76  20.23 999.00  17.07  17.48  20.41  16.01  18.95  13.91  16.24   6.83  20.18  18.33  19.80  17.08  17.45  20.37  20.02  19.24  21.27  22.55
 wrfout_d04_2016-01-28_02:00:00 999.00  21.27  15.30  17.44  16.00  18.62  17.13  16.72  17.50  16.12  20.14  20.15 999.00  17.23  18.51  20.06  17.79  19.26  14.99  17.65   7.30  20.35  18.87  20.39  18.02  18.25  20.59  20.89  19.70  21.60  23.29
 wrfout_d04_2016-01-28_03:00:00 999.00  20.95  15.71  17.63  16.58  19.08  17.21  17.06  17.31  16.26  19.92  20.48 999.00  17.99  19.41  20.30  19.51  19.66  15.78  18.90   8.82  20.85  19.55  21.22  19.24  19.26  21.35  22.86  21.11  22.52  24.01
 wrfout_d04_2016-01-28_04:00:00 999.00  21.24  16.00  17.29  16.52  21.24  17.85  17.61  17.82  17.49  22.32  20.89 999.00  19.71  20.07  20.49  19.61  20.35  16.11  20.04   9.13  21.10  19.94  22.08  19.85  20.20  22.28  24.06  21.26  22.68  24.41
 wrfout_d04_2016-01-28_05:00:00 999.00  21.26  16.81  17.70  17.92  22.07  18.71  18.06  18.92  18.19  23.27  20.55 999.00  18.91  21.05  21.10  21.11  20.68  15.94  21.22   9.39  21.21  20.75  22.33  21.40  21.21  23.91  24.78  21.58  22.48  25.45
 wrfout_d04_2016-01-28_06:00:00 999.00  21.50  16.07  18.02  16.71  23.16  19.30  17.84  19.07  18.69  23.15  21.00 999.00  19.41  21.54  21.58  18.75  20.12  16.23  22.39   9.14  21.24  21.00  22.39  22.07  21.89  24.42  24.51  21.68  21.88  25.47
 wrfout_d04_2016-01-28_07:00:00 999.00  21.33  16.11  17.86  16.93  22.34  19.52  17.57  19.36  18.26  23.02  21.00 999.00  19.30  20.40  22.62  18.65  19.82  15.79  22.42   8.43  20.79  21.20  23.04  22.95  22.63  24.98  24.86  21.37  23.08  25.26
 wrfout_d04_2016-01-28_08:00:00 999.00  21.46  15.17  17.62  15.91  19.82  19.21  17.12  19.02  16.77  22.78  21.06 999.00  18.02  19.99  22.81  18.27  19.30  14.14  20.74   7.98  20.50  21.09  23.28  21.90  22.27  24.77  24.87  21.46  21.93  24.40
 wrfout_d04_2016-01-28_09:00:00 999.00  20.32  14.25  17.02  14.96  18.69  18.11  16.63  18.08  16.80  21.62  21.23 999.00  16.93  19.59  22.52  17.31  18.47  12.53  19.87   6.05  20.22  20.80  22.18  20.95  21.03  24.26  24.81  20.95  21.64  23.69
 wrfout_d04_2016-01-28_10:00:00 999.00  18.80  13.66  16.76  14.40  17.85  17.73  16.83  17.79  16.46  20.50  19.40 999.00  16.60  18.13  22.41  14.51  17.69   7.93  18.17   5.26  19.71  20.50  20.11  20.24  20.20  24.00  24.15  20.13  21.14  23.19
 wrfout_d04_2016-01-28_11:00:00 999.00  18.61  13.67  16.86  14.38  17.57  17.63  16.85  17.30  16.77  20.31  19.09 999.00  17.17  17.76  22.58  14.16  17.81   8.85  17.05   5.30  19.51  20.54  20.24  19.01  19.12  23.23  23.07  19.67  21.56  23.42
 wrfout_d04_2016-01-28_12:00:00 999.00  18.56  13.67  16.77  14.37  17.31  17.61  16.87  17.18  16.95  20.26  19.34 999.00  17.34  17.74  22.53  13.97  18.20   9.55  16.66   5.34  20.01  19.83  20.78  18.33  18.40  22.63  22.55  18.32  21.38  23.66
 wrfout_d04_2016-01-28_13:00:00 999.00  18.12  13.58  16.53  14.25  16.70  17.46  16.59  17.12  16.01  20.25  18.34 999.00  17.20  17.64  21.42  13.63  18.46  10.24  16.39   5.55  19.98  19.79  19.89  17.87  18.17  22.49  21.72  19.56  21.37  23.52
 wrfout_d04_2016-01-28_14:00:00 999.00  17.87  12.99  15.86  13.69  16.61  17.21  16.57  17.13  15.87  19.10  18.16 999.00  17.54  18.08  21.99  13.44  18.30  10.28  16.36   5.65  20.42  19.53  19.80  17.68  17.46  22.40  20.97  19.29  21.49  23.08
 wrfout_d04_2016-01-28_15:00:00 999.00  18.03  12.35  16.27  13.64  16.77  15.72  16.51  15.83  15.77  19.87  18.26 999.00  18.41  18.07  21.99  13.17  18.49  10.55  16.55   5.88  20.19  19.16  20.70  17.77  17.68  21.94  20.44  19.34  21.29  23.05
 wrfout_d04_2016-01-28_16:00:00 999.00  18.28  13.03  15.98  13.92  16.39  15.48  16.48  15.57  15.97  19.88  19.62 999.00  18.29  18.73  20.92  12.98  18.82  10.64  17.03   6.02  20.75  18.79  20.61  17.07  16.88  22.21  20.88  18.64  21.40  23.17
 wrfout_d04_2016-01-28_17:00:00 999.00  18.83  13.94  15.36  13.83  16.04  14.95  16.06  15.06  15.52  19.78  19.08 999.00  18.13  18.02  20.22  12.91  18.63  10.56  17.54   5.86  21.18  18.53  19.65  17.33  16.96  22.38  20.97  19.49  21.44  23.00
 wrfout_d04_2016-01-28_18:00:00 999.00  18.96  14.84  15.29  15.45  15.31  14.45  16.39  14.57  15.70  19.70  17.59 999.00  17.88  17.62  19.96  12.98  18.70  10.29  17.31   5.62  21.47  18.36  19.55  16.91  17.48  22.19  20.98  19.38  21.19  22.67
 wrfout_d04_2016-01-28_19:00:00 999.00  19.31  15.08  16.14  15.80  16.76  14.19  17.59  14.40  15.82  19.52  17.56 999.00  17.46  17.86  21.11  12.95  18.95  10.29  17.59   5.51  21.52  18.32  20.82  17.69  17.71  21.80  20.48  19.46  21.48  22.61
 wrfout_d04_2016-01-28_20:00:00 999.00  19.66  14.78  16.66  15.42  16.06  14.42  17.27  15.72  16.72  17.67  16.61 999.00  17.03  17.28  21.22  14.60  18.86  11.23  18.97   5.43  21.67  18.77  20.73  16.16  16.76  22.29  20.28  19.56  21.55  22.47
 wrfout_d04_2016-01-28_21:00:00 999.00  19.70  14.65  16.23  14.41  17.21  15.86  17.49  16.09  16.38  17.86  17.13 999.00  17.02  16.60  20.28  15.12  19.01  11.50  15.02   5.94  20.85  21.05  20.34  16.49  16.61  22.05  20.58  19.20  21.32  22.49
 wrfout_d04_2016-01-28_22:00:00 999.00  19.34  14.39  16.42  14.09  17.28  16.26  17.44  15.70  16.49  18.46  17.22 999.00  17.07  16.37  20.35  15.20  18.23  11.92  16.02   5.51  20.69  22.00  20.42  17.04  17.16  21.46  21.63  19.49  21.18  23.14
 wrfout_d04_2016-01-28_23:00:00 999.00  19.68  14.15  17.09  14.56  17.57  16.87  17.04  17.08  16.99  19.12  18.60 999.00  16.59  16.99  22.62  15.44  17.69  11.50  16.32   5.79  21.13  21.71  21.34  17.39  17.99  22.19  24.27  19.84  21.97  23.59
