 wrfout_d04_2016-04-11_00:00:00 999.00  19.80  14.77  17.77  15.71  18.05  18.69  17.96  18.73  18.76  22.52  21.78 999.00  20.62  22.48  22.70  21.38  22.36  12.80  20.80   6.62  22.91  22.90  22.77  25.47  25.56  24.71  27.40  24.48  24.63  26.12
 wrfout_d04_2016-04-11_01:00:00 999.00  19.97  15.23  18.09  16.51  18.38  19.07  18.31  19.25  18.76  23.84  22.17 999.00  21.39  23.72  23.06  20.67  22.28  14.01  22.73   8.22  23.11  23.62  24.03  25.29  26.34  26.39  27.20  24.43  24.84  26.05
 wrfout_d04_2016-04-11_02:00:00 999.00  20.54  15.02  18.27  16.14  18.85  19.32  18.35  19.27  18.96  24.29  22.84 999.00  23.31  24.60  23.67  21.71  21.97  15.46  24.00   7.95  23.39  23.77  24.01  25.90  26.02  24.92  26.80  26.56  24.60  27.32
 wrfout_d04_2016-04-11_03:00:00 999.00  20.44  15.98  19.08  16.80  19.56  19.57  18.63  19.35  19.46  24.53  23.50 999.00  23.75  25.14  23.62  22.84  22.44  14.52  24.97   8.19  22.95  23.81  24.02  28.31  28.36  26.84  26.87  26.23  25.59  28.79
 wrfout_d04_2016-04-11_04:00:00 999.00  20.62  15.69  19.37  16.48  19.81  20.31  18.52  19.87  19.78  25.34  22.89 999.00  24.03  26.77  23.55  21.67  23.44  13.71  26.40   7.65  22.70  23.68  23.04  27.91  27.91  27.40  27.34  27.57  24.69  29.74
 wrfout_d04_2016-04-11_05:00:00 999.00  20.67  16.05  19.21  17.24  20.98  20.77  19.90  20.89  20.31  24.35  22.00 999.00  22.73  28.17  23.54  22.09  23.52  13.68  26.07   8.20  22.52  24.10  21.82  28.02  28.28  26.02  27.43  27.45  25.98  29.96
 wrfout_d04_2016-04-11_06:00:00 999.00  20.70  16.24  21.13  17.30  20.76  21.23  20.07  21.31  21.36  24.02  21.88 999.00  22.95  27.95  22.94  21.75  23.45  13.69  27.03   8.35  22.68  23.92  21.82  28.52  28.55  25.57  28.15  26.91  25.31  29.49
 wrfout_d04_2016-04-11_07:00:00 999.00  20.80  16.48  21.10  17.59  20.39  22.26  20.21  22.05  22.54  22.23  21.70 999.00  22.88  27.14  23.03  21.02  22.52  14.00  26.71   8.40  22.85  23.80  23.35  28.13  27.96  25.57  28.07  24.88  26.08  29.34
 wrfout_d04_2016-04-11_08:00:00 999.00  20.93  16.60  21.63  17.45  20.53  21.58  20.07  21.58  21.64  22.01  22.04 999.00  21.88  26.31  22.60  20.77  21.89  13.02  24.80   7.73  22.69  23.69  22.60  27.19  27.39  24.38  27.56  24.08  24.88  28.82
 wrfout_d04_2016-04-11_09:00:00 999.00  21.08  16.47  20.55  17.60  20.34  21.46  19.81  21.75  21.06  21.92  21.57 999.00  22.57  24.62  22.47  20.30  21.87  13.03  23.27   7.67  22.66  23.67  22.81  26.28  26.23  24.46  26.92  24.54  25.11  28.22
 wrfout_d04_2016-04-11_10:00:00 999.00  21.01  16.50  20.21  17.11  20.08  21.29  19.91  21.16  20.44  21.58  21.56 999.00  22.13  24.16  22.49  19.42  21.62  12.51  22.18   7.49  22.66  23.15  22.72  24.61  25.08  24.55  26.55  23.39  23.86  27.01
 wrfout_d04_2016-04-11_11:00:00 999.00  20.99  16.65  19.86  17.55  19.99  20.92  19.64  21.00  20.25  21.56  21.52 999.00  21.67  23.77  22.51  18.96  21.50  12.15  21.14   7.09  22.54  23.01  22.14  23.64  24.12  23.88  26.57  22.84  23.32  25.97
 wrfout_d04_2016-04-11_12:00:00 999.00  21.09  16.94  19.70  17.62  20.33  20.95  19.56  20.99  20.30  21.91  21.85 999.00  21.26  23.07  22.63  19.02  21.36  12.19  20.73   6.94  22.53  23.27  22.42  23.26  23.47  23.74  26.57  22.66  22.97  25.63
 wrfout_d04_2016-04-11_13:00:00 999.00  21.10  17.15  19.88  18.14  20.58  21.06  19.83  20.92  20.35  21.90  21.91 999.00  21.16  22.87  22.68  18.81  21.52  12.30  20.69   6.83  22.86  22.74  22.54  23.12  23.31  23.93  26.52  22.47  22.87  25.26
 wrfout_d04_2016-04-11_14:00:00 999.00  20.96  17.19  20.03  18.13  20.67  20.91  19.62  20.78  20.41  21.82  20.89 999.00  21.31  22.71  22.23  18.64  21.80  12.35  20.74   6.66  23.16  22.61  22.39  22.82  23.30  23.92  26.31  21.57  22.71  25.19
 wrfout_d04_2016-04-11_15:00:00 999.00  21.01  17.02  19.84  17.92  20.41  20.60  19.70  20.70  20.25  21.95  20.42 999.00  21.31  22.92  22.07  18.71  21.67  12.34  20.47   6.67  23.30  22.72  22.28  22.18  22.71  23.83  26.46  21.21  23.23  24.58
 wrfout_d04_2016-04-11_16:00:00 999.00  20.93  15.99  19.99  16.66  20.35  20.43  18.62  20.78  20.03  20.68  20.18 999.00  21.30  22.54  21.06  18.50  21.66  12.13  20.50   6.66  23.33  22.61  21.81  22.12  22.49  23.86  26.13  21.07  22.24  24.18
 wrfout_d04_2016-04-11_17:00:00 999.00  21.02  16.66  19.79  16.35  20.49  19.47  18.15  19.49  19.21  20.21  19.92 999.00  21.06  21.80  20.67  18.66  21.91  12.23  20.44   6.61  23.32  22.64  21.82  21.17  21.72  23.43  25.81  20.77  22.10  24.10
 wrfout_d04_2016-04-11_18:00:00 999.00  20.97  16.69  19.93  16.26  20.23  20.53  18.06  20.46  18.36  19.89  19.74 999.00  20.69  21.31  20.60  17.24  22.10  11.46  20.21   6.64  23.45  22.78  21.71  21.61  21.90  23.16  25.63  20.49  21.93  24.28
 wrfout_d04_2016-04-11_19:00:00 999.00  20.95  16.84  19.93  17.43  18.70  20.53  18.59  20.40  18.05  19.74  19.61 999.00  20.13  20.81  21.23  18.32  22.18  11.45  20.35   6.61  23.28  22.66  22.04  21.58  22.00  23.13  25.27  20.48  21.73  24.00
 wrfout_d04_2016-04-11_20:00:00 999.00  20.91  16.68  19.73  16.12  19.92  20.24  18.52  20.42  18.08  19.43  19.55 999.00  20.01  20.75  20.67  18.09  22.01  11.58  19.94   6.04  23.49  22.70  21.54  21.72  21.95  23.10  24.29  20.81  21.62  23.85
 wrfout_d04_2016-04-11_21:00:00 999.00  20.76  16.85  19.64  16.90  19.59  20.29  18.30  20.05  18.12  19.29  19.41 999.00  19.74  20.46  20.48  16.82  21.78  11.51  19.82   6.01  23.50  22.64  21.31  21.78  22.00  22.76  24.02  21.65  21.55  24.06
 wrfout_d04_2016-04-11_22:00:00 999.00  20.74  17.03  19.52  17.41  19.95  20.32  18.49  19.99  18.08  20.49  20.61 999.00  19.46  20.61  21.33  17.56  21.72  11.77  19.71   6.06  23.58  22.33  22.37  21.91  22.37  23.18  24.01  21.58  23.10  24.16
 wrfout_d04_2016-04-11_23:00:00 999.00  20.55  17.97  19.53  18.49  20.89  20.26  18.59  19.77  18.84  23.02  23.28 999.00  19.54  20.96  23.91  20.49  22.70  13.30  19.93   7.04  23.60  22.33  24.63  22.25  22.76  24.68  24.58  21.92  24.42  25.40
