 wrfout_d04_2016-11-10_00:00:00 999.00  21.81  15.78  19.71  16.91  20.10  19.14  20.51  19.20  19.66  20.16  20.17 999.00  20.36  20.94  24.21  17.39  21.92  11.46  19.00   6.26  23.44  22.80  24.11  20.97  21.44  25.21  23.55  23.34  25.57  25.53
 wrfout_d04_2016-11-10_01:00:00 999.00  22.21  15.90  19.97  16.95  20.41  19.46  20.61  19.61  19.82  20.81  20.86 999.00  20.62  20.99  25.20  17.69  21.82  12.47  19.20   6.42  23.61  22.58  24.99  21.02  21.31  26.51  24.32  25.70  26.47  26.57
 wrfout_d04_2016-11-10_02:00:00 999.00  22.08  15.92  20.27  17.16  20.37  19.68  20.55  19.88  20.07  21.84  21.95 999.00  21.09  21.29  25.92  17.96  22.02  12.74  19.22   6.69  23.10  22.60  25.51  21.14  21.55  27.25  24.34  25.62  27.09  27.89
 wrfout_d04_2016-11-10_03:00:00 999.00  22.23  16.09  20.72  17.45  20.76  20.00  20.59  20.35  20.20  22.00  23.10 999.00  21.28  21.73  26.38  18.27  21.73  13.28  19.57   6.93  22.89  22.63  25.64  21.19  21.49  27.65  24.71  25.92  27.44  27.83
 wrfout_d04_2016-11-10_04:00:00 999.00  22.19  16.15  20.27  17.52  20.63  20.40  20.52  20.57  20.72  22.19  23.07 999.00  21.97  21.79  25.86  18.23  21.83  13.15  20.00   7.18  23.11  23.01  25.78  21.27  21.58  27.88  25.02  26.10  27.50  27.88
 wrfout_d04_2016-11-10_05:00:00 999.00  22.14  16.02  19.95  16.98  20.74  20.58  21.06  20.80  20.60  22.29  22.71 999.00  22.72  22.14  25.03  18.50  22.13  14.08  20.30   7.30  23.32  23.15  25.71  21.64  21.83  27.80  25.05  26.16  27.35  27.91
 wrfout_d04_2016-11-10_06:00:00 999.00  22.02  15.93  20.11  17.26  20.40  20.32  21.21  20.43  21.07  22.71  22.85 999.00  22.57  23.62  24.39  19.33  22.44  14.79  20.56   7.46  23.41  23.43  23.81  21.64  21.76  26.61  25.35  24.95  26.93  27.83
 wrfout_d04_2016-11-10_07:00:00 999.00  22.34  15.63  20.26  16.97  20.38  20.40  21.21  20.42  21.04  22.55  22.70 999.00  22.37  22.81  24.04  19.10  22.30  14.34  21.13   7.41  23.50  23.73  23.33  21.82  21.93  26.04  25.30  24.62  25.47  27.24
 wrfout_d04_2016-11-10_08:00:00 999.00  22.39  15.53  20.26  16.67  20.54  20.26  20.75  20.02  20.55  22.19  22.07 999.00  22.03  22.04  23.84  19.05  22.34  12.88  21.55   7.25  23.45  23.59  23.10  22.11  22.21  25.41  24.82  23.94  25.11  26.92
 wrfout_d04_2016-11-10_09:00:00 999.00  22.20  15.37  19.80  16.34  20.93  19.99  20.68  19.84  20.17  21.53  21.39 999.00  21.92  21.19  23.62  17.18  22.30  10.21  21.00   6.48  23.52  23.52  22.78  22.09  22.14  25.21  24.29  23.38  24.11  26.62
 wrfout_d04_2016-11-10_10:00:00 999.00  21.96  15.25  19.71  16.22  20.81  20.02  20.57  19.88  20.17  21.47  20.78 999.00  22.02  20.78  23.46  16.11  21.88   9.26  20.58   3.37  23.45  23.41  22.47  21.80  21.84  24.90  24.31  23.00  24.16  26.26
 wrfout_d04_2016-11-10_11:00:00 999.00  22.04  15.01  18.75  16.11  20.49  20.00  20.33  19.86  20.24  21.33  21.05 999.00  21.57  20.14  23.52  15.31  21.78   9.13  20.29   3.20  23.46  23.32  22.41  21.62  21.72  24.49  23.98  22.76  24.09  25.44
 wrfout_d04_2016-11-10_12:00:00 999.00  21.76  14.49  19.43  15.34  20.53  19.92  20.55  19.95  20.44  19.94  21.11 999.00  20.55  19.82  23.50  15.23  21.85  10.47  19.96   3.13  23.14  23.10  22.57  21.46  21.55  24.22  23.72  22.52  24.16  25.07
 wrfout_d04_2016-11-10_13:00:00 999.00  21.60  14.71  19.28  15.35  20.48  20.03  20.61  18.61  19.40  20.62  21.21 999.00  20.74  19.89  23.46  15.14  21.36  10.68  19.38   2.88  22.88  23.08  22.67  21.33  21.44  24.17  23.45  22.28  24.06  24.84
 wrfout_d04_2016-11-10_14:00:00 999.00  21.37  14.52  17.20  15.17  20.23  20.21  19.92  17.72  19.90  20.61  21.05 999.00  20.79  19.56  23.27  14.99  21.46  10.72  18.78   2.73  22.74  22.94  22.57  20.84  21.00  24.11  22.95  22.02  24.15  24.47
 wrfout_d04_2016-11-10_15:00:00 999.00  21.18  14.02  19.00  15.02  18.45  19.25  19.91  17.25  18.45  20.46  20.94 999.00  20.61  19.26  22.94  14.74  21.35  10.76  18.34   2.57  22.99  22.23  22.25  20.37  20.44  24.09  22.47  21.81  24.07  23.99
 wrfout_d04_2016-11-10_16:00:00 999.00  21.07  13.90  18.69  14.90  19.41  18.71  20.39  18.54  18.45  20.15  20.86 999.00  20.44  18.28  22.81  14.60  21.36  10.48  17.94   2.26  23.05  22.29  22.09  19.76  19.11  23.98  21.77  21.67  24.09  23.80
 wrfout_d04_2016-11-10_17:00:00 999.00  20.91  13.75  16.59  14.81  19.67  18.40  19.54  18.86  18.67  20.12  20.33 999.00  20.11  18.04  22.82  14.46  21.56  10.34  17.72   2.05  23.03  22.23  22.05  19.49  18.84  23.75  21.44  21.79  24.11  23.57
 wrfout_d04_2016-11-10_18:00:00 999.00  20.88  13.64  16.34  14.67  19.75  16.67  19.20  18.67  18.52  19.94  20.01 999.00  19.61  17.67  22.87  14.33  21.56  10.18  17.29   2.06  22.87  22.03  21.98  18.40  18.50  23.62  20.87  21.76  24.12  23.27
 wrfout_d04_2016-11-10_19:00:00 999.00  20.98  13.55  16.16  14.63  19.55  16.60  19.43  18.79  18.36  19.86  19.78 999.00  19.38  17.44  22.89  14.31  21.60  10.13  17.15   2.03  23.22  22.08  21.97  18.08  18.20  23.55  20.91  21.73  23.98  23.44
 wrfout_d04_2016-11-10_20:00:00 999.00  21.25  13.30  15.91  14.42  19.52  16.67  19.32  18.66  18.02  19.87  19.61 999.00  19.19  17.00  23.02  14.28  21.59  10.29  16.91   2.03  23.41  22.01  22.12  18.91  18.66  23.43  20.59  21.78  23.88  23.42
 wrfout_d04_2016-11-10_21:00:00 999.00  21.12  13.12  15.61  14.25  19.40  16.60  19.20  18.81  17.99  19.78  19.43 999.00  19.29  17.58  22.99  14.37  21.66  10.74  16.82   4.65  23.33  21.85  22.12  18.81  18.65  23.40  20.44  21.76  23.81  23.56
 wrfout_d04_2016-11-10_22:00:00 999.00  21.08  12.96  15.41  14.16  19.43  16.64  19.13  19.06  18.08  19.76  19.19 999.00  19.37  18.10  22.97  14.86  22.06  10.67  16.97   4.65  23.57  21.77  22.02  18.79  18.99  23.53  20.62  21.77  23.76  23.70
 wrfout_d04_2016-11-10_23:00:00 999.00  21.11  13.61  18.80  14.80  19.94  19.63  19.65  19.52  18.97  19.75  19.19 999.00  19.51  19.28  23.07  18.40  22.44  12.09  17.47   6.34  23.69  21.55  22.26  19.50  19.99  23.79  21.27  21.93  23.89  23.80
