 wrfout_d04_2016-01-18_00:00:00 999.00  14.37   7.29  12.76   8.62  13.35  13.27  13.57  13.26  13.44  13.94  13.73 999.00  13.86  14.41  16.67  13.52  15.99   7.27  12.69   1.20  17.36  16.61  16.38  14.86  14.95  18.55  17.16  17.51  19.88  20.54
 wrfout_d04_2016-01-18_01:00:00 999.00  14.45   8.29  13.91   9.73  13.82  14.21  13.75  14.28  14.27  15.65  14.48 999.00  15.06  15.59  16.59  14.57  16.02   8.47  14.34   2.67  17.12  16.75  16.57  16.36  16.54  18.98  17.88  17.61  20.61  21.53
 wrfout_d04_2016-01-18_02:00:00 999.00  14.48   8.96  14.82  10.39  14.09  14.95  14.85  15.04  15.37  17.05  14.97 999.00  16.09  17.48  16.66  16.09  16.22   9.44  15.78   3.59  16.80  17.05  16.83  17.79  17.85  19.28  19.46  17.87  19.51  22.21
 wrfout_d04_2016-01-18_03:00:00 999.00  14.52   9.40  15.47  10.86  14.32  16.00  15.40  16.07  16.31  17.44  15.23 999.00  16.89  18.66  16.71  17.80  16.91  10.26  17.13   4.14  16.58  18.01  17.56  18.92  19.03  20.26  21.12  18.88  20.23  22.54
 wrfout_d04_2016-01-18_04:00:00 999.00  14.62   9.66  15.97  11.19  14.35  16.53  15.46  16.61  16.92  17.44  15.25 999.00  17.39  19.82  16.83  18.01  16.75  10.33  18.54   4.35  16.63  17.62  17.64  20.21  20.46  19.64  21.53  18.79  20.96  22.56
 wrfout_d04_2016-01-18_05:00:00 999.00  14.67   9.85  16.15  11.35  14.36  16.71  15.47  16.81  17.26  17.00  15.43 999.00  17.68  20.24  16.87  17.69  17.00  10.19  19.57   4.30  16.92  18.05  18.05  21.08  21.38  19.05  21.60  17.73  20.08  22.69
 wrfout_d04_2016-01-18_06:00:00 999.00  14.75   9.51  16.05  10.91  14.25  16.34  15.39  16.49  17.31  16.41  15.42 999.00  17.61  20.38  16.76  16.48  16.99   9.66  20.01   3.82  17.11  17.93  18.21  21.55  21.87  18.84  22.14  17.56  19.87  22.57
 wrfout_d04_2016-01-18_07:00:00 999.00  14.80   9.01  15.65  10.38  14.33  15.78  15.22  15.87  17.13  16.04  15.13 999.00  17.19  20.16  16.64  16.00  16.66   8.81  20.27   3.04  17.03  18.13  17.55  21.68  21.78  19.03  22.22  17.54  20.25  21.98
 wrfout_d04_2016-01-18_08:00:00 999.00  14.83   8.40  14.76   9.69  14.53  15.15  14.77  14.89  15.95  15.67  15.00 999.00  16.65  19.54  16.49  16.01  16.33   7.67  19.28   1.82  16.96  18.38  17.13  21.42  21.10  18.83  21.86  17.18  19.56  21.22
 wrfout_d04_2016-01-18_09:00:00 999.00  14.92   7.46  13.20   8.70  14.28  14.45  14.22  14.67  14.42  14.94  14.86 999.00  15.98  17.78  16.27  14.70  15.76   6.45  17.48  -0.32  17.13  18.49  16.36  19.94  19.78  18.68  21.35  16.69  18.54  20.21
 wrfout_d04_2016-01-18_10:00:00 999.00  14.94   7.10  11.18   8.37  14.26  13.77  13.84  14.51  13.70  14.41  14.85 999.00  15.28  15.74  16.08  11.56  15.48   4.68  15.91  -1.43  17.41  18.50  15.66  18.67  18.75  18.09  21.03  16.32  18.21  19.40
 wrfout_d04_2016-01-18_11:00:00 999.00  14.93   7.10  10.87   8.37  14.13  13.64  13.50  14.48  13.44  14.45  14.64 999.00  14.52  14.79  16.05  10.95  15.71   5.05  14.92  -1.10  17.32  18.23  15.48  17.34  17.77  17.38  20.96  16.08  18.53  18.95
 wrfout_d04_2016-01-18_12:00:00 999.00  14.86   7.09  10.66   8.41  13.85  14.08  13.41  14.40  13.35  14.52  14.13 999.00  14.51  14.27  16.13  10.08  15.79   5.14  14.58  -1.05  17.32  17.99  15.55  16.62  16.99  16.73  20.93  15.79  18.54  18.76
 wrfout_d04_2016-01-18_13:00:00 999.00  14.84   7.30  12.69   8.29  13.72  13.97  13.34  14.22  13.43  14.02  13.78 999.00  14.40  14.14  15.95   9.86  16.11   5.17  14.06  -0.87  17.74  17.84  16.05  16.54  16.98  16.56  20.72  15.75  18.53  18.21
 wrfout_d04_2016-01-18_14:00:00 999.00  14.49   7.33  12.72   8.33  13.66  13.97  13.29  14.10  13.62  13.54  13.31 999.00  14.25  14.34  15.72   9.49  16.18   5.15  13.82  -0.78  17.35  17.78  16.09  16.38  16.69  16.47  19.69  15.49  18.47  17.98
 wrfout_d04_2016-01-18_15:00:00 999.00  14.07   7.39  12.76   8.38  13.65  13.91  13.73  13.89  13.88  13.10  12.95 999.00  14.19  14.45  15.60   9.15  16.30   5.09  13.74  -0.75  17.33  17.32  15.45  16.07  16.59  16.39  18.94  14.78  18.33  17.81
 wrfout_d04_2016-01-18_16:00:00 999.00  14.23   7.36  12.74   8.34  13.54  13.41  13.88  13.97  14.06  12.71  12.76 999.00  14.00  14.48  16.11   8.75  16.12   4.87  13.53  -0.88  17.63  17.10  15.13  15.47  15.97  15.93  18.16  14.49  18.14  17.71
 wrfout_d04_2016-01-18_17:00:00 999.00  14.31   7.32  12.71   8.30  13.54  13.62  13.80  13.74  14.03  12.78  12.82 999.00  14.45  14.29  15.97   8.30  16.05   4.79  13.29  -0.93  17.84  17.20  14.86  14.99  15.38  14.91  17.60  13.97  18.01  17.64
 wrfout_d04_2016-01-18_18:00:00 999.00  14.28   7.30  12.74   8.25  13.50  13.84  13.70  13.79  13.84  13.23  12.89 999.00  14.42  14.58  16.05   8.00  16.25   4.75  13.19  -1.09  18.05  16.85  14.61  15.26  15.30  15.62  17.49  13.81  18.01  17.54
 wrfout_d04_2016-01-18_19:00:00 999.00  14.16   7.25  12.73   8.38  13.64  13.74  13.80  13.77  13.64  13.33  13.02 999.00  13.14  14.56  16.23   7.72  16.31   4.71  12.59  -1.22  18.05  16.99  14.23  15.46  15.71  15.61  17.59  13.77  18.00  17.36
 wrfout_d04_2016-01-18_20:00:00 999.00  14.05   7.25  12.83   8.38  13.74  13.92  13.81  13.80  13.22  13.06  13.14 999.00  12.92  14.50  16.18   7.59  16.36   4.65  12.60  -1.33  18.10  16.99  13.93  15.75  15.89  15.13  17.65  14.61  18.14  17.36
 wrfout_d04_2016-01-18_21:00:00 999.00  14.21   7.28  12.88   8.44  13.72  13.99  13.90  13.88  13.59  13.20  13.20 999.00  12.30  13.76  16.36   7.53  16.51   4.64  12.88  -1.39  18.00  16.86  14.16  15.50  15.78  16.55  17.43  14.95  18.22  17.49
 wrfout_d04_2016-01-18_22:00:00 999.00  14.39   7.34  12.82   8.49  13.70  13.94  14.10  13.90  13.33  13.32  13.51 999.00  13.53  14.12  16.23   7.47  16.43   4.79  13.55  -1.36  18.32  17.06  14.79  15.68  15.91  15.07  17.27  15.17  18.35  18.04
 wrfout_d04_2016-01-18_23:00:00 999.00  14.44   7.41  12.89   8.58  13.79  13.92  14.09  13.87  13.39  13.70  13.70 999.00  13.57  13.86  15.84   8.44  16.36   5.13  14.19  -0.98  18.43  16.93  15.28  15.52  15.67  15.72  17.49  14.94  18.51  18.06
