 wrfout_d04_2016-01-17_00:00:00 999.00  18.92  13.65  17.02  14.09  18.29  18.18  16.13  18.08  16.19  19.08  19.37 999.00  17.94  18.48  22.73  17.55  19.22  10.68  17.31   3.94  20.83  19.56  23.35  18.56  18.89  24.00  22.31  22.08  23.90  24.91
 wrfout_d04_2016-01-17_01:00:00 999.00  18.53  13.79  17.14  14.16  18.41  17.90  16.35  18.20  16.72  19.04  20.68 999.00  18.00  18.93  23.48  19.31  19.75  11.62  19.16   4.32  20.97  19.25  24.44  19.54  20.04  25.63  23.90  23.69  24.73  26.05
 wrfout_d04_2016-01-17_02:00:00 999.00  18.28  13.37  16.40  13.97  17.75  18.24  16.14  18.02  17.21  20.98  22.94 999.00  18.11  19.65  24.03  17.39  19.77  11.48  18.38   4.33  21.02  20.07  25.22  19.58  20.19  26.27  25.98  24.63  25.25  26.85
 wrfout_d04_2016-01-17_03:00:00 999.00  18.22  13.71  16.68  14.40  18.55  17.78  15.88  18.20  16.30  23.24  21.40 999.00  17.69  20.37  24.25  18.44  19.74  10.05  19.04   4.72  21.09  20.09  25.38  19.91  21.16  26.69  25.91  26.06  25.60  27.32
 wrfout_d04_2016-01-17_04:00:00 999.00  17.96  13.44  16.58  14.20  17.85  18.04  16.49  17.94  16.26  21.20  20.18 999.00  17.80  19.42  24.62  18.08  19.72  10.09  19.05   4.93  20.89  19.99  24.31  20.41  21.67  26.79  26.02  22.94  26.01  27.28
 wrfout_d04_2016-01-17_05:00:00 999.00  17.79  13.35  16.61  14.03  17.70  17.59  16.36  17.43  16.32  20.24  19.89 999.00  17.55  18.50  25.42  18.03  19.96  10.45  19.20   5.33  20.83  19.55  25.46  20.11  21.55  27.37  26.66  25.66  26.10  26.97
 wrfout_d04_2016-01-17_06:00:00 999.00  17.65  12.94  16.51  13.87  17.18  17.22  16.53  17.15  16.36  19.61  19.48 999.00  16.83  17.69  24.12  18.78  20.03  10.54  19.16   5.62  20.69  20.06  25.47  22.12  23.72  26.97  26.04  25.59  25.90  26.40
 wrfout_d04_2016-01-17_07:00:00 999.00  17.28  12.50  16.16  13.38  16.98  17.05  16.29  16.98  16.43  19.04  19.27 999.00  16.73  17.07  22.96  16.62  18.94  10.39  18.09   5.32  20.66  20.41  25.41  22.60  23.53  29.33  25.50  25.09  25.23  26.04
 wrfout_d04_2016-01-17_08:00:00 999.00  17.39  12.30  15.87  13.34  16.96  16.88  16.34  16.91  16.52  18.83  19.15 999.00  17.19  17.57  22.70  15.71  17.35  10.13  17.36   5.04  20.08  20.41  25.68  21.36  22.73  28.63  24.83  24.17  24.42  25.31
 wrfout_d04_2016-01-17_09:00:00 999.00  17.59  12.09  15.72  12.92  16.46  16.60  16.28  16.85  15.97  18.48  18.48 999.00  17.22  17.75  22.02  15.57  17.55   9.89  17.65   4.79  18.89  20.11  24.91  20.24  21.05  27.44  24.04  22.78  23.43  24.70
 wrfout_d04_2016-01-17_10:00:00 999.00  17.52  11.70  15.42  12.69  16.14  16.21  16.42  16.47  16.18  18.11  18.01 999.00  17.10  18.16  21.76  15.15  17.68   9.70  17.08   4.54  18.79  19.79  22.92  19.54  20.03  26.27  24.14  20.77  22.96  24.30
 wrfout_d04_2016-01-17_11:00:00 999.00  17.00  12.01  15.63  12.96  15.99  16.19  16.29  16.23  15.88  17.96  17.89 999.00  16.71  17.66  21.71  15.22  17.52   9.46  16.93   4.30  18.80  19.34  21.81  19.00  19.47  25.77  24.01  20.13  22.74  23.61
 wrfout_d04_2016-01-17_12:00:00 999.00  16.82  11.89  15.49  12.76  16.13  16.15  16.25  16.19  15.98  17.68  17.46 999.00  16.69  17.06  20.57  15.24  17.48   9.22  16.67   3.95  19.09  19.25  21.15  18.75  19.02  23.58  22.87  19.60  22.44  23.18
 wrfout_d04_2016-01-17_13:00:00 999.00  16.26  10.74  14.71  11.71  15.44  15.94  16.21  16.08  16.05  17.23  17.24 999.00  16.81  16.12  20.21  14.58  17.54   8.89  16.65   3.47  18.74  19.43  20.32  18.05  18.47  22.53  21.82  19.60  22.01  22.64
 wrfout_d04_2016-01-17_14:00:00 999.00  15.89  10.08  14.30  11.05  15.17  16.09  15.96  15.47  15.62  16.21  16.30 999.00  16.79  15.90  20.06  14.64  17.36   8.12  15.90   2.55  18.63  19.26  19.90  17.49  17.77  22.30  21.45  19.80  21.79  22.56
 wrfout_d04_2016-01-17_15:00:00 999.00  15.39   9.36  13.80  10.40  14.58  15.42  15.51  14.92  15.34  15.57  15.43 999.00  16.57  16.13  18.93  14.38  17.06   7.74  15.26   1.50  18.79  19.08  18.93  17.28  17.48  21.92  20.56  19.52  21.42  22.24
 wrfout_d04_2016-01-17_16:00:00 999.00  14.85   8.85  13.13   9.74  14.12  14.44  14.49  14.19  14.49  15.24  15.00 999.00  15.92  16.55  17.70  14.05  16.94   7.33  15.31   1.02  18.32  19.20  18.97  17.34  17.56  21.23  19.61  19.01  21.52  21.33
 wrfout_d04_2016-01-17_17:00:00 999.00  14.64   8.31  12.78   9.36  13.90  13.96  14.10  13.72  13.83  14.70  14.55 999.00  15.61  15.31  17.24  13.90  16.99   6.82  15.09   0.46  18.23  18.78  18.33  17.14  17.33  20.82  18.87  18.81  20.96  20.91
 wrfout_d04_2016-01-17_18:00:00 999.00  14.48   7.92  12.48   8.92  13.43  13.60  14.01  13.44  13.64  14.30  14.00 999.00  15.21  14.61  16.87  13.38  16.97   6.46  15.09   0.14  18.45  18.43  17.33  16.91  16.58  20.20  18.07  19.05  20.57  20.29
 wrfout_d04_2016-01-17_19:00:00 999.00  14.28   7.62  12.14   8.61  12.96  13.13  13.71  13.05  13.47  14.51  13.69 999.00  14.30  14.31  16.64  12.94  16.36   6.17  14.76  -0.15  18.25  18.35  16.75  16.71  16.80  19.49  17.53  18.92  20.21  20.18
 wrfout_d04_2016-01-17_20:00:00 999.00  14.03   7.03  12.01   8.12  12.89  12.95  13.61  12.90  13.21  13.60  13.56 999.00  13.95  13.58  16.82  12.64  16.40   5.67  13.76  -0.54  17.57  17.62  16.41  15.75  16.03  19.02  17.40  18.54  20.01  20.05
 wrfout_d04_2016-01-17_21:00:00 999.00  13.92   6.82  11.89   7.91  12.89  12.87  13.43  12.70  12.80  13.64  13.32 999.00  13.61  13.16  16.66  12.80  16.06   5.59  12.92  -0.71  17.34  17.17  16.41  15.34  15.34  18.55  17.43  17.72  19.47  20.08
 wrfout_d04_2016-01-17_22:00:00 999.00  14.10   6.74  11.87   7.79  12.71  12.63  13.33  12.55  12.17  13.34  12.42 999.00  13.07  12.74  16.72  12.43  15.81   5.44  12.41  -0.87  17.37  16.81  16.47  14.38  14.44  18.25  17.22  17.26  19.19  19.45
 wrfout_d04_2016-01-17_23:00:00 999.00  14.34   6.64  10.63   7.38  11.82  12.64  12.87  12.50  12.29  13.16  12.66 999.00  13.04  12.93  16.77  11.17  15.77   5.71  11.99  -0.49  17.59  16.65  16.41  14.00  14.17  17.81  16.98  17.01  19.05  19.43
