 wrfout_d04_2016-11-18_00:00:00 999.00  25.56  20.87  25.54  21.99  25.41  25.92  23.82  24.51  23.70  24.80  24.96 999.00  24.53  24.28  25.11  21.46  24.55  16.54  23.83  10.74  25.26  23.70  25.10  24.32  24.72  26.21  27.36  25.33  25.00  26.02
 wrfout_d04_2016-11-18_01:00:00 999.00  25.64  22.20  27.05  23.36  26.60  27.79  25.06  26.70  25.77  26.06  25.88 999.00  25.99  26.15  26.40  24.78  24.73  17.88  25.43  11.87  25.22  24.48  26.04  26.63  26.94  27.78  28.45  26.47  25.54  27.29
 wrfout_d04_2016-11-18_02:00:00 999.00  25.61  23.20  28.44  24.36  28.00  29.43  25.62  28.37  27.44  27.09  26.63 999.00  27.11  27.69  27.26  26.40  25.26  19.02  26.72  12.72  25.15  25.19  26.64  27.92  28.24  28.63  28.94  27.27  25.97  28.11
 wrfout_d04_2016-11-18_03:00:00 999.00  25.74  23.97  29.59  25.20  28.57  30.45  26.02  29.98  28.43  26.70  27.08 999.00  27.52  29.45  27.67  25.80  26.09  19.31  27.82  12.47  24.88  25.22  26.89  29.14  29.29  28.99  29.20  27.70  28.12  28.69
 wrfout_d04_2016-11-18_04:00:00 999.00  25.78  24.28  30.03  25.43  28.93  30.85  25.59  30.99  29.34  27.44  27.38 999.00  27.74  30.53  28.11  26.24  26.56  19.41  28.80  11.78  24.94  25.24  27.13  29.75  29.73  29.16  29.24  27.94  28.38  28.98
 wrfout_d04_2016-11-18_05:00:00 999.00  25.74  24.34  30.14  25.49  29.12  31.08  25.49  31.36  29.40  27.99  27.41 999.00  27.76  31.25  28.14  26.28  26.77  19.08  29.41  10.60  25.15  25.58  27.22  29.98  29.83  29.16  29.32  27.90  28.30  29.21
 wrfout_d04_2016-11-18_06:00:00 999.00  25.86  24.05  29.95  25.24  28.86  30.86  25.39  31.34  28.94  27.89  27.21 999.00  27.67  31.16  28.23  26.02  26.73  17.79  29.99   9.76  25.39  25.77  27.13  29.92  29.71  28.91  29.27  27.63  26.97  29.11
 wrfout_d04_2016-11-18_07:00:00 999.00  25.93  23.28  29.10  24.34  27.83  29.89  24.94  30.70  27.62  27.51  26.69 999.00  27.43  30.69  27.55  25.45  26.46  16.38  29.89   9.67  25.49  25.86  26.82  29.47  29.13  28.64  29.09  27.01  26.37  28.47
 wrfout_d04_2016-11-18_08:00:00 999.00  25.87  21.86  27.71  22.90  26.80  28.57  23.34  29.52  26.11  26.69  26.03 999.00  26.58  29.61  27.21  24.45  25.79  16.39  28.89   9.81  25.61  25.93  26.18  28.58  28.55  28.07  28.80  26.11  25.88  27.77
 wrfout_d04_2016-11-18_09:00:00 999.00  25.92  20.22  24.32  20.81  25.53  27.09  22.80  27.90  25.24  25.65  25.25 999.00  25.52  28.54  27.02  21.12  25.08  12.87  27.10   6.14  25.54  25.93  24.78  27.59  27.38  27.35  28.38  24.43  25.49  26.92
 wrfout_d04_2016-11-18_10:00:00 999.00  26.01  20.08  24.60  20.60  25.31  26.61  22.37  27.19  24.45  25.54  25.17 999.00  25.11  27.39  26.66  20.23  24.86  12.32  26.15   7.87  25.60  25.81  24.34  26.48  26.53  27.03  28.17  23.65  25.43  26.55
 wrfout_d04_2016-11-18_11:00:00 999.00  26.02  19.97  24.64  20.22  25.18  26.23  22.07  26.10  24.02  25.01  25.10 999.00  24.87  26.88  26.13  19.74  24.82  12.13  25.27   7.57  25.35  25.81  23.97  25.92  25.98  26.61  28.01  23.22  25.54  26.33
 wrfout_d04_2016-11-18_12:00:00 999.00  25.98  19.73  23.70  19.31  24.87  25.80  21.81  26.66  23.70  24.60  25.05 999.00  24.42  26.75  25.86  19.32  24.80  11.73  24.80   6.75  25.12  25.79  23.65  25.71  25.77  26.24  27.93  22.96  25.28  26.17
 wrfout_d04_2016-11-18_13:00:00 999.00  25.92  18.76  23.07  19.07  24.56  25.37  21.58  25.81  23.25  24.28  24.92 999.00  24.17  26.50  25.68  19.02  24.70  11.39  24.32   6.93  25.11  25.67  23.43  25.45  25.54  25.99  27.80  22.75  25.15  25.95
 wrfout_d04_2016-11-18_14:00:00 999.00  25.88  18.41  22.76  18.93  24.04  25.17  21.31  25.01  22.76  24.05  24.69 999.00  24.02  25.72  25.48  18.77  24.54  11.07  23.84   6.99  25.12  25.47  23.19  25.17  25.24  25.76  27.60  22.59  24.72  25.65
 wrfout_d04_2016-11-18_15:00:00 999.00  25.83  18.31  22.44  18.83  23.58  24.47  21.03  24.29  22.35  23.71  24.43 999.00  23.68  24.98  25.31  18.49  24.27  10.77  23.42   6.60  25.10  25.27  22.99  24.78  25.01  25.51  27.21  22.44  24.60  25.40
 wrfout_d04_2016-11-18_16:00:00 999.00  25.76  18.13  21.98  18.74  23.18  23.75  20.77  23.55  21.60  23.30  23.86 999.00  22.85  24.56  25.07  18.23  23.56  10.49  22.91   6.33  25.08  25.05  22.80  24.35  24.67  25.33  26.90  22.30  24.42  25.14
 wrfout_d04_2016-11-18_17:00:00 999.00  25.71  17.92  21.57  18.58  23.00  23.33  20.52  23.13  21.14  22.92  23.45 999.00  22.66  24.30  24.82  17.99  23.38  10.29  22.66   5.81  25.00  24.81  22.67  24.01  24.33  25.20  26.71  22.19  24.27  25.08
 wrfout_d04_2016-11-18_18:00:00 999.00  25.63  17.75  21.30  18.41  22.54  22.71  20.22  22.59  20.53  22.62  23.19 999.00  22.22  24.02  24.29  17.77  23.01  10.11  22.18   4.84  24.89  24.50  22.54  23.60  23.97  24.95  26.42  22.05  24.17  24.91
 wrfout_d04_2016-11-18_19:00:00 999.00  25.48  17.60  21.08  18.24  22.18  22.27  19.91  22.22  20.10  22.46  23.06 999.00  21.91  23.58  24.02  17.57  22.76   9.92  21.76   4.60  25.02  24.24  22.46  23.30  23.64  24.76  26.21  21.93  24.18  24.89
 wrfout_d04_2016-11-18_20:00:00 999.00  25.48  17.44  20.84  18.10  21.76  21.74  19.63  21.75  19.56  22.24  22.82 999.00  21.74  22.90  23.63  17.41  22.42   9.78  20.91   4.38  25.14  24.11  22.36  23.00  23.46  24.25  25.94  21.80  24.14  24.82
 wrfout_d04_2016-11-18_21:00:00 999.00  25.45  17.29  20.63  17.97  21.60  21.34  19.42  21.44  19.15  22.12  22.60 999.00  21.48  22.27  23.44  17.28  22.13   9.69  19.67   4.24  25.09  23.71  22.24  22.75  22.98  23.98  25.76  21.78  24.20  24.82
 wrfout_d04_2016-11-18_22:00:00 999.00  25.41  17.16  20.43  17.87  21.51  21.12  20.24  21.29  19.31  22.05  22.49 999.00  21.37  21.77  23.48  17.17  22.10   9.60  19.51   4.15  24.83  23.26  22.19  22.52  22.83  23.98  25.83  21.72  24.24  24.92
 wrfout_d04_2016-11-18_23:00:00 999.00  25.37  20.08  23.22  21.31  23.68  22.37  20.33  22.97  19.47  24.14  24.76 999.00  21.54  21.91  25.16  20.71  24.13  13.83  19.64   8.54  24.64  22.06  24.64  22.79  23.26  25.27  26.27  24.15  25.76  25.65
