 wrfout_d04_2016-12-28_00:00:00 999.00  15.67   7.67  12.99   8.77  13.69  13.45  13.38  13.00  12.99  13.64  12.94 999.00  13.26  13.48  16.61  13.50  15.03  10.53  11.60   7.28  16.94  15.80  15.61  13.13  13.24  17.26  15.54  16.29  18.26  17.91
 wrfout_d04_2016-12-28_01:00:00 999.00  15.70   7.93  13.49   9.10  13.95  13.89  13.76  13.59  13.34  13.98  13.34 999.00  13.53  13.72  17.01  13.62  15.28  10.44  11.85   7.22  16.97  15.92  15.68  13.14  13.18  17.47  15.76  16.31  18.29  18.52
 wrfout_d04_2016-12-28_02:00:00 999.00  15.73   8.09  13.68   9.35  14.07  14.40  13.87  13.87  13.40  14.32  13.65 999.00  13.80  13.83  17.30  13.03  15.50  10.74  12.04   7.58  17.02  15.51  15.94  13.43  13.61  17.92  16.44  17.39  18.50  18.78
 wrfout_d04_2016-12-28_03:00:00 999.00  15.53   8.69  13.93  10.66  14.35  14.63  14.18  13.95  13.76  14.35  13.81 999.00  13.91  14.03  17.65  12.97  15.70  10.89  12.04   7.26  17.09  15.62  16.26  13.58  13.57  18.16  16.88  17.83  18.47  19.03
 wrfout_d04_2016-12-28_04:00:00 999.00  15.27   8.61  14.42  10.10  14.50  14.72  14.29  14.00  13.82  14.53  14.00 999.00  14.00  14.28  17.56  12.97  15.81  10.81  12.28   7.39  17.21  15.87  16.46  13.66  13.72  18.50  17.41  17.89  18.69  19.00
 wrfout_d04_2016-12-28_05:00:00 999.00  15.49   8.78  14.36  10.10  14.55  14.84  14.33  14.18  13.98  14.78  14.16 999.00  14.23  14.43  17.62  13.52  15.88  10.65  12.36   7.04  17.38  15.81  16.82  13.85  13.88  18.62  17.06  17.51  18.64  19.33
 wrfout_d04_2016-12-28_06:00:00 999.00  15.75   8.75  14.39   9.99  14.62  14.85  14.38  14.30  14.18  14.72  14.24 999.00  14.34  14.68  17.83  13.87  16.10  10.70  12.70   6.86  17.53  15.86  16.92  13.88  14.05  18.92  17.32  16.97  18.50  19.24
 wrfout_d04_2016-12-28_07:00:00 999.00  16.14   8.87  14.40  10.04  14.78  14.82  14.40  14.33  14.13  14.72  14.24 999.00  14.46  14.62  17.87  13.98  16.29  10.74  12.81   6.76  17.86  15.95  16.68  14.04  14.13  18.78  17.45  16.94  18.62  19.30
 wrfout_d04_2016-12-28_08:00:00 999.00  16.55   8.94  14.35  10.07  14.91  14.77  14.53  14.38  14.14  14.80  14.15 999.00  14.53  14.80  17.87  13.95  16.50  10.27  12.98   6.45  18.09  16.17  16.73  14.13  14.34  18.30  16.99  16.72  18.47  19.35
 wrfout_d04_2016-12-28_09:00:00 999.00  16.76   9.03  14.04  10.07  15.02  14.75  14.62  14.46  14.15  14.81  14.22 999.00  14.72  14.68  17.82  13.89  16.69  10.05  13.00   6.12  18.02  16.21  16.64  14.15  14.25  17.81  16.70  16.58  18.94  19.22
 wrfout_d04_2016-12-28_10:00:00 999.00  16.95   9.22  14.09  10.25  15.02  14.85  14.63  14.36  14.26  14.79  14.43 999.00  14.82  14.65  17.78  13.69  16.71   9.85  13.13   5.74  18.10  16.53  16.61  14.31  14.44  17.47  17.00  16.48  18.84  19.25
 wrfout_d04_2016-12-28_11:00:00 999.00  17.24   9.43  14.21  10.46  15.23  14.95  14.87  14.40  14.42  14.81  14.63 999.00  14.89  14.56  17.83  13.81  16.98   9.74  12.90   5.58  18.29  16.73  16.75  14.29  14.44  17.49  16.58  16.43  18.80  19.10
 wrfout_d04_2016-12-28_12:00:00 999.00  17.21   9.62  14.29  10.66  15.31  15.06  15.04  14.60  14.45  14.59  14.78 999.00  14.99  14.73  17.90  13.84  16.99   9.60  13.12   5.44  18.37  16.76  16.90  14.36  14.46  17.38  16.69  16.53  18.97  19.08
 wrfout_d04_2016-12-28_13:00:00 999.00  17.52   9.81  14.37  10.84  15.42  15.18  15.20  14.73  14.54  14.30  14.80 999.00  15.10  14.79  17.99  13.84  16.96   9.76  13.13   5.48  18.49  17.05  16.91  14.41  14.63  17.44  16.62  16.60  19.08  19.08
 wrfout_d04_2016-12-28_14:00:00 999.00  17.63  10.02  14.49  11.08  15.42  15.28  15.44  14.83  14.69  14.27  14.79 999.00  15.25  14.78  18.03  13.79  16.97   9.66  12.85   5.42  18.61  17.34  16.99  14.42  14.57  17.57  16.53  16.61  19.17  19.08
 wrfout_d04_2016-12-28_15:00:00 999.00  17.79  10.01  14.65  11.12  15.50  15.56  15.92  14.77  14.85  14.43  14.81 999.00  15.59  14.58  18.12  13.75  16.90   9.57  12.78   5.39  18.68  17.45  17.09  14.57  14.70  17.69  16.36  16.68  19.12  18.75
 wrfout_d04_2016-12-28_16:00:00 999.00  17.63   9.89  14.64  10.96  15.72  15.27  16.03  14.72  15.13  14.55  14.86 999.00  15.98  14.79  18.21  13.68  16.92   9.71  12.64   5.41  18.77  17.32  17.22  14.57  14.68  18.01  16.04  16.83  19.37  18.72
 wrfout_d04_2016-12-28_17:00:00 999.00  17.28   9.85  14.62  10.64  15.74  15.34  15.95  15.02  15.25  14.80  14.84 999.00  16.09  14.97  18.25  13.38  17.08   9.77  12.70   5.41  18.71  17.56  17.32  14.69  14.73  18.12  16.17  16.97  19.41  19.22
 wrfout_d04_2016-12-28_18:00:00 999.00  16.95   9.77  14.44  10.86  15.66  15.19  15.80  14.67  15.29  15.13  14.77 999.00  16.07  14.89  18.53  13.22  17.15   9.79  12.80   5.33  18.98  17.65  17.34  14.86  14.99  18.20  15.82  17.05  19.64  18.82
 wrfout_d04_2016-12-28_19:00:00 999.00  16.92   9.56  14.25  10.72  15.66  15.18  15.74  14.74  15.31  15.03  14.82 999.00  16.18  14.98  18.60  13.33  16.92   9.91  13.11   5.41  18.80  17.70  17.39  15.01  15.20  18.35  15.80  17.22  19.49  18.86
 wrfout_d04_2016-12-28_20:00:00 999.00  16.70   9.27  14.01  10.40  15.48  15.01  15.63  14.62  15.17  14.85  14.69 999.00  16.13  14.78  18.55  13.08  17.08  10.31  13.36   5.55  18.77  17.91  17.36  15.24  15.27  18.40  15.86  17.43  19.59  19.04
 wrfout_d04_2016-12-28_21:00:00 999.00  16.65   9.20  13.89  10.08  15.28  14.62  15.63  14.28  14.99  14.83  14.59 999.00  15.98  15.01  18.52  13.01  16.84   9.84  13.42   5.70  18.52  18.19  17.40  15.41  15.42  18.28  15.93  17.48  19.82  19.17
 wrfout_d04_2016-12-28_22:00:00 999.00  16.72   9.02  13.94  10.10  15.26  14.70  15.60  14.37  14.98  14.92  14.67 999.00  15.80  14.76  18.43  13.19  16.73  10.02  13.57   5.46  18.53  18.05  17.45  15.46  15.52  18.29  16.04  17.43  19.69  19.40
 wrfout_d04_2016-12-28_23:00:00 999.00  16.46   8.96  13.98  10.09  15.30  14.86  15.52  14.51  15.01  15.27  14.69 999.00  15.82  14.89  18.42  13.27  16.70  10.04  13.69   5.02  18.48  18.10  17.45  15.53  15.59  18.54  16.78  17.35  19.96  19.58
