 wrfout_d04_2016-02-09_00:00:00 999.00  16.87   9.99  15.34  11.54  14.49  15.27  12.50  13.54   9.81  15.11  14.97 999.00  13.13  12.36  16.41  12.26  16.05   8.26  12.03   3.58  17.13  15.31  16.90  12.61  13.78  17.74  17.11  16.57  17.75  19.01
 wrfout_d04_2016-02-09_01:00:00 999.00  18.07  12.29  18.09  13.88  17.41  17.95  15.02  15.59  13.99  17.14  17.90 999.00  15.31  14.65  18.23  15.67  16.44  10.03  13.53   3.96  16.58  15.79  18.05  14.70  15.35  19.58  18.52  18.18  17.54  20.25
 wrfout_d04_2016-02-09_02:00:00 999.00  18.37  13.52  19.59  15.07  19.33  19.89  16.29  17.76  16.39  18.38  19.06 999.00  16.48  17.03  19.69  16.06  17.14  10.92  15.54   5.30  16.67  16.41  18.69  17.28  17.71  20.67  19.97  19.21  18.11  21.17
 wrfout_d04_2016-02-09_03:00:00 999.00  18.67  14.43  20.58  15.97  20.25  21.43  16.63  20.50  17.72  19.64  19.69 999.00  17.23  19.04  20.59  17.07  17.63  11.46  17.18   5.83  16.77  16.79  19.25  18.85  19.13  21.40  21.26  19.83  19.33  21.84
 wrfout_d04_2016-02-09_04:00:00 999.00  18.85  15.07  21.23  16.57  20.81  22.07  17.02  22.60  19.24  20.46  20.07 999.00  17.59  20.25  20.96  17.62  17.97  11.57  18.71   6.13  16.91  17.15  19.71  20.15  20.49  21.86  21.97  20.30  20.86  22.27
 wrfout_d04_2016-02-09_05:00:00 999.00  19.04  15.29  21.53  16.74  20.99  22.47  17.57  23.03  19.97  20.62  20.30 999.00  17.67  21.31  21.33  17.91  18.11  11.52  19.59   6.08  17.04  17.47  20.05  21.16  21.19  22.09  21.91  20.61  20.98  22.52
 wrfout_d04_2016-02-09_06:00:00 999.00  19.14  15.09  21.34  16.51  20.84  22.24  17.75  22.72  20.16  20.59  20.33 999.00  17.57  21.88  21.49  17.86  18.06  11.07  20.26   5.57  17.16  17.76  20.16  21.48  21.55  22.23  21.88  20.61  20.91  22.31
 wrfout_d04_2016-02-09_07:00:00 999.00  19.19  14.49  20.64  15.89  20.45  21.65  17.46  22.09  20.23  20.46  20.08 999.00  17.25  21.68  20.99  17.23  17.90  10.36  20.50   4.94  17.21  17.97  20.07  21.40  21.47  22.21  21.32  20.15  20.59  21.37
 wrfout_d04_2016-02-09_08:00:00 999.00  19.28  13.55  19.53  14.92  19.74  20.59  17.55  21.07  19.52  20.14  19.67 999.00  16.92  20.04  20.64  16.08  17.48   9.14  20.01   4.02  17.35  18.11  19.86  20.77  20.73  21.93  20.86  19.12  20.06  20.98
 wrfout_d04_2016-02-09_09:00:00 999.00  19.49  12.05  17.58  13.29  18.71  19.32  17.40  19.61  18.04  19.52  18.78 999.00  16.33  18.95  20.61  14.39  16.98   7.40  18.53   1.96  17.48  18.28  18.99  19.36  19.69  21.47  20.93  18.64  19.02  20.80
 wrfout_d04_2016-02-09_10:00:00 999.00  19.59  11.05  16.43  12.15  17.35  17.92  15.74  18.06  16.16  19.10  17.77 999.00  15.70  18.01  20.62  10.37  16.33   2.27  16.90  -3.00  17.61  18.41  16.96  18.47  18.91  20.89  21.25  16.77  17.75  20.33
 wrfout_d04_2016-02-09_11:00:00 999.00  19.35  10.94  16.27  12.03  16.37  16.93  15.03  17.23  16.41  18.88  17.53 999.00  15.52  16.81  20.27   9.74  16.10   2.27  15.69  -2.66  17.71  18.33  16.55  17.88  18.25  20.25  21.60  16.01  17.69  20.00
 wrfout_d04_2016-02-09_12:00:00 999.00  19.44  10.85  16.14  11.93  15.68  15.96  14.24  16.66  15.19  18.73  17.40 999.00  15.42  16.51  19.96   9.41  16.11   2.10  14.73  -1.92  17.89  17.55  16.20  17.49  17.93  19.08  21.64  15.47  17.77  19.85
 wrfout_d04_2016-02-09_13:00:00 999.00  19.49  10.81  16.06  11.87  15.32  15.38  13.50  15.58  13.98  18.67  17.28 999.00  15.35  16.62  19.73   9.23  16.24   2.09  14.35  -0.63  17.44  17.24  15.84  16.94  17.46  18.72  21.10  15.01  17.81  19.68
 wrfout_d04_2016-02-09_14:00:00 999.00  19.56  10.79  16.02  11.84  14.73  14.87  12.87  15.09  12.94  18.44  16.94 999.00  15.26  16.47  19.69   9.08  16.21   4.08  14.19  -0.69  17.52  17.32  15.59  16.40  16.81  18.43  20.62  15.15  17.73  19.54
 wrfout_d04_2016-02-09_15:00:00 999.00  19.52  10.82  15.97  11.82  14.18  14.44  12.46  14.65  12.16  17.97  16.58 999.00  15.06  16.09  19.39   9.01  16.21   4.79  13.45  -0.95  17.51  17.07  15.36  15.61  16.03  18.17  20.29  15.25  18.32  19.42
 wrfout_d04_2016-02-09_16:00:00 999.00  19.55  10.91  15.96  11.86  13.77  14.05  12.28  14.27  11.48  17.09  16.28 999.00  14.88  15.56  19.06   9.01  15.80   2.56  13.22  -0.17  17.81  16.55  15.18  14.99  15.57  17.93  18.67  15.20  18.40  19.23
 wrfout_d04_2016-02-09_17:00:00 999.00  19.52  11.00  15.96  11.91  13.50  13.82  11.98  14.10  11.14  16.30  16.46 999.00  14.84  14.65  19.05   8.60  16.20   1.73  13.06   1.15  17.87  15.68  14.99  14.84  15.61  17.84  18.45  15.17  18.41  19.19
 wrfout_d04_2016-02-09_18:00:00 999.00  19.48  11.06  15.98  11.95  13.06  13.49  11.75  13.81  10.57  15.95  16.51 999.00  14.17  13.92  18.37   8.57  16.14   5.16  12.70   1.43  17.92  15.60  14.94  15.02  15.62  17.62  18.71  15.02  18.48  19.03
 wrfout_d04_2016-02-09_19:00:00 999.00  19.42  11.14  16.02  11.95  12.87  13.38  11.55  13.41  10.21  15.03  16.70 999.00  13.68  13.85  18.50   8.54  16.10   5.62  12.48   1.33  17.84  16.14  16.59  15.29  15.83  17.50  18.99  14.94  18.48  18.81
 wrfout_d04_2016-02-09_20:00:00 999.00  19.39  11.23  15.95  11.77  12.71  13.08  11.17  12.89   9.77  16.75  16.00 999.00  13.16  13.15  18.37   8.63  16.22   5.65  12.40   1.04  17.96  16.77  16.61  15.27  15.96  16.52  18.77  15.28  18.59  18.73
 wrfout_d04_2016-02-09_21:00:00 999.00  19.44  11.31  15.69  11.53  12.82  12.68  11.02  11.92   9.45  16.47  14.49 999.00  14.43  12.70  17.44   8.80  16.24   5.57  12.65   0.41  18.09  16.97  16.55  15.13  15.68  18.04  18.93  16.15  18.66  18.86
 wrfout_d04_2016-02-09_22:00:00 999.00  19.67  11.32  15.62  11.16  13.02  12.91  10.93  11.85   9.64  14.63  14.40 999.00  14.80  12.93  18.44   8.88  16.59   5.97  13.14   0.24  18.13  16.74  15.40  15.07  15.59  17.21  19.04  16.32  18.89  19.04
 wrfout_d04_2016-02-09_23:00:00 999.00  19.84  11.82  16.19  12.33  14.87  14.36  11.82  13.55  11.35  16.12  16.75 999.00  15.28  14.26  19.02  11.11  16.93   6.90  13.82   1.34  18.26  16.46  17.06  15.41  15.88  18.66  19.27  16.56  19.18  19.37
