 wrfout_d04_2016-05-17_00:00:00 999.00  22.04  15.57  21.89  17.10  20.62  20.97  21.17  20.99  21.43  20.93  20.91 999.00  22.26  22.94  24.46  24.04  24.44  16.86  21.30  11.00  25.66  24.53  25.15  25.39  25.72  26.38  27.38  24.31  26.04  26.35
 wrfout_d04_2016-05-17_01:00:00 999.00  22.20  15.93  22.76  18.11  21.02  21.73  21.38  21.53  21.76  21.32  21.53 999.00  22.46  23.74  26.22  25.45  24.88  17.94  22.67  11.18  25.65  25.01  25.41  26.93  27.15  27.20  28.77  26.55  25.80  28.37
 wrfout_d04_2016-05-17_02:00:00 999.00  22.34  16.62  22.96  19.07  21.51  23.70  21.65  22.73  21.97  22.12  22.24 999.00  22.91  23.75  26.89  26.25  25.36  18.57  24.84  10.58  25.67  25.15  27.35  27.83  28.34  28.03  29.41  26.64  25.52  27.90
 wrfout_d04_2016-05-17_03:00:00 999.00  22.52  17.49  23.78  19.94  22.23  23.09  22.09  23.83  22.04  22.39  23.21 999.00  22.92  23.73  26.07  26.63  24.78  18.79  24.30  10.21  25.67  25.68  28.12  26.92  27.44  28.59  30.61  27.85  25.48  30.12
 wrfout_d04_2016-05-17_04:00:00 999.00  22.60  16.94  23.18  18.85  22.12  23.90  22.45  23.92  22.18  22.37  22.70 999.00  23.52  24.26  25.74  26.82  24.86  19.24  24.09  10.89  25.69  26.08  27.39  26.97  27.23  29.54  29.61  28.15  25.41  29.60
 wrfout_d04_2016-05-17_05:00:00 999.00  22.64  16.72  22.60  18.77  22.03  23.59  22.24  23.79  22.26  22.16  22.17 999.00  24.19  24.49  25.77  26.59  25.51  18.91  24.00  11.01  25.60  26.44  27.56  29.02  29.20  29.97  29.30  28.51  26.86  30.21
 wrfout_d04_2016-05-17_06:00:00 999.00  22.65  16.92  22.22  19.22  22.32  22.81  22.20  22.95  22.50  21.62  22.07 999.00  24.76  24.58  25.55  23.84  25.50  18.70  23.74  12.32  25.64  26.50  27.26  28.89  29.27  29.43  29.21  28.27  25.89  29.78
 wrfout_d04_2016-05-17_07:00:00 999.00  22.53  16.61  22.40  18.04  22.39  22.71  22.32  22.74  23.44  22.42  21.94 999.00  26.44  25.15  25.08  23.68  25.13  18.23  25.84  11.88  25.63  26.64  26.35  28.24  28.83  29.36  30.60  27.89  25.98  30.02
 wrfout_d04_2016-05-17_08:00:00 999.00  22.61  16.68  22.57  18.50  22.32  22.78  22.24  22.77  22.90  22.11  21.83 999.00  25.29  25.61  25.10  23.20  25.04  17.33  26.32  11.21  25.59  26.61  25.17  28.80  29.23  28.05  30.22  27.43  25.70  28.47
 wrfout_d04_2016-05-17_09:00:00 999.00  22.71  16.26  22.06  17.94  22.24  22.63  22.27  22.66  22.46  21.55  21.96 999.00  25.21  26.81  25.26  23.70  24.95  16.55  25.62  10.19  25.63  26.50  25.39  28.68  28.88  27.56  30.28  26.17  25.45  28.46
 wrfout_d04_2016-05-17_10:00:00 999.00  22.79  16.29  21.65  17.44  22.31  22.58  22.32  22.47  22.49  21.74  21.78 999.00  24.53  25.43  25.35  22.46  24.75  15.03  24.96   8.98  25.66  26.48  24.89  26.96  27.14  27.16  29.82  25.26  25.41  27.93
 wrfout_d04_2016-05-17_11:00:00 999.00  23.03  16.31  21.51  17.48  22.41  22.60  22.22  22.52  22.14  21.64  21.63 999.00  23.45  24.55  25.32  20.45  24.35  13.79  24.01   7.92  25.74  26.21  24.81  26.28  26.50  27.02  29.20  24.69  25.36  27.25
 wrfout_d04_2016-05-17_12:00:00 999.00  23.08  16.57  21.50  17.59  22.57  22.70  22.26  22.54  21.83  21.54  21.95 999.00  22.92  23.48  25.24  19.95  24.23  13.10  23.25   7.81  25.82  26.21  24.64  25.55  25.88  26.76  28.55  23.90  25.09  26.99
 wrfout_d04_2016-05-17_13:00:00 999.00  23.29  16.70  21.54  17.88  22.55  22.80  22.01  22.55  21.65  21.58  21.91 999.00  22.64  22.70  25.04  19.58  24.26  13.27  22.98   7.66  26.09  26.18  24.61  25.12  25.41  26.54  27.68  23.90  24.94  26.46
 wrfout_d04_2016-05-17_14:00:00 999.00  23.60  16.93  21.40  17.95  22.72  22.90  22.25  22.56  21.24  21.64  22.00 999.00  22.53  22.28  24.88  19.31  24.38  13.18  22.61   7.10  25.97  25.93  23.99  24.96  25.05  26.41  27.61  23.48  25.09  26.42
 wrfout_d04_2016-05-17_15:00:00 999.00  23.73  17.16  21.48  18.06  22.65  22.94  22.39  22.53  20.60  21.69  22.05 999.00  22.35  21.83  25.04  18.97  24.42  13.19  22.34   6.92  25.92  25.63  24.29  24.70  24.75  26.39  26.52  24.06  25.09  26.36
 wrfout_d04_2016-05-17_16:00:00 999.00  23.88  17.49  21.68  18.30  22.32  23.05  22.22  21.08  20.34  21.61  22.03 999.00  21.74  21.56  25.31  18.80  24.37  12.96  21.88   5.69  26.03  25.43  23.34  24.24  24.44  26.12  25.93  23.14  24.71  26.05
 wrfout_d04_2016-05-17_17:00:00 999.00  24.04  17.68  21.89  18.93  21.20  22.59  22.38  20.93  20.30  21.67  21.18 999.00  21.39  21.34  24.26  18.49  24.47  12.91  21.52   5.59  25.70  24.83  23.48  23.84  24.07  26.06  25.64  23.28  24.71  25.93
 wrfout_d04_2016-05-17_18:00:00 999.00  24.46  17.89  21.85  19.12  22.40  21.64  22.46  20.77  20.21  21.79  22.00 999.00  21.08  21.03  23.67  18.30  24.50  12.78  20.92   5.32  25.83  24.62  23.40  23.66  23.88  26.12  25.52  22.92  24.71  25.54
 wrfout_d04_2016-05-17_19:00:00 999.00  24.61  18.25  21.79  19.46  22.44  21.29  22.30  20.71  19.97  22.01  22.35 999.00  20.91  20.72  23.40  18.25  24.57  12.25  20.81   5.06  25.71  24.52  23.32  23.27  23.53  26.17  25.31  22.77  24.89  25.50
 wrfout_d04_2016-05-17_20:00:00 999.00  24.34  18.31  21.97  19.37  21.49  21.10  21.85  20.62  19.76  22.22  21.36 999.00  21.00  20.49  23.44  18.30  24.57  11.72  20.91   4.93  25.81  24.59  23.06  22.96  23.18  26.16  25.11  23.16  24.66  25.53
 wrfout_d04_2016-05-17_21:00:00 999.00  24.60  18.34  21.45  19.47  22.49  21.15  21.52  20.66  19.83  21.70  21.21 999.00  20.66  20.26  23.57  18.13  24.64  11.04  20.52   4.70  26.24  24.40  23.13  22.92  23.10  25.63  24.76  22.84  24.70  25.44
 wrfout_d04_2016-05-17_22:00:00 999.00  24.73  19.19  23.84  20.68  23.99  23.48  23.66  23.28  22.45  23.75  23.88 999.00  22.67  21.41  25.21  21.45  25.20  14.14  20.98   8.34  26.39  24.66  25.42  23.23  23.48  26.06  24.98  24.62  25.60  25.80
 wrfout_d04_2016-05-17_23:00:00 999.00  24.81  19.80  24.77  22.07  24.16  25.06  25.30  25.16  24.41  25.46  25.30 999.00  24.31  23.67  27.10  22.76  26.16  15.79  21.80   9.95  26.45  24.77  26.64  24.74  24.89  27.58  26.16  26.84  26.66  27.33
