 wrfout_d04_2016-09-22_00:00:00 999.00  26.28  21.42  26.93  22.96  26.64  27.23  27.02  27.46  28.06  24.95  25.42 999.00  27.95  28.02  26.35  24.37  27.64  17.20  26.60  11.44  27.20  26.48  27.46  27.53  27.97  28.47  29.66  26.85  27.12  28.08
 wrfout_d04_2016-09-22_01:00:00 999.00  26.29  22.28  28.98  23.78  27.27  28.59  28.64  29.21  29.64  25.49  25.99 999.00  29.33  30.05  27.00  25.99  28.45  18.46  28.20  12.37  27.28  27.42  27.91  29.35  29.70  29.32  30.99  27.49  27.88  29.30
 wrfout_d04_2016-09-22_02:00:00 999.00  26.24  22.72  29.64  24.40  27.28  29.31  29.70  30.18  31.11  25.90  27.31 999.00  30.32  31.62  28.03  27.18  29.03  19.19  29.75  13.11  27.38  27.61  28.22  30.93  31.11  29.81  31.88  28.11  28.37  30.16
 wrfout_d04_2016-09-22_03:00:00 999.00  26.23  23.31  30.22  24.80  27.95  29.58  29.73  30.41  32.38  26.30  27.83 999.00  30.66  32.88  28.37  28.03  29.38  19.45  30.87  12.69  27.46  27.67  28.50  32.17  32.35  30.13  32.26  28.46  28.67  30.84
 wrfout_d04_2016-09-22_04:00:00 999.00  26.23  23.12  30.39  24.94  27.46  30.00  29.41  30.72  33.05  26.99  26.66 999.00  30.94  33.73  28.69  28.49  29.63  19.75  31.69  11.83  27.45  27.68  28.41  32.86  32.94  30.27  32.38  28.54  28.86  31.21
 wrfout_d04_2016-09-22_05:00:00 999.00  26.21  22.89  30.33  24.33  26.87  29.68  29.05  30.52  33.16  26.83  26.02 999.00  31.03  34.04  28.44  28.69  29.58  18.25  32.47  11.60  27.51  27.63  28.21  33.06  33.05  30.19  32.23  28.57  28.79  31.30
 wrfout_d04_2016-09-22_06:00:00 999.00  26.20  22.66  29.86  24.16  27.69  29.59  28.84  30.19  32.72  26.18  26.19 999.00  30.99  34.01  28.77  28.68  29.46  18.22  32.48  11.20  27.55  27.64  27.88  32.76  32.82  30.01  31.99  28.29  28.52  31.07
 wrfout_d04_2016-09-22_07:00:00 999.00  26.18  22.31  29.48  23.79  26.60  28.97  28.65  29.42  31.98  25.86  25.98 999.00  30.51  33.76  27.30  27.38  29.09  17.76  31.87  11.00  27.44  27.70  27.65  32.14  32.16  28.74  31.68  27.19  28.08  30.57
 wrfout_d04_2016-09-22_08:00:00 999.00  26.20  21.30  28.23  22.79  26.03  27.90  27.71  28.39  30.56  25.79  25.88 999.00  29.53  33.09  27.65  26.73  28.47  17.42  30.82  10.96  27.53  27.66  26.40  31.30  31.48  28.23  31.17  26.43  27.44  29.92
 wrfout_d04_2016-09-22_09:00:00 999.00  26.17  20.39  26.71  21.73  25.72  26.77  27.13  27.37  28.71  25.58  25.79 999.00  28.61  31.92  26.97  25.94  27.83  16.36  29.41  10.56  27.57  27.68  26.48  30.26  30.52  27.62  30.71  25.93  26.61  28.86
 wrfout_d04_2016-09-22_10:00:00 999.00  26.13  19.92  25.07  21.01  25.67  26.04  26.15  26.17  27.28  25.27  25.72 999.00  27.95  30.53  26.61  24.09  27.15  13.50  28.08   8.74  27.55  27.66  26.13  28.63  28.87  27.46  30.19  24.95  25.80  27.86
 wrfout_d04_2016-09-22_11:00:00 999.00  26.08  19.83  24.32  20.93  25.53  25.67  25.71  25.78  26.39  25.22  25.68 999.00  27.75  29.64  26.34  22.47  26.94  13.51  26.81   7.38  27.49  27.39  25.82  28.13  28.21  27.41  30.00  25.18  25.69  27.54
 wrfout_d04_2016-09-22_12:00:00 999.00  26.07  19.84  24.15  21.03  25.45  25.54  25.43  25.48  26.22  24.99  25.69 999.00  27.55  29.25  26.33  21.98  26.77  13.58  26.19   7.06  27.41  27.36  26.04  27.75  28.02  27.52  30.12  24.70  25.62  27.30
 wrfout_d04_2016-09-22_13:00:00 999.00  26.13  19.81  23.99  21.00  25.36  25.54  25.35  25.58  26.17  24.98  25.56 999.00  26.90  28.89  26.32  21.53  26.71  13.43  25.85   6.80  27.33  27.21  26.17  27.42  27.61  27.48  30.05  24.89  25.55  27.22
 wrfout_d04_2016-09-22_14:00:00 999.00  26.14  19.72  24.27  20.94  25.04  25.40  25.25  25.49  26.09  24.93  25.54 999.00  26.46  28.37  26.04  21.20  26.79  13.36  25.71   6.69  27.45  26.94  25.75  26.97  27.27  27.40  29.90  24.66  25.47  27.09
 wrfout_d04_2016-09-22_15:00:00 999.00  26.13  19.67  24.05  20.87  25.15  25.20  25.12  25.15  25.94  24.82  25.34 999.00  26.22  27.97  25.29  21.06  26.79  13.16  25.74   6.56  27.53  26.65  25.70  26.56  26.97  27.27  29.49  24.60  25.39  26.76
 wrfout_d04_2016-09-22_16:00:00 999.00  26.08  19.58  23.44  20.95  25.18  25.20  25.00  25.06  25.82  23.72  24.99 999.00  26.16  27.55  25.13  20.86  26.68  12.85  25.43   6.40  27.37  26.56  25.34  26.20  26.64  27.25  29.16  24.23  25.31  26.47
 wrfout_d04_2016-09-22_17:00:00 999.00  26.04  19.52  23.31  20.93  25.16  25.06  24.90  24.96  25.42  24.73  24.87 999.00  26.16  27.01  24.79  20.65  26.51  12.69  25.22   6.34  27.31  26.72  24.68  26.02  26.37  27.13  29.05  24.38  25.30  26.40
 wrfout_d04_2016-09-22_18:00:00 999.00  26.01  19.74  23.07  20.91  25.03  24.89  24.75  24.75  25.15  24.34  24.60 999.00  26.08  26.62  24.52  20.34  26.39  12.51  24.92   6.16  27.35  26.74  24.65  25.85  26.20  27.15  28.78  24.18  25.29  26.04
 wrfout_d04_2016-09-22_19:00:00 999.00  25.96  19.48  23.05  20.87  24.15  24.69  24.68  24.63  24.89  24.32  23.98 999.00  26.35  26.35  25.65  20.03  26.28  12.15  24.79   6.05  27.31  26.40  24.37  25.61  25.93  26.76  28.63  23.66  25.29  26.14
 wrfout_d04_2016-09-22_20:00:00 999.00  25.93  19.67  22.89  20.87  24.09  24.72  24.61  24.57  24.13  24.17  23.98 999.00  25.97  26.08  25.20  19.85  26.20  11.75  24.63   5.77  27.21  26.15  24.24  25.48  25.79  26.73  28.41  24.18  25.31  26.14
 wrfout_d04_2016-09-22_21:00:00 999.00  25.88  19.45  22.73  20.80  24.20  24.57  24.51  24.37  24.17  24.19  24.45 999.00  25.64  25.89  24.27  19.65  26.12  11.68  24.47   5.54  27.20  25.97  24.07  25.29  25.64  26.50  28.25  23.58  25.50  26.08
 wrfout_d04_2016-09-22_22:00:00 999.00  25.83  19.57  23.12  20.93  24.82  24.68  24.50  24.41  24.29  24.24  24.92 999.00  25.53  25.74  24.55  19.86  26.11  11.94  24.46   5.76  27.16  25.62  24.63  25.16  25.55  26.61  28.24  23.67  25.60  26.24
 wrfout_d04_2016-09-22_23:00:00 999.00  25.80  20.32  26.40  21.76  25.05  25.73  25.82  25.83  26.00  24.81  25.31 999.00  26.69  26.61  25.11  22.86  26.87  16.43  25.31  10.55  27.13  25.59  25.90  26.05  26.44  27.40  28.88  24.48  26.31  27.13
