 wrfout_d04_2016-08-07_00:00:00 999.00  29.06  23.99  29.96  26.19  29.66  29.48  29.24  29.39  29.67  30.26  29.59 999.00  29.34  28.59  29.58  25.67  29.50  17.78  27.51  12.07  28.61  28.07  28.59  29.26  29.53  29.91  31.04  27.34  28.60  29.29
 wrfout_d04_2016-08-07_01:00:00 999.00  28.46  25.85  30.89  26.95  29.93  31.14  29.90  31.01  31.08  31.21  30.41 999.00  30.28  28.72  30.13  25.53  29.99  19.14  28.99  13.30  28.23  27.25  28.78  28.68  29.21  30.17  30.96  28.36  28.83  29.49
 wrfout_d04_2016-08-07_02:00:00 999.00  28.51  26.49  31.33  28.17  30.56  32.47  30.21  32.46  32.38  31.86  31.00 999.00  31.48  30.93  30.88  26.94  30.52  19.94  29.90  13.95  28.19  27.74  29.16  30.48  30.25  30.67  31.66  28.65  29.09  30.03
 wrfout_d04_2016-08-07_03:00:00 999.00  28.56  27.38  31.51  27.95  30.90  33.52  30.42  33.78  33.00  32.19  31.30 999.00  31.76  32.61  31.45  28.29  29.03  20.18  31.17  14.28  28.17  27.80  29.55  32.02  31.89  31.21  32.13  29.05  29.27  30.61
 wrfout_d04_2016-08-07_04:00:00 999.00  28.58  28.03  31.67  29.13  30.92  33.73  30.47  34.36  33.25  32.47  31.40 999.00  31.59  34.15  31.67  29.07  28.65  21.03  32.48  14.55  28.22  27.95  29.96  33.21  32.97  31.51  32.36  29.26  29.54  30.94
 wrfout_d04_2016-08-07_05:00:00 999.00  28.60  28.02  31.84  29.47  30.91  33.78  30.38  34.27  33.05  32.58  31.36 999.00  31.57  34.92  31.90  29.52  28.73  20.82  33.58  14.29  28.15  28.14  29.94  33.57  33.52  31.24  32.59  29.39  29.25  30.70
 wrfout_d04_2016-08-07_06:00:00 999.00  28.64  27.65  31.76  29.91  30.76  33.75  30.27  34.00  32.59  32.29  31.16 999.00  31.38  34.46  31.77  29.60  28.58  20.08  34.27  14.27  28.13  28.26  29.92  33.60  33.54  30.10  32.44  29.20  29.24  30.56
 wrfout_d04_2016-08-07_07:00:00 999.00  28.67  27.20  31.40  29.50  30.47  33.64  30.09  33.57  32.15  32.21  30.84 999.00  31.01  33.56  31.53  29.33  28.27  19.90  33.76  13.61  28.19  28.22  29.65  33.08  33.04  29.81  32.28  28.85  29.15  30.71
 wrfout_d04_2016-08-07_08:00:00 999.00  28.70  26.30  30.87  28.61  30.07  33.13  29.78  32.97  31.57  32.02  30.31 999.00  30.88  33.12  30.45  28.84  28.11  17.80  32.69  12.43  28.14  28.23  29.40  32.23  32.18  29.88  31.95  28.19  28.58  30.39
 wrfout_d04_2016-08-07_09:00:00 999.00  28.74  24.98  29.89  26.96  29.48  32.33  29.31  31.95  31.07  31.19  29.50 999.00  30.00  32.23  30.36  27.26  28.11  17.52  31.47  12.47  28.12  28.23  28.23  30.61  29.95  29.72  31.66  27.57  28.36  29.97
 wrfout_d04_2016-08-07_10:00:00 999.00  28.79  23.52  28.71  25.19  28.77  31.11  28.58  30.94  30.50  30.52  28.93 999.00  29.32  31.12  29.26  25.75  28.06  16.73  29.23  11.16  28.16  28.32  27.84  29.47  29.34  28.74  30.77  26.93  27.37  29.56
 wrfout_d04_2016-08-07_11:00:00 999.00  28.83  22.50  27.76  24.00  28.28  30.08  28.13  30.18  29.36  29.46  28.60 999.00  28.76  30.08  28.94  23.90  27.89  14.55  28.87   8.69  28.23  28.39  26.64  28.84  28.95  28.44  30.71  26.00  25.89  29.16
 wrfout_d04_2016-08-07_12:00:00 999.00  28.83  22.34  27.09  23.55  27.99  29.45  27.97  29.49  28.53  28.77  28.47 999.00  28.33  29.46  28.63  23.27  27.85  14.52  28.47   7.79  28.22  28.30  26.38  28.77  28.61  27.94  30.83  25.46  25.66  29.04
 wrfout_d04_2016-08-07_13:00:00 999.00  28.82  21.91  26.88  22.74  27.68  29.00  27.84  28.80  28.29  28.44  28.32 999.00  28.11  28.76  28.58  22.89  27.76  14.10  27.93   7.47  28.18  28.34  26.03  28.35  28.21  27.72  30.78  25.18  25.46  28.91
 wrfout_d04_2016-08-07_14:00:00 999.00  28.77  21.70  26.59  22.53  27.40  28.73  27.67  28.52  28.07  28.08  28.12 999.00  27.94  28.35  28.27  22.54  26.79  13.99  27.44   7.15  28.03  28.18  25.94  28.08  28.03  27.66  30.34  24.96  25.23  28.63
 wrfout_d04_2016-08-07_15:00:00 999.00  28.73  21.56  26.22  22.36  27.15  28.42  27.48  28.27  27.76  27.83  27.75 999.00  27.73  27.87  28.03  22.23  26.34  13.79  26.70   6.90  27.97  28.16  25.75  27.72  27.75  27.40  29.66  24.73  25.05  28.47
 wrfout_d04_2016-08-07_16:00:00 999.00  28.70  21.46  25.87  22.14  26.94  28.18  27.19  28.05  27.49  27.43  27.66 999.00  27.63  27.54  27.92  22.00  26.06  13.63  26.26   6.74  27.89  27.99  25.56  27.49  27.47  27.35  29.40  24.53  24.90  28.22
 wrfout_d04_2016-08-07_17:00:00 999.00  28.64  21.94  25.54  21.90  26.83  27.96  26.73  27.82  27.28  27.18  27.69 999.00  27.48  27.36  27.83  21.65  25.98  13.45  26.15   6.61  27.75  27.88  25.36  27.31  27.30  27.09  29.26  24.33  24.83  28.13
 wrfout_d04_2016-08-07_18:00:00 999.00  28.53  21.84  25.31  21.71  26.53  27.73  26.48  27.51  27.12  26.76  27.73 999.00  27.32  27.34  27.65  21.27  25.72  13.20  25.83   6.36  27.75  27.77  25.17  27.07  27.16  26.93  29.17  24.22  25.17  27.97
 wrfout_d04_2016-08-07_19:00:00 999.00  28.43  21.78  25.11  21.54  26.31  27.44  26.18  27.11  26.94  26.59  27.34 999.00  27.17  27.26  27.50  21.03  26.13  12.88  25.70   6.19  27.72  27.75  25.04  26.80  27.01  26.88  28.93  24.16  25.57  27.78
 wrfout_d04_2016-08-07_20:00:00 999.00  28.37  21.74  24.90  21.39  26.14  27.14  25.81  26.80  26.72  26.31  27.04 999.00  27.11  27.09  27.42  20.87  26.24  12.73  25.57   5.95  27.70  27.70  24.89  26.52  26.75  26.54  28.47  24.07  25.72  27.57
 wrfout_d04_2016-08-07_21:00:00 999.00  28.35  21.79  24.89  22.22  25.85  26.90  25.51  26.59  26.48  26.25  27.00 999.00  27.02  26.82  27.32  20.69  26.21  12.54  25.58   5.79  27.80  27.06  24.81  26.13  26.48  26.25  28.10  23.92  25.80  27.45
 wrfout_d04_2016-08-07_22:00:00 999.00  28.34  22.13  26.91  23.25  26.18  27.10  26.52  26.90  26.29  27.06  27.44 999.00  27.05  26.67  27.42  22.12  27.03  14.08  25.59   7.70  27.71  26.77  26.04  26.02  26.37  26.55  28.11  24.72  26.28  27.56
 wrfout_d04_2016-08-07_23:00:00 999.00  28.36  23.27  28.41  24.85  28.22  28.64  28.11  28.50  27.91  29.36  28.94 999.00  28.16  27.75  28.50  24.00  27.46  20.62  26.55  11.30  27.79  26.80  27.97  26.72  27.52  28.10  29.02  27.44  27.35  28.32
