 wrfout_d04_2016-11-20_00:00:00 999.00  24.37  21.46  25.46  22.50  25.65  24.89  24.77  25.03  24.67  26.21  26.62 999.00  25.52  25.49  27.41  24.66  23.87  16.53  22.68  10.75  24.58  24.67  26.85  24.15  24.97  27.66  29.31  26.35  26.72  27.17
 wrfout_d04_2016-11-20_01:00:00 999.00  24.47  22.40  26.86  24.28  26.83  26.08  26.21  26.37  26.47  27.36  28.04 999.00  26.18  26.78  28.43  24.27  25.79  18.08  24.92  12.02  25.49  25.09  26.97  25.50  25.60  27.27  28.79  25.87  26.62  27.15
 wrfout_d04_2016-11-20_02:00:00 999.00  24.57  23.22  28.33  25.22  27.16  28.30  26.56  27.71  28.05  28.19  28.73 999.00  27.44  28.95  29.15  28.23  24.90  18.89  27.10  12.67  25.53  26.25  26.92  27.44  27.43  27.63  29.25  26.76  26.65  27.83
 wrfout_d04_2016-11-20_03:00:00 999.00  24.43  23.22  29.51  25.29  26.59  30.32  27.05  29.43  29.71  28.81  29.34 999.00  27.82  30.43  29.21  27.24  26.98  19.00  29.03  11.01  25.64  26.55  26.80  28.76  28.60  28.12  30.16  27.28  26.92  28.21
 wrfout_d04_2016-11-20_04:00:00 999.00  24.58  23.10  30.43  25.14  26.84  29.86  27.10  30.26  30.40  28.98  29.27 999.00  28.60  31.42  29.28  27.42  27.09  19.41  29.29  10.27  25.64  26.51  27.57  28.58  28.58  28.27  30.41  27.61  27.04  28.48
 wrfout_d04_2016-11-20_05:00:00 999.00  24.58  22.67  30.20  24.62  26.56  29.93  26.94  30.07  30.50  29.05  28.46 999.00  28.60  32.64  27.65  27.50  27.67  18.93  30.00  10.78  25.79  26.72  27.96  28.65  28.75  28.26  30.62  28.17  27.05  28.42
 wrfout_d04_2016-11-20_06:00:00 999.00  24.86  22.01  29.30  23.92  25.95  29.10  26.20  29.53  29.17  28.01  25.95 999.00  28.16  31.81  26.51  27.09  27.42  18.12  29.17  10.75  25.93  26.68  27.63  28.58  28.56  28.31  30.44  27.13  26.62  28.12
 wrfout_d04_2016-11-20_07:00:00 999.00  24.75  21.33  28.86  23.20  25.38  28.17  25.81  28.21  28.67  27.66  25.48 999.00  26.72  30.23  25.44  25.99  26.54  17.40  27.88  11.40  26.08  26.67  27.35  28.40  28.30  28.57  30.20  27.49  26.37  28.38
 wrfout_d04_2016-11-20_08:00:00 999.00  24.70  20.19  27.39  21.73  24.88  26.62  25.35  26.59  28.02  25.40  23.05 999.00  26.24  29.50  24.44  24.39  25.78  16.23  26.66  10.38  25.98  26.73  26.79  27.97  28.03  28.12  29.74  26.38  26.02  27.85
 wrfout_d04_2016-11-20_09:00:00 999.00  24.78  19.27  24.89  20.74  24.71  25.33  24.67  25.53  26.82  23.36  23.37 999.00  25.87  28.72  24.30  21.72  25.57  12.52  26.09   6.78  25.82  26.73  25.87  27.07  27.30  27.54  29.18  25.12  25.64  27.41
 wrfout_d04_2016-11-20_10:00:00 999.00  24.93  19.59  25.42  21.03  23.94  25.07  24.84  25.13  26.00  23.50  23.63 999.00  25.61  28.33  24.85  20.74  25.56  13.58  25.73   7.45  25.70  26.52  25.50  26.54  26.83  27.05  29.13  25.07  25.63  27.32
 wrfout_d04_2016-11-20_11:00:00 999.00  24.48  19.41  25.20  20.77  24.04  25.01  24.95  25.36  26.14  22.95  23.73 999.00  25.68  28.18  24.99  20.41  25.28  11.66  25.82   7.48  25.79  26.49  25.46  26.05  26.39  27.17  29.70  24.73  25.51  27.12
 wrfout_d04_2016-11-20_12:00:00 999.00  24.02  19.04  24.85  20.30  23.74  24.87  25.10  25.45  25.82  22.86  23.92 999.00  26.01  27.15  25.41  20.13  25.25  12.48  25.01   7.22  25.75  26.33  24.64  25.89  26.23  26.88  29.87  24.87  25.47  27.04
 wrfout_d04_2016-11-20_13:00:00 999.00  24.12  18.92  24.60  20.31  23.68  24.64  25.66  25.00  25.31  23.44  23.54 999.00  26.10  26.71  25.09  19.72  25.12  12.52  25.92   7.26  25.69  25.68  24.48  25.78  26.15  27.03  29.91  24.11  25.37  26.70
 wrfout_d04_2016-11-20_14:00:00 999.00  24.81  19.30  24.88  20.47  23.73  24.83  25.49  25.02  25.98  23.86  23.40 999.00  25.82  26.41  24.51  19.46  25.26  13.45  24.57   7.19  25.84  25.73  24.33  25.37  25.95  25.79  29.21  23.55  25.28  26.59
 wrfout_d04_2016-11-20_15:00:00 999.00  24.78  19.29  24.74  20.20  23.68  24.46  24.99  24.89  24.60  23.87  23.45 999.00  25.42  26.15  24.68  19.28  25.06  13.58  25.07   7.63  25.82  25.42  24.04  24.91  25.57  24.99  28.78  23.30  25.20  26.53
 wrfout_d04_2016-11-20_16:00:00 999.00  25.09  19.55  24.90  20.61  23.22  24.44  23.92  25.23  24.33  23.59  23.76 999.00  25.04  25.77  24.21  18.66  24.81  12.87  24.40   7.26  26.00  25.59  24.39  24.66  25.06  25.50  28.26  23.34  25.21  26.20
 wrfout_d04_2016-11-20_17:00:00 999.00  24.90  19.78  24.87  20.79  23.01  24.83  24.20  25.25  24.34  23.69  23.88 999.00  24.93  25.42  24.28  18.36  25.00  13.34  23.99   7.70  26.00  26.10  24.02  24.56  24.80  25.91  28.13  23.77  25.27  26.03
 wrfout_d04_2016-11-20_18:00:00 999.00  25.03  19.74  24.59  20.72  23.51  24.89  23.70  25.34  24.00  23.32  23.52 999.00  24.99  25.00  24.72  18.52  24.88  12.91  23.94   7.65  25.82  26.27  24.05  24.01  24.63  25.48  27.92  23.46  24.73  26.01
 wrfout_d04_2016-11-20_19:00:00 999.00  25.09  19.84  24.49  20.24  23.51  24.95  23.67  25.22  23.50  22.88  23.36 999.00  25.02  24.97  24.32  19.61  24.68  12.62  23.89   7.01  25.89  26.23  23.36  24.14  24.44  25.58  27.02  23.89  24.62  25.95
 wrfout_d04_2016-11-20_20:00:00 999.00  25.16  19.74  24.54  20.39  23.48  24.90  23.86  24.79  23.76  22.97  22.66 999.00  24.84  24.74  23.60  18.04  24.80  12.27  23.72   6.80  25.71  26.06  22.99  23.83  24.05  24.29  26.33  23.86  24.99  25.81
 wrfout_d04_2016-11-20_21:00:00 999.00  25.15  19.82  24.29  20.13  23.59  24.69  24.07  24.65  23.51  22.48  22.35 999.00  24.68  24.65  24.16  19.39  24.89  13.12  22.85   7.29  25.62  25.48  23.64  23.29  23.87  24.30  26.20  23.80  24.70  25.88
 wrfout_d04_2016-11-20_22:00:00 999.00  25.38  19.65  24.24  20.35  23.93  24.69  24.02  24.56  24.26  22.45  22.49 999.00  23.84  23.95  24.45  19.57  25.18  13.38  22.69   8.13  26.13  25.49  22.84  24.57  24.12  24.25  26.53  23.71  24.77  25.83
 wrfout_d04_2016-11-20_23:00:00 999.00  25.18  19.32  23.74  19.92  24.04  24.79  23.68  24.70  23.89  24.23  23.87 999.00  24.55  23.97  25.40  19.73  25.26  13.27  23.12   8.17  25.79  25.48  24.82  24.59  24.90  25.61  27.07  24.54  25.34  26.39
