 wrfout_d04_2016-09-17_00:00:00 999.00  28.68  22.90  27.49  23.91  28.13  28.84  27.56  28.92  27.33  28.36  27.46 999.00  27.73  27.03  31.99  21.98  27.69  16.48  26.21  11.23  27.84  28.19  27.60  28.30  28.16  32.00  28.67  26.18  26.76  27.60
 wrfout_d04_2016-09-17_01:00:00 999.00  28.50  22.78  27.94  24.27  28.18  29.15  28.15  29.33  27.92  27.93  27.13 999.00  27.80  27.29  27.91  22.32  28.09  17.05  27.24  11.38  27.92  28.18  27.67  29.15  28.89  31.72  29.09  26.93  27.02  28.09
 wrfout_d04_2016-09-17_02:00:00 999.00  28.01  23.34  27.95  24.74  28.04  28.94  28.29  29.17  28.34  28.15  27.47 999.00  28.10  27.23  27.88  22.79  28.65  16.95  27.36  11.60  27.79  28.19  27.10  29.67  29.50  33.02  29.76  27.26  27.47  28.37
 wrfout_d04_2016-09-17_03:00:00 999.00  27.88  22.76  27.84  24.51  27.40  28.77  28.24  28.97  28.32  27.49  26.50 999.00  27.95  27.49  27.94  22.90  28.74  16.92  27.17  11.97  27.70  28.14  27.63  29.61  29.58  33.01  30.31  27.48  27.92  28.74
 wrfout_d04_2016-09-17_04:00:00 999.00  27.87  22.40  27.65  24.42  27.02  28.85  28.66  28.92  28.65  27.96  26.89 999.00  28.62  28.06  28.17  23.03  29.05  16.53  28.39  11.81  27.82  28.24  27.09  30.17  29.94  33.09  30.30  28.05  27.26  28.66
 wrfout_d04_2016-09-17_05:00:00 999.00  27.49  21.99  27.63  23.56  26.58  28.52  28.79  28.11  29.85  27.74  27.75 999.00  28.37  27.94  29.34  23.17  29.25  16.54  28.50  11.78  27.85  28.09  28.23  30.39  30.05  33.35  30.46  28.10  27.38  28.60
 wrfout_d04_2016-09-17_06:00:00 999.00  27.38  22.26  26.97  23.24  26.36  27.99  28.80  28.17  29.57  27.73  28.52 999.00  28.16  27.88  30.42  23.15  29.28  16.43  28.13  11.43  27.87  28.18  29.46  30.63  30.87  33.07  30.48  27.46  26.96  28.61
 wrfout_d04_2016-09-17_07:00:00 999.00  26.93  21.96  26.89  22.89  26.13  27.87  27.93  27.90  28.19  27.65  29.08 999.00  27.85  28.01  30.23  23.60  29.29  16.94  28.08  11.46  27.85  28.28  29.18  30.78  30.31  33.35  29.97  27.11  26.85  28.38
 wrfout_d04_2016-09-17_08:00:00 999.00  26.89  22.41  26.66  22.98  26.26  27.65  27.54  27.76  27.93  27.69  28.76 999.00  27.51  27.35  30.20  23.05  28.86  16.46  27.63  11.64  27.89  28.30  29.06  30.00  29.52  32.62  29.68  26.79  26.65  28.20
 wrfout_d04_2016-09-17_09:00:00 999.00  26.81  22.46  26.77  23.09  26.73  27.70  27.52  27.86  27.58  27.74  28.86 999.00  27.39  27.56  29.34  22.55  28.48  15.74  27.08   9.77  28.05  28.39  28.08  28.98  28.77  32.13  29.34  26.62  26.44  28.11
 wrfout_d04_2016-09-17_10:00:00 999.00  26.64  22.23  26.60  22.86  26.56  27.58  27.68  27.93  27.40  27.93  29.54 999.00  27.37  27.04  29.25  22.06  28.39  15.61  26.55  10.69  28.18  28.35  27.20  28.51  28.47  31.80  29.18  26.39  26.29  28.06
 wrfout_d04_2016-09-17_11:00:00 999.00  26.52  21.90  26.05  22.56  26.10  27.04  27.49  27.30  27.56  27.72  29.44 999.00  27.46  26.62  28.84  21.63  28.01  15.72  26.20  10.96  28.23  28.42  27.18  28.37  28.26  31.75  29.03  25.79  26.29  28.04
 wrfout_d04_2016-09-17_12:00:00 999.00  26.83  21.77  25.96  22.41  26.31  26.67  27.33  26.59  27.37  27.58  28.80 999.00  27.31  26.61  28.55  21.77  27.84  15.61  26.00  10.80  28.23  28.58  27.04  28.09  28.05  31.77  29.03  26.40  26.29  27.87
 wrfout_d04_2016-09-17_13:00:00 999.00  26.60  21.64  25.86  22.29  26.19  26.74  27.25  26.65  26.77  27.09  28.84 999.00  27.40  26.63  28.43  21.78  27.94  15.32  25.93  10.48  28.17  27.38  27.11  26.30  28.26  31.07  28.90  26.54  26.31  27.68
 wrfout_d04_2016-09-17_14:00:00 999.00  26.37  21.49  25.84  22.23  26.14  26.68  27.24  26.57  26.27  27.01  27.53 999.00  27.13  26.60  28.52  21.78  28.27  14.05  25.52  10.12  28.27  28.04  26.89  26.55  26.74  31.25  28.74  26.56  26.36  27.53
 wrfout_d04_2016-09-17_15:00:00 999.00  26.43  21.39  25.63  22.04  25.93  26.44  27.16  26.50  26.09  26.93  27.17 999.00  26.95  26.41  28.44  21.50  28.20  15.12  25.43   9.71  28.35  28.13  26.96  26.97  27.08  30.66  28.65  26.60  26.37  27.39
 wrfout_d04_2016-09-17_16:00:00 999.00  26.47  21.33  25.62  21.94  25.89  26.47  27.10  26.38  26.00  27.34  26.77 999.00  26.83  26.60  28.31  20.86  28.13  13.61  24.85   8.11  28.41  28.17  26.70  26.98  27.05  29.57  28.55  26.55  26.41  27.23
 wrfout_d04_2016-09-17_17:00:00 999.00  26.57  21.19  25.53  21.80  25.34  26.47  26.93  26.31  26.06  26.79  26.63 999.00  26.85  26.48  28.27  20.60  27.98  13.24  24.90   7.85  28.43  28.13  26.43  27.03  27.07  28.97  28.45  26.64  26.38  27.24
 wrfout_d04_2016-09-17_18:00:00 999.00  26.45  20.96  25.49  21.68  25.16  26.05  26.86  25.73  25.39  26.82  26.33 999.00  26.55  26.40  28.30  21.23  27.96  12.94  24.87   7.73  28.31  27.71  26.42  26.79  26.86  28.54  27.93  26.63  26.36  27.20
 wrfout_d04_2016-09-17_19:00:00 999.00  26.20  20.90  25.05  21.56  25.11  25.90  26.65  25.67  25.36  26.26  26.17 999.00  26.62  25.64  28.23  21.21  27.61  13.01  24.83   7.51  28.15  27.38  26.30  26.53  26.45  28.21  27.92  26.58  26.35  27.24
 wrfout_d04_2016-09-17_20:00:00 999.00  25.99  20.65  24.74  21.31  24.97  25.70  26.59  25.67  25.40  26.13  25.95 999.00  26.28  25.77  28.06  20.48  27.35  13.05  24.40   7.25  28.24  27.40  26.05  26.67  26.37  27.88  27.86  25.78  26.39  27.28
 wrfout_d04_2016-09-17_21:00:00 999.00  25.83  20.63  24.91  21.34  24.86  25.74  26.49  25.50  25.62  25.81  25.84 999.00  26.37  25.28  27.72  21.28  26.72  13.03  24.14   7.21  28.21  27.29  25.81  26.24  26.09  27.51  27.83  25.41  26.39  27.45
 wrfout_d04_2016-09-17_22:00:00 999.00  25.83  20.39  24.61  21.18  24.77  25.72  26.05  25.63  25.56  26.85  26.09 999.00  26.02  25.31  27.66  21.29  26.65  12.95  24.44   7.22  28.11  27.54  25.99  26.02  25.95  27.44  27.79  25.02  26.41  27.43
 wrfout_d04_2016-09-17_23:00:00 999.00  25.96  20.48  24.63  21.37  25.07  25.89  25.81  25.81  25.54  27.60  27.53 999.00  27.06  26.21  28.07  22.54  27.75  14.82  24.81   8.61  28.07  27.63  27.05  26.33  26.73  28.55  28.15  25.89  26.56  27.68
