 wrfout_d04_2016-12-07_00:00:00 999.00  18.92  12.93  18.62  14.40  19.01  19.45  19.43  19.37  18.97  18.44  18.56 999.00  18.73  19.28  21.20  17.11  20.67  13.42  17.63   7.15  21.54  19.94  21.25  19.21  20.01  22.17  22.25  20.91  22.35  22.54
 wrfout_d04_2016-12-07_01:00:00 999.00  18.90  13.79  20.39  15.37  19.74  20.59  20.32  20.59  20.60  18.96  18.66 999.00  20.66  21.49  21.38  18.91  21.29  15.98  19.61   8.36  21.62  20.01  22.31  20.94  21.52  23.73  23.14  22.04  22.92  23.55
 wrfout_d04_2016-12-07_02:00:00 999.00  19.18  14.24  21.15  15.96  19.88  20.98  21.06  20.72  21.93  19.17  19.39 999.00  22.21  23.00  22.19  20.52  21.68  14.89  21.22   9.13  21.63  20.74  22.87  22.26  22.57  24.92  23.90  22.79  22.26  24.69
 wrfout_d04_2016-12-07_03:00:00 999.00  19.39  14.57  21.28  16.35  19.68  21.40  21.26  20.97  22.53  19.69  20.35 999.00  23.29  24.23  22.68  21.67  21.64  15.28  22.80   9.49  21.54  21.27  23.16  22.58  22.70  25.54  24.53  23.45  23.83  25.43
 wrfout_d04_2016-12-07_04:00:00 999.00  19.58  14.55  21.33  16.33  19.43  21.00  21.13  20.68  22.87  20.11  20.25 999.00  23.87  25.46  22.81  21.68  21.71  15.44  23.72   9.70  21.45  22.14  23.18  22.81  22.88  25.90  24.70  23.70  23.80  25.70
 wrfout_d04_2016-12-07_05:00:00 999.00  19.68  14.70  21.71  16.35  19.18  21.15  20.96  21.12  22.83  20.32  20.03 999.00  23.63  26.13  22.64  21.88  21.86  13.47  24.25   9.51  21.46  22.43  23.24  22.99  22.96  25.88  24.81  23.81  23.70  25.89
 wrfout_d04_2016-12-07_06:00:00 999.00  19.75  14.44  21.57  15.99  19.47  20.94  20.79  20.86  22.43  20.02  20.34 999.00  23.07  26.37  22.51  21.62  21.57  12.86  24.44   9.16  21.48  22.47  23.16  23.48  23.40  25.69  25.05  23.63  23.84  25.83
 wrfout_d04_2016-12-07_07:00:00 999.00  19.86  13.86  20.73  15.38  19.47  20.46  20.66  20.55  21.70  19.90  20.48 999.00  22.35  25.60  22.34  20.83  20.81  12.71  24.26   8.68  21.50  22.83  22.66  23.11  23.22  25.27  25.28  23.11  23.43  25.33
 wrfout_d04_2016-12-07_08:00:00 999.00  19.94  13.02  19.69  14.44  19.37  19.86  20.07  19.91  20.61  19.42  20.01 999.00  21.76  24.42  22.03  19.61  20.53  12.52  22.69   7.36  21.49  22.68  21.75  23.04  22.99  24.43  25.44  22.26  22.49  24.72
 wrfout_d04_2016-12-07_09:00:00 999.00  19.92  12.08  16.48  13.43  19.38  19.08  19.13  18.95  19.19  18.88  19.87 999.00  21.20  22.54  21.54  16.15  20.22  11.58  21.07   5.81  21.49  22.32  20.97  22.43  22.62  23.61  25.39  20.86  21.71  23.70
 wrfout_d04_2016-12-07_10:00:00 999.00  19.92  12.12  16.03  13.50  19.38  18.79  18.64  18.48  18.60  18.85  19.31 999.00  20.45  20.73  21.35  15.12  20.12   9.85  20.50   5.75  21.43  22.09  20.78  21.73  21.99  23.04  25.40  20.09  21.58  23.33
 wrfout_d04_2016-12-07_11:00:00 999.00  20.11  12.22  15.75  13.57  19.26  18.56  18.43  18.18  18.31  18.79  18.73 999.00  19.68  20.12  21.06  15.14  20.06  10.89  19.86   6.10  21.48  21.93  20.81  21.10  21.27  22.65  25.06  19.89  21.62  23.37
 wrfout_d04_2016-12-07_12:00:00 999.00  20.33  12.28  15.52  13.64  19.41  18.45  18.36  17.84  18.21  18.41  18.86 999.00  19.31  19.64  21.09  14.48  20.05  10.09  19.70   5.69  21.56  21.76  20.18  20.85  20.97  22.12  24.54  19.91  21.72  23.19
 wrfout_d04_2016-12-07_13:00:00 999.00  20.44  12.53  15.40  13.86  19.50  18.48  18.40  17.52  18.16  17.95  18.88 999.00  18.96  19.22  21.01  14.33  20.01  10.60  19.10   6.17  21.57  21.75  20.41  20.66  20.76  22.14  23.41  19.81  21.87  22.62
 wrfout_d04_2016-12-07_14:00:00 999.00  20.46  12.55  15.28  13.92  19.60  18.03  18.54  16.42  18.20  17.98  18.93 999.00  18.66  19.01  21.11  13.98  19.93  10.13  18.69   5.35  21.51  21.60  20.26  20.44  20.60  22.02  22.96  19.71  21.93  22.36
 wrfout_d04_2016-12-07_15:00:00 999.00  20.50  12.51  15.11  13.92  19.52  16.83  18.58  16.34  18.21  18.10  18.94 999.00  18.33  18.87  21.15  13.70  20.05   9.94  18.37   4.06  21.49  21.58  20.44  20.10  20.29  21.67  22.60  19.74  21.99  22.25
 wrfout_d04_2016-12-07_16:00:00 999.00  20.50  12.70  15.03  14.06  19.57  16.61  18.62  17.22  18.10  17.93  18.86 999.00  18.02  18.88  20.79  13.47  20.03   8.90  18.04   4.44  21.44  21.62  20.13  19.86  20.05  21.51  21.96  19.83  21.83  22.05
 wrfout_d04_2016-12-07_17:00:00 999.00  20.57  12.75  15.02  14.14  19.55  16.66  18.73  16.00  18.10  18.22  19.24 999.00  17.94  18.85  20.86  15.00  19.93  10.03  17.99   4.27  21.42  21.59  20.06  19.77  19.97  21.68  21.46  19.70  21.68  22.05
 wrfout_d04_2016-12-07_18:00:00 999.00  20.32  12.84  15.03  14.21  19.32  16.64  18.94  15.87  17.76  18.19  18.75 999.00  17.30  18.53  21.10  15.02  19.74   6.94  17.81   5.34  21.25  21.51  20.09  19.62  19.84  21.53  21.18  19.59  21.84  21.92
 wrfout_d04_2016-12-07_19:00:00 999.00  20.14  12.96  15.13  14.30  19.75  16.42  19.04  15.84  17.79  18.08  18.90 999.00  17.23  18.23  20.22  15.06  19.84   6.77  17.71   5.22  21.17  21.81  20.02  19.56  19.79  21.52  21.04  19.32  21.93  21.97
 wrfout_d04_2016-12-07_20:00:00 999.00  20.22  12.93  15.16  14.33  19.82  16.43  18.98  15.65  17.64  18.01  18.47 999.00  17.05  17.94  19.62  15.01  19.91   6.44  17.63   4.35  21.16  21.77  19.89  19.42  19.68  21.52  20.77  18.80  21.89  21.85
 wrfout_d04_2016-12-07_21:00:00 999.00  20.61  13.06  17.10  14.49  19.92  16.39  19.03  17.57  17.78  17.78  18.38 999.00  16.76  17.66  19.45  14.53  20.08   6.25  17.53   4.29  21.30  21.55  19.92  19.30  19.61  20.64  20.68  18.61  22.06  21.74
 wrfout_d04_2016-12-07_22:00:00 999.00  20.83  13.09  17.33  14.51  20.12  18.08  19.10  16.20  17.80  17.75  18.49 999.00  16.90  18.01  19.58  12.93  20.28   6.02  17.73   4.23  21.35  21.02  19.86  19.48  19.72  20.63  20.91  18.85  22.11  21.58
 wrfout_d04_2016-12-07_23:00:00 999.00  21.06  13.62  17.92  15.08  20.10  19.71  19.52  17.80  18.52  18.00  18.50 999.00  18.24  18.19  21.09  15.07  20.48   8.62  18.10   5.09  21.54  20.55  20.59  19.54  19.86  21.73  21.37  19.78  22.24  21.81
