 wrfout_d04_2016-02-12_00:00:00 999.00  19.95  18.60  20.77  18.59  20.67  19.39  19.99  20.30  20.01  21.00  21.89 999.00  21.19  22.30  24.22  20.86  22.94  12.23  22.30   6.03  21.94  23.09  23.36  24.40  24.76  24.50  25.38  23.05  23.82  24.83
 wrfout_d04_2016-02-12_01:00:00 999.00  21.17  19.36  23.06  20.14  22.94  22.24  22.19  22.69  23.73  23.54  23.70 999.00  22.99  24.56  25.51  20.97  23.85  13.15  24.25   7.09  22.91  23.86  23.60  25.83  25.75  25.50  26.16  23.55  23.50  25.50
 wrfout_d04_2016-02-12_02:00:00 999.00  21.10  20.20  24.48  21.00  25.03  24.75  23.23  24.89  25.11  24.96  25.26 999.00  26.01  26.84  26.20  23.36  24.61  14.06  25.74   8.04  22.88  24.44  24.59  27.60  27.35  25.03  27.03  24.42  24.38  26.27
 wrfout_d04_2016-02-12_03:00:00 999.00  21.18  20.94  25.83  21.73  25.98  26.41  21.40  26.43  22.31  25.69  25.88 999.00  25.33  28.32  25.37  24.23  24.85  14.73  27.09   8.76  22.86  24.55  24.99  29.05  28.37  25.43  27.54  24.97  24.80  26.89
 wrfout_d04_2016-02-12_04:00:00 999.00  21.22  21.07  22.85  22.48  26.64  27.63  22.40  27.60  24.59  26.06  25.92 999.00  25.60  29.42  26.01  24.63  24.99  15.15  28.09   9.08  22.86  24.59  25.10  29.75  28.86  26.52  27.96  25.14  25.03  26.48
 wrfout_d04_2016-02-12_05:00:00 999.00  21.27  22.11  24.91  22.99  26.10  27.87  21.84  28.21  25.09  25.83  25.80 999.00  25.58  30.65  25.48  24.96  25.32  15.19  28.74   8.89  23.01  24.60  25.13  30.01  28.94  25.86  28.15  25.26  25.16  26.87
 wrfout_d04_2016-02-12_06:00:00 999.00  21.18  21.92  24.78  23.41  25.21  28.48  22.29  28.79  22.90  26.03  25.52 999.00  24.42  29.59  24.53  25.07  25.33  14.95  29.18   8.55  23.06  24.52  25.05  29.89  28.70  26.39  28.10  25.14  24.03  27.27
 wrfout_d04_2016-02-12_07:00:00 999.00  21.81  21.15  23.43  22.81  24.98  27.91  21.73  28.44  22.18  26.66  24.71 999.00  23.03  28.93  24.55  24.47  25.12  14.28  29.15   7.98  23.07  24.49  24.83  29.48  28.22  25.62  27.76  24.86  23.63  27.07
 wrfout_d04_2016-02-12_08:00:00 999.00  21.93  20.30  22.97  21.85  24.55  25.70  21.51  27.10  21.51  26.28  24.52 999.00  22.24  27.50  25.34  23.60  24.73  13.44  28.60   7.05  23.08  24.35  24.40  28.52  27.34  25.86  27.26  24.26  23.37  26.68
 wrfout_d04_2016-02-12_09:00:00 999.00  22.27  19.24  22.45  20.50  23.12  24.48  21.31  25.85  21.24  25.45  23.78 999.00  22.20  26.10  24.85  22.01  24.13  12.05  27.70   5.50  23.10  24.19  23.63  27.33  26.51  25.33  26.84  23.35  23.15  25.92
 wrfout_d04_2016-02-12_10:00:00 999.00  22.23  17.02  20.24  17.70  21.99  23.72  20.69  25.03  21.30  23.81  23.36 999.00  22.77  25.30  24.42  18.30  23.78  10.42  26.49   4.25  23.11  24.00  22.99  26.57  25.90  24.82  26.30  21.64  22.30  25.24
 wrfout_d04_2016-02-12_11:00:00 999.00  22.13  16.53  20.01  17.26  21.56  23.50  20.60  23.86  21.46  23.09  23.02 999.00  23.13  25.53  24.11  17.46  23.38  10.45  25.15   4.32  23.08  23.85  22.81  26.25  25.49  24.59  26.00  21.09  22.31  24.89
 wrfout_d04_2016-02-12_12:00:00 999.00  21.72  15.99  19.59  16.82  21.19  24.41  20.68  23.96  21.44  22.73  22.63 999.00  24.06  25.55  23.92  16.97  23.20  10.42  24.26   4.41  23.06  23.80  22.78  25.90  25.48  24.23  25.78  20.33  22.19  24.88
 wrfout_d04_2016-02-12_13:00:00 999.00  21.53  15.66  19.79  16.57  20.79  23.40  21.15  23.71  21.88  22.20  22.33 999.00  24.89  25.29  23.62  16.33  23.08  10.39  23.77   4.59  23.13  23.79  22.72  25.15  25.29  23.92  25.66  20.00  22.45  24.56
 wrfout_d04_2016-02-12_14:00:00 999.00  21.69  15.29  19.16  16.20  20.37  22.39  21.41  22.69  21.88  21.75  21.72 999.00  24.74  24.94  23.37  15.90  23.08  10.40  23.32   4.77  23.21  23.79  22.53  24.41  24.76  23.71  25.29  19.74  22.33  24.28
 wrfout_d04_2016-02-12_15:00:00 999.00  21.81  15.09  18.71  16.07  19.90  21.37  20.99  21.62  21.27  21.29  20.87 999.00  24.31  24.45  23.21  15.47  22.92  10.43  23.05   4.91  23.19  23.72  22.38  23.81  24.19  23.57  24.97  19.74  22.25  24.04
 wrfout_d04_2016-02-12_16:00:00 999.00  21.74  14.83  18.36  15.80  19.54  20.58  20.63  20.74  20.90  20.66  20.39 999.00  23.29  23.81  22.92  15.12  22.77  10.39  22.92   4.89  23.09  23.55  22.31  23.62  23.89  23.38  24.69  19.31  21.85  23.65
 wrfout_d04_2016-02-12_17:00:00 999.00  21.36  14.57  18.15  15.55  19.19  20.12  20.16  20.26  20.02  20.50  20.15 999.00  22.87  23.48  23.02  14.81  22.66  10.27  23.30   4.74  23.06  23.45  22.27  23.37  23.62  23.34  24.62  19.13  22.01  23.53
 wrfout_d04_2016-02-12_18:00:00 999.00  21.32  14.32  17.88  15.39  19.30  19.46  19.91  19.55  20.06  19.85  19.62 999.00  22.43  23.02  22.81  14.54  22.51  10.09  23.35   4.51  22.99  23.44  22.32  22.99  23.04  23.18  24.47  19.24  21.80  23.31
 wrfout_d04_2016-02-12_19:00:00 999.00  20.61  14.01  17.72  15.00  19.19  18.95  19.66  19.05  19.89  19.45  19.35 999.00  22.13  23.14  22.47  14.28  22.22   9.87  23.06   4.24  22.87  23.33  22.25  22.67  22.83  23.07  24.34  19.19  21.59  23.26
 wrfout_d04_2016-02-12_20:00:00 999.00  20.07  13.73  18.94  14.61  19.18  19.39  19.14  19.07  20.04  19.05  19.16 999.00  21.42  22.26  21.65  14.04  21.81   9.66  22.70   4.01  22.70  23.20  22.11  21.92  22.33  22.95  24.13  19.20  21.54  23.12
 wrfout_d04_2016-02-12_21:00:00 999.00  20.24  13.64  17.46  14.35  19.26  19.52  18.95  19.13  18.49  18.87  19.12 999.00  21.01  21.32  21.05  13.84  21.70   9.46  22.40   3.88  22.50  23.18  22.05  21.63  22.02  22.92  24.24  19.09  21.90  23.15
 wrfout_d04_2016-02-12_22:00:00 999.00  20.31  15.49  17.15  14.14  19.02  19.70  19.37  19.16  17.94  18.85  18.83 999.00  21.29  21.58  20.77  13.65  21.43   9.30  22.34   3.77  22.38  23.06  21.88  21.96  22.07  23.05  24.38  19.54  21.97  23.38
 wrfout_d04_2016-02-12_23:00:00 999.00  19.95  16.32  18.48  15.74  19.32  19.24  19.01  19.06  18.15  20.75  21.24 999.00  22.35  22.16  22.84  15.55  21.69   9.71  22.49   4.18  22.38  22.80  22.41  22.36  22.10  23.54  24.76  20.78  22.31  23.78
