 wrfout_d04_2016-07-17_00:00:00 999.00  27.45  25.02  30.33  26.21  30.44  30.77  28.87  30.78  30.31  29.12  29.10 999.00  30.17  29.64  28.80  25.65  29.08  19.04  28.58  14.39  27.42  27.95  28.41  29.79  29.82  30.72  30.62  29.15  28.34  29.04
 wrfout_d04_2016-07-17_01:00:00 999.00  28.87  26.51  32.41  28.12  32.12  32.37  30.35  32.42  31.95  32.13  31.34 999.00  31.69  31.18  31.21  27.09  30.61  20.98  30.08  15.15  29.05  28.91  30.40  31.37  31.15  32.03  31.38  30.34  29.28  30.52
 wrfout_d04_2016-07-17_02:00:00 999.00  28.77  27.60  32.84  29.42  33.58  33.95  30.65  33.89  32.48  32.75  31.98 999.00  32.29  32.74  31.80  27.90  31.09  20.93  30.28  15.62  29.09  29.26  30.67  32.71  32.05  32.54  31.91  31.21  29.74  31.28
 wrfout_d04_2016-07-17_03:00:00 999.00  28.62  27.01  33.08  30.20  32.11  34.50  30.86  35.02  32.75  33.07  32.17 999.00  32.47  33.94  32.07  28.34  31.43  21.66  31.45  14.49  29.15  29.13  30.88  33.19  32.40  32.84  32.33  32.06  30.09  31.59
 wrfout_d04_2016-07-17_04:00:00 999.00  28.54  26.03  32.92  28.26  31.43  35.93  30.92  35.93  32.87  33.19  32.30 999.00  32.72  35.01  32.22  29.11  31.61  20.33  32.95  13.20  29.16  28.96  31.00  33.54  32.66  32.95  32.69  32.44  30.30  31.70
 wrfout_d04_2016-07-17_05:00:00 999.00  28.56  25.87  32.57  28.46  31.49  36.26  30.89  36.16  32.84  33.04  32.24 999.00  32.82  35.45  32.20  28.64  31.66  18.32  33.01  13.51  29.18  29.06  31.04  33.64  32.80  32.70  32.55  32.11  30.35  31.78
 wrfout_d04_2016-07-17_06:00:00 999.00  28.67  26.82  32.41  29.91  31.07  35.72  30.86  36.03  32.71  32.99  32.45 999.00  32.73  35.49  32.26  29.19  31.57  17.64  33.06  12.54  29.18  29.10  30.87  33.60  32.78  33.06  32.66  31.97  30.17  31.82
 wrfout_d04_2016-07-17_07:00:00 999.00  28.72  26.64  32.05  29.44  31.66  33.73  30.74  35.77  32.41  32.65  32.27 999.00  32.67  35.26  32.50  28.71  31.44  17.42  32.87  11.68  29.14  29.12  30.23  32.80  31.97  32.93  32.41  31.43  29.89  31.57
 wrfout_d04_2016-07-17_08:00:00 999.00  28.78  26.59  31.14  28.45  31.19  33.08  30.02  32.97  31.63  32.52  31.41 999.00  32.22  34.93  32.03  28.47  31.06  16.18  32.10  10.43  29.10  29.15  30.05  31.74  31.14  32.28  31.81  30.49  29.37  31.24
 wrfout_d04_2016-07-17_09:00:00 999.00  28.79  24.89  30.53  26.53  30.48  32.76  29.85  32.77  30.74  31.74  30.89 999.00  31.19  33.64  31.44  27.18  30.55  17.02  30.70  10.76  29.06  29.09  29.51  30.96  30.50  31.72  31.50  29.82  28.65  30.72
 wrfout_d04_2016-07-17_10:00:00 999.00  28.76  23.97  29.40  25.56  29.68  31.93  28.90  32.56  29.87  30.46  29.77 999.00  30.18  32.07  30.41  25.49  29.91  16.89  29.70  11.24  29.07  29.10  28.71  30.39  30.03  31.06  31.15  28.77  27.73  30.16
 wrfout_d04_2016-07-17_11:00:00 999.00  28.74  23.03  28.01  24.00  28.69  30.92  28.39  31.55  29.45  29.01  28.70 999.00  29.82  30.74  29.62  23.84  29.22  13.96  29.10   8.28  28.99  29.00  27.49  29.76  29.45  30.44  30.67  26.72  27.42  29.60
 wrfout_d04_2016-07-17_12:00:00 999.00  28.61  23.16  27.68  24.46  28.36  30.44  28.24  30.51  29.34  28.56  28.58 999.00  29.58  30.17  29.26  23.48  29.09  14.13  28.84   7.67  29.04  29.05  27.21  29.47  29.18  30.00  30.44  26.29  27.32  29.32
 wrfout_d04_2016-07-17_13:00:00 999.00  28.53  22.56  27.34  23.45  28.21  30.09  28.02  30.10  29.00  28.52  28.38 999.00  29.42  29.57  29.08  22.46  28.88  13.88  28.38   7.08  28.99  28.98  27.08  29.15  28.91  29.74  30.27  26.25  27.21  29.08
 wrfout_d04_2016-07-17_14:00:00 999.00  28.49  22.48  27.18  23.32  28.04  29.43  27.82  29.52  28.86  28.17  28.23 999.00  29.07  29.38  28.76  22.33  28.89  13.42  27.98   6.88  29.00  28.56  26.98  28.97  28.75  29.45  29.93  25.81  27.08  28.86
 wrfout_d04_2016-07-17_15:00:00 999.00  28.46  22.24  26.90  23.13  27.69  29.29  27.62  29.32  28.58  28.04  27.94 999.00  28.74  28.83  28.55  22.10  28.70  13.59  27.39   6.73  28.97  28.56  26.62  28.67  28.56  29.16  29.59  25.58  27.00  28.57
 wrfout_d04_2016-07-17_16:00:00 999.00  28.37  22.12  26.71  22.99  27.44  29.07  27.43  29.07  28.23  27.71  27.82 999.00  28.43  28.37  28.34  21.75  28.69  13.40  27.06   6.55  28.85  28.65  26.42  28.54  28.58  28.92  29.34  25.44  26.92  28.31
 wrfout_d04_2016-07-17_17:00:00 999.00  28.30  21.98  26.53  22.80  27.18  28.54  27.02  28.57  27.65  27.50  27.65 999.00  28.15  27.93  28.22  21.53  28.60  13.07  26.93   6.67  28.82  28.43  26.20  28.18  28.39  28.77  29.28  25.23  26.85  28.25
 wrfout_d04_2016-07-17_18:00:00 999.00  28.33  21.90  26.30  22.73  27.11  28.25  26.44  28.39  27.37  27.21  27.53 999.00  27.96  27.56  28.08  21.36  28.55  13.09  26.56   6.89  28.79  28.30  26.05  27.76  27.96  28.49  29.08  24.97  26.98  28.10
 wrfout_d04_2016-07-17_19:00:00 999.00  28.27  21.78  26.14  22.63  26.91  28.03  26.19  28.12  27.37  27.40  27.49 999.00  27.67  27.29  27.95  21.14  28.48  13.03  26.18   6.72  28.78  28.52  25.75  27.40  27.74  28.22  28.98  24.75  26.70  27.92
 wrfout_d04_2016-07-17_20:00:00 999.00  28.24  21.59  25.88  22.39  26.69  27.92  26.23  27.94  27.81  27.91  27.47 999.00  27.51  27.05  27.90  20.83  28.42  12.60  25.89   6.57  28.77  28.43  25.66  27.18  27.37  28.09  28.77  24.60  26.94  27.65
 wrfout_d04_2016-07-17_21:00:00 999.00  28.21  21.39  25.81  22.16  27.37  27.80  26.15  27.64  27.69  27.64  27.87 999.00  27.50  26.94  27.89  20.66  28.40  12.48  25.77   6.43  28.80  27.67  25.51  26.65  26.77  28.00  28.84  24.39  26.94  27.62
 wrfout_d04_2016-07-17_22:00:00 999.00  28.21  22.89  27.48  23.94  26.90  28.06  27.45  27.93  27.29  27.72  27.43 999.00  27.67  27.03  28.14  22.20  28.53  14.17  26.03   8.11  28.77  27.71  27.22  26.94  26.75  28.18  29.06  26.20  27.05  27.92
 wrfout_d04_2016-07-17_23:00:00 999.00  28.23  23.78  28.87  25.11  28.37  29.08  28.57  29.22  28.71  28.47  28.34 999.00  28.09  27.59  28.90  23.49  29.04  18.35  26.93  11.77  28.75  28.10  28.48  27.79  27.66  29.24  29.60  28.39  27.99  28.72
