 wrfout_d04_2016-05-05_00:00:00 999.00  26.60  23.40  28.00  24.21  29.14  28.59  26.91  28.46  27.31  28.02  28.60 999.00  28.76  28.24  28.89  26.16  27.54  18.95  27.08  12.54  27.12  26.77  27.05  28.96  29.11  28.76  29.23  27.42  27.47  28.50
 wrfout_d04_2016-05-05_01:00:00 999.00  26.42  24.75  29.13  25.54  30.44  29.88  27.61  29.81  29.08  29.30  29.58 999.00  29.72  30.21  30.07  28.05  28.86  20.02  28.75  13.47  27.16  27.28  27.39  30.99  30.89  29.26  30.65  27.99  28.17  29.40
 wrfout_d04_2016-05-05_02:00:00 999.00  26.37  26.13  30.26  27.12  28.84  31.10  28.30  31.12  30.12  29.79  29.85 999.00  30.52  32.03  30.03  29.49  29.41  20.97  30.28  14.14  27.14  27.74  27.72  32.11  31.46  29.56  31.43  28.43  28.70  30.12
 wrfout_d04_2016-05-05_03:00:00 999.00  26.44  25.84  30.02  27.91  29.82  32.24  28.30  32.59  30.62  31.86  30.42 999.00  30.52  33.41  29.39  30.14  29.64  21.34  31.87  14.50  27.15  28.09  28.21  33.06  31.96  29.86  31.93  28.82  29.07  30.58
 wrfout_d04_2016-05-05_04:00:00 999.00  26.43  26.01  29.55  28.09  30.73  33.35  27.98  33.53  30.57  32.51  30.53 999.00  30.45  34.32  28.56  30.31  29.91  21.37  32.95  14.67  27.12  28.28  28.33  33.92  32.65  30.02  32.00  29.07  29.21  30.85
 wrfout_d04_2016-05-05_05:00:00 999.00  26.42  26.15  29.04  27.93  30.22  32.69  27.90  32.33  30.40  32.47  30.31 999.00  30.49  34.51  28.38  30.65  29.80  21.28  33.38  14.57  27.12  28.23  28.43  33.91  32.42  30.01  32.10  29.07  29.00  30.95
 wrfout_d04_2016-05-05_06:00:00 999.00  26.26  25.68  28.64  27.43  29.80  31.92  27.58  32.12  30.01  32.10  28.88 999.00  30.07  33.81  28.07  30.60  29.70  20.92  33.96  14.25  27.13  28.14  28.46  33.50  32.06  29.94  31.97  28.91  28.55  30.95
 wrfout_d04_2016-05-05_07:00:00 999.00  26.67  24.57  28.16  26.60  29.28  30.67  27.48  31.00  29.23  31.70  27.67 999.00  30.23  32.95  27.91  30.04  29.47  20.18  33.38  13.64  27.10  28.09  28.13  33.08  31.65  29.78  31.74  28.43  28.78  30.71
 wrfout_d04_2016-05-05_08:00:00 999.00  26.75  24.17  27.81  25.78  28.55  29.80  26.46  30.75  28.31  29.86  27.16 999.00  29.86  32.34  27.96  29.03  29.11  19.13  32.34  12.85  27.18  28.06  27.85  32.22  31.07  29.43  31.44  28.04  28.17  30.30
 wrfout_d04_2016-05-05_09:00:00 999.00  26.75  22.88  26.92  24.44  27.50  29.06  26.42  29.92  28.32  26.73  27.73 999.00  29.13  31.31  27.83  27.74  28.57  17.76  30.77  11.83  27.22  27.98  27.32  31.19  30.33  29.03  30.80  27.42  27.46  29.75
 wrfout_d04_2016-05-05_10:00:00 999.00  26.33  21.93  25.95  23.18  26.91  27.95  26.17  28.93  27.06  26.61  27.10 999.00  28.42  29.84  27.73  25.41  27.84  15.91  29.48   9.99  27.23  27.92  26.54  30.11  29.19  28.33  29.98  26.35  26.31  28.85
 wrfout_d04_2016-05-05_11:00:00 999.00  25.98  21.37  25.37  22.26  26.31  27.67  25.91  27.99  26.34  26.47  26.97 999.00  28.06  28.80  27.61  23.67  27.32  14.80  28.10   9.15  27.23  27.84  26.22  28.99  28.55  27.95  29.51  24.79  25.84  28.29
 wrfout_d04_2016-05-05_12:00:00 999.00  26.09  21.09  25.33  22.19  26.18  27.24  25.76  27.61  26.10  26.48  26.75 999.00  28.05  28.34  27.49  22.43  27.22  15.23  27.64   9.47  27.26  27.81  26.20  28.91  28.49  27.72  29.25  24.60  25.58  28.00
 wrfout_d04_2016-05-05_13:00:00 999.00  26.19  21.03  25.50  21.58  25.98  27.29  25.62  27.49  26.11  26.48  26.69 999.00  28.03  28.28  27.41  21.75  27.07  15.41  27.45   9.61  27.28  27.70  26.48  28.75  28.28  27.45  28.74  24.80  25.42  27.72
 wrfout_d04_2016-05-05_14:00:00 999.00  26.01  20.98  25.03  21.45  25.62  26.80  25.79  26.88  26.04  26.36  26.62 999.00  27.92  28.09  27.16  21.24  26.98  15.50  27.27   9.72  27.23  27.60  26.33  28.63  28.26  27.22  28.49  24.59  25.52  27.40
 wrfout_d04_2016-05-05_15:00:00 999.00  26.03  21.35  24.77  21.32  25.68  26.73  25.38  26.69  25.96  26.94  26.02 999.00  27.44  27.58  26.78  20.66  26.87  15.50  26.59   9.66  27.20  27.42  26.14  28.32  27.96  27.16  28.24  23.89  25.40  27.15
 wrfout_d04_2016-05-05_16:00:00 999.00  26.33  20.38  24.48  21.17  25.75  26.59  25.06  26.44  25.82  26.15  25.78 999.00  26.91  27.10  26.31  20.29  26.78  15.31  25.97   9.59  27.19  27.33  25.93  28.00  27.74  27.00  28.01  23.44  25.23  26.87
 wrfout_d04_2016-05-05_17:00:00 999.00  26.52  20.05  24.12  20.85  26.26  26.33  24.74  26.62  25.50  25.61  26.01 999.00  26.92  26.70  25.41  19.93  26.73  15.23  25.56   9.49  27.16  27.27  25.75  27.74  27.54  26.75  27.91  23.44  25.31  26.72
 wrfout_d04_2016-05-05_18:00:00 999.00  26.46  19.62  23.74  20.49  25.59  25.95  24.37  26.02  25.21  25.37  24.84 999.00  26.71  26.55  25.04  19.44  26.65  14.82  25.17   9.21  27.16  27.22  25.82  27.50  27.29  26.79  27.72  23.40  25.25  26.46
 wrfout_d04_2016-05-05_19:00:00 999.00  26.31  19.34  23.38  20.19  25.07  25.83  23.96  25.37  24.62  25.09  24.55 999.00  26.80  26.50  24.79  19.03  26.56  14.32  25.03   8.90  27.14  27.13  25.79  27.26  27.06  26.67  27.62  23.05  25.05  26.36
 wrfout_d04_2016-05-05_20:00:00 999.00  26.62  20.15  23.03  19.75  24.48  25.30  24.01  24.83  24.04  24.63  24.24 999.00  26.51  26.29  24.60  18.77  26.45  13.65  24.88   8.76  27.12  27.10  25.70  27.08  26.89  26.50  27.48  23.04  25.08  26.26
 wrfout_d04_2016-05-05_21:00:00 999.00  26.04  20.22  22.83  19.44  24.03  24.85  24.44  24.37  23.66  24.37  24.07 999.00  26.22  26.00  24.38  18.55  26.39  12.63  24.83   8.69  27.11  27.03  25.61  26.74  26.76  26.36  27.42  22.98  25.02  26.37
 wrfout_d04_2016-05-05_22:00:00 999.00  26.00  20.86  25.51  21.96  25.01  25.48  25.34  25.40  25.31  26.03  26.56 999.00  26.50  26.19  26.35  21.66  26.72  15.23  25.18   9.41  27.11  26.98  25.81  26.65  26.79  26.87  27.81  24.85  26.22  26.71
 wrfout_d04_2016-05-05_23:00:00 999.00  25.98  21.89  27.06  23.24  26.64  26.86  26.69  26.99  27.62  27.60  28.05 999.00  27.75  27.48  27.67  26.18  27.69  17.67  26.34  10.73  27.13  27.53  26.56  28.25  28.20  27.93  28.85  26.87  27.51  28.22
