 wrfout_d04_2016-05-19_00:00:00 999.00  24.41  21.53  26.58  23.38  25.17  27.29  26.13  27.27  27.21  26.96  25.89 999.00  27.42  27.28  28.15  25.49  27.93  17.34  25.62  11.10  26.91  26.56  27.56  27.22  27.67  29.34  29.03  27.60  27.47  29.01
 wrfout_d04_2016-05-19_01:00:00 999.00  24.52  20.58  27.36  22.78  26.66  28.58  26.86  28.35  28.09  28.18  27.06 999.00  28.92  29.17  28.82  26.80  28.60  18.48  27.41  11.82  26.95  26.97  28.27  28.90  29.22  29.92  30.22  27.84  28.07  30.15
 wrfout_d04_2016-05-19_02:00:00 999.00  24.42  21.45  28.11  24.78  26.83  28.89  27.28  28.98  29.41  27.96  27.33 999.00  29.33  30.76  28.22  27.76  29.05  19.26  28.93  12.43  26.97  27.52  28.53  30.57  30.79  30.23  30.88  28.35  28.68  30.66
 wrfout_d04_2016-05-19_03:00:00 999.00  24.63  21.92  28.35  25.16  25.71  29.99  27.32  29.55  29.93  27.58  27.74 999.00  29.60  32.12  28.88  28.43  29.29  19.20  30.37  12.02  27.22  27.69  29.00  31.89  32.12  30.86  31.31  28.84  28.96  30.93
 wrfout_d04_2016-05-19_04:00:00 999.00  24.64  22.85  28.05  25.25  26.00  29.14  27.20  29.67  29.75  27.54  27.25 999.00  29.46  32.97  27.97  28.94  29.38  18.49  31.45  10.71  27.39  27.85  29.11  32.85  32.83  30.94  31.77  29.12  27.80  31.08
 wrfout_d04_2016-05-19_05:00:00 999.00  24.73  23.06  27.96  25.40  25.47  29.04  27.00  28.79  29.60  27.33  26.68 999.00  29.43  32.86  27.95  29.11  29.12  16.95  32.01  10.50  27.43  28.03  28.85  33.30  33.11  30.83  31.97  28.96  28.72  31.20
 wrfout_d04_2016-05-19_06:00:00 999.00  24.67  22.22  27.54  24.90  25.10  29.31  27.02  28.77  29.58  27.59  26.12 999.00  29.45  32.70  28.91  28.65  29.14  17.16  31.19  10.62  27.19  28.06  28.26  33.05  32.86  29.99  32.11  28.72  28.89  31.26
 wrfout_d04_2016-05-19_07:00:00 999.00  24.61  21.59  27.19  24.07  25.10  29.35  25.71  29.24  29.17  26.77  25.79 999.00  28.82  32.49  27.98  28.65  28.77  16.81  30.43  10.48  27.13  28.03  26.04  32.34  32.36  29.41  32.07  27.97  28.65  31.06
 wrfout_d04_2016-05-19_08:00:00 999.00  24.50  20.91  26.36  22.91  24.72  27.87  25.00  27.49  27.71  26.54  25.38 999.00  28.16  31.69  27.86  27.68  28.64  16.96  30.36  10.43  27.13  28.08  25.28  31.65  31.74  29.11  31.71  27.22  28.20  30.59
 wrfout_d04_2016-05-19_09:00:00 999.00  24.50  20.16  24.81  22.00  24.37  27.03  24.79  26.53  26.44  26.25  25.21 999.00  27.57  30.26  27.06  26.32  27.93  15.68  29.06  10.29  27.08  28.04  24.72  30.45  30.58  26.13  31.20  26.74  27.47  29.93
 wrfout_d04_2016-05-19_10:00:00 999.00  24.43  19.33  24.39  20.67  24.17  26.14  24.69  25.43  25.41  25.58  25.19 999.00  26.67  27.85  26.38  24.39  27.09  15.15  27.25   9.88  27.17  28.03  24.91  29.19  29.43  26.73  30.59  25.89  26.40  29.18
 wrfout_d04_2016-05-19_11:00:00 999.00  24.42  19.15  24.11  20.38  24.15  25.40  24.16  24.84  24.93  25.26  24.80 999.00  26.00  26.74  26.10  22.30  26.54  13.08  26.30   8.63  27.11  28.02  25.10  28.41  28.54  26.80  30.07  24.76  25.03  28.74
 wrfout_d04_2016-05-19_12:00:00 999.00  24.40  19.07  24.05  20.29  24.11  25.31  24.07  24.71  24.49  25.11  24.79 999.00  25.70  26.24  26.30  21.62  26.35  12.97  25.65   7.03  27.06  27.70  25.25  27.95  28.21  26.78  30.15  24.31  24.66  28.63
 wrfout_d04_2016-05-19_13:00:00 999.00  24.36  18.72  23.81  19.83  23.98  25.14  24.50  24.60  24.31  24.99  24.85 999.00  25.44  26.16  26.11  21.13  26.23  12.76  24.84   6.71  27.03  26.96  25.46  27.22  27.51  26.61  30.22  24.10  24.34  28.53
 wrfout_d04_2016-05-19_14:00:00 999.00  24.40  18.92  22.71  19.59  23.46  24.70  24.19  24.38  24.16  24.75  24.79 999.00  25.18  26.14  26.23  20.68  26.24  12.57  24.45   6.36  26.99  26.83  25.21  26.48  26.86  26.94  29.86  24.54  24.16  28.29
 wrfout_d04_2016-05-19_15:00:00 999.00  24.39  18.94  22.38  18.97  23.76  23.91  24.30  23.73  24.08  24.60  24.57 999.00  24.83  25.63  26.19  20.52  26.34  12.42  24.10   6.32  27.08  26.74  25.13  26.10  26.60  26.99  29.33  24.24  23.97  28.11
 wrfout_d04_2016-05-19_16:00:00 999.00  24.35  18.47  22.18  18.79  23.54  23.74  24.10  23.47  24.05  24.41  24.16 999.00  24.67  25.25  25.85  20.44  26.36  12.79  23.71   6.76  27.16  26.67  24.45  25.86  26.30  26.87  29.12  24.11  24.47  26.96
 wrfout_d04_2016-05-19_17:00:00 999.00  24.39  18.63  22.08  18.75  22.67  23.47  24.14  23.22  23.80  24.19  24.25 999.00  24.51  25.16  25.76  20.58  26.35  12.70  23.48   6.64  27.25  26.82  24.42  25.56  25.98  26.78  29.13  24.30  24.08  26.41
 wrfout_d04_2016-05-19_18:00:00 999.00  24.44  18.56  22.13  19.31  22.65  23.28  24.18  23.00  23.62  23.95  23.77 999.00  24.36  25.33  25.82  20.46  26.39  12.77  23.68   6.92  27.33  26.48  24.46  25.38  26.04  26.28  28.88  23.34  24.13  26.02
 wrfout_d04_2016-05-19_19:00:00 999.00  24.48  18.48  21.83  18.75  22.49  23.02  24.13  22.71  23.54  23.67  23.51 999.00  24.11  25.20  25.12  20.23  26.34  12.85  23.68   6.67  27.27  25.29  24.23  25.40  25.98  26.02  28.74  23.22  23.74  25.85
 wrfout_d04_2016-05-19_20:00:00 999.00  24.50  18.35  21.82  19.04  22.08  23.01  23.70  22.69  23.24  23.05  23.13 999.00  23.99  24.96  25.09  20.11  26.20  12.60  23.61   6.92  27.25  25.52  24.07  25.31  25.83  26.00  28.41  23.12  23.53  25.97
 wrfout_d04_2016-05-19_21:00:00 999.00  24.57  18.36  21.71  19.09  22.55  23.25  23.39  22.86  23.32  23.16  23.02 999.00  24.04  24.95  25.59  20.06  26.19  12.65  23.73   6.82  27.29  25.55  24.16  25.19  25.80  25.94  28.27  23.94  23.58  25.98
 wrfout_d04_2016-05-19_22:00:00 999.00  24.61  18.87  23.31  20.04  23.46  23.46  23.66  23.26  23.51  23.75  24.31 999.00  24.43  25.07  26.07  22.07  26.56  14.08  23.86   8.74  27.38  25.57  25.05  25.27  25.85  26.33  27.90  24.08  24.93  26.29
 wrfout_d04_2016-05-19_23:00:00 999.00  24.70  19.79  24.52  21.31  24.20  24.73  24.80  24.39  24.71  24.68  25.28 999.00  25.76  26.11  26.45  23.66  27.25  16.37  24.96  10.34  27.48  25.55  26.50  26.37  26.90  27.00  28.42  26.13  26.73  27.54
