 wrfout_d04_2016-08-12_00:00:00 999.00  29.25  26.07  31.86  27.77  31.06  31.65  29.49  30.65  28.30  29.25  27.85 999.00  30.41  29.75  29.20  23.77  26.50  18.35  27.14  13.27  27.87  26.60  26.60  25.97  26.59  27.92  28.91  24.75  26.09  27.91
 wrfout_d04_2016-08-12_01:00:00 999.00  29.28  27.06  33.24  28.76  31.96  32.77  29.88  33.02  28.94  25.96  28.45 999.00  31.47  31.04  29.21  25.97  27.18  18.14  27.48  12.05  27.98  26.88  27.22  26.22  26.96  27.45  28.18  25.73  26.07  28.13
 wrfout_d04_2016-08-12_02:00:00 999.00  29.31  27.91  33.98  29.75  33.02  32.01  28.70  31.57  30.10  28.32  28.61 999.00  30.43  32.18  29.91  25.43  26.63  17.70  27.39  13.34  28.10  27.21  27.67  26.23  27.38  27.18  29.54  25.83  25.91  28.50
 wrfout_d04_2016-08-12_03:00:00 999.00  29.52  28.19  33.61  30.46  33.00  32.98  29.35  33.49  31.35  28.92  29.24 999.00  30.34  31.92  30.30  26.62  27.94  18.28  26.88  12.79  27.98  26.62  26.88  26.92  27.22  26.61  29.58  25.39  26.09  28.61
 wrfout_d04_2016-08-12_04:00:00 999.00  29.56  25.91  33.78  27.80  31.72  34.30  29.24  34.31  30.40  29.49  29.10 999.00  31.92  33.23  30.47  25.31  27.77  19.18  26.90  14.06  26.52  26.60  27.37  26.42  28.03  26.84  29.07  25.01  26.29  28.50
 wrfout_d04_2016-08-12_05:00:00 999.00  29.53  24.89  34.06  26.24  31.90  33.61  29.40  35.13  31.49  29.09  29.03 999.00  30.30  31.76  29.44  25.63  27.01  19.36  26.06  12.59  27.09  26.27  27.32  26.60  28.30  27.27  29.38  25.30  26.35  28.61
 wrfout_d04_2016-08-12_06:00:00 999.00  29.51  27.35  35.00  29.57  30.36  33.34  29.45  34.74  30.67  29.14  29.72 999.00  29.72  30.33  29.47  24.49  28.32  17.35  26.33  12.88  27.40  26.62  29.21  27.12  28.11  27.38  29.94  25.26  26.20  28.61
 wrfout_d04_2016-08-12_07:00:00 999.00  29.52  25.60  30.25  27.04  30.65  31.54  28.92  32.99  29.32  29.19  28.65 999.00  30.32  29.11  29.12  22.60  27.78  16.76  26.19  12.62  27.22  26.37  27.10  27.11  28.12  28.08  27.37  25.46  26.13  28.54
 wrfout_d04_2016-08-12_08:00:00 999.00  29.51  24.98  31.09  27.10  30.25  29.16  30.48  32.19  29.82  28.99  28.42 999.00  28.70  27.11  28.16  22.36  28.12  16.51  26.97  12.32  27.39  26.97  26.76  26.79  27.85  28.48  29.33  26.03  26.21  28.46
 wrfout_d04_2016-08-12_09:00:00 999.00  29.53  24.28  29.56  25.69  30.19  30.58  29.59  30.22  27.18  28.42  28.63 999.00  28.28  26.13  27.68  22.35  27.95  16.37  26.68  11.85  27.79  26.64  25.96  26.75  27.66  27.95  29.45  25.94  26.18  28.51
 wrfout_d04_2016-08-12_10:00:00 999.00  29.57  23.85  29.43  25.16  29.74  30.09  27.88  30.28  27.64  28.33  27.85 999.00  26.56  25.50  27.27  21.93  27.69  16.02  26.79  11.67  28.10  26.53  25.73  26.43  26.13  27.23  29.56  25.27  26.21  28.48
 wrfout_d04_2016-08-12_11:00:00 999.00  29.64  23.49  28.41  24.65  28.94  29.60  27.83  29.96  27.67  27.98  27.25 999.00  26.84  25.55  27.18  22.01  27.64  15.92  26.51  11.24  28.22  26.59  25.73  25.64  25.63  26.87  29.56  24.85  26.21  28.33
 wrfout_d04_2016-08-12_12:00:00 999.00  29.67  23.12  28.20  24.28  28.68  29.34  27.61  29.75  27.36  27.17  25.91 999.00  26.41  25.38  26.95  21.80  27.44  15.79  26.26  11.17  26.95  26.13  25.81  25.28  25.52  26.51  29.44  25.11  26.22  28.42
 wrfout_d04_2016-08-12_13:00:00 999.00  29.65  22.88  28.32  24.17  28.53  29.25  27.30  29.59  27.39  26.29  27.48 999.00  26.23  25.83  27.43  21.80  27.66  15.68  25.15  11.06  26.78  25.89  25.65  25.85  26.20  26.59  29.26  24.69  26.04  28.46
 wrfout_d04_2016-08-12_14:00:00 999.00  29.49  22.91  27.15  24.01  28.32  28.72  27.30  28.72  27.38  26.72  27.04 999.00  26.37  25.91  27.69  21.75  25.84  15.82  25.34  10.99  26.43  26.59  25.59  25.14  25.17  26.71  28.85  24.72  26.10  28.09
 wrfout_d04_2016-08-12_15:00:00 999.00  29.40  23.13  27.18  23.96  28.03  28.64  27.33  28.15  27.16  26.73  26.69 999.00  26.37  25.70  27.07  21.51  26.17  15.69  25.16  10.80  26.59  26.58  25.51  24.78  24.96  26.66  27.33  24.90  26.16  27.96
 wrfout_d04_2016-08-12_16:00:00 999.00  28.73  22.50  26.60  23.25  27.51  28.33  27.23  28.12  26.97  26.51  26.45 999.00  26.30  25.55  25.99  21.01  26.71  15.42  25.10  10.42  27.34  26.07  25.67  25.13  25.27  26.25  26.86  24.90  26.07  27.47
 wrfout_d04_2016-08-12_17:00:00 999.00  28.87  22.44  26.26  22.85  26.96  28.24  27.09  27.94  27.65  26.34  26.49 999.00  26.13  25.55  25.13  21.12  26.65  15.58  25.22  10.38  27.76  26.21  25.63  24.99  25.11  26.38  27.29  24.58  26.08  27.25
 wrfout_d04_2016-08-12_18:00:00 999.00  28.84  22.25  26.04  23.61  27.08  27.80  27.22  27.71  26.69  26.37  26.32 999.00  26.43  25.68  25.39  21.44  26.39  15.54  25.14  10.42  27.96  26.11  25.94  25.55  25.55  26.37  27.48  24.60  25.96  27.11
 wrfout_d04_2016-08-12_19:00:00 999.00  28.79  22.05  25.87  23.21  26.77  27.54  25.95  27.49  26.32  26.18  26.29 999.00  26.19  25.63  25.77  21.50  25.88  15.20  24.53  10.50  27.96  26.07  25.49  25.36  25.24  25.82  27.86  24.55  25.91  27.24
 wrfout_d04_2016-08-12_20:00:00 999.00  28.49  22.04  26.43  23.29  26.83  27.36  26.27  27.23  26.25  25.97  26.46 999.00  26.06  25.44  26.29  21.30  25.68  15.08  23.96  10.52  28.08  25.85  25.66  24.96  24.93  25.79  27.25  24.76  25.80  27.22
 wrfout_d04_2016-08-12_21:00:00 999.00  28.47  22.13  26.15  23.38  26.84  27.26  26.42  27.29  26.42  25.97  26.47 999.00  26.32  25.55  26.28  21.16  25.64  15.47  24.30  10.53  28.21  25.94  25.51  24.93  24.84  25.73  27.29  24.56  25.91  27.05
 wrfout_d04_2016-08-12_22:00:00 999.00  28.67  22.36  27.08  23.50  26.81  27.26  26.70  27.03  26.37  26.15  26.53 999.00  26.36  25.50  26.30  21.31  25.35  15.49  24.33  10.44  28.25  25.81  25.60  25.11  25.27  25.84  28.10  24.42  25.88  27.59
 wrfout_d04_2016-08-12_23:00:00 999.00  28.81  22.95  27.73  24.10  27.45  27.56  26.74  27.49  26.49  26.84  26.83 999.00  26.56  25.65  25.82  21.64  25.39  15.59  24.63  10.71  27.65  25.67  25.51  24.89  24.91  26.49  28.61  24.87  26.02  27.89
