 wrfout_d04_2016-01-30_00:00:00 999.00  16.50  10.85  15.69  11.67  15.35  15.93  15.95  15.72  16.18  16.61  16.30 999.00  16.53  17.09  19.87  18.56  17.57  10.98  15.86   5.04  19.49  20.16  20.47  18.19  18.06  22.05  20.10  21.02  22.16  23.71
 wrfout_d04_2016-01-30_01:00:00 999.00  16.59  10.98  15.89  11.89  15.45  16.28  15.94  15.91  16.08  16.62  16.12 999.00  16.66  17.37  20.01  17.55  17.70  11.99  16.89   5.13  19.41  20.09  20.94  18.57  18.69  23.65  21.77  21.20  23.24  24.50
 wrfout_d04_2016-01-30_02:00:00 999.00  16.87  11.12  15.70  12.03  15.67  16.35  16.23  15.97  15.86  16.78  16.19 999.00  16.81  17.55  20.02  18.77  17.65  12.05  17.61   5.07  19.09  20.06  21.42  19.01  19.00  23.77  23.57  21.68  23.49  25.67
 wrfout_d04_2016-01-30_03:00:00 999.00  16.88  11.39  16.86  13.51  15.95  16.72  16.15  16.28  17.63  16.95  16.40 999.00  17.87  19.12  19.61  20.51  17.50  11.40  17.87   5.05  18.94  20.21  20.81  19.77  19.78  23.43  24.46  22.17  23.19  25.19
 wrfout_d04_2016-01-30_04:00:00 999.00  17.15  11.35  16.37  13.47  16.25  17.72  16.31  16.93  16.82  17.12  16.62 999.00  17.10  19.29  19.74  21.40  17.81  11.47  17.88   5.17  18.65  20.00  21.15  19.95  19.84  22.80  24.53  21.93  22.84  26.07
 wrfout_d04_2016-01-30_05:00:00 999.00  17.19  11.23  16.60  13.18  16.46  17.33  16.22  16.92  16.97  16.94  16.60 999.00  17.14  18.67  19.89  19.88  17.63  10.61  18.80   5.09  18.63  19.96  21.04  19.55  19.94  22.51  25.39  21.90  24.16  26.40
 wrfout_d04_2016-01-30_06:00:00 999.00  16.87  11.15  16.15  12.80  16.51  17.39  16.39  17.02  17.12  17.20  16.19 999.00  18.67  20.36  19.96  21.01  17.23  12.89  18.94   5.07  18.47  20.13  21.01  21.26  21.22  22.26  25.21  21.51  23.96  25.68
 wrfout_d04_2016-01-30_07:00:00 999.00  16.38  10.81  15.89  12.14  16.28  17.28  15.97  16.75  17.11  17.47  15.96 999.00  17.76  19.45  19.75  20.08  16.77  10.92  20.00   5.07  18.28  20.18  20.35  20.99  21.06  21.78  24.97  20.99  23.47  24.96
 wrfout_d04_2016-01-30_08:00:00 999.00  15.88  10.43  15.26  11.38  15.75  16.57  15.60  16.36  16.48  17.43  16.09 999.00  17.52  19.53  19.31  18.88  17.60  12.08  19.45   4.76  18.78  20.06  19.57  20.64  20.79  21.45  24.49  20.23  22.28  24.29
 wrfout_d04_2016-01-30_09:00:00 999.00  15.64  10.08  14.71  10.84  15.28  15.81  15.42  15.62  15.77  16.80  16.10 999.00  16.77  18.46  19.14  17.97  17.32  10.82  18.21   4.26  18.53  19.90  18.76  19.96  20.28  20.96  23.34  19.76  21.38  23.31
 wrfout_d04_2016-01-30_10:00:00 999.00  15.65   9.83  14.41  10.59  14.71  15.38  15.21  15.20  15.37  16.18  15.75 999.00  16.35  16.53  19.02  14.81  17.04   6.97  17.03   3.26  18.56  19.38  18.30  18.49  18.62  20.66  23.13  19.38  20.74  22.11
 wrfout_d04_2016-01-30_11:00:00 999.00  15.74   9.63  14.25  10.36  14.73  15.15  15.01  15.03  15.29  15.87  15.51 999.00  15.86  16.13  18.78  14.38  16.96   6.62  15.82   2.88  18.56  18.83  18.46  17.72  17.72  20.35  22.75  19.01  20.58  21.28
 wrfout_d04_2016-01-30_12:00:00 999.00  15.56   9.51  14.11  10.30  14.70  15.07  14.91  14.99  15.22  15.72  15.31 999.00  15.61  15.74  18.63  14.08  16.85   6.49  15.00   2.70  18.33  18.35  18.58  16.75  16.94  20.27  21.46  18.72  20.65  20.83
 wrfout_d04_2016-01-30_13:00:00 999.00  15.59   9.39  13.82  10.11  14.60  14.96  14.70  14.98  15.08  15.63  15.00 999.00  15.38  15.22  18.49  13.80  16.61   6.33  14.45   2.58  18.42  18.41  18.48  16.20  16.31  20.21  20.61  18.48  20.63  20.38
 wrfout_d04_2016-01-30_14:00:00 999.00  15.74   9.47  13.86  10.18  14.50  14.82  14.63  14.84  14.64  15.43  14.73 999.00  15.24  14.84  18.42  13.45  16.32   6.09  13.83   2.40  18.11  18.10  18.20  15.61  15.64  20.02  19.77  18.27  20.75  20.14
 wrfout_d04_2016-01-30_15:00:00 999.00  15.76   9.46  13.94  10.16  14.77  14.80  14.66  14.83  14.30  15.40  14.56 999.00  14.98  14.61  18.24  13.15  15.78   5.90  13.38   2.57  18.08  17.86  18.10  15.20  15.23  19.86  19.41  17.86  20.55  19.98
 wrfout_d04_2016-01-30_16:00:00 999.00  15.75   9.66  13.65  10.41  14.76  14.89  14.87  14.84  14.35  15.24  14.59 999.00  14.67  14.27  18.10  12.67  15.39   5.68  13.25   2.57  17.59  17.81  17.83  15.10  15.21  19.73  18.90  17.73  20.63  19.98
 wrfout_d04_2016-01-30_17:00:00 999.00  15.65   9.66  12.12  10.40  14.60  14.93  15.18  15.01  14.51  15.30  14.64 999.00  14.67  14.06  17.87  12.20  15.30   5.39  13.22   2.35  17.25  17.66  17.54  14.96  15.09  19.57  18.27  17.84  20.33  19.85
 wrfout_d04_2016-01-30_18:00:00 999.00  15.52   9.70  11.97  10.43  14.62  14.88  15.05  14.85  14.60  14.88  14.87 999.00  14.67  13.33  17.95  11.87  15.27   5.06  13.09   2.14  16.93  17.76  17.25  14.94  14.93  19.43  18.01  17.80  20.14  20.02
 wrfout_d04_2016-01-30_19:00:00 999.00  15.57   9.77  13.57  10.54  14.69  14.92  14.91  14.92  14.65  14.44  14.88 999.00  14.74  12.97  18.02  11.66  15.26   4.89  12.96   1.88  17.06  17.47  17.12  14.91  14.90  19.16  17.19  17.75  19.94  20.15
 wrfout_d04_2016-01-30_20:00:00 999.00  15.73   9.84  13.63  10.61  14.77  14.98  14.99  15.09  14.80  14.39  14.81 999.00  14.71  13.15  18.01  11.73  15.42   4.64  12.94   1.08  17.39  16.74  17.93  14.58  14.27  19.01  16.65  17.71  19.96  20.02
 wrfout_d04_2016-01-30_21:00:00 999.00  15.68   9.93  13.74  10.76  14.77  15.09  15.02  15.21  14.88  14.45  14.84 999.00  14.70  14.38  18.42  11.65  15.71   4.42  13.05   0.18  17.74  17.12  18.33  13.72  13.88  18.90  16.89  17.47  19.77  19.70
 wrfout_d04_2016-01-30_22:00:00 999.00  15.64   9.95  13.86  10.82  14.80  15.22  15.17  15.28  15.06  14.46  14.97 999.00  14.84  13.49  18.39  11.63  15.84   4.34  13.19   0.32  18.13  17.17  19.01  13.63  13.70  19.44  16.86  17.63  20.01  19.60
 wrfout_d04_2016-01-30_23:00:00 999.00  15.75  10.04  14.27  10.88  14.80  15.26  15.19  15.37  15.57  14.52  15.11 999.00  15.14  14.45  18.86  12.87  16.57   5.64  13.61   1.72  18.11  16.91  19.15  14.51  14.55  19.90  17.49  17.75  19.91  19.95
