 wrfout_d04_2016-04-28_00:00:00 999.00  21.86  17.91  24.24  19.40  23.00  23.62  23.60  23.87  23.81  26.11  24.62 999.00  24.57  25.71  27.39  23.75  25.36  16.27  25.91   9.38  25.52  25.90  27.43  27.67  27.92  28.68  28.68  27.49  28.80  27.39
 wrfout_d04_2016-04-28_01:00:00 999.00  21.73  17.89  23.02  20.34  22.83  23.90  24.10  23.94  24.20  27.14  24.70 999.00  26.48  27.43  27.38  25.43  26.31  17.31  27.65  10.22  25.54  26.38  27.98  29.10  29.32  29.37  29.61  28.17  28.57  28.31
 wrfout_d04_2016-04-28_02:00:00 999.00  21.88  17.79  23.00  19.95  22.42  23.89  23.32  23.77  26.37  27.05  24.90 999.00  26.62  29.19  27.60  26.63  26.69  18.04  29.13   9.16  25.45  26.42  27.99  30.54  30.53  29.71  30.23  28.65  29.20  29.02
 wrfout_d04_2016-04-28_03:00:00 999.00  21.73  17.90  23.08  20.23  21.95  24.06  23.53  25.50  26.58  25.63  24.80 999.00  27.14  30.55  26.94  27.55  26.79  18.19  29.71   8.02  25.64  26.40  27.21  31.68  31.24  29.54  30.68  29.00  29.70  29.66
 wrfout_d04_2016-04-28_04:00:00 999.00  21.25  17.10  22.03  18.38  22.04  23.85  23.32  24.44  26.44  24.28  24.02 999.00  27.33  31.00  26.59  27.79  27.11  15.20  31.06   8.16  25.62  26.42  25.80  32.44  31.76  27.73  31.05  29.15  29.25  30.18
 wrfout_d04_2016-04-28_05:00:00 999.00  21.07  16.79  22.74  17.80  21.83  23.47  24.33  23.88  25.94  23.06  22.84 999.00  27.19  30.95  26.78  28.01  27.09  14.68  31.44   8.65  25.35  26.48  25.84  32.33  32.04  27.36  31.02  29.06  29.51  30.28
 wrfout_d04_2016-04-28_06:00:00 999.00  21.00  16.36  22.59  17.85  21.45  22.93  23.06  23.13  25.30  22.72  22.27 999.00  26.91  30.50  26.09  27.67  26.84  14.43  30.42   9.56  25.38  26.42  26.65  31.28  31.67  28.08  30.79  29.06  29.68  29.97
 wrfout_d04_2016-04-28_07:00:00 999.00  20.94  15.79  21.65  17.60  21.34  22.22  23.17  22.25  24.75  22.02  22.00 999.00  26.39  29.67  24.84  26.54  26.67  14.21  29.12   9.01  25.16  26.48  26.65  30.56  30.78  28.75  30.35  28.69  29.12  29.56
 wrfout_d04_2016-04-28_08:00:00 999.00  20.90  15.59  21.59  16.99  21.00  21.75  22.33  21.63  23.24  21.75  21.38 999.00  25.76  28.59  24.75  25.66  26.19  13.97  27.75   8.82  25.24  26.41  25.66  29.73  30.00  27.76  30.02  28.08  28.31  28.97
 wrfout_d04_2016-04-28_09:00:00 999.00  20.96  14.90  20.84  16.43  20.85  21.27  21.87  20.77  22.79  21.66  21.26 999.00  24.54  27.13  24.35  23.94  25.33  13.57  25.72   8.31  25.26  25.99  24.97  28.47  28.79  27.37  29.42  26.98  27.37  28.35
 wrfout_d04_2016-04-28_10:00:00 999.00  20.91  14.34  20.36  15.68  20.56  21.06  21.17  20.72  22.05  20.92  20.81 999.00  23.74  25.88  23.80  22.14  24.51  13.10  25.13   7.88  25.16  25.69  23.84  27.59  27.52  26.26  28.89  25.67  26.13  27.51
 wrfout_d04_2016-04-28_11:00:00 999.00  20.82  14.18  19.96  15.48  20.58  20.91  20.87  20.54  21.08  20.65  20.47 999.00  23.53  24.73  23.42  20.71  24.41  11.24  23.98   7.52  24.93  25.61  23.67  26.35  26.44  25.88  28.78  24.93  25.85  27.15
 wrfout_d04_2016-04-28_12:00:00 999.00  20.91  13.72  18.43  15.11  20.57  20.79  20.52  20.45  20.74  20.56  20.41 999.00  23.08  24.32  23.08  19.99  24.31  10.86  23.18   7.23  25.02  25.35  23.30  25.43  25.59  25.50  28.73  24.49  25.05  27.21
 wrfout_d04_2016-04-28_13:00:00 999.00  21.23  13.55  17.99  14.93  19.28  19.20  20.35  19.98  20.28  20.45  20.29 999.00  22.44  23.95  22.99  19.23  24.02  10.53  22.89   6.99  25.10  25.28  22.73  24.79  25.00  25.11  28.14  23.99  24.59  26.91
 wrfout_d04_2016-04-28_14:00:00 999.00  21.30  13.39  17.46  14.76  18.05  18.37  19.93  19.40  19.96  20.26  20.00 999.00  21.99  23.43  22.87  18.75  23.85  10.27  22.52   6.74  24.90  24.52  22.72  24.32  24.51  24.46  27.54  23.29  24.29  25.84
 wrfout_d04_2016-04-28_15:00:00 999.00  21.44  13.27  16.89  14.61  17.62  17.65  19.30  18.69  19.74  18.73  19.62 999.00  21.59  23.08  22.56  18.31  23.38   9.94  21.89   6.53  24.72  24.66  22.68  23.91  24.07  24.12  27.44  22.83  23.97  25.13
 wrfout_d04_2016-04-28_16:00:00 999.00  21.44  13.15  16.28  14.44  17.21  17.10  18.73  18.24  19.55  17.90  19.22 999.00  21.40  22.62  22.39  17.93  23.28  10.93  21.00   6.22  24.49  24.54  22.63  23.63  23.89  23.57  27.05  22.44  23.68  24.53
 wrfout_d04_2016-04-28_17:00:00 999.00  21.43  13.07  15.85  14.28  16.89  16.67  18.55  17.19  19.56  17.41  18.48 999.00  21.16  22.23  22.23  17.56  23.00  10.99  20.41   6.05  24.47  24.14  22.35  23.39  23.63  23.72  26.27  22.27  23.86  24.10
 wrfout_d04_2016-04-28_18:00:00 999.00  21.40  13.04  15.52  14.20  16.23  16.19  18.39  16.90  19.49  17.09  18.37 999.00  21.06  21.80  22.09  17.18  22.90  10.56  19.91   5.64  24.47  23.59  22.19  22.70  23.13  23.60  25.59  22.14  23.66  23.78
 wrfout_d04_2016-04-28_19:00:00 999.00  21.41  13.01  15.22  14.20  15.81  15.74  18.25  16.60  19.40  16.68  18.22 999.00  21.05  21.97  21.91  16.84  22.85  10.11  19.47   5.44  24.53  23.44  21.99  22.03  22.55  23.39  25.25  21.74  23.38  23.81
 wrfout_d04_2016-04-28_20:00:00 999.00  21.42  13.01  14.98  14.21  15.65  15.36  18.21  16.33  19.37  16.24  17.07 999.00  20.94  21.64  21.81  16.57  22.76   9.66  18.99   5.31  24.38  23.21  21.87  21.51  21.98  22.92  24.85  21.49  23.59  23.91
 wrfout_d04_2016-04-28_21:00:00 999.00  21.41  13.03  14.78  14.25  15.56  15.12  18.21  16.03  19.36  15.86  16.89 999.00  20.74  21.35  21.75  16.37  22.61   9.81  18.89   5.20  24.35  23.12  21.84  21.04  21.46  22.80  24.75  21.46  23.31  23.65
 wrfout_d04_2016-04-28_22:00:00 999.00  21.39  13.64  17.24  14.88  18.14  17.57  18.82  18.50  19.59  18.53  19.22 999.00  20.82  21.77  21.64  18.75  22.68  11.30  19.10   5.77  24.27  23.23  21.76  20.98  21.27  22.94  24.74  21.70  23.61  23.60
 wrfout_d04_2016-04-28_23:00:00 999.00  21.40  14.92  20.35  16.31  21.25  20.99  20.48  20.87  20.89  20.93  20.97 999.00  21.85  23.18  22.97  21.51  23.38  13.05  20.51   6.92  24.26  23.54  22.77  22.31  22.72  22.93  25.73  22.07  24.99  24.55
