 wrfout_d04_2016-07-24_00:00:00 999.00  28.39  25.91  30.03  27.00  30.01  30.18  29.55  30.42  30.06  29.86  30.38 999.00  30.51  29.94  29.34  25.81  29.74  19.99  29.19  13.14  29.03  28.78  28.99  30.13  30.22  30.29  31.52  29.00  28.94  30.65
 wrfout_d04_2016-07-24_01:00:00 999.00  28.40  25.81  31.04  28.15  30.98  31.39  30.09  31.64  31.50  30.87  31.28 999.00  31.49  31.46  29.78  26.91  30.49  20.46  30.33  14.69  29.15  29.17  29.58  31.38  31.57  30.91  31.94  29.59  29.53  31.66
 wrfout_d04_2016-07-24_02:00:00 999.00  28.25  27.95  31.63  29.53  30.92  32.96  30.35  33.15  32.38  31.20  31.71 999.00  32.01  32.87  30.42  28.02  31.03  21.51  31.44  15.52  29.28  29.28  29.42  31.64  30.82  31.36  31.99  29.77  30.04  32.25
 wrfout_d04_2016-07-24_03:00:00 999.00  28.27  25.85  32.11  28.75  31.06  34.01  30.62  34.10  33.03  31.15  31.68 999.00  32.26  33.76  31.30  27.01  31.40  21.76  31.95  15.76  29.40  29.52  29.50  31.15  31.08  31.62  32.59  30.30  30.46  32.91
 wrfout_d04_2016-07-24_04:00:00 999.00  28.29  26.34  32.38  29.99  31.27  35.12  30.79  35.17  33.39  31.64  31.95 999.00  32.46  34.68  31.64  29.53  31.76  22.00  31.87  15.86  29.44  29.51  29.77  31.96  32.36  31.85  33.00  30.49  30.59  33.27
 wrfout_d04_2016-07-24_05:00:00 999.00  28.28  28.29  32.27  30.77  31.37  35.46  30.87  35.64  33.52  31.68  31.83 999.00  32.57  35.14  31.68  28.94  32.01  21.91  33.54  12.95  29.44  29.52  29.89  32.22  32.10  32.01  33.24  30.61  30.60  33.66
 wrfout_d04_2016-07-24_06:00:00 999.00  28.25  28.15  31.98  30.51  31.49  35.17  30.72  35.62  33.42  31.48  31.59 999.00  32.49  35.00  31.62  30.19  32.09  21.66  33.64  12.78  29.46  29.57  29.72  32.24  31.90  31.80  33.06  30.34  30.49  33.72
 wrfout_d04_2016-07-24_07:00:00 999.00  28.46  28.02  31.89  30.18  31.30  34.71  30.55  34.98  32.96  30.73  31.27 999.00  31.39  34.25  31.44  29.97  31.98  21.04  33.38  13.23  29.49  29.46  29.54  33.45  32.70  31.58  32.48  29.79  30.08  33.65
 wrfout_d04_2016-07-24_08:00:00 999.00  28.54  27.05  31.93  28.56  31.12  33.74  30.27  34.43  32.37  30.05  30.69 999.00  30.43  32.72  31.04  26.23  31.85  20.09  32.30  12.47  29.51  29.74  29.26  33.26  32.45  31.34  32.35  29.46  29.58  32.82
 wrfout_d04_2016-07-24_09:00:00 999.00  28.57  26.10  31.99  27.94  31.23  33.16  29.85  33.70  31.56  29.72  29.97 999.00  30.21  31.00  30.51  25.39  31.27  19.16  29.98  12.47  29.39  29.75  28.92  31.90  31.54  30.93  32.29  28.71  28.84  31.63
 wrfout_d04_2016-07-24_10:00:00 999.00  28.56  24.44  31.07  25.94  30.55  31.76  28.97  32.44  30.68  29.35  29.06 999.00  30.33  30.79  30.09  23.51  30.43  17.01  30.11  11.77  29.40  29.71  28.25  29.49  29.25  30.42  32.00  27.73  27.64  30.63
 wrfout_d04_2016-07-24_11:00:00 999.00  28.57  23.12  28.21  24.57  28.77  30.92  28.24  31.49  29.95  29.00  28.46 999.00  30.02  30.65  29.84  22.80  29.95  13.97  29.47   7.50  29.35  29.63  26.47  28.69  28.76  29.89  31.61  26.04  26.31  29.55
 wrfout_d04_2016-07-24_12:00:00 999.00  28.52  22.16  27.35  24.18  28.04  29.81  27.88  30.44  29.48  28.51  28.33 999.00  29.68  30.42  29.68  22.58  29.48  13.61  29.32   7.35  29.30  29.26  26.11  29.72  30.17  29.56  31.25  25.66  26.10  29.13
 wrfout_d04_2016-07-24_13:00:00 999.00  28.46  21.03  26.54  23.28  27.72  29.32  27.50  29.81  29.08  27.77  28.22 999.00  29.35  30.42  29.51  22.24  29.16  13.44  28.95   7.22  29.26  29.44  25.74  29.84  30.23  29.22  30.81  25.40  26.34  28.80
 wrfout_d04_2016-07-24_14:00:00 999.00  28.38  20.57  25.99  21.50  27.32  28.90  26.99  29.29  28.72  28.07  27.89 999.00  29.06  29.92  29.24  21.89  28.91  13.27  28.25   6.66  29.33  29.46  25.42  29.32  29.63  28.94  30.66  25.23  26.24  28.78
 wrfout_d04_2016-07-24_15:00:00 999.00  28.30  20.32  25.62  21.26  27.02  28.51  26.50  28.69  28.19  28.02  27.58 999.00  28.85  29.54  28.93  21.59  28.83  12.90  27.74   6.36  29.15  28.57  25.19  28.45  29.15  28.52  30.44  25.07  26.34  28.54
 wrfout_d04_2016-07-24_16:00:00 999.00  28.27  20.08  25.46  20.96  27.97  28.20  25.79  28.19  27.72  27.74  27.34 999.00  28.55  29.13  28.57  21.27  28.80  12.42  27.57   5.98  29.17  28.69  24.93  28.00  28.55  28.20  30.32  24.85  26.35  28.31
 wrfout_d04_2016-07-24_17:00:00 999.00  28.27  19.90  26.56  20.76  27.74  27.90  25.48  27.90  27.03  26.89  27.21 999.00  28.30  28.64  27.98  21.00  28.70  11.94  27.40   5.78  29.14  28.62  24.74  27.75  28.24  27.91  30.41  24.55  26.12  28.20
 wrfout_d04_2016-07-24_18:00:00 999.00  28.23  19.74  25.94  20.58  27.00  27.53  25.73  27.36  26.67  26.56  26.96 999.00  28.18  28.11  27.59  20.79  28.54  11.64  27.01   5.69  29.02  27.99  24.53  27.60  27.99  27.62  30.22  24.35  25.79  27.91
 wrfout_d04_2016-07-24_19:00:00 999.00  28.29  21.43  24.71  20.30  26.69  27.30  25.53  26.98  26.34  26.37  26.77 999.00  27.99  27.81  27.36  20.49  28.46  11.34  26.83   5.54  28.96  27.81  24.31  27.40  28.00  27.52  30.12  24.16  26.06  27.77
 wrfout_d04_2016-07-24_20:00:00 999.00  28.36  21.07  24.05  20.04  26.04  27.05  25.65  26.69  26.10  26.14  26.83 999.00  27.82  27.61  27.21  20.31  28.38  11.08  26.62   5.34  28.97  27.53  24.12  27.03  27.66  27.33  29.65  23.93  26.00  27.49
 wrfout_d04_2016-07-24_21:00:00 999.00  28.30  19.26  23.75  19.86  25.62  26.75  25.63  26.78  26.52  26.02  26.53 999.00  28.09  27.26  27.07  20.16  28.37  10.88  26.46   5.06  29.02  27.49  23.95  26.81  27.34  27.11  29.36  23.71  25.64  27.30
 wrfout_d04_2016-07-24_22:00:00 999.00  28.31  21.92  26.47  23.15  25.81  26.99  26.63  27.13  26.17  26.77  26.93 999.00  27.76  27.30  27.23  22.41  28.45  13.58  26.50   8.12  29.07  27.59  25.89  26.71  27.47  27.29  29.41  25.14  27.03  27.43
 wrfout_d04_2016-07-24_23:00:00 999.00  28.33  24.08  28.15  24.85  27.88  28.18  28.28  28.46  28.02  28.22  28.50 999.00  28.84  28.24  28.36  24.75  29.35  18.21  27.52  12.76  29.11  27.88  27.85  28.11  28.81  28.76  30.29  27.77  28.71  28.98
