 wrfout_d04_2016-07-11_00:00:00 999.00  28.44  23.27  27.48  24.33  28.83  28.42  27.48  28.42  28.39  28.63  27.70 999.00  28.49  28.07  29.32  23.63  29.46  16.11  27.51  11.20  29.42  29.70  27.64  28.71  29.04  29.07  30.06  25.99  26.75  28.03
 wrfout_d04_2016-07-11_01:00:00 999.00  27.71  23.72  27.93  25.25  28.63  29.08  27.99  29.17  28.66  30.68  29.77 999.00  28.43  27.68  28.29  23.61  28.24  15.76  27.66  12.15  28.68  27.13  27.20  26.47  26.51  28.64  29.59  26.09  26.58  27.93
 wrfout_d04_2016-07-11_02:00:00 999.00  27.94  24.88  29.17  25.88  29.03  29.79  28.73  29.95  29.66  30.92  29.48 999.00  28.62  28.25  28.13  23.19  28.42  15.69  28.22  11.51  28.68  27.22  26.93  26.45  26.39  27.66  29.86  26.10  26.40  28.36
 wrfout_d04_2016-07-11_03:00:00 999.00  27.79  24.79  28.11  26.64  29.86  29.98  28.87  29.97  29.92  31.37  30.93 999.00  29.23  28.71  28.30  23.85  28.04  15.45  27.29  11.26  28.56  27.41  27.00  26.14  25.69  27.70  29.88  25.70  26.38  28.12
 wrfout_d04_2016-07-11_04:00:00 999.00  27.96  25.95  29.49  26.37  30.21  30.08  29.17  30.45  29.88  31.21  28.40 999.00  29.69  29.16  27.93  23.64  28.63  16.47  28.22  11.25  28.71  26.89  27.35  26.06  26.02  27.74  27.76  26.91  26.30  28.34
 wrfout_d04_2016-07-11_05:00:00 999.00  27.88  25.50  29.09  26.82  30.33  30.57  29.17  30.99  30.00  29.24  27.78 999.00  29.42  28.98  27.69  23.44  28.48  16.40  28.44  11.62  28.76  26.83  27.29  25.68  25.67  28.64  28.37  26.67  26.36  28.28
 wrfout_d04_2016-07-11_06:00:00 999.00  27.67  25.00  32.50  25.47  30.33  30.96  28.88  30.66  30.05  28.67  29.01 999.00  29.80  29.23  27.92  23.20  28.54  16.43  25.93  11.56  27.81  26.81  27.45  25.92  25.86  29.57  28.77  26.06  26.48  28.34
 wrfout_d04_2016-07-11_07:00:00 999.00  27.34  24.01  28.43  25.41  30.01  30.43  28.82  29.80  29.62  28.55  27.84 999.00  28.66  28.31  28.07  22.75  27.97  16.41  26.41  11.38  27.68  26.25  28.72  26.19  26.15  27.52  26.93  25.88  26.28  28.31
 wrfout_d04_2016-07-11_08:00:00 999.00  27.66  22.99  27.74  24.37  29.54  29.59  27.25  29.52  27.80  28.53  28.02 999.00  26.82  27.05  28.57  22.83  27.70  15.56  28.24  11.21  27.92  26.53  26.67  25.12  25.06  26.97  28.30  25.69  26.39  28.40
 wrfout_d04_2016-07-11_09:00:00 999.00  27.80  22.74  27.37  24.16  29.12  29.06  27.40  28.71  28.31  28.40  28.21 999.00  26.78  26.80  28.33  22.34  27.62  15.85  25.36  11.20  28.04  26.31  26.57  25.90  25.69  27.34  28.53  25.54  26.37  28.38
 wrfout_d04_2016-07-11_10:00:00 999.00  27.94  22.31  26.89  23.28  28.75  28.80  27.36  28.25  28.29  28.20  28.21 999.00  27.23  26.67  27.85  22.36  27.66  15.64  25.83  10.93  28.04  26.34  26.40  24.99  25.34  26.89  28.90  25.51  26.37  28.43
 wrfout_d04_2016-07-11_11:00:00 999.00  28.03  22.46  26.40  23.25  28.21  28.26  27.21  27.92  28.06  27.87  27.72 999.00  27.22  26.54  27.65  21.83  27.84  15.42  26.49  10.88  28.35  25.65  26.18  24.95  25.16  27.57  29.19  25.40  26.37  28.22
 wrfout_d04_2016-07-11_12:00:00 999.00  28.22  22.59  26.37  23.46  27.84  28.19  27.19  27.84  27.95  27.68  27.61 999.00  26.70  26.62  27.53  21.94  28.24  15.35  24.74  10.86  28.99  26.33  26.24  25.36  26.04  27.79  29.11  25.39  26.48  28.28
 wrfout_d04_2016-07-11_13:00:00 999.00  28.14  22.65  26.33  23.64  27.43  28.18  27.16  27.90  27.75  27.60  27.66 999.00  27.06  26.75  26.97  21.75  28.41  15.61  24.24  10.91  29.06  27.12  26.34  25.38  25.56  27.93  29.34  25.11  26.50  28.23
 wrfout_d04_2016-07-11_14:00:00 999.00  28.06  22.56  26.21  23.64  27.19  28.02  27.30  27.91  27.60  27.40  27.49 999.00  26.69  26.11  26.61  21.66  28.52  15.34  25.08  10.36  28.94  28.46  26.59  25.75  26.06  28.11  29.34  25.30  26.48  28.25
 wrfout_d04_2016-07-11_15:00:00 999.00  28.05  22.25  26.09  23.28  26.93  27.72  27.15  28.71  27.32  27.14  27.31 999.00  26.84  26.01  26.51  21.56  28.48  15.68  24.18  10.93  28.94  28.72  26.54  25.85  26.16  28.11  29.17  25.15  26.63  28.04
 wrfout_d04_2016-07-11_16:00:00 999.00  28.06  22.13  26.00  23.15  26.83  28.00  26.66  28.04  27.08  27.15  27.27 999.00  26.31  26.23  26.55  21.29  28.41  15.47  26.03  11.30  28.80  28.75  26.63  26.18  26.42  27.89  28.90  24.89  26.51  27.89
 wrfout_d04_2016-07-11_17:00:00 999.00  27.99  22.18  25.80  23.15  26.83  27.34  26.11  28.01  26.86  26.88  27.20 999.00  26.23  26.24  26.34  21.18  28.30  15.62  26.02  11.30  28.75  28.62  26.76  26.14  26.16  28.04  28.91  25.17  26.37  28.10
 wrfout_d04_2016-07-11_18:00:00 999.00  28.07  21.82  25.17  22.70  26.67  27.38  26.83  27.62  27.06  26.81  27.30 999.00  26.73  25.76  26.48  21.36  28.32  15.83  25.95  11.05  28.88  28.51  26.60  26.24  26.36  27.38  28.94  25.18  26.48  27.92
 wrfout_d04_2016-07-11_19:00:00 999.00  28.03  21.97  25.59  22.94  26.86  27.38  27.30  27.45  27.20  26.96  27.47 999.00  27.16  25.99  25.93  21.77  28.39  15.72  26.02  10.89  28.94  28.66  26.29  26.01  26.19  27.85  28.91  25.07  26.31  27.95
 wrfout_d04_2016-07-11_20:00:00 999.00  28.07  22.17  25.63  22.98  26.93  26.99  27.03  27.07  27.58  26.60  27.05 999.00  27.35  25.55  26.08  20.99  28.47  15.68  25.85  10.76  28.84  28.82  26.66  25.91  26.19  28.12  28.81  25.35  26.48  27.78
 wrfout_d04_2016-07-11_21:00:00 999.00  27.97  22.30  25.63  22.79  26.79  26.88  27.11  26.96  27.48  26.60  27.28 999.00  27.66  26.02  25.54  21.03  28.47  15.52  26.16  10.56  28.87  28.79  26.72  25.66  25.82  27.97  29.01  25.41  26.47  27.87
 wrfout_d04_2016-07-11_22:00:00 999.00  28.12  22.58  25.94  23.86  26.89  27.28  27.44  27.74  27.84  27.23  27.74 999.00  28.05  26.33  27.48  22.27  28.50  15.57  26.34  10.90  28.91  28.90  27.05  26.08  26.45  28.28  29.26  25.65  26.56  28.05
 wrfout_d04_2016-07-11_23:00:00 999.00  28.14  23.41  26.29  25.42  27.19  27.58  27.58  27.66  28.18  28.70  29.10 999.00  28.48  28.00  28.82  21.66  28.62  15.91  26.74  11.11  28.94  28.95  27.88  26.64  27.12  28.77  29.15  26.00  26.50  28.41
