 wrfout_d04_2016-01-07_00:00:00 999.00  18.07  11.36  16.71  12.85  17.11  17.10  17.51  16.89  17.54  17.47  16.98 999.00  17.89  17.73  20.05  17.01  18.22  10.04  16.15   5.57  18.90  18.32  20.64  17.27  17.52  21.17  20.11  20.25  20.63  21.86
 wrfout_d04_2016-01-07_01:00:00 999.00  17.37  11.27  17.34  13.15  16.55  17.18  17.82  16.49  18.23  16.66  16.25 999.00  18.74  19.46  20.43  18.66  18.32  11.26  17.26   6.96  18.93  19.09  20.84  18.39  18.53  21.65  20.47  20.65  22.04  22.35
 wrfout_d04_2016-01-07_02:00:00 999.00  17.45  11.39  17.69  13.64  17.11  17.49  17.90  17.01  19.31  17.06  16.45 999.00  19.87  21.67  19.51  19.74  19.02  12.26  19.26   7.66  18.95  19.88  21.56  20.39  20.53  22.51  22.54  21.52  22.55  23.44
 wrfout_d04_2016-01-07_03:00:00 999.00  17.51  11.57  17.83  14.04  17.12  18.24  18.65  18.27  20.44  17.32  16.44 999.00  20.65  23.13  20.18  20.05  19.27  12.82  21.02   7.79  19.05  20.38  22.10  21.97  22.11  23.00  23.24  22.12  22.89  24.46
 wrfout_d04_2016-01-07_04:00:00 999.00  17.53  11.51  18.18  14.19  17.10  18.77  19.08  18.76  20.97  17.45  16.58 999.00  20.90  24.28  21.52  19.88  19.12  13.03  22.57   7.69  19.04  20.41  22.11  23.25  23.37  24.15  23.62  22.80  23.11  24.92
 wrfout_d04_2016-01-07_05:00:00 999.00  17.55  11.54  17.99  14.14  17.09  18.12  18.73  18.21  20.54  17.63  16.55 999.00  20.61  25.02  21.54  20.26  19.62  12.47  23.39   7.52  18.89  20.38  21.58  23.85  23.72  24.53  23.82  22.99  23.12  24.59
 wrfout_d04_2016-01-07_06:00:00 999.00  17.67  11.61  17.44  14.04  16.94  17.63  18.54  17.67  20.43  17.68  16.70 999.00  20.13  24.53  21.46  20.18  19.54  11.81  23.28   7.06  18.78  20.27  21.54  23.57  23.51  24.20  23.93  22.76  22.99  24.45
 wrfout_d04_2016-01-07_07:00:00 999.00  17.72  11.31  17.04  13.56  16.64  17.53  18.10  17.46  19.73  17.42  16.77 999.00  19.64  23.01  21.07  18.95  19.02  10.15  22.38   6.00  18.65  20.11  21.09  23.03  23.03  23.33  23.87  22.27  21.96  24.13
 wrfout_d04_2016-01-07_08:00:00 999.00  17.78  11.03  16.75  12.71  16.51  17.14  17.75  17.05  18.60  17.13  16.62 999.00  19.12  21.74  20.38  18.29  18.16  10.09  21.20   4.69  18.44  19.95  20.24  21.94  22.17  22.71  23.98  21.22  21.28  23.47
 wrfout_d04_2016-01-07_09:00:00 999.00  17.93  10.83  16.60  12.06  16.41  16.92  17.45  16.74  17.62  16.76  16.25 999.00  18.45  20.69  19.92  16.63  17.51   8.56  19.32   1.22  18.37  19.95  19.91  20.66  20.80  22.25  23.32  20.36  21.12  22.92
 wrfout_d04_2016-01-07_10:00:00 999.00  18.02  10.79  16.44  12.07  16.46  16.90  17.41  16.76  17.32  16.19  16.01 999.00  18.17  19.10  19.82  13.16  17.01   6.41  17.82   1.26  18.34  19.83  19.65  19.68  19.70  21.56  22.72  19.71  21.13  22.47
 wrfout_d04_2016-01-07_11:00:00 999.00  17.29  10.90  16.39  12.22  16.40  17.01  17.25  16.83  17.07  16.13  15.99 999.00  17.90  18.36  19.87  12.35  16.82   7.16  17.15   1.36  18.37  19.64  19.70  18.45  18.66  20.80  21.99  19.52  21.11  22.30
 wrfout_d04_2016-01-07_12:00:00 999.00  17.63  10.96  16.29  11.94  16.34  17.04  16.98  16.91  17.00  15.99  16.06 999.00  17.73  17.81  19.73  12.04  17.00   7.47  16.77   1.48  18.43  19.47  18.72  18.14  18.30  20.65  21.31  19.21  21.12  21.89
 wrfout_d04_2016-01-07_13:00:00 999.00  17.99  10.95  16.28  12.26  16.46  17.14  17.05  16.82  16.98  15.87  14.59 999.00  17.37  17.41  19.66  12.03  16.91   7.62  16.65   1.67  18.45  19.59  18.79  18.09  18.31  20.39  20.98  18.03  21.12  21.49
 wrfout_d04_2016-01-07_14:00:00 999.00  18.17  10.98  15.91  11.85  16.50  14.94  16.82  14.71  16.84  13.78  16.23 999.00  16.92  17.01  19.22  12.10  16.91   7.60  16.54   1.71  18.52  19.53  17.55  18.10  18.32  20.01  20.44  17.76  20.88  21.24
 wrfout_d04_2016-01-07_15:00:00 999.00  18.42  10.97  14.09  11.89  16.35  14.05  16.66  14.13  15.49  15.89  14.69 999.00  16.58  16.90  19.29  14.43  17.20   7.77  16.46   1.94  18.53  19.50  18.00  17.70  17.90  19.96  19.87  17.50  20.60  21.00
 wrfout_d04_2016-01-07_16:00:00 999.00  18.52  11.05  15.09  12.00  16.44  15.87  16.64  14.40  14.58  15.77  14.33 999.00  16.39  16.83  18.96  12.04  17.30   7.52  16.01   2.09  18.69  19.42  17.92  17.60  17.56  19.73  19.65  17.78  20.68  21.01
 wrfout_d04_2016-01-07_17:00:00 999.00  18.65  11.24  15.73  12.13  16.51  15.68  17.27  14.12  14.32  14.29  14.25 999.00  16.62  16.37  19.27  14.63  17.38   7.45  15.30   1.79  18.75  19.63  17.47  17.10  17.60  19.24  19.64  17.88  20.76  20.54
 wrfout_d04_2016-01-07_18:00:00 999.00  18.55  11.44  16.00  12.70  16.41  15.86  17.51  15.11  13.99  13.30  14.18 999.00  16.68  16.20  18.05  14.26  17.28   7.41  15.06   2.25  18.67  19.58  17.91  17.12  17.63  19.86  19.49  17.82  20.76  20.45
 wrfout_d04_2016-01-07_19:00:00 999.00  18.32  11.55  16.17  12.82  16.62  15.81  17.51  15.59  15.68  15.42  14.12 999.00  16.46  15.69  18.96  14.23  17.53   6.98  14.58   2.15  18.71  18.98  17.20  16.98  17.12  19.92  19.33  17.65  20.88  19.86
 wrfout_d04_2016-01-07_20:00:00 999.00  18.53  11.66  16.24  12.56  16.45  15.81  17.51  15.65  15.49  15.73  13.96 999.00  16.74  16.06  19.07  13.84  17.31   6.84  14.41   2.08  18.88  18.34  18.54  16.92  17.15  19.87  18.69  17.34  20.74  20.18
 wrfout_d04_2016-01-07_21:00:00 999.00  18.67  11.74  16.39  12.87  16.46  15.84  17.60  15.73  16.91  14.08  15.61 999.00  16.44  16.28  17.53  12.28  17.17   6.75  14.04   1.94  19.28  18.52  17.19  16.49  16.98  19.70  18.27  17.30  20.90  19.86
 wrfout_d04_2016-01-07_22:00:00 999.00  18.75  11.92  16.24  13.12  16.77  15.82  17.25  16.14  14.78  13.76  14.09 999.00  16.63  16.58  17.50  11.19  17.18   6.72  14.09   1.71  19.02  18.53  19.22  16.52  16.56  19.46  18.34  17.80  20.99  19.77
 wrfout_d04_2016-01-07_23:00:00 999.00  18.34  11.96  16.45  13.10  16.94  16.29  17.02  16.33  16.37  14.59  16.40 999.00  16.83  16.33  18.48  12.28  16.96   6.95  14.51   1.51  18.72  18.78  19.02  16.43  16.52  19.80  18.60  17.94  21.16  20.30
