 wrfout_d04_2016-09-09_00:00:00 999.00  27.07  21.48  25.95  22.81  25.92  25.72  25.71  25.97  25.91  26.06  26.30 999.00  25.83  24.90  26.34  21.89  28.02  16.08  26.37  10.80  28.73  27.06  27.74  26.83  26.67  29.62  29.36  28.21  27.94  28.57
 wrfout_d04_2016-09-09_01:00:00 999.00  26.93  21.89  27.32  23.32  27.45  27.51  27.03  28.11  27.29  28.27  27.63 999.00  30.50  29.73  28.75  26.51  27.37  19.04  26.64  13.56  27.71  27.11  28.54  27.69  27.87  30.11  30.28  29.91  28.20  28.89
 wrfout_d04_2016-09-09_02:00:00 999.00  27.26  22.26  27.08  24.31  29.47  27.95  26.98  28.67  27.11  28.64  27.77 999.00  29.50  30.83  29.06  27.80  27.58  19.75  27.12  13.98  27.72  28.31  29.04  28.87  28.78  30.16  30.67  29.36  28.70  29.54
 wrfout_d04_2016-09-09_03:00:00 999.00  27.26  22.04  27.02  23.36  29.92  28.70  27.00  29.35  27.19  29.97  28.88 999.00  29.02  30.01  29.56  28.36  27.49  20.41  27.38  14.08  27.70  28.12  29.34  30.25  29.76  30.27  31.04  30.67  29.00  29.59
 wrfout_d04_2016-09-09_04:00:00 999.00  26.92  22.30  27.64  23.48  28.59  28.18  26.92  28.41  27.36  29.35  28.51 999.00  28.64  29.40  30.53  24.97  27.44  20.81  27.47  14.21  27.64  28.10  29.23  29.56  28.98  30.08  29.89  31.23  29.14  30.10
 wrfout_d04_2016-09-09_05:00:00 999.00  27.02  22.01  26.91  23.22  28.05  28.22  27.00  28.17  27.53  27.15  26.79 999.00  28.95  29.42  30.32  24.63  27.41  20.44  27.39  13.17  27.60  28.12  28.57  29.11  28.58  30.34  30.07  30.82  29.09  30.16
 wrfout_d04_2016-09-09_06:00:00 999.00  27.25  22.18  27.15  23.17  27.71  28.27  26.79  28.26  29.79  26.02  26.39 999.00  28.81  28.93  30.54  23.95  27.30  19.70  27.43  13.43  27.59  28.02  28.71  28.55  28.33  30.27  30.61  29.65  28.77  29.95
 wrfout_d04_2016-09-09_07:00:00 999.00  27.23  22.03  26.56  23.26  27.33  28.39  26.81  28.53  27.66  26.52  26.36 999.00  28.96  28.87  29.26  23.85  27.21  18.55  27.23  13.40  27.58  27.88  28.78  28.36  28.15  30.21  29.90  28.91  28.32  29.64
 wrfout_d04_2016-09-09_08:00:00 999.00  27.12  22.15  26.80  23.39  26.91  28.15  27.16  28.40  27.39  26.66  26.08 999.00  28.74  28.65  28.80  24.07  27.02  17.90  26.86  12.70  27.56  27.84  28.26  28.21  27.91  30.02  30.03  28.13  27.71  29.15
 wrfout_d04_2016-09-09_09:00:00 999.00  26.94  21.93  27.19  23.00  26.39  27.51  26.46  28.00  27.18  26.24  26.02 999.00  28.41  28.24  25.97  23.12  26.88  16.65  26.82  11.11  27.51  27.87  27.73  27.80  27.57  29.44  29.37  27.43  26.90  28.67
 wrfout_d04_2016-09-09_10:00:00 999.00  26.92  21.82  25.96  22.75  26.19  27.15  26.16  27.60  27.10  26.76  25.53 999.00  27.94  27.63  25.57  22.68  26.77  16.20  26.69  10.78  27.50  27.81  27.46  27.05  26.86  28.95  29.15  26.25  26.09  28.27
 wrfout_d04_2016-09-09_11:00:00 999.00  26.79  21.70  25.61  22.75  26.00  26.98  26.14  27.34  26.78  24.97  26.03 999.00  27.50  27.24  25.82  22.49  26.74  16.01  26.75  10.79  27.53  27.62  27.18  26.56  26.44  28.75  29.00  25.96  25.98  28.06
 wrfout_d04_2016-09-09_12:00:00 999.00  26.84  21.83  25.67  22.67  25.71  26.45  26.22  26.61  26.65  24.88  25.56 999.00  27.25  26.93  25.87  22.36  26.49  16.10  26.78  10.78  27.56  27.31  26.59  26.20  26.14  28.58  28.96  25.68  26.03  27.89
 wrfout_d04_2016-09-09_13:00:00 999.00  26.73  21.95  25.53  22.53  25.62  26.01  26.00  26.41  26.52  24.99  25.49 999.00  26.88  26.74  26.81  22.27  25.81  15.85  26.30  10.51  27.52  27.18  26.34  25.89  25.83  28.46  28.99  25.29  25.98  27.73
 wrfout_d04_2016-09-09_14:00:00 999.00  26.65  21.91  25.21  22.54  25.60  25.53  25.89  25.98  26.30  24.53  25.74 999.00  26.58  26.27  26.41  22.14  25.65  15.70  26.06  10.52  27.54  27.01  26.38  25.62  25.55  28.19  28.89  24.94  25.88  27.58
 wrfout_d04_2016-09-09_15:00:00 999.00  26.44  21.84  24.97  22.64  25.66  25.76  25.78  25.77  26.49  25.27  24.99 999.00  26.60  26.12  26.60  21.91  25.54  15.62  25.72  10.59  27.54  26.81  26.36  25.43  25.35  28.01  28.69  24.70  25.70  27.33
 wrfout_d04_2016-09-09_16:00:00 999.00  26.08  21.74  25.08  22.47  25.42  25.59  25.61  25.49  25.81  25.86  24.61 999.00  26.21  25.67  26.73  21.88  25.29  15.38  25.41  10.53  27.56  26.58  25.97  25.23  25.14  27.89  28.49  24.49  25.67  27.09
 wrfout_d04_2016-09-09_17:00:00 999.00  26.27  21.43  25.29  22.29  25.42  25.58  25.58  25.53  25.65  25.19  25.08 999.00  26.04  25.56  26.78  21.85  25.14  15.62  25.37  10.40  27.51  26.39  25.73  25.06  24.99  27.64  28.30  24.19  25.49  27.01
 wrfout_d04_2016-09-09_18:00:00 999.00  26.35  21.42  24.94  21.99  25.15  25.22  25.41  25.45  25.50  25.14  25.46 999.00  25.97  25.39  26.51  21.95  25.33  15.75  25.33  10.53  27.52  26.27  25.71  24.98  24.89  27.44  28.23  24.35  25.39  26.87
 wrfout_d04_2016-09-09_19:00:00 999.00  26.15  21.62  24.87  22.10  25.05  24.95  25.28  25.29  25.42  25.43  25.34 999.00  25.95  25.22  26.41  21.75  25.52  15.07  25.29  10.27  27.56  26.40  25.95  24.86  24.68  27.04  27.96  23.83  25.40  26.75
 wrfout_d04_2016-09-09_20:00:00 999.00  26.13  21.44  24.84  22.28  24.91  24.91  25.26  25.17  25.35  25.37  25.31 999.00  26.19  25.24  26.34  21.44  25.65  15.03  24.58  10.08  27.53  26.47  25.77  24.66  24.75  26.89  27.87  23.72  25.06  26.68
 wrfout_d04_2016-09-09_21:00:00 999.00  26.44  21.43  24.68  22.09  24.88  24.80  25.25  25.06  25.28  25.17  25.40 999.00  26.05  24.89  26.10  21.37  25.57  15.43  24.53  10.31  27.51  26.34  25.59  24.49  24.40  26.43  27.97  23.62  25.23  26.49
 wrfout_d04_2016-09-09_22:00:00 999.00  26.56  21.51  24.75  22.28  24.94  24.79  25.28  25.08  25.52  25.52  25.43 999.00  25.65  25.15  26.40  21.33  25.72  15.64  24.78  10.44  27.48  25.82  25.62  24.37  24.34  26.37  27.91  23.79  25.25  26.52
 wrfout_d04_2016-09-09_23:00:00 999.00  26.67  22.04  25.23  23.01  25.04  24.95  25.55  25.44  25.52  25.99  25.35 999.00  26.02  25.39  27.18  21.88  26.74  16.15  25.29  11.00  27.45  26.05  27.43  25.21  25.49  27.64  28.30  26.72  26.53  27.30
