 wrfout_d04_2016-05-11_00:00:00 999.00  21.88  16.30  22.97  18.15  21.67  22.08  22.34  22.46  23.44  22.16  21.61 999.00  25.21  25.96  24.94  22.01  26.29  13.95  24.85   9.13  26.80  25.81  25.64  26.70  28.93  29.07  27.03  28.44  27.81  29.68
 wrfout_d04_2016-05-11_01:00:00 999.00  21.76  16.86  23.25  18.78  22.15  23.93  22.49  23.15  25.27  23.30  22.18 999.00  27.32  27.92  24.94  22.86  27.37  14.75  26.74   9.65  26.92  26.62  25.64  27.49  27.58  29.40  27.84  28.14  28.04  30.17
 wrfout_d04_2016-05-11_02:00:00 999.00  21.63  18.05  23.83  19.82  22.32  23.94  23.57  23.49  25.95  23.20  22.44 999.00  26.86  29.51  25.45  24.40  25.84  15.79  27.71   9.53  26.82  27.23  25.97  28.75  27.69  28.86  28.44  25.68  26.25  28.64
 wrfout_d04_2016-05-11_03:00:00 999.00  21.51  18.98  23.62  20.79  22.26  24.54  23.65  24.54  26.47  23.62  23.08 999.00  27.77  30.57  25.68  23.75  26.91  17.53  28.62   9.68  26.47  27.65  26.21  29.91  29.81  28.03  26.94  24.90  27.03  31.44
 wrfout_d04_2016-05-11_04:00:00 999.00  21.39  18.84  23.82  20.41  22.65  24.67  23.99  24.56  26.94  23.83  23.56 999.00  27.52  31.97  26.04  25.95  27.00  15.83  30.01   9.71  26.24  28.26  25.74  29.77  28.68  27.04  25.59  24.36  25.01  30.88
 wrfout_d04_2016-05-11_05:00:00 999.00  21.39  19.20  24.82  20.83  23.59  25.42  23.67  25.48  26.86  24.07  23.86 999.00  26.94  32.58  25.90  27.27  25.99  16.38  30.86  11.07  26.17  27.90  25.08  25.24  25.55  26.64  26.16  23.86  24.42  27.01
 wrfout_d04_2016-05-11_06:00:00 999.00  21.55  18.95  24.67  20.62  23.54  25.18  23.61  25.56  26.61  23.58  23.80 999.00  26.81  31.81  26.07  26.81  25.20  15.48  30.01   9.63  26.26  27.27  25.21  27.88  27.60  26.62  27.37  23.71  24.70  27.19
 wrfout_d04_2016-05-11_07:00:00 999.00  21.73  18.47  25.15  20.00  23.26  24.75  23.55  25.13  26.61  23.66  23.54 999.00  26.06  31.17  25.73  25.81  24.86  17.55  28.10   9.70  26.15  27.65  25.03  28.76  28.46  27.05  28.07  23.47  24.40  25.95
 wrfout_d04_2016-05-11_08:00:00 999.00  21.98  17.62  24.58  19.08  22.97  24.16  23.11  24.55  25.91  23.47  23.42 999.00  26.22  30.43  24.97  26.18  24.86  16.56  27.68   9.59  26.08  27.71  25.09  28.66  28.18  27.23  27.65  23.40  24.11  25.69
 wrfout_d04_2016-05-11_09:00:00 999.00  22.02  16.57  23.80  17.92  22.57  23.25  22.54  23.72  25.46  22.98  22.91 999.00  25.58  29.44  25.26  24.39  24.56  16.08  27.82  10.05  25.96  27.64  24.71  28.65  28.22  27.34  28.65  23.75  24.18  25.68
 wrfout_d04_2016-05-11_10:00:00 999.00  22.09  15.39  21.97  16.70  22.06  22.30  22.41  22.61  24.09  22.71  22.85 999.00  24.50  28.06  24.94  22.86  24.32  14.91  26.07   8.57  25.87  27.29  24.72  28.15  27.82  26.79  28.49  23.61  24.17  26.02
 wrfout_d04_2016-05-11_11:00:00 999.00  22.30  15.35  20.75  16.76  21.90  21.81  22.05  21.84  22.65  22.49  22.59 999.00  23.85  26.28  24.43  21.35  24.13  12.57  24.06   6.02  25.70  27.27  23.83  27.59  27.72  26.14  27.15  23.47  23.81  25.99
 wrfout_d04_2016-05-11_12:00:00 999.00  22.57  15.55  20.67  16.98  22.02  21.97  21.93  21.80  22.02  22.07  22.38 999.00  23.75  25.54  24.32  20.74  23.97  13.19  23.55   6.15  25.61  26.92  24.17  26.27  26.79  25.73  26.64  23.22  23.43  26.40
 wrfout_d04_2016-05-11_13:00:00 999.00  22.78  15.92  20.59  17.29  22.37  22.09  21.94  22.05  21.99  22.09  22.28 999.00  23.61  25.03  24.53  20.28  24.08  13.28  23.50   5.62  25.50  25.96  24.49  25.40  25.99  25.92  27.59  22.90  23.28  25.96
 wrfout_d04_2016-05-11_14:00:00 999.00  22.96  16.10  20.73  17.39  22.48  22.20  21.92  22.22  22.10  22.14  22.25 999.00  23.25  24.89  24.91  19.87  24.09  13.22  23.01   7.37  25.67  25.42  24.30  24.83  25.19  25.67  27.71  22.87  23.34  25.77
 wrfout_d04_2016-05-11_15:00:00 999.00  23.13  16.37  20.80  17.76  22.11  22.41  21.73  22.16  22.03  22.23  22.35 999.00  22.93  24.70  24.44  19.52  23.92  13.11  22.80   7.23  25.92  25.44  23.49  24.38  24.73  25.54  27.75  22.37  24.55  25.69
 wrfout_d04_2016-05-11_16:00:00 999.00  23.29  16.62  22.41  18.00  22.23  22.57  21.77  22.11  22.50  22.24  21.50 999.00  22.73  24.45  24.83  19.19  23.85  12.77  22.27   7.22  26.03  25.43  23.20  23.98  24.22  25.49  27.79  21.92  23.35  25.83
 wrfout_d04_2016-05-11_17:00:00 999.00  23.47  16.65  22.65  18.01  22.13  22.63  21.78  22.76  22.16  22.62  21.24 999.00  22.73  24.43  25.27  18.82  23.96  12.76  22.32   7.41  26.00  24.74  22.94  23.82  23.94  24.86  27.92  22.05  23.91  25.78
 wrfout_d04_2016-05-11_18:00:00 999.00  23.70  16.93  22.29  18.32  21.60  23.27  21.99  22.85  21.81  21.12  20.97 999.00  22.99  24.46  24.82  18.57  23.97  13.06  22.03   7.42  26.05  24.88  22.94  23.49  23.75  24.68  26.57  22.71  24.19  25.54
 wrfout_d04_2016-05-11_19:00:00 999.00  23.99  17.34  22.97  18.72  21.55  23.74  21.00  23.08  21.43  22.36  20.91 999.00  23.11  24.32  24.74  18.32  24.11  12.69  21.87   7.06  26.24  24.65  23.02  23.39  23.59  24.22  25.17  22.18  24.21  25.72
 wrfout_d04_2016-05-11_20:00:00 999.00  24.23  17.55  22.59  18.79  21.29  23.74  20.92  21.96  21.19  20.97  21.13 999.00  23.14  24.05  24.89  18.14  24.17  12.70  21.76   7.11  26.25  24.77  23.12  23.31  23.61  25.36  25.14  22.18  24.08  25.64
 wrfout_d04_2016-05-11_21:00:00 999.00  24.52  17.73  22.95  18.96  21.04  23.16  20.77  21.60  21.60  20.92  21.00 999.00  23.29  23.81  25.01  18.02  24.75  12.81  21.89   7.09  26.32  24.65  22.91  23.13  23.53  24.56  25.42  22.11  23.99  25.61
 wrfout_d04_2016-05-11_22:00:00 999.00  24.71  18.87  23.96  20.12  23.46  24.19  22.37  23.55  22.20  23.82  23.47 999.00  23.66  23.99  25.62  20.96  25.02  13.81  22.24   8.37  26.51  24.28  25.27  23.33  24.01  25.53  26.01  23.83  24.59  26.02
 wrfout_d04_2016-05-11_23:00:00 999.00  24.86  20.64  24.48  21.94  25.66  25.91  24.37  25.53  22.95  25.68  24.83 999.00  25.14  25.51  27.18  22.47  25.62  15.36  23.39   9.96  26.72  25.27  26.50  24.61  25.23  27.56  26.92  25.86  26.45  26.47
