 wrfout_d04_2016-01-21_00:00:00 999.00  17.57  11.77  15.61  12.75  16.16  16.01  16.18  15.93  16.03  18.07  17.59 999.00  16.41  17.22  21.93  17.66  16.89  10.85  15.41   5.91  19.38  17.99  22.71  16.86  16.94  24.57  20.46  22.83  23.06  22.07
 wrfout_d04_2016-01-21_01:00:00 999.00  17.73  11.66  15.50  12.75  16.12  16.06  16.32  15.87  16.05  18.30  17.81 999.00  16.29  17.88  22.53  18.93  17.10  11.08  15.67   6.10  18.54  18.41  23.46  17.70  17.91  25.36  21.87  24.58  23.03  24.24
 wrfout_d04_2016-01-21_02:00:00 999.00  17.56  11.81  15.48  12.86  16.21  16.12  16.15  16.00  16.16  18.25  18.60 999.00  16.50  18.14  22.84  20.36  17.18  11.09  16.96   6.11  19.15  19.10  23.68  18.80  18.98  25.48  22.69  26.21  23.25  24.55
 wrfout_d04_2016-01-21_03:00:00 999.00  17.15  11.81  15.47  13.06  16.38  16.09  16.02  16.11  16.11  18.65  18.23 999.00  16.62  19.06  22.92  19.86  16.86  11.25  18.75   6.11  18.68  19.44  25.15  19.10  19.51  26.88  22.83  27.54  23.57  24.55
 wrfout_d04_2016-01-21_04:00:00 999.00  17.14  11.80  15.41  13.14  16.21  16.11  16.16  16.09  16.04  18.02  18.16 999.00  16.74  18.27  23.62  20.44  17.09  11.22  18.27   6.00  18.63  19.88  25.45  19.49  20.69  27.24  24.89  28.38  23.10  25.20
 wrfout_d04_2016-01-21_05:00:00 999.00  16.86  11.66  15.43  12.69  16.03  15.98  16.07  16.08  15.75  17.99  17.56 999.00  16.84  18.39  23.02  18.37  16.53  11.18  18.29   5.91  18.28  20.00  25.77  22.32  22.70  27.94  26.00  29.07  25.44  25.72
 wrfout_d04_2016-01-21_06:00:00 999.00  16.70  11.53  15.41  12.44  15.91  15.89  15.68  15.99  15.73  17.31  17.45 999.00  16.74  19.17  21.84  19.10  16.48  11.36  20.04   5.75  17.86  20.32  25.94  22.76  23.34  28.19  26.96  29.09  25.44  26.06
 wrfout_d04_2016-01-21_07:00:00 999.00  16.66  11.56  15.23  12.43  15.89  15.64  15.60  15.71  15.32  17.76  17.08 999.00  16.29  18.57  21.50  20.16  16.65  11.20  20.13   5.39  18.13  20.21  23.12  23.12  23.42  27.79  27.06  28.91  24.65  25.77
 wrfout_d04_2016-01-21_08:00:00 999.00  16.77  11.35  15.14  12.32  15.68  15.47  15.44  15.59  15.03  17.54  16.93 999.00  16.27  17.97  20.79  18.98  16.68  10.93  18.90   5.20  18.05  20.46  22.75  22.91  23.16  27.51  26.91  28.15  24.45  24.97
 wrfout_d04_2016-01-21_09:00:00 999.00  16.84  11.20  14.99  12.11  15.52  15.42  15.48  15.66  15.17  16.88  16.70 999.00  15.90  17.23  20.58  17.50  16.53  10.68  17.02   5.00  18.02  20.04  21.15  21.40  21.84  24.82  25.40  26.11  23.21  24.58
 wrfout_d04_2016-01-21_10:00:00 999.00  17.05  11.03  14.92  11.98  15.50  15.39  15.31  15.54  15.33  16.46  16.38 999.00  15.38  16.26  20.37  14.94  16.00  10.31  15.84   4.71  17.72  19.37  20.46  18.74  19.12  23.64  24.33  23.52  22.34  24.45
 wrfout_d04_2016-01-21_11:00:00 999.00  16.90  10.87  14.78  11.78  15.47  15.25  15.21  15.39  15.21  16.45  16.25 999.00  15.40  16.10  20.11  15.05  15.77   9.90  14.93   4.55  17.80  18.88  19.99  17.55  17.87  23.21  23.28  22.28  21.90  24.79
 wrfout_d04_2016-01-21_12:00:00 999.00  16.99  10.77  14.63  11.67  15.62  15.09  15.35  15.13  14.93  16.32  15.97 999.00  15.73  16.53  19.64  14.42  15.94   9.21  14.45   4.23  17.69  18.20  19.87  16.83  17.03  22.64  21.22  21.81  21.09  24.25
 wrfout_d04_2016-01-21_13:00:00 999.00  17.18  10.66  14.52  11.58  15.55  15.00  15.27  15.08  14.91  16.26  15.66 999.00  15.75  16.39  19.28  14.10  15.70   8.88  14.13   4.15  17.69  17.48  19.61  16.55  16.95  22.30  19.78  21.45  21.92  23.73
 wrfout_d04_2016-01-21_14:00:00 999.00  17.21  10.67  14.55  11.49  15.46  14.99  15.74  15.03  14.97  16.21  15.44 999.00  15.74  16.44  19.03  13.70  15.68   8.77  13.99   3.99  17.77  17.88  19.17  15.81  16.04  21.90  19.16  20.99  21.82  23.15
 wrfout_d04_2016-01-21_15:00:00 999.00  17.20  10.61  14.60  11.45  15.45  14.92  15.63  14.95  15.08  16.34  15.26 999.00  15.69  16.29  18.85  13.30  15.37   8.78  13.88   3.94  17.94  17.78  18.88  15.88  15.95  21.72  18.96  20.57  21.37  22.67
 wrfout_d04_2016-01-21_16:00:00 999.00  16.63  10.61  14.47  11.39  15.40  14.75  15.31  14.86  15.09  16.22  15.39 999.00  15.81  15.78  18.65  12.95  15.55   8.80  13.70   3.92  18.32  17.57  18.33  15.73  15.87  21.41  18.91  20.10  20.96  22.22
 wrfout_d04_2016-01-21_17:00:00 999.00  16.50  10.63  14.51  11.40  15.44  14.61  15.44  14.84  15.03  16.00  15.39 999.00  15.89  15.74  18.66  12.70  15.60   8.75  13.48   3.79  18.27  17.52  18.02  15.64  15.86  21.05  19.05  20.43  20.91  21.96
 wrfout_d04_2016-01-21_18:00:00 999.00  16.28  10.67  14.51  11.41  15.27  14.54  15.51  14.70  15.03  15.84  15.29 999.00  15.53  15.47  18.55  12.49  15.97   8.56  13.23   3.77  18.37  17.66  17.73  15.71  15.88  20.75  19.05  20.15  20.45  21.72
 wrfout_d04_2016-01-21_19:00:00 999.00  16.36  10.56  14.46  11.27  15.28  14.44  15.42  14.58  15.03  15.68  15.31 999.00  15.61  15.38  18.44  12.35  16.95   8.28  13.44   3.80  18.53  17.93  17.54  15.64  15.85  20.50  18.67  19.85  20.30  21.62
 wrfout_d04_2016-01-21_20:00:00 999.00  16.14  10.50  14.47  11.26  15.25  14.39  15.38  14.53  15.08  15.56  15.33 999.00  15.70  15.42  18.56  12.46  17.07   8.33  13.42   3.83  18.62  17.82  16.52  15.70  15.85  20.04  18.45  19.25  20.13  21.32
 wrfout_d04_2016-01-21_21:00:00 999.00  16.08  10.58  14.49  11.28  15.28  14.42  15.41  14.46  15.08  15.58  15.46 999.00  15.82  15.79  18.30  12.26  17.11   8.71  13.17   3.92  18.83  17.68  16.75  15.77  15.89  19.41  18.16  18.93  20.18  20.81
 wrfout_d04_2016-01-21_22:00:00 999.00  16.01  10.52  14.50  11.25  15.34  14.60  15.47  14.50  15.12  15.60  15.55 999.00  15.83  15.60  18.49  12.16  17.11   9.41  13.33   3.99  18.88  18.01  17.24  15.66  15.86  18.93  18.19  18.49  20.50  20.63
 wrfout_d04_2016-01-21_23:00:00 999.00  16.03  10.50  14.54  11.19  15.20  14.79  15.47  14.58  15.29  15.63  15.64 999.00  15.91  15.62  18.50  13.47  17.18   9.43  13.41   3.92  18.90  18.19  17.94  15.76  16.03  19.40  18.62  18.39  20.68  20.78
