 wrfout_d04_2016-07-21_00:00:00 999.00  28.53  24.70  29.71  26.13  30.30  30.40  29.00  30.33  29.79  30.80  30.67 999.00  29.75  29.21  30.48  23.69  29.71  21.08  28.73  15.30  28.63  28.58  28.87  29.92  29.64  29.99  30.94  28.66  28.97  30.47
 wrfout_d04_2016-07-21_01:00:00 999.00  28.35  25.72  30.59  27.34  31.81  31.84  29.51  31.77  30.96  31.79  31.71 999.00  30.89  30.83  31.44  26.54  30.43  22.73  29.96  14.80  28.74  29.31  29.51  31.28  31.05  30.60  31.71  29.61  29.57  31.30
 wrfout_d04_2016-07-21_02:00:00 999.00  28.30  26.34  31.01  28.14  33.09  33.12  29.80  33.21  31.40  32.48  32.38 999.00  31.64  32.30  31.85  27.81  30.86  21.48  31.01  15.55  28.89  29.28  29.93  32.68  32.16  31.28  32.24  30.37  30.06  32.16
 wrfout_d04_2016-07-21_03:00:00 999.00  28.28  26.78  31.37  28.70  33.85  34.25  30.04  34.13  31.60  33.06  32.91 999.00  31.88  33.33  32.09  28.43  31.14  21.79  32.08  15.74  28.85  29.14  29.90  33.48  32.67  31.53  32.48  31.31  30.37  32.73
 wrfout_d04_2016-07-21_04:00:00 999.00  28.30  27.14  31.61  29.10  34.35  34.78  30.01  34.67  31.75  33.36  33.25 999.00  31.98  34.34  32.32  28.87  31.30  20.55  32.59  15.89  28.90  29.10  30.06  33.90  32.90  31.35  32.65  32.10  30.53  32.79
 wrfout_d04_2016-07-21_05:00:00 999.00  28.42  27.36  31.67  29.28  33.68  35.13  30.25  34.90  31.86  33.59  33.12 999.00  32.10  34.65  32.34  29.19  31.39  21.44  32.85  12.68  28.89  29.10  29.66  34.06  32.96  31.82  32.73  32.75  30.54  32.69
 wrfout_d04_2016-07-21_06:00:00 999.00  28.57  27.46  31.74  29.34  32.95  35.33  30.32  35.02  31.97  33.36  32.98 999.00  32.11  34.70  32.20  29.36  31.39  20.63  32.99  12.55  28.88  29.05  29.88  33.95  32.77  31.89  32.73  33.25  30.40  32.55
 wrfout_d04_2016-07-21_07:00:00 999.00  28.65  27.28  31.47  29.15  32.66  35.28  30.07  35.01  31.81  32.82  32.61 999.00  31.95  34.37  31.90  29.11  31.22  20.18  32.74  12.26  28.92  29.10  30.03  33.61  32.47  31.74  32.63  33.89  30.04  32.31
 wrfout_d04_2016-07-21_08:00:00 999.00  28.78  27.03  31.17  28.67  32.64  34.58  30.06  34.72  31.49  32.57  32.19 999.00  31.76  33.85  31.79  28.64  30.93  18.56  32.08  11.90  28.99  29.19  29.77  33.19  32.18  31.58  32.39  33.41  29.54  32.03
 wrfout_d04_2016-07-21_09:00:00 999.00  28.75  26.37  30.40  28.02  32.17  34.35  29.52  34.08  30.24  32.19  31.31 999.00  31.28  33.34  31.59  26.71  30.57  18.56  31.43  12.36  29.00  29.17  29.18  32.39  31.64  31.21  32.01  31.62  28.84  31.50
 wrfout_d04_2016-07-21_10:00:00 999.00  28.58  25.05  29.21  26.65  31.29  33.13  28.73  32.86  29.68  31.24  30.62 999.00  30.61  32.44  30.72  25.25  29.97  17.72  30.32  10.97  29.04  29.14  28.36  31.23  30.50  30.59  31.60  29.62  27.77  30.72
 wrfout_d04_2016-07-21_11:00:00 999.00  28.75  22.61  27.20  23.37  30.03  31.62  27.97  31.43  29.27  30.08  29.67 999.00  29.90  31.30  30.20  23.60  29.32  15.03  29.43  10.21  28.99  29.09  27.44  30.33  29.91  30.23  31.09  27.61  26.23  30.22
 wrfout_d04_2016-07-21_12:00:00 999.00  28.90  22.35  27.02  23.00  29.51  31.03  27.67  30.57  29.08  29.43  29.30 999.00  29.73  30.67  29.95  22.66  29.14  14.34  28.91   7.74  29.02  29.10  27.36  29.99  29.75  30.09  30.83  26.84  26.46  29.98
 wrfout_d04_2016-07-21_13:00:00 999.00  28.91  22.09  26.79  22.73  29.30  30.87  27.29  30.28  28.76  29.01  29.00 999.00  29.55  29.90  29.64  22.22  29.06  13.99  28.66   7.34  29.07  29.09  27.16  29.82  29.57  29.95  30.60  26.46  26.10  29.72
 wrfout_d04_2016-07-21_14:00:00 999.00  28.85  21.91  26.50  22.61  29.00  30.64  26.38  30.08  28.39  28.65  28.77 999.00  29.42  29.28  29.40  21.94  28.92  13.66  28.34   7.03  29.04  28.89  26.89  29.73  29.52  29.72  30.34  26.11  25.60  29.43
 wrfout_d04_2016-07-21_15:00:00 999.00  28.84  21.77  26.20  22.48  28.65  30.11  26.05  29.77  28.01  28.29  28.55 999.00  29.24  29.10  29.37  21.66  28.73  13.35  27.92   6.82  28.97  28.82  26.61  29.55  29.36  29.54  29.97  25.71  25.13  29.09
 wrfout_d04_2016-07-21_16:00:00 999.00  28.73  21.57  25.76  22.28  28.43  30.89  25.84  29.29  27.61  28.05  28.37 999.00  28.98  28.79  29.29  21.34  28.49  13.06  27.33   6.46  28.87  28.71  26.67  29.28  29.03  29.34  29.71  25.53  24.96  28.65
 wrfout_d04_2016-07-21_17:00:00 999.00  28.74  21.28  25.45  22.01  27.93  30.50  25.58  29.05  27.22  27.89  28.25 999.00  28.58  28.38  28.79  21.02  28.33  12.77  27.08   6.04  29.14  28.33  26.73  28.94  28.87  29.16  29.66  25.10  24.82  28.43
 wrfout_d04_2016-07-21_18:00:00 999.00  28.70  20.97  25.22  21.75  27.43  29.58  25.41  29.33  26.59  27.84  29.10 999.00  28.21  27.94  28.44  20.76  28.28  12.45  26.71   5.68  29.02  28.17  26.65  28.39  28.49  28.82  29.49  24.87  24.65  28.19
 wrfout_d04_2016-07-21_19:00:00 999.00  28.62  22.08  24.97  21.42  27.13  29.02  25.36  28.74  26.15  28.50  28.74 999.00  27.95  27.54  28.26  20.59  28.37  12.19  26.48   5.37  28.87  28.04  26.73  27.97  28.04  28.37  29.55  24.64  24.53  28.11
 wrfout_d04_2016-07-21_20:00:00 999.00  28.38  22.05  24.70  22.60  26.74  28.30  25.53  28.00  25.85  27.82  28.16 999.00  27.71  27.26  28.27  20.37  28.18  11.95  26.13   5.12  28.78  27.78  26.56  27.50  27.54  27.95  29.21  24.45  24.42  27.96
 wrfout_d04_2016-07-21_21:00:00 999.00  28.49  21.95  24.61  22.55  26.50  27.91  25.67  27.51  25.62  27.47  27.82 999.00  27.54  27.05  28.29  20.17  27.98  11.73  25.94   5.00  28.66  27.45  26.32  27.13  27.10  27.75  29.05  24.27  24.34  27.98
 wrfout_d04_2016-07-21_22:00:00 999.00  28.39  22.23  27.06  23.17  26.86  27.73  27.07  27.47  26.56  27.53  28.33 999.00  27.62  27.01  28.63  22.07  28.23  14.10  26.23   8.13  28.54  27.48  27.33  27.07  27.25  27.86  29.22  26.21  26.53  28.14
 wrfout_d04_2016-07-21_23:00:00 999.00  28.27  23.21  28.40  24.54  28.33  28.68  28.35  28.76  28.54  28.99  29.42 999.00  28.57  27.92  29.76  24.11  28.95  18.91  27.24  11.33  28.49  27.64  28.49  28.62  28.66  29.15  29.99  28.55  27.94  29.26
