 wrfout_d04_2016-03-20_00:00:00 999.00  19.71  14.50  20.27  15.85  20.25  19.66  20.06  19.49  19.80  19.74  19.70 999.00  20.02  21.14  20.75  20.90  20.88  14.93  19.62   7.53  21.89  22.22  21.95  21.70  21.93  23.07  24.80  22.14  22.08  24.69
 wrfout_d04_2016-03-20_01:00:00 999.00  19.68  15.49  22.26  16.89  20.59  19.96  19.86  20.06  21.59  20.14  20.31 999.00  20.71  22.41  20.85  22.13  21.15  16.01  20.08   7.35  21.87  22.71  22.78  22.43  22.62  24.33  25.17  22.20  22.70  25.81
 wrfout_d04_2016-03-20_02:00:00 999.00  19.72  16.15  22.36  17.40  21.10  20.43  21.09  20.31  21.88  20.49  20.69 999.00  22.31  23.36  21.17  23.49  21.35  16.40  21.34   6.92  22.06  22.62  23.19  22.95  23.18  24.96  25.79  23.79  22.12  26.74
 wrfout_d04_2016-03-20_03:00:00 999.00  19.78  14.21  20.66  15.53  20.17  20.53  20.36  20.09  21.69  20.41  21.09 999.00  23.35  24.12  22.12  23.80  21.58  15.38  22.36   6.95  22.17  22.67  23.28  23.65  24.97  25.04  25.89  24.30  22.45  27.21
 wrfout_d04_2016-03-20_04:00:00 999.00  19.79  14.69  20.15  16.22  19.62  19.62  19.86  19.78  20.91  20.00  21.23 999.00  24.30  24.87  23.00  23.99  21.94  14.10  23.06   7.12  22.18  22.67  23.36  24.68  25.19  23.73  26.60  23.63  23.02  26.71
 wrfout_d04_2016-03-20_05:00:00 999.00  19.78  16.23  21.38  17.86  20.48  19.34  19.93  18.25  21.31  19.76  21.21 999.00  22.92  26.06  23.13  23.10  22.81  13.10  23.61   7.32  22.18  22.72  23.23  25.32  26.63  23.48  27.49  22.50  22.91  26.72
 wrfout_d04_2016-03-20_06:00:00 999.00  19.75  15.29  22.18  16.31  20.65  19.13  19.35  18.99  20.13  20.12  20.72 999.00  22.64  25.51  22.94  21.88  22.06  12.71  23.40   7.34  21.81  22.54  22.39  26.80  27.23  23.34  26.75  21.88  22.60  27.17
 wrfout_d04_2016-03-20_07:00:00 999.00  19.61  13.28  19.73  14.41  19.83  19.61  19.31  18.92  19.44  19.53  20.46 999.00  22.35  24.69  22.08  20.42  21.56  12.51  23.93   7.29  21.80  22.46  21.74  26.59  26.59  23.08  27.26  21.83  22.63  25.98
 wrfout_d04_2016-03-20_08:00:00 999.00  19.45  12.84  18.93  13.99  19.15  19.19  19.14  18.89  19.57  19.13  20.21 999.00  21.37  23.95  21.79  21.62  20.94  12.30  22.30   6.98  21.67  22.38  21.51  25.07  25.67  22.96  26.71  21.40  22.15  25.48
 wrfout_d04_2016-03-20_09:00:00 999.00  19.38  12.24  18.06  13.41  18.54  18.65  18.82  18.68  19.16  18.88  19.76 999.00  21.25  23.74  21.26  20.07  20.67  12.07  21.08   6.72  21.54  22.45  21.18  23.93  24.32  22.79  26.30  20.90  22.04  24.58
 wrfout_d04_2016-03-20_10:00:00 999.00  19.36  11.89  18.13  13.17  18.38  18.36  18.56  18.13  18.84  17.95  19.23 999.00  20.21  22.88  20.68  18.80  20.02  11.52  20.60   6.45  21.47  22.26  20.96  22.79  23.18  22.51  25.45  20.56  21.32  23.69
 wrfout_d04_2016-03-20_11:00:00 999.00  19.30  11.85  17.81  13.12  18.28  18.25  18.30  17.80  18.28  17.86  18.80 999.00  19.86  21.47  20.54  18.27  19.90  11.00  20.37   6.18  21.41  22.03  21.04  22.12  22.41  21.87  25.30  20.55  21.18  23.21
 wrfout_d04_2016-03-20_12:00:00 999.00  19.28  11.78  17.66  13.08  17.28  17.81  18.18  17.36  17.66  17.68  18.10 999.00  19.50  20.46  20.47  18.00  20.33  10.93  19.94   5.96  21.50  21.81  21.09  21.54  21.88  21.88  25.10  20.45  21.18  22.95
 wrfout_d04_2016-03-20_13:00:00 999.00  19.42  11.57  17.37  12.88  18.03  17.68  18.04  17.28  17.67  17.40  17.65 999.00  19.11  20.33  20.39  18.08  20.16  11.40  19.42   5.85  21.58  21.66  20.97  21.39  21.64  21.82  25.14  20.32  20.94  22.30
 wrfout_d04_2016-03-20_14:00:00 999.00  19.35  11.65  16.97  12.95  17.96  17.68  18.09  17.39  17.57  16.79  17.85 999.00  18.59  20.06  20.23  18.29  20.24  11.13  19.02   5.82  21.67  21.84  20.88  21.15  21.40  22.02  24.64  20.21  20.75  22.06
 wrfout_d04_2016-03-20_15:00:00 999.00  19.32  11.60  17.09  12.90  17.88  17.68  18.05  17.37  17.61  17.10  17.07 999.00  18.47  19.73  20.12  18.20  20.07  10.56  18.46   5.78  21.70  21.74  20.70  20.82  21.10  21.94  23.66  20.07  20.79  21.93
 wrfout_d04_2016-03-20_16:00:00 999.00  19.39  11.34  16.75  12.64  17.50  17.44  17.73  17.26  17.64  17.16  16.74 999.00  18.38  19.02  20.05  18.03  20.03  10.44  18.31   5.72  21.69  21.50  20.09  20.64  20.94  21.70  23.69  20.00  20.86  22.07
 wrfout_d04_2016-03-20_17:00:00 999.00  19.37  11.27  16.51  12.54  17.07  16.83  17.21  16.66  17.16  17.11  16.78 999.00  18.41  18.77  19.92  17.75  19.69  10.31  17.69   5.78  21.52  21.02  19.94  20.38  20.75  21.21  23.15  19.92  20.83  21.80
 wrfout_d04_2016-03-20_18:00:00 999.00  19.44  11.28  16.07  12.46  16.85  16.35  16.86  16.10  16.40  16.30  17.63 999.00  18.03  18.41  19.88  17.83  19.51  10.28  17.23   5.78  21.24  20.85  19.65  19.99  20.38  21.54  22.66  19.86  20.81  21.63
 wrfout_d04_2016-03-20_19:00:00 999.00  19.28  11.33  15.93  12.52  16.69  16.41  16.58  16.07  16.45  16.01  16.32 999.00  17.80  18.76  19.90  17.34  19.35  10.09  17.40   5.73  21.23  20.66  19.48  19.30  19.56  21.43  22.21  19.76  20.71  21.56
 wrfout_d04_2016-03-20_20:00:00 999.00  19.22  11.47  16.02  12.68  16.59  16.61  16.86  16.29  16.39  16.00  15.75 999.00  17.77  18.98  19.87  17.29  19.64   9.61  17.43   5.62  21.26  20.36  19.33  18.98  19.35  21.24  22.45  19.75  20.80  21.45
 wrfout_d04_2016-03-20_21:00:00 999.00  19.20  11.69  16.14  12.90  16.65  16.60  17.31  16.49  16.36  15.87  16.12 999.00  17.58  19.00  19.84  17.41  19.26   9.82  16.84   5.56  21.31  21.10  19.17  18.70  18.89  21.03  22.02  19.73  20.73  21.31
 wrfout_d04_2016-03-20_22:00:00 999.00  19.16  11.70  15.90  12.93  16.80  16.91  17.48  16.55  16.55  14.89  16.19 999.00  17.42  18.34  19.37  17.32  19.12   8.14  16.83   5.51  21.34  21.26  19.08  18.44  18.77  20.90  21.95  19.65  20.75  21.18
 wrfout_d04_2016-03-20_23:00:00 999.00  19.13  12.00  16.61  13.21  17.81  17.18  17.41  16.88  16.88  17.28  17.07 999.00  17.47  18.78  19.75  18.95  19.25  11.74  17.30   5.47  21.13  20.51  20.38  19.54  19.77  21.14  22.58  20.06  20.35  21.86
