 wrfout_d04_2016-12-02_00:00:00 999.00  19.86  14.08  19.39  15.09  18.97  19.39  19.84  19.27  20.13  18.78  18.99 999.00  20.63  20.06  22.30  21.23  21.45  15.18  18.05   8.04  22.37  21.92  22.02  20.33  20.49  23.07  22.19  21.35  22.58  23.74
 wrfout_d04_2016-12-02_01:00:00 999.00  19.90  13.98  20.01  15.07  19.27  19.68  20.94  19.64  21.37  19.38  19.06 999.00  21.82  22.02  22.34  21.47  21.31  14.50  20.14   8.54  22.45  22.41  21.88  21.80  22.06  23.19  23.37  22.10  22.17  24.75
 wrfout_d04_2016-12-02_02:00:00 999.00  19.94  14.16  20.64  15.27  19.28  20.27  21.26  20.51  22.24  19.56  19.09 999.00  23.19  24.71  22.87  22.81  21.58  16.08  22.33   9.41  22.54  22.89  23.94  23.68  23.95  24.04  25.78  22.66  22.62  25.25
 wrfout_d04_2016-12-02_03:00:00 999.00  20.09  14.24  20.69  15.30  19.46  20.09  20.59  20.18  22.93  19.82  19.47 999.00  24.03  26.37  23.75  23.71  21.85  16.54  23.61   9.02  22.55  23.18  22.73  25.06  25.34  24.80  27.22  22.95  22.64  25.92
 wrfout_d04_2016-12-02_04:00:00 999.00  20.29  14.28  20.99  15.74  19.54  20.37  20.84  20.19  23.26  19.30  19.76 999.00  24.80  27.29  24.38  24.24  21.88  16.60  25.10   8.84  22.52  23.38  23.85  26.59  26.69  24.53  28.10  22.98  22.87  26.37
 wrfout_d04_2016-12-02_05:00:00 999.00  20.44  14.33  21.08  15.86  19.80  20.55  21.23  20.51  23.37  19.14  20.24 999.00  24.62  27.67  24.74  24.21  22.07  16.45  26.08   8.95  22.41  23.52  23.30  27.11  27.18  24.49  28.63  22.54  22.49  26.24
 wrfout_d04_2016-12-02_06:00:00 999.00  20.74  14.42  21.11  16.38  19.92  20.69  21.31  20.63  23.19  19.36  19.91 999.00  24.22  27.63  23.54  23.76  22.55  15.98  26.53   8.13  22.61  23.64  23.36  27.25  27.13  24.74  28.89  23.34  22.48  26.11
 wrfout_d04_2016-12-02_07:00:00 999.00  20.89  14.23  20.41  15.85  19.84  20.42  20.89  20.40  22.44  19.69  19.59 999.00  23.69  27.01  23.39  23.04  22.33  14.97  25.99   7.88  22.74  23.61  23.27  26.85  26.74  24.67  28.94  22.26  22.62  25.75
 wrfout_d04_2016-12-02_08:00:00 999.00  21.05  14.06  20.05  15.49  19.38  20.17  20.49  20.11  21.52  19.65  19.73 999.00  23.09  25.43  23.32  21.99  21.78  13.58  24.68   7.51  22.65  23.44  22.99  25.76  25.69  24.67  28.83  21.87  22.43  25.43
 wrfout_d04_2016-12-02_09:00:00 999.00  21.13  13.85  19.42  14.69  19.32  19.76  20.32  19.78  20.60  19.45  19.70 999.00  21.95  23.49  22.87  18.08  21.53   9.68  22.91   6.61  22.72  23.42  22.78  24.09  24.18  24.63  28.44  21.62  22.37  25.00
 wrfout_d04_2016-12-02_10:00:00 999.00  21.32  13.89  19.34  14.71  19.46  20.01  20.22  19.91  20.20  19.19  19.26 999.00  21.33  22.11  22.63  17.31  21.54   9.13  21.83   2.92  22.85  23.53  22.20  23.02  23.22  24.41  27.89  21.24  22.43  24.92
 wrfout_d04_2016-12-02_11:00:00 999.00  21.38  13.98  19.38  14.90  19.73  20.15  20.20  20.09  20.06  18.93  19.32 999.00  21.03  21.40  22.58  17.03  21.46   9.20  21.00   2.56  22.87  23.52  22.17  22.40  22.54  23.96  26.83  21.10  22.53  24.60
 wrfout_d04_2016-12-02_12:00:00 999.00  21.34  14.14  19.34  15.00  19.69  20.28  20.31  20.26  20.08  18.81  19.39 999.00  20.78  20.89  22.99  16.72  21.45   9.03  20.40   2.32  22.83  23.28  22.32  22.08  22.24  23.82  25.89  21.36  22.62  23.94
 wrfout_d04_2016-12-02_13:00:00 999.00  21.31  14.27  19.35  15.10  19.67  20.22  20.38  20.20  20.13  18.74  19.30 999.00  20.64  20.52  22.94  16.44  21.44   8.84  19.89   2.26  22.80  23.07  22.39  21.59  21.75  24.12  25.36  21.27  22.63  23.60
 wrfout_d04_2016-12-02_14:00:00 999.00  21.21  14.40  19.37  15.27  19.75  20.16  20.42  20.17  20.05  18.90  19.35 999.00  20.51  20.24  22.64  16.13  21.44   8.64  19.45   2.37  22.86  22.88  22.52  21.02  21.26  24.13  24.28  21.20  22.64  23.56
 wrfout_d04_2016-12-02_15:00:00 999.00  21.11  14.67  19.40  15.44  19.72  20.31  20.09  20.23  20.00  18.61  19.38 999.00  20.42  19.87  22.57  15.79  21.43   8.40  18.90   4.21  22.67  22.75  22.34  20.57  20.86  24.06  23.34  20.52  22.56  23.50
 wrfout_d04_2016-12-02_16:00:00 999.00  20.91  14.69  19.40  15.49  19.81  20.19  20.05  20.14  19.99  18.61  19.42 999.00  20.24  19.40  22.67  15.51  21.39   8.13  18.22   4.13  22.64  22.58  22.72  20.10  20.35  23.65  22.58  21.17  22.63  23.15
 wrfout_d04_2016-12-02_17:00:00 999.00  20.90  14.74  19.40  15.61  19.91  20.41  20.05  20.30  19.90  18.76  19.35 999.00  20.19  19.40  22.84  15.36  21.34   7.87  17.94   4.26  22.84  22.40  22.58  19.91  20.14  24.06  22.35  21.20  22.47  23.17
 wrfout_d04_2016-12-02_18:00:00 999.00  20.91  14.81  19.51  15.60  19.92  20.39  20.22  19.58  19.75  19.18  19.32 999.00  20.09  19.30  22.85  15.17  21.31   7.71  17.63   4.39  22.75  22.23  22.35  19.63  19.88  23.76  22.00  21.09  22.87  23.22
 wrfout_d04_2016-12-02_19:00:00 999.00  21.12  14.95  19.55  15.71  20.09  20.54  20.15  20.20  19.69  19.27  19.55 999.00  19.92  19.08  22.87  14.97  21.46   7.59  17.31   4.59  22.74  22.38  22.66  19.37  19.65  23.63  21.82  21.09  23.00  23.13
 wrfout_d04_2016-12-02_20:00:00 999.00  21.39  15.02  17.85  15.83  20.29  20.74  20.33  20.42  19.44  19.17  20.13 999.00  19.74  18.85  22.80  14.89  21.17   7.44  17.01   1.93  22.54  22.20  22.69  18.97  19.19  23.48  21.48  21.13  22.82  22.99
 wrfout_d04_2016-12-02_21:00:00 999.00  21.56  15.19  17.76  16.02  20.23  21.01  20.51  20.46  19.58  19.51  20.07 999.00  19.60  18.26  22.85  14.84  21.27   7.35  16.99   1.79  22.58  21.89  22.96  18.43  18.61  22.54  21.29  20.97  23.10  23.08
 wrfout_d04_2016-12-02_22:00:00 999.00  21.78  15.33  17.81  15.95  20.73  20.61  20.63  20.39  19.75  19.55  20.42 999.00  19.65  18.75  22.96  14.80  21.56   7.29  16.99   1.63  22.50  21.65  22.64  18.66  18.70  24.13  21.55  20.96  23.02  23.37
 wrfout_d04_2016-12-02_23:00:00 999.00  22.01  15.63  19.95  16.61  21.05  21.38  20.98  21.02  20.18  20.13  20.83 999.00  20.16  19.29  22.93  17.46  21.60  10.36  17.38   5.48  22.50  21.73  23.13  19.11  19.56  24.33  21.97  21.32  23.52  24.03
