 wrfout_d04_2016-06-05_00:00:00 999.00  26.06  24.81  30.33  25.76  30.24  30.63  29.60  30.66  30.37  29.93  29.75 999.00  31.00  30.45  30.13  26.90  29.71  19.44  29.29  13.08  28.42  28.85  28.91  31.01  30.30  30.05  31.11  30.04  29.61  29.85
 wrfout_d04_2016-06-05_01:00:00 999.00  27.52  25.66  30.56  26.98  31.25  31.73  29.48  31.80  30.64  31.38  30.67 999.00  31.25  31.48  31.19  28.54  29.98  20.45  30.20  13.95  28.43  28.73  30.14  31.63  31.34  31.61  31.47  30.26  29.74  30.50
 wrfout_d04_2016-06-05_02:00:00 999.00  27.34  26.56  30.96  28.02  32.34  32.73  29.66  32.74  31.06  31.83  30.66 999.00  31.69  32.93  31.68  29.62  30.48  21.28  31.44  14.27  28.44  28.80  30.45  32.86  32.22  31.95  32.17  30.75  30.32  31.04
 wrfout_d04_2016-06-05_03:00:00 999.00  27.03  26.95  31.12  28.53  33.06  32.95  29.61  34.02  31.57  31.85  30.77 999.00  31.81  34.58  31.84  30.28  30.80  21.80  32.70  14.17  28.43  28.71  30.47  33.66  32.69  32.31  32.42  31.05  30.81  31.49
 wrfout_d04_2016-06-05_04:00:00 999.00  26.93  26.60  30.65  28.40  30.38  31.17  29.34  34.55  31.60  29.83  28.82 999.00  31.67  34.88  31.86  30.41  30.94  21.95  33.34  14.32  28.39  28.70  30.47  33.92  32.81  32.42  32.46  31.18  31.14  32.00
 wrfout_d04_2016-06-05_05:00:00 999.00  26.78  25.90  30.01  27.69  29.75  32.15  28.95  33.71  31.31  28.03  27.95 999.00  31.45  34.13  31.58  31.21  30.96  21.50  33.30  14.55  28.40  28.72  30.41  33.82  32.66  32.28  32.57  31.09  31.22  32.03
 wrfout_d04_2016-06-05_06:00:00 999.00  26.78  25.79  30.05  27.35  28.35  32.04  28.57  33.22  30.98  26.44  26.99 999.00  31.22  33.39  30.14  31.27  30.80  21.30  32.69  14.41  28.37  28.62  30.09  33.53  32.38  32.13  32.40  30.88  30.99  31.91
 wrfout_d04_2016-06-05_07:00:00 999.00  26.86  25.43  29.41  27.29  26.50  31.04  28.14  31.74  29.77  25.61  26.24 999.00  30.95  32.61  28.90  29.77  30.43  20.38  31.95  13.95  28.31  28.58  29.17  32.94  31.86  31.80  32.04  30.51  30.43  31.54
 wrfout_d04_2016-06-05_08:00:00 999.00  26.92  24.60  29.28  25.75  25.71  28.29  27.90  30.16  30.06  25.12  25.15 999.00  30.49  31.91  27.92  27.93  30.06  19.19  31.18  12.95  28.28  28.58  29.18  32.19  31.33  31.13  31.68  29.95  29.72  31.08
 wrfout_d04_2016-06-05_09:00:00 999.00  25.88  22.16  27.81  23.05  25.70  26.54  28.20  26.80  29.61  25.30  24.79 999.00  29.77  31.17  27.73  25.68  29.60  17.16  30.45  12.73  28.27  28.58  27.42  31.42  30.73  30.87  31.29  29.77  28.91  30.57
 wrfout_d04_2016-06-05_10:00:00 999.00  25.54  21.92  27.05  23.04  25.79  26.81  28.23  26.99  29.40  23.98  24.80 999.00  29.31  30.30  26.31  24.88  29.01  16.40  29.71  11.15  28.29  28.59  26.72  30.57  29.97  30.28  30.92  28.78  27.89  30.04
 wrfout_d04_2016-06-05_11:00:00 999.00  26.42  21.30  26.36  22.24  25.60  26.62  27.27  26.99  29.14  24.27  25.58 999.00  28.43  29.53  25.96  23.57  28.46  15.91  28.87  10.55  28.26  28.56  25.10  29.70  29.24  29.98  30.47  26.86  27.25  29.50
 wrfout_d04_2016-06-05_12:00:00 999.00  26.71  21.17  26.03  21.90  25.78  26.49  27.36  26.94  28.54  25.16  24.73 999.00  28.45  29.18  26.10  23.04  28.31  15.55  28.44  10.35  28.18  28.58  24.91  29.34  29.08  27.82  30.36  26.78  27.13  29.30
 wrfout_d04_2016-06-05_13:00:00 999.00  25.14  20.96  26.21  22.34  25.75  26.52  27.03  26.59  28.40  25.05  25.28 999.00  28.91  29.22  27.50  22.43  28.13  15.45  28.02   9.36  28.14  28.51  25.06  29.24  29.09  27.50  30.29  26.68  26.90  29.23
 wrfout_d04_2016-06-05_14:00:00 999.00  25.74  20.89  25.85  22.15  25.46  26.84  26.79  26.94  28.30  25.35  25.51 999.00  28.84  28.73  27.63  22.10  27.89  14.50  27.64   9.68  28.18  28.32  25.69  29.05  28.96  27.49  29.93  25.52  26.76  29.16
 wrfout_d04_2016-06-05_15:00:00 999.00  26.23  21.31  25.96  22.40  25.47  26.45  26.53  26.78  28.23  25.18  25.39 999.00  28.55  28.23  27.54  21.80  27.71  15.60  27.30   9.91  28.24  28.19  25.43  28.87  28.77  27.48  29.62  25.56  26.38  28.71
 wrfout_d04_2016-06-05_16:00:00 999.00  26.59  21.18  26.23  21.53  25.27  26.17  25.91  27.55  27.11  25.08  25.31 999.00  28.22  28.12  26.97  21.54  27.75  15.33  26.91   9.41  28.26  28.11  25.26  28.70  28.59  27.36  29.37  24.98  25.40  27.68
 wrfout_d04_2016-06-05_17:00:00 999.00  26.70  21.15  26.09  21.23  25.34  26.06  25.41  27.25  26.72  25.08  25.17 999.00  27.98  27.85  26.71  21.22  27.72  15.08  26.77   9.06  28.28  27.80  24.94  28.44  28.33  27.46  29.33  24.20  25.15  27.29
 wrfout_d04_2016-06-05_18:00:00 999.00  26.87  21.11  25.47  20.85  25.19  26.05  25.87  26.73  26.32  25.04  25.08 999.00  27.75  27.47  26.47  20.95  27.67  14.83  26.37   8.96  28.31  27.91  24.82  28.25  28.12  27.29  29.15  24.01  25.39  27.04
 wrfout_d04_2016-06-05_19:00:00 999.00  27.07  20.90  25.59  20.57  25.34  26.03  25.67  26.51  26.03  25.13  24.99 999.00  27.40  27.07  25.81  20.67  27.64  14.78  26.06   9.11  28.32  27.87  24.58  27.98  27.92  27.07  29.00  23.78  25.23  26.92
 wrfout_d04_2016-06-05_20:00:00 999.00  27.18  20.72  25.40  20.58  24.80  25.60  25.68  25.79  25.90  24.70  24.67 999.00  26.98  26.70  25.68  20.45  27.71  14.55  25.90   8.93  28.32  27.76  24.54  27.35  27.58  26.60  28.89  23.54  24.38  26.94
 wrfout_d04_2016-06-05_21:00:00 999.00  27.21  20.76  25.33  20.70  24.94  26.32  25.78  26.12  25.93  24.77  24.57 999.00  26.81  26.46  25.44  20.27  27.67  14.50  25.79   8.89  28.36  27.36  24.55  26.87  26.94  26.39  28.81  23.37  24.22  27.50
 wrfout_d04_2016-06-05_22:00:00 999.00  27.35  22.15  26.54  23.25  26.10  26.38  26.17  26.59  26.42  26.56  26.30 999.00  27.47  26.85  27.10  22.75  28.16  15.99  26.37  10.13  28.39  26.95  26.40  27.30  27.29  26.75  29.09  25.74  26.79  27.63
 wrfout_d04_2016-06-05_23:00:00 999.00  27.41  22.79  27.09  23.79  27.61  28.06  26.77  28.10  27.60  27.87  27.44 999.00  28.93  28.28  28.29  24.05  29.03  17.56  27.71  11.63  28.42  28.02  27.48  28.92  28.93  28.19  29.93  27.08  27.21  29.09
