 wrfout_d04_2016-04-23_00:00:00 999.00  21.07  21.86  25.93  22.85  25.79  26.57  23.87  26.57  25.84  26.10  25.97 999.00  27.97  27.93  27.74  26.26  27.20  16.89  27.10  11.11  26.04  27.04  26.70  28.72  28.65  27.73  29.08  27.67  27.18  28.24
 wrfout_d04_2016-04-23_01:00:00 999.00  21.09  22.98  27.38  23.98  27.29  28.30  24.28  28.21  27.37  27.26  27.27 999.00  29.56  29.69  28.47  26.74  28.01  17.81  28.69  11.90  26.10  27.35  27.38  30.61  30.36  28.60  30.01  28.92  27.78  29.49
 wrfout_d04_2016-04-23_02:00:00 999.00  21.07  23.93  27.91  25.07  27.19  29.89  24.85  29.75  29.11  27.91  28.54 999.00  30.49  31.21  28.75  27.64  28.61  18.59  30.21  12.53  26.14  27.53  27.97  32.08  31.47  29.25  30.58  29.50  28.27  30.31
 wrfout_d04_2016-04-23_03:00:00 999.00  20.97  24.45  27.94  25.57  26.77  31.24  24.80  31.41  29.69  28.40  29.41 999.00  30.73  32.87  29.42  28.15  28.98  19.11  31.35  12.84  26.12  27.65  28.23  32.95  32.14  29.73  31.11  29.82  28.64  30.67
 wrfout_d04_2016-04-23_04:00:00 999.00  21.41  24.48  28.06  25.66  26.93  32.23  24.48  32.34  29.47  28.93  29.72 999.00  30.58  33.92  29.43  28.65  29.10  19.44  32.12  12.91  26.11  27.57  28.34  33.48  32.46  29.86  31.35  30.01  28.86  31.02
 wrfout_d04_2016-04-23_05:00:00 999.00  22.13  24.50  28.68  25.86  27.26  32.23  25.11  31.90  29.10  28.43  29.91 999.00  30.43  33.87  29.71  29.00  29.01  19.40  32.53  12.69  26.05  27.31  28.44  33.50  32.31  29.82  31.23  30.22  28.94  31.19
 wrfout_d04_2016-04-23_06:00:00 999.00  22.47  24.27  28.31  25.53  27.09  31.56  25.25  31.31  28.62  27.14  29.21 999.00  30.05  33.16  29.46  28.82  28.90  18.91  32.07  12.28  25.98  27.12  28.44  33.08  31.94  29.67  31.02  30.35  28.83  31.14
 wrfout_d04_2016-04-23_07:00:00 999.00  22.45  22.87  26.78  24.09  26.89  30.38  25.23  30.33  27.49  27.50  27.04 999.00  28.66  32.07  29.17  28.13  28.63  18.12  31.20  11.63  25.93  26.95  28.26  32.46  31.44  29.43  30.64  29.93  28.47  30.70
 wrfout_d04_2016-04-23_08:00:00 999.00  22.47  21.67  26.47  22.91  25.35  29.13  24.98  28.72  26.59  25.52  25.09 999.00  27.86  29.89  28.58  26.98  28.14  17.08  30.21  10.80  25.89  26.86  27.65  31.52  30.64  29.04  30.08  29.32  27.74  30.05
 wrfout_d04_2016-04-23_09:00:00 999.00  22.44  20.85  25.68  22.05  25.83  28.22  24.50  28.17  25.99  25.63  24.47 999.00  27.66  29.20  28.17  25.35  27.50  15.65  28.77   9.66  25.86  26.79  27.09  30.19  29.47  28.63  29.35  28.02  26.92  29.05
 wrfout_d04_2016-04-23_10:00:00 999.00  22.50  20.32  24.84  21.34  25.11  27.41  24.31  27.32  25.95  24.84  24.25 999.00  27.48  28.51  27.80  23.41  26.81  13.94  27.53   8.16  25.86  26.75  26.34  28.94  28.48  28.07  28.67  26.11  25.95  28.16
 wrfout_d04_2016-04-23_11:00:00 999.00  22.55  20.04  24.42  20.94  24.47  27.05  24.62  26.88  26.29  24.93  23.96 999.00  27.58  27.96  27.49  22.42  26.29  13.43  26.59   8.00  25.90  26.67  26.15  28.20  27.79  27.93  28.30  25.46  25.70  27.67
 wrfout_d04_2016-04-23_12:00:00 999.00  22.69  19.93  24.25  20.70  24.50  26.89  24.81  26.60  26.53  24.81  24.21 999.00  27.68  27.85  27.34  21.71  26.03  13.83  26.41   8.14  25.93  26.64  26.27  27.86  27.46  27.71  28.15  25.18  25.67  27.40
 wrfout_d04_2016-04-23_13:00:00 999.00  22.62  19.90  24.04  20.74  24.59  26.48  24.85  26.40  26.59  24.42  24.33 999.00  27.53  27.70  27.30  21.27  25.81  13.71  26.31   7.99  25.91  26.60  25.84  27.75  27.34  27.45  27.99  24.74  25.58  27.11
 wrfout_d04_2016-04-23_14:00:00 999.00  22.70  19.81  23.81  20.75  24.67  26.02  24.66  26.06  26.39  24.34  23.90 999.00  27.40  27.46  27.18  20.47  25.65  13.83  26.11   8.06  25.87  26.54  25.31  27.75  27.36  27.35  27.86  23.82  25.40  26.89
 wrfout_d04_2016-04-23_15:00:00 999.00  22.68  19.71  23.62  20.57  24.53  25.58  24.24  25.73  26.02  24.18  24.65 999.00  26.99  27.09  27.01  19.98  25.48  13.60  25.73   8.03  25.80  26.44  25.07  27.74  27.29  27.00  27.73  23.33  25.26  26.66
 wrfout_d04_2016-04-23_16:00:00 999.00  22.87  19.62  23.23  20.52  24.29  25.46  23.58  25.49  25.36  24.06  24.24 999.00  26.64  26.75  25.55  19.34  25.47  13.41  25.47   7.94  25.75  26.30  24.73  27.72  27.26  26.77  27.62  23.05  25.05  26.48
 wrfout_d04_2016-04-23_17:00:00 999.00  22.70  19.50  23.01  20.48  23.93  25.35  23.07  25.25  24.55  23.67  23.80 999.00  26.39  26.41  25.41  18.79  25.44  13.21  25.21   7.83  25.71  26.14  24.55  27.46  27.10  26.49  27.51  22.71  24.91  26.39
 wrfout_d04_2016-04-23_18:00:00 999.00  22.42  19.37  22.64  20.12  23.52  25.15  22.93  25.06  24.34  23.56  23.35 999.00  26.21  26.12  25.37  19.28  25.37  12.76  24.98   7.73  25.70  26.03  24.34  26.94  26.96  26.51  27.39  22.48  24.82  26.17
 wrfout_d04_2016-04-23_19:00:00 999.00  22.35  19.38  22.73  20.07  23.10  24.94  22.53  24.82  23.43  23.17  23.37 999.00  26.05  25.85  25.24  18.79  25.35  12.86  24.56   7.61  25.72  25.96  24.27  26.48  26.78  26.51  27.38  22.29  24.68  26.05
 wrfout_d04_2016-04-23_20:00:00 999.00  22.43  19.37  22.68  20.05  23.11  24.68  22.53  24.65  23.26  23.24  23.21 999.00  26.10  25.79  25.42  19.19  25.33  12.56  24.60   7.38  25.75  25.79  24.57  26.30  26.66  26.50  27.27  22.05  24.65  25.85
 wrfout_d04_2016-04-23_21:00:00 999.00  22.34  19.31  23.07  20.00  23.10  24.52  22.13  24.49  23.31  23.06  23.27 999.00  25.93  25.76  25.59  19.11  25.26  12.88  24.67   7.66  25.74  25.54  24.62  26.18  26.54  26.51  27.14  21.89  24.58  25.72
 wrfout_d04_2016-04-23_22:00:00 999.00  22.23  19.38  22.87  20.17  23.18  24.43  22.32  24.31  23.37  23.59  24.53 999.00  25.77  25.62  25.68  19.79  25.20  12.96  24.43   7.70  25.74  25.66  25.12  26.18  26.47  26.51  27.08  22.75  25.10  25.77
 wrfout_d04_2016-04-23_23:00:00 999.00  22.14  19.53  23.41  20.22  23.22  24.31  22.86  24.33  23.51  23.90  25.02 999.00  25.89  25.55  26.36  21.64  25.18  14.28  24.58   8.00  25.66  25.54  26.02  26.29  26.51  27.26  27.31  25.94  26.40  26.45
