 wrfout_d04_2016-11-05_00:00:00 999.00  24.80  19.22  23.77  20.05  23.65  22.98  23.93  23.62  23.84  24.34  24.06 999.00  24.64  23.79  25.82  19.59  25.33  14.50  23.23   8.13  25.31  23.96  25.19  24.12  24.64  26.23  26.31  24.82  26.18  25.84
 wrfout_d04_2016-11-05_01:00:00 999.00  24.45  21.17  25.86  22.48  25.79  25.43  24.77  25.71  24.70  25.79  25.54 999.00  24.94  24.71  26.36  21.58  25.09  15.44  23.98   9.15  24.34  23.30  25.53  24.69  25.12  26.99  26.87  25.95  27.90  26.64
 wrfout_d04_2016-11-05_02:00:00 999.00  24.56  21.96  26.78  23.36  26.65  26.88  25.27  27.12  25.66  26.77  26.34 999.00  25.73  26.32  27.12  22.74  25.66  16.35  25.27   9.75  24.45  24.29  26.07  26.46  26.67  27.81  28.07  26.48  26.73  27.57
 wrfout_d04_2016-11-05_03:00:00 999.00  24.61  22.57  27.19  24.26  27.03  27.75  25.51  27.85  26.34  27.15  26.65 999.00  26.07  27.66  26.76  24.00  25.90  16.95  26.42  10.04  24.55  24.55  26.39  27.60  27.75  28.31  28.61  26.84  27.13  28.15
 wrfout_d04_2016-11-05_04:00:00 999.00  24.62  22.50  26.91  24.63  27.12  28.57  25.45  28.67  26.71  27.21  26.53 999.00  26.19  28.41  26.63  24.27  25.90  17.15  27.28  10.07  24.60  24.54  26.71  28.67  28.44  28.56  28.73  26.91  27.25  28.51
 wrfout_d04_2016-11-05_05:00:00 999.00  24.52  21.92  26.43  24.33  26.67  28.96  25.48  29.05  26.93  27.04  25.80 999.00  26.24  28.58  27.37  24.12  25.91  17.01  27.83   9.86  24.51  24.61  26.70  29.00  28.49  28.46  28.75  26.78  27.15  28.77
 wrfout_d04_2016-11-05_06:00:00 999.00  24.43  20.10  26.15  23.64  27.02  28.80  25.33  28.69  26.99  26.77  24.74 999.00  26.16  28.09  26.87  23.94  25.74  16.48  27.89   9.27  24.41  24.76  26.16  28.76  28.27  27.97  28.79  26.59  27.01  28.67
 wrfout_d04_2016-11-05_07:00:00 999.00  24.27  19.53  25.76  21.71  26.67  28.17  24.86  28.11  26.80  26.24  24.55 999.00  25.77  27.65  26.09  23.22  25.10  15.65  27.33   8.58  24.29  24.95  25.84  28.17  28.04  27.76  28.58  25.64  26.48  28.33
 wrfout_d04_2016-11-05_08:00:00 999.00  24.22  19.52  25.58  21.37  26.00  27.25  24.58  27.36  25.69  25.67  24.45 999.00  25.27  26.95  25.56  22.20  24.64  14.33  26.27   7.53  24.23  24.99  24.98  27.40  27.32  27.43  28.24  25.16  25.71  27.53
 wrfout_d04_2016-11-05_09:00:00 999.00  24.32  18.08  22.76  19.46  24.79  26.29  23.23  26.15  24.64  24.80  24.35 999.00  24.50  26.06  25.50  19.37  24.20  11.00  25.00   4.04  24.18  25.04  24.50  25.92  26.06  26.87  27.78  24.29  23.66  27.04
 wrfout_d04_2016-11-05_10:00:00 999.00  24.41  17.96  21.89  19.14  23.57  24.73  22.74  25.18  23.77  24.48  24.06 999.00  24.12  25.03  25.23  18.05  23.53   9.89  23.88   3.03  24.12  25.11  24.42  25.10  25.26  26.70  27.58  23.77  22.71  26.85
 wrfout_d04_2016-11-05_11:00:00 999.00  24.27  17.73  22.09  18.90  23.47  23.97  22.67  24.10  23.30  24.49  24.22 999.00  23.91  24.29  25.05  17.45  23.50   9.44  22.93   2.75  24.19  25.19  24.25  24.68  24.78  26.28  27.43  23.78  22.25  26.29
 wrfout_d04_2016-11-05_12:00:00 999.00  24.29  17.73  22.60  18.85  23.97  23.63  21.97  23.43  22.88  24.26  23.72 999.00  23.63  23.54  24.89  16.94  23.22   9.15  22.66   2.46  24.30  24.86  23.29  24.41  24.60  25.90  27.35  23.57  21.86  26.01
 wrfout_d04_2016-11-05_13:00:00 999.00  24.38  17.77  22.60  18.84  23.27  23.37  21.36  23.00  21.95  23.96  23.70 999.00  23.29  23.28  24.89  16.60  23.26   8.81  22.57   2.18  24.40  24.06  23.04  23.77  24.27  25.62  27.19  23.35  21.58  25.83
 wrfout_d04_2016-11-05_14:00:00 999.00  24.47  17.85  22.70  18.86  22.72  23.22  20.68  22.63  21.02  23.42  23.40 999.00  23.09  23.29  24.85  16.36  23.11   8.45  22.32   1.96  24.58  23.63  22.96  23.38  23.70  25.48  26.78  22.79  22.27  25.42
 wrfout_d04_2016-11-05_15:00:00 999.00  24.49  17.93  22.79  18.88  22.15  23.10  20.28  22.37  20.55  23.34  23.60 999.00  22.91  23.19  24.75  16.13  22.92   8.11  21.89   1.77  24.67  23.58  22.63  23.00  23.28  25.18  26.34  22.03  22.15  25.13
 wrfout_d04_2016-11-05_16:00:00 999.00  24.53  17.83  22.64  18.84  21.58  22.86  19.95  21.94  20.16  23.00  22.51 999.00  22.72  22.91  24.60  15.93  22.64   7.85  21.35   1.60  24.67  23.71  22.44  22.64  22.87  24.93  25.53  21.61  22.01  24.66
 wrfout_d04_2016-11-05_17:00:00 999.00  24.50  17.80  22.64  18.81  21.38  22.78  19.63  21.45  19.71  22.77  23.43 999.00  22.56  22.55  24.63  15.75  22.32   7.66  21.28   1.48  24.58  23.61  22.32  22.40  22.61  25.00  24.98  21.16  22.04  24.44
 wrfout_d04_2016-11-05_18:00:00 999.00  24.53  17.83  22.64  18.85  21.08  22.75  19.32  21.20  19.10  23.00  22.80 999.00  22.26  22.36  24.40  15.59  21.43   7.49  20.90   1.39  24.49  23.28  22.20  22.08  22.31  25.11  24.75  21.20  21.95  24.08
 wrfout_d04_2016-11-05_19:00:00 999.00  24.59  17.88  22.73  18.85  21.03  22.66  19.08  21.05  18.63  22.75  22.25 999.00  21.97  21.93  23.82  15.46  21.34   7.34  20.77   1.26  24.39  23.04  22.18  21.88  21.98  25.12  24.51  21.07  21.92  24.00
 wrfout_d04_2016-11-05_20:00:00 999.00  24.59  17.88  22.38  18.86  20.86  22.51  18.85  20.88  18.24  22.12  21.96 999.00  21.40  21.31  23.16  15.33  21.28   7.16  20.50   1.20  24.36  22.82  21.93  21.26  21.23  24.98  23.87  21.05  21.65  23.75
 wrfout_d04_2016-11-05_21:00:00 999.00  24.66  17.86  22.13  18.85  20.76  22.07  18.63  20.72  18.05  21.49  22.55 999.00  21.13  21.00  23.02  15.23  21.09   7.12  20.39   1.21  24.29  22.95  21.90  20.80  20.97  24.45  23.50  20.91  22.75  24.15
 wrfout_d04_2016-11-05_22:00:00 999.00  24.71  17.88  22.10  18.83  20.71  22.10  18.51  20.66  18.08  21.38  22.88 999.00  21.14  20.96  23.15  15.12  21.17   7.12  20.55   1.25  24.31  23.18  21.92  20.56  21.03  24.01  23.68  20.78  23.04  24.58
 wrfout_d04_2016-11-05_23:00:00 999.00  24.75  18.66  24.31  20.23  23.25  23.84  21.17  23.21  20.64  23.64  23.46 999.00  22.27  21.66  23.19  19.25  23.38  12.45  21.35   6.82  24.27  23.00  24.35  21.23  21.97  25.49  24.55  23.84  23.89  25.12
