 wrfout_d04_2016-07-08_00:00:00 999.00  29.90  23.47  29.24  24.79  29.11  29.88  29.63  30.16  29.42  29.53  29.21 999.00  30.16  31.21  29.60  24.24  29.15  15.95  30.18  11.37  29.35  29.48  27.09  30.75  30.87  28.59  29.52  26.29  27.15  28.07
 wrfout_d04_2016-07-08_01:00:00 999.00  29.63  23.70  29.80  25.64  29.96  30.49  29.94  30.48  30.25  29.94  29.52 999.00  31.22  30.85  30.18  24.27  29.35  16.60  30.37  11.44  29.55  29.98  27.03  29.30  29.47  27.60  29.89  26.30  26.76  27.76
 wrfout_d04_2016-07-08_02:00:00 999.00  29.66  24.09  30.69  26.27  30.38  30.99  30.26  31.09  30.61  30.26  29.73 999.00  31.37  31.52  29.82  23.99  29.25  17.02  30.70  11.19  29.27  29.81  27.36  29.52  29.81  27.81  28.71  26.37  26.66  27.95
 wrfout_d04_2016-07-08_03:00:00 999.00  29.69  24.13  31.04  26.52  30.78  31.44  30.71  31.58  30.37  29.92  29.45 999.00  32.03  32.57  28.59  23.64  29.17  17.83  31.17  11.88  29.61  30.84  26.96  28.23  27.69  27.33  27.76  26.05  26.77  28.03
 wrfout_d04_2016-07-08_04:00:00 999.00  29.68  24.46  31.00  26.51  30.83  31.53  30.26  31.49  30.33  29.77  29.46 999.00  32.22  33.11  29.56  24.07  29.28  18.41  30.56  13.00  29.55  29.93  27.60  26.30  26.06  27.21  28.07  26.03  27.09  27.97
 wrfout_d04_2016-07-08_05:00:00 999.00  29.70  24.31  30.68  26.44  30.69  31.42  30.29  31.07  30.65  29.70  29.39 999.00  32.19  33.16  29.56  26.05  29.10  18.53  30.65  12.20  29.24  27.11  27.45  27.45  26.66  28.09  27.78  26.94  27.30  28.49
 wrfout_d04_2016-07-08_06:00:00 999.00  29.69  24.11  30.54  25.98  30.50  31.30  29.79  30.20  31.19  29.70  29.35 999.00  31.65  32.31  29.39  26.24  29.02  18.77  29.34  12.42  29.00  28.08  27.26  28.90  28.59  28.75  28.24  27.13  26.22  28.48
 wrfout_d04_2016-07-08_07:00:00 999.00  29.69  23.76  30.10  25.71  30.29  30.98  29.67  30.17  31.24  29.70  29.22 999.00  31.16  31.79  29.38  26.82  28.92  18.40  28.73  13.35  28.99  27.94  27.48  28.55  28.36  28.57  27.34  26.33  26.35  28.58
 wrfout_d04_2016-07-08_08:00:00 999.00  29.70  23.64  29.60  25.41  30.15  30.69  29.46  30.14  30.74  29.61  29.14 999.00  31.21  31.12  28.53  27.49  27.85  17.56  27.97  12.58  27.85  28.37  27.35  27.65  27.40  29.48  28.09  25.91  26.35  29.04
 wrfout_d04_2016-07-08_09:00:00 999.00  29.72  23.58  29.33  25.17  29.72  30.35  29.23  30.09  30.56  29.67  29.09 999.00  31.34  31.09  28.32  24.09  28.77  16.97  27.20  12.42  28.35  28.34  27.55  27.45  27.15  29.11  28.05  26.17  25.61  29.70
 wrfout_d04_2016-07-08_10:00:00 999.00  29.76  23.47  29.26  24.90  29.34  30.21  28.83  30.05  30.05  29.52  28.11 999.00  30.07  29.89  29.34  24.30  27.91  16.61  26.94  12.53  27.96  28.15  27.21  27.86  27.29  29.34  27.79  25.86  26.43  29.73
 wrfout_d04_2016-07-08_11:00:00 999.00  29.75  23.38  29.05  24.78  29.14  29.96  28.66  29.69  30.11  29.20  27.73 999.00  29.47  28.90  28.78  24.05  28.41  16.41  26.63  12.75  28.45  28.27  27.06  26.92  26.62  27.69  28.34  26.17  27.10  29.59
 wrfout_d04_2016-07-08_12:00:00 999.00  29.75  23.48  28.63  24.69  29.29  29.68  28.74  29.28  29.79  29.24  28.61 999.00  27.74  27.93  28.18  23.66  28.17  16.44  25.80  12.02  27.98  27.93  27.22  26.95  26.73  29.55  28.85  26.03  27.16  29.40
 wrfout_d04_2016-07-08_13:00:00 999.00  29.68  23.48  28.09  24.53  29.24  29.63  28.71  29.20  30.56  29.19  28.09 999.00  29.25  28.30  28.45  22.54  27.98  16.67  25.99  12.16  27.90  28.27  28.35  27.29  27.04  29.49  28.84  26.35  27.31  29.36
 wrfout_d04_2016-07-08_14:00:00 999.00  29.63  23.37  27.90  24.41  28.76  29.02  28.64  29.10  30.41  27.94  27.28 999.00  29.30  28.00  28.89  22.18  27.70  16.11  26.16  12.37  27.93  28.24  28.28  27.60  27.33  29.55  29.83  26.48  27.39  29.30
 wrfout_d04_2016-07-08_15:00:00 999.00  29.57  23.41  27.73  24.29  27.34  28.64  28.02  28.58  28.61  28.16  27.48 999.00  28.26  27.27  29.74  22.32  27.94  15.95  25.84  11.92  28.02  28.40  28.29  28.44  28.31  29.57  30.19  26.44  27.41  29.13
 wrfout_d04_2016-07-08_16:00:00 999.00  29.54  23.45  28.06  24.42  28.21  28.61  28.08  28.86  27.97  28.31  28.41 999.00  27.75  27.92  29.54  22.58  27.61  16.78  27.11  11.96  27.89  28.12  28.25  28.23  28.19  29.54  30.22  26.50  27.45  29.01
 wrfout_d04_2016-07-08_17:00:00 999.00  29.50  23.15  27.68  24.10  28.04  28.81  28.51  28.97  27.28  28.89  28.27 999.00  26.51  26.67  29.56  22.99  28.09  16.51  26.44  11.96  27.74  28.83  28.10  28.43  28.61  29.40  30.13  26.46  27.43  29.05
 wrfout_d04_2016-07-08_18:00:00 999.00  29.38  22.94  27.72  23.94  28.02  28.82  28.84  28.91  26.74  28.90  28.43 999.00  27.77  27.36  29.44  22.88  27.86  16.36  26.19  11.96  27.80  30.06  28.20  29.44  29.40  29.33  29.75  26.39  27.35  28.82
 wrfout_d04_2016-07-08_19:00:00 999.00  29.33  22.98  27.87  24.00  28.10  28.89  28.69  28.89  27.56  28.88  28.32 999.00  27.59  25.66  29.45  22.76  26.68  16.59  27.19  11.80  27.81  30.41  28.20  30.20  30.11  29.41  30.00  26.46  27.39  28.82
 wrfout_d04_2016-07-08_20:00:00 999.00  29.30  22.94  28.29  24.04  28.12  29.07  28.53  29.05  26.70  28.86  28.37 999.00  29.83  29.14  29.48  23.22  26.85  16.99  26.77  12.31  27.65  30.50  28.15  29.57  29.58  29.21  29.99  26.49  27.42  28.86
 wrfout_d04_2016-07-08_21:00:00 999.00  29.40  23.16  28.48  24.29  28.25  29.34  26.48  28.88  26.61  28.75  28.41 999.00  29.21  28.94  29.45  22.44  27.48  16.68  27.35  11.77  29.58  28.86  28.05  29.75  29.94  29.23  30.03  26.35  27.46  28.83
 wrfout_d04_2016-07-08_22:00:00 999.00  29.43  23.30  28.64  24.46  28.28  29.28  25.97  28.84  26.32  28.94  28.57 999.00  27.57  27.13  29.57  23.09  28.57  16.13  24.42  11.52  29.93  30.41  28.18  29.55  29.74  29.28  30.15  26.53  27.54  28.93
 wrfout_d04_2016-07-08_23:00:00 999.00  29.41  23.53  28.67  24.69  28.54  29.43  26.39  29.35  26.98  29.28  28.75 999.00  27.67  26.56  29.14  22.95  29.01  16.38  27.19  11.43  30.14  30.47  28.33  30.07  29.86  29.58  30.32  27.21  27.85  29.19
