 wrfout_d04_2016-04-09_00:00:00 999.00  19.86  19.27  19.23  19.87  21.58  20.91  18.49  21.17  19.42  24.13  23.81 999.00  19.54  22.36  23.80  23.54  20.97  16.72  19.04   9.39  21.75  21.38  24.56  21.80  22.76  25.49  25.89  25.51  26.14  25.46
 wrfout_d04_2016-04-09_01:00:00 999.00  19.78  20.30  20.81  21.32  23.33  23.58  18.83  24.18  22.35  25.98  25.19 999.00  23.14  25.90  25.24  25.21  25.09  17.85  25.20  10.38  23.34  24.14  26.24  26.37  26.70  27.50  27.94  26.47  27.07  27.39
 wrfout_d04_2016-04-09_02:00:00 999.00  19.80  21.17  22.30  22.08  24.48  25.59  18.99  25.87  23.64  26.60  25.71 999.00  23.79  27.77  25.64  26.18  25.65  18.65  27.11  11.18  23.53  24.34  26.26  28.75  29.00  28.00  28.88  28.39  27.69  28.55
 wrfout_d04_2016-04-09_03:00:00 999.00  19.66  21.64  23.41  22.72  23.60  27.00  20.17  26.57  24.77  27.01  26.07 999.00  24.37  29.29  26.04  26.81  26.03  19.16  28.33  11.69  23.71  24.16  26.55  30.57  29.94  28.50  29.27  28.93  28.12  29.06
 wrfout_d04_2016-04-09_04:00:00 999.00  19.38  21.90  23.64  23.02  22.25  27.32  20.40  26.90  24.99  26.74  25.96 999.00  25.31  30.11  25.94  27.03  26.14  19.43  29.44  11.97  23.91  24.26  26.39  31.28  30.19  28.81  29.46  29.10  28.35  29.41
 wrfout_d04_2016-04-09_05:00:00 999.00  19.27  21.80  24.16  22.94  22.09  27.06  20.33  26.79  25.01  26.74  25.49 999.00  25.27  30.18  25.84  27.29  26.09  19.30  29.66  11.86  24.07  24.51  26.23  31.38  30.09  28.76  29.49  28.91  28.38  29.68
 wrfout_d04_2016-04-09_06:00:00 999.00  19.46  21.54  23.58  22.74  22.51  27.22  20.44  27.26  24.86  25.77  24.88 999.00  25.10  29.96  25.67  27.07  25.86  18.91  29.46  11.41  24.10  24.69  26.80  31.16  29.91  28.86  29.40  28.53  28.19  29.65
 wrfout_d04_2016-04-09_07:00:00 999.00  19.54  21.21  22.01  22.31  21.50  26.49  20.41  27.19  24.56  25.00  24.34 999.00  24.86  29.20  25.80  26.52  25.81  18.27  28.94  10.82  24.05  24.64  26.31  30.70  29.57  28.55  29.11  28.00  27.71  29.34
 wrfout_d04_2016-04-09_08:00:00 999.00  19.60  20.79  21.80  21.79  20.76  24.66  20.74  26.44  23.89  24.06  23.93 999.00  24.44  28.21  25.21  25.39  25.66  17.28  28.16   9.95  24.04  24.62  25.85  29.91  28.99  28.17  28.57  27.26  27.07  28.75
 wrfout_d04_2016-04-09_09:00:00 999.00  19.81  19.36  20.49  20.41  20.19  23.98  19.86  25.64  22.95  23.26  22.96 999.00  23.59  27.25  24.77  23.80  25.38  15.71  26.77   8.74  24.07  24.70  25.19  28.88  28.05  27.36  27.88  26.26  26.15  27.66
 wrfout_d04_2016-04-09_10:00:00 999.00  19.90  18.69  19.86  19.30  19.89  22.41  19.48  23.43  21.64  22.70  22.54 999.00  23.11  26.01  24.59  21.89  24.80  14.02  25.91   7.76  24.14  24.75  24.42  27.41  26.91  26.53  27.27  24.54  24.72  26.33
 wrfout_d04_2016-04-09_11:00:00 999.00  20.01  18.02  19.48  18.71  19.93  21.78  19.34  22.71  20.61  22.41  22.45 999.00  23.23  25.36  24.43  20.45  24.58  13.79  25.33   7.64  24.25  24.68  24.34  26.33  26.03  26.09  26.94  23.19  24.18  25.78
 wrfout_d04_2016-04-09_12:00:00 999.00  20.12  17.58  19.36  18.26  19.62  21.16  19.30  22.05  20.02  22.50  22.42 999.00  23.47  25.02  24.34  19.84  24.45  13.76  25.27   7.49  24.31  24.55  24.16  25.87  25.75  25.88  27.00  22.47  23.93  25.58
 wrfout_d04_2016-04-09_13:00:00 999.00  20.17  17.85  19.64  18.10  19.76  20.99  19.36  21.64  20.07  22.50  22.39 999.00  23.52  24.84  24.11  19.59  24.33  13.79  25.20   7.34  24.37  24.40  23.86  25.74  25.73  25.66  27.02  21.88  23.74  25.35
 wrfout_d04_2016-04-09_14:00:00 999.00  20.20  17.74  19.31  17.95  19.83  20.93  19.20  21.39  19.81  22.38  22.28 999.00  23.72  24.66  23.85  19.18  24.19  13.74  24.80   7.15  24.38  24.30  23.78  25.62  25.62  25.41  26.97  21.39  23.60  25.05
 wrfout_d04_2016-04-09_15:00:00 999.00  20.17  17.36  19.11  17.98  19.83  20.84  19.15  21.13  19.63  22.02  22.19 999.00  23.79  24.58  23.74  18.89  23.96  13.75  24.41   6.97  24.32  24.24  23.41  25.38  25.32  25.15  26.83  21.03  23.50  24.75
 wrfout_d04_2016-04-09_16:00:00 999.00  20.12  17.21  18.99  17.72  19.83  20.54  19.22  20.83  19.75  21.63  22.11 999.00  23.82  24.44  23.59  18.75  23.74  13.73  24.00   6.87  24.32  24.19  23.23  25.08  25.00  24.93  26.56  20.79  23.41  24.51
 wrfout_d04_2016-04-09_17:00:00 999.00  20.16  16.80  19.87  17.47  19.67  20.29  19.21  20.54  20.14  21.38  21.95 999.00  23.86  24.30  23.37  18.66  23.46  13.58  23.61   7.08  24.37  24.09  22.94  24.80  24.54  24.61  26.36  20.56  23.47  24.47
 wrfout_d04_2016-04-09_18:00:00 999.00  20.34  17.00  19.92  17.72  19.67  20.29  19.42  20.44  19.92  21.24  21.95 999.00  23.29  24.09  23.10  18.73  23.17  13.28  23.18   7.05  24.39  23.75  22.59  24.14  23.97  24.08  26.13  20.31  23.65  24.25
 wrfout_d04_2016-04-09_19:00:00 999.00  19.97  16.98  19.96  17.79  19.67  20.89  19.29  20.70  19.95  21.45  21.70 999.00  22.88  23.88  22.72  19.14  23.03  13.05  22.91   6.85  24.41  23.39  22.38  23.62  23.47  23.69  25.92  20.15  23.87  24.10
 wrfout_d04_2016-04-09_20:00:00 999.00  20.01  17.08  20.27  17.66  19.73  20.91  19.81  20.79  19.65  21.50  21.21 999.00  22.51  23.31  23.32  18.87  23.39  12.93  22.34   6.83  24.45  23.13  22.13  23.12  22.99  23.59  25.62  20.19  24.02  23.97
 wrfout_d04_2016-04-09_21:00:00 999.00  20.12  17.31  20.76  17.75  20.48  20.43  19.35  20.26  19.27  21.60  20.93 999.00  23.20  23.86  23.63  17.50  23.50  12.76  22.03   7.01  24.47  22.92  21.98  22.65  22.54  23.36  25.40  20.19  23.95  23.93
 wrfout_d04_2016-04-09_22:00:00 999.00  20.36  17.37  21.13  18.01  20.80  20.89  19.80  20.77  19.78  21.87  21.76 999.00  23.40  23.85  23.98  18.30  23.57  13.29  21.94   7.44  24.49  22.82  22.43  22.90  22.79  23.35  25.35  20.88  24.20  24.09
 wrfout_d04_2016-04-09_23:00:00 999.00  20.59  18.63  22.44  19.59  21.95  22.57  21.26  22.59  21.95  23.33  23.00 999.00  25.01  24.17  24.77  22.38  23.85  14.99  22.60   8.30  24.54  22.83  24.62  23.36  23.60  25.27  26.25  25.88  25.64  25.37
