 wrfout_d04_2016-02-04_00:00:00 999.00  15.65  10.43  14.68  11.45  14.84  15.40  15.39  15.03  15.08  15.16  15.76 999.00  14.69  15.37  18.64  14.84  15.44  10.49  12.87   3.66  16.85  16.71  19.06  14.84  15.14  19.59  16.75  17.66  19.31  19.32
 wrfout_d04_2016-02-04_01:00:00 999.00  15.57  10.66  15.41  11.84  15.07  15.39  15.75  15.24  15.58  15.85  15.84 999.00  16.02  16.32  19.77  15.58  15.57  11.64  13.99   4.65  16.97  16.93  20.14  15.56  15.56  20.49  17.70  19.46  19.67  21.14
 wrfout_d04_2016-02-04_02:00:00 999.00  15.84  10.52  15.78  11.33  15.34  15.68  15.66  15.53  16.17  16.32  15.85 999.00  16.00  17.85  20.60  14.82  15.72  12.36  15.45   5.48  16.87  17.36  20.72  16.16  16.30  20.89  19.23  20.53  20.18  22.62
 wrfout_d04_2016-02-04_03:00:00 999.00  16.05  10.61  15.70  11.33  15.65  15.88  15.87  16.18  16.40  16.61  15.50 999.00  17.58  18.77  21.06  16.59  16.00  12.97  16.60   6.04  16.80  17.61  20.93  18.48  17.96  22.61  19.27  19.89  20.20  21.94
 wrfout_d04_2016-02-04_04:00:00 999.00  16.14  10.97  16.33  11.85  15.80  16.83  15.94  16.35  16.41  16.67  15.84 999.00  17.44  19.89  19.44  18.57  15.54  13.07  17.95   6.09  16.83  17.93  21.33  20.36  19.78  23.12  20.58  19.58  19.93  21.51
 wrfout_d04_2016-02-04_05:00:00 999.00  16.08  11.31  16.59  12.96  15.91  16.41  15.54  16.23  18.19  16.76  16.32 999.00  16.60  19.79  19.17  19.44  15.60  13.13  19.45   5.26  16.91  18.28  21.28  19.08  19.02  22.03  21.38  20.41  22.09  22.67
 wrfout_d04_2016-02-04_06:00:00 999.00  15.99  10.95  15.46  12.31  15.93  17.26  15.55  16.84  18.03  16.70  16.49 999.00  16.10  19.72  19.01  18.29  16.84  12.91  19.59   5.03  16.76  18.03  21.30  19.62  19.49  21.65  22.21  20.46  20.10  22.37
 wrfout_d04_2016-02-04_07:00:00 999.00  15.91  10.59  15.37  11.85  15.57  16.64  15.21  16.28  16.29  16.58  16.48 999.00  16.62  18.68  19.13  16.98  16.00  12.48  19.64   4.91  16.51  18.06  20.17  19.73  19.31  21.73  23.26  19.63  20.09  22.21
 wrfout_d04_2016-02-04_08:00:00 999.00  16.04  10.32  14.72  11.41  15.14  16.09  14.85  15.86  15.51  16.35  16.29 999.00  16.58  18.49  19.05  18.53  14.74  11.49  17.80   4.65  16.35  17.98  19.71  19.32  18.79  21.82  22.77  19.45  19.91  21.81
 wrfout_d04_2016-02-04_09:00:00 999.00  16.40  10.13  14.36  10.98  14.93  15.74  14.74  15.40  15.10  16.04  15.98 999.00  15.62  17.39  18.68  16.55  14.26  10.06  16.75   4.45  16.28  17.52  19.40  18.12  18.38  21.30  22.20  19.02  19.80  21.82
 wrfout_d04_2016-02-04_10:00:00 999.00  16.71  10.04  14.27  10.74  14.89  15.62  14.80  15.19  15.02  15.91  15.38 999.00  15.22  16.40  18.45  13.87  13.89   8.20  15.59   4.35  15.87  17.26  19.11  17.05  17.28  21.31  21.75  18.91  19.78  21.58
 wrfout_d04_2016-02-04_11:00:00 999.00  16.78  10.16  14.32  10.75  15.13  15.62  15.03  15.18  15.02  15.74  15.01 999.00  15.06  15.67  18.33  15.18  13.46   9.21  14.97   4.58  16.14  17.05  19.34  16.37  16.56  21.14  20.76  18.81  19.57  21.43
 wrfout_d04_2016-02-04_12:00:00 999.00  16.90  10.28  14.31  10.82  15.33  15.64  15.07  15.12  15.23  15.60  15.01 999.00  15.06  15.41  18.22  14.89  13.08   9.07  14.53   4.57  15.68  17.35  19.38  16.19  16.15  21.13  20.24  18.63  19.69  21.05
 wrfout_d04_2016-02-04_13:00:00 999.00  17.02  10.45  14.44  11.09  15.37  15.62  15.17  15.16  15.36  15.45  14.75 999.00  15.03  15.19  18.04  14.84  13.74   9.15  14.31   4.56  15.45  16.95  18.90  16.00  16.02  21.03  19.65  18.53  19.58  20.92
 wrfout_d04_2016-02-04_14:00:00 999.00  17.01  10.48  14.56  11.13  15.40  15.49  15.26  15.13  15.28  15.53  14.78 999.00  14.99  15.05  17.95  14.56  13.96   9.34  14.10   4.47  15.62  17.01  18.83  15.62  15.79  20.67  19.04  18.39  19.55  20.39
 wrfout_d04_2016-02-04_15:00:00 999.00  16.92  10.45  14.62  11.16  15.51  15.36  14.99  15.11  14.93  15.49  15.15 999.00  14.87  14.99  17.87  14.37  14.94   9.34  13.76   4.54  15.91  17.02  18.81  15.44  15.54  20.04  18.21  18.30  19.47  20.46
 wrfout_d04_2016-02-04_16:00:00 999.00  16.71  10.37  14.44  11.24  15.43  15.15  14.75  15.15  14.87  15.48  15.30 999.00  14.72  14.75  17.89  14.15  14.75   8.95  13.29   4.49  16.24  16.85  18.21  15.19  15.22  19.88  17.80  18.04  19.48  19.61
 wrfout_d04_2016-02-04_17:00:00 999.00  16.61  10.16  14.24  10.93  14.85  14.70  14.59  14.81  14.86  15.69  15.25 999.00  14.62  14.68  17.91  14.38  14.18   8.65  13.53   4.41  16.26  16.83  18.22  15.24  15.30  19.35  17.58  17.93  19.50  18.82
 wrfout_d04_2016-02-04_18:00:00 999.00  16.22  10.08  14.18  10.85  14.82  14.65  14.67  14.63  14.75  15.58  15.02 999.00  14.34  14.48  17.92  11.92  13.74   8.61  13.11   4.16  15.70  16.62  18.17  15.16  15.18  19.53  16.97  17.91  19.36  18.52
 wrfout_d04_2016-02-04_19:00:00 999.00  15.68  10.06  14.01  10.82  14.45  14.40  14.20  14.32  14.61  15.45  15.02 999.00  14.10  14.52  17.74  13.59  13.37   8.35  13.11   3.86  16.19  16.60  18.01  14.98  14.98  19.46  16.61  17.58  19.20  19.02
 wrfout_d04_2016-02-04_20:00:00 999.00  14.94   9.58  13.58  10.43  14.08  14.20  13.74  14.48  14.18  15.27  14.79 999.00  13.94  14.46  17.51  13.67  13.11   8.22  12.86   3.48  14.83  16.34  17.91  14.83  14.55  19.49  16.52  17.77  19.18  19.07
 wrfout_d04_2016-02-04_21:00:00 999.00  14.82   9.17  13.13   9.97  13.96  14.42  13.66  14.04  13.97  14.96  14.45 999.00  13.96  14.44  17.22  11.71  13.07   7.15  12.90   2.96  15.20  16.08  17.58  14.84  14.72  19.47  16.05  16.89  18.80  19.21
 wrfout_d04_2016-02-04_22:00:00 999.00  14.79   8.94  12.88   9.69  13.61  13.93  13.32  13.68  13.64  14.63  14.39 999.00  14.03  14.12  17.19  12.94  12.93   5.01  12.62   2.64  14.84  15.73  17.48  14.83  14.67  19.41  15.81  16.53  18.89  19.35
 wrfout_d04_2016-02-04_23:00:00 999.00  14.63   8.72  12.70   9.54  13.38  13.80  13.01  13.54  13.35  14.81  14.17 999.00  14.00  13.50  16.91  12.73  13.47   7.91  12.50   2.46  15.44  15.92  17.11  14.47  14.38  19.38  16.14  17.32  18.74  19.50
