 wrfout_d04_2016-04-21_00:00:00 999.00  23.13  21.72  26.43  22.65  26.77  26.24  25.30  26.29  26.49  26.77  27.75 999.00  28.14  28.24  27.03  25.58  27.38  17.21  27.96  11.10  25.90  27.24  26.95  29.41  29.51  27.80  29.10  25.83  26.71  28.56
 wrfout_d04_2016-04-21_01:00:00 999.00  24.00  22.64  27.66  23.65  27.75  27.22  25.07  27.08  28.43  28.16  28.88 999.00  30.34  30.26  27.90  27.12  28.40  17.95  28.95  11.50  26.61  27.57  26.83  30.42  30.24  28.58  29.72  26.87  27.23  29.22
 wrfout_d04_2016-04-21_02:00:00 999.00  23.43  23.52  27.98  24.53  28.57  28.44  26.00  28.45  29.64  29.32  29.44 999.00  31.01  32.13  28.74  28.03  28.87  18.56  30.25  11.81  26.61  28.01  26.64  31.95  31.40  29.23  30.47  27.64  27.87  30.00
 wrfout_d04_2016-04-21_03:00:00 999.00  23.28  24.05  27.92  25.12  28.43  29.88  26.06  30.01  29.66  30.20  30.23 999.00  31.11  33.66  29.25  28.47  29.19  18.97  31.31  12.07  26.53  28.17  26.90  32.95  32.21  29.64  31.10  28.40  28.30  30.50
 wrfout_d04_2016-04-21_04:00:00 999.00  23.24  24.03  27.70  25.21  28.23  30.81  26.49  31.00  29.55  30.93  30.47 999.00  31.22  34.30  29.42  29.16  29.22  19.13  32.18  12.08  26.47  28.21  26.96  33.49  32.57  29.86  31.42  28.96  28.55  30.91
 wrfout_d04_2016-04-21_05:00:00 999.00  23.04  24.09  27.98  25.28  27.76  31.00  26.60  31.82  29.22  31.22  30.48 999.00  31.16  34.70  29.40  29.23  29.20  19.11  32.67  11.91  26.38  28.07  26.96  33.46  32.45  29.81  31.42  29.84  28.61  31.11
 wrfout_d04_2016-04-21_06:00:00 999.00  23.10  23.66  27.93  24.87  26.98  31.02  26.73  31.70  28.98  31.09  30.02 999.00  30.90  34.71  29.26  28.96  29.05  18.78  33.02  11.28  26.33  27.84  26.92  33.13  32.06  29.70  31.14  30.24  28.48  31.02
 wrfout_d04_2016-04-21_07:00:00 999.00  23.05  22.98  27.60  24.21  26.60  30.68  26.31  30.65  28.50  30.57  29.56 999.00  30.30  34.15  28.94  28.30  28.61  18.17  32.53  10.48  26.29  27.69  26.69  32.64  31.53  29.60  30.83  30.08  28.18  30.64
 wrfout_d04_2016-04-21_08:00:00 999.00  23.18  22.27  27.12  23.49  26.52  29.76  25.71  29.98  27.80  29.84  28.97 999.00  29.54  33.05  28.34  27.36  27.64  17.22  31.64   9.69  26.26  27.53  26.63  31.75  30.87  29.35  30.42  29.29  27.70  30.13
 wrfout_d04_2016-04-21_09:00:00 999.00  23.40  21.49  26.40  22.66  26.24  28.81  25.05  29.03  26.97  28.83  27.88 999.00  28.74  31.66  27.84  25.84  26.32  15.74  30.24   8.85  26.15  27.43  26.73  30.82  29.76  29.15  29.90  27.75  26.95  29.40
 wrfout_d04_2016-04-21_10:00:00 999.00  23.17  20.94  25.34  21.86  25.70  27.82  24.66  28.09  26.31  27.70  27.12 999.00  27.89  30.19  27.58  24.05  25.47  14.52  28.69   8.22  26.04  27.23  26.31  29.40  28.77  28.83  29.23  25.87  25.84  28.48
 wrfout_d04_2016-04-21_11:00:00 999.00  23.15  20.73  24.54  21.57  25.15  27.26  24.61  28.22  26.17  26.77  27.02 999.00  27.52  29.15  27.47  23.05  25.18  14.18  27.56   8.23  25.96  27.10  25.04  28.77  27.99  28.36  28.82  25.25  25.58  28.00
 wrfout_d04_2016-04-21_12:00:00 999.00  23.30  20.74  24.26  21.43  24.62  26.92  24.58  27.27  26.00  26.48  26.89 999.00  27.52  28.56  27.40  22.20  25.02  14.14  27.10   8.22  25.80  27.03  24.75  28.17  27.74  28.26  28.75  25.17  25.53  27.78
 wrfout_d04_2016-04-21_13:00:00 999.00  23.35  20.80  23.97  21.39  24.20  26.16  24.42  26.26  25.91  26.37  26.73 999.00  27.48  28.10  27.32  21.76  25.08  14.06  26.71   8.17  25.70  26.95  24.54  28.06  27.59  28.26  28.56  25.06  25.51  27.38
 wrfout_d04_2016-04-21_14:00:00 999.00  23.55  20.77  23.94  21.28  23.65  25.52  24.27  25.66  25.59  26.21  26.17 999.00  27.27  27.60  27.20  21.17  25.19  13.90  26.31   8.14  25.74  26.85  24.41  27.80  27.28  27.92  28.27  24.88  25.43  26.96
 wrfout_d04_2016-04-21_15:00:00 999.00  23.22  20.69  23.31  21.23  23.37  25.02  24.07  25.12  24.83  25.95  25.76 999.00  27.07  27.20  26.86  20.61  24.59  13.81  25.61   8.17  25.62  26.69  24.25  27.40  26.92  27.48  27.89  24.53  25.30  26.58
 wrfout_d04_2016-04-21_16:00:00 999.00  22.85  20.56  23.87  21.18  23.03  24.57  23.95  24.59  24.13  25.35  25.42 999.00  26.73  26.79  26.63  20.22  24.34  13.67  25.15   8.23  25.41  26.63  24.07  26.99  26.69  27.39  27.59  23.89  25.22  26.28
 wrfout_d04_2016-04-21_17:00:00 999.00  22.73  20.50  23.97  21.03  22.78  24.14  23.54  24.17  24.19  24.92  25.04 999.00  26.33  26.33  26.40  19.83  24.16  13.51  24.92   8.17  25.17  26.52  24.17  26.79  26.35  27.29  27.38  23.43  25.16  26.14
 wrfout_d04_2016-04-21_18:00:00 999.00  22.63  20.41  23.61  20.93  22.54  24.41  23.57  23.71  24.39  24.45  24.63 999.00  25.79  25.99  26.39  19.47  23.99  13.21  24.60   7.94  24.91  26.47  24.08  26.43  26.09  26.60  27.01  22.78  25.12  25.89
 wrfout_d04_2016-04-21_19:00:00 999.00  22.23  20.25  23.29  20.78  22.99  24.37  23.53  23.59  24.03  24.07  24.22 999.00  25.41  25.60  25.97  19.14  23.68  12.87  24.36   7.69  24.58  26.37  24.01  25.89  25.60  26.50  26.95  22.47  25.06  25.72
 wrfout_d04_2016-04-21_20:00:00 999.00  22.08  19.93  23.00  20.51  22.88  24.29  22.79  24.49  23.56  23.82  23.98 999.00  25.09  25.29  25.24  18.80  23.32  12.77  24.10   7.63  24.06  26.14  23.83  25.39  25.18  26.04  26.93  22.13  25.03  25.56
 wrfout_d04_2016-04-21_21:00:00 999.00  22.06  19.84  22.81  20.45  22.59  24.10  22.31  24.34  23.65  23.61  24.17 999.00  25.29  25.03  25.21  18.54  23.20  12.68  23.87   7.64  24.74  25.89  23.69  25.28  25.04  25.59  26.98  21.78  25.03  25.51
 wrfout_d04_2016-04-21_22:00:00 999.00  21.99  19.86  22.30  20.49  22.92  24.05  21.96  24.57  22.74  24.28  24.63 999.00  25.16  24.94  26.08  20.14  23.31  13.50  23.68   8.12  24.83  24.99  24.72  24.83  24.92  26.23  27.10  22.95  25.44  25.72
 wrfout_d04_2016-04-21_23:00:00 999.00  22.00  20.94  23.16  21.89  24.08  24.91  21.77  25.75  22.54  25.40  25.20 999.00  26.13  25.93  26.98  24.65  23.35  15.49  24.39   9.59  24.39  24.98  27.11  25.06  25.23  27.64  27.97  26.95  26.58  26.93
