 wrfout_d04_2016-02-19_00:00:00 999.00  19.69  15.13  18.50  16.08  18.61  18.39  16.35  18.38  15.71  19.39  19.45 999.00  17.07  17.28  21.55  18.49  18.37   9.33  15.81   3.13  20.21  18.93  21.46  17.55  17.89  22.21  20.30  22.25  22.35  22.75
 wrfout_d04_2016-02-19_01:00:00 999.00  19.73  15.44  18.66  16.26  19.62  18.92  16.96  19.26  17.44  21.16  20.66 999.00  17.63  17.53  22.80  20.89  18.35  10.89  17.33   4.62  19.89  19.54  22.27  18.29  18.63  24.10  22.52  22.85  23.18  24.38
 wrfout_d04_2016-02-19_02:00:00 999.00  19.74  16.54  20.47  17.63  20.78  20.68  16.87  21.08  19.96  22.49  21.61 999.00  18.17  19.04  23.50  21.09  18.31  12.06  18.69   6.01  19.75  19.93  23.08  21.92  22.16  24.97  24.67  23.09  23.86  25.64
 wrfout_d04_2016-02-19_03:00:00 999.00  19.63  17.40  20.06  18.51  21.29  22.19  17.66  22.56  19.59  22.67  22.42 999.00  17.38  21.81  23.85  21.39  18.42  12.79  20.20   6.89  19.80  20.28  23.76  23.09  23.11  25.54  25.49  24.54  24.27  26.50
 wrfout_d04_2016-02-19_04:00:00 999.00  19.46  17.12  19.01  18.74  21.47  21.30  17.06  22.10  19.88  23.49  23.10 999.00  17.84  23.45  23.84  21.32  18.73  13.03  21.25   6.89  19.67  20.52  23.97  23.53  23.57  25.82  25.71  24.72  24.80  26.54
 wrfout_d04_2016-02-19_05:00:00 999.00  19.32  16.88  17.42  18.45  20.39  20.53  16.10  21.73  18.26  24.54  23.20 999.00  17.23  23.86  24.04  21.38  18.60  12.90  22.56   4.14  19.85  20.60  24.13  23.80  23.86  25.90  25.84  24.69  24.90  26.39
 wrfout_d04_2016-02-19_06:00:00 999.00  19.12  14.67  17.00  17.45  19.96  18.96  15.74  19.26  17.23  21.91  21.63 999.00  17.18  23.83  23.93  21.18  18.80  12.57  22.74   3.76  19.57  20.38  23.95  22.98  23.06  25.91  25.81  24.61  24.63  26.02
 wrfout_d04_2016-02-19_07:00:00 999.00  19.08  13.34  16.76  16.29  18.80  18.49  15.17  18.00  16.97  21.31  20.30 999.00  16.92  22.99  23.25  20.60  18.85  11.88  22.45   4.44  19.85  20.24  23.91  21.96  22.30  25.35  25.57  24.27  24.24  25.51
 wrfout_d04_2016-02-19_08:00:00 999.00  18.42  12.88  16.00  15.27  17.83  17.78  14.68  17.48  15.66  21.07  20.60 999.00  16.49  22.02  23.00  19.48  18.39  10.82  21.80   3.36  19.74  20.11  23.78  21.35  21.89  25.05  24.60  23.64  23.70  24.87
 wrfout_d04_2016-02-19_09:00:00 999.00  17.92  11.99  15.23  13.02  16.48  16.81  14.68  16.50  14.81  19.74  20.99 999.00  16.10  19.45  22.64  17.88  17.84   9.44  19.95   2.28  19.11  20.24  23.09  20.54  20.91  24.85  23.55  23.27  22.89  24.34
 wrfout_d04_2016-02-19_10:00:00 999.00  17.02  11.58  15.27  12.48  15.90  16.44  14.74  16.12  14.99  18.79  19.29 999.00  15.68  17.03  21.89  14.54  17.42   5.23  18.22   1.29  18.85  20.15  21.97  19.66  20.04  24.30  22.91  20.19  21.27  23.63
 wrfout_d04_2016-02-19_11:00:00 999.00  16.90  11.23  15.25  12.13  15.48  16.30  14.82  16.24  14.97  17.99  18.41 999.00  15.29  16.34  21.90  13.51  17.14   4.86  16.46   0.36  18.61  19.41  21.57  18.99  19.38  24.01  22.62  19.25  20.60  22.83
 wrfout_d04_2016-02-19_12:00:00 999.00  17.01  10.97  15.00  11.80  15.52  16.06  14.68  16.07  14.97  17.61  17.92 999.00  15.16  16.23  21.68  13.03  17.41   4.49  16.26   0.29  18.44  18.74  20.89  18.15  18.37  23.81  22.15  18.95  20.16  21.74
 wrfout_d04_2016-02-19_13:00:00 999.00  16.69  10.58  14.24  11.50  15.33  15.61  14.17  15.62  14.59  16.99  16.99 999.00  15.16  15.89  20.94  12.81  17.65   4.24  15.86   0.21  18.55  18.62  20.46  17.82  17.99  23.34  21.44  18.58  19.88  20.96
 wrfout_d04_2016-02-19_14:00:00 999.00  16.61  10.26  13.87  11.14  14.84  14.97  14.28  14.91  14.30  15.99  16.27 999.00  15.47  15.85  20.37  12.34  17.53   4.18  15.64   0.38  19.17  18.83  19.95  17.10  17.38  22.50  20.41  18.13  19.93  20.51
 wrfout_d04_2016-02-19_15:00:00 999.00  16.39  10.19  13.87  11.07  14.51  14.75  14.04  14.79  14.48  15.55  15.70 999.00  15.48  15.85  20.33  11.74  17.28   4.00  15.37   0.53  18.72  18.85  20.71  16.74  16.95  22.62  19.50  17.75  19.49  19.90
 wrfout_d04_2016-02-19_16:00:00 999.00  16.54   9.97  13.94  10.84  14.63  14.78  14.07  14.77  14.14  14.75  15.45 999.00  15.44  15.72  20.19  11.53  17.16   3.67  15.15   0.51  18.76  18.50  19.71  16.78  16.95  22.00  18.82  18.48  18.18  19.69
 wrfout_d04_2016-02-19_17:00:00 999.00  16.27   9.72  13.78  10.57  14.54  14.66  14.39  14.81  14.22  14.41  14.81 999.00  15.44  15.58  20.00  11.22  16.92   3.75  14.81   0.82  18.54  18.54  19.20  16.69  16.80  21.62  18.68  18.65  17.79  20.25
 wrfout_d04_2016-02-19_18:00:00 999.00  16.44   9.64  13.81  10.48  14.65  14.64  14.20  14.78  14.10  13.60  14.42 999.00  15.14  15.69  19.86  11.01  16.98   4.07  14.78   1.18  18.08  18.29  18.62  16.52  16.64  21.09  18.63  18.29  17.87  20.50
 wrfout_d04_2016-02-19_19:00:00 999.00  16.49   9.19  13.73  10.28  14.81  14.58  14.17  14.48  14.02  14.51  14.50 999.00  14.75  15.40  19.32  10.56  16.87   4.00  14.24   1.38  18.55  18.02  18.20  16.36  16.42  20.81  18.29  18.07  20.35  21.03
 wrfout_d04_2016-02-19_20:00:00 999.00  16.40   9.03  13.50  10.16  14.65  14.51  14.19  14.41  13.86  13.11  14.55 999.00  15.03  14.86  19.04  10.46  16.36   3.79  14.04   1.45  18.39  17.78  18.16  16.16  16.20  20.43  18.24  17.69  20.07  20.71
 wrfout_d04_2016-02-19_21:00:00 999.00  16.18   9.06  13.54  10.17  14.60  14.46  14.15  14.36  13.89  14.42  14.35 999.00  14.78  14.39  18.85  10.44  16.60   3.69  13.70   2.09  18.38  17.77  18.06  15.97  16.02  20.35  17.82  18.28  19.82  19.69
 wrfout_d04_2016-02-19_22:00:00 999.00  16.07   8.75  13.41   9.95  14.57  14.35  14.26  14.33  13.77  14.69  14.18 999.00  14.78  14.24  18.69  11.91  16.09   5.78  13.48   1.85  18.37  17.76  18.08  15.71  15.74  20.36  17.64  17.29  19.98  19.86
 wrfout_d04_2016-02-19_23:00:00 999.00  15.90   8.55  13.23   9.90  14.52  14.41  14.18  14.37  13.92  14.92  14.34 999.00  14.82  14.35  18.43  12.58  15.87   7.77  13.23   2.17  17.95  17.34  17.74  15.43  15.53  20.34  17.48  18.40  19.96  20.29
