 wrfout_d04_2016-10-13_00:00:00 999.00  25.65  19.13  24.89  20.93  24.69  25.81  25.40  25.63  25.77  23.92  24.77 999.00  26.02  26.22  27.28  22.88  26.28  18.04  24.97  11.03  26.22  25.35  26.59  25.81  26.16  28.11  28.22  25.55  26.41  27.49
 wrfout_d04_2016-10-13_01:00:00 999.00  25.66  19.86  25.83  21.64  24.81  27.24  26.02  27.03  27.13  24.18  26.14 999.00  27.24  28.00  28.10  23.83  26.32  17.75  26.52  12.10  25.99  25.60  27.39  27.78  28.01  29.17  29.26  26.46  27.18  28.44
 wrfout_d04_2016-10-13_02:00:00 999.00  25.65  20.47  26.96  22.07  25.21  27.18  26.40  26.79  28.14  25.38  25.15 999.00  28.55  29.34  28.66  24.67  26.32  18.37  27.81  12.82  26.00  26.04  27.71  29.34  29.60  29.97  29.74  27.14  27.53  29.29
 wrfout_d04_2016-10-13_03:00:00 999.00  25.62  20.77  27.27  22.35  25.39  28.20  26.48  27.01  28.56  25.58  24.84 999.00  29.12  29.94  28.83  25.97  26.21  18.84  28.84  12.95  26.12  26.34  28.08  30.73  30.84  30.38  30.23  27.59  27.81  29.79
 wrfout_d04_2016-10-13_04:00:00 999.00  25.50  20.48  27.20  22.23  25.37  28.18  26.51  26.52  28.92  25.26  24.90 999.00  28.54  30.89  28.95  25.18  26.36  19.02  29.76  12.80  26.12  26.76  28.11  31.77  31.46  30.38  30.27  27.82  27.96  30.19
 wrfout_d04_2016-10-13_05:00:00 999.00  25.43  20.11  27.04  21.94  25.13  27.37  26.21  26.40  28.66  26.01  25.06 999.00  28.42  31.80  28.84  26.79  27.39  17.64  30.42  10.87  26.14  27.04  27.83  32.15  31.79  30.08  30.28  27.77  27.78  30.35
 wrfout_d04_2016-10-13_06:00:00 999.00  25.38  19.85  26.70  21.64  25.00  26.65  25.93  25.93  28.22  25.79  25.01 999.00  28.10  31.82  28.60  26.81  27.27  17.13  29.99  10.54  26.11  27.12  27.50  32.02  31.72  29.61  30.14  27.53  27.46  30.09
 wrfout_d04_2016-10-13_07:00:00 999.00  25.37  19.71  25.68  21.19  24.83  26.07  25.51  25.49  27.61  25.44  24.82 999.00  27.64  31.04  28.11  26.47  26.94  16.79  29.86  10.70  25.89  27.14  26.88  31.18  30.95  29.20  29.91  26.93  27.11  29.51
 wrfout_d04_2016-10-13_08:00:00 999.00  25.38  19.19  25.01  20.61  24.81  25.62  24.99  25.13  26.74  24.98  24.52 999.00  27.06  29.69  27.48  25.63  26.48  15.61  28.12  10.35  25.90  27.09  26.41  30.44  30.38  28.44  29.77  26.25  26.44  28.92
 wrfout_d04_2016-10-13_09:00:00 999.00  25.39  18.66  24.06  19.82  24.58  25.15  24.34  24.84  25.41  24.70  24.29 999.00  26.01  27.81  26.81  24.07  25.91  15.51  27.06   9.98  25.93  27.02  25.70  29.16  29.20  27.47  29.53  25.11  25.60  27.94
 wrfout_d04_2016-10-13_10:00:00 999.00  25.42  18.38  23.80  19.64  24.58  25.09  24.27  24.69  24.77  24.40  24.13 999.00  25.39  25.87  26.23  22.18  25.56  13.72  25.77   7.30  25.86  26.92  25.43  27.98  28.00  27.12  29.51  24.45  25.32  27.23
 wrfout_d04_2016-10-13_11:00:00 999.00  25.50  18.55  23.28  19.72  24.55  25.10  24.33  24.68  24.59  23.95  23.90 999.00  24.87  25.22  26.01  21.44  25.46  13.47  24.95   6.82  25.86  26.40  25.39  26.82  27.01  26.84  29.60  24.08  25.39  27.05
 wrfout_d04_2016-10-13_12:00:00 999.00  25.71  18.39  22.22  19.73  24.52  25.10  24.32  24.69  24.50  23.69  23.76 999.00  24.77  24.75  26.24  20.91  25.43  13.22  24.45   6.36  25.87  26.15  25.37  26.15  26.24  26.71  29.41  23.53  25.18  26.72
 wrfout_d04_2016-10-13_13:00:00 999.00  25.72  18.71  23.60  19.77  24.63  25.17  24.37  24.71  24.50  23.70  23.66 999.00  24.64  24.61  26.71  20.38  25.34  12.84  23.98   5.99  25.86  25.87  25.23  25.66  25.75  26.71  29.34  23.13  25.10  26.32
 wrfout_d04_2016-10-13_14:00:00 999.00  25.65  18.75  23.77  19.75  24.70  25.00  24.46  24.50  24.46  23.77  23.54 999.00  24.53  24.52  26.69  20.13  25.28  12.39  23.52   6.65  25.90  25.66  24.93  25.23  25.41  26.53  29.02  22.93  25.30  26.02
 wrfout_d04_2016-10-13_15:00:00 999.00  25.53  18.76  23.92  19.78  24.64  25.03  24.31  24.44  24.32  23.73  23.66 999.00  24.40  24.44  26.61  19.80  25.25  12.10  22.99   5.41  25.93  25.56  25.06  24.91  25.11  26.37  28.11  22.64  25.23  25.79
 wrfout_d04_2016-10-13_16:00:00 999.00  25.45  18.69  23.94  19.74  24.51  24.94  24.20  24.43  24.19  23.62  23.65 999.00  24.30  24.29  26.38  19.52  25.22  11.84  22.58   5.18  25.91  25.57  24.90  24.51  24.82  26.44  27.51  22.64  25.14  25.62
 wrfout_d04_2016-10-13_17:00:00 999.00  25.43  18.68  23.63  19.71  24.36  24.82  24.16  24.51  24.03  23.05  23.34 999.00  24.19  24.12  26.61  19.27  25.07  11.47  22.53   4.96  25.84  25.36  25.10  24.04  24.45  26.32  26.81  22.48  25.08  25.68
 wrfout_d04_2016-10-13_18:00:00 999.00  25.40  18.61  23.53  19.86  24.39  24.90  24.19  24.59  24.05  22.96  23.32 999.00  24.09  23.85  26.31  19.03  24.97  11.14  22.28   5.65  25.78  25.25  25.01  23.68  23.94  26.28  26.50  22.45  25.09  25.71
 wrfout_d04_2016-10-13_19:00:00 999.00  25.40  18.67  23.54  19.79  24.36  24.71  24.00  24.26  23.96  22.65  23.30 999.00  23.97  23.69  26.30  18.76  25.07  10.81  22.18   6.55  25.75  25.17  24.87  23.56  23.67  26.17  26.45  22.30  25.12  25.65
 wrfout_d04_2016-10-13_20:00:00 999.00  25.38  18.73  23.38  19.78  24.35  24.96  24.03  24.22  24.17  22.94  23.33 999.00  23.87  23.41  26.24  18.55  25.00  10.58  21.85   6.59  25.75  24.95  24.97  23.36  23.45  26.30  26.26  22.25  25.18  25.56
 wrfout_d04_2016-10-13_21:00:00 999.00  25.40  18.78  23.82  19.90  24.38  24.80  24.00  24.20  24.03  23.01  23.48 999.00  23.88  22.96  26.28  18.36  25.04  10.40  21.65   6.60  25.71  24.83  24.85  23.02  23.17  26.13  26.02  22.24  25.24  25.47
 wrfout_d04_2016-10-13_22:00:00 999.00  25.40  18.78  22.62  19.70  24.35  24.71  24.26  24.31  23.89  23.27  23.66 999.00  24.01  22.80  26.23  18.22  25.16  10.33  21.62   6.79  25.74  24.60  25.09  22.83  22.97  26.06  26.03  22.18  25.45  25.48
 wrfout_d04_2016-10-13_23:00:00 999.00  25.36  18.92  24.48  20.52  24.44  24.76  24.61  24.51  24.61  23.63  23.75 999.00  24.82  24.10  26.63  22.66  25.30  15.83  22.20   9.75  25.68  24.71  26.03  23.54  23.74  27.14  26.59  24.57  26.03  26.48
