 wrfout_d04_2016-09-15_00:00:00 999.00  28.34  22.24  26.34  23.15  27.98  27.77  26.15  27.40  26.92  28.34  27.92 999.00  29.09  29.00  28.55  22.22  28.47  16.29  27.51  10.82  28.60  29.12  28.05  29.78  29.71  29.20  29.78  26.88  27.28  28.57
 wrfout_d04_2016-09-15_01:00:00 999.00  28.49  22.57  26.71  23.56  28.02  28.84  28.03  28.75  28.72  29.24  29.22 999.00  30.03  29.24  30.27  23.29  28.72  18.87  29.68  10.75  28.93  29.06  27.64  31.36  31.15  29.13  30.63  26.86  27.37  29.12
 wrfout_d04_2016-09-15_02:00:00 999.00  28.56  22.41  26.74  23.29  28.51  28.28  28.27  28.44  29.21  29.17  29.29 999.00  32.03  31.54  29.22  24.28  29.12  19.57  30.96  10.83  28.98  29.58  27.47  32.63  32.48  29.96  31.36  27.81  28.67  30.59
 wrfout_d04_2016-09-15_03:00:00 999.00  28.54  22.72  26.77  23.84  30.12  28.78  29.11  29.22  29.60  30.32  29.50 999.00  34.01  33.24  29.59  24.77  29.73  19.60  31.90  11.71  29.01  29.80  28.70  33.36  33.01  29.97  31.99  27.77  29.06  31.14
 wrfout_d04_2016-09-15_04:00:00 999.00  28.57  22.60  26.99  23.65  29.57  28.90  28.92  29.08  29.99  30.91  30.11 999.00  34.17  34.37  29.69  26.19  29.17  20.08  32.44  11.03  29.05  29.70  29.21  34.04  33.31  31.05  32.28  27.64  29.15  31.37
 wrfout_d04_2016-09-15_05:00:00 999.00  28.53  22.92  27.36  23.92  29.85  29.43  28.34  29.21  30.34  30.92  30.11 999.00  34.17  34.69  29.11  27.01  29.56  20.50  32.75  11.78  29.05  29.64  29.57  34.32  33.33  31.28  32.36  28.29  29.20  31.48
 wrfout_d04_2016-09-15_06:00:00 999.00  28.51  22.74  26.81  23.90  28.78  28.67  30.26  28.65  30.81  29.74  30.03 999.00  34.18  34.90  30.83  27.40  30.16  20.39  32.71  12.93  29.03  29.58  29.31  34.16  33.09  31.12  32.23  28.58  29.06  31.28
 wrfout_d04_2016-09-15_07:00:00 999.00  28.50  22.59  27.49  23.74  28.55  29.49  29.78  29.43  31.57  30.11  29.60 999.00  33.70  34.70  30.80  27.67  30.09  20.26  32.35  11.78  29.13  29.48  29.29  33.70  32.60  30.90  32.04  28.31  28.69  30.87
 wrfout_d04_2016-09-15_08:00:00 999.00  28.48  22.65  26.77  23.62  29.25  29.64  28.41  29.29  31.00  29.75  29.04 999.00  32.23  32.36  30.40  27.22  29.72  19.48  31.80  11.74  29.02  29.41  28.86  32.81  31.87  29.95  31.66  27.51  28.27  30.24
 wrfout_d04_2016-09-15_09:00:00 999.00  28.49  22.54  26.61  23.48  28.58  29.54  28.30  28.33  30.13  28.91  28.47 999.00  31.22  30.64  29.69  26.53  29.31  18.22  30.80  10.61  28.99  29.32  28.38  31.79  30.94  29.77  31.13  26.76  27.53  29.49
 wrfout_d04_2016-09-15_10:00:00 999.00  28.50  22.35  26.36  23.27  27.95  28.34  26.56  28.48  29.45  28.54  28.08 999.00  30.25  29.70  29.00  23.89  28.79  15.26  29.80   9.94  29.00  29.23  27.17  30.77  30.09  29.11  30.53  25.89  26.25  28.73
 wrfout_d04_2016-09-15_11:00:00 999.00  28.46  22.28  26.24  23.23  27.78  28.12  26.27  28.09  28.67  28.40  28.12 999.00  29.68  29.47  28.29  23.24  28.64  15.12  29.15   9.91  28.99  29.16  26.78  30.13  29.68  28.72  30.17  25.57  26.00  28.39
 wrfout_d04_2016-09-15_12:00:00 999.00  28.42  22.28  26.35  23.21  27.78  27.49  26.07  27.56  28.09  28.31  27.89 999.00  29.52  29.10  28.15  23.04  28.56  14.93  28.71  10.01  28.97  29.15  26.53  29.82  29.41  28.32  29.90  25.20  25.92  28.15
 wrfout_d04_2016-09-15_13:00:00 999.00  28.41  22.31  26.47  23.24  27.72  27.09  25.89  27.17  27.52  28.11  27.67 999.00  29.27  28.75  27.97  22.63  28.50  14.52  28.33   9.88  29.00  29.19  26.21  30.13  29.67  27.75  29.78  24.90  25.81  27.92
 wrfout_d04_2016-09-15_14:00:00 999.00  28.41  22.28  26.48  23.20  27.61  27.02  25.74  26.60  27.11  27.85  27.41 999.00  28.94  28.66  27.87  22.22  28.43  14.26  28.08   9.70  28.79  29.33  25.99  29.81  29.42  27.63  29.65  24.71  25.72  27.70
 wrfout_d04_2016-09-15_15:00:00 999.00  28.33  22.13  26.33  23.03  27.11  26.74  25.41  25.80  26.70  27.62  27.24 999.00  28.61  28.45  27.66  21.61  28.29  13.99  27.92   9.52  28.71  29.27  25.74  29.45  29.03  27.50  29.47  24.53  25.66  27.50
 wrfout_d04_2016-09-15_16:00:00 999.00  28.23  21.99  26.16  22.87  26.13  26.21  25.50  25.38  26.11  27.31  27.12 999.00  28.35  28.30  27.15  21.21  28.14  14.86  27.37   9.44  28.75  29.22  25.47  29.02  28.70  27.36  29.22  24.23  25.56  27.33
 wrfout_d04_2016-09-15_17:00:00 999.00  28.12  21.89  26.06  22.77  26.28  25.78  25.45  25.20  25.82  27.04  27.00 999.00  28.00  27.64  26.82  20.90  28.16  14.55  26.96   9.44  28.83  29.07  25.25  27.81  28.34  27.06  29.24  24.01  25.55  27.25
 wrfout_d04_2016-09-15_18:00:00 999.00  28.08  21.85  25.79  22.72  25.59  25.44  25.33  24.71  25.51  26.60  26.94 999.00  27.59  27.15  26.61  20.63  28.17  13.43  26.17   9.45  28.90  28.77  25.09  27.00  27.48  26.67  29.34  23.81  25.60  27.11
 wrfout_d04_2016-09-15_19:00:00 999.00  28.02  21.82  25.80  22.70  25.35  25.01  25.06  24.37  25.28  26.42  26.93 999.00  27.40  26.71  26.27  20.50  28.22  12.88  25.62   9.43  28.88  27.82  24.96  26.65  26.66  26.35  29.56  23.78  25.66  26.88
 wrfout_d04_2016-09-15_20:00:00 999.00  27.99  21.87  25.77  22.71  25.08  24.76  24.81  24.16  24.93  26.48  26.73 999.00  26.91  26.29  26.00  20.26  28.28  12.53  25.61   9.37  28.85  27.80  24.89  26.31  26.39  26.13  29.75  23.69  25.75  26.71
 wrfout_d04_2016-09-15_21:00:00 999.00  28.00  21.92  25.69  22.70  24.86  24.65  24.63  24.07  24.62  26.14  26.62 999.00  26.60  25.97  25.68  20.04  28.12  12.39  25.40   9.38  28.93  27.25  24.80  25.98  25.95  25.93  27.77  23.62  25.86  26.68
 wrfout_d04_2016-09-15_22:00:00 999.00  28.02  21.93  25.30  22.72  25.39  24.59  24.82  24.35  24.88  26.51  26.70 999.00  26.57  26.05  25.91  20.31  27.86  12.56  25.44   9.46  28.91  26.90  25.44  26.43  25.89  26.11  27.95  23.71  26.08  26.77
 wrfout_d04_2016-09-15_23:00:00 999.00  28.04  22.57  26.87  23.50  27.69  26.78  26.73  26.34  26.41  27.96  27.63 999.00  28.17  27.62  27.98  23.33  28.60  16.92  26.27  10.95  28.82  27.30  27.65  27.71  27.93  28.44  28.80  25.94  27.02  27.79
