 wrfout_d04_2016-08-13_00:00:00 999.00  28.86  23.12  28.61  24.35  28.30  28.61  27.29  27.60  26.50  27.40  27.17 999.00  26.76  25.81  25.66  21.82  25.51  15.96  25.22  10.94  27.15  25.34  25.69  24.87  24.79  26.42  28.58  25.58  26.28  28.28
 wrfout_d04_2016-08-13_01:00:00 999.00  29.23  23.90  28.89  25.03  29.28  29.88  27.75  29.69  27.37  28.18  27.55 999.00  26.63  25.55  26.59  22.46  26.90  16.28  25.50  10.42  27.31  25.71  25.45  24.26  24.17  25.07  28.17  24.97  26.10  27.88
 wrfout_d04_2016-08-13_02:00:00 999.00  29.17  24.64  29.52  25.47  29.73  30.02  27.82  30.02  29.04  28.66  27.68 999.00  26.53  25.53  26.49  22.83  28.03  17.08  26.58  10.74  27.28  26.19  25.00  25.58  25.19  24.47  27.81  25.37  26.40  28.34
 wrfout_d04_2016-08-13_03:00:00 999.00  29.26  25.01  30.13  26.01  30.04  30.80  27.91  30.87  30.05  29.12  27.91 999.00  26.49  26.53  26.84  22.93  27.72  16.23  26.68  10.51  27.57  27.14  25.31  25.99  25.94  24.52  28.49  25.80  27.14  28.56
 wrfout_d04_2016-08-13_04:00:00 999.00  29.32  26.61  31.92  27.89  30.97  32.39  28.65  32.32  29.13  29.29  28.25 999.00  27.17  27.64  27.06  23.27  28.15  17.46  26.91  10.83  27.79  26.74  25.46  26.04  25.77  24.68  28.83  26.06  27.32  28.75
 wrfout_d04_2016-08-13_05:00:00 999.00  29.28  25.93  30.99  27.05  30.97  31.63  27.91  31.41  28.71  29.25  27.50 999.00  27.70  28.39  26.62  23.02  27.79  17.56  27.46  11.01  27.33  26.55  25.47  26.81  25.64  25.41  28.68  26.09  27.33  28.66
 wrfout_d04_2016-08-13_06:00:00 999.00  29.24  24.77  30.18  25.89  30.24  30.89  27.84  30.43  28.47  28.64  27.50 999.00  28.65  28.93  26.44  22.85  28.45  16.91  26.91  10.94  27.27  27.05  26.06  26.15  26.03  25.88  29.01  26.05  27.02  28.60
 wrfout_d04_2016-08-13_07:00:00 999.00  29.27  23.94  29.01  25.04  29.67  30.29  27.45  29.89  28.00  28.31  27.56 999.00  28.52  28.80  26.56  23.11  27.51  16.13  25.79  11.05  27.37  27.79  26.59  26.39  26.97  26.58  28.87  24.92  26.73  28.72
 wrfout_d04_2016-08-13_08:00:00 999.00  29.24  23.47  28.48  24.49  28.98  29.65  27.15  29.32  27.44  28.21  27.70 999.00  26.56  27.54  26.40  22.36  27.17  15.48  26.42  10.85  27.81  27.77  25.20  25.42  25.54  25.40  28.95  25.83  26.55  28.74
 wrfout_d04_2016-08-13_09:00:00 999.00  29.24  23.29  28.05  24.34  28.82  29.36  26.92  29.04  27.24  28.32  27.78 999.00  26.60  27.05  26.27  21.74  26.18  15.94  26.96  10.83  27.69  27.10  25.54  25.85  25.69  24.98  29.48  25.22  26.41  28.48
 wrfout_d04_2016-08-13_10:00:00 999.00  29.28  22.89  27.71  24.02  28.39  28.99  26.78  28.87  27.01  27.92  27.29 999.00  26.30  26.52  25.89  21.82  26.52  15.40  26.77  10.52  28.01  27.77  25.59  25.50  25.40  24.68  29.24  25.08  26.41  28.27
 wrfout_d04_2016-08-13_11:00:00 999.00  29.27  22.72  27.64  23.77  27.97  28.58  26.59  28.63  26.90  27.63  27.37 999.00  26.17  26.04  26.05  21.57  27.33  15.21  26.62  10.55  27.99  26.71  25.22  24.77  24.73  24.91  29.21  25.49  26.38  28.97
 wrfout_d04_2016-08-13_12:00:00 999.00  29.27  22.74  27.61  23.79  27.83  28.29  26.67  28.27  26.91  27.63  27.36 999.00  25.99  25.61  26.07  21.52  27.33  15.42  26.30  10.50  28.02  27.22  25.39  24.51  24.46  24.96  29.45  25.01  26.35  28.64
 wrfout_d04_2016-08-13_13:00:00 999.00  29.31  22.58  27.73  23.71  27.68  28.18  26.81  28.19  26.79  27.65  27.28 999.00  25.87  25.41  25.81  21.40  27.26  15.48  26.72  10.53  28.31  27.02  25.45  24.47  24.38  25.16  29.14  24.94  26.21  28.88
 wrfout_d04_2016-08-13_14:00:00 999.00  29.20  22.57  27.62  23.72  27.61  28.08  26.89  27.79  26.70  27.49  27.05 999.00  25.63  25.21  26.04  21.36  27.30  15.29  26.31  10.36  28.55  26.50  25.66  24.38  24.14  25.48  28.79  24.97  26.39  28.61
 wrfout_d04_2016-08-13_15:00:00 999.00  29.20  22.40  27.18  23.43  27.45  27.90  27.21  27.17  26.50  27.23  27.30 999.00  25.62  25.26  25.65  21.15  27.77  14.78  26.08  10.25  28.50  26.34  25.68  24.31  24.21  24.64  29.10  25.29  26.35  28.25
 wrfout_d04_2016-08-13_16:00:00 999.00  29.17  22.15  26.60  23.05  27.32  27.40  27.17  27.20  26.33  27.05  27.24 999.00  25.36  25.17  25.42  21.10  27.84  15.10  25.61  10.09  28.58  26.28  25.65  24.43  24.27  25.51  29.10  25.16  26.22  27.70
 wrfout_d04_2016-08-13_17:00:00 999.00  29.13  22.02  26.24  22.83  27.16  27.13  26.77  27.50  26.31  27.10  27.16 999.00  25.53  24.95  25.11  21.02  27.68  15.02  25.59  10.29  28.76  26.46  25.87  24.40  24.35  25.36  29.14  25.52  26.13  27.67
 wrfout_d04_2016-08-13_18:00:00 999.00  29.10  22.19  25.80  22.96  26.99  26.93  26.78  27.06  26.04  26.99  27.10 999.00  25.49  25.03  24.98  21.04  27.48  15.05  25.20  10.29  28.87  26.04  25.86  24.19  24.17  25.12  28.43  25.38  26.08  26.99
 wrfout_d04_2016-08-13_19:00:00 999.00  29.10  22.22  25.49  22.97  27.01  26.94  26.63  26.78  25.72  26.97  26.96 999.00  25.35  24.84  25.36  20.59  27.69  14.87  25.45  10.39  28.79  26.03  26.02  24.20  24.26  25.28  28.53  25.05  26.02  26.72
 wrfout_d04_2016-08-13_20:00:00 999.00  29.13  22.10  25.19  22.90  26.81  26.45  26.22  26.22  25.58  26.84  26.13 999.00  25.11  24.76  25.64  20.54  27.24  14.18  25.21  10.29  28.63  25.96  25.91  24.55  24.24  25.43  28.20  24.36  26.12  26.57
 wrfout_d04_2016-08-13_21:00:00 999.00  29.11  22.09  25.24  22.96  26.55  26.19  25.51  26.01  25.44  26.79  26.01 999.00  24.80  24.18  25.85  20.33  27.05  13.92  25.15  10.23  28.96  25.97  25.88  24.61  24.66  25.50  27.99  24.91  26.17  26.35
 wrfout_d04_2016-08-13_22:00:00 999.00  29.11  22.33  25.82  23.22  27.11  26.20  26.13  26.18  25.58  27.01  26.92 999.00  25.19  24.69  26.00  21.21  27.39  14.32  25.04  10.25  28.99  25.77  26.05  24.44  24.47  26.06  26.58  24.92  26.21  26.79
 wrfout_d04_2016-08-13_23:00:00 999.00  29.16  22.99  27.04  24.07  28.06  26.90  27.06  26.95  26.97  28.03  28.06 999.00  27.34  27.01  28.74  23.16  27.51  16.96  25.82  10.66  29.08  26.72  28.12  25.64  25.83  26.64  27.20  25.19  26.25  27.03
