 wrfout_d04_2016-02-07_00:00:00 999.00  11.11   4.08   8.92   5.46   9.96   6.92   9.04   9.07   9.33   8.88   8.72 999.00  10.12   9.50  11.92   7.06  12.09   4.52   7.56  -1.84  13.75  11.12  10.98   9.49   9.60  11.77  10.37  11.05  13.08  13.13
 wrfout_d04_2016-02-07_01:00:00 999.00  11.17   5.29  10.91   6.78  11.43  10.37  11.02  10.73  10.93  10.44  10.32 999.00  11.64  11.53  12.93   9.54  12.92   5.94   9.26  -0.58  13.90  12.23  12.17  11.21  11.38  13.79  12.59  12.43  12.94  14.45
 wrfout_d04_2016-02-07_02:00:00 999.00  11.26   6.31  11.76   7.82  12.06  11.77  12.15  11.77  12.21  12.57  11.66 999.00  12.93  13.09  13.78  11.49  13.57   6.87  11.06   0.41  13.96  13.42  13.09  13.06  13.18  15.04  14.61  13.64  13.89  15.53
 wrfout_d04_2016-02-07_03:00:00 999.00  11.36   7.03  12.32   8.59  12.45  12.81  12.32  12.67  13.48  14.20  13.02 999.00  13.72  14.68  14.51  12.98  14.06   7.66  13.09   1.05  13.86  14.15  13.75  14.82  14.96  15.77  16.33  14.54  13.74  16.53
 wrfout_d04_2016-02-07_04:00:00 999.00  11.50   7.41  12.56   9.11  12.75  14.09  12.46  13.86  14.02  15.36  13.68 999.00  14.36  15.37  15.01  13.63  14.41   7.69  14.43   1.12  14.09  14.69  14.12  15.96  16.09  16.32  17.66  14.57  14.23  17.18
 wrfout_d04_2016-02-07_05:00:00 999.00  11.63   7.44  12.58   9.14  12.84  14.22  12.56  14.19  14.25  15.90  14.03 999.00  14.51  15.78  15.42  13.97  14.56   7.43  15.22   0.83  14.35  15.11  14.30  16.82  16.93  16.69  18.74  14.46  15.30  17.65
 wrfout_d04_2016-02-07_06:00:00 999.00  11.74   7.23  12.31   8.96  12.74  13.95  12.42  14.06  14.30  15.93  14.21 999.00  14.43  15.94  15.57  13.96  14.51   6.70  15.67   0.28  14.57  15.46  14.45  17.42  17.58  16.94  19.47  14.72  16.49  17.89
 wrfout_d04_2016-02-07_07:00:00 999.00  11.77   6.73  11.90   8.41  12.30  13.51  12.31  13.62  13.65  15.28  14.09 999.00  13.99  15.78  15.48  13.42  14.46   5.82  15.50  -0.62  14.79  15.69  14.28  17.44  17.61  16.93  19.52  14.65  16.19  17.83
 wrfout_d04_2016-02-07_08:00:00 999.00  11.66   5.81  11.38   7.38  11.76  12.70  12.10  12.97  13.13  14.14  13.60 999.00  13.61  15.22  15.31  12.40  14.34   4.37  15.16  -1.85  14.90  15.85  13.89  16.96  17.10  16.55  19.42  14.51  15.69  17.55
 wrfout_d04_2016-02-07_09:00:00 999.00  11.53   4.62  10.37   6.06  11.01  11.70  11.52  12.08  12.20  12.25  12.61 999.00  13.08  13.91  15.02  10.47  14.18   2.14  14.30  -3.71  15.17  16.01  13.29  16.03  16.22  15.98  19.05  14.30  14.79  17.02
 wrfout_d04_2016-02-07_10:00:00 999.00  11.65   3.25   7.53   3.20  10.09  10.71  10.11  11.03  11.68  10.33  11.31 999.00  12.32  12.51  14.76   6.12  13.55  -3.13  12.53  -5.37  15.53  15.77  12.39  14.55  14.82  15.72  17.94  13.51  13.35  16.41
 wrfout_d04_2016-02-07_11:00:00 999.00  11.85   2.66   7.06   2.77   9.30  10.55   9.54  10.17   9.95   9.38  10.31 999.00  11.92  11.84  14.71   5.47  13.42  -0.51  11.60  -5.52  15.10  15.22  12.15  13.04  13.35  15.34  17.39  12.67  14.88  15.95
 wrfout_d04_2016-02-07_12:00:00 999.00  12.09   1.80   6.55   2.43   8.25   9.48   8.82   9.27   9.15   8.86   9.52 999.00  11.42  11.31  14.71   4.97  13.41  -0.06  10.91  -5.70  15.55  15.39  11.65  12.44  12.67  14.24  16.50  11.58  14.14  15.74
 wrfout_d04_2016-02-07_13:00:00 999.00  12.46   1.42   6.01   2.05   7.40   8.28   8.12   8.29   7.86   8.18   8.23 999.00  11.03  11.52  14.34   4.62  13.69  -0.26  10.30  -5.74  15.87  15.41  11.65  12.10  12.28  13.15  16.07  11.08  13.47  15.42
 wrfout_d04_2016-02-07_14:00:00 999.00  12.88   1.01   5.50   1.58   6.63   7.16   7.48   7.40   6.82   7.46   7.83 999.00  11.25  11.63  13.53   4.23  13.80  -0.54  10.29  -5.70  16.01  15.19  11.86  11.73  12.11  12.95  15.31  10.74  13.82  15.09
 wrfout_d04_2016-02-07_15:00:00 999.00  13.09   0.75   5.09   1.30   5.94   5.99   7.42   6.49   6.45   7.03   7.50 999.00  10.18  11.43  12.62   3.79  13.78  -0.86   9.97  -5.58  16.20  14.95  11.75  10.97  11.08  12.93  14.06  10.44  13.71  14.55
 wrfout_d04_2016-02-07_16:00:00 999.00  13.26   0.74   4.76   1.06   5.46   4.87   7.26   5.56   5.90   6.35   7.29 999.00   9.51  10.85  11.52   3.36  13.70  -1.57  10.14  -5.67  16.20  15.23  11.57  10.03  10.47  12.82  13.62  10.21  13.50  14.39
 wrfout_d04_2016-02-07_17:00:00 999.00  13.52   0.78   4.51   0.93   5.26   4.19   7.11   5.19   5.19   6.09   7.35 999.00   9.89  10.41  11.99   2.94  13.80  -3.99  10.37  -6.48  16.41  15.38  10.98   9.67   9.91  12.70  13.73  10.40  14.47  14.44
 wrfout_d04_2016-02-07_18:00:00 999.00  13.83   0.79   4.40   0.93   5.08   3.52   6.83   4.67   4.70   5.60   7.53 999.00   9.28   9.48  11.27   2.67  13.86  -4.33  10.27  -7.97  16.36  15.22  10.61   8.70   8.98  12.55  13.27  10.55  14.23  14.09
 wrfout_d04_2016-02-07_19:00:00 999.00  14.10   0.80   4.34   0.96   5.08   3.13   6.45   4.32   4.67   4.94   7.57 999.00   8.87   7.96  10.86   2.57  13.85  -4.36  10.06  -8.27  16.57  15.18  10.22   8.75   8.37  13.06  12.81  10.41  14.68  13.71
 wrfout_d04_2016-02-07_20:00:00 999.00  14.15   0.80   4.13   0.96   4.84   2.73   6.19   3.89   4.68   4.68   7.26 999.00   8.60   8.43  10.05   2.21  13.75  -4.31   8.45  -8.51  16.99  15.33  10.16   7.62   7.96  13.61  12.43  10.54  14.71  13.66
 wrfout_d04_2016-02-07_21:00:00 999.00  14.00   0.81   3.86   0.97   4.75   2.54   6.07   3.77   4.67   4.24   6.82 999.00   8.33   8.71   9.70   1.82  14.05  -4.12   8.10  -8.55  17.03  15.86  10.18   6.94   7.19  12.62  12.22  10.29  14.54  13.87
 wrfout_d04_2016-02-07_22:00:00 999.00  13.84   0.79   3.72   0.99   4.97   2.55   6.02   3.82   4.61   3.88   6.48 999.00   8.80   8.15   9.85   1.66  14.13  -3.83   8.53  -8.61  16.87  16.20  10.16   6.82   7.04  11.66  12.30  10.53  14.56  14.03
 wrfout_d04_2016-02-07_23:00:00 999.00  13.86   2.40   5.36   2.91   6.60   4.48   6.97   5.71   5.96   6.79   7.89 999.00  10.04   9.73  11.99   3.29  14.25  -1.25  10.40  -5.90  16.57  15.92  12.05   7.85   8.29  13.56  12.77  11.59  14.58  14.54
