 wrfout_d04_2016-03-24_00:00:00 999.00  15.22   8.34  13.02   9.63  13.81  14.05  14.06  13.69  13.54  14.64  13.67 999.00  15.28  15.26  17.49  19.96  16.34  12.24  13.20   5.93  18.64  17.20  17.27  15.44  15.50  18.51  17.25  17.00  19.46  19.41
 wrfout_d04_2016-03-24_01:00:00 999.00  15.22   8.31  13.13   9.78  13.81  14.14  14.17  13.75  14.08  14.72  13.64 999.00  15.14  15.79  17.93  17.83  16.34  11.46  13.66   5.15  18.62  17.46  17.88  15.35  15.38  18.55  17.28  16.65  19.18  19.25
 wrfout_d04_2016-03-24_02:00:00 999.00  15.22   8.26  13.35  10.20  13.96  14.16  14.30  13.87  14.27  14.93  13.78 999.00  15.24  15.43  17.68  17.48  16.44  11.39  14.43   5.09  18.33  17.78  18.54  15.56  15.51  18.65  17.19  16.74  18.97  19.50
 wrfout_d04_2016-03-24_03:00:00 999.00  15.21   8.22  13.50  10.21  14.17  14.44  14.48  14.03  14.22  14.98  13.91 999.00  15.29  15.47  17.49  17.94  16.48  11.09  14.40   5.06  18.06  17.50  18.77  15.63  15.55  18.57  17.32  16.81  19.08  19.65
 wrfout_d04_2016-03-24_04:00:00 999.00  15.18   8.29  13.64  10.35  14.25  14.53  14.33  14.13  14.87  15.00  13.88 999.00  15.34  15.62  17.23  17.76  16.51  10.10  14.37   4.86  18.08  17.30  18.65  15.58  15.55  18.54  17.05  16.76  19.12  19.95
 wrfout_d04_2016-03-24_05:00:00 999.00  15.08   8.20  13.51  10.34  14.15  14.49  14.14  14.07  13.89  14.86  13.93 999.00  15.13  15.28  17.04  16.75  16.24   9.88  14.11   4.68  18.06  17.14  18.43  15.69  15.32  18.36  16.90  17.00  19.17  19.66
 wrfout_d04_2016-03-24_06:00:00 999.00  15.14   8.04  13.43  10.09  13.99  14.33  13.85  13.91  13.51  14.79  13.87 999.00  14.48  14.79  16.85  14.76  15.89   9.51  13.57   4.58  17.84  16.89  18.34  15.29  15.25  17.81  16.52  16.60  18.80  19.54
 wrfout_d04_2016-03-24_07:00:00 999.00  15.09   7.82  12.99   9.43  13.89  13.90  13.62  13.47  13.52  14.35  13.63 999.00  14.24  14.24  16.66  14.37  15.72   9.19  13.28   4.28  17.62  16.77  17.54  14.78  14.80  17.57  16.39  16.55  18.64  19.22
 wrfout_d04_2016-03-24_08:00:00 999.00  14.98   7.62  12.59   9.00  13.64  13.69  13.48  13.25  13.10  14.16  13.24 999.00  13.89  13.76  16.54  14.09  15.62   8.93  12.96   4.07  17.42  16.66  17.05  14.54  14.50  17.36  16.32  16.21  18.75  19.02
 wrfout_d04_2016-03-24_09:00:00 999.00  14.88   7.40  12.23   8.61  13.33  13.44  13.19  13.07  12.88  13.86  13.05 999.00  13.65  13.35  16.38  13.76  15.54   8.72  12.56   3.83  17.33  16.51  16.69  14.27  14.33  17.05  16.40  16.04  18.34  18.86
 wrfout_d04_2016-03-24_10:00:00 999.00  14.86   7.15  11.88   8.25  13.14  13.06  13.00  12.71  12.65  13.53  12.68 999.00  13.41  13.43  16.15  13.65  15.42   8.49  12.41   3.59  17.29  16.44  16.35  13.93  13.95  16.67  16.29  15.80  17.98  18.62
 wrfout_d04_2016-03-24_11:00:00 999.00  14.87   7.08  11.75   8.15  12.95  12.76  12.93  12.47  12.50  13.37  12.54 999.00  13.19  13.57  15.98  13.71  15.30   8.33  12.09   3.47  17.33  16.28  16.19  13.67  13.72  16.51  15.84  15.56  17.90  18.32
 wrfout_d04_2016-03-24_12:00:00 999.00  14.92   7.04  11.74   8.11  12.97  12.59  12.90  12.29  12.38  13.12  12.47 999.00  13.10  13.41  15.87  13.99  15.32   8.13  11.90   3.28  17.34  16.25  16.03  13.53  13.51  16.40  15.71  15.51  17.88  18.20
 wrfout_d04_2016-03-24_13:00:00 999.00  14.70   7.02  11.72   8.07  12.93  12.50  12.98  12.22  12.31  13.02  12.42 999.00  13.09  13.19  15.81  13.89  15.32   8.00  11.64   3.09  17.44  16.37  15.92  13.38  13.36  16.25  15.66  15.48  17.89  17.96
 wrfout_d04_2016-03-24_14:00:00 999.00  14.55   7.00  11.73   8.03  12.88  12.43  13.03  12.15  12.16  12.84  12.31 999.00  13.18  12.71  15.73  13.53  15.22   7.87  11.55   2.94  17.41  16.29  15.84  13.33  13.41  16.15  15.48  15.29  17.75  17.76
 wrfout_d04_2016-03-24_15:00:00 999.00  14.40   6.98  11.70   8.00  12.74  12.38  12.96  12.12  12.10  12.76  12.17 999.00  13.15  12.57  15.62  12.85  15.12   7.76  11.29   2.81  17.32  16.40  15.77  13.30  13.38  16.14  15.05  15.25  17.64  17.63
 wrfout_d04_2016-03-24_16:00:00 999.00  14.32   7.08  11.65   8.06  12.68  12.13  12.74  12.02  12.01  12.62  12.17 999.00  13.12  12.41  15.59  12.60  14.91   7.58  10.92   2.66  17.08  16.31  15.77  13.02  13.05  16.00  14.68  15.13  17.66  17.62
 wrfout_d04_2016-03-24_17:00:00 999.00  14.38   7.13  11.60   8.13  12.65  11.76  12.66  11.63  11.97  12.50  12.16 999.00  12.95  12.17  15.46  12.60  14.72   7.40  10.57   2.20  16.87  15.93  15.72  12.72  12.71  15.96  14.34  15.03  17.68  17.51
 wrfout_d04_2016-03-24_18:00:00 999.00  14.46   7.09  11.52   8.10  12.62  11.47  12.64  11.73  11.89  12.42  12.17 999.00  12.68  12.03  15.40  12.51  14.60   7.30  10.47   2.26  16.58  15.91  15.70  12.42  12.45  15.96  13.87  15.05  17.68  17.51
 wrfout_d04_2016-03-24_19:00:00 999.00  14.46   7.06  11.48   8.09  12.58  11.37  12.58  11.62  11.88  12.34  12.26 999.00  12.36  12.16  15.43  12.34  14.47   7.30  10.32   2.18  16.52  15.78  15.59  12.38  12.43  15.86  13.59  14.92  17.49  17.49
 wrfout_d04_2016-03-24_20:00:00 999.00  14.39   7.06  11.43   8.09  12.54  11.40  12.48  11.54  11.79  12.26  12.33 999.00  12.41  12.10  15.44  12.21  14.58   7.27  10.07   2.15  16.43  15.44  15.66  12.46  12.45  15.83  13.31  15.02  17.30  17.47
 wrfout_d04_2016-03-24_21:00:00 999.00  14.36   7.04  11.38   8.08  12.51  11.33  12.45  11.48  11.62  12.24  12.37 999.00  12.39  12.32  15.54  11.85  14.57   7.14  10.00   2.02  16.54  15.32  15.74  12.36  12.47  15.75  13.29  15.01  17.48  17.33
 wrfout_d04_2016-03-24_22:00:00 999.00  14.36   7.03  11.40   8.06  12.50  11.23  12.53  11.41  11.59  12.23  12.37 999.00  12.17  12.23  15.63  11.53  14.64   7.03   9.97   1.94  16.40  15.03  15.80  12.34  12.42  15.76  13.19  15.15  17.12  17.24
 wrfout_d04_2016-03-24_23:00:00 999.00  14.57   7.07  11.56   8.14  12.64  11.27  12.65  11.39  11.78  12.39  12.52 999.00  12.19  12.41  15.75  11.99  14.83   6.89  10.21   1.78  16.54  15.14  16.10  12.32  12.30  15.97  13.42  15.26  17.57  17.06
