 wrfout_d04_2016-11-21_00:00:00 999.00  25.25  19.53  23.67  20.27  24.23  24.47  23.69  24.40  23.86  25.25  25.08 999.00  24.74  24.78  26.61  20.16  25.44  14.66  23.83   8.21  25.57  25.49  25.81  25.72  25.87  26.77  27.62  26.45  25.29  27.30
 wrfout_d04_2016-11-21_01:00:00 999.00  24.91  19.58  23.86  21.03  23.64  24.97  24.04  24.27  24.06  25.87  26.88 999.00  24.96  26.83  27.53  21.14  25.46  16.73  23.74  10.77  25.66  25.61  26.35  25.66  26.46  27.50  28.69  27.04  27.60  28.77
 wrfout_d04_2016-11-21_02:00:00 999.00  23.88  20.65  24.22  22.30  24.26  25.76  25.39  25.64  24.68  26.87  27.59 999.00  25.17  28.20  28.33  20.48  25.80  14.50  23.21  11.40  24.39  25.60  27.35  25.46  25.56  27.97  30.48  25.59  28.10  29.58
 wrfout_d04_2016-11-21_03:00:00 999.00  24.02  20.81  24.83  23.25  24.96  26.23  25.32  25.88  25.69  27.53  28.47 999.00  25.42  28.22  28.75  21.37  25.50  15.90  23.38  10.91  24.82  25.12  26.98  24.99  25.18  28.80  30.70  26.48  28.39  30.03
 wrfout_d04_2016-11-21_04:00:00 999.00  24.24  20.28  23.61  22.52  26.25  26.78  24.35  26.69  26.59  28.60  28.96 999.00  25.70  27.24  27.85  20.95  26.29  15.98  24.17   9.40  25.47  24.92  27.33  24.92  25.11  28.71  30.39  26.44  28.53  30.43
 wrfout_d04_2016-11-21_05:00:00 999.00  24.19  19.84  23.69  21.13  24.87  25.54  24.58  26.17  25.89  27.68  28.86 999.00  26.82  27.61  26.82  21.19  26.26  15.53  25.17   8.88  25.70  24.71  27.18  24.50  24.44  28.21  30.78  27.14  28.42  30.68
 wrfout_d04_2016-11-21_06:00:00 999.00  24.07  20.21  23.53  22.69  24.39  25.28  23.81  25.84  25.05  27.92  28.40 999.00  26.23  26.61  26.62  21.46  26.33  15.15  25.80   9.86  25.48  24.75  26.51  24.48  24.49  27.80  30.16  26.45  28.12  30.39
 wrfout_d04_2016-11-21_07:00:00 999.00  24.17  19.81  23.07  21.44  23.95  25.08  23.53  25.10  24.57  27.22  27.00 999.00  26.70  28.25  27.55  21.87  25.84  14.79  25.56   8.73  25.68  24.72  26.79  24.76  25.01  27.83  27.76  25.75  27.70  30.24
 wrfout_d04_2016-11-21_08:00:00 999.00  24.34  20.63  23.27  21.10  23.71  24.85  23.46  24.55  24.01  26.28  25.83 999.00  27.11  27.96  27.62  21.86  25.48  15.02  25.68   8.55  25.91  25.26  25.77  24.95  25.20  27.70  28.50  26.16  26.89  29.38
 wrfout_d04_2016-11-21_09:00:00 999.00  24.37  19.09  22.67  18.91  23.52  24.62  23.20  24.57  23.89  25.70  25.08 999.00  25.33  27.72  27.01  19.31  25.47  13.36  25.03   8.07  25.98  25.59  25.28  25.20  25.47  27.31  29.01  24.50  25.23  28.17
 wrfout_d04_2016-11-21_10:00:00 999.00  24.55  19.04  22.62  18.99  23.39  24.28  23.28  24.44  23.73  24.93  24.95 999.00  25.19  26.80  26.62  19.40  25.49  11.18  25.71   6.65  25.88  25.93  24.42  25.06  25.40  27.06  29.32  23.79  24.48  27.44
 wrfout_d04_2016-11-21_11:00:00 999.00  24.70  17.71  22.72  19.90  23.30  24.07  23.49  24.25  23.86  24.56  24.82 999.00  25.00  26.18  26.18  18.58  25.36  10.86  24.63   4.79  25.94  26.06  24.82  25.07  25.16  26.87  29.20  23.44  24.07  27.24
 wrfout_d04_2016-11-21_12:00:00 999.00  24.87  18.35  22.77  19.47  23.22  24.13  23.69  24.16  23.82  24.35  24.67 999.00  24.66  26.04  25.73  19.21  25.29  10.76  24.77   4.56  26.09  25.49  24.84  25.06  25.43  26.53  29.11  23.20  23.84  27.14
 wrfout_d04_2016-11-21_13:00:00 999.00  25.03  17.98  22.61  18.69  23.22  23.93  23.56  23.94  23.62  24.06  24.42 999.00  24.51  25.26  25.43  18.35  25.25  10.49  24.38   4.29  25.93  25.37  24.92  24.97  25.16  26.52  28.44  22.94  24.40  26.87
 wrfout_d04_2016-11-21_14:00:00 999.00  24.99  17.41  21.46  18.27  23.45  23.88  23.28  23.76  23.55  23.79  24.12 999.00  24.41  24.75  25.39  18.15  25.08  10.27  23.48   4.36  26.10  25.53  24.34  24.65  24.95  26.42  28.30  23.06  23.76  26.46
 wrfout_d04_2016-11-21_15:00:00 999.00  24.93  17.87  22.55  19.05  22.30  23.69  22.76  23.69  23.72  24.10  23.84 999.00  24.15  24.59  25.19  17.94  25.03  10.33  23.31   4.40  25.93  25.82  24.54  24.29  24.46  25.80  28.26  23.40  24.50  26.00
 wrfout_d04_2016-11-21_16:00:00 999.00  24.86  18.09  22.42  19.41  23.03  23.48  23.16  23.53  23.62  23.38  23.74 999.00  24.02  24.47  24.70  17.78  24.69  10.00  22.49   3.93  25.92  25.57  24.41  23.71  23.95  25.68  27.94  23.52  23.42  25.61
 wrfout_d04_2016-11-21_17:00:00 999.00  24.74  18.10  21.05  19.29  23.10  23.68  23.39  23.59  23.12  22.96  23.28 999.00  24.15  24.32  24.49  18.00  24.78  10.00  22.44   5.92  25.74  25.00  24.13  23.66  23.88  25.83  27.63  23.17  24.01  25.58
 wrfout_d04_2016-11-21_18:00:00 999.00  24.67  18.13  21.03  19.35  23.09  23.69  23.41  23.54  23.29  22.55  23.00 999.00  24.08  23.92  24.07  18.68  24.82  10.21  22.33   6.14  25.90  24.97  23.32  23.55  23.79  25.72  27.01  23.52  24.32  25.53
 wrfout_d04_2016-11-21_19:00:00 999.00  24.53  18.43  21.79  19.60  23.78  23.78  23.54  23.65  23.27  22.23  22.76 999.00  23.91  24.11  24.43  17.61  24.68  11.66  22.20   4.07  26.00  25.40  23.08  23.45  23.53  25.84  26.92  23.39  24.06  25.40
 wrfout_d04_2016-11-21_20:00:00 999.00  24.37  18.81  22.38  20.17  23.86  23.78  23.73  23.68  23.04  22.41  23.60 999.00  23.76  23.67  24.00  18.60  24.61  11.62  21.75   6.25  25.81  25.04  23.83  22.87  23.10  25.80  26.68  23.27  23.79  25.45
 wrfout_d04_2016-11-21_21:00:00 999.00  24.32  18.70  22.29  19.86  23.85  23.72  23.85  23.73  23.28  23.05  23.40 999.00  23.80  23.25  23.95  18.60  24.60  11.79  21.43   6.40  25.56  24.80  23.14  22.90  23.01  25.83  26.23  23.59  24.61  25.55
 wrfout_d04_2016-11-21_22:00:00 999.00  24.20  18.55  22.46  19.56  23.36  23.40  23.65  23.44  23.31  22.90  23.43 999.00  23.77  22.93  24.19  18.67  24.24  11.72  21.34   6.31  25.39  24.76  23.19  22.65  22.81  25.77  25.84  22.86  24.31  25.83
 wrfout_d04_2016-11-21_23:00:00 999.00  24.47  18.37  22.63  19.56  23.11  23.42  23.35  23.09  23.26  23.74  23.58 999.00  23.58  23.00  25.16  18.62  24.38  12.68  21.54   7.43  25.06  24.62  24.64  22.77  22.98  25.63  26.17  23.00  25.55  25.91
