 wrfout_d04_2016-04-12_00:00:00 999.00  20.09  17.96  19.58  18.38  21.32  21.34  18.83  21.44  19.40  24.71  24.35 999.00  19.68  21.92  25.19  22.50  22.36  14.23  21.17   7.94  23.75  22.72  25.09  23.79  24.25  25.24  25.34  23.34  24.37  26.96
 wrfout_d04_2016-04-12_01:00:00 999.00  19.69  20.43  19.62  20.91  23.84  23.16  18.86  23.53  18.80  25.57  25.33 999.00  22.52  24.17  26.13  24.57  22.24  15.65  24.56   9.17  24.46  24.21  25.37  25.95  26.40  27.20  27.49  26.96  25.84  26.95
 wrfout_d04_2016-04-12_02:00:00 999.00  19.53  20.86  22.44  21.58  25.15  25.40  19.06  25.30  20.22  25.95  25.99 999.00  24.30  26.62  27.43  25.84  22.73  16.69  26.23  10.29  24.25  25.21  25.94  27.45  27.33  26.86  28.73  28.34  26.76  27.91
 wrfout_d04_2016-04-12_03:00:00 999.00  19.31  20.98  22.71  21.84  24.89  26.52  19.71  26.37  22.93  26.43  25.86 999.00  25.07  28.26  27.59  26.15  24.11  17.18  27.63  11.01  24.21  25.44  26.11  28.60  29.33  28.47  29.47  29.14  26.62  27.41
 wrfout_d04_2016-04-12_04:00:00 999.00  19.11  20.70  23.44  22.01  24.09  25.91  19.65  26.41  23.36  26.43  25.77 999.00  25.43  28.96  27.38  26.24  24.82  17.46  29.15  11.31  24.25  25.49  26.74  30.48  30.22  28.88  29.50  29.73  27.49  28.62
 wrfout_d04_2016-04-12_05:00:00 999.00  18.93  20.99  23.48  22.27  24.14  26.07  19.67  26.35  23.87  24.43  25.81 999.00  25.50  29.73  26.88  26.48  25.08  17.63  29.71  11.28  24.44  25.61  26.94  31.46  30.29  29.06  29.65  29.92  27.55  28.92
 wrfout_d04_2016-04-12_06:00:00 999.00  18.75  21.23  23.65  22.37  22.76  26.49  20.22  26.53  24.62  23.97  24.48 999.00  25.51  30.53  26.84  26.50  26.26  17.31  29.83  10.68  24.50  26.07  27.17  30.08  30.25  29.38  29.84  29.90  27.57  28.85
 wrfout_d04_2016-04-12_07:00:00 999.00  18.69  21.29  23.74  22.27  22.63  27.31  20.53  27.24  24.97  24.47  23.45 999.00  25.42  30.19  26.34  24.10  26.12  16.69  29.24  10.27  24.68  26.05  26.20  30.74  29.97  29.43  29.55  29.47  26.36  28.61
 wrfout_d04_2016-04-12_08:00:00 999.00  18.63  21.08  23.15  22.03  21.84  26.96  21.05  27.06  24.69  24.65  23.04 999.00  24.87  29.23  25.68  23.87  25.98  15.59  28.19   9.14  24.65  26.26  24.70  30.07  29.17  29.72  28.63  28.60  26.68  27.92
 wrfout_d04_2016-04-12_09:00:00 999.00  18.71  19.98  22.74  20.92  21.42  26.16  20.25  26.85  24.64  23.55  22.79 999.00  23.63  27.94  25.43  22.90  25.28  14.35  27.56   8.69  24.95  26.31  24.44  29.22  28.71  29.53  28.39  27.16  25.84  27.54
 wrfout_d04_2016-04-12_10:00:00 999.00  18.34  18.90  21.45  19.68  20.75  24.89  18.62  26.08  22.47  22.91  22.27 999.00  22.98  26.62  25.00  21.26  24.57  13.11  26.40   7.02  25.23  26.23  24.53  27.29  27.09  28.01  27.50  25.00  24.72  26.88
 wrfout_d04_2016-04-12_11:00:00 999.00  18.09  18.47  20.71  18.99  20.42  24.04  18.55  24.61  20.83  22.08  22.08 999.00  22.91  25.86  24.53  19.92  24.18  12.72  24.68   6.71  25.31  26.13  24.52  26.73  26.65  26.93  27.30  24.23  24.56  26.55
 wrfout_d04_2016-04-12_12:00:00 999.00  18.06  18.12  20.33  18.90  20.45  23.44  19.38  24.04  20.87  21.80  21.99 999.00  23.11  25.39  23.93  19.35  24.13  12.69  24.52   6.59  25.47  26.16  24.45  26.57  26.69  26.57  27.30  23.59  24.49  26.39
 wrfout_d04_2016-04-12_13:00:00 999.00  18.24  17.91  20.20  18.51  20.39  23.60  19.47  23.50  20.92  22.26  21.88 999.00  23.32  24.66  24.07  18.96  24.12  12.73  24.60   6.52  25.71  26.06  24.15  26.60  26.54  26.33  27.12  22.98  24.39  26.25
 wrfout_d04_2016-04-12_14:00:00 999.00  18.26  17.69  19.41  18.56  19.81  23.00  19.36  23.07  21.09  21.64  21.59 999.00  23.44  24.15  24.18  18.71  24.15  12.71  24.37   6.48  25.88  25.66  24.01  26.31  26.32  26.23  27.03  22.88  24.29  26.15
 wrfout_d04_2016-04-12_15:00:00 999.00  18.38  17.70  19.49  18.19  19.55  22.48  18.85  22.81  21.04  21.20  21.61 999.00  23.85  23.82  23.96  18.40  24.97  12.85  23.88   6.66  25.80  25.42  23.74  26.03  26.08  25.97  26.92  22.73  24.12  25.91
 wrfout_d04_2016-04-12_16:00:00 999.00  18.55  17.61  19.25  18.11  19.42  22.10  18.63  22.38  20.83  20.93  21.25 999.00  24.01  24.16  23.91  18.93  24.95  12.97  23.48   7.09  25.19  25.82  23.18  25.62  25.80  25.72  26.88  22.85  23.96  25.64
 wrfout_d04_2016-04-12_17:00:00 999.00  18.74  18.50  19.95  18.05  19.56  22.05  19.69  22.20  20.45  20.85  20.99 999.00  24.12  24.67  23.68  19.43  24.74  13.38  23.37   7.77  25.36  25.96  23.10  25.38  25.60  25.34  26.89  22.13  23.90  25.61
 wrfout_d04_2016-04-12_18:00:00 999.00  19.08  18.14  19.36  18.58  20.02  22.20  19.54  21.97  20.74  21.30  20.83 999.00  24.09  24.33  23.36  19.20  24.90  13.01  22.97   8.05  25.62  25.52  22.75  25.02  25.16  25.16  26.79  22.47  23.98  25.59
 wrfout_d04_2016-04-12_19:00:00 999.00  19.33  17.05  20.33  17.61  20.61  22.15  19.18  21.98  20.19  21.65  20.63 999.00  24.24  24.15  23.15  19.37  25.14  13.03  23.19   8.13  25.90  25.29  22.58  24.63  24.87  25.13  26.51  22.79  23.92  25.32
 wrfout_d04_2016-04-12_20:00:00 999.00  19.51  18.53  19.70  18.22  20.30  21.69  19.78  21.76  20.09  20.47  20.61 999.00  24.41  24.18  22.93  19.25  25.25  13.12  23.25   8.22  26.03  25.24  22.33  24.22  24.46  24.78  26.03  22.71  23.86  25.05
 wrfout_d04_2016-04-12_21:00:00 999.00  19.52  18.55  19.42  19.20  19.63  20.71  20.41  20.91  20.13  20.23  20.43 999.00  24.68  23.84  22.77  19.42  25.27  13.14  23.53   8.27  26.20  25.19  22.35  23.84  24.01  24.40  25.62  21.97  23.89  25.22
 wrfout_d04_2016-04-12_22:00:00 999.00  19.75  18.58  21.04  19.29  19.85  21.19  20.89  21.86  21.94  21.39  21.64 999.00  24.81  24.57  24.07  19.68  25.49  12.86  23.96   8.09  26.19  24.98  23.25  24.39  24.42  26.04  25.71  22.85  24.33  25.45
 wrfout_d04_2016-04-12_23:00:00 999.00  19.76  19.48  23.50  20.45  22.61  23.09  23.65  23.63  26.42  23.42  23.31 999.00  26.03  26.10  24.79  20.49  25.51  12.93  25.39   7.95  26.12  25.48  25.37  25.84  25.98  26.85  26.86  24.90  25.65  26.67
