 wrfout_d04_2016-02-11_00:00:00 999.00  20.97  16.06  21.41  17.86  21.24  19.97  16.95  19.48  16.40  21.18  21.33 999.00  17.19  19.11  21.83  17.15  18.70  12.53  16.29   6.23  19.89  18.47  20.99  17.82  18.44  22.13  21.86  20.45  22.24  23.35
 wrfout_d04_2016-02-11_01:00:00 999.00  20.86  18.14  22.27  19.24  23.58  22.79  17.43  21.89  18.99  22.65  22.50 999.00  19.24  19.19  22.57  19.53  18.88  13.69  17.95   6.73  19.46  18.70  22.00  18.81  19.96  22.77  23.28  20.99  22.66  23.82
 wrfout_d04_2016-02-11_02:00:00 999.00  21.13  19.04  24.01  20.10  23.32  24.28  16.84  23.14  20.21  22.61  21.25 999.00  17.44  21.28  22.03  21.08  18.81  15.20  19.29   8.40  19.20  19.46  22.01  21.20  21.45  23.12  24.21  20.93  24.13  23.84
 wrfout_d04_2016-02-11_03:00:00 999.00  21.17  16.69  19.93  17.70  22.66  23.60  16.67  23.22  20.04  23.26  23.07 999.00  18.79  23.25  22.59  23.10  19.40  12.06  19.84   6.43  19.77  19.52  22.06  21.25  21.41  23.43  25.61  21.67  24.56  24.99
 wrfout_d04_2016-02-11_04:00:00 999.00  21.27  17.56  19.63  18.59  24.22  24.20  16.68  23.72  19.51  24.23  23.45 999.00  18.87  21.85  22.40  20.41  19.48  14.16  19.36   8.83  19.69  19.56  21.99  22.65  22.90  21.39  26.08  21.42  24.69  25.44
 wrfout_d04_2016-02-11_05:00:00 999.00  20.70  17.70  19.28  18.99  23.36  23.92  19.75  23.34  20.00  21.87  21.56 999.00  19.39  23.42  22.53  18.38  19.30  14.77  20.42   7.98  19.76  20.43  21.06  23.17  24.39  21.44  27.62  23.04  22.79  24.62
 wrfout_d04_2016-02-11_06:00:00 999.00  20.66  16.76  19.02  17.60  22.52  22.24  20.18  22.12  21.51  23.03  22.64 999.00  21.10  23.00  22.13  20.06  19.28  13.92  20.87   8.32  19.79  21.01  21.12  24.69  26.33  21.73  27.16  22.96  22.63  24.65
 wrfout_d04_2016-02-11_07:00:00 999.00  20.93  17.14  19.47  18.13  22.38  22.76  20.39  22.60  21.07  21.71  21.18 999.00  21.70  23.80  22.49  19.31  18.75  14.66  21.41   6.53  19.94  22.26  21.45  25.76  26.34  24.43  27.36  22.01  22.32  24.91
 wrfout_d04_2016-02-11_08:00:00 999.00  20.84  16.84  20.55  18.33  21.82  22.52  18.92  22.16  21.59  21.99  20.78 999.00  20.73  24.40  22.20  21.30  18.56  14.06  22.59   7.29  19.96  21.75  20.84  25.97  25.22  24.29  26.74  21.85  22.60  25.37
 wrfout_d04_2016-02-11_09:00:00 999.00  20.77  16.82  21.16  17.79  22.07  22.66  18.26  22.40  21.55  21.28  21.15 999.00  19.92  24.46  22.26  20.53  18.62  12.56  22.92   6.00  20.03  21.28  22.07  24.76  25.83  23.92  26.75  21.41  22.72  24.77
 wrfout_d04_2016-02-11_10:00:00 999.00  20.36  16.47  19.30  17.19  21.64  22.31  16.59  21.84  19.71  20.69  21.13 999.00  20.09  22.79  22.34  15.97  18.91  10.72  22.93   4.48  19.79  20.96  21.53  23.39  25.20  23.23  26.04  20.15  21.94  24.05
 wrfout_d04_2016-02-11_11:00:00 999.00  20.34  16.33  17.92  16.87  21.63  21.64  17.26  21.59  19.87  20.80  21.09 999.00  19.84  22.50  21.71  15.68  19.40  10.65  22.05   4.62  19.95  20.58  21.26  22.39  25.13  21.79  25.46  20.16  21.91  23.86
 wrfout_d04_2016-02-11_12:00:00 999.00  20.11  16.28  18.01  16.34  21.37  20.50  16.94  21.38  18.33  20.43  21.09 999.00  19.66  23.13  22.40  15.76  19.62  10.73  20.47   4.60  20.41  20.13  21.35  21.52  23.80  22.60  25.11  19.71  21.90  23.82
 wrfout_d04_2016-02-11_13:00:00 999.00  20.39  16.42  17.16  15.44  21.63  19.63  17.20  19.92  18.00  20.30  20.89 999.00  20.02  23.08  22.38  15.27  19.73  10.67  20.87   4.59  20.68  19.83  21.10  21.33  21.82  23.54  25.08  19.72  21.89  23.76
 wrfout_d04_2016-02-11_14:00:00 999.00  20.42  16.21  17.44  16.34  19.78  19.70  16.71  19.42  18.15  20.77  20.23 999.00  20.00  22.45  22.66  14.97  19.76  10.73  19.07   4.63  20.73  19.81  21.55  21.19  21.91  21.90  24.73  20.13  21.89  23.55
 wrfout_d04_2016-02-11_15:00:00 999.00  20.32  14.86  17.18  14.91  19.02  18.88  17.59  18.84  17.58  19.91  19.86 999.00  20.05  22.10  22.76  14.72  19.42  10.63  18.77   4.64  21.84  19.85  21.79  20.96  21.77  23.34  24.38  20.11  22.24  23.25
 wrfout_d04_2016-02-11_16:00:00 999.00  20.31  15.61  17.19  16.22  18.90  18.22  17.47  18.12  17.03  18.84  19.32 999.00  20.15  21.67  20.98  14.46  19.24  10.51  19.32   4.59  22.08  19.87  21.40  20.21  21.44  23.44  24.13  20.21  22.25  22.99
 wrfout_d04_2016-02-11_17:00:00 999.00  20.27  14.75  17.65  16.03  17.92  17.82  16.43  17.81  17.48  18.75  19.08 999.00  19.91  21.35  20.58  14.27  18.84  10.38  19.85   4.42  22.04  19.79  21.69  19.61  21.00  23.49  24.14  20.20  22.27  23.07
 wrfout_d04_2016-02-11_18:00:00 999.00  20.17  14.26  16.90  14.76  18.82  17.83  16.63  17.80  18.13  18.47  18.77 999.00  18.18  20.91  20.89  14.16  18.60  10.24  20.00   4.08  21.99  19.30  21.93  19.59  20.51  23.03  23.99  19.35  22.01  23.15
 wrfout_d04_2016-02-11_19:00:00 999.00  20.02  15.16  17.78  14.55  17.66  17.13  17.74  17.24  17.03  18.46  18.22 999.00  18.23  20.24  20.23  14.09  19.12  10.13  20.42   3.98  21.95  19.49  22.03  19.85  20.73  22.78  24.09  19.18  22.06  23.21
 wrfout_d04_2016-02-11_20:00:00 999.00  19.99  13.99  17.57  14.46  17.26  16.70  17.72  16.71  16.65  18.04  18.12 999.00  18.56  19.90  19.81  13.89  18.90  10.18  19.85   3.94  22.15  19.67  21.39  19.49  20.11  21.71  23.84  19.32  22.00  23.12
 wrfout_d04_2016-02-11_21:00:00 999.00  20.04  13.96  17.33  14.49  16.77  16.21  17.63  16.32  16.35  17.88  18.35 999.00  18.60  19.66  19.89  13.70  19.92  10.21  19.21   4.00  22.13  19.47  21.41  19.48  19.95  21.95  23.81  19.15  22.06  23.00
 wrfout_d04_2016-02-11_22:00:00 999.00  20.05  13.88  16.55  14.41  17.04  16.01  17.53  16.19  16.07  17.93  18.17 999.00  18.29  20.11  20.46  13.61  21.05  10.24  19.40   3.98  22.03  21.04  21.83  20.49  21.14  21.90  24.08  19.00  22.13  23.18
 wrfout_d04_2016-02-11_23:00:00 999.00  19.97  15.10  17.82  15.81  18.80  16.92  17.51  17.74  17.75  19.30  19.77 999.00  19.55  20.84  22.43  15.37  21.22  10.63  20.69   4.42  21.99  21.77  21.99  21.57  22.36  23.18  24.40  20.24  22.66  23.57
