 wrfout_d04_2016-03-16_00:00:00 999.00  18.14  12.78  15.97  13.28  16.05  15.38  15.88  15.42  15.59  17.08  17.40 999.00  17.21  16.23  21.49  16.16  19.24   9.24  15.68   3.87  20.99  18.37  21.98  17.40  17.47  22.22  19.64  22.48  23.06  22.99
 wrfout_d04_2016-03-16_01:00:00 999.00  18.60  13.28  16.15  13.54  16.00  15.76  16.03  16.14  16.29  17.61  18.81 999.00  17.68  17.12  21.96  17.13  19.34   9.28  15.86   3.99  21.30  19.42  22.41  17.05  17.11  23.71  19.64  22.45  23.20  24.41
 wrfout_d04_2016-03-16_02:00:00 999.00  18.53  12.62  15.41  13.62  16.20  16.50  16.04  16.72  16.24  18.64  18.44 999.00  17.94  17.73  23.54  17.68  19.78   9.48  16.80   4.00  21.52  18.62  22.96  17.93  17.89  24.59  20.65  23.33  23.78  25.27
 wrfout_d04_2016-03-16_03:00:00 999.00  18.57  13.73  15.89  14.37  16.88  16.39  15.93  16.68  16.18  18.78  18.67 999.00  18.32  18.76  24.31  18.22  20.24   9.77  17.49   4.17  21.74  19.61  23.49  18.81  18.93  24.93  21.95  24.21  24.23  25.39
 wrfout_d04_2016-03-16_04:00:00 999.00  18.62  13.79  15.64  15.22  17.04  17.10  15.84  16.71  16.08  18.89  18.70 999.00  18.47  19.41  24.68  18.11  20.79  10.37  18.26   4.35  21.83  20.15  23.85  19.38  19.49  24.57  23.27  24.90  24.58  26.71
 wrfout_d04_2016-03-16_05:00:00 999.00  18.63  13.12  15.65  14.58  16.88  16.78  15.63  16.77  15.76  19.06  18.89 999.00  18.42  19.34  24.38  24.86  20.76  12.43  18.86   4.83  21.94  21.10  23.90  20.55  20.72  25.07  24.07  25.01  24.71  26.92
 wrfout_d04_2016-03-16_06:00:00 999.00  18.47  13.21  15.61  14.27  16.69  16.45  15.89  16.45  15.51  18.95  19.23 999.00  17.99  18.43  23.32  19.55  20.90  11.01  18.73   4.69  22.08  21.47  23.88  23.27  23.41  24.65  24.59  24.58  24.57  27.37
 wrfout_d04_2016-03-16_07:00:00 999.00  18.49  13.13  15.52  14.55  16.54  16.40  15.88  16.24  15.36  18.80  19.05 999.00  17.15  17.59  22.71  19.08  20.88  10.82  18.68   4.82  22.09  21.49  23.67  22.72  23.32  24.58  25.05  24.01  24.25  27.15
 wrfout_d04_2016-03-16_08:00:00 999.00  18.70  13.31  15.77  14.31  16.43  16.20  15.62  16.06  15.34  18.83  19.22 999.00  17.07  17.17  22.31  18.46  20.98  12.63  18.42   5.08  22.41  21.44  23.54  21.44  22.93  24.50  25.93  23.36  23.77  26.64
 wrfout_d04_2016-03-16_09:00:00 999.00  18.85  13.05  15.53  13.89  16.26  16.28  15.72  16.00  15.45  17.97  18.67 999.00  17.01  17.41  22.17  17.51  20.64  11.73  17.86   5.05  22.54  21.35  23.31  21.65  22.70  24.33  25.78  22.97  22.96  25.71
 wrfout_d04_2016-03-16_10:00:00 999.00  19.30  12.78  15.54  13.53  16.05  15.91  15.87  16.08  15.45  17.54  17.87 999.00  16.71  17.46  21.48  16.99  20.19   8.14  17.74   4.76  22.57  21.00  22.99  20.67  21.41  24.12  25.11  20.92  20.68  24.69
 wrfout_d04_2016-03-16_11:00:00 999.00  19.49  12.90  15.65  13.62  16.12  15.86  16.15  15.77  15.58  17.41  17.75 999.00  17.30  16.57  21.09  16.91  20.32   7.81  17.14   4.66  22.41  20.26  22.55  19.41  19.83  23.78  24.53  20.68  20.17  24.16
 wrfout_d04_2016-03-16_12:00:00 999.00  19.63  13.01  15.76  13.65  15.76  15.71  16.32  15.66  15.44  17.34  17.61 999.00  17.06  16.46  21.18  16.74  20.66   7.48  16.40   4.52  22.58  20.49  22.08  18.92  19.46  23.32  24.14  20.35  19.79  23.87
 wrfout_d04_2016-03-16_13:00:00 999.00  19.70  13.00  15.57  13.96  15.74  15.65  16.32  15.43  15.26  17.20  17.53 999.00  16.88  16.89  21.10  15.23  20.55   7.34  16.03   4.37  22.75  19.65  22.12  17.95  18.02  23.10  22.37  20.14  19.51  23.68
 wrfout_d04_2016-03-16_14:00:00 999.00  19.91  13.00  15.59  13.47  15.22  15.54  16.60  15.60  15.61  17.15  16.44 999.00  17.03  16.05  20.88  15.03  20.59   7.07  15.96   4.28  22.65  19.41  21.28  17.29  17.55  23.05  21.85  19.24  19.27  23.74
 wrfout_d04_2016-03-16_15:00:00 999.00  20.06  13.13  15.65  13.67  15.75  15.57  16.46  15.71  15.25  15.69  16.12 999.00  15.77  15.64  20.37  14.75  20.68   6.84  15.75   3.78  22.44  19.26  21.75  16.91  17.03  22.99  21.30  19.00  19.10  23.22
 wrfout_d04_2016-03-16_16:00:00 999.00  20.27  12.84  15.81  12.46  15.97  15.50  16.37  15.78  15.50  15.46  16.08 999.00  16.65  14.95  21.12  14.73  20.57   6.65  15.10   3.85  22.31  19.21  21.64  16.64  16.58  21.98  21.30  19.89  18.95  22.83
 wrfout_d04_2016-03-16_17:00:00 999.00  20.34  11.98  15.71  12.57  14.51  15.25  16.36  15.65  15.37  15.28  15.85 999.00  16.81  14.91  21.04  14.52  20.25   6.47  14.97   3.67  22.14  19.33  20.93  16.19  16.40  21.41  21.21  18.76  18.82  22.61
 wrfout_d04_2016-03-16_18:00:00 999.00  20.47  11.58  15.54  12.25  14.64  15.35  16.69  15.63  15.40  15.13  15.62 999.00  17.21  16.00  20.99  14.37  20.24   6.34  15.18   3.64  21.94  19.43  20.24  15.79  15.95  21.47  21.18  18.82  18.70  22.35
 wrfout_d04_2016-03-16_19:00:00 999.00  20.60  11.72  15.13  12.56  14.45  15.40  16.65  14.47  15.51  16.41  16.44 999.00  16.59  15.17  20.84  14.22  19.96   6.28  14.73   3.55  22.06  19.71  19.87  15.37  15.54  21.25  21.24  18.67  18.64  22.10
 wrfout_d04_2016-03-16_20:00:00 999.00  20.60  12.87  16.40  13.81  14.75  15.15  17.05  15.80  14.60  15.20  15.77 999.00  16.57  14.52  20.82  14.02  19.84   6.22  14.40   3.52  22.05  20.15  19.76  15.61  15.70  20.63  20.61  18.73  18.57  21.82
 wrfout_d04_2016-03-16_21:00:00 999.00  20.63  13.05  16.58  13.98  15.34  15.60  16.78  15.86  14.39  15.83  15.42 999.00  16.63  14.12  20.85  13.93  19.69   6.25  14.68   3.79  22.12  19.86  19.68  15.68  15.14  21.52  20.34  19.35  18.61  21.69
 wrfout_d04_2016-03-16_22:00:00 999.00  20.66  13.37  16.66  14.29  14.87  15.62  17.29  16.19  16.02  15.33  15.86 999.00  16.51  14.85  19.73  13.98  19.84   6.17  15.35   3.91  21.98  19.08  19.49  16.05  15.88  20.30  20.36  18.76  18.63  21.81
 wrfout_d04_2016-03-16_23:00:00 999.00  20.80  14.91  17.03  16.34  18.00  17.16  17.81  17.11  17.28  19.13  19.12 999.00  17.75  16.17  21.27  18.78  20.34  11.55  15.78   5.28  22.15  18.90  21.86  16.62  16.68  22.40  20.98  20.13  21.87  22.80
