 wrfout_d04_2016-12-30_00:00:00 999.00  17.21  10.33  16.29  11.76  16.26  16.54  16.75  16.56  16.75  14.93  15.43 999.00  16.56  15.68  17.93  15.80  17.60  10.76  14.38   5.67  19.60  17.34  17.89  15.48  15.85  18.67  19.75  16.76  19.01  18.84
 wrfout_d04_2016-12-30_01:00:00 999.00  17.23  10.64  17.41  12.40  16.42  17.85  17.82  17.52  17.81  14.95  15.60 999.00  18.57  18.43  18.38  16.60  17.92  11.26  15.03   6.68  19.66  17.75  18.90  16.49  16.95  19.57  21.07  17.34  19.19  19.28
 wrfout_d04_2016-12-30_02:00:00 999.00  17.41  10.95  18.59  12.86  16.68  18.51  18.77  18.37  19.17  15.27  15.82 999.00  20.34  20.52  18.28  19.38  18.26  12.24  15.39   7.21  19.78  17.80  19.79  17.48  17.82  21.15  22.07  17.48  19.42  19.90
 wrfout_d04_2016-12-30_03:00:00 999.00  17.68  11.26  19.13  13.31  16.98  19.06  19.35  19.04  20.36  15.48  16.13 999.00  21.22  22.15  19.21  20.46  18.57  13.03  16.32   7.04  19.86  18.13  20.39  18.01  18.33  21.59  22.67  17.84  19.58  20.24
 wrfout_d04_2016-12-30_04:00:00 999.00  17.89  11.43  19.46  13.58  17.05  19.25  19.85  19.56  21.26  15.81  16.59 999.00  22.06  23.29  19.44  21.13  19.05  13.06  17.60   6.76  19.92  18.31  19.78  18.32  18.74  21.87  22.27  18.48  19.74  20.45
 wrfout_d04_2016-12-30_05:00:00 999.00  18.12  11.54  19.60  13.81  17.51  19.10  20.08  19.31  21.67  16.10  16.86 999.00  22.18  24.30  19.64  21.18  19.56  12.57  19.68   6.60  19.94  18.51  20.57  18.78  19.31  22.22  22.30  19.39  19.73  20.72
 wrfout_d04_2016-12-30_06:00:00 999.00  18.34  11.91  19.60  14.11  17.92  19.41  19.98  19.39  21.45  16.52  16.90 999.00  22.02  24.96  20.10  20.78  19.96  13.13  21.49   6.14  19.94  20.14  20.15  19.22  19.96  22.76  22.38  19.83  19.82  20.96
 wrfout_d04_2016-12-30_07:00:00 999.00  18.57  11.95  19.27  13.98  18.26  19.60  19.84  19.45  20.94  16.86  17.09 999.00  21.65  24.67  20.49  20.08  19.86  11.90  22.12   6.11  20.06  21.11  19.60  19.47  20.04  22.42  22.49  20.53  19.83  20.90
 wrfout_d04_2016-12-30_08:00:00 999.00  18.84  11.97  18.63  13.67  18.42  19.34  19.39  19.27  19.97  17.12  17.46 999.00  21.05  23.91  20.45  18.97  19.64  11.49  22.29   5.66  20.18  21.21  19.95  20.04  20.09  21.83  22.79  20.01  19.64  20.85
 wrfout_d04_2016-12-30_09:00:00 999.00  19.14  11.54  16.33  12.97  18.36  18.50  18.49  18.70  18.74  16.98  17.53 999.00  20.29  22.16  20.52  15.93  19.20   8.64  21.11   4.69  20.26  21.49  18.80  20.41  20.63  20.94  23.13  18.62  19.67  20.85
 wrfout_d04_2016-12-30_10:00:00 999.00  19.40  11.61  15.46  13.03  18.49  17.84  18.30  18.33  18.14  16.89  17.75 999.00  19.70  20.56  20.56  14.24  19.02   7.20  19.78   3.34  20.35  21.60  18.18  20.81  21.12  20.62  23.25  18.16  19.66  20.92
 wrfout_d04_2016-12-30_11:00:00 999.00  19.64  11.75  15.24  13.17  18.60  17.35  18.26  17.45  17.78  16.80  17.40 999.00  19.24  20.02  20.83  13.96  19.01   6.95  19.16   3.37  20.50  21.23  19.06  20.79  21.15  20.71  23.03  18.28  19.80  20.75
 wrfout_d04_2016-12-30_12:00:00 999.00  19.86  11.86  15.03  13.29  18.53  17.08  18.33  17.00  17.66  16.65  17.67 999.00  18.86  19.33  20.91  13.49  19.28   6.63  18.94   3.28  20.48  21.03  18.94  19.89  20.31  20.55  22.93  18.06  19.91  20.66
 wrfout_d04_2016-12-30_13:00:00 999.00  19.94  12.05  14.87  13.48  18.35  17.39  18.38  16.69  17.53  16.84  17.84 999.00  18.49  18.79  20.81  13.04  19.45   6.41  18.47   3.45  20.54  20.89  19.31  19.55  19.99  20.55  22.81  17.83  20.03  20.55
 wrfout_d04_2016-12-30_14:00:00 999.00  20.10  12.22  14.74  13.61  18.14  17.42  18.40  15.68  17.37  17.28  18.15 999.00  18.06  18.35  20.24  12.73  19.26   6.22  18.30   3.47  20.48  20.79  17.42  19.39  19.64  20.46  22.83  18.27  20.13  20.48
 wrfout_d04_2016-12-30_15:00:00 999.00  20.31  12.31  14.72  13.74  15.85  15.86  18.48  16.27  17.22  16.88  17.86 999.00  17.71  18.31  20.20  12.52  19.38   6.00  17.67   3.34  20.47  20.49  17.99  18.93  19.19  20.51  22.22  18.16  20.27  20.37
 wrfout_d04_2016-12-30_16:00:00 999.00  20.39  12.40  14.54  13.81  17.38  15.76  18.54  15.21  17.04  16.76  16.23 999.00  17.25  18.14  18.98  12.30  19.18   5.94  17.21   3.70  20.54  20.38  18.01  18.62  18.93  20.65  21.81  17.86  20.50  20.63
 wrfout_d04_2016-12-30_17:00:00 999.00  20.37  12.53  14.63  13.95  17.80  15.86  18.54  15.24  17.05  16.86  15.89 999.00  16.93  17.84  18.78  12.11  19.33   5.77  16.90   3.54  20.58  20.30  17.07  18.41  18.81  20.34  21.23  17.16  20.45  20.56
 wrfout_d04_2016-12-30_18:00:00 999.00  20.55  12.62  14.68  14.06  18.31  15.93  18.73  15.18  17.12  16.64  15.71 999.00  16.49  17.75  18.05  11.84  19.22   5.58  16.30   0.69  20.67  20.02  17.01  17.88  17.90  20.25  20.78  17.10  20.32  20.18
 wrfout_d04_2016-12-30_19:00:00 999.00  20.63  12.93  14.76  14.34  19.04  15.79  18.81  15.23  17.27  16.87  15.51 999.00  16.55  17.07  17.96  11.54  19.20   5.40  15.82   0.60  20.63  19.69  16.97  17.41  17.08  20.46  20.29  17.00  20.46  20.18
 wrfout_d04_2016-12-30_20:00:00 999.00  20.84  13.09  14.85  14.47  19.57  15.67  18.98  15.28  17.33  17.01  14.89 999.00  15.85  16.41  17.38  11.32  19.09   5.14  15.78   0.44  20.58  19.51  18.43  15.96  16.19  19.08  19.64  16.94  20.55  19.88
 wrfout_d04_2016-12-30_21:00:00 999.00  20.87  13.31  14.89  14.61  19.60  15.60  19.16  15.25  15.65  17.21  14.50 999.00  15.64  16.11  17.20  11.17  19.36   5.04  15.42   0.33  20.53  19.51  18.93  15.75  15.86  20.03  19.45  16.88  20.62  20.07
 wrfout_d04_2016-12-30_22:00:00 999.00  20.87  13.52  14.97  14.75  19.89  15.74  19.22  15.24  15.51  17.64  15.73 999.00  16.35  16.50  17.59  11.17  19.36   5.08  14.97   0.42  20.73  19.07  18.27  15.53  16.25  20.64  19.70  16.87  20.73  20.18
 wrfout_d04_2016-12-30_23:00:00 999.00  20.90  13.79  15.94  15.11  19.92  16.71  19.49  16.13  16.21  17.63  17.18 999.00  16.98  16.88  19.34  12.43  19.48   6.59  14.99   3.33  20.72  19.37  18.89  15.78  16.39  21.08  20.13  17.65  20.72  20.55
