 wrfout_d04_2016-05-07_00:00:00 999.00  26.37  25.45  28.91  26.50  29.12  29.56  28.30  29.49  29.15  29.71  29.85 999.00  28.48  28.70  30.27  27.26  27.01  19.83  27.16  13.15  26.70  27.21  28.22  27.74  28.32  29.51  29.84  27.55  27.26  29.40
 wrfout_d04_2016-05-07_01:00:00 999.00  26.45  26.29  29.83  27.58  30.33  31.30  28.45  31.22  30.62  30.62  30.90 999.00  29.90  30.79  30.15  28.73  28.03  20.68  28.84  13.85  27.03  27.58  28.36  30.06  30.34  30.12  30.65  28.19  28.61  30.27
 wrfout_d04_2016-05-07_02:00:00 999.00  26.53  26.98  30.42  28.47  30.70  32.70  28.53  32.64  31.16  31.12  31.49 999.00  30.62  32.36  30.66  29.48  29.14  21.24  30.34  14.29  27.07  27.93  28.94  31.79  31.35  30.29  31.29  28.98  29.09  31.18
 wrfout_d04_2016-05-07_03:00:00 999.00  26.61  27.41  30.48  29.05  30.80  33.63  28.09  33.60  31.19  31.95  31.74 999.00  31.06  33.52  31.16  30.00  29.69  21.67  31.48  14.55  27.10  27.90  28.98  33.09  32.15  30.29  31.67  29.27  29.38  31.72
 wrfout_d04_2016-05-07_04:00:00 999.00  26.54  27.42  30.34  29.20  30.68  33.71  27.65  34.18  31.25  32.25  29.09 999.00  31.26  34.31  31.07  30.19  30.21  21.66  32.30  14.53  27.10  27.85  28.81  33.71  32.58  30.56  31.93  29.42  29.54  31.93
 wrfout_d04_2016-05-07_05:00:00 999.00  26.35  27.20  29.94  28.97  30.23  33.42  27.51  33.95  31.21  31.37  28.15 999.00  30.90  34.36  30.95  30.29  30.20  21.59  32.71  13.78  27.13  27.72  28.99  33.82  32.59  30.69  31.98  29.46  29.53  32.10
 wrfout_d04_2016-05-07_06:00:00 999.00  26.12  26.37  29.08  28.23  29.70  32.33  27.24  33.20  30.95  27.50  27.74 999.00  30.63  33.69  30.02  30.32  30.24  21.28  32.57  13.04  27.12  27.65  28.88  33.51  32.34  30.54  31.88  29.22  29.41  32.02
 wrfout_d04_2016-05-07_07:00:00 999.00  26.08  25.29  29.06  27.38  28.07  31.41  27.18  32.47  30.24  27.47  27.35 999.00  30.69  33.43  29.74  29.76  29.91  20.55  31.95  12.50  27.08  27.77  28.73  33.07  32.16  30.34  31.61  28.84  29.06  31.67
 wrfout_d04_2016-05-07_08:00:00 999.00  26.47  24.59  28.92  26.50  30.32  31.29  27.56  31.53  29.98  27.15  26.21 999.00  30.39  32.78  28.44  28.79  29.48  19.61  31.34  11.60  27.07  27.88  28.33  32.63  31.64  29.88  31.19  28.27  28.52  31.10
 wrfout_d04_2016-05-07_09:00:00 999.00  26.47  24.27  27.47  25.35  29.81  31.31  27.04  31.26  29.67  27.75  26.41 999.00  30.10  32.10  28.70  27.36  28.98  18.15  30.35  11.26  27.12  27.90  27.98  31.72  30.67  28.90  30.78  27.71  27.81  30.19
 wrfout_d04_2016-05-07_10:00:00 999.00  26.53  22.90  26.48  24.01  28.02  30.51  26.45  30.96  28.98  27.65  26.35 999.00  29.44  31.25  26.41  25.55  28.18  16.79  29.34  10.63  27.15  27.90  27.24  30.36  29.73  28.67  30.22  26.42  26.62  29.14
 wrfout_d04_2016-05-07_11:00:00 999.00  26.52  22.49  25.84  23.48  26.64  29.90  26.07  29.82  28.24  27.17  27.72 999.00  29.16  30.67  26.68  23.47  27.43  14.67  28.27   8.13  27.16  27.90  26.86  29.57  29.06  28.37  29.75  24.85  25.96  28.35
 wrfout_d04_2016-05-07_12:00:00 999.00  26.47  22.22  25.50  22.24  26.73  30.78  25.67  28.90  27.67  27.92  26.67 999.00  29.10  30.43  26.22  22.65  27.24  14.27  27.88   7.91  27.12  27.90  26.72  29.18  28.73  28.21  29.78  24.58  25.53  28.04
 wrfout_d04_2016-05-07_13:00:00 999.00  26.79  21.46  24.68  22.44  25.77  29.42  25.21  28.48  28.16  28.06  26.27 999.00  28.80  30.05  28.58  22.08  27.03  13.76  27.60   8.92  27.07  27.80  26.76  28.99  28.48  28.22  29.52  24.13  24.89  27.81
 wrfout_d04_2016-05-07_14:00:00 999.00  26.68  20.82  24.26  21.74  25.54  28.49  24.84  27.82  27.36  26.72  25.57 999.00  28.51  29.41  28.97  21.67  26.81  13.34  27.33   7.58  27.15  27.71  25.99  28.72  28.23  28.01  29.52  23.86  24.59  27.41
 wrfout_d04_2016-05-07_15:00:00 999.00  26.71  20.00  24.06  20.79  25.25  27.65  24.50  27.20  26.64  26.33  25.53 999.00  28.37  29.00  28.42  21.22  26.58  12.96  26.88   6.61  27.16  27.67  26.26  28.37  28.10  27.49  29.11  23.59  24.23  27.10
 wrfout_d04_2016-05-07_16:00:00 999.00  26.75  19.82  23.79  20.73  25.00  26.89  24.26  26.54  26.00  25.65  25.85 999.00  28.05  28.59  27.41  20.70  26.48  12.55  26.40   6.46  27.21  27.82  25.93  28.18  28.15  26.70  28.82  23.30  24.19  26.81
 wrfout_d04_2016-05-07_17:00:00 999.00  26.58  19.58  23.58  20.39  24.91  26.41  23.97  26.10  25.60  25.43  25.81 999.00  27.67  28.09  27.07  20.27  26.44  12.11  26.00   6.15  27.39  27.83  25.93  28.20  27.98  27.26  28.79  23.03  23.88  26.69
 wrfout_d04_2016-05-07_18:00:00 999.00  26.63  19.22  23.35  20.06  24.94  25.99  23.66  25.77  25.00  24.95  24.58 999.00  27.48  27.50  26.72  19.85  26.39  11.72  25.69   5.80  27.38  27.79  25.28  27.93  27.72  27.15  28.65  22.82  24.48  26.49
 wrfout_d04_2016-05-07_19:00:00 999.00  26.55  19.10  23.05  19.95  24.65  25.67  23.53  25.34  24.60  24.88  24.64 999.00  27.18  27.12  26.59  19.46  26.42  11.36  25.56   6.93  27.34  27.53  25.16  26.99  27.51  26.80  28.27  22.94  24.51  26.38
 wrfout_d04_2016-05-07_20:00:00 999.00  26.48  18.90  22.93  19.76  24.32  25.27  23.57  24.99  24.20  24.52  24.45 999.00  26.81  26.78  26.61  19.16  26.24  11.05  25.14   6.42  27.39  27.39  25.08  25.98  27.48  26.61  27.89  22.61  24.45  26.24
 wrfout_d04_2016-05-07_21:00:00 999.00  26.45  18.68  22.80  19.52  24.02  24.95  23.23  24.86  23.78  24.32  24.08 999.00  26.61  26.42  26.43  18.90  25.90  10.90  24.99   6.21  27.48  27.31  24.77  25.53  26.13  26.67  27.85  22.50  24.35  26.24
 wrfout_d04_2016-05-07_22:00:00 999.00  25.95  21.07  24.78  22.09  24.90  25.33  24.62  25.36  24.04  26.20  26.15 999.00  26.36  26.49  26.93  21.91  26.86  14.56  25.26   9.13  27.48  25.60  25.89  25.95  26.44  26.95  28.18  24.73  25.61  26.54
 wrfout_d04_2016-05-07_23:00:00 999.00  25.43  22.79  26.39  23.70  26.49  26.32  25.54  26.50  26.09  27.55  28.02 999.00  27.50  27.38  28.16  24.25  28.02  17.38  26.57  11.79  27.49  26.14  27.13  27.60  28.06  28.25  29.25  27.86  26.79  27.98
