 wrfout_d04_2016-10-29_00:00:00 999.00  25.22  19.46  25.66  20.94  24.52  25.20  25.30  24.85  25.98  25.20  25.39 999.00  27.07  25.71  27.20  23.35  26.85  17.61  25.73  11.69  26.65  26.28  27.19  27.30  27.44  28.59  28.99  26.65  27.47  27.90
 wrfout_d04_2016-10-29_01:00:00 999.00  25.11  19.42  25.53  21.22  24.59  25.76  25.72  24.95  26.56  25.11  25.10 999.00  27.53  26.28  27.79  24.60  25.90  19.31  27.22  12.87  27.02  26.86  27.85  28.61  28.84  29.36  29.69  27.44  28.10  28.90
 wrfout_d04_2016-10-29_02:00:00 999.00  25.12  19.52  25.67  21.60  24.74  25.62  25.81  25.23  27.34  25.22  24.99 999.00  27.60  27.66  28.66  24.91  26.17  19.94  28.41  13.18  26.98  26.99  28.44  30.09  29.93  29.89  30.26  28.00  28.54  29.81
 wrfout_d04_2016-10-29_03:00:00 999.00  25.05  19.43  26.47  21.75  24.51  25.32  26.06  25.12  27.62  25.12  25.25 999.00  28.67  29.39  28.88  25.14  26.58  20.30  28.13  13.75  26.75  27.07  28.41  30.54  30.82  30.01  30.69  28.42  28.74  30.23
 wrfout_d04_2016-10-29_04:00:00 999.00  24.90  19.34  26.27  21.85  24.28  25.65  25.96  25.65  27.63  25.01  25.60 999.00  28.76  31.34  28.04  25.55  26.51  20.10  28.08  12.47  26.67  27.22  28.37  31.42  31.17  29.34  30.78  28.66  28.73  30.43
 wrfout_d04_2016-10-29_05:00:00 999.00  24.85  19.11  25.62  21.54  24.28  25.48  25.72  25.07  27.01  25.37  24.99 999.00  28.24  31.48  27.02  26.39  26.81  20.05  28.31  12.09  26.60  27.42  28.20  31.56  31.37  29.93  30.85  28.43  28.66  30.33
 wrfout_d04_2016-10-29_06:00:00 999.00  24.96  19.01  25.11  20.94  23.83  25.57  24.67  25.18  26.14  25.00  24.58 999.00  27.81  31.28  26.89  26.35  26.48  19.63  28.27  11.78  26.49  27.72  25.65  30.83  30.79  29.86  29.95  28.11  28.49  30.27
 wrfout_d04_2016-10-29_07:00:00 999.00  24.97  18.86  24.66  20.57  23.96  25.05  24.48  24.63  25.22  24.45  24.45 999.00  26.75  29.95  26.84  25.51  26.09  18.21  28.24  10.88  26.58  27.69  25.08  30.43  31.17  27.89  30.35  27.72  27.98  29.67
 wrfout_d04_2016-10-29_08:00:00 999.00  24.90  18.77  24.06  20.02  24.01  24.67  24.37  24.31  25.00  24.31  24.30 999.00  26.21  28.52  26.34  24.33  25.82  17.10  27.71   9.99  26.46  27.22  25.53  29.59  29.95  27.56  29.86  26.79  27.23  28.94
 wrfout_d04_2016-10-29_09:00:00 999.00  24.77  18.53  23.42  19.36  23.38  24.53  24.14  24.22  24.25  24.14  24.08 999.00  25.21  26.07  25.81  23.43  25.39  15.42  26.14   8.42  26.30  26.97  24.45  28.29  28.39  27.48  29.90  25.55  26.33  28.27
 wrfout_d04_2016-10-29_10:00:00 999.00  24.83  18.47  23.23  19.31  23.32  24.18  24.07  23.98  23.98  23.93  24.07 999.00  25.00  25.39  25.44  21.98  25.35  14.49  24.71   8.36  26.39  26.89  24.75  26.88  27.03  26.83  29.97  25.07  26.07  27.80
 wrfout_d04_2016-10-29_11:00:00 999.00  24.67  18.22  23.11  19.08  23.55  24.08  23.97  23.96  24.04  23.83  23.86 999.00  24.86  25.33  25.50  21.15  25.42  14.01  24.17   9.76  26.33  26.44  24.65  25.92  26.08  26.67  30.29  24.87  25.98  27.56
 wrfout_d04_2016-10-29_12:00:00 999.00  24.64  18.04  23.04  18.91  23.10  23.96  24.04  23.91  23.95  23.76  23.95 999.00  24.63  25.17  24.98  20.65  25.24  15.49  23.93   8.19  26.18  26.23  24.67  25.33  25.41  26.14  29.36  24.85  26.04  27.19
 wrfout_d04_2016-10-29_13:00:00 999.00  24.58  17.94  22.87  18.76  23.06  23.75  23.97  23.58  23.80  23.64  24.01 999.00  24.56  24.84  24.70  20.36  25.20  14.51  23.61   9.23  26.20  25.89  24.66  25.03  25.10  26.04  28.82  24.54  26.06  27.08
 wrfout_d04_2016-10-29_14:00:00 999.00  24.42  17.65  22.59  18.55  22.72  23.64  23.91  23.25  23.78  23.32  24.03 999.00  24.42  24.65  24.42  21.29  25.19  14.94  23.08   9.24  26.15  25.53  24.43  24.72  24.80  26.25  28.46  24.10  25.83  26.75
 wrfout_d04_2016-10-29_15:00:00 999.00  24.30  17.44  22.44  18.35  22.95  23.38  23.60  23.03  23.28  22.94  23.35 999.00  24.42  24.51  24.15  21.13  25.05  14.62  22.69   9.10  25.96  25.60  24.79  24.39  24.52  25.78  27.67  23.98  25.81  26.50
 wrfout_d04_2016-10-29_16:00:00 999.00  24.39  17.28  22.22  18.09  23.04  23.29  23.58  22.98  23.37  22.81  23.18 999.00  24.07  24.55  23.79  21.07  24.75  14.27  22.26   9.16  25.94  25.63  24.74  24.08  24.15  26.36  27.15  23.81  25.84  26.56
 wrfout_d04_2016-10-29_17:00:00 999.00  24.15  17.06  22.18  17.97  23.13  23.11  23.42  22.80  23.33  22.78  23.42 999.00  23.96  24.43  24.03  21.24  24.80  14.43  22.36   8.92  25.83  25.59  24.86  23.80  23.96  26.50  26.84  24.12  25.80  26.42
 wrfout_d04_2016-10-29_18:00:00 999.00  23.88  16.87  22.21  17.77  22.52  23.04  23.44  22.78  23.04  22.72  23.28 999.00  24.08  24.48  23.74  21.02  24.80  14.01  22.48   8.87  25.76  25.48  24.79  23.69  23.64  26.77  26.49  24.62  25.66  26.27
 wrfout_d04_2016-10-29_19:00:00 999.00  23.57  16.68  21.81  17.61  22.34  22.55  23.25  22.36  23.02  22.52  22.99 999.00  23.90  24.12  23.62  20.93  24.69  13.45  22.46   8.83  25.67  25.31  24.69  23.53  23.69  26.64  26.26  24.59  25.60  26.22
 wrfout_d04_2016-10-29_20:00:00 999.00  23.58  16.63  21.71  17.49  21.95  22.33  22.75  22.23  22.73  22.38  22.60 999.00  23.80  24.05  24.02  20.75  24.47  13.70  22.34   8.36  25.92  25.10  24.44  23.24  23.41  26.40  26.15  24.31  25.55  25.79
 wrfout_d04_2016-10-29_21:00:00 999.00  23.62  16.58  21.70  17.44  21.86  22.23  22.53  22.11  22.61  22.22  22.35 999.00  23.85  23.97  24.64  20.63  24.57  13.87  22.40   8.22  26.02  25.04  24.04  23.33  23.47  26.57  26.11  24.41  25.47  26.28
 wrfout_d04_2016-10-29_22:00:00 999.00  23.68  16.59  21.63  17.45  21.87  22.26  22.60  22.13  22.49  22.21  22.36 999.00  23.66  23.87  24.56  20.33  24.44  13.74  22.31   7.95  26.12  24.96  23.38  23.29  23.39  25.61  26.33  24.54  25.40  26.06
 wrfout_d04_2016-10-29_23:00:00 999.00  23.81  16.60  22.25  17.82  21.93  22.46  22.59  22.20  22.79  22.45  22.99 999.00  23.79  23.79  24.49  21.09  24.66  14.38  22.36   8.40  25.90  24.90  24.19  23.29  23.45  25.07  26.55  23.15  26.16  26.75
