 wrfout_d04_2016-05-06_00:00:00 999.00  25.94  23.12  28.84  24.38  28.22  28.53  27.47  28.74  29.41  28.77  29.19 999.00  29.47  29.40  29.16  28.34  28.48  19.03  27.91  11.75  27.15  27.72  27.17  29.84  29.79  28.72  29.85  27.73  27.83  29.14
 wrfout_d04_2016-05-06_01:00:00 999.00  26.39  24.48  30.29  25.93  30.32  30.77  27.73  30.98  30.49  30.42  30.21 999.00  31.07  31.24  30.33  28.52  29.34  19.93  29.32  12.38  27.61  28.11  27.44  30.99  30.73  29.51  30.52  27.94  28.50  29.95
 wrfout_d04_2016-05-06_02:00:00 999.00  26.32  25.74  30.72  27.26  31.87  32.63  28.15  32.55  31.30  31.56  30.91 999.00  31.70  32.87  30.68  29.34  29.80  20.70  30.47  13.00  27.64  28.35  27.82  32.26  31.61  30.13  31.18  29.03  29.04  30.84
 wrfout_d04_2016-05-06_03:00:00 999.00  26.27  26.48  31.25  28.24  31.88  33.90  28.22  34.14  31.50  32.28  31.26 999.00  31.74  34.24  30.74  30.04  30.10  21.32  31.81  13.42  27.64  28.56  28.18  33.37  32.46  30.59  31.76  29.52  29.37  31.39
 wrfout_d04_2016-05-06_04:00:00 999.00  26.40  26.72  31.21  28.58  30.38  35.02  28.16  35.00  31.34  32.98  31.59 999.00  31.79  35.24  30.79  30.58  30.25  21.62  32.95  13.63  27.60  28.60  28.20  33.95  32.86  30.79  32.08  29.36  29.54  31.65
 wrfout_d04_2016-05-06_05:00:00 999.00  26.53  26.68  30.86  28.45  30.45  35.12  27.87  34.94  31.07  33.06  31.72 999.00  31.80  35.75  30.35  30.97  30.19  21.70  33.75  13.62  27.55  28.52  28.11  34.23  33.03  29.89  32.12  30.25  29.56  31.87
 wrfout_d04_2016-05-06_06:00:00 999.00  26.48  26.59  30.42  28.24  30.34  34.52  27.75  34.26  30.77  32.98  31.48 999.00  31.73  35.67  30.77  30.92  29.86  21.46  33.87  13.35  27.50  28.44  27.81  34.18  32.89  29.61  31.96  30.68  29.36  31.94
 wrfout_d04_2016-05-06_07:00:00 999.00  26.41  26.18  29.70  27.64  29.96  33.76  27.46  33.63  30.13  32.87  31.43 999.00  31.44  35.29  30.68  30.46  29.61  20.94  33.14  12.86  27.44  28.32  27.83  33.63  32.54  29.41  31.63  30.73  28.98  31.75
 wrfout_d04_2016-05-06_08:00:00 999.00  26.31  25.50  29.20  26.85  29.66  32.89  27.12  32.77  29.30  32.48  31.16 999.00  30.83  34.35  30.45  29.62  29.17  19.97  32.12  12.16  27.34  28.23  28.17  32.94  31.82  29.34  31.24  30.35  28.47  31.34
 wrfout_d04_2016-05-06_09:00:00 999.00  26.36  24.07  27.86  25.41  28.85  31.64  26.44  31.56  28.14  31.73  30.32 999.00  29.92  32.97  29.91  28.29  28.53  18.59  30.64  11.17  27.17  28.15  28.09  31.69  30.73  28.93  30.66  29.16  27.74  30.48
 wrfout_d04_2016-05-06_10:00:00 999.00  26.49  22.83  26.60  24.05  27.81  30.12  26.16  30.14  27.12  30.56  29.16 999.00  28.95  31.17  29.33  26.15  27.78  16.88  29.05   9.93  27.06  28.08  27.35  30.48  29.82  28.66  29.95  27.14  26.62  29.60
 wrfout_d04_2016-05-06_11:00:00 999.00  26.54  22.07  26.03  22.67  27.36  28.86  26.04  29.48  26.63  29.41  28.70 999.00  28.32  29.84  29.08  24.12  27.18  14.68  28.05   9.31  27.02  27.97  26.78  29.56  28.84  28.55  29.53  25.25  26.09  28.88
 wrfout_d04_2016-05-06_12:00:00 999.00  26.32  22.20  25.88  22.79  27.09  28.56  26.10  28.78  26.50  28.87  28.46 999.00  28.04  29.12  28.71  23.16  26.92  14.24  27.62   9.30  26.96  27.86  26.61  28.78  28.28  28.30  29.38  24.92  25.86  28.62
 wrfout_d04_2016-05-06_13:00:00 999.00  26.34  22.24  25.64  22.94  26.89  28.43  26.22  28.19  26.42  28.60  28.35 999.00  27.82  28.61  28.51  22.51  26.71  13.92  27.21   8.94  26.94  27.72  26.54  28.29  28.00  28.15  29.01  24.88  25.77  28.40
 wrfout_d04_2016-05-06_14:00:00 999.00  26.27  21.66  25.12  21.42  26.63  28.12  26.23  27.73  26.40  28.47  28.12 999.00  27.64  28.33  28.25  21.86  26.51  13.40  26.75   7.96  26.86  27.54  26.36  28.03  27.74  28.22  28.79  24.23  25.82  28.15
 wrfout_d04_2016-05-06_15:00:00 999.00  26.27  21.67  24.97  21.22  27.26  27.70  25.33  27.29  26.14  28.98  28.30 999.00  27.32  27.88  28.11  21.28  26.30  12.97  26.37   6.71  26.76  27.40  26.01  27.73  27.48  28.10  28.45  23.84  25.73  27.86
 wrfout_d04_2016-05-06_16:00:00 999.00  26.26  21.71  24.73  21.09  26.59  27.47  25.46  26.84  25.73  28.30  27.69 999.00  26.97  27.46  28.19  20.80  26.09  12.67  25.87   6.89  26.72  27.29  25.41  27.40  27.26  27.92  28.04  23.42  25.55  27.50
 wrfout_d04_2016-05-06_17:00:00 999.00  26.35  21.43  24.43  20.84  26.11  27.01  24.56  26.44  25.60  27.71  27.30 999.00  26.62  26.98  28.08  20.43  25.91  12.28  25.43   6.11  26.65  26.83  25.23  27.23  27.11  27.84  28.00  23.03  25.42  27.31
 wrfout_d04_2016-05-06_18:00:00 999.00  26.36  21.31  24.23  20.71  25.70  26.51  24.16  26.23  25.09  26.93  26.87 999.00  26.30  26.59  27.91  20.12  25.68  11.96  24.86   5.96  26.60  25.83  25.07  26.87  26.86  27.40  28.02  22.79  25.33  27.03
 wrfout_d04_2016-05-06_19:00:00 999.00  26.26  20.68  24.06  20.66  25.53  26.09  23.87  25.85  24.58  26.74  26.55 999.00  26.13  26.29  27.66  19.89  25.18  11.77  24.41   6.51  26.64  25.31  24.96  26.23  26.49  27.01  27.94  22.75  25.29  26.76
 wrfout_d04_2016-05-06_20:00:00 999.00  26.19  20.02  23.79  20.64  25.26  25.68  23.62  25.44  24.04  26.31  26.11 999.00  26.00  26.00  27.53  19.72  24.89  11.66  23.87   7.00  26.72  24.74  24.88  26.12  26.61  26.48  27.69  22.56  24.96  26.63
 wrfout_d04_2016-05-06_21:00:00 999.00  26.25  19.92  23.56  20.65  24.95  25.35  23.43  25.10  23.67  26.01  25.81 999.00  25.72  25.73  27.21  19.57  24.73  11.59  23.67   7.41  26.52  24.91  24.81  26.41  26.44  26.21  27.53  22.45  24.96  26.44
 wrfout_d04_2016-05-06_22:00:00 999.00  26.31  22.64  26.21  23.79  25.93  26.00  24.81  26.11  24.83  26.97  27.13 999.00  25.88  25.82  27.63  22.60  25.91  14.65  23.82   9.91  26.28  24.77  26.60  25.96  26.02  26.94  27.69  24.49  26.09  26.94
 wrfout_d04_2016-05-06_23:00:00 999.00  26.38  24.34  27.75  25.36  27.56  27.78  27.24  27.86  27.56  28.45  28.58 999.00  27.15  26.91  28.88  25.42  26.86  18.47  25.43  12.08  26.53  25.99  27.91  26.91  27.10  28.24  28.71  26.57  26.90  28.29
