 wrfout_d04_2016-11-16_00:00:00 999.00  23.06  17.43  23.97  19.26  22.82  23.79  23.57  23.83  23.77  22.33  22.96 999.00  24.04  24.68  24.66  22.09  24.57  15.46  23.24   9.36  24.87  24.25  22.70  24.08  24.65  22.70  27.46  22.78  26.16  26.69
 wrfout_d04_2016-11-16_01:00:00 999.00  23.10  18.05  25.14  20.14  23.53  24.88  24.49  25.14  25.38  22.50  23.43 999.00  25.72  26.12  25.89  23.38  25.19  16.61  24.84   9.60  24.99  24.71  22.81  25.97  26.43  23.60  28.24  23.04  26.81  27.60
 wrfout_d04_2016-11-16_02:00:00 999.00  23.19  18.81  26.13  20.80  23.40  25.61  25.74  26.35  26.98  22.50  23.83 999.00  26.91  27.52  26.52  24.81  25.64  16.89  26.46   9.88  25.02  25.10  23.21  27.53  27.78  23.82  28.74  25.12  27.28  28.24
 wrfout_d04_2016-11-16_03:00:00 999.00  23.29  19.36  26.65  21.23  23.64  26.12  26.42  26.96  28.22  22.75  24.95 999.00  27.69  28.88  26.14  25.76  25.94  16.32  27.64   9.78  24.98  25.28  24.12  28.93  28.96  24.42  28.64  26.16  27.57  28.77
 wrfout_d04_2016-11-16_04:00:00 999.00  23.34  19.91  27.12  21.68  23.98  26.40  26.42  27.39  29.25  24.27  25.28 999.00  27.81  30.09  26.17  26.19  26.16  15.18  28.70   8.95  24.99  25.52  24.11  29.79  29.48  24.59  29.14  26.31  27.66  28.84
 wrfout_d04_2016-11-16_05:00:00 999.00  23.40  19.85  27.26  21.56  24.11  26.43  26.09  27.60  29.32  25.27  25.57 999.00  27.92  31.10  26.02  26.15  26.18  14.84  29.27   9.09  25.02  25.75  24.29  30.01  29.78  24.84  29.38  25.23  27.50  28.95
 wrfout_d04_2016-11-16_06:00:00 999.00  23.41  19.69  27.00  21.30  24.00  26.26  25.78  27.40  29.10  24.74  25.15 999.00  27.68  31.28  26.01  25.74  26.06  15.05  29.64   9.31  25.06  25.94  25.42  29.85  29.73  26.95  29.40  26.07  27.15  28.78
 wrfout_d04_2016-11-16_07:00:00 999.00  23.49  18.95  26.21  20.48  24.06  25.71  25.27  26.75  28.55  24.61  24.66 999.00  26.91  30.55  25.65  25.11  25.74  15.11  29.62   9.27  25.12  26.18  25.35  29.33  29.24  26.38  29.10  25.56  26.62  28.05
 wrfout_d04_2016-11-16_08:00:00 999.00  23.61  17.96  24.69  19.38  23.77  24.94  24.58  25.63  26.97  24.45  24.49 999.00  25.94  28.46  25.32  24.14  25.20  14.95  28.79   9.12  25.18  26.32  24.63  28.61  28.56  25.99  28.71  24.88  25.80  27.55
 wrfout_d04_2016-11-16_09:00:00 999.00  23.72  16.87  21.64  18.28  23.45  23.76  23.75  24.22  25.33  24.04  24.46 999.00  24.92  27.03  25.22  20.95  24.58  12.33  26.56   8.53  25.25  26.34  23.69  27.60  27.59  25.89  28.30  23.62  24.59  26.65
 wrfout_d04_2016-11-16_10:00:00 999.00  23.80  16.90  21.23  18.25  22.48  23.38  23.29  23.40  23.86  23.55  24.50 999.00  24.57  25.75  25.02  19.75  24.37  10.79  25.05   5.34  25.27  26.38  23.87  26.49  26.90  25.63  28.24  22.72  24.34  26.26
 wrfout_d04_2016-11-16_11:00:00 999.00  23.87  16.95  21.11  18.27  21.90  23.11  23.00  23.04  23.19  23.23  24.48 999.00  24.53  25.51  24.80  19.13  24.19  10.23  24.18   3.86  25.31  26.34  23.77  26.17  26.16  25.48  28.13  22.43  24.21  25.95
 wrfout_d04_2016-11-16_12:00:00 999.00  23.95  16.99  21.54  18.26  21.52  22.96  22.70  22.85  22.71  22.93  24.39 999.00  24.30  24.84  24.93  18.67  24.10   9.92  23.72   3.25  25.33  25.55  23.84  25.64  25.95  25.14  28.08  22.22  24.13  25.72
 wrfout_d04_2016-11-16_13:00:00 999.00  24.08  16.93  21.29  18.23  20.95  22.87  22.47  22.69  22.32  22.74  24.37 999.00  23.80  24.38  24.94  18.35  24.03   9.60  23.29   2.60  25.42  25.21  23.65  24.79  25.15  25.11  27.94  21.97  24.00  25.40
 wrfout_d04_2016-11-16_14:00:00 999.00  24.01  16.92  21.36  18.24  20.77  22.78  22.21  22.48  21.84  22.68  23.60 999.00  23.28  24.35  24.74  17.98  23.95   9.17  22.84   2.12  25.38  24.92  22.27  24.26  24.65  25.05  27.86  21.75  23.97  25.24
 wrfout_d04_2016-11-16_15:00:00 999.00  24.01  17.04  21.17  18.28  20.72  22.74  21.99  22.30  21.48  21.34  22.42 999.00  23.01  24.26  24.48  17.62  23.87   8.77  22.50   1.66  25.34  24.85  21.88  23.74  24.19  24.89  27.56  21.58  23.93  24.82
 wrfout_d04_2016-11-16_16:00:00 999.00  24.13  17.05  21.58  18.24  20.31  22.60  21.88  22.08  20.96  20.91  21.72 999.00  22.77  24.00  24.41  17.33  23.80   8.41  22.17   1.27  25.32  24.68  21.77  23.40  23.71  24.75  26.73  21.42  23.85  24.49
 wrfout_d04_2016-11-16_17:00:00 999.00  24.15  17.05  21.65  18.26  20.21  22.55  21.74  21.84  20.55  20.72  21.41 999.00  22.65  23.71  24.32  17.03  23.71   8.08  22.14   1.18  25.27  24.67  21.65  23.28  23.52  24.63  26.46  21.20  23.78  24.58
 wrfout_d04_2016-11-16_18:00:00 999.00  24.15  17.05  21.74  18.23  19.92  22.49  21.61  21.54  19.95  22.10  21.10 999.00  22.44  23.34  24.04  16.67  23.57   7.79  21.83   1.09  25.19  24.36  21.73  22.98  23.29  24.52  26.11  21.12  23.75  24.22
 wrfout_d04_2016-11-16_19:00:00 999.00  24.11  17.08  21.72  18.27  19.80  22.41  21.38  21.15  19.50  22.22  20.94 999.00  22.00  23.03  23.41  16.25  23.51   7.51  21.73   1.03  25.11  24.05  21.55  22.74  23.04  23.56  25.77  20.89  23.71  24.18
 wrfout_d04_2016-11-16_20:00:00 999.00  24.12  17.10  21.80  18.28  19.57  22.27  20.91  20.68  18.97  22.20  21.65 999.00  21.44  22.47  22.80  15.86  23.46   7.25  21.29   1.06  25.04  23.67  21.41  22.53  22.80  22.80  25.19  20.90  23.69  24.19
 wrfout_d04_2016-11-16_21:00:00 999.00  24.12  17.10  21.90  18.28  19.41  22.14  20.22  20.18  18.55  22.31  22.27 999.00  21.13  21.97  23.67  15.50  23.43   7.03  20.98   1.12  25.02  23.63  21.37  22.24  22.62  22.53  24.92  20.75  23.67  23.98
 wrfout_d04_2016-11-16_22:00:00 999.00  24.10  17.16  21.97  18.32  19.42  22.08  19.76  20.08  18.28  22.36  22.61 999.00  21.13  21.80  23.74  15.21  23.44   6.87  21.00   1.15  24.97  23.62  21.30  22.15  22.71  22.74  25.03  20.72  23.62  24.17
 wrfout_d04_2016-11-16_23:00:00 999.00  24.10  17.74  23.06  19.13  22.53  22.97  22.06  22.49  19.93  22.73  22.95 999.00  22.41  22.42  24.18  18.84  23.95  11.37  21.58   5.89  24.94  23.60  23.72  22.42  23.06  24.47  25.52  22.70  24.47  24.85
