 wrfout_d04_2016-08-19_00:00:00 999.00  28.46  25.12  29.72  26.25  29.88  30.01  29.62  30.34  30.06  29.98  29.66 999.00  30.49  29.86  30.34  24.82  30.35  18.37  29.80  12.82  28.98  29.05  29.66  30.55  30.58  31.15  31.35  28.34  29.56  30.37
 wrfout_d04_2016-08-19_01:00:00 999.00  29.00  25.83  30.79  27.23  30.95  31.41  30.26  31.67  31.45  30.90  30.21 999.00  31.84  31.11  30.87  27.52  29.73  19.68  30.68  11.97  28.15  28.69  29.86  29.74  29.95  30.90  31.82  29.18  29.88  30.51
 wrfout_d04_2016-08-19_02:00:00 999.00  28.97  26.76  31.31  28.24  31.60  32.69  30.53  32.95  32.35  31.71  30.93 999.00  32.76  32.69  31.29  28.39  31.10  18.76  31.86  12.23  28.17  28.87  30.44  30.85  32.51  31.63  32.46  29.80  30.61  31.85
 wrfout_d04_2016-08-19_03:00:00 999.00  29.01  27.42  31.59  28.99  31.78  33.63  30.58  33.90  32.69  31.95  31.46 999.00  32.71  33.99  31.66  28.81  31.58  17.66  32.81  12.97  28.20  29.03  30.59  33.77  33.59  30.41  32.73  30.16  31.13  32.61
 wrfout_d04_2016-08-19_04:00:00 999.00  29.04  27.72  31.71  29.32  31.87  34.39  30.55  34.76  33.00  31.93  31.82 999.00  32.78  34.97  31.86  27.03  31.75  17.60  33.60  12.39  28.24  28.82  30.59  34.55  33.67  29.49  32.93  30.03  31.36  33.03
 wrfout_d04_2016-08-19_05:00:00 999.00  29.02  27.76  31.62  29.47  31.75  34.38  30.62  34.88  33.07  31.86  31.73 999.00  32.72  34.84  31.92  28.31  31.71  17.27  32.76  12.53  28.25  28.60  29.28  34.38  33.39  28.51  32.79  26.55  31.43  32.96
 wrfout_d04_2016-08-19_06:00:00 999.00  29.00  27.45  31.45  29.12  31.47  34.09  30.57  34.57  33.01  31.59  31.57 999.00  32.37  34.64  30.90  28.25  31.61  17.26  33.02  12.30  28.25  28.58  29.60  33.99  33.02  30.02  32.64  26.51  31.45  32.74
 wrfout_d04_2016-08-19_07:00:00 999.00  28.98  26.95  31.17  28.57  31.10  33.73  30.20  34.32  32.52  30.86  30.65 999.00  31.91  34.17  31.09  27.78  31.35  16.09  32.49  11.33  28.30  28.35  29.23  33.32  32.50  29.85  32.04  30.89  30.91  32.54
 wrfout_d04_2016-08-19_08:00:00 999.00  28.96  26.59  30.78  27.89  30.86  33.28  30.09  33.81  32.26  30.88  30.39 999.00  31.42  33.21  31.15  22.26  30.92  16.57  31.43  10.78  28.30  28.52  28.89  32.61  32.02  29.64  32.22  29.64  30.16  32.16
 wrfout_d04_2016-08-19_09:00:00 999.00  28.98  25.73  30.21  27.13  30.44  32.82  29.67  33.34  31.86  24.78  28.21 999.00  30.67  32.47  30.94  20.57  30.45  15.37  29.80  10.15  28.30  28.61  28.78  31.55  30.99  30.67  31.64  27.97  29.23  31.12
 wrfout_d04_2016-08-19_10:00:00 999.00  28.98  24.52  29.24  25.83  30.23  32.21  28.90  32.70  31.08  26.24  27.18 999.00  30.41  30.40  30.28  21.78  29.77  15.33  29.35  10.09  28.27  28.55  27.83  30.90  30.55  29.67  31.19  26.81  27.74  30.72
 wrfout_d04_2016-08-19_11:00:00 999.00  28.92  23.36  27.95  24.27  29.50  31.56  28.34  32.35  30.09  25.51  28.92 999.00  29.12  27.23  29.81  21.18  29.14  14.97  28.63   9.38  28.20  28.42  27.26  29.99  29.83  29.03  31.03  25.86  26.51  29.99
 wrfout_d04_2016-08-19_12:00:00 999.00  28.92  23.06  27.54  24.03  29.11  30.90  28.29  31.61  29.41  26.84  29.44 999.00  28.73  27.87  29.60  20.80  28.72  14.79  29.16   9.89  28.12  28.29  26.76  29.33  29.37  28.41  30.66  25.22  26.09  29.62
 wrfout_d04_2016-08-19_13:00:00 999.00  28.95  22.65  27.24  23.55  28.78  30.38  28.05  30.74  29.05  27.88  28.79 999.00  28.54  27.92  29.25  20.93  28.33  12.97  28.49   7.04  28.02  28.11  26.45  29.07  28.98  28.43  29.98  24.99  25.73  29.24
 wrfout_d04_2016-08-19_14:00:00 999.00  28.92  22.30  27.05  23.20  28.48  29.99  27.95  30.27  28.89  27.66  28.39 999.00  28.62  28.14  28.72  20.89  28.21  12.83  28.24   6.89  27.99  27.79  26.06  28.80  28.82  27.56  29.69  24.86  25.47  28.89
 wrfout_d04_2016-08-19_15:00:00 999.00  28.84  22.11  26.83  22.99  28.29  29.65  27.68  29.85  28.58  27.53  28.14 999.00  28.47  28.08  28.28  20.75  28.07  12.83  27.73   6.62  27.98  27.62  25.88  28.42  28.57  27.29  29.43  24.58  25.28  28.54
 wrfout_d04_2016-08-19_16:00:00 999.00  28.84  21.91  26.63  22.83  28.05  29.23  27.29  29.41  28.30  28.58  27.93 999.00  28.29  27.98  28.31  20.65  27.88  12.61  27.42   6.24  27.94  27.55  25.71  28.31  28.28  26.81  29.11  24.41  25.11  28.26
 wrfout_d04_2016-08-19_17:00:00 999.00  28.84  21.75  26.41  22.71  28.00  29.05  27.06  29.12  27.90  28.26  27.85 999.00  28.23  27.85  28.29  20.35  27.73  12.27  27.24   5.92  27.89  27.46  25.50  27.51  28.07  26.43  28.96  24.14  24.98  28.00
 wrfout_d04_2016-08-19_18:00:00 999.00  28.94  21.47  26.13  22.42  27.81  28.84  26.84  28.65  27.54  27.68  27.55 999.00  28.13  27.77  28.39  20.13  27.65  12.07  27.02   5.66  27.87  26.82  25.31  27.21  27.71  25.98  28.74  23.94  24.81  27.68
 wrfout_d04_2016-08-19_19:00:00 999.00  28.95  21.23  25.83  22.10  27.58  28.60  26.66  28.35  27.14  27.38  27.77 999.00  28.01  27.60  28.02  20.00  27.58  11.94  26.82   5.51  27.85  26.42  25.24  26.90  27.45  25.64  28.69  23.76  24.74  27.55
 wrfout_d04_2016-08-19_20:00:00 999.00  28.93  21.41  25.71  21.94  27.20  28.20  26.31  28.01  26.58  27.00  27.26 999.00  27.98  27.37  27.62  19.91  27.53  11.79  26.47   5.35  27.82  26.34  25.17  26.62  27.15  25.41  28.57  23.52  24.59  27.30
 wrfout_d04_2016-08-19_21:00:00 999.00  28.87  21.64  25.49  22.05  26.89  27.90  26.02  27.72  26.35  26.65  27.05 999.00  27.80  27.18  27.27  19.82  27.57  11.61  26.23   5.29  27.77  26.26  25.10  26.71  26.87  25.15  28.59  23.42  24.47  27.20
 wrfout_d04_2016-08-19_22:00:00 999.00  28.80  22.12  26.80  23.22  27.07  28.01  26.66  27.68  26.39  28.04  28.48 999.00  27.75  27.15  28.00  20.97  27.49  12.68  26.21   6.73  27.76  26.17  25.99  26.26  26.77  25.92  28.81  24.47  25.23  27.27
 wrfout_d04_2016-08-19_23:00:00 999.00  28.84  23.35  29.41  24.50  28.50  28.72  28.19  28.55  28.28  28.93  29.30 999.00  28.45  27.99  29.30  25.99  28.43  17.62  27.13  11.97  27.81  26.47  28.40  27.46  27.93  28.60  29.65  28.76  28.08  28.34
