 wrfout_d04_2016-10-10_00:00:00 999.00  24.31  19.24  23.06  20.01  22.94  23.86  23.60  23.73  24.37  24.43  24.81 999.00  24.91  24.26  25.58  24.88  25.66  16.49  23.22  11.11  26.89  25.24  26.50  24.91  25.43  26.69  29.73  25.64  27.38  28.50
 wrfout_d04_2016-10-10_01:00:00 999.00  24.21  19.24  22.93  20.16  23.13  24.32  23.66  23.68  24.26  24.93  24.98 999.00  26.44  27.18  26.38  24.26  26.33  17.97  24.99  12.35  27.02  25.66  27.45  26.19  27.10  26.12  30.53  25.84  28.05  29.13
 wrfout_d04_2016-10-10_02:00:00 999.00  24.57  19.35  23.13  20.01  23.51  24.33  23.86  23.86  24.21  25.36  24.85 999.00  27.59  28.61  28.36  25.37  26.44  18.72  26.90  12.73  27.14  26.56  27.49  27.56  28.10  27.29  31.98  26.00  28.58  29.60
 wrfout_d04_2016-10-10_03:00:00 999.00  24.63  19.55  23.13  20.32  23.70  24.55  23.90  23.90  24.24  24.73  24.77 999.00  28.18  30.10  29.12  26.70  26.35  19.23  28.39  12.61  27.04  27.78  27.75  30.48  30.76  27.83  32.39  25.76  28.62  30.02
 wrfout_d04_2016-10-10_04:00:00 999.00  24.61  19.84  23.08  20.90  23.93  24.71  23.96  24.31  24.16  24.57  24.86 999.00  27.87  30.46  28.72  26.67  27.13  18.99  29.69  11.68  27.04  28.29  28.10  31.69  32.28  27.83  32.78  26.42  27.41  29.96
 wrfout_d04_2016-10-10_05:00:00 999.00  24.39  19.79  23.16  20.63  24.07  24.75  24.06  24.41  24.77  25.23  26.65 999.00  27.53  30.06  29.15  26.58  27.15  18.62  30.24  13.24  27.05  28.08  27.41  32.50  31.53  29.34  33.17  26.33  28.44  29.78
 wrfout_d04_2016-10-10_06:00:00 999.00  24.63  19.78  23.30  20.46  23.54  24.36  24.06  24.77  24.81  26.19  27.24 999.00  27.69  29.49  28.62  27.06  25.84  17.17  31.01  11.49  27.16  28.16  27.59  31.82  30.58  28.18  33.29  26.90  27.31  29.56
 wrfout_d04_2016-10-10_07:00:00 999.00  24.63  19.63  23.06  20.76  23.64  24.77  24.05  24.48  24.51  25.08  27.23 999.00  27.03  29.02  28.24  26.67  25.39  17.89  30.16  12.78  27.01  27.90  26.87  30.48  30.30  28.41  31.94  26.53  26.67  29.33
 wrfout_d04_2016-10-10_08:00:00 999.00  24.49  19.57  23.10  20.21  23.56  24.62  23.79  24.31  24.19  25.02  26.43 999.00  26.13  27.45  27.86  25.15  26.23  17.35  27.88  11.34  27.00  27.62  26.89  29.47  29.49  28.16  32.55  25.92  26.31  28.85
 wrfout_d04_2016-10-10_09:00:00 999.00  24.67  19.75  23.15  20.34  23.53  24.55  23.68  24.39  23.84  25.35  25.90 999.00  25.29  25.52  27.68  23.72  25.88  16.28  26.59  10.38  27.08  27.32  26.64  28.25  28.27  26.28  31.87  25.56  26.10  28.44
 wrfout_d04_2016-10-10_10:00:00 999.00  25.10  19.75  23.05  20.33  23.65  24.58  24.07  24.37  24.15  25.54  26.24 999.00  24.93  24.65  27.65  22.19  25.73  14.77  25.19   9.77  26.88  26.86  26.04  27.26  27.40  25.47  31.12  25.06  25.96  28.33
 wrfout_d04_2016-10-10_11:00:00 999.00  24.98  19.93  23.27  20.48  23.78  24.45  24.27  24.47  24.34  25.17  25.39 999.00  24.77  24.29  27.45  21.67  25.26  14.61  24.26   9.78  26.73  26.51  26.13  26.57  26.70  26.11  30.71  24.96  25.98  28.26
 wrfout_d04_2016-10-10_12:00:00 999.00  24.98  20.12  23.35  21.02  23.91  24.32  24.32  24.42  24.45  25.22  25.57 999.00  24.93  24.49  27.05  21.64  25.66  14.33  23.83  10.18  26.71  26.04  26.09  25.80  26.03  26.37  29.99  24.82  25.78  28.09
 wrfout_d04_2016-10-10_13:00:00 999.00  24.88  20.18  23.39  20.78  24.11  24.62  24.39  24.24  24.65  25.23  25.92 999.00  24.94  24.75  27.05  21.53  25.65  13.97  23.73   9.42  26.67  25.70  26.07  25.44  25.66  26.26  29.66  24.87  25.97  27.86
 wrfout_d04_2016-10-10_14:00:00 999.00  24.77  20.09  23.40  20.82  23.89  24.46  24.71  24.10  24.46  25.12  24.91 999.00  25.18  24.75  26.98  21.44  25.75  13.98  23.46   9.59  26.84  25.58  25.50  24.94  25.14  26.44  29.10  24.35  26.00  27.73
 wrfout_d04_2016-10-10_15:00:00 999.00  24.74  20.11  23.19  20.62  23.87  23.98  24.51  24.19  24.03  24.88  24.60 999.00  25.24  24.67  26.53  21.31  25.84  13.87  23.09   9.16  26.85  25.76  25.17  24.78  25.04  26.38  28.64  24.92  26.13  27.56
 wrfout_d04_2016-10-10_16:00:00 999.00  24.71  20.32  23.22  20.82  24.00  23.92  24.44  23.92  23.98  23.84  24.06 999.00  24.99  24.49  26.49  21.05  25.74  13.59  22.65   9.58  26.80  25.94  25.07  24.61  24.88  26.37  28.18  25.04  26.08  27.37
 wrfout_d04_2016-10-10_17:00:00 999.00  24.70  20.55  23.49  21.05  24.31  23.94  24.64  23.88  24.65  23.68  24.20 999.00  24.62  24.36  26.26  20.96  25.94  13.08  23.03   9.69  26.77  25.79  25.74  24.39  24.67  26.11  28.19  24.56  26.03  27.39
 wrfout_d04_2016-10-10_18:00:00 999.00  24.66  20.61  23.48  21.08  24.45  23.91  24.49  23.95  24.70  23.99  24.34 999.00  24.69  24.10  26.11  20.90  25.82  12.80  22.82   8.97  26.76  25.63  24.81  24.29  24.56  25.86  27.59  24.74  26.08  27.09
 wrfout_d04_2016-10-10_19:00:00 999.00  24.69  20.63  23.39  21.06  24.40  24.00  24.78  23.97  24.66  23.57  24.87 999.00  24.54  24.10  25.93  20.40  25.72  12.36  22.55   8.70  26.75  25.70  25.54  24.28  24.54  25.63  28.11  24.42  25.98  27.03
 wrfout_d04_2016-10-10_20:00:00 999.00  24.85  20.73  23.51  21.19  24.43  24.15  24.82  23.94  24.46  23.27  23.87 999.00  24.77  24.12  26.09  20.17  25.93  12.62  22.42   9.72  26.94  26.05  24.28  24.27  24.39  25.10  28.13  24.44  25.99  25.91
 wrfout_d04_2016-10-10_21:00:00 999.00  25.05  20.69  23.64  21.16  24.33  24.17  24.90  24.06  24.89  24.05  24.70 999.00  24.87  23.92  25.92  20.15  26.00  12.49  22.52   9.52  26.99  25.80  24.88  24.20  24.36  25.33  27.73  24.33  25.99  26.31
 wrfout_d04_2016-10-10_22:00:00 999.00  25.14  20.49  22.89  21.35  24.36  24.14  25.12  24.03  24.36  23.94  24.65 999.00  25.01  24.12  25.52  19.95  26.16  14.13  22.86   9.77  26.98  24.93  24.73  23.98  24.42  25.39  27.39  24.00  25.98  27.13
 wrfout_d04_2016-10-10_23:00:00 999.00  25.34  21.20  26.03  22.27  24.92  25.45  25.29  25.30  25.58  24.96  26.60 999.00  25.24  25.21  26.10  23.27  25.96  16.09  23.32   9.77  27.24  25.31  24.54  24.56  24.68  25.18  26.34  23.75  26.12  26.61
