 wrfout_d04_2016-08-31_00:00:00 999.00  28.40  22.09  27.80  25.84  27.74  27.74  28.00  28.05  27.92  27.76  27.33 999.00  29.00  28.27  28.93  23.41  28.99  17.80  27.20  11.92  28.25  28.10  28.25  28.17  28.34  26.32  30.11  26.71  25.51  27.35
 wrfout_d04_2016-08-31_01:00:00 999.00  27.87  24.21  29.24  26.00  29.09  29.08  28.85  29.78  29.55  29.55  29.39 999.00  29.74  29.84  29.72  24.94  29.54  18.66  28.17  12.16  28.30  27.87  28.36  29.58  29.85  30.24  31.16  27.32  26.49  28.84
 wrfout_d04_2016-08-31_02:00:00 999.00  27.74  24.97  29.80  26.85  30.13  30.77  29.10  31.10  30.65  30.45  29.93 999.00  30.46  31.34  30.42  26.65  30.12  19.30  29.47  12.95  28.31  28.16  29.26  31.01  31.18  30.83  32.15  27.86  28.27  29.90
 wrfout_d04_2016-08-31_03:00:00 999.00  27.68  25.62  30.44  27.51  30.52  31.86  29.33  32.06  31.26  31.04  30.47 999.00  31.03  32.63  31.17  27.51  30.52  19.80  30.83  13.37  28.30  28.45  29.66  32.06  32.25  31.49  32.61  28.53  29.14  30.62
 wrfout_d04_2016-08-31_04:00:00 999.00  27.85  25.84  30.71  27.71  30.67  32.62  29.43  32.92  31.63  31.33  30.89 999.00  31.25  33.50  31.10  27.91  30.64  19.38  31.64  13.38  28.25  28.64  29.30  32.87  32.85  31.80  33.30  28.87  29.81  30.13
 wrfout_d04_2016-08-31_05:00:00 999.00  27.93  25.85  30.53  27.75  30.49  33.00  29.45  33.41  31.53  31.46  30.75 999.00  31.17  33.96  31.32  28.15  30.71  18.97  32.49  13.51  28.22  28.61  29.00  33.12  32.98  31.41  33.17  29.13  29.92  30.04
 wrfout_d04_2016-08-31_06:00:00 999.00  28.01  25.35  30.11  27.22  30.18  32.62  29.09  33.26  31.24  30.98  30.61 999.00  31.02  33.73  31.07  28.03  30.61  18.24  32.67  13.02  28.17  28.65  28.95  33.00  32.71  30.98  32.75  29.06  29.80  31.05
 wrfout_d04_2016-08-31_07:00:00 999.00  28.07  24.78  29.53  26.56  29.90  32.00  28.71  32.57  30.84  30.42  30.21 999.00  30.72  33.03  30.65  27.58  30.36  17.47  31.75  11.68  28.10  28.68  28.00  32.57  32.11  29.89  32.32  28.67  27.94  30.98
 wrfout_d04_2016-08-31_08:00:00 999.00  28.08  24.13  28.93  26.00  29.25  31.38  28.33  32.04  30.12  29.82  29.50 999.00  30.46  32.23  30.19  26.82  29.82  16.81  30.74  10.90  28.10  28.73  26.87  31.86  31.18  29.52  31.54  28.14  28.44  30.46
 wrfout_d04_2016-08-31_09:00:00 999.00  28.14  23.83  28.29  24.97  28.81  30.51  27.85  31.00  29.13  29.10  28.79 999.00  29.87  31.40  29.81  25.55  29.22  16.20  29.78  10.48  28.17  28.75  26.69  30.81  30.24  29.32  30.77  27.48  27.50  29.90
 wrfout_d04_2016-08-31_10:00:00 999.00  28.27  21.15  25.78  22.00  28.15  29.46  27.19  29.91  28.31  28.16  28.16 999.00  28.99  30.06  29.12  23.17  28.57  15.16  28.37   9.13  28.22  28.66  26.11  29.60  29.12  29.02  30.06  25.66  26.06  29.19
 wrfout_d04_2016-08-31_11:00:00 999.00  28.22  20.33  25.07  20.95  27.35  28.71  26.95  29.05  27.63  27.26  27.84 999.00  28.58  29.12  28.70  21.95  28.25  14.29  27.61   7.26  28.26  28.59  25.88  28.76  28.57  27.22  29.57  24.62  25.67  28.70
 wrfout_d04_2016-08-31_12:00:00 999.00  28.22  20.20  25.02  20.87  26.82  28.16  26.66  28.40  27.31  26.78  27.31 999.00  28.39  28.53  28.42  21.30  28.13  12.97  27.32   6.99  28.31  28.58  25.41  28.46  28.33  27.11  29.45  24.22  25.61  28.50
 wrfout_d04_2016-08-31_13:00:00 999.00  28.24  20.01  24.75  20.74  26.27  27.76  26.39  27.76  27.08  26.66  27.05 999.00  28.30  28.12  28.26  20.83  28.03  13.79  27.18   6.98  28.33  28.53  25.46  28.31  28.23  27.35  29.35  23.94  25.63  28.31
 wrfout_d04_2016-08-31_14:00:00 999.00  28.19  20.41  24.38  20.11  26.02  27.37  25.90  27.15  26.34  27.29  26.72 999.00  28.05  27.57  28.26  20.43  27.96  13.52  26.82   6.80  28.29  28.35  25.35  28.12  28.09  27.34  29.13  23.56  25.63  28.03
 wrfout_d04_2016-08-31_15:00:00 999.00  27.99  20.45  24.13  20.02  25.74  26.93  25.47  26.74  25.97  26.65  27.13 999.00  27.68  27.28  28.04  20.19  27.82  13.63  26.36   6.72  28.19  28.09  25.56  27.78  27.87  27.20  28.81  23.39  25.63  27.77
 wrfout_d04_2016-08-31_16:00:00 999.00  27.98  20.61  23.91  19.74  25.60  26.59  25.04  26.41  25.98  25.98  26.63 999.00  27.42  26.94  27.85  20.02  27.68  13.08  25.76   6.49  28.10  27.70  25.66  27.31  27.67  27.34  28.54  23.03  25.50  27.53
 wrfout_d04_2016-08-31_17:00:00 999.00  28.10  20.60  24.06  19.97  25.48  26.22  25.67  26.35  26.29  25.83  26.39 999.00  27.26  26.52  27.78  19.70  27.58  12.93  25.51   6.35  28.11  27.31  25.12  26.71  26.99  27.36  28.40  22.64  25.44  27.47
 wrfout_d04_2016-08-31_18:00:00 999.00  28.02  20.50  23.87  19.68  25.05  25.80  26.50  25.94  25.83  25.36  25.97 999.00  26.94  26.17  27.50  19.49  27.50  12.90  25.18   6.12  28.10  26.89  25.03  26.18  26.39  27.02  28.27  22.40  25.31  27.33
 wrfout_d04_2016-08-31_19:00:00 999.00  28.06  20.38  23.65  19.62  24.55  25.35  26.62  25.45  25.40  25.24  25.75 999.00  26.67  25.99  27.26  19.25  27.37  12.86  25.18   5.93  28.12  26.31  24.86  25.64  25.46  26.83  28.25  22.26  25.23  27.22
 wrfout_d04_2016-08-31_20:00:00 999.00  28.25  20.18  23.35  20.18  24.17  24.89  26.46  24.89  24.89  25.02  25.41 999.00  26.31  25.87  27.35  19.15  27.28  12.84  25.00   5.88  28.09  26.00  24.97  25.37  25.14  26.07  28.12  22.10  25.19  27.06
 wrfout_d04_2016-08-31_21:00:00 999.00  27.94  20.13  23.10  20.05  23.88  24.45  26.14  24.41  24.43  24.69  25.32 999.00  26.01  25.43  26.80  19.14  27.21  12.54  24.93   5.89  28.08  25.82  24.95  25.23  25.05  26.03  27.68  21.94  25.23  27.00
 wrfout_d04_2016-08-31_22:00:00 999.00  27.75  20.41  24.34  21.22  24.75  24.85  26.25  25.10  24.94  25.64  26.06 999.00  26.13  25.60  27.42  19.46  27.27  13.24  25.11   7.73  28.11  25.81  25.26  25.09  24.94  26.10  27.27  22.35  25.43  27.13
 wrfout_d04_2016-08-31_23:00:00 999.00  27.70  21.57  27.08  22.96  26.68  26.57  27.59  26.50  27.34  27.84  27.39 999.00  27.40  27.10  28.52  22.43  28.20  16.30  26.34  11.02  28.19  26.36  27.43  26.85  26.69  27.31  28.28  25.81  26.35  27.93
