 wrfout_d04_2016-11-11_00:00:00 999.00  21.14  14.59  20.22  15.93  20.44  21.04  20.88  20.97  20.59  20.18  19.39 999.00  19.74  19.68  23.10  19.33  22.69  14.11  18.93   7.75  24.00  21.65  22.82  19.81  20.50  24.03  22.13  22.18  23.82  24.32
 wrfout_d04_2016-11-11_01:00:00 999.00  20.95  15.16  22.11  16.77  21.05  21.51  21.47  21.63  21.67  20.53  20.27 999.00  20.50  20.80  22.20  20.29  22.46  14.91  19.54   9.74  23.94  23.07  22.92  20.82  21.60  24.14  23.76  23.61  23.06  24.60
 wrfout_d04_2016-11-11_02:00:00 999.00  21.14  15.86  22.89  17.56  21.56  22.08  22.56  22.49  22.16  21.06  20.58 999.00  21.21  21.86  22.54  22.56  22.68  15.32  20.10  10.66  23.92  23.36  24.18  22.15  22.68  24.34  25.80  23.18  22.91  25.41
 wrfout_d04_2016-11-11_03:00:00 999.00  21.25  16.38  23.56  18.06  21.90  22.43  22.76  22.69  23.92  21.48  21.01 999.00  22.56  22.45  22.69  21.99  22.78  15.44  21.31  10.59  23.95  23.90  23.17  23.78  23.38  24.41  26.49  23.52  23.10  25.74
 wrfout_d04_2016-11-11_04:00:00 999.00  21.38  16.64  23.83  18.39  22.17  23.16  22.75  23.60  23.76  21.87  21.56 999.00  24.49  23.53  22.96  23.82  22.81  14.09  22.62   8.96  23.96  23.98  23.46  23.42  24.22  24.68  26.21  23.64  23.48  26.21
 wrfout_d04_2016-11-11_05:00:00 999.00  21.51  16.62  23.90  18.27  22.30  22.72  23.42  23.59  24.69  21.95  21.85 999.00  25.45  25.55  23.15  22.67  23.19  16.36  22.14  10.40  24.16  24.25  23.59  24.15  24.47  24.62  27.11  23.17  23.12  27.00
 wrfout_d04_2016-11-11_06:00:00 999.00  21.58  16.31  23.54  17.97  22.12  23.07  23.77  24.06  25.40  21.84  21.79 999.00  25.85  24.80  23.06  20.72  24.57  15.72  22.84  10.91  24.27  24.29  23.45  24.27  24.75  24.81  26.54  23.38  23.20  26.46
 wrfout_d04_2016-11-11_07:00:00 999.00  21.64  15.82  22.71  17.32  22.00  22.70  23.48  23.62  24.78  21.60  21.54 999.00  25.23  26.04  22.87  19.96  24.57  15.59  22.87   9.65  24.37  24.51  22.69  25.26  25.39  24.51  27.29  23.45  23.10  26.34
 wrfout_d04_2016-11-11_08:00:00 999.00  21.71  15.07  21.43  16.51  21.59  22.01  22.14  22.46  23.81  21.58  21.34 999.00  24.62  25.39  22.78  20.31  24.37  14.05  22.65   8.56  24.53  24.62  22.22  25.25  25.56  24.12  27.47  22.16  23.16  25.57
 wrfout_d04_2016-11-11_09:00:00 999.00  21.85  14.26  20.03  15.69  21.16  21.05  21.02  21.21  22.48  21.18  21.14 999.00  24.58  24.81  22.63  19.21  24.04  11.05  22.97   6.86  24.71  24.70  22.34  24.66  25.03  23.97  27.29  21.61  22.86  24.77
 wrfout_d04_2016-11-11_10:00:00 999.00  22.02  14.41  20.11  15.81  21.00  20.86  20.79  20.78  22.07  20.71  21.36 999.00  24.35  24.44  22.68  17.43  24.16  10.21  22.75   6.62  24.76  24.64  22.50  24.41  24.51  23.67  27.25  21.40  22.94  24.37
 wrfout_d04_2016-11-11_11:00:00 999.00  22.24  14.75  20.39  16.11  21.00  20.93  21.27  21.03  22.33  20.79  21.55 999.00  24.30  24.21  22.71  17.18  24.06  10.75  22.58   6.48  24.85  24.30  22.34  24.08  24.33  23.53  27.09  21.30  23.08  24.15
 wrfout_d04_2016-11-11_12:00:00 999.00  22.52  15.14  21.28  16.81  20.86  21.67  21.31  21.37  22.41  20.88  21.58 999.00  24.27  23.59  22.75  16.87  23.88  10.78  22.68   6.54  24.90  24.34  22.10  23.52  23.86  23.58  26.96  21.32  23.14  24.01
 wrfout_d04_2016-11-11_13:00:00 999.00  22.72  15.40  21.54  16.78  20.56  21.55  21.73  21.76  21.84  20.87  20.91 999.00  24.12  22.62  22.88  16.63  23.57   9.68  22.47   6.36  24.95  24.21  21.93  22.93  23.65  23.55  26.42  20.95  23.21  24.11
 wrfout_d04_2016-11-11_14:00:00 999.00  22.96  15.71  21.83  17.36  20.39  21.50  21.87  21.39  21.77  21.05  20.12 999.00  24.19  22.29  22.95  16.59  22.64   9.56  22.17   6.01  25.07  24.19  21.93  22.43  23.41  23.56  26.01  21.29  23.26  23.70
 wrfout_d04_2016-11-11_15:00:00 999.00  23.31  16.26  21.92  17.52  20.20  21.73  21.91  21.80  20.94  21.10  19.74 999.00  23.09  22.04  23.06  18.24  22.27   9.46  21.62   5.63  25.09  23.63  21.94  22.48  23.13  23.52  25.61  21.19  23.21  23.47
 wrfout_d04_2016-11-11_16:00:00 999.00  23.85  16.48  22.05  17.73  21.12  21.92  21.79  22.01  20.47  21.20  19.41 999.00  22.13  21.92  23.05  18.02  21.87   9.25  21.13   5.45  25.05  23.37  21.83  22.32  23.11  22.50  25.29  21.13  23.20  23.28
 wrfout_d04_2016-11-11_17:00:00 999.00  24.13  16.65  22.09  17.87  19.81  21.96  21.77  22.28  21.27  21.38  20.84 999.00  22.46  21.95  22.91  17.96  21.87   8.92  20.92   3.07  25.04  22.88  21.85  21.93  22.96  22.34  24.95  20.99  23.19  23.18
 wrfout_d04_2016-11-11_18:00:00 999.00  24.27  16.92  22.24  18.04  21.08  21.93  21.61  22.40  20.63  21.44  19.88 999.00  22.64  21.82  23.42  17.88  21.64   8.72  20.65   2.56  25.09  22.49  22.05  21.20  21.68  22.80  24.31  20.34  23.20  23.31
 wrfout_d04_2016-11-11_19:00:00 999.00  24.32  17.02  22.31  18.13  21.17  22.09  21.73  22.60  19.69  19.81  20.97 999.00  22.71  21.76  23.25  17.90  22.54   8.44  20.52   2.25  25.21  22.26  21.66  20.57  21.11  23.26  24.05  20.49  23.20  23.37
 wrfout_d04_2016-11-11_20:00:00 999.00  24.40  17.19  22.52  17.76  21.06  22.34  20.18  22.51  21.18  21.46  19.92 999.00  22.44  21.82  22.53  17.90  22.73   8.43  20.18   2.04  25.28  22.58  21.60  20.01  20.57  23.25  23.96  20.37  22.83  23.48
 wrfout_d04_2016-11-11_21:00:00 999.00  24.52  17.03  22.34  18.15  19.98  21.15  21.38  22.27  21.08  21.30  19.54 999.00  22.07  21.79  22.63  17.90  22.86   8.16  20.93   1.83  25.23  22.62  22.00  20.06  20.25  23.30  23.93  20.24  22.90  23.51
 wrfout_d04_2016-11-11_22:00:00 999.00  24.65  17.02  22.08  17.81  20.06  22.02  21.36  21.86  21.36  21.56  19.70 999.00  22.90  21.91  23.02  17.76  22.75   8.06  21.20   1.67  25.26  22.51  22.09  20.75  20.13  23.44  24.13  20.10  23.16  23.31
 wrfout_d04_2016-11-11_23:00:00 999.00  24.86  18.14  22.69  19.17  22.59  22.85  22.08  22.60  21.91  22.56  22.47 999.00  23.13  22.24  23.30  19.32  24.29  12.75  21.96   6.42  25.28  23.08  23.17  21.54  22.23  23.94  24.77  22.12  23.99  24.21
