 wrfout_d04_2016-09-24_00:00:00 999.00  26.00  20.96  27.42  22.40  26.17  26.55  26.49  26.68  27.22  25.10  26.12 999.00  27.83  28.33  26.69  24.98  27.67  18.07  26.89  12.32  27.23  26.60  26.50  28.18  28.56  27.77  29.63  25.95  26.96  27.59
 wrfout_d04_2016-09-24_01:00:00 999.00  25.74  21.50  28.45  23.25  25.81  27.51  27.31  27.81  28.91  25.29  26.53 999.00  28.67  28.85  27.26  26.15  27.45  19.64  27.50  13.41  26.73  26.92  26.53  28.08  28.43  28.24  29.78  26.13  26.97  28.20
 wrfout_d04_2016-09-24_02:00:00 999.00  25.61  22.06  29.36  23.86  26.82  28.06  28.12  28.76  29.86  25.98  26.68 999.00  29.50  30.84  28.00  27.61  28.03  20.49  29.16  14.04  26.80  27.03  27.06  30.04  30.23  28.91  30.42  26.71  27.39  29.01
 wrfout_d04_2016-09-24_03:00:00 999.00  25.57  22.45  29.91  24.28  26.44  28.57  28.24  29.30  31.08  26.72  27.13 999.00  30.06  32.41  28.40  28.31  28.40  20.69  30.38  14.13  26.83  27.09  27.40  31.44  31.28  29.27  30.90  27.28  27.67  29.71
 wrfout_d04_2016-09-24_04:00:00 999.00  25.68  22.60  30.19  24.46  26.10  28.66  28.15  29.37  31.32  27.87  26.90 999.00  30.42  33.44  28.51  28.57  28.51  20.89  31.32  12.53  26.86  27.09  27.58  32.27  31.66  29.45  31.03  27.54  27.79  30.21
 wrfout_d04_2016-09-24_05:00:00 999.00  25.79  22.44  30.11  24.25  26.83  28.52  27.94  29.09  31.52  27.90  26.83 999.00  30.44  33.85  28.58  28.44  28.52  20.90  32.12  11.93  26.86  27.01  27.55  32.63  31.72  29.50  31.02  27.49  27.80  30.32
 wrfout_d04_2016-09-24_06:00:00 999.00  25.86  22.04  29.77  23.81  26.76  28.37  27.75  28.91  31.29  27.83  26.63 999.00  29.82  33.67  28.39  28.22  28.40  20.31  32.46  11.97  26.92  26.92  27.34  32.23  31.47  29.30  30.93  27.27  27.62  30.10
 wrfout_d04_2016-09-24_07:00:00 999.00  25.89  21.41  29.00  23.07  26.51  28.07  27.34  28.73  30.76  27.48  26.90 999.00  29.53  33.23  28.04  28.31  28.17  19.13  32.33  11.81  26.94  27.24  26.91  31.75  31.08  29.00  30.67  26.84  27.29  29.52
 wrfout_d04_2016-09-24_08:00:00 999.00  25.86  20.55  27.73  22.11  26.07  27.37  26.79  28.19  29.80  26.83  26.42 999.00  28.80  32.43  27.48  27.42  27.76  18.02  31.10  11.89  27.03  27.46  26.24  31.26  30.57  27.66  30.31  25.66  26.65  28.72
 wrfout_d04_2016-09-24_09:00:00 999.00  25.82  19.44  26.01  20.86  25.36  26.22  25.81  26.76  28.04  25.88  25.65 999.00  27.81  30.99  26.77  26.29  27.20  16.92  29.26  11.47  27.09  27.44  25.40  30.24  29.78  27.09  29.77  24.91  25.70  27.64
 wrfout_d04_2016-09-24_10:00:00 999.00  25.78  18.71  23.42  20.16  24.72  25.18  25.11  25.58  26.52  24.68  24.98 999.00  26.93  29.01  26.04  23.49  26.61  14.74  27.66  10.82  27.13  27.47  24.90  28.99  28.92  26.60  29.39  24.16  25.05  26.79
 wrfout_d04_2016-09-24_11:00:00 999.00  25.76  18.80  23.15  20.20  24.60  24.79  24.89  24.90  25.30  23.86  24.66 999.00  26.68  28.24  25.65  22.89  26.41  14.30  26.39   9.91  27.15  27.52  24.72  27.96  28.08  26.33  29.15  23.94  24.95  26.45
 wrfout_d04_2016-09-24_12:00:00 999.00  25.78  18.89  22.95  20.32  24.75  24.69  24.66  24.84  25.18  23.89  24.55 999.00  26.38  27.57  25.35  22.07  26.39  13.99  25.81   8.29  26.98  27.31  24.54  27.52  27.74  26.05  29.07  23.60  24.84  26.22
 wrfout_d04_2016-09-24_13:00:00 999.00  25.80  19.05  22.82  20.40  24.24  24.64  24.59  24.82  25.14  23.72  24.38 999.00  26.10  26.82  25.02  21.66  26.42  13.45  25.46   7.74  26.86  26.90  24.39  26.99  27.35  25.89  28.95  23.42  24.74  26.00
 wrfout_d04_2016-09-24_14:00:00 999.00  25.81  19.10  22.68  20.46  24.05  24.51  24.54  24.67  24.94  23.51  24.43 999.00  25.51  26.30  24.98  21.33  26.33  13.12  25.40   7.33  26.79  26.51  24.37  26.43  26.82  25.72  28.75  23.01  24.65  25.68
 wrfout_d04_2016-09-24_15:00:00 999.00  25.83  19.05  22.48  20.40  23.75  24.44  24.46  24.51  24.76  23.92  23.58 999.00  25.03  26.10  24.89  21.01  26.26  12.81  25.01   6.90  26.69  26.41  23.94  25.99  26.32  25.64  28.35  22.78  24.65  25.44
 wrfout_d04_2016-09-24_16:00:00 999.00  25.85  19.12  22.35  20.47  23.53  24.29  24.35  24.34  24.45  24.11  23.49 999.00  24.96  26.12  24.92  20.64  26.19  12.51  24.69   6.55  26.58  26.44  23.68  25.62  25.88  25.52  28.15  22.60  24.56  25.22
 wrfout_d04_2016-09-24_17:00:00 999.00  25.90  19.23  22.28  20.59  24.32  24.29  24.25  24.27  24.16  24.18  23.17 999.00  24.99  26.06  24.61  20.35  25.98  12.18  24.65   6.26  26.73  26.23  23.27  25.37  25.52  25.18  28.33  22.42  24.51  25.15
 wrfout_d04_2016-09-24_18:00:00 999.00  25.86  19.31  22.24  20.71  24.64  24.30  24.16  24.19  23.88  24.24  22.79 999.00  24.91  25.82  24.26  20.14  25.71  11.90  24.35   6.05  27.01  25.96  23.43  25.12  25.27  24.85  28.44  22.25  24.47  24.97
 wrfout_d04_2016-09-24_19:00:00 999.00  25.89  19.29  22.14  20.65  24.68  24.27  24.07  24.09  23.57  24.32  22.58 999.00  24.71  25.94  23.99  19.91  25.53  11.68  24.15   5.84  26.95  25.86  23.48  24.81  25.41  24.37  28.42  22.05  24.50  24.96
 wrfout_d04_2016-09-24_20:00:00 999.00  25.90  19.33  22.05  20.70  24.77  24.18  24.02  23.99  23.02  24.34  22.55 999.00  24.37  25.50  23.75  19.74  25.24  11.49  23.65   5.64  26.83  25.74  23.48  24.78  24.97  24.07  27.92  21.94  24.57  24.81
 wrfout_d04_2016-09-24_21:00:00 999.00  25.93  19.39  21.97  20.77  23.49  24.06  24.05  23.71  22.86  23.60  24.34 999.00  24.00  25.09  23.60  19.60  25.42  11.39  23.43   5.46  26.71  25.57  23.36  24.46  24.52  23.79  27.54  21.87  24.65  24.72
 wrfout_d04_2016-09-24_22:00:00 999.00  25.95  19.62  22.52  20.98  24.08  24.34  24.12  23.95  23.59  23.63  23.46 999.00  23.87  24.94  23.89  19.82  25.60  11.61  23.23   5.75  26.61  25.37  23.65  24.21  24.27  23.85  27.45  22.01  24.78  24.80
 wrfout_d04_2016-09-24_23:00:00 999.00  25.97  20.81  26.00  22.26  24.95  26.02  25.58  25.84  25.63  24.67  25.69 999.00  25.34  26.06  26.31  23.15  26.25  17.15  24.21  11.91  26.51  25.56  25.57  25.13  25.47  26.32  28.24  24.51  25.91  25.87
