 wrfout_d04_2016-12-05_00:00:00 999.00  22.73  17.93  23.48  19.91  22.65  23.28  23.05  23.04  23.18  23.34  22.64 999.00  23.52  22.80  25.37  21.71  22.48  14.57  20.98   9.19  23.48  23.01  24.39  22.32  22.60  26.08  24.75  24.54  25.03  25.91
 wrfout_d04_2016-12-05_01:00:00 999.00  23.21  18.96  24.87  20.80  23.00  24.67  24.09  24.06  24.53  23.35  24.15 999.00  24.19  24.54  26.16  22.01  22.07  14.96  22.63  10.23  22.36  22.59  25.73  20.41  22.13  27.25  26.08  24.44  25.55  26.49
 wrfout_d04_2016-12-05_02:00:00 999.00  23.22  19.21  24.68  21.15  23.21  25.87  23.62  25.39  25.83  24.97  24.64 999.00  24.88  26.70  26.77  23.01  22.47  16.79  24.56  10.93  22.37  23.86  26.58  23.96  24.51  27.91  27.44  25.67  26.06  27.59
 wrfout_d04_2016-12-05_03:00:00 999.00  23.30  18.92  25.96  21.39  23.47  26.55  23.27  26.49  25.80  25.68  24.51 999.00  25.11  28.29  26.98  24.98  22.66  17.34  25.97  11.32  22.48  24.11  26.70  26.66  26.81  28.20  28.68  26.16  26.43  28.18
 wrfout_d04_2016-12-05_04:00:00 999.00  23.22  17.74  24.14  19.92  24.05  26.49  23.39  26.83  25.77  25.83  24.87 999.00  25.36  28.86  27.26  25.10  23.72  17.21  27.31  11.17  22.58  23.97  26.73  28.25  28.50  28.50  29.53  26.13  26.57  28.91
 wrfout_d04_2016-12-05_05:00:00 999.00  23.08  17.94  23.94  19.87  23.79  25.42  23.01  26.25  25.76  24.60  24.45 999.00  25.10  29.17  27.22  25.00  23.66  16.99  28.21  10.92  22.71  23.99  26.29  29.00  29.04  28.63  30.15  26.08  26.50  29.14
 wrfout_d04_2016-12-05_06:00:00 999.00  22.99  18.00  23.55  20.44  23.55  24.73  23.41  25.06  25.04  24.31  24.10 999.00  24.78  28.43  27.07  24.73  23.81  16.14  28.43  10.36  23.00  24.05  25.95  28.88  28.90  28.36  30.37  25.88  26.11  28.98
 wrfout_d04_2016-12-05_07:00:00 999.00  23.05  17.51  23.36  19.60  23.12  24.03  23.21  24.11  24.73  23.97  23.87 999.00  24.35  27.28  26.81  24.14  23.44  14.85  27.70   9.08  22.91  24.13  25.49  28.66  28.54  27.47  30.30  25.41  25.47  28.31
 wrfout_d04_2016-12-05_08:00:00 999.00  23.08  17.45  23.38  19.05  22.87  23.84  22.65  23.68  23.77  23.57  23.43 999.00  23.66  26.56  25.81  23.10  22.94  13.38  26.10   8.19  23.01  24.20  24.84  27.65  27.61  26.47  30.26  24.67  24.70  27.44
 wrfout_d04_2016-12-05_09:00:00 999.00  22.91  16.55  21.79  17.71  22.89  23.34  21.94  23.00  22.47  23.32  23.22 999.00  22.86  24.74  25.29  19.38  22.26   9.50  24.74   4.62  22.88  24.07  24.00  26.19  26.24  26.15  29.91  23.60  23.74  26.55
 wrfout_d04_2016-12-05_10:00:00 999.00  22.70  16.31  21.58  17.33  22.68  23.25  22.00  22.70  22.17  23.01  23.06 999.00  22.66  23.54  24.83  18.32  21.94   8.78  22.75   3.19  22.79  23.58  23.79  24.56  24.86  25.97  29.65  23.29  23.53  26.17
 wrfout_d04_2016-12-05_11:00:00 999.00  22.62  16.20  20.56  17.15  22.14  23.17  22.20  22.70  22.00  22.79  23.02 999.00  22.40  22.77  24.47  17.87  21.79   8.67  22.00   2.75  22.72  23.30  23.74  23.39  23.64  25.94  28.88  23.25  23.40  25.95
 wrfout_d04_2016-12-05_12:00:00 999.00  22.49  15.92  20.27  16.90  21.81  22.94  22.11  22.69  21.80  22.73  22.73 999.00  22.24  22.17  24.25  17.46  21.72   8.41  21.52   2.30  22.69  23.28  23.70  22.58  22.72  25.86  27.81  22.81  23.16  26.07
 wrfout_d04_2016-12-05_13:00:00 999.00  22.32  15.69  20.00  16.65  21.56  22.66  22.01  22.44  21.59  22.45  22.51 999.00  22.00  21.91  24.13  17.15  21.65   8.25  21.03   2.02  22.74  23.31  23.45  22.14  22.20  25.49  26.18  22.15  23.15  25.53
 wrfout_d04_2016-12-05_14:00:00 999.00  22.23  15.57  19.70  16.50  21.35  22.25  21.72  22.10  21.26  22.20  22.16 999.00  21.85  21.60  23.92  16.80  21.55   8.18  20.49   2.09  22.74  23.22  23.19  22.05  22.10  25.27  25.19  21.94  22.97  25.05
 wrfout_d04_2016-12-05_15:00:00 999.00  22.09  15.43  19.65  16.34  21.15  21.91  21.47  21.78  21.41  21.89  21.80 999.00  21.58  21.13  23.94  16.37  21.43   7.94  19.98   1.87  22.65  23.02  23.18  21.72  21.77  25.03  24.22  22.15  23.33  24.84
 wrfout_d04_2016-12-05_16:00:00 999.00  21.85  15.00  19.39  15.98  20.79  20.54  21.30  21.44  21.40  21.63  21.39 999.00  21.33  21.06  23.48  16.04  21.26   7.71  19.54   1.41  22.55  22.85  23.24  21.53  21.73  24.91  23.44  21.94  22.80  24.53
 wrfout_d04_2016-12-05_17:00:00 999.00  21.53  14.21  18.86  15.51  19.95  21.26  20.63  21.05  20.84  21.46  20.97 999.00  21.26  20.69  23.35  15.94  21.22   7.80  19.55   1.52  22.32  22.61  22.80  21.39  21.52  24.73  22.90  21.82  23.08  24.43
 wrfout_d04_2016-12-05_18:00:00 999.00  21.48  13.86  18.73  15.14  19.67  19.22  20.29  19.15  20.04  20.89  20.59 999.00  21.18  20.54  23.16  15.76  20.96   7.93  19.38   1.82  22.23  22.53  22.38  21.07  21.17  24.37  22.53  21.74  22.98  24.27
 wrfout_d04_2016-12-05_19:00:00 999.00  21.25  13.50  18.55  14.79  19.52  18.64  20.09  18.51  19.76  19.60  20.13 999.00  20.81  20.28  23.05  15.69  20.75   8.32  19.18   1.92  22.07  22.40  22.05  20.85  20.91  24.20  22.29  21.39  23.22  24.03
 wrfout_d04_2016-12-05_20:00:00 999.00  20.98  13.17  18.29  14.47  19.29  17.85  19.94  17.85  19.54  18.39  19.52 999.00  20.44  19.91  22.76  15.52  20.62   8.17  18.89   2.07  21.99  22.34  21.76  20.62  20.63  23.92  21.84  21.21  22.74  23.61
 wrfout_d04_2016-12-05_21:00:00 999.00  20.72  12.86  18.07  14.17  19.24  17.46  19.61  17.19  19.31  17.92  18.98 999.00  20.14  19.69  22.36  15.01  20.75   8.35  18.55   2.49  22.15  22.03  21.11  20.37  20.43  23.72  21.50  20.97  22.74  23.37
 wrfout_d04_2016-12-05_22:00:00 999.00  20.48  12.64  17.85  13.93  19.10  17.50  19.36  17.16  19.07  17.57  18.49 999.00  19.75  19.46  21.95  14.81  20.59   8.30  18.26   2.18  21.95  21.83  20.75  20.02  20.10  23.14  21.40  20.69  22.57  23.25
 wrfout_d04_2016-12-05_23:00:00 999.00  20.21  12.77  17.87  13.91  19.04  18.62  19.22  18.38  18.85  18.76  18.70 999.00  19.60  19.24  21.70  17.14  20.60  10.44  18.33   5.17  21.85  21.44  20.60  19.89  19.95  22.71  21.63  20.64  22.36  23.16
