 wrfout_d04_2016-11-23_00:00:00 999.00  21.63  15.46  19.92  16.39  20.36  20.76  20.50  20.41  20.21  20.99  20.82 999.00  21.07  21.85  23.01  19.15  22.80  13.59  20.46   8.27  24.04  23.19  23.54  21.61  21.77  25.15  25.17  23.12  23.36  25.08
 wrfout_d04_2016-11-23_01:00:00 999.00  21.33  15.29  19.78  16.20  20.25  20.63  20.23  20.25  20.21  20.86  20.39 999.00  20.81  21.00  23.26  18.40  22.64  13.28  20.10   8.25  23.79  22.41  22.64  21.22  21.26  24.78  24.46  23.05  23.38  24.84
 wrfout_d04_2016-11-23_02:00:00 999.00  21.16  15.21  19.43  16.11  20.21  20.49  20.07  20.06  20.17  20.43  20.38 999.00  20.60  21.18  23.22  18.62  22.87  13.15  19.68   8.31  23.59  22.01  22.60  21.25  21.47  25.45  25.28  23.49  23.98  25.15
 wrfout_d04_2016-11-23_03:00:00 999.00  21.06  15.14  19.43  16.04  20.10  20.56  20.01  20.07  19.98  20.37  20.15 999.00  20.51  21.10  22.70  18.63  22.50  13.67  19.93   8.05  23.81  21.82  22.28  21.19  21.19  24.73  26.08  23.93  24.45  24.86
 wrfout_d04_2016-11-23_04:00:00 999.00  21.03  14.94  19.44  15.90  20.04  20.55  20.20  19.91  20.02  20.45  20.18 999.00  20.49  20.67  23.10  18.98  22.77  13.79  19.71   7.99  23.82  21.79  21.99  21.24  21.19  24.10  25.93  22.81  24.16  24.85
 wrfout_d04_2016-11-23_05:00:00 999.00  21.00  14.73  19.27  15.68  19.88  20.38  20.12  19.91  19.92  20.39  20.00 999.00  20.48  20.71  22.95  18.92  22.65  13.76  19.60   8.00  23.82  21.85  21.49  20.85  21.02  23.56  25.78  22.60  23.72  24.93
 wrfout_d04_2016-11-23_06:00:00 999.00  21.11  14.73  19.44  15.81  19.91  20.35  20.05  20.05  19.68  20.11  19.77 999.00  20.50  21.09  22.59  18.86  22.46  13.23  19.52   7.95  23.48  21.48  21.55  20.69  20.76  23.75  25.48  22.43  22.97  25.59
 wrfout_d04_2016-11-23_07:00:00 999.00  20.99  14.63  19.31  15.69  19.97  20.26  20.09  19.81  19.80  19.86  19.70 999.00  20.70  21.45  22.50  18.86  22.40  13.07  19.73   7.76  23.49  21.83  21.42  20.62  20.77  23.57  25.20  21.96  22.53  25.12
 wrfout_d04_2016-11-23_08:00:00 999.00  21.02  14.59  19.05  15.52  20.10  20.39  20.00  20.02  19.95  19.59  19.73 999.00  20.67  21.24  22.49  18.40  22.63  12.83  19.70   7.65  23.44  21.95  21.21  20.39  20.69  23.01  25.01  21.55  22.57  24.64
 wrfout_d04_2016-11-23_09:00:00 999.00  21.01  14.52  18.85  15.44  20.01  20.20  20.00  19.94  19.68  19.31  19.46 999.00  20.61  20.96  22.31  18.49  22.48  12.63  20.13   7.47  23.53  22.48  20.80  20.29  20.65  22.58  25.07  20.96  22.37  23.84
 wrfout_d04_2016-11-23_10:00:00 999.00  20.92  14.65  18.76  15.52  20.07  20.17  19.94  19.84  19.71  19.39  19.41 999.00  20.64  20.35  22.29  18.25  22.30  12.39  19.50   7.47  23.61  22.61  21.08  20.26  20.68  22.70  25.13  20.74  22.44  23.40
 wrfout_d04_2016-11-23_11:00:00 999.00  21.11  14.63  18.60  15.44  19.56  20.36  19.77  19.89  19.67  19.79  19.13 999.00  20.76  19.98  22.38  18.36  22.21  12.44  19.18   7.49  23.69  22.43  21.36  20.45  20.61  22.88  24.68  20.66  22.39  23.26
 wrfout_d04_2016-11-23_12:00:00 999.00  20.83  14.37  18.56  15.30  19.65  20.23  19.78  19.78  19.47  19.69  19.30 999.00  20.72  19.64  22.18  17.91  22.01  12.40  19.22   7.30  23.32  22.35  21.28  20.26  20.48  23.08  24.07  20.72  21.96  23.61
 wrfout_d04_2016-11-23_13:00:00 999.00  20.40  14.13  18.42  15.07  19.68  20.09  19.78  19.79  19.19  19.43  19.37 999.00  20.66  19.65  22.27  17.83  22.00  12.53  18.68   7.28  23.37  22.43  21.15  20.20  20.46  22.81  24.01  20.67  21.87  23.47
 wrfout_d04_2016-11-23_14:00:00 999.00  20.33  13.94  17.94  14.80  19.30  19.92  19.36  19.63  19.13  19.19  19.07 999.00  20.44  19.82  22.54  17.97  21.66  12.16  18.80   7.19  23.47  22.29  21.34  19.83  19.83  22.91  23.44  20.61  22.07  23.27
 wrfout_d04_2016-11-23_15:00:00 999.00  20.34  13.62  17.90  14.44  19.04  19.57  19.22  19.25  18.83  19.11  18.91 999.00  20.16  19.85  22.51  17.85  21.45  11.98  18.55   7.13  23.17  22.19  21.60  19.97  20.02  22.98  22.41  20.51  21.86  23.11
 wrfout_d04_2016-11-23_16:00:00 999.00  20.56  13.49  17.62  14.34  19.35  19.36  18.94  18.94  18.75  18.92  18.86 999.00  19.84  19.48  22.34  17.61  20.80  12.20  18.17   6.94  23.03  22.26  21.54  19.79  19.89  22.98  21.67  20.55  21.63  22.96
 wrfout_d04_2016-11-23_17:00:00 999.00  20.55  13.42  17.45  14.16  19.27  19.23  18.72  18.88  18.65  18.85  18.73 999.00  19.83  19.24  22.34  17.73  20.16   9.54  18.07   3.67  22.60  22.22  21.58  19.60  19.65  22.88  21.21  20.57  21.90  22.76
 wrfout_d04_2016-11-23_18:00:00 999.00  20.38  13.45  17.42  14.19  18.81  19.00  18.82  18.87  18.59  18.81  18.69 999.00  19.77  19.08  22.07  17.55  19.67   9.21  17.79   3.97  22.31  21.82  21.22  19.50  19.58  22.78  21.12  20.37  21.63  22.63
 wrfout_d04_2016-11-23_19:00:00 999.00  19.94  13.37  17.35  14.03  18.26  18.81  18.74  18.43  18.43  18.76  18.55 999.00  19.62  18.56  22.03  16.31  19.66   9.05  17.62   2.99  22.26  21.59  21.23  19.36  19.41  22.57  21.05  20.21  21.59  22.55
 wrfout_d04_2016-11-23_20:00:00 999.00  19.59  13.31  17.38  14.00  18.37  18.61  18.60  18.23  18.45  18.64  18.52 999.00  19.43  18.56  21.94  15.77  19.68   8.96  17.19   2.77  21.86  21.47  21.03  19.17  19.26  22.61  20.69  20.14  21.67  22.48
 wrfout_d04_2016-11-23_21:00:00 999.00  19.84  13.30  17.45  14.01  18.71  18.55  18.55  18.18  18.53  18.19  18.54 999.00  19.44  18.24  21.81  15.39  19.97   8.65  16.90   2.46  21.76  21.33  20.80  18.95  19.03  22.27  20.24  20.07  21.55  22.37
 wrfout_d04_2016-11-23_22:00:00 999.00  20.10  13.13  17.56  13.88  18.58  18.76  18.45  18.11  18.47  18.28  18.41 999.00  19.30  18.17  21.65  15.04  19.82   8.39  16.72   2.20  21.88  20.87  20.93  18.30  18.70  22.35  19.96  19.61  21.62  22.35
 wrfout_d04_2016-11-23_23:00:00 999.00  20.31  13.14  17.64  14.13  18.62  18.88  18.35  18.24  18.49  18.46  18.21 999.00  19.57  19.05  21.60  17.83  20.05  11.98  17.11   6.37  22.13  20.91  20.95  18.71  18.83  22.32  20.93  19.97  21.78  22.51
