 wrfout_d04_2016-05-24_00:00:00 999.00  24.24  22.52  25.09  23.61  25.11  26.36  24.99  26.00  25.47  25.67  26.34 999.00  26.33  26.94  27.19  24.29  26.67  18.84  26.43  13.26  26.85  27.49  27.49  26.99  27.32  28.86  29.33  28.99  28.56  29.80
 wrfout_d04_2016-05-24_01:00:00 999.00  24.40  22.23  26.07  24.16  25.89  26.81  25.12  26.33  26.51  26.29  27.31 999.00  26.68  28.02  27.32  24.53  29.09  19.15  29.12  13.59  27.76  28.68  28.17  30.92  30.75  29.97  30.89  28.77  27.72  29.99
 wrfout_d04_2016-05-24_02:00:00 999.00  24.36  22.40  25.30  24.76  25.17  27.19  25.84  27.36  27.63  26.65  27.57 999.00  28.37  28.66  27.38  26.42  29.68  19.60  30.35  13.45  27.79  28.82  28.68  32.29  31.62  30.56  31.31  30.04  28.13  30.93
 wrfout_d04_2016-05-24_03:00:00 999.00  24.40  23.12  28.48  24.64  25.36  27.65  26.56  28.86  28.24  28.47  26.34 999.00  30.33  30.71  27.67  26.27  29.84  19.60  31.61  13.68  27.84  28.77  29.13  33.23  32.43  30.67  31.49  30.71  28.47  31.18
 wrfout_d04_2016-05-24_04:00:00 999.00  24.39  22.75  27.12  25.25  26.86  30.09  27.11  28.81  28.81  28.97  27.72 999.00  30.75  32.06  29.30  27.97  29.94  19.47  32.40  13.08  27.88  28.64  28.51  33.89  32.91  30.18  31.72  31.15  28.39  31.32
 wrfout_d04_2016-05-24_05:00:00 999.00  24.44  23.87  28.75  25.30  27.29  29.73  25.72  30.77  29.70  29.16  26.59 999.00  29.85  33.02  29.34  28.70  29.75  20.31  32.66  12.65  27.88  28.47  28.27  34.01  32.78  30.81  31.81  31.42  29.25  31.35
 wrfout_d04_2016-05-24_06:00:00 999.00  24.48  22.97  29.54  25.70  25.68  29.76  25.65  30.41  29.44  27.65  26.22 999.00  28.59  32.71  29.21  29.01  29.52  18.54  32.07  12.63  27.78  28.36  28.17  33.38  32.33  30.96  31.69  30.81  28.88  31.10
 wrfout_d04_2016-05-24_07:00:00 999.00  24.46  22.07  28.91  23.89  25.44  29.15  26.60  29.51  30.07  26.65  25.50 999.00  28.70  30.97  28.13  28.56  29.07  18.74  31.05  12.26  27.65  28.26  28.03  32.61  31.77  30.98  31.35  30.52  28.45  30.73
 wrfout_d04_2016-05-24_08:00:00 999.00  24.42  22.03  27.82  23.70  24.91  28.04  26.08  28.72  28.63  26.05  25.36 999.00  28.28  31.07  27.82  27.66  28.79  19.16  30.06  12.12  27.51  28.21  26.16  31.52  30.79  30.80  30.93  29.75  27.98  30.16
 wrfout_d04_2016-05-24_09:00:00 999.00  24.35  21.70  28.05  22.88  24.72  26.82  25.27  27.23  27.67  25.80  25.13 999.00  27.53  30.21  27.25  25.80  28.09  16.93  29.45  12.17  27.38  28.08  25.95  30.48  29.63  30.21  30.27  28.70  27.25  29.61
 wrfout_d04_2016-05-24_10:00:00 999.00  24.28  21.17  26.52  21.81  24.77  26.02  24.88  26.41  27.01  25.51  25.19 999.00  26.93  29.32  27.07  23.37  27.26  16.97  28.44  11.66  27.32  27.91  26.40  29.64  29.04  28.67  29.70  27.47  26.73  29.06
 wrfout_d04_2016-05-24_11:00:00 999.00  24.32  20.87  25.78  21.60  24.49  25.86  24.85  26.01  26.07  25.11  24.89 999.00  26.06  28.78  26.73  23.20  26.71  16.64  27.12  11.39  27.15  27.90  26.38  28.92  28.49  28.80  29.18  25.91  26.48  28.54
 wrfout_d04_2016-05-24_12:00:00 999.00  24.33  20.83  25.17  21.50  24.07  25.88  24.80  25.88  25.95  25.19  24.84 999.00  25.66  28.56  26.56  22.95  26.76  16.03  26.50  10.83  27.13  27.82  25.90  28.27  28.50  28.28  28.99  25.35  26.38  28.29
 wrfout_d04_2016-05-24_13:00:00 999.00  24.32  20.72  24.81  21.35  24.12  25.32  24.39  25.26  25.94  25.20  24.88 999.00  25.49  28.30  26.39  22.28  26.35  16.17  26.24  10.45  27.16  27.81  25.92  27.85  28.32  27.74  28.85  24.97  26.24  27.95
 wrfout_d04_2016-05-24_14:00:00 999.00  24.39  20.66  24.19  21.24  24.03  24.98  24.46  24.93  25.47  25.04  24.86 999.00  25.26  27.87  26.41  22.64  25.88  16.21  26.07   9.39  27.00  27.79  25.89  27.58  27.99  27.74  28.59  24.59  26.11  27.60
 wrfout_d04_2016-05-24_15:00:00 999.00  24.34  20.64  24.00  21.08  24.09  24.90  24.15  24.87  25.21  24.81  24.90 999.00  25.13  26.95  26.13  21.82  25.80  14.56  25.63   8.80  26.99  27.56  25.86  27.25  27.58  27.72  28.34  24.26  26.09  27.38
 wrfout_d04_2016-05-24_16:00:00 999.00  24.34  20.34  23.74  21.43  23.72  24.83  24.06  24.74  25.09  25.02  24.63 999.00  25.15  26.70  25.96  21.43  25.82  14.83  24.99  10.29  26.88  26.88  25.37  26.99  27.27  27.56  28.09  23.78  25.94  27.16
 wrfout_d04_2016-05-24_17:00:00 999.00  24.30  20.32  23.60  21.44  23.95  24.70  23.78  24.81  24.82  25.02  24.50 999.00  25.21  26.27  26.01  21.20  25.65  14.09  24.82  10.20  26.78  26.46  25.22  26.74  27.01  27.34  28.01  23.43  25.72  26.96
 wrfout_d04_2016-05-24_18:00:00 999.00  24.35  20.38  23.48  21.19  23.91  25.25  23.76  24.45  24.55  24.69  24.25 999.00  25.21  25.96  26.28  20.91  25.64  14.24  24.50  10.34  26.73  26.35  25.07  26.48  27.15  27.15  27.84  23.13  25.38  26.76
 wrfout_d04_2016-05-24_19:00:00 999.00  24.40  20.21  23.51  21.40  23.77  24.81  23.71  24.41  24.57  24.18  24.01 999.00  25.14  25.68  26.25  20.73  25.60  14.16  24.30  10.27  26.72  26.26  24.87  26.19  26.49  27.27  27.73  22.97  25.01  26.69
 wrfout_d04_2016-05-24_20:00:00 999.00  24.38  20.27  24.11  21.38  23.69  24.54  23.65  24.66  24.62  24.04  24.06 999.00  25.06  25.37  26.15  20.48  25.26  13.64  24.07  10.19  26.72  25.99  24.72  26.15  26.14  26.70  27.59  22.82  24.92  26.50
 wrfout_d04_2016-05-24_21:00:00 999.00  24.41  19.87  23.32  21.09  23.62  24.78  24.16  24.63  24.25  23.98  23.63 999.00  24.87  25.00  25.86  20.36  25.01  13.29  23.95   9.97  26.78  25.82  24.56  25.74  25.74  26.40  27.52  23.18  24.90  26.39
 wrfout_d04_2016-05-24_22:00:00 999.00  24.43  21.13  24.56  22.30  23.94  25.15  24.52  24.95  24.63  24.50  24.86 999.00  25.27  25.10  26.32  21.88  25.68  14.85  24.31  10.37  26.83  25.57  26.23  25.58  25.79  26.80  27.67  24.59  25.56  26.65
 wrfout_d04_2016-05-24_23:00:00 999.00  24.38  22.28  25.60  23.39  24.09  25.25  25.62  25.48  25.18  25.42  25.81 999.00  26.61  26.17  26.35  22.72  26.62  16.94  25.54  12.37  26.85  25.76  27.17  26.73  26.88  27.98  28.40  26.56  26.79  27.57
