 wrfout_d04_2016-11-08_00:00:00 999.00  24.16  19.41  24.51  20.93  24.08  24.26  23.49  24.22  22.82  24.93  24.61 999.00  25.31  25.02  25.68  21.72  25.00  12.40  23.95   7.72  24.83  24.71  25.31  25.18  25.70  25.79  27.25  24.11  24.93  26.22
 wrfout_d04_2016-11-08_01:00:00 999.00  24.90  20.02  23.54  21.00  23.94  24.51  25.04  24.51  24.27  27.27  26.51 999.00  26.33  26.78  27.06  22.22  26.59  14.48  25.14   8.99  25.76  24.57  25.58  25.70  26.08  27.00  28.05  25.83  26.16  26.59
 wrfout_d04_2016-11-08_02:00:00 999.00  24.32  21.18  23.83  22.95  24.55  23.57  23.99  25.28  24.89  28.45  27.33 999.00  26.35  28.16  27.61  23.59  26.96  15.46  26.61   9.89  25.79  25.67  26.00  27.54  27.70  27.73  29.35  26.19  25.26  27.58
 wrfout_d04_2016-11-08_03:00:00 999.00  24.03  20.11  24.43  23.40  22.85  25.64  24.29  23.52  25.06  27.43  28.08 999.00  26.67  27.53  27.98  24.35  27.10  15.98  27.56  10.29  25.77  25.85  25.39  28.54  28.61  27.26  30.11  26.55  23.89  28.05
 wrfout_d04_2016-11-08_04:00:00 999.00  23.55  18.55  23.30  20.28  23.46  25.07  23.84  23.81  23.84  26.96  28.02 999.00  27.80  27.83  28.18  24.65  27.08  16.10  27.78  10.41  25.67  25.89  24.77  29.12  29.14  26.83  30.24  26.63  23.87  28.60
 wrfout_d04_2016-11-08_05:00:00 999.00  23.24  17.79  22.09  19.33  22.35  24.25  23.14  23.37  23.46  25.89  26.00 999.00  26.98  28.97  28.24  24.35  26.91  15.86  27.85  10.32  25.45  25.95  24.86  29.01  29.01  27.26  30.02  26.49  23.74  28.99
 wrfout_d04_2016-11-08_06:00:00 999.00  22.77  17.13  21.37  18.44  21.98  23.46  22.12  22.55  22.58  24.12  24.07 999.00  26.37  27.97  27.25  23.35  26.73  15.04  28.02   9.87  25.29  25.91  24.80  28.91  28.89  27.40  29.69  26.11  23.75  28.87
 wrfout_d04_2016-11-08_07:00:00 999.00  22.72  16.69  21.14  18.08  22.00  22.86  21.48  22.09  22.00  24.07  22.89 999.00  24.77  26.32  26.28  21.43  25.80  13.69  27.33   9.45  25.47  25.88  24.36  28.09  28.31  26.41  29.57  25.59  23.64  28.60
 wrfout_d04_2016-11-08_08:00:00 999.00  22.76  16.17  20.65  17.50  21.60  22.56  21.24  21.82  20.93  23.29  22.53 999.00  23.85  25.49  25.44  21.08  25.43  12.53  26.22   8.63  25.47  25.72  23.72  27.71  27.58  25.83  29.52  24.22  22.79  28.18
 wrfout_d04_2016-11-08_09:00:00 999.00  22.37  15.69  20.00  16.76  20.96  21.96  21.19  21.42  20.65  22.60  21.96 999.00  22.72  23.45  24.73  19.97  24.66  10.85  24.94   6.70  25.32  25.77  23.59  26.52  26.55  24.65  28.96  23.83  22.30  26.95
 wrfout_d04_2016-11-08_10:00:00 999.00  22.22  15.37  19.69  16.53  20.90  21.23  20.85  20.85  20.50  22.40  21.43 999.00  22.17  22.84  24.81  18.04  23.62   9.67  23.38   6.89  25.03  25.18  23.54  25.35  25.61  24.24  28.65  22.57  22.09  26.10
 wrfout_d04_2016-11-08_11:00:00 999.00  21.76  15.15  19.51  16.28  20.56  21.16  20.46  20.73  20.21  22.07  21.03 999.00  21.97  21.87  24.84  18.48  23.66  10.03  21.71   6.74  24.40  24.54  23.70  24.20  24.41  25.24  28.05  23.10  22.18  25.80
 wrfout_d04_2016-11-08_12:00:00 999.00  21.52  14.94  19.40  16.04  20.43  21.10  20.43  20.79  20.05  21.67  20.63 999.00  21.76  21.49  24.60  18.15  22.93   9.92  20.82   5.87  24.21  23.80  22.63  22.71  22.92  25.02  27.40  22.64  21.99  25.39
 wrfout_d04_2016-11-08_13:00:00 999.00  21.63  14.90  19.34  15.92  20.51  20.90  20.05  20.69  19.83  21.42  20.46 999.00  21.52  21.35  24.51  17.47  22.41  11.32  20.36   3.96  23.94  23.76  22.44  22.00  22.16  23.84  26.28  22.19  22.06  25.44
 wrfout_d04_2016-11-08_14:00:00 999.00  21.75  14.75  19.12  15.84  20.36  20.80  19.81  20.58  19.54  21.04  20.12 999.00  21.42  20.82  24.40  17.05  22.33  11.45  20.07   3.58  23.69  23.31  22.43  21.82  22.00  23.94  25.26  22.06  21.28  25.12
 wrfout_d04_2016-11-08_15:00:00 999.00  21.54  14.61  18.91  15.65  20.31  20.58  20.06  20.33  19.53  20.94  19.82 999.00  20.87  20.76  24.25  16.80  22.30  11.48  19.68   3.55  23.54  22.88  22.13  21.54  21.66  24.06  24.28  21.62  22.75  24.15
 wrfout_d04_2016-11-08_16:00:00 999.00  21.12  14.53  18.64  15.49  20.08  20.29  19.93  20.66  19.40  20.62  19.81 999.00  20.68  20.74  24.30  16.66  22.23  11.28  19.28   3.83  23.44  22.57  21.93  21.27  21.34  23.90  23.51  21.21  23.02  23.61
 wrfout_d04_2016-11-08_17:00:00 999.00  20.95  14.43  18.63  15.40  19.88  20.12  20.02  20.22  19.33  20.25  19.66 999.00  20.45  20.85  23.87  16.55  22.13  10.87  19.16   6.45  23.39  22.31  21.72  20.95  20.98  23.65  23.13  21.03  22.59  23.65
 wrfout_d04_2016-11-08_18:00:00 999.00  20.98  14.29  18.68  15.29  19.72  19.93  19.88  19.95  19.20  20.19  19.57 999.00  20.39  20.66  23.49  16.49  22.21   9.38  18.82   6.24  23.43  22.46  21.53  20.74  20.71  23.27  22.81  20.94  23.10  23.17
 wrfout_d04_2016-11-08_19:00:00 999.00  20.76  14.41  18.64  15.35  19.55  19.75  19.51  19.58  19.05  19.87  19.38 999.00  20.30  20.45  23.38  16.43  22.04   9.20  18.63   5.62  23.18  22.55  21.49  20.57  20.56  22.82  22.79  20.63  23.01  23.26
 wrfout_d04_2016-11-08_20:00:00 999.00  20.99  14.39  18.63  15.27  19.52  19.59  19.71  19.82  19.00  19.38  19.37 999.00  20.22  20.28  23.17  16.14  21.96   9.25  18.37   6.15  23.09  22.57  21.37  20.11  20.24  22.58  22.60  20.24  22.88  22.97
 wrfout_d04_2016-11-08_21:00:00 999.00  20.86  14.32  18.64  15.20  19.44  19.33  20.00  18.95  19.16  19.06  19.18 999.00  20.19  20.30  22.80  15.80  21.75   8.93  18.34   5.89  23.06  22.32  21.21  20.21  20.26  22.65  22.42  20.41  22.54  22.89
 wrfout_d04_2016-11-08_22:00:00 999.00  20.95  14.30  18.69  15.22  19.43  19.41  20.02  19.17  19.11  19.12  19.23 999.00  20.14  20.14  22.70  15.73  21.75   8.76  18.40   4.61  22.93  22.27  21.02  20.23  20.24  22.39  22.29  20.22  22.84  22.71
 wrfout_d04_2016-11-08_23:00:00 999.00  21.03  14.29  18.70  15.28  19.66  19.54  20.08  19.27  19.17  19.38  19.31 999.00  20.72  21.01  22.67  19.84  22.18  12.79  18.91   6.81  23.01  22.21  21.70  20.29  20.33  22.88  22.77  20.91  22.88  22.91
