 wrfout_d04_2016-09-25_00:00:00 999.00  26.01  21.68  27.89  23.26  25.19  27.38  26.63  27.53  27.22  25.56  26.80 999.00  27.24  27.87  27.59  24.93  26.90  18.77  25.92  14.49  26.48  26.30  26.91  27.10  27.43  27.88  29.32  25.65  26.74  27.20
 wrfout_d04_2016-09-25_01:00:00 999.00  26.07  22.51  28.88  24.11  25.53  28.48  26.72  28.72  28.85  26.30  27.78 999.00  28.66  29.83  28.49  26.52  27.82  20.02  27.65  13.83  26.48  26.76  27.57  28.90  29.10  29.00  30.11  26.67  27.40  28.48
 wrfout_d04_2016-09-25_02:00:00 999.00  26.13  23.05  29.86  24.68  25.65  29.23  27.37  29.45  30.49  26.75  27.18 999.00  29.38  31.30  29.26  27.99  28.42  20.91  29.29  14.56  26.54  26.89  28.15  30.52  30.68  29.76  30.40  27.39  27.90  29.36
 wrfout_d04_2016-09-25_03:00:00 999.00  26.15  23.22  30.32  24.81  25.99  29.65  28.01  29.92  31.17  28.54  26.89 999.00  29.85  32.33  29.55  28.73  28.36  21.44  30.50  14.91  26.57  26.96  28.54  31.55  31.54  30.25  30.72  28.00  28.24  30.03
 wrfout_d04_2016-09-25_04:00:00 999.00  26.19  23.37  30.50  24.96  26.06  29.90  28.13  29.36  31.73  29.32  26.94 999.00  29.77  33.18  29.78  29.25  28.54  21.46  31.48  15.09  26.65  27.00  28.69  32.26  32.02  30.50  30.92  28.30  28.44  30.80
 wrfout_d04_2016-09-25_05:00:00 999.00  26.21  23.15  30.38  24.71  26.24  29.91  27.95  29.41  31.84  29.18  26.81 999.00  29.56  33.31  29.67  29.33  28.62  21.26  32.21  14.65  26.69  27.18  28.68  32.71  32.17  30.35  30.87  28.39  28.44  31.04
 wrfout_d04_2016-09-25_06:00:00 999.00  26.23  22.86  29.99  24.42  26.14  29.62  27.71  29.19  31.58  29.10  27.84 999.00  29.38  33.20  29.38  29.20  28.54  20.96  32.28  13.43  26.71  27.50  28.41  32.96  32.15  30.13  30.78  28.23  28.22  30.90
 wrfout_d04_2016-09-25_07:00:00 999.00  26.25  22.34  29.30  23.81  25.96  29.09  27.31  28.77  30.87  28.31  26.91 999.00  28.98  32.54  28.87  28.73  28.22  20.37  31.64  12.87  26.71  27.52  27.96  32.30  31.89  29.83  30.61  27.80  27.71  30.45
 wrfout_d04_2016-09-25_08:00:00 999.00  26.27  21.68  28.27  23.12  25.76  28.29  26.83  28.33  29.84  27.98  26.47 999.00  28.34  31.27  28.25  27.45  27.47  19.27  30.39  12.58  26.76  27.40  27.35  31.12  31.10  29.35  30.39  27.16  27.10  29.82
 wrfout_d04_2016-09-25_09:00:00 999.00  26.31  20.80  27.05  22.13  25.55  27.13  25.93  27.26  28.55  27.17  26.17 999.00  27.39  29.76  27.51  26.15  26.92  17.57  28.81  12.13  26.60  27.22  26.35  30.03  30.05  28.34  29.87  26.07  26.27  28.80
 wrfout_d04_2016-09-25_10:00:00 999.00  26.32  20.17  24.53  21.53  25.42  26.15  25.43  26.12  27.21  26.07  25.46 999.00  26.77  28.22  26.77  25.06  26.54  15.13  27.60   9.65  26.36  27.03  25.74  28.52  28.59  27.39  29.62  24.68  25.62  27.73
 wrfout_d04_2016-09-25_11:00:00 999.00  26.35  20.25  24.19  21.50  25.34  25.80  25.37  25.87  26.49  25.37  25.17 999.00  26.55  27.34  26.59  23.41  26.31  14.90  26.30   8.43  26.04  27.01  25.73  28.02  27.80  27.11  29.61  24.33  25.42  27.19
 wrfout_d04_2016-09-25_12:00:00 999.00  26.37  20.28  23.92  21.52  25.29  25.77  25.32  25.68  26.31  25.23  25.01 999.00  26.59  27.11  26.56  22.80  26.18  14.65  25.68   7.83  25.99  27.01  25.72  27.37  27.54  27.01  29.56  24.03  25.37  26.85
 wrfout_d04_2016-09-25_13:00:00 999.00  26.36  20.37  23.73  21.46  24.96  25.63  25.23  25.45  26.10  25.14  24.96 999.00  26.45  27.25  26.58  22.28  26.00  14.24  25.22   7.27  26.47  26.88  25.63  26.89  27.11  26.94  29.59  23.53  25.30  26.61
 wrfout_d04_2016-09-25_14:00:00 999.00  26.34  20.25  23.54  21.44  24.15  25.49  25.17  25.21  25.90  24.96  25.04 999.00  26.19  27.08  26.59  21.98  25.87  13.80  24.88   6.81  26.62  26.62  25.53  26.56  26.71  26.88  29.36  23.22  25.21  26.51
 wrfout_d04_2016-09-25_15:00:00 999.00  26.31  20.19  23.29  21.37  24.06  25.26  25.07  24.98  25.66  24.72  25.05 999.00  25.96  26.76  26.66  21.61  26.06  13.29  24.62   6.47  26.49  26.48  25.56  26.07  26.26  26.71  29.23  22.85  25.11  26.28
 wrfout_d04_2016-09-25_16:00:00 999.00  26.29  20.12  23.12  21.34  23.46  25.04  24.99  24.78  25.46  24.40  25.00 999.00  25.71  26.52  26.65  21.24  26.19  12.80  24.55   6.27  26.61  26.64  25.62  25.69  25.94  26.64  28.79  22.41  25.02  25.97
 wrfout_d04_2016-09-25_17:00:00 999.00  26.28  20.23  22.98  21.24  23.35  24.93  24.87  24.64  25.27  24.41  24.93 999.00  25.47  26.41  26.54  20.85  26.31  12.31  24.64   6.03  26.68  26.77  25.66  25.40  25.61  26.49  28.57  22.17  24.98  26.01
 wrfout_d04_2016-09-25_18:00:00 999.00  26.27  20.27  22.91  21.24  23.24  24.70  24.78  24.55  25.10  24.04  24.98 999.00  25.32  26.24  26.51  20.51  26.02  12.00  24.37   6.02  26.47  26.72  25.69  25.34  25.49  26.06  28.37  21.98  24.90  26.09
 wrfout_d04_2016-09-25_19:00:00 999.00  26.25  20.22  22.90  21.20  23.19  24.42  24.78  24.48  24.96  23.78  24.91 999.00  25.15  25.79  26.48  20.21  26.34  11.79  24.17   6.04  26.39  26.71  25.70  25.38  25.50  25.66  28.08  21.79  24.86  26.16
 wrfout_d04_2016-09-25_20:00:00 999.00  26.25  20.28  22.88  21.21  23.06  24.14  24.85  24.32  24.88  23.74  24.93 999.00  24.98  25.25  26.44  19.90  26.35  11.54  24.04   6.03  26.84  26.72  25.68  25.37  25.57  25.32  27.94  21.63  24.85  26.21
 wrfout_d04_2016-09-25_21:00:00 999.00  26.27  20.39  22.90  21.28  24.11  24.10  24.89  24.18  24.85  23.60  25.04 999.00  24.81  24.86  26.31  19.65  26.31  11.36  23.90   6.06  26.97  26.21  25.69  25.35  25.54  25.02  27.78  21.51  24.90  26.17
 wrfout_d04_2016-09-25_22:00:00 999.00  26.28  20.68  23.30  21.49  24.88  25.17  24.99  25.29  24.88  24.04  25.28 999.00  24.75  24.66  26.94  19.68  26.46  11.52  23.45   6.85  27.03  25.33  25.78  25.25  25.64  24.98  27.63  21.63  25.01  26.07
 wrfout_d04_2016-09-25_23:00:00 999.00  26.32  21.41  26.27  22.81  25.81  26.07  25.80  26.14  25.81  26.36  26.71 999.00  25.81  25.31  28.48  22.34  26.55  15.71  24.02  10.93  27.00  25.17  26.88  26.10  26.31  27.68  28.01  25.77  25.86  26.79
