 wrfout_d04_2016-02-03_00:00:00 999.00  14.05   7.63  12.09   8.54  12.91  12.56  13.15  12.29  12.73  12.84  12.96 999.00  13.22  12.56  16.70  13.07  14.80   8.48  11.63   1.78  16.84  15.75  18.13  13.31  13.56  18.12  16.14  17.65  19.20  19.20
 wrfout_d04_2016-02-03_01:00:00 999.00  13.75   7.16  11.93   8.08  12.57  12.45  12.60  12.37  12.61  12.58  12.87 999.00  12.93  13.05  16.29  16.57  13.84   8.93  11.94   2.13  16.00  15.74  18.24  13.47  13.66  20.08  15.85  16.68  18.33  19.04
 wrfout_d04_2016-02-03_02:00:00 999.00  13.86   7.44  12.54   9.17  12.81  12.81  12.75  12.73  12.85  12.79  12.95 999.00  13.35  14.70  16.83  18.38  14.15  10.60  12.81   2.30  15.57  15.97  18.51  13.73  13.94  20.64  16.56  17.96  19.35  20.16
 wrfout_d04_2016-02-03_03:00:00 999.00  13.83   7.49  12.85   9.05  13.03  12.98  13.10  12.85  13.39  13.47  12.87 999.00  14.02  15.00  17.00  19.61  13.86  11.23  14.25   3.30  15.00  16.25  18.50  14.43  14.63  20.89  16.97  18.01  20.63  20.31
 wrfout_d04_2016-02-03_04:00:00 999.00  13.77   7.68  13.09   9.43  13.27  13.20  13.29  12.98  13.63  13.45  12.98 999.00  14.37  16.57  17.32  19.36  13.88  11.49  16.00   3.64  15.91  16.46  18.84  16.38  16.49  20.99  18.34  19.96  19.95  21.02
 wrfout_d04_2016-02-03_05:00:00 999.00  13.75   7.67  13.10   9.18  13.09  13.38  13.14  13.21  13.48  13.63  12.92 999.00  14.31  17.17  17.25  19.16  14.57  11.64  17.20   3.94  15.88  16.55  18.84  19.51  19.65  20.77  20.14  20.04  19.44  21.67
 wrfout_d04_2016-02-03_06:00:00 999.00  13.78   7.47  12.60   8.37  12.89  12.96  12.91  12.76  13.34  13.79  12.91 999.00  14.32  16.03  17.39  17.56  14.11  11.38  17.92   3.78  15.75  16.39  18.56  20.05  20.03  20.90  21.20  18.44  18.97  21.58
 wrfout_d04_2016-02-03_07:00:00 999.00  14.06   7.48  12.63   8.29  12.78  13.05  12.86  12.77  13.11  13.68  12.80 999.00  14.31  15.57  17.14  17.53  13.95  10.75  15.48   3.37  15.58  16.22  18.07  17.90  18.47  20.10  21.79  18.45  18.58  21.25
 wrfout_d04_2016-02-03_08:00:00 999.00  14.35   7.40  12.31   8.19  12.76  12.65  12.73  12.55  13.00  13.37  12.67 999.00  13.87  15.04  16.65  16.17  13.43   9.98  15.12   3.16  15.77  16.16  17.26  16.41  16.71  19.40  21.84  17.69  18.60  20.25
 wrfout_d04_2016-02-03_09:00:00 999.00  14.36   7.47  12.34   8.32  12.91  12.79  12.82  12.61  12.82  13.17  12.38 999.00  13.70  14.30  16.48  13.63  13.43   8.59  14.14   2.88  15.20  16.15  16.50  15.66  15.87  19.07  21.47  17.28  18.47  19.92
 wrfout_d04_2016-02-03_10:00:00 999.00  14.32   7.60  12.22   8.47  12.95  12.99  12.70  12.83  12.72  12.81  12.37 999.00  13.54  14.13  16.22  13.46  13.65   7.79  13.80   2.79  15.21  16.12  16.47  15.21  15.26  18.80  19.91  17.03  18.39  19.58
 wrfout_d04_2016-02-03_11:00:00 999.00  14.37   7.80  12.31   8.62  13.37  13.10  12.79  12.88  12.97  12.78  12.66 999.00  13.43  14.34  16.00  13.16  14.35   7.54  13.34   2.67  15.44  15.97  16.64  14.70  14.91  18.40  19.02  16.77  18.41  19.09
 wrfout_d04_2016-02-03_12:00:00 999.00  14.64   7.90  12.38   8.70  13.38  13.22  13.02  13.00  13.17  12.75  13.13 999.00  13.42  14.16  16.12  13.19  14.54   7.52  13.18   2.49  15.90  15.75  16.57  14.61  14.83  18.27  18.93  16.51  18.26  18.90
 wrfout_d04_2016-02-03_13:00:00 999.00  14.80   8.10  12.47   8.90  13.53  13.26  13.22  13.03  13.36  13.08  13.03 999.00  13.47  14.12  16.30  13.64  14.89   7.88  12.83   2.44  15.97  15.36  16.44  14.44  14.50  18.18  18.27  16.09  18.18  18.67
 wrfout_d04_2016-02-03_14:00:00 999.00  15.13   8.20  12.52   9.11  13.39  13.42  13.36  13.27  13.39  12.91  13.18 999.00  13.42  13.83  16.46  13.53  14.96   7.56  12.46   2.46  16.07  15.42  16.60  14.00  14.20  18.05  17.73  16.00  18.36  18.54
 wrfout_d04_2016-02-03_15:00:00 999.00  15.41   8.58  12.56   9.45  13.69  13.57  13.50  13.43  13.37  12.87  13.33 999.00  13.37  13.21  16.44  13.56  14.63   7.59  12.25   1.85  16.01  15.82  16.66  13.80  14.04  17.94  17.05  16.01  18.41  18.30
 wrfout_d04_2016-02-03_16:00:00 999.00  15.63   8.85  12.84   9.64  13.91  13.82  13.80  13.56  13.39  12.90  13.55 999.00  13.31  13.06  16.31  13.49  14.72   8.16  12.23   1.77  16.03  16.03  16.82  13.75  13.82  18.01  16.52  16.26  18.46  17.93
 wrfout_d04_2016-02-03_17:00:00 999.00  15.77   9.08  13.04   9.93  14.13  14.10  14.02  13.82  13.53  12.96  13.71 999.00  13.61  13.29  16.42  13.54  14.61   7.36  12.06   2.17  16.23  15.91  16.97  13.88  13.84  18.13  16.27  16.21  18.51  18.16
 wrfout_d04_2016-02-03_18:00:00 999.00  15.69   9.37  13.16  10.19  14.38  14.30  14.24  14.16  13.64  12.99  13.83 999.00  13.67  13.04  16.52  13.71  14.51   7.53  11.95   2.21  16.26  16.10  17.14  13.83  14.01  18.48  15.79  16.24  18.65  18.18
 wrfout_d04_2016-02-03_19:00:00 999.00  15.64   9.56  13.25  10.28  14.21  14.50  14.39  14.26  13.92  13.17  13.82 999.00  13.73  13.30  16.73  13.59  14.84   7.46  11.94   1.91  16.19  16.33  17.23  13.86  13.95  18.60  15.61  16.23  18.79  18.50
 wrfout_d04_2016-02-03_20:00:00 999.00  15.51   9.76  13.34  10.56  14.47  14.62  14.74  14.40  14.00  13.42  14.04 999.00  13.97  13.32  16.91  11.80  14.90   7.88  11.98   1.94  16.46  16.65  17.31  13.85  13.86  18.63  15.57  16.23  18.93  18.43
 wrfout_d04_2016-02-03_21:00:00 999.00  15.27  10.04  13.44  10.81  14.34  14.66  14.75  14.52  14.16  13.80  14.41 999.00  14.06  13.59  17.17  11.51  14.90   8.06  12.05   2.07  16.64  16.36  17.14  13.95  14.06  18.70  15.29  16.30  18.93  18.72
 wrfout_d04_2016-02-03_22:00:00 999.00  15.76  10.06  13.57  10.79  14.43  14.79  14.89  14.56  14.44  14.19  14.76 999.00  14.08  14.04  17.24  11.18  15.33   7.96  12.29   2.15  16.66  16.46  16.70  14.06  14.17  18.82  15.13  16.38  18.92  18.82
 wrfout_d04_2016-02-03_23:00:00 999.00  15.77  10.17  13.70  10.93  14.75  14.98  14.92  14.83  14.74  14.59  15.10 999.00  14.45  14.58  17.36  13.47  15.39   8.26  12.51   2.40  16.75  16.59  17.72  14.26  14.32  19.11  15.69  16.47  18.81  18.95
