 wrfout_d04_2016-11-09_00:00:00 999.00  21.00  14.39  18.76  15.51  19.65  19.67  20.09  19.38  19.33  19.15  19.47 999.00  21.40  22.28  22.78  19.94  22.13  14.40  20.32   8.14  23.09  22.30  22.71  20.54  20.49  24.29  23.25  22.17  23.32  23.34
 wrfout_d04_2016-11-09_01:00:00 999.00  20.75  14.38  18.80  15.61  19.83  20.09  20.00  19.59  19.57  19.24  19.41 999.00  22.26  24.14  23.11  21.20  22.39  15.48  22.05   8.01  23.06  22.71  23.17  21.08  21.00  25.35  23.88  22.72  23.22  24.40
 wrfout_d04_2016-11-09_02:00:00 999.00  20.78  14.40  18.96  15.56  19.52  20.13  19.99  19.92  19.54  19.53  19.32 999.00  23.20  25.61  23.08  23.31  23.05  15.08  22.85   8.16  23.14  23.11  23.77  21.72  21.63  26.01  25.21  23.86  24.83  25.48
 wrfout_d04_2016-11-09_03:00:00 999.00  20.87  14.22  18.97  15.38  19.67  20.01  19.78  19.64  19.66  20.74  19.79 999.00  23.87  25.95  22.93  23.68  23.68  14.90  23.84   8.18  23.33  23.74  24.02  22.47  22.31  26.51  26.66  24.39  25.11  26.36
 wrfout_d04_2016-11-09_04:00:00 999.00  21.29  14.12  19.11  15.49  19.99  20.04  20.09  19.68  19.82  21.06  19.86 999.00  24.05  25.91  23.04  23.77  24.11  14.21  24.55   8.58  23.36  24.34  24.05  23.12  23.11  26.75  26.87  24.60  25.05  26.66
 wrfout_d04_2016-11-09_05:00:00 999.00  21.51  14.10  19.22  15.82  20.41  20.50  19.75  19.84  20.16  20.43  19.58 999.00  23.95  25.76  23.23  23.51  24.11  14.78  24.82   9.07  23.25  24.97  23.86  23.61  23.65  26.31  26.26  24.29  24.77  26.69
 wrfout_d04_2016-11-09_06:00:00 999.00  21.59  14.04  19.36  15.37  19.79  20.67  19.74  20.13  20.36  20.05  19.68 999.00  23.86  25.12  22.59  23.23  24.08  15.48  25.32   9.10  23.26  25.08  23.86  24.01  24.10  26.56  26.58  24.20  24.64  26.51
 wrfout_d04_2016-11-09_07:00:00 999.00  21.64  13.88  19.04  15.07  19.55  19.78  20.02  19.46  21.27  20.16  19.61 999.00  23.43  24.08  22.19  22.39  23.44  14.38  24.73   8.68  23.26  24.83  23.46  24.32  24.29  25.95  26.92  23.64  23.02  26.16
 wrfout_d04_2016-11-09_08:00:00 999.00  21.79  13.85  18.92  15.03  19.88  19.67  19.75  19.51  20.37  19.89  19.18 999.00  22.20  22.77  22.14  20.95  23.08  14.04  23.96   7.88  23.34  24.87  22.44  24.83  24.97  25.04  27.22  22.83  22.86  25.24
 wrfout_d04_2016-11-09_09:00:00 999.00  21.89  13.73  18.80  14.81  19.97  20.05  19.53  19.62  19.69  19.51  18.74 999.00  21.37  22.09  22.18  18.66  22.58  10.79  23.16   5.91  23.37  24.87  21.56  24.37  24.69  24.15  26.84  21.62  22.71  24.35
 wrfout_d04_2016-11-09_10:00:00 999.00  21.95  13.83  18.77  14.80  20.11  20.13  19.58  19.71  20.11  18.89  19.03 999.00  20.97  21.53  22.51  17.63  22.47  11.43  21.85   5.65  23.44  24.49  21.39  23.70  23.86  23.42  26.75  21.01  22.56  23.88
 wrfout_d04_2016-11-09_11:00:00 999.00  22.05  14.06  18.86  15.15  20.41  20.35  19.59  19.74  20.20  19.03  19.39 999.00  20.95  20.93  22.90  17.29  22.51  11.05  20.94   5.71  23.50  23.94  21.20  22.54  23.04  22.98  26.87  20.30  22.68  23.75
 wrfout_d04_2016-11-09_12:00:00 999.00  21.87  14.20  19.00  15.29  20.52  20.52  19.84  19.85  20.24  19.12  19.48 999.00  21.00  20.75  22.91  16.97  22.53  10.31  20.29   5.59  23.62  23.54  21.13  21.98  22.21  22.90  26.79  20.18  22.87  23.24
 wrfout_d04_2016-11-09_13:00:00 999.00  22.11  14.39  19.11  15.49  20.43  20.41  20.12  19.92  20.27  19.56  19.74 999.00  20.85  20.39  22.80  16.67  22.93   9.29  19.91   5.52  23.69  23.07  21.02  21.74  22.04  22.77  26.19  19.83  22.81  22.88
 wrfout_d04_2016-11-09_14:00:00 999.00  22.23  14.42  19.15  15.42  20.40  20.30  20.18  19.92  20.31  19.94  19.32 999.00  20.71  20.42  22.31  16.41  23.24  10.07  19.66   5.39  23.72  22.64  20.38  21.47  21.79  22.59  25.17  19.70  22.70  22.67
 wrfout_d04_2016-11-09_15:00:00 999.00  22.24  14.67  19.26  15.80  20.26  20.46  20.27  19.90  20.24  19.96  18.60 999.00  20.66  20.64  22.01  17.71  22.94   8.81  18.92   5.26  23.75  22.72  19.93  21.21  21.52  22.55  24.80  19.57  22.84  22.63
 wrfout_d04_2016-11-09_16:00:00 999.00  22.46  14.86  19.35  15.98  20.29  20.44  20.62  19.94  20.33  20.06  18.23 999.00  20.73  19.99  22.22  17.75  22.96   8.50  18.74   5.51  23.64  22.87  19.87  20.69  21.12  22.44  24.32  19.51  22.60  22.72
 wrfout_d04_2016-11-09_17:00:00 999.00  22.48  14.96  19.44  16.07  20.24  20.23  20.74  19.64  20.48  20.00  18.08 999.00  21.03  20.40  22.36  15.89  23.07   8.41  18.93   5.66  23.73  22.99  19.86  20.15  20.56  22.38  23.90  19.48  22.59  22.78
 wrfout_d04_2016-11-09_18:00:00 999.00  22.07  15.04  19.29  16.07  19.97  19.90  20.45  19.63  20.25  20.16  17.85 999.00  21.05  20.35  22.52  15.61  23.27   8.27  18.23   5.51  23.90  23.09  19.85  19.81  19.63  22.19  23.54  19.30  22.52  22.80
 wrfout_d04_2016-11-09_19:00:00 999.00  21.74  15.12  19.28  16.12  19.69  19.66  20.18  19.60  19.73  20.14  17.98 999.00  20.96  20.22  22.54  17.16  23.06   9.86  18.60   5.67  24.40  22.63  19.87  20.15  20.73  21.64  23.49  19.24  22.52  22.64
 wrfout_d04_2016-11-09_20:00:00 999.00  21.65  15.22  19.21  16.13  19.77  19.23  20.10  19.10  19.46  19.75  18.01 999.00  20.77  20.33  22.11  17.09  22.62  11.02  18.01   5.90  24.30  22.48  19.97  20.20  20.73  21.37  23.09  19.15  22.53  22.74
 wrfout_d04_2016-11-09_21:00:00 999.00  21.61  15.39  19.22  16.28  19.67  19.04  20.06  19.10  19.50  19.79  19.74 999.00  20.26  20.24  22.01  17.06  22.23  10.57  18.43   5.88  24.12  22.48  19.80  20.29  20.74  21.64  23.22  19.31  22.55  22.81
 wrfout_d04_2016-11-09_22:00:00 999.00  21.42  15.61  19.19  16.38  19.69  18.95  20.04  19.06  19.43  19.81  19.88 999.00  20.21  20.16  22.30  16.94  22.03  10.87  18.54   5.94  23.72  23.01  19.81  20.43  20.91  21.46  22.98  19.02  22.37  23.24
 wrfout_d04_2016-11-09_23:00:00 999.00  21.46  15.68  19.41  16.54  19.87  19.05  20.17  19.07  19.54  19.83  19.91 999.00  20.32  20.25  22.91  16.99  21.92  11.05  18.61   6.08  23.71  22.72  22.75  20.78  21.21  23.31  23.23  21.90  24.11  23.88
