 wrfout_d04_2016-01-12_00:00:00 999.00  17.71  10.93  15.51  11.89  15.88  15.02  16.39  15.10  15.94  15.95  16.23 999.00  16.97  16.44  19.52  14.99  17.41  10.11  15.09   3.09  18.65  17.99  19.59  16.66  16.69  20.91  18.45  19.98  21.78  21.59
 wrfout_d04_2016-01-12_01:00:00 999.00  17.66  10.97  15.58  12.08  16.11  15.37  16.55  15.54  16.76  15.79  16.67 999.00  17.84  17.85  20.20  16.00  18.16  11.38  15.79   3.48  18.77  18.40  20.45  18.26  17.97  22.27  20.32  20.71  21.85  22.46
 wrfout_d04_2016-01-12_02:00:00 999.00  17.66  11.04  15.77  12.31  16.28  15.88  16.77  15.97  18.02  16.34  17.37 999.00  18.82  20.07  20.95  17.42  18.46  12.46  18.13   4.54  18.61  18.88  21.13  19.24  19.20  23.64  21.25  21.87  21.82  23.01
 wrfout_d04_2016-01-12_03:00:00 999.00  17.60  11.07  15.78  12.73  16.44  16.26  16.85  16.19  18.84  17.03  18.23 999.00  19.41  21.32  20.54  19.54  18.86  12.63  19.30   4.33  18.54  19.57  21.02  21.37  21.51  24.23  22.05  22.48  21.90  23.38
 wrfout_d04_2016-01-12_04:00:00 999.00  17.48  11.17  15.91  12.91  16.64  16.51  16.77  16.14  19.00  17.42  17.52 999.00  19.73  22.24  20.65  20.03  18.84  13.01  21.15   5.57  18.62  20.21  21.50  22.44  22.73  24.33  23.54  22.68  22.09  24.69
 wrfout_d04_2016-01-12_05:00:00 999.00  17.41  11.10  15.71  12.50  16.63  16.61  16.47  16.12  18.68  17.75  17.21 999.00  19.65  22.50  20.51  19.91  18.75  12.89  21.91   5.84  18.54  20.61  21.56  23.59  23.76  24.28  23.81  22.52  21.80  24.52
 wrfout_d04_2016-01-12_06:00:00 999.00  17.21  11.03  15.53  12.17  16.45  16.45  16.20  15.83  17.97  17.51  17.11 999.00  19.30  22.21  20.29  18.95  18.63  12.42  22.14   5.44  18.47  20.39  21.35  24.54  24.65  24.19  24.04  22.49  22.29  24.89
 wrfout_d04_2016-01-12_07:00:00 999.00  16.93  10.67  15.18  11.72  15.89  15.80  16.20  15.55  17.55  16.93  16.79 999.00  18.83  21.43  20.09  17.84  17.93  11.59  21.66   4.76  18.60  20.09  20.82  24.52  24.49  23.83  24.02  21.79  21.65  24.53
 wrfout_d04_2016-01-12_08:00:00 999.00  16.66  10.35  15.03  11.41  15.89  15.35  15.94  15.13  16.64  16.59  16.17 999.00  17.98  20.51  20.05  17.58  17.64  10.34  20.37   3.62  18.85  20.03  20.32  23.05  22.85  23.16  23.40  21.10  22.20  23.88
 wrfout_d04_2016-01-12_09:00:00 999.00  16.53  10.22  14.94  11.21  15.78  15.84  15.63  15.10  16.23  16.28  16.19 999.00  17.54  18.78  20.11  16.20  17.27   8.79  18.54   2.14  18.65  19.47  19.67  20.95  20.97  22.56  22.98  20.28  21.64  23.04
 wrfout_d04_2016-01-12_10:00:00 999.00  16.41  10.06  14.67  10.96  15.60  15.50  15.69  15.28  16.03  16.06  16.13 999.00  17.04  17.46  19.99  13.26  17.31   8.25  17.82   1.74  18.70  19.61  18.97  19.15  19.28  22.04  23.07  20.06  21.77  22.72
 wrfout_d04_2016-01-12_11:00:00 999.00  16.57   9.92  14.60  10.85  15.53  15.53  15.65  15.16  15.54  15.69  15.86 999.00  16.61  17.12  19.79  12.64  17.29   8.43  16.91   1.88  18.70  19.16  19.72  18.78  18.95  21.59  22.44  19.62  21.73  22.45
 wrfout_d04_2016-01-12_12:00:00 999.00  16.64   9.83  14.40  10.77  15.45  15.41  15.06  14.87  15.43  15.45  15.56 999.00  16.70  16.85  19.57  12.31  17.25   8.71  16.34   2.23  18.78  19.13  19.63  18.43  18.59  21.47  21.88  19.45  21.59  22.24
 wrfout_d04_2016-01-12_13:00:00 999.00  16.52   9.68  14.25  10.62  15.11  15.15  14.94  14.61  15.27  15.16  15.41 999.00  16.33  16.57  19.37  12.05  16.79   8.15  15.97   2.39  19.08  19.10  19.53  18.15  18.41  21.14  21.20  18.35  21.57  21.97
 wrfout_d04_2016-01-12_14:00:00 999.00  15.82   9.69  14.39  10.65  15.12  14.98  15.01  14.59  15.01  15.11  15.17 999.00  16.03  15.96  19.30  11.79  16.89   8.13  15.83   2.28  18.97  18.96  18.56  17.78  18.00  20.89  20.77  18.68  21.69  21.61
 wrfout_d04_2016-01-12_15:00:00 999.00  15.97   9.83  14.21  10.59  14.67  14.84  14.94  14.56  14.90  15.19  14.95 999.00  16.09  15.86  19.12  11.59  16.79   8.10  15.78   1.95  18.75  19.04  18.72  17.36  17.50  20.71  20.16  18.70  21.10  21.40
 wrfout_d04_2016-01-12_16:00:00 999.00  15.96   9.77  14.03  10.60  14.49  14.15  14.95  14.05  14.85  15.00  14.86 999.00  16.11  16.10  18.68  11.33  16.84   8.37  15.37   2.21  18.60  18.84  19.22  17.13  17.22  20.58  19.55  18.59  20.97  21.03
 wrfout_d04_2016-01-12_17:00:00 999.00  16.39   9.61  14.25  10.51  14.64  13.74  15.10  13.78  14.97  14.83  14.75 999.00  15.92  16.14  18.83  11.06  16.76   7.76  15.03   1.56  18.34  18.48  17.47  16.75  16.99  20.43  18.97  18.40  21.06  20.91
 wrfout_d04_2016-01-12_18:00:00 999.00  16.49   9.66  14.18  10.52  14.84  13.85  14.99  13.82  14.94  14.75  14.60 999.00  15.66  15.81  18.54  10.92  16.40   7.91  14.77   1.60  18.09  18.40  18.59  16.34  16.51  20.44  18.68  18.24  20.98  20.80
 wrfout_d04_2016-01-12_19:00:00 999.00  15.65   9.74  14.18  10.61  14.98  13.90  15.09  13.88  14.79  14.71  14.50 999.00  15.80  15.44  18.69  11.37  16.52   7.82  14.52   1.68  18.41  18.17  18.22  16.02  16.07  20.41  18.16  17.76  21.01  20.34
 wrfout_d04_2016-01-12_20:00:00 999.00  15.56   9.77  13.96  10.59  14.96  13.88  15.05  13.88  14.38  14.84  14.54 999.00  15.78  14.95  18.52  10.61  16.19   7.75  14.14   1.77  17.81  17.95  18.35  15.88  16.14  19.61  17.70  17.35  20.94  20.36
 wrfout_d04_2016-01-12_21:00:00 999.00  15.75   9.76  14.12  10.48  14.55  14.04  15.07  13.97  14.87  14.80  14.59 999.00  15.84  14.98  18.47  10.66  16.15   7.70  14.05   2.05  18.67  17.84  18.10  15.95  16.01  19.81  17.36  17.85  20.82  20.42
 wrfout_d04_2016-01-12_22:00:00 999.00  15.90   9.86  14.10  10.60  14.60  14.36  15.05  14.31  14.86  14.83  14.69 999.00  15.92  14.68  18.48  10.86  16.64   7.75  14.27   2.32  18.67  17.70  18.01  15.92  15.99  19.44  17.22  17.30  20.93  20.28
 wrfout_d04_2016-01-12_23:00:00 999.00  15.34   9.70  14.03  10.52  14.60  14.41  14.71  14.55  14.90  14.93  14.73 999.00  15.93  14.54  18.44  12.76  16.78   7.87  14.34   2.83  18.67  17.65  18.32  16.04  16.11  19.53  17.20  17.83  20.92  20.36
