 wrfout_d04_2016-11-27_00:00:00 999.00  19.95  13.57  17.59  14.50  18.51  17.87  18.61  17.77  18.23  17.98  18.10 999.00  18.88  18.36  21.35  16.49  20.78  11.51  16.92   7.52  21.76  20.32  20.09  18.30  18.26  21.79  19.89  19.98  22.06  22.24
 wrfout_d04_2016-11-27_01:00:00 999.00  20.13  13.69  17.78  14.64  18.73  18.18  18.72  18.06  18.22  17.93  18.13 999.00  18.96  18.74  21.35  16.83  20.87  12.37  16.90   7.80  22.12  20.24  20.05  18.26  18.26  21.88  20.02  19.97  21.80  21.98
 wrfout_d04_2016-11-27_02:00:00 999.00  20.08  13.68  18.11  14.66  18.82  18.50  18.81  18.35  18.44  18.03  18.19 999.00  19.00  19.17  21.18  17.04  21.05  12.74  17.17   8.00  21.74  20.49  19.93  18.47  18.55  21.64  20.70  19.85  21.41  22.14
 wrfout_d04_2016-11-27_03:00:00 999.00  20.26  13.85  18.23  14.98  18.97  18.80  18.71  18.73  18.71  18.42  18.17 999.00  19.75  19.28  21.21  17.08  20.93  12.79  17.24   8.16  22.19  20.62  19.99  18.67  18.78  21.57  21.31  19.86  21.02  22.15
 wrfout_d04_2016-11-27_04:00:00 999.00  20.43  14.09  18.97  15.21  19.13  19.07  18.81  18.73  18.88  18.74  18.34 999.00  19.79  19.63  21.36  17.37  21.01  14.18  17.19   8.04  22.22  20.79  19.69  18.81  18.90  21.70  21.14  19.79  20.44  22.49
 wrfout_d04_2016-11-27_05:00:00 999.00  20.43  14.19  18.65  15.43  19.24  19.41  18.85  18.88  18.82  18.78  18.54 999.00  19.61  20.14  21.57  16.87  21.08  13.09  17.58   8.48  22.09  20.75  19.76  19.08  19.26  21.55  21.59  19.88  20.38  22.68
 wrfout_d04_2016-11-27_06:00:00 999.00  20.38  14.25  18.71  15.36  19.12  19.43  19.13  18.95  18.84  19.10  18.66 999.00  19.72  20.23  21.71  17.09  20.83  12.82  17.58   8.35  22.06  20.53  19.72  19.06  19.30  21.68  21.63  19.57  20.48  22.56
 wrfout_d04_2016-11-27_07:00:00 999.00  19.94  13.95  18.23  14.97  19.18  19.66  18.58  19.10  18.95  19.13  18.77 999.00  19.80  20.35  21.50  17.68  20.70  12.47  17.85   8.00  22.35  20.87  19.69  19.12  19.26  21.46  21.55  19.34  20.39  22.50
 wrfout_d04_2016-11-27_08:00:00 999.00  20.18  13.67  17.81  14.56  18.72  19.56  18.75  19.09  18.49  18.81  18.62 999.00  19.99  19.40  21.24  17.51  21.03  12.18  18.03   7.68  22.05  21.54  19.46  18.93  19.03  21.10  22.10  19.08  20.24  22.19
 wrfout_d04_2016-11-27_09:00:00 999.00  19.94  13.25  17.47  14.19  18.57  19.25  18.97  18.90  18.52  18.87  18.38 999.00  19.59  19.00  21.12  17.90  20.97  11.24  17.76   6.97  22.14  21.15  19.53  18.73  18.79  20.94  22.06  18.95  20.51  21.87
 wrfout_d04_2016-11-27_10:00:00 999.00  20.33  13.35  17.45  14.20  18.78  19.34  18.97  18.83  18.39  18.95  18.45 999.00  19.70  18.86  21.21  17.83  21.13  11.07  17.94   6.65  22.27  20.89  19.92  18.59  18.71  20.81  21.84  18.72  20.60  21.61
 wrfout_d04_2016-11-27_11:00:00 999.00  20.52  13.12  17.31  13.99  18.84  18.95  19.04  18.65  18.76  18.91  18.73 999.00  19.57  18.61  21.37  17.41  20.85  10.82  17.79   6.25  22.33  21.03  19.68  18.58  18.60  20.87  21.18  18.59  20.45  21.54
 wrfout_d04_2016-11-27_12:00:00 999.00  20.64  12.94  17.16  13.92  18.72  18.75  18.89  18.57  18.57  18.79  18.63 999.00  19.79  18.97  21.76  17.04  21.07  11.08  17.91   6.07  22.35  21.39  19.68  18.70  18.72  20.66  20.64  18.56  20.16  21.42
 wrfout_d04_2016-11-27_13:00:00 999.00  20.51  12.96  17.18  13.95  19.14  18.63  18.92  18.44  18.52  18.57  18.35 999.00  19.60  19.01  21.82  16.72  20.70  11.21  17.77   6.18  21.92  21.01  19.54  18.93  18.94  20.52  20.52  18.51  20.48  21.34
 wrfout_d04_2016-11-27_14:00:00 999.00  20.07  12.75  17.22  13.79  19.25  18.06  18.95  18.52  18.44  18.51  18.43 999.00  19.62  18.69  21.63  16.41  20.77  11.29  17.61   6.16  21.96  20.94  19.52  19.00  19.09  20.68  20.53  18.33  20.40  21.03
 wrfout_d04_2016-11-27_15:00:00 999.00  19.90  12.66  17.17  13.67  18.73  18.50  19.02  18.56  18.47  18.58  18.29 999.00  19.47  18.06  21.26  16.16  20.60  10.60  17.16   5.94  21.90  20.92  19.55  18.75  18.80  20.57  20.66  18.15  20.93  20.54
 wrfout_d04_2016-11-27_16:00:00 999.00  19.97  12.44  16.99  13.53  18.52  18.28  18.74  18.26  18.41  18.65  18.51 999.00  19.29  18.17  21.34  15.75  20.47  10.45  17.11   5.74  21.83  20.93  19.80  18.60  18.62  20.57  20.19  18.06  20.57  20.94
 wrfout_d04_2016-11-27_17:00:00 999.00  19.71  12.30  16.91  13.32  18.65  18.05  18.66  18.22  18.31  18.57  18.63 999.00  19.00  17.73  21.05  14.46  20.32  10.13  16.96   3.34  21.84  20.84  19.76  18.51  18.53  20.58  20.38  17.93  20.52  20.92
 wrfout_d04_2016-11-27_18:00:00 999.00  19.66  12.11  15.52  13.06  18.47  17.72  18.60  18.32  18.01  18.09  18.63 999.00  18.85  18.03  20.65  14.01  20.29  10.48  16.76   5.31  21.66  20.91  19.50  18.28  18.28  20.43  20.62  17.81  20.45  20.23
 wrfout_d04_2016-11-27_19:00:00 999.00  19.59  11.92  16.55  12.87  18.37  17.96  18.51  18.08  17.92  18.11  18.53 999.00  18.80  16.06  20.47  13.51  20.18   7.88  16.68   5.05  21.50  20.37  19.44  18.12  17.31  20.50  20.70  17.79  20.53  20.21
 wrfout_d04_2016-11-27_20:00:00 999.00  19.55  11.82  16.08  12.74  18.24  17.83  18.40  18.10  18.03  17.79  18.35 999.00  18.64  17.04  20.38  13.49  20.00   9.48  16.08   5.09  21.53  20.62  19.30  17.87  17.87  20.40  20.04  17.70  20.33  20.32
 wrfout_d04_2016-11-27_21:00:00 999.00  19.48  11.68  15.59  12.60  18.16  17.85  18.25  18.00  17.91  17.64  18.19 999.00  18.53  17.75  20.56  13.36  19.83   9.40  16.00   5.03  21.52  20.28  19.31  17.52  17.51  20.45  19.86  17.69  20.45  20.33
 wrfout_d04_2016-11-27_22:00:00 999.00  19.45  11.57  15.75  12.50  17.89  17.64  18.20  17.96  17.62  17.83  18.24 999.00  18.41  17.78  20.07  13.25  19.83   7.46  15.98   3.88  21.70  19.96  19.12  17.57  17.58  20.32  20.31  17.65  20.00  20.19
 wrfout_d04_2016-11-27_23:00:00 999.00  19.39  11.74  16.84  12.78  18.16  17.71  18.25  17.96  17.79  17.99  18.41 999.00  18.39  17.91  20.11  15.91  19.95  10.30  16.42   5.48  21.77  19.96  19.50  17.71  17.84  20.57  21.15  17.60  20.13  20.05
