 wrfout_d04_2016-09-08_00:00:00 999.00  27.19  22.14  26.76  22.90  26.73  26.76  25.46  26.58  25.16  26.11  25.49 999.00  24.28  24.32  26.39  20.68  28.02  14.87  27.42  10.37  28.59  28.39  27.92  27.27  26.99  29.99  30.03  28.35  27.86  28.65
 wrfout_d04_2016-09-08_01:00:00 999.00  27.38  21.80  26.09  22.35  26.74  27.48  25.81  26.94  26.22  26.63  26.42 999.00  25.03  24.13  26.42  21.26  27.87  15.77  27.75  10.91  28.56  28.86  28.02  27.89  28.21  31.22  30.36  29.16  28.32  29.35
 wrfout_d04_2016-09-08_02:00:00 999.00  27.63  22.42  27.30  23.21  26.97  27.73  26.07  27.58  26.68  27.61  27.66 999.00  24.63  25.24  26.59  22.33  28.11  15.52  27.63  10.60  28.61  28.88  28.51  28.00  28.31  31.28  30.11  29.87  28.85  29.96
 wrfout_d04_2016-09-08_03:00:00 999.00  27.35  23.04  27.26  23.92  28.42  28.70  26.31  28.69  26.48  28.72  27.03 999.00  26.08  25.57  27.17  21.81  28.01  16.02  27.77  10.98  28.72  28.85  28.78  28.60  28.95  32.34  30.04  30.03  28.90  30.02
 wrfout_d04_2016-09-08_04:00:00 999.00  27.00  23.38  28.24  24.40  29.32  29.77  26.57  29.76  27.83  29.24  27.36 999.00  24.97  25.56  27.56  21.97  28.11  15.65  27.66  10.62  28.60  28.86  28.64  29.00  29.09  32.29  30.02  30.14  29.12  30.05
 wrfout_d04_2016-09-08_05:00:00 999.00  27.64  23.66  28.62  24.62  29.92  30.10  27.58  30.07  28.25  29.07  27.97 999.00  25.22  24.48  27.85  21.78  28.08  16.03  27.78  10.69  28.54  28.81  28.58  28.97  28.86  32.73  30.18  29.14  28.66  30.14
 wrfout_d04_2016-09-08_06:00:00 999.00  27.10  24.16  29.45  25.30  29.95  30.67  27.33  30.30  28.34  29.15  28.45 999.00  25.06  23.84  28.14  21.86  28.09  15.46  28.10  10.30  28.47  28.90  28.74  28.88  29.60  32.92  30.30  29.15  28.29  29.96
 wrfout_d04_2016-09-08_07:00:00 999.00  26.23  22.79  27.43  24.04  29.75  30.62  27.67  30.28  28.46  28.74  28.01 999.00  25.13  25.11  28.17  21.52  27.97  15.14  28.01  10.01  28.56  28.86  28.43  29.19  28.90  32.40  30.13  29.01  27.90  29.73
 wrfout_d04_2016-09-08_08:00:00 999.00  26.38  22.67  27.41  23.79  28.21  30.12  27.28  30.21  29.02  28.51  27.89 999.00  26.09  26.17  28.17  22.03  27.76  15.22  27.75  10.30  28.48  28.86  28.01  28.80  28.62  30.80  30.04  28.41  27.59  29.47
 wrfout_d04_2016-09-08_09:00:00 999.00  26.99  22.48  27.01  23.38  27.44  29.70  27.19  29.64  28.42  27.96  27.42 999.00  25.17  25.92  27.83  21.80  27.77  15.27  27.50  10.53  28.42  28.79  27.50  28.27  28.27  30.17  29.97  27.23  27.04  29.10
 wrfout_d04_2016-09-08_10:00:00 999.00  27.32  22.22  26.53  23.17  27.33  29.29  27.14  29.28  27.50  27.40  27.28 999.00  24.70  24.34  27.66  21.66  27.59  14.84  27.43  10.14  28.42  28.70  27.09  27.48  27.68  29.76  29.75  26.45  26.68  28.76
 wrfout_d04_2016-09-08_11:00:00 999.00  27.53  21.93  26.50  22.77  26.91  28.39  26.64  28.40  26.41  26.69  26.98 999.00  25.70  24.23  27.46  21.62  27.67  15.05  27.28  10.13  28.43  28.55  26.86  26.72  26.43  28.92  29.74  26.23  26.61  28.61
 wrfout_d04_2016-09-08_12:00:00 999.00  27.81  21.96  26.37  21.90  27.07  27.84  26.63  27.87  26.71  26.58  26.78 999.00  25.89  24.53  27.41  21.45  27.80  14.79  27.46  10.16  28.48  27.64  26.60  26.23  25.52  28.64  29.79  25.76  26.54  28.56
 wrfout_d04_2016-09-08_13:00:00 999.00  27.89  20.82  25.44  22.68  26.98  27.78  26.58  27.76  26.38  26.64  26.53 999.00  26.05  24.49  27.23  21.08  27.77  14.82  27.07  10.24  28.53  26.80  26.54  24.89  24.99  28.45  29.48  25.21  26.51  28.33
 wrfout_d04_2016-09-08_14:00:00 999.00  27.54  21.88  26.20  22.88  26.88  27.57  25.80  27.68  25.86  26.69  26.65 999.00  25.33  24.68  27.07  21.07  27.85  15.01  27.03  10.32  28.59  26.23  26.28  25.55  25.03  28.23  29.24  25.45  26.50  28.12
 wrfout_d04_2016-09-08_15:00:00 999.00  27.30  21.96  25.81  22.92  26.58  27.44  25.30  27.39  24.86  26.41  26.55 999.00  25.13  24.95  26.87  20.80  27.81  15.03  25.92  10.42  28.57  26.46  26.18  25.25  24.96  27.99  29.16  25.16  26.40  27.96
 wrfout_d04_2016-09-08_16:00:00 999.00  27.39  21.63  25.40  22.53  26.47  27.05  24.80  27.14  24.53  26.35  26.49 999.00  24.78  24.19  26.60  20.44  27.68  15.43  26.01  10.32  28.57  26.06  25.99  25.17  25.03  27.78  28.95  25.13  26.37  27.82
 wrfout_d04_2016-09-08_17:00:00 999.00  27.28  21.71  24.49  22.55  26.47  27.09  24.77  26.38  24.42  26.10  26.12 999.00  24.51  23.78  26.52  20.77  27.53  15.07  25.64  10.41  28.53  26.29  25.98  25.11  24.97  27.59  28.80  24.91  26.39  27.74
 wrfout_d04_2016-09-08_18:00:00 999.00  27.17  21.63  24.38  22.46  26.60  25.38  25.04  26.08  24.65  26.00  26.17 999.00  24.44  23.49  26.36  20.95  27.54  15.32  24.79  10.19  28.58  26.47  25.91  25.22  25.00  27.48  28.64  24.84  26.41  27.63
 wrfout_d04_2016-09-08_19:00:00 999.00  26.73  21.85  24.84  22.70  26.44  24.98  25.03  25.32  24.83  25.89  25.71 999.00  24.87  23.33  26.20  20.87  27.74  15.18  26.13  10.09  28.57  26.64  25.87  24.87  24.70  27.23  28.55  24.68  26.39  27.70
 wrfout_d04_2016-09-08_20:00:00 999.00  26.82  21.63  24.85  22.45  25.83  25.03  24.98  25.10  24.94  25.66  25.77 999.00  25.23  23.66  26.03  20.79  27.78  15.18  26.17  10.09  28.55  26.75  25.76  24.98  24.51  27.10  28.42  24.87  26.36  27.51
 wrfout_d04_2016-09-08_21:00:00 999.00  27.04  21.74  25.02  22.27  25.72  25.26  24.77  25.77  25.02  25.63  25.69 999.00  25.12  23.61  25.93  20.72  27.79  15.11  26.09  10.08  28.57  26.86  25.81  25.08  24.64  26.95  28.51  25.15  26.37  27.40
 wrfout_d04_2016-09-08_22:00:00 999.00  26.71  21.75  25.14  22.43  25.69  25.30  24.79  25.94  25.08  25.59  25.57 999.00  24.97  23.55  25.67  20.64  27.84  15.38  25.53  10.23  28.60  27.65  25.88  24.88  24.76  27.05  28.63  24.86  26.41  27.47
 wrfout_d04_2016-09-08_23:00:00 999.00  26.80  21.66  25.41  22.64  25.85  25.56  25.38  26.00  25.13  25.87  26.02 999.00  25.47  23.85  25.97  21.35  27.89  15.28  25.81  10.12  28.61  26.72  27.63  25.48  25.32  27.96  28.90  26.86  27.12  28.03
