 wrfout_d04_2016-12-31_00:00:00 999.00  20.95  14.66  20.62  16.25  19.91  20.59  20.59  20.37  19.98  18.40  19.21 999.00  18.43  18.25  21.80  16.45  19.70  12.50  16.36   6.09  20.59  19.73  20.88  17.30  18.00  21.40  20.96  19.37  21.72  21.75
 wrfout_d04_2016-12-31_01:00:00 999.00  20.95  15.32  22.02  17.16  20.12  20.63  21.47  21.51  21.52  19.22  19.58 999.00  20.06  20.27  23.06  18.38  19.81  12.73  18.52   7.24  20.63  20.19  22.03  19.66  20.23  22.55  22.64  20.80  22.51  22.62
 wrfout_d04_2016-12-31_02:00:00 999.00  21.00  15.42  22.90  17.72  20.20  22.31  22.27  22.35  22.96  19.83  19.51 999.00  21.80  22.36  23.63  20.33  20.37  14.83  20.38   8.40  20.79  20.71  21.63  21.85  22.23  23.54  24.04  22.37  22.80  23.49
 wrfout_d04_2016-12-31_03:00:00 999.00  20.86  15.28  23.38  17.96  20.44  22.60  22.84  22.80  24.12  20.49  19.26 999.00  22.95  23.91  22.62  21.61  21.24  15.62  21.97   8.99  20.85  21.63  22.05  23.19  23.43  22.47  24.88  22.89  23.29  24.49
 wrfout_d04_2016-12-31_04:00:00 999.00  20.94  15.24  23.52  17.99  20.48  22.33  22.98  22.89  24.73  19.82  19.71 999.00  23.30  25.31  22.59  22.46  21.90  15.83  23.23   9.32  20.79  22.11  21.99  24.51  24.88  22.89  25.20  21.08  23.45  24.99
 wrfout_d04_2016-12-31_05:00:00 999.00  21.06  15.15  23.33  17.80  20.46  22.28  23.14  22.26  24.81  19.42  19.80 999.00  23.24  26.48  22.38  22.27  21.61  15.60  24.27   9.22  20.79  22.38  21.57  25.34  25.54  22.53  25.28  20.49  23.38  25.01
 wrfout_d04_2016-12-31_06:00:00 999.00  21.04  15.01  23.06  17.49  20.66  22.05  23.22  21.90  24.53  19.37  19.84 999.00  23.17  26.51  22.38  21.99  21.42  14.20  24.77   8.86  20.69  22.33  21.73  25.81  25.97  22.89  25.36  22.49  23.22  24.92
 wrfout_d04_2016-12-31_07:00:00 999.00  20.90  14.89  22.33  17.11  20.77  22.06  22.75  21.79  23.63  19.30  19.77 999.00  22.84  26.12  21.13  21.41  20.86  13.93  24.88   8.21  20.53  22.34  20.89  25.69  25.79  23.16  25.48  21.76  22.76  24.47
 wrfout_d04_2016-12-31_08:00:00 999.00  21.14  14.73  21.56  16.48  20.50  21.45  21.73  21.49  22.73  19.00  19.71 999.00  22.21  25.08  20.87  20.35  20.26  12.80  23.97   7.06  20.53  22.43  20.76  24.95  24.94  22.41  25.52  20.99  22.10  24.18
 wrfout_d04_2016-12-31_09:00:00 999.00  21.29  14.54  19.60  15.74  20.25  20.76  20.76  21.10  21.38  18.59  19.39 999.00  21.36  23.90  20.86  16.93  19.82   9.06  22.50   3.70  20.72  22.42  20.22  23.63  23.81  22.30  25.27  20.21  21.18  23.40
 wrfout_d04_2016-12-31_10:00:00 999.00  21.45  14.47  18.15  15.62  20.29  20.36  20.44  20.86  21.12  18.54  19.40 999.00  20.90  22.22  21.00  14.99  20.05   7.03  21.31   1.13  20.72  22.50  20.23  22.43  22.64  22.12  25.02  19.34  20.91  22.96
 wrfout_d04_2016-12-31_11:00:00 999.00  21.45  14.30  17.80  15.52  20.18  20.10  20.41  20.05  20.88  18.57  19.57 999.00  20.82  21.89  20.91  14.51  19.99   6.73  20.06   0.70  20.69  22.58  20.18  21.96  22.17  22.09  24.89  19.19  21.15  22.64
 wrfout_d04_2016-12-31_12:00:00 999.00  21.44  14.15  17.48  15.35  19.97  19.91  20.29  19.64  20.72  18.46  19.47 999.00  20.65  21.55  20.51  14.13  20.07   6.51  19.86   0.58  20.64  22.28  20.32  21.18  21.67  21.94  24.79  19.02  20.90  21.98
 wrfout_d04_2016-12-31_13:00:00 999.00  21.59  14.03  17.24  15.40  20.14  19.64  20.11  19.37  20.56  18.37  19.80 999.00  20.56  21.52  20.36  13.79  20.10   6.27  19.73   0.54  21.05  21.48  20.35  20.52  21.10  21.81  24.59  19.03  21.08  21.92
 wrfout_d04_2016-12-31_14:00:00 999.00  21.55  14.03  18.48  15.36  19.90  19.55  20.04  19.49  20.43  18.33  19.56 999.00  20.38  21.35  20.13  13.50  19.97   6.04  19.55   0.52  21.14  21.24  20.16  20.01  20.54  21.77  24.15  19.51  21.05  21.84
 wrfout_d04_2016-12-31_15:00:00 999.00  21.49  14.11  18.55  15.37  19.94  19.27  19.91  19.33  20.26  18.46  19.34 999.00  20.24  20.55  20.04  13.25  20.27   5.76  19.26   0.47  21.15  21.20  20.12  19.65  20.05  21.52  23.70  19.41  20.64  21.53
 wrfout_d04_2016-12-31_16:00:00 999.00  21.45  14.05  19.21  15.49  19.95  19.40  19.85  19.01  20.07  18.39  19.10 999.00  20.08  20.19  19.95  13.01  19.99   5.47  19.01   0.37  21.25  21.27  19.65  19.44  19.74  21.31  23.09  19.45  20.59  21.52
 wrfout_d04_2016-12-31_17:00:00 999.00  21.73  14.10  19.19  15.57  19.76  19.31  19.81  18.58  19.69  18.34  19.29 999.00  20.12  20.04  20.01  12.81  20.13   5.21  18.82   0.28  21.31  20.68  19.71  19.40  19.73  21.26  22.86  19.07  20.70  21.64
 wrfout_d04_2016-12-31_18:00:00 999.00  21.96  14.08  19.27  15.47  19.86  19.49  19.76  18.89  17.67  18.26  19.32 999.00  19.44  19.99  19.81  12.62  19.90   4.94  18.01   0.21  21.30  20.66  19.80  19.28  19.70  21.17  22.73  18.89  20.77  21.34
 wrfout_d04_2016-12-31_19:00:00 999.00  22.00  14.06  19.24  15.43  19.87  18.93  19.67  19.03  17.14  18.14  19.27 999.00  19.20  19.88  19.60  12.50  19.99   4.69  17.63   0.14  21.24  20.17  19.73  19.18  19.62  21.18  22.90  19.29  20.78  21.17
 wrfout_d04_2016-12-31_20:00:00 999.00  22.04  14.17  19.13  15.56  19.98  17.39  19.50  18.87  16.65  18.13  19.26 999.00  18.40  19.03  19.52  12.39  19.86   4.46  17.41   0.03  21.22  19.81  19.70  18.56  19.08  21.11  22.96  19.45  20.90  21.09
 wrfout_d04_2016-12-31_21:00:00 999.00  22.15  14.05  18.92  15.46  20.05  17.33  19.43  18.84  16.44  18.17  19.44 999.00  18.05  18.70  19.46  12.30  19.92   4.23  17.54  -0.03  21.30  20.16  19.70  18.22  18.63  21.02  22.56  18.78  20.86  21.24
 wrfout_d04_2016-12-31_22:00:00 999.00  22.22  14.13  18.98  15.49  20.04  17.31  19.32  18.92  16.21  18.40  19.42 999.00  18.04  18.95  19.41  12.18  20.03   4.05  17.88  -0.09  21.36  20.43  19.95  18.03  18.63  20.98  22.04  18.15  20.91  21.03
 wrfout_d04_2016-12-31_23:00:00 999.00  21.94  14.28  19.38  15.66  19.66  19.14  19.29  19.34  16.95  18.60  19.60 999.00  19.19  19.62  19.47  13.15  20.25   5.36  18.41   1.41  21.38  20.47  20.10  18.05  18.49  21.08  22.24  18.98  21.19  21.25
