 wrfout_d04_2016-05-31_00:00:00 999.00  27.70  24.02  29.95  25.49  29.49  30.49  28.95  30.61  30.52  29.11  29.44 999.00  30.55  30.21  28.93  27.47  29.50  19.83  28.71  13.31  28.27  28.64  28.12  30.53  30.36  28.46  30.55  28.97  28.76  29.43
 wrfout_d04_2016-05-31_01:00:00 999.00  27.75  25.25  30.57  26.96  30.92  31.86  29.43  32.05  31.46  30.34  29.93 999.00  31.89  31.58  30.21  29.00  30.04  20.98  30.12  13.87  28.32  28.66  29.03  31.74  31.29  29.94  31.27  29.59  29.45  30.05
 wrfout_d04_2016-05-31_02:00:00 999.00  27.85  25.81  30.81  27.73  31.78  33.18  29.80  33.45  32.06  30.89  30.38 999.00  32.32  33.18  30.66  29.80  30.44  21.61  31.53  14.26  28.33  28.66  29.18  32.76  31.91  30.27  31.89  30.18  30.09  30.58
 wrfout_d04_2016-05-31_03:00:00 999.00  27.85  26.54  31.68  28.57  30.13  34.55  30.01  34.73  32.28  31.09  31.15 999.00  32.56  34.46  30.87  30.43  30.72  21.50  32.36  14.43  28.35  28.61  29.32  33.40  32.40  30.09  32.33  30.62  30.63  31.03
 wrfout_d04_2016-05-31_04:00:00 999.00  27.86  26.73  30.95  28.79  30.01  35.34  29.68  35.39  32.36  31.43  31.29 999.00  32.78  35.31  30.90  31.22  30.87  20.41  32.88  14.21  28.37  28.55  29.51  33.79  32.68  30.19  32.59  30.62  30.97  31.31
 wrfout_d04_2016-05-31_05:00:00 999.00  27.82  27.06  31.15  28.72  30.45  34.87  29.45  35.20  32.15  31.38  31.26 999.00  32.88  35.68  31.00  31.60  30.89  20.50  33.15  13.48  28.37  28.52  29.02  33.97  32.78  30.34  32.61  30.40  31.25  31.38
 wrfout_d04_2016-05-31_06:00:00 999.00  27.82  27.40  31.45  29.23  30.95  34.46  29.38  34.27  31.64  31.15  31.41 999.00  32.84  35.87  30.91  31.43  30.89  20.28  33.12  13.34  28.41  28.52  28.92  33.91  32.66  30.27  32.51  30.08  31.35  31.32
 wrfout_d04_2016-05-31_07:00:00 999.00  27.90  27.03  31.12  28.74  30.64  34.09  29.56  33.71  30.93  30.61  30.97 999.00  32.60  35.67  30.71  30.81  30.74  19.84  32.53  13.22  28.47  28.53  29.20  33.46  32.31  30.08  32.26  29.69  31.05  31.07
 wrfout_d04_2016-05-31_08:00:00 999.00  28.01  26.56  30.94  28.16  30.76  33.75  29.30  33.59  30.42  29.67  30.49 999.00  32.12  35.03  30.18  30.08  30.38  19.85  32.01  13.18  28.51  28.52  28.67  32.77  31.63  30.19  31.86  29.26  30.50  30.64
 wrfout_d04_2016-05-31_09:00:00 999.00  27.74  25.61  30.17  27.13  30.96  33.17  28.73  32.96  30.15  29.08  29.54 999.00  31.24  33.78  29.58  28.73  29.85  19.44  30.75  12.60  28.48  28.54  28.28  31.73  30.69  29.79  31.20  28.60  29.73  30.08
 wrfout_d04_2016-05-31_10:00:00 999.00  27.71  24.31  29.04  25.66  30.22  32.27  27.96  31.83  29.25  28.57  28.83 999.00  30.37  32.32  29.12  26.70  29.12  18.07  29.65  11.67  28.44  28.63  27.58  30.46  29.96  29.28  30.52  27.52  28.37  29.44
 wrfout_d04_2016-05-31_11:00:00 999.00  27.71  23.54  27.38  24.42  29.09  31.37  27.53  30.87  28.68  27.96  28.48 999.00  29.83  30.91  28.77  25.05  28.55  16.19  28.70  10.60  28.40  28.72  27.20  29.78  29.38  28.93  30.06  26.66  26.89  29.08
 wrfout_d04_2016-05-31_12:00:00 999.00  27.79  23.42  27.17  24.17  28.53  30.60  27.51  30.16  28.80  27.70  28.26 999.00  29.83  30.02  28.64  24.34  28.34  15.99  28.40  10.36  28.39  28.75  27.14  29.46  29.16  28.70  29.82  25.82  26.51  28.85
 wrfout_d04_2016-05-31_13:00:00 999.00  27.85  23.28  26.94  23.71  28.41  30.02  27.60  29.53  28.74  27.56  28.04 999.00  29.16  29.42  28.48  23.69  28.22  15.82  28.15   9.77  28.39  28.73  27.05  29.27  28.99  28.47  29.62  25.38  26.24  28.61
 wrfout_d04_2016-05-31_14:00:00 999.00  27.83  23.08  26.67  22.75  28.14  29.53  27.82  29.02  28.70  27.47  27.84 999.00  28.76  28.92  28.30  23.15  28.11  15.54  27.69   9.47  28.39  28.67  26.93  29.11  28.85  28.21  29.44  25.10  26.31  28.45
 wrfout_d04_2016-05-31_15:00:00 999.00  27.76  22.92  26.38  22.49  27.75  30.13  27.92  28.67  28.66  27.36  27.82 999.00  28.44  28.40  28.17  22.91  28.02  15.40  27.14   9.26  28.39  28.59  26.67  28.94  28.70  27.79  29.21  24.83  26.48  28.05
 wrfout_d04_2016-05-31_16:00:00 999.00  27.79  22.84  26.08  22.54  27.48  29.38  27.76  28.35  28.43  27.09  27.97 999.00  28.11  28.06  28.06  22.17  27.99  15.15  26.81   9.12  28.40  28.54  26.56  28.78  28.55  27.39  29.02  24.58  26.52  27.79
 wrfout_d04_2016-05-31_17:00:00 999.00  27.72  22.67  25.79  23.09  27.22  28.82  27.62  27.99  28.22  26.78  27.61 999.00  27.84  27.81  27.95  21.78  27.97  14.89  26.62   8.94  28.41  28.49  26.45  28.63  28.44  27.19  28.93  24.33  26.53  27.73
 wrfout_d04_2016-05-31_18:00:00 999.00  27.64  22.41  25.50  23.06  26.85  28.04  27.47  27.60  28.05  26.46  27.22 999.00  27.59  27.52  27.81  21.45  27.93  14.50  26.40   8.47  28.40  28.45  26.33  28.48  28.38  27.05  28.82  24.09  26.47  27.63
 wrfout_d04_2016-05-31_19:00:00 999.00  27.67  22.21  25.21  22.97  26.66  27.79  27.38  27.39  28.02  26.32  26.88 999.00  27.38  27.26  27.71  21.09  27.86  13.97  26.19   8.37  28.35  28.44  26.30  28.32  28.28  26.86  28.78  23.82  26.50  27.55
 wrfout_d04_2016-05-31_20:00:00 999.00  28.20  22.09  24.94  22.86  26.44  27.36  27.41  26.88  28.09  26.23  26.53 999.00  27.25  27.10  27.65  20.80  27.86  14.01  25.97   8.80  28.26  28.42  26.18  28.10  28.17  26.68  28.69  23.63  26.51  27.43
 wrfout_d04_2016-05-31_21:00:00 999.00  28.19  22.09  24.81  22.90  26.13  26.87  27.45  26.44  28.16  25.95  26.28 999.00  27.25  26.98  27.56  20.54  27.85  14.47  25.87   9.03  28.28  28.41  26.01  27.87  28.05  26.82  28.66  23.59  26.53  27.42
 wrfout_d04_2016-05-31_22:00:00 999.00  28.21  22.63  28.77  23.74  27.11  28.15  27.86  27.91  28.61  26.99  27.68 999.00  27.68  27.43  28.03  23.38  28.15  16.90  26.32  11.34  28.29  28.33  27.65  27.83  27.97  27.08  28.86  26.19  27.00  27.83
 wrfout_d04_2016-05-31_23:00:00 999.00  28.28  23.70  29.82  25.20  28.68  29.74  28.49  29.79  29.63  28.55  28.73 999.00  29.06  28.71  29.01  25.60  28.80  18.91  27.53  12.91  28.28  28.55  28.50  28.99  28.99  27.87  29.59  29.52  27.80  28.55
