165650.0 2546050.0    0.2   -3.8
166150.0 2546050.0    0.2   -3.8
166650.0 2546050.0    0.1   -3.8
167150.0 2546050.0    0.0   -3.8
167650.0 2546050.0   -0.1   -3.8
168150.0 2546050.0   -0.1   -3.8
168650.0 2546050.0   -0.2   -3.8
169150.0 2546050.0   -0.2   -3.8
169650.0 2546050.0   -0.3   -3.8
170150.0 2546050.0   -0.3   -3.9
170650.0 2546050.0   -0.2   -3.9
171150.0 2546050.0   -0.2   -3.9
171650.0 2546050.0   -0.2   -4.0
172150.0 2546050.0   -0.1   -4.0
172650.0 2546050.0    0.0   -4.0
173150.0 2546050.0    0.1   -4.0
173650.0 2546050.0    0.2   -4.0
174150.0 2546050.0    0.2   -4.0
174650.0 2546050.0    0.3   -3.9
175150.0 2546050.0    0.3   -3.9
175650.0 2546050.0    0.4   -3.9
176150.0 2546050.0    0.4   -3.9
176650.0 2546050.0    0.4   -3.9
177150.0 2546050.0    0.3   -3.9
177650.0 2546050.0    0.3   -3.9
178150.0 2546050.0    0.3   -3.9
178650.0 2546050.0    0.2   -3.9
179150.0 2546050.0    0.2   -3.8
179650.0 2546050.0    0.2   -3.8
180150.0 2546050.0    0.3   -3.8
180650.0 2546050.0    0.3   -3.7
181150.0 2546050.0    0.3   -3.7
181650.0 2546050.0    0.3   -3.7
182150.0 2546050.0    0.4   -3.7
182650.0 2546050.0    0.4   -3.7
183150.0 2546050.0    0.4   -3.7
183650.0 2546050.0    0.4   -3.7
184150.0 2546050.0    0.4   -3.6
184650.0 2546050.0    0.4   -3.6
185150.0 2546050.0    0.4   -3.6
165650.0 2546550.0    0.2   -3.9
166150.0 2546550.0    0.2   -3.8
166650.0 2546550.0    0.1   -3.8
167150.0 2546550.0    0.0   -3.8
167650.0 2546550.0    0.0   -3.8
168150.0 2546550.0   -0.1   -3.8
168650.0 2546550.0   -0.2   -3.8
169150.0 2546550.0   -0.2   -3.8
169650.0 2546550.0   -0.3   -3.8
170150.0 2546550.0   -0.3   -3.9
170650.0 2546550.0   -0.2   -3.9
171150.0 2546550.0   -0.2   -3.9
171650.0 2546550.0   -0.2   -4.0
172150.0 2546550.0   -0.1   -4.0
172650.0 2546550.0    0.0   -4.0
173150.0 2546550.0    0.1   -4.0
173650.0 2546550.0    0.2   -4.0
174150.0 2546550.0    0.3   -4.0
174650.0 2546550.0    0.3   -3.9
175150.0 2546550.0    0.3   -3.9
175650.0 2546550.0    0.4   -3.9
176150.0 2546550.0    0.4   -3.9
176650.0 2546550.0    0.4   -3.9
177150.0 2546550.0    0.3   -3.9
177650.0 2546550.0    0.3   -3.9
178150.0 2546550.0    0.3   -3.9
178650.0 2546550.0    0.3   -3.9
179150.0 2546550.0    0.2   -3.8
179650.0 2546550.0    0.2   -3.8
180150.0 2546550.0    0.3   -3.8
180650.0 2546550.0    0.3   -3.7
181150.0 2546550.0    0.3   -3.7
181650.0 2546550.0    0.3   -3.7
182150.0 2546550.0    0.4   -3.7
182650.0 2546550.0    0.4   -3.7
183150.0 2546550.0    0.4   -3.7
183650.0 2546550.0    0.4   -3.6
184150.0 2546550.0    0.4   -3.6
184650.0 2546550.0    0.4   -3.6
185150.0 2546550.0    0.4   -3.6
165650.0 2547050.0    0.2   -3.9
166150.0 2547050.0    0.2   -3.8
166650.0 2547050.0    0.1   -3.8
167150.0 2547050.0    0.0   -3.8
167650.0 2547050.0    0.0   -3.8
168150.0 2547050.0   -0.1   -3.8
168650.0 2547050.0   -0.2   -3.8
169150.0 2547050.0   -0.2   -3.8
169650.0 2547050.0   -0.2   -3.8
170150.0 2547050.0   -0.3   -3.9
170650.0 2547050.0   -0.2   -3.9
171150.0 2547050.0   -0.2   -3.9
171650.0 2547050.0   -0.1   -4.0
172150.0 2547050.0   -0.1   -4.0
172650.0 2547050.0    0.0   -4.0
173150.0 2547050.0    0.1   -4.0
173650.0 2547050.0    0.2   -4.0
174150.0 2547050.0    0.3   -4.0
174650.0 2547050.0    0.3   -4.0
175150.0 2547050.0    0.4   -3.9
175650.0 2547050.0    0.4   -3.9
176150.0 2547050.0    0.4   -3.9
176650.0 2547050.0    0.4   -3.9
177150.0 2547050.0    0.4   -3.9
177650.0 2547050.0    0.3   -3.9
178150.0 2547050.0    0.3   -3.9
178650.0 2547050.0    0.3   -3.9
179150.0 2547050.0    0.2   -3.8
179650.0 2547050.0    0.2   -3.8
180150.0 2547050.0    0.3   -3.8
180650.0 2547050.0    0.3   -3.8
181150.0 2547050.0    0.3   -3.7
181650.0 2547050.0    0.3   -3.7
182150.0 2547050.0    0.4   -3.7
182650.0 2547050.0    0.4   -3.7
183150.0 2547050.0    0.4   -3.7
183650.0 2547050.0    0.4   -3.6
184150.0 2547050.0    0.4   -3.6
184650.0 2547050.0    0.4   -3.5
185150.0 2547050.0    0.4   -3.5
165650.0 2547550.0    0.3   -3.9
166150.0 2547550.0    0.2   -3.9
166650.0 2547550.0    0.1   -3.8
167150.0 2547550.0    0.0   -3.8
167650.0 2547550.0    0.0   -3.8
168150.0 2547550.0   -0.1   -3.8
168650.0 2547550.0   -0.1   -3.8
169150.0 2547550.0   -0.2   -3.8
169650.0 2547550.0   -0.2   -3.8
170150.0 2547550.0   -0.3   -3.9
170650.0 2547550.0   -0.2   -3.9
171150.0 2547550.0   -0.2   -3.9
171650.0 2547550.0   -0.1   -4.0
172150.0 2547550.0    0.0   -4.0
172650.0 2547550.0    0.0   -4.0
173150.0 2547550.0    0.1   -4.0
173650.0 2547550.0    0.2   -4.0
174150.0 2547550.0    0.3   -4.0
174650.0 2547550.0    0.3   -4.0
175150.0 2547550.0    0.4   -3.9
175650.0 2547550.0    0.4   -3.9
176150.0 2547550.0    0.4   -3.9
176650.0 2547550.0    0.4   -3.9
177150.0 2547550.0    0.4   -3.9
177650.0 2547550.0    0.4   -3.9
178150.0 2547550.0    0.3   -3.9
178650.0 2547550.0    0.3   -3.9
179150.0 2547550.0    0.3   -3.8
179650.0 2547550.0    0.3   -3.8
180150.0 2547550.0    0.3   -3.8
180650.0 2547550.0    0.3   -3.8
181150.0 2547550.0    0.3   -3.7
181650.0 2547550.0    0.3   -3.7
182150.0 2547550.0    0.4   -3.7
182650.0 2547550.0    0.4   -3.7
183150.0 2547550.0    0.4   -3.6
183650.0 2547550.0    0.4   -3.6
184150.0 2547550.0    0.4   -3.6
184650.0 2547550.0    0.4   -3.5
185150.0 2547550.0    0.4   -3.5
165650.0 2548050.0    0.3   -3.9
166150.0 2548050.0    0.2   -3.9
166650.0 2548050.0    0.1   -3.8
167150.0 2548050.0    0.1   -3.8
167650.0 2548050.0    0.0   -3.8
168150.0 2548050.0   -0.1   -3.8
168650.0 2548050.0   -0.1   -3.8
169150.0 2548050.0   -0.2   -3.8
169650.0 2548050.0   -0.2   -3.8
170150.0 2548050.0   -0.2   -3.9
170650.0 2548050.0   -0.2   -3.9
171150.0 2548050.0   -0.2   -3.9
171650.0 2548050.0   -0.1   -4.0
172150.0 2548050.0    0.0   -4.0
172650.0 2548050.0    0.1   -4.0
173150.0 2548050.0    0.1   -4.0
173650.0 2548050.0    0.2   -4.0
174150.0 2548050.0    0.3   -4.0
174650.0 2548050.0    0.4   -4.0
175150.0 2548050.0    0.4   -4.0
175650.0 2548050.0    0.4   -3.9
176150.0 2548050.0    0.4   -3.9
176650.0 2548050.0    0.4   -3.9
177150.0 2548050.0    0.4   -3.9
177650.0 2548050.0    0.4   -3.9
178150.0 2548050.0    0.3   -3.9
178650.0 2548050.0    0.3   -3.9
179150.0 2548050.0    0.3   -3.8
179650.0 2548050.0    0.3   -3.8
180150.0 2548050.0    0.3   -3.8
180650.0 2548050.0    0.3   -3.8
181150.0 2548050.0    0.3   -3.8
181650.0 2548050.0    0.3   -3.7
182150.0 2548050.0    0.4   -3.7
182650.0 2548050.0    0.4   -3.7
183150.0 2548050.0    0.4   -3.6
183650.0 2548050.0    0.4   -3.6
184150.0 2548050.0    0.4   -3.6
184650.0 2548050.0    0.4   -3.5
185150.0 2548050.0    0.4   -3.5
165650.0 2548550.0    0.3   -3.9
166150.0 2548550.0    0.2   -3.9
166650.0 2548550.0    0.2   -3.9
167150.0 2548550.0    0.1   -3.8
167650.0 2548550.0    0.0   -3.8
168150.0 2548550.0    0.0   -3.8
168650.0 2548550.0   -0.1   -3.8
169150.0 2548550.0   -0.2   -3.8
169650.0 2548550.0   -0.2   -3.8
170150.0 2548550.0   -0.2   -3.9
170650.0 2548550.0   -0.2   -3.9
171150.0 2548550.0   -0.2   -3.9
171650.0 2548550.0   -0.1   -4.0
172150.0 2548550.0    0.0   -4.0
172650.0 2548550.0    0.1   -4.0
173150.0 2548550.0    0.2   -4.0
173650.0 2548550.0    0.2   -4.0
174150.0 2548550.0    0.3   -4.0
174650.0 2548550.0    0.4   -4.0
175150.0 2548550.0    0.4   -4.0
175650.0 2548550.0    0.4   -3.9
176150.0 2548550.0    0.5   -3.9
176650.0 2548550.0    0.4   -3.9
177150.0 2548550.0    0.4   -3.9
177650.0 2548550.0    0.4   -3.9
178150.0 2548550.0    0.3   -3.9
178650.0 2548550.0    0.3   -3.9
179150.0 2548550.0    0.3   -3.9
179650.0 2548550.0    0.3   -3.8
180150.0 2548550.0    0.3   -3.8
180650.0 2548550.0    0.3   -3.8
181150.0 2548550.0    0.3   -3.8
181650.0 2548550.0    0.3   -3.8
182150.0 2548550.0    0.4   -3.7
182650.0 2548550.0    0.4   -3.7
183150.0 2548550.0    0.4   -3.6
183650.0 2548550.0    0.4   -3.6
184150.0 2548550.0    0.4   -3.6
184650.0 2548550.0    0.4   -3.5
185150.0 2548550.0    0.4   -3.5
165650.0 2549050.0    0.3   -3.9
166150.0 2549050.0    0.3   -3.9
166650.0 2549050.0    0.2   -3.9
167150.0 2549050.0    0.1   -3.9
167650.0 2549050.0    0.0   -3.8
168150.0 2549050.0    0.0   -3.8
168650.0 2549050.0   -0.1   -3.8
169150.0 2549050.0   -0.1   -3.8
169650.0 2549050.0   -0.2   -3.8
170150.0 2549050.0   -0.2   -3.8
170650.0 2549050.0   -0.2   -3.9
171150.0 2549050.0   -0.2   -3.9
171650.0 2549050.0   -0.1   -4.0
172150.0 2549050.0    0.0   -4.0
172650.0 2549050.0    0.1   -4.0
173150.0 2549050.0    0.2   -4.0
173650.0 2549050.0    0.3   -4.0
174150.0 2549050.0    0.3   -4.0
174650.0 2549050.0    0.4   -4.0
175150.0 2549050.0    0.4   -4.0
175650.0 2549050.0    0.5   -4.0
176150.0 2549050.0    0.5   -4.0
176650.0 2549050.0    0.4   -4.0
177150.0 2549050.0    0.4   -3.9
177650.0 2549050.0    0.4   -3.9
178150.0 2549050.0    0.4   -3.9
178650.0 2549050.0    0.3   -3.9
179150.0 2549050.0    0.3   -3.9
179650.0 2549050.0    0.3   -3.9
180150.0 2549050.0    0.3   -3.9
180650.0 2549050.0    0.3   -3.9
181150.0 2549050.0    0.3   -3.8
181650.0 2549050.0    0.4   -3.8
182150.0 2549050.0    0.4   -3.7
182650.0 2549050.0    0.4   -3.7
183150.0 2549050.0    0.4   -3.7
183650.0 2549050.0    0.4   -3.6
184150.0 2549050.0    0.4   -3.6
184650.0 2549050.0    0.4   -3.5
185150.0 2549050.0    0.4   -3.5
165650.0 2549550.0    0.3   -3.9
166150.0 2549550.0    0.3   -3.9
166650.0 2549550.0    0.2   -3.9
167150.0 2549550.0    0.1   -3.9
167650.0 2549550.0    0.1   -3.9
168150.0 2549550.0    0.0   -3.8
168650.0 2549550.0    0.0   -3.8
169150.0 2549550.0   -0.1   -3.8
169650.0 2549550.0   -0.1   -3.8
170150.0 2549550.0   -0.2   -3.8
170650.0 2549550.0   -0.2   -3.9
171150.0 2549550.0   -0.1   -3.9
171650.0 2549550.0   -0.1   -4.0
172150.0 2549550.0    0.0   -4.0
172650.0 2549550.0    0.1   -4.0
173150.0 2549550.0    0.2   -4.0
173650.0 2549550.0    0.3   -4.0
174150.0 2549550.0    0.3   -4.0
174650.0 2549550.0    0.4   -4.0
175150.0 2549550.0    0.4   -4.0
175650.0 2549550.0    0.5   -4.0
176150.0 2549550.0    0.5   -4.0
176650.0 2549550.0    0.4   -4.0
177150.0 2549550.0    0.4   -3.9
177650.0 2549550.0    0.4   -3.9
178150.0 2549550.0    0.4   -3.9
178650.0 2549550.0    0.3   -3.9
179150.0 2549550.0    0.3   -3.9
179650.0 2549550.0    0.3   -3.9
180150.0 2549550.0    0.3   -3.9
180650.0 2549550.0    0.3   -3.9
181150.0 2549550.0    0.4   -3.9
181650.0 2549550.0    0.4   -3.8
182150.0 2549550.0    0.4   -3.8
182650.0 2549550.0    0.4   -3.7
183150.0 2549550.0    0.4   -3.7
183650.0 2549550.0    0.4   -3.6
184150.0 2549550.0    0.4   -3.6
184650.0 2549550.0    0.4   -3.5
185150.0 2549550.0    0.4   -3.5
165650.0 2550050.0    0.4   -3.9
166150.0 2550050.0    0.3   -3.9
166650.0 2550050.0    0.2   -3.9
167150.0 2550050.0    0.2   -3.9
167650.0 2550050.0    0.1   -3.9
168150.0 2550050.0    0.0   -3.8
168650.0 2550050.0    0.0   -3.8
169150.0 2550050.0   -0.1   -3.8
169650.0 2550050.0   -0.1   -3.8
170150.0 2550050.0   -0.1   -3.8
170650.0 2550050.0   -0.1   -3.9
171150.0 2550050.0   -0.1   -3.9
171650.0 2550050.0   -0.1   -4.0
172150.0 2550050.0    0.0   -4.0
172650.0 2550050.0    0.1   -4.0
173150.0 2550050.0    0.2   -4.0
173650.0 2550050.0    0.3   -4.0
174150.0 2550050.0    0.4   -4.0
174650.0 2550050.0    0.4   -4.0
175150.0 2550050.0    0.4   -4.0
175650.0 2550050.0    0.5   -4.0
176150.0 2550050.0    0.5   -4.0
176650.0 2550050.0    0.4   -4.0
177150.0 2550050.0    0.4   -3.9
177650.0 2550050.0    0.4   -3.9
178150.0 2550050.0    0.4   -3.9
178650.0 2550050.0    0.3   -3.9
179150.0 2550050.0    0.3   -3.9
179650.0 2550050.0    0.3   -3.9
180150.0 2550050.0    0.3   -3.9
180650.0 2550050.0    0.3   -3.9
181150.0 2550050.0    0.4   -3.9
181650.0 2550050.0    0.4   -3.8
182150.0 2550050.0    0.4   -3.8
182650.0 2550050.0    0.4   -3.7
183150.0 2550050.0    0.4   -3.7
183650.0 2550050.0    0.4   -3.6
184150.0 2550050.0    0.4   -3.6
184650.0 2550050.0    0.4   -3.5
185150.0 2550050.0    0.4   -3.5
165650.0 2550550.0    0.4   -3.9
166150.0 2550550.0    0.4   -3.9
166650.0 2550550.0    0.3   -3.9
167150.0 2550550.0    0.2   -3.9
167650.0 2550550.0    0.1   -3.9
168150.0 2550550.0    0.1   -3.8
168650.0 2550550.0    0.0   -3.8
169150.0 2550550.0    0.0   -3.8
169650.0 2550550.0   -0.1   -3.8
170150.0 2550550.0   -0.1   -3.8
170650.0 2550550.0   -0.1   -3.9
171150.0 2550550.0   -0.1   -3.9
171650.0 2550550.0    0.0   -4.0
172150.0 2550550.0    0.0   -4.0
172650.0 2550550.0    0.1   -4.0
173150.0 2550550.0    0.2   -4.0
173650.0 2550550.0    0.3   -4.0
174150.0 2550550.0    0.4   -4.0
174650.0 2550550.0    0.4   -4.0
175150.0 2550550.0    0.4   -4.0
175650.0 2550550.0    0.4   -4.0
176150.0 2550550.0    0.4   -4.0
176650.0 2550550.0    0.4   -3.9
177150.0 2550550.0    0.4   -3.9
177650.0 2550550.0    0.4   -3.9
178150.0 2550550.0    0.4   -3.9
178650.0 2550550.0    0.3   -3.9
179150.0 2550550.0    0.3   -3.9
179650.0 2550550.0    0.3   -3.9
180150.0 2550550.0    0.3   -3.9
180650.0 2550550.0    0.4   -3.9
181150.0 2550550.0    0.4   -3.9
181650.0 2550550.0    0.4   -3.8
182150.0 2550550.0    0.4   -3.8
182650.0 2550550.0    0.4   -3.7
183150.0 2550550.0    0.4   -3.7
183650.0 2550550.0    0.4   -3.6
184150.0 2550550.0    0.4   -3.6
184650.0 2550550.0    0.4   -3.5
185150.0 2550550.0    0.4   -3.5
165650.0 2551050.0    0.5   -3.9
166150.0 2551050.0    0.4   -3.9
166650.0 2551050.0    0.3   -3.9
167150.0 2551050.0    0.2   -3.9
167650.0 2551050.0    0.2   -3.9
168150.0 2551050.0    0.1   -3.9
168650.0 2551050.0    0.0   -3.8
169150.0 2551050.0    0.0   -3.8
169650.0 2551050.0    0.0   -3.8
170150.0 2551050.0   -0.1   -3.8
170650.0 2551050.0   -0.1   -3.9
171150.0 2551050.0    0.0   -3.9
171650.0 2551050.0    0.0   -4.0
172150.0 2551050.0    0.1   -4.0
172650.0 2551050.0    0.1   -4.0
173150.0 2551050.0    0.2   -4.0
173650.0 2551050.0    0.3   -4.0
174150.0 2551050.0    0.4   -4.0
174650.0 2551050.0    0.4   -4.0
175150.0 2551050.0    0.4   -4.0
175650.0 2551050.0    0.4   -4.0
176150.0 2551050.0    0.4   -3.9
176650.0 2551050.0    0.4   -3.9
177150.0 2551050.0    0.4   -3.9
177650.0 2551050.0    0.4   -3.9
178150.0 2551050.0    0.4   -3.9
178650.0 2551050.0    0.4   -3.9
179150.0 2551050.0    0.4   -3.9
179650.0 2551050.0    0.4   -3.9
180150.0 2551050.0    0.4   -3.9
180650.0 2551050.0    0.4   -3.9
181150.0 2551050.0    0.4   -3.9
181650.0 2551050.0    0.4   -3.8
182150.0 2551050.0    0.4   -3.8
182650.0 2551050.0    0.4   -3.7
183150.0 2551050.0    0.4   -3.7
183650.0 2551050.0    0.4   -3.6
184150.0 2551050.0    0.4   -3.6
184650.0 2551050.0    0.4   -3.5
185150.0 2551050.0    0.4   -3.5
165650.0 2551550.0    0.5   -4.0
166150.0 2551550.0    0.4   -3.9
166650.0 2551550.0    0.3   -3.9
167150.0 2551550.0    0.3   -3.9
167650.0 2551550.0    0.2   -3.9
168150.0 2551550.0    0.1   -3.9
168650.0 2551550.0    0.1   -3.8
169150.0 2551550.0    0.0   -3.8
169650.0 2551550.0    0.0   -3.8
170150.0 2551550.0    0.0   -3.8
170650.0 2551550.0    0.0   -3.9
171150.0 2551550.0    0.0   -3.9
171650.0 2551550.0    0.0   -4.0
172150.0 2551550.0    0.1   -4.0
172650.0 2551550.0    0.2   -4.0
173150.0 2551550.0    0.2   -4.0
173650.0 2551550.0    0.3   -4.0
174150.0 2551550.0    0.4   -4.0
174650.0 2551550.0    0.4   -4.0
175150.0 2551550.0    0.4   -4.0
175650.0 2551550.0    0.4   -3.9
176150.0 2551550.0    0.4   -3.9
176650.0 2551550.0    0.4   -3.9
177150.0 2551550.0    0.4   -3.9
177650.0 2551550.0    0.4   -3.9
178150.0 2551550.0    0.4   -3.9
178650.0 2551550.0    0.4   -3.9
179150.0 2551550.0    0.4   -3.9
179650.0 2551550.0    0.4   -3.9
180150.0 2551550.0    0.4   -3.9
180650.0 2551550.0    0.4   -3.9
181150.0 2551550.0    0.4   -3.9
181650.0 2551550.0    0.4   -3.9
182150.0 2551550.0    0.4   -3.8
182650.0 2551550.0    0.4   -3.8
183150.0 2551550.0    0.4   -3.7
183650.0 2551550.0    0.4   -3.6
184150.0 2551550.0    0.4   -3.6
184650.0 2551550.0    0.4   -3.5
185150.0 2551550.0    0.4   -3.5
165650.0 2552050.0    0.6   -4.0
166150.0 2552050.0    0.5   -4.0
166650.0 2552050.0    0.4   -4.0
167150.0 2552050.0    0.3   -3.9
167650.0 2552050.0    0.2   -3.9
168150.0 2552050.0    0.1   -3.9
168650.0 2552050.0    0.1   -3.9
169150.0 2552050.0    0.0   -3.8
169650.0 2552050.0    0.0   -3.8
170150.0 2552050.0    0.0   -3.9
170650.0 2552050.0    0.0   -3.9
171150.0 2552050.0    0.0   -3.9
171650.0 2552050.0    0.1   -4.0
172150.0 2552050.0    0.1   -4.0
172650.0 2552050.0    0.2   -4.0
173150.0 2552050.0    0.2   -4.0
173650.0 2552050.0    0.3   -4.0
174150.0 2552050.0    0.3   -4.0
174650.0 2552050.0    0.4   -4.0
175150.0 2552050.0    0.4   -3.9
175650.0 2552050.0    0.4   -3.9
176150.0 2552050.0    0.4   -3.9
176650.0 2552050.0    0.4   -3.8
177150.0 2552050.0    0.3   -3.8
177650.0 2552050.0    0.3   -3.8
178150.0 2552050.0    0.3   -3.8
178650.0 2552050.0    0.3   -3.9
179150.0 2552050.0    0.4   -3.9
179650.0 2552050.0    0.4   -3.9
180150.0 2552050.0    0.4   -4.0
180650.0 2552050.0    0.4   -3.9
181150.0 2552050.0    0.4   -3.9
181650.0 2552050.0    0.4   -3.9
182150.0 2552050.0    0.4   -3.8
182650.0 2552050.0    0.4   -3.8
183150.0 2552050.0    0.4   -3.7
183650.0 2552050.0    0.4   -3.7
184150.0 2552050.0    0.4   -3.6
184650.0 2552050.0    0.4   -3.5
185150.0 2552050.0    0.4   -3.5
165650.0 2552550.0    0.6   -4.0
166150.0 2552550.0    0.5   -4.0
166650.0 2552550.0    0.4   -4.0
167150.0 2552550.0    0.3   -3.9
167650.0 2552550.0    0.2   -3.9
168150.0 2552550.0    0.2   -3.9
168650.0 2552550.0    0.1   -3.9
169150.0 2552550.0    0.1   -3.9
169650.0 2552550.0    0.0   -3.9
170150.0 2552550.0    0.0   -3.9
170650.0 2552550.0    0.0   -3.9
171150.0 2552550.0    0.1   -3.9
171650.0 2552550.0    0.1   -4.0
172150.0 2552550.0    0.2   -4.0
172650.0 2552550.0    0.2   -4.0
173150.0 2552550.0    0.3   -4.1
173650.0 2552550.0    0.3   -4.0
174150.0 2552550.0    0.3   -4.0
174650.0 2552550.0    0.4   -4.0
175150.0 2552550.0    0.4   -3.9
175650.0 2552550.0    0.4   -3.9
176150.0 2552550.0    0.3   -3.8
176650.0 2552550.0    0.3   -3.8
177150.0 2552550.0    0.3   -3.8
177650.0 2552550.0    0.3   -3.8
178150.0 2552550.0    0.3   -3.8
178650.0 2552550.0    0.3   -3.9
179150.0 2552550.0    0.4   -3.9
179650.0 2552550.0    0.4   -3.9
180150.0 2552550.0    0.4   -4.0
180650.0 2552550.0    0.4   -4.0
181150.0 2552550.0    0.4   -3.9
181650.0 2552550.0    0.4   -3.9
182150.0 2552550.0    0.4   -3.9
182650.0 2552550.0    0.4   -3.8
183150.0 2552550.0    0.4   -3.7
183650.0 2552550.0    0.4   -3.7
184150.0 2552550.0    0.4   -3.6
184650.0 2552550.0    0.4   -3.5
185150.0 2552550.0    0.4   -3.5
165650.0 2553050.0    0.7   -4.0
166150.0 2553050.0    0.6   -4.0
166650.0 2553050.0    0.5   -3.9
167150.0 2553050.0    0.3   -3.9
167650.0 2553050.0    0.3   -3.9
168150.0 2553050.0    0.2   -3.9
168650.0 2553050.0    0.1   -3.9
169150.0 2553050.0    0.1   -3.9
169650.0 2553050.0    0.1   -3.9
170150.0 2553050.0    0.1   -3.9
170650.0 2553050.0    0.1   -3.9
171150.0 2553050.0    0.1   -3.9
171650.0 2553050.0    0.1   -4.0
172150.0 2553050.0    0.2   -4.0
172650.0 2553050.0    0.2   -4.1
173150.0 2553050.0    0.3   -4.1
173650.0 2553050.0    0.3   -4.1
174150.0 2553050.0    0.3   -4.0
174650.0 2553050.0    0.4   -4.0
175150.0 2553050.0    0.3   -3.9
175650.0 2553050.0    0.3   -3.9
176150.0 2553050.0    0.3   -3.9
176650.0 2553050.0    0.3   -3.8
177150.0 2553050.0    0.3   -3.8
177650.0 2553050.0    0.3   -3.8
178150.0 2553050.0    0.3   -3.8
178650.0 2553050.0    0.3   -3.8
179150.0 2553050.0    0.4   -3.9
179650.0 2553050.0    0.4   -3.9
180150.0 2553050.0    0.4   -4.0
180650.0 2553050.0    0.4   -4.0
181150.0 2553050.0    0.4   -4.0
181650.0 2553050.0    0.4   -3.9
182150.0 2553050.0    0.4   -3.9
182650.0 2553050.0    0.4   -3.8
183150.0 2553050.0    0.4   -3.8
183650.0 2553050.0    0.4   -3.7
184150.0 2553050.0    0.4   -3.6
184650.0 2553050.0    0.4   -3.6
185150.0 2553050.0    0.4   -3.5
165650.0 2553550.0    0.7   -4.0
166150.0 2553550.0    0.6   -4.0
166650.0 2553550.0    0.5   -3.9
167150.0 2553550.0    0.4   -3.9
167650.0 2553550.0    0.3   -3.9
168150.0 2553550.0    0.2   -3.9
168650.0 2553550.0    0.1   -3.9
169150.0 2553550.0    0.1   -3.9
169650.0 2553550.0    0.1   -3.9
170150.0 2553550.0    0.1   -3.9
170650.0 2553550.0    0.1   -3.9
171150.0 2553550.0    0.1   -4.0
171650.0 2553550.0    0.2   -4.0
172150.0 2553550.0    0.2   -4.0
172650.0 2553550.0    0.3   -4.1
173150.0 2553550.0    0.3   -4.1
173650.0 2553550.0    0.3   -4.1
174150.0 2553550.0    0.4   -4.1
174650.0 2553550.0    0.4   -4.0
175150.0 2553550.0    0.4   -4.0
175650.0 2553550.0    0.3   -4.0
176150.0 2553550.0    0.3   -3.9
176650.0 2553550.0    0.3   -3.9
177150.0 2553550.0    0.3   -3.9
177650.0 2553550.0    0.3   -3.8
178150.0 2553550.0    0.3   -3.8
178650.0 2553550.0    0.3   -3.8
179150.0 2553550.0    0.3   -3.9
179650.0 2553550.0    0.4   -3.9
180150.0 2553550.0    0.4   -4.0
180650.0 2553550.0    0.4   -4.0
181150.0 2553550.0    0.4   -4.0
181650.0 2553550.0    0.4   -3.9
182150.0 2553550.0    0.4   -3.9
182650.0 2553550.0    0.4   -3.8
183150.0 2553550.0    0.4   -3.8
183650.0 2553550.0    0.4   -3.7
184150.0 2553550.0    0.4   -3.6
184650.0 2553550.0    0.4   -3.6
185150.0 2553550.0    0.4   -3.5
165650.0 2554050.0    0.7   -4.0
166150.0 2554050.0    0.6   -4.0
166650.0 2554050.0    0.5   -3.9
167150.0 2554050.0    0.4   -3.9
167650.0 2554050.0    0.3   -3.9
168150.0 2554050.0    0.2   -3.9
168650.0 2554050.0    0.2   -3.9
169150.0 2554050.0    0.1   -3.9
169650.0 2554050.0    0.1   -3.9
170150.0 2554050.0    0.1   -3.9
170650.0 2554050.0    0.2   -3.9
171150.0 2554050.0    0.2   -4.0
171650.0 2554050.0    0.2   -4.0
172150.0 2554050.0    0.3   -4.1
172650.0 2554050.0    0.3   -4.1
173150.0 2554050.0    0.3   -4.1
173650.0 2554050.0    0.4   -4.2
174150.0 2554050.0    0.4   -4.1
174650.0 2554050.0    0.4   -4.1
175150.0 2554050.0    0.4   -4.1
175650.0 2554050.0    0.4   -4.0
176150.0 2554050.0    0.3   -4.0
176650.0 2554050.0    0.3   -4.0
177150.0 2554050.0    0.3   -3.9
177650.0 2554050.0    0.3   -3.9
178150.0 2554050.0    0.3   -3.9
178650.0 2554050.0    0.3   -3.9
179150.0 2554050.0    0.3   -3.9
179650.0 2554050.0    0.4   -3.9
180150.0 2554050.0    0.4   -4.0
180650.0 2554050.0    0.4   -4.0
181150.0 2554050.0    0.4   -4.0
181650.0 2554050.0    0.4   -4.0
182150.0 2554050.0    0.4   -3.9
182650.0 2554050.0    0.4   -3.9
183150.0 2554050.0    0.4   -3.8
183650.0 2554050.0    0.4   -3.7
184150.0 2554050.0    0.4   -3.6
184650.0 2554050.0    0.4   -3.6
185150.0 2554050.0    0.4   -3.5
165650.0 2554550.0    0.7   -4.0
166150.0 2554550.0    0.7   -4.0
166650.0 2554550.0    0.5   -4.0
167150.0 2554550.0    0.4   -3.9
167650.0 2554550.0    0.3   -3.9
168150.0 2554550.0    0.3   -3.9
168650.0 2554550.0    0.2   -3.9
169150.0 2554550.0    0.2   -3.9
169650.0 2554550.0    0.2   -3.9
170150.0 2554550.0    0.2   -3.9
170650.0 2554550.0    0.2   -4.0
171150.0 2554550.0    0.2   -4.0
171650.0 2554550.0    0.2   -4.0
172150.0 2554550.0    0.3   -4.1
172650.0 2554550.0    0.3   -4.2
173150.0 2554550.0    0.4   -4.2
173650.0 2554550.0    0.4   -4.2
174150.0 2554550.0    0.4   -4.2
174650.0 2554550.0    0.4   -4.1
175150.0 2554550.0    0.4   -4.1
175650.0 2554550.0    0.4   -4.1
176150.0 2554550.0    0.3   -4.1
176650.0 2554550.0    0.3   -4.0
177150.0 2554550.0    0.3   -4.0
177650.0 2554550.0    0.3   -4.0
178150.0 2554550.0    0.3   -3.9
178650.0 2554550.0    0.3   -3.9
179150.0 2554550.0    0.3   -3.9
179650.0 2554550.0    0.4   -4.0
180150.0 2554550.0    0.4   -4.0
180650.0 2554550.0    0.4   -4.0
181150.0 2554550.0    0.4   -4.0
181650.0 2554550.0    0.4   -4.0
182150.0 2554550.0    0.4   -4.0
182650.0 2554550.0    0.4   -3.9
183150.0 2554550.0    0.4   -3.8
183650.0 2554550.0    0.4   -3.7
184150.0 2554550.0    0.4   -3.7
184650.0 2554550.0    0.4   -3.6
185150.0 2554550.0    0.4   -3.5
165650.0 2555050.0    0.8   -4.0
166150.0 2555050.0    0.7   -4.0
166650.0 2555050.0    0.6   -4.0
167150.0 2555050.0    0.4   -3.9
167650.0 2555050.0    0.4   -3.9
168150.0 2555050.0    0.3   -3.9
168650.0 2555050.0    0.2   -3.9
169150.0 2555050.0    0.2   -3.9
169650.0 2555050.0    0.2   -3.9
170150.0 2555050.0    0.2   -4.0
170650.0 2555050.0    0.2   -4.0
171150.0 2555050.0    0.2   -4.0
171650.0 2555050.0    0.3   -4.1
172150.0 2555050.0    0.3   -4.1
172650.0 2555050.0    0.3   -4.2
173150.0 2555050.0    0.4   -4.3
173650.0 2555050.0    0.4   -4.3
174150.0 2555050.0    0.4   -4.2
174650.0 2555050.0    0.4   -4.2
175150.0 2555050.0    0.4   -4.1
175650.0 2555050.0    0.4   -4.1
176150.0 2555050.0    0.3   -4.1
176650.0 2555050.0    0.3   -4.1
177150.0 2555050.0    0.3   -4.1
177650.0 2555050.0    0.3   -4.0
178150.0 2555050.0    0.3   -4.0
178650.0 2555050.0    0.3   -3.9
179150.0 2555050.0    0.3   -4.0
179650.0 2555050.0    0.3   -4.0
180150.0 2555050.0    0.4   -4.0
180650.0 2555050.0    0.4   -4.0
181150.0 2555050.0    0.4   -4.0
181650.0 2555050.0    0.4   -4.0
182150.0 2555050.0    0.4   -4.0
182650.0 2555050.0    0.4   -3.9
183150.0 2555050.0    0.4   -3.8
183650.0 2555050.0    0.4   -3.8
184150.0 2555050.0    0.4   -3.7
184650.0 2555050.0    0.4   -3.6
185150.0 2555050.0    0.4   -3.5
165650.0 2555550.0    0.8   -4.0
166150.0 2555550.0    0.7   -4.0
166650.0 2555550.0    0.6   -4.0
167150.0 2555550.0    0.5   -3.9
167650.0 2555550.0    0.4   -3.9
168150.0 2555550.0    0.3   -3.9
168650.0 2555550.0    0.3   -3.9
169150.0 2555550.0    0.2   -3.9
169650.0 2555550.0    0.2   -4.0
170150.0 2555550.0    0.2   -4.0
170650.0 2555550.0    0.2   -4.0
171150.0 2555550.0    0.3   -4.1
171650.0 2555550.0    0.3   -4.1
172150.0 2555550.0    0.3   -4.2
172650.0 2555550.0    0.4   -4.2
173150.0 2555550.0    0.4   -4.3
173650.0 2555550.0    0.4   -4.3
174150.0 2555550.0    0.4   -4.2
174650.0 2555550.0    0.4   -4.2
175150.0 2555550.0    0.4   -4.1
175650.0 2555550.0    0.4   -4.1
176150.0 2555550.0    0.4   -4.1
176650.0 2555550.0    0.4   -4.1
177150.0 2555550.0    0.3   -4.1
177650.0 2555550.0    0.3   -4.0
178150.0 2555550.0    0.3   -4.0
178650.0 2555550.0    0.3   -4.0
179150.0 2555550.0    0.3   -4.0
179650.0 2555550.0    0.3   -4.0
180150.0 2555550.0    0.4   -4.0
180650.0 2555550.0    0.4   -4.1
181150.0 2555550.0    0.4   -4.1
181650.0 2555550.0    0.4   -4.1
182150.0 2555550.0    0.4   -4.0
182650.0 2555550.0    0.5   -4.0
183150.0 2555550.0    0.5   -3.9
183650.0 2555550.0    0.5   -3.8
184150.0 2555550.0    0.5   -3.7
184650.0 2555550.0    0.5   -3.6
185150.0 2555550.0    0.4   -3.6
165650.0 2556050.0    0.8   -4.0
166150.0 2556050.0    0.7   -4.0
166650.0 2556050.0    0.6   -3.9
167150.0 2556050.0    0.5   -3.9
167650.0 2556050.0    0.4   -3.9
168150.0 2556050.0    0.3   -3.9
168650.0 2556050.0    0.3   -3.9
169150.0 2556050.0    0.2   -3.9
169650.0 2556050.0    0.2   -4.0
170150.0 2556050.0    0.2   -4.0
170650.0 2556050.0    0.3   -4.1
171150.0 2556050.0    0.3   -4.1
171650.0 2556050.0    0.3   -4.1
172150.0 2556050.0    0.4   -4.2
172650.0 2556050.0    0.4   -4.3
173150.0 2556050.0    0.4   -4.3
173650.0 2556050.0    0.4   -4.3
174150.0 2556050.0    0.4   -4.3
174650.0 2556050.0    0.4   -4.2
175150.0 2556050.0    0.4   -4.2
175650.0 2556050.0    0.4   -4.1
176150.0 2556050.0    0.4   -4.1
176650.0 2556050.0    0.4   -4.1
177150.0 2556050.0    0.4   -4.1
177650.0 2556050.0    0.3   -4.1
178150.0 2556050.0    0.3   -4.0
178650.0 2556050.0    0.3   -4.0
179150.0 2556050.0    0.3   -4.0
179650.0 2556050.0    0.3   -4.1
180150.0 2556050.0    0.4   -4.1
180650.0 2556050.0    0.4   -4.1
181150.0 2556050.0    0.4   -4.1
181650.0 2556050.0    0.4   -4.1
182150.0 2556050.0    0.5   -4.0
182650.0 2556050.0    0.5   -4.0
183150.0 2556050.0    0.5   -3.9
183650.0 2556050.0    0.5   -3.8
184150.0 2556050.0    0.5   -3.7
184650.0 2556050.0    0.5   -3.6
185150.0 2556050.0    0.5   -3.6
165650.0 2556550.0    0.8   -4.0
166150.0 2556550.0    0.7   -4.0
166650.0 2556550.0    0.6   -3.9
167150.0 2556550.0    0.5   -3.9
167650.0 2556550.0    0.4   -3.9
168150.0 2556550.0    0.3   -3.9
168650.0 2556550.0    0.3   -3.9
169150.0 2556550.0    0.3   -4.0
169650.0 2556550.0    0.3   -4.0
170150.0 2556550.0    0.3   -4.0
170650.0 2556550.0    0.3   -4.1
171150.0 2556550.0    0.3   -4.1
171650.0 2556550.0    0.3   -4.1
172150.0 2556550.0    0.4   -4.2
172650.0 2556550.0    0.4   -4.2
173150.0 2556550.0    0.5   -4.3
173650.0 2556550.0    0.5   -4.3
174150.0 2556550.0    0.5   -4.3
174650.0 2556550.0    0.4   -4.2
175150.0 2556550.0    0.4   -4.2
175650.0 2556550.0    0.4   -4.2
176150.0 2556550.0    0.4   -4.2
176650.0 2556550.0    0.4   -4.1
177150.0 2556550.0    0.4   -4.1
177650.0 2556550.0    0.4   -4.1
178150.0 2556550.0    0.3   -4.1
178650.0 2556550.0    0.3   -4.1
179150.0 2556550.0    0.3   -4.1
179650.0 2556550.0    0.3   -4.1
180150.0 2556550.0    0.4   -4.1
180650.0 2556550.0    0.4   -4.1
181150.0 2556550.0    0.4   -4.1
181650.0 2556550.0    0.4   -4.1
182150.0 2556550.0    0.5   -4.1
182650.0 2556550.0    0.5   -4.0
183150.0 2556550.0    0.5   -3.9
183650.0 2556550.0    0.5   -3.8
184150.0 2556550.0    0.5   -3.7
184650.0 2556550.0    0.5   -3.7
185150.0 2556550.0    0.5   -3.6
165650.0 2557050.0    0.9   -4.0
166150.0 2557050.0    0.8   -3.9
166650.0 2557050.0    0.6   -3.9
167150.0 2557050.0    0.5   -3.9
167650.0 2557050.0    0.4   -3.9
168150.0 2557050.0    0.4   -3.9
168650.0 2557050.0    0.3   -3.9
169150.0 2557050.0    0.3   -4.0
169650.0 2557050.0    0.3   -4.0
170150.0 2557050.0    0.3   -4.0
170650.0 2557050.0    0.3   -4.1
171150.0 2557050.0    0.3   -4.1
171650.0 2557050.0    0.3   -4.1
172150.0 2557050.0    0.4   -4.2
172650.0 2557050.0    0.4   -4.2
173150.0 2557050.0    0.5   -4.3
173650.0 2557050.0    0.5   -4.3
174150.0 2557050.0    0.5   -4.3
174650.0 2557050.0    0.5   -4.3
175150.0 2557050.0    0.4   -4.2
175650.0 2557050.0    0.4   -4.2
176150.0 2557050.0    0.4   -4.2
176650.0 2557050.0    0.4   -4.2
177150.0 2557050.0    0.4   -4.2
177650.0 2557050.0    0.4   -4.1
178150.0 2557050.0    0.3   -4.1
178650.0 2557050.0    0.3   -4.1
179150.0 2557050.0    0.3   -4.1
179650.0 2557050.0    0.3   -4.1
180150.0 2557050.0    0.4   -4.1
180650.0 2557050.0    0.4   -4.1
181150.0 2557050.0    0.4   -4.1
181650.0 2557050.0    0.5   -4.1
182150.0 2557050.0    0.5   -4.1
182650.0 2557050.0    0.5   -4.0
183150.0 2557050.0    0.5   -3.9
183650.0 2557050.0    0.5   -3.8
184150.0 2557050.0    0.5   -3.8
184650.0 2557050.0    0.5   -3.7
185150.0 2557050.0    0.5   -3.6
165650.0 2557550.0    0.9   -4.0
166150.0 2557550.0    0.8   -3.9
166650.0 2557550.0    0.7   -3.9
167150.0 2557550.0    0.5   -3.9
167650.0 2557550.0    0.4   -3.9
168150.0 2557550.0    0.4   -3.9
168650.0 2557550.0    0.3   -3.9
169150.0 2557550.0    0.3   -4.0
169650.0 2557550.0    0.3   -4.0
170150.0 2557550.0    0.3   -4.0
170650.0 2557550.0    0.3   -4.1
171150.0 2557550.0    0.3   -4.1
171650.0 2557550.0    0.3   -4.1
172150.0 2557550.0    0.4   -4.1
172650.0 2557550.0    0.4   -4.2
173150.0 2557550.0    0.5   -4.2
173650.0 2557550.0    0.5   -4.3
174150.0 2557550.0    0.5   -4.3
174650.0 2557550.0    0.5   -4.3
175150.0 2557550.0    0.5   -4.3
175650.0 2557550.0    0.4   -4.2
176150.0 2557550.0    0.4   -4.2
176650.0 2557550.0    0.4   -4.2
177150.0 2557550.0    0.4   -4.2
177650.0 2557550.0    0.4   -4.1
178150.0 2557550.0    0.3   -4.1
178650.0 2557550.0    0.3   -4.1
179150.0 2557550.0    0.3   -4.1
179650.0 2557550.0    0.4   -4.1
180150.0 2557550.0    0.4   -4.1
180650.0 2557550.0    0.4   -4.1
181150.0 2557550.0    0.4   -4.1
181650.0 2557550.0    0.5   -4.1
182150.0 2557550.0    0.5   -4.1
182650.0 2557550.0    0.5   -4.0
183150.0 2557550.0    0.5   -4.0
183650.0 2557550.0    0.5   -3.9
184150.0 2557550.0    0.5   -3.8
184650.0 2557550.0    0.5   -3.7
185150.0 2557550.0    0.5   -3.7
165650.0 2558050.0    0.9   -4.0
166150.0 2558050.0    0.8   -3.9
166650.0 2558050.0    0.7   -3.9
167150.0 2558050.0    0.6   -3.9
167650.0 2558050.0    0.5   -3.9
168150.0 2558050.0    0.4   -3.9
168650.0 2558050.0    0.3   -3.9
169150.0 2558050.0    0.3   -4.0
169650.0 2558050.0    0.3   -4.0
170150.0 2558050.0    0.3   -4.0
170650.0 2558050.0    0.3   -4.0
171150.0 2558050.0    0.3   -4.1
171650.0 2558050.0    0.3   -4.1
172150.0 2558050.0    0.4   -4.1
172650.0 2558050.0    0.4   -4.1
173150.0 2558050.0    0.4   -4.2
173650.0 2558050.0    0.5   -4.2
174150.0 2558050.0    0.5   -4.2
174650.0 2558050.0    0.5   -4.3
175150.0 2558050.0    0.5   -4.3
175650.0 2558050.0    0.5   -4.2
176150.0 2558050.0    0.4   -4.2
176650.0 2558050.0    0.4   -4.2
177150.0 2558050.0    0.4   -4.2
177650.0 2558050.0    0.4   -4.1
178150.0 2558050.0    0.4   -4.1
178650.0 2558050.0    0.4   -4.1
179150.0 2558050.0    0.4   -4.1
179650.0 2558050.0    0.4   -4.1
180150.0 2558050.0    0.4   -4.1
180650.0 2558050.0    0.4   -4.1
181150.0 2558050.0    0.4   -4.1
181650.0 2558050.0    0.5   -4.1
182150.0 2558050.0    0.5   -4.1
182650.0 2558050.0    0.5   -4.1
183150.0 2558050.0    0.5   -4.0
183650.0 2558050.0    0.5   -3.9
184150.0 2558050.0    0.5   -3.8
184650.0 2558050.0    0.5   -3.8
185150.0 2558050.0    0.5   -3.7
165650.0 2558550.0    0.9   -3.9
166150.0 2558550.0    0.8   -3.9
166650.0 2558550.0    0.7   -3.9
167150.0 2558550.0    0.6   -3.9
167650.0 2558550.0    0.5   -3.9
168150.0 2558550.0    0.4   -3.9
168650.0 2558550.0    0.4   -3.9
169150.0 2558550.0    0.3   -4.0
169650.0 2558550.0    0.3   -4.0
170150.0 2558550.0    0.3   -4.0
170650.0 2558550.0    0.3   -4.0
171150.0 2558550.0    0.3   -4.1
171650.0 2558550.0    0.3   -4.1
172150.0 2558550.0    0.4   -4.1
172650.0 2558550.0    0.4   -4.1
173150.0 2558550.0    0.4   -4.1
173650.0 2558550.0    0.5   -4.1
174150.0 2558550.0    0.5   -4.2
174650.0 2558550.0    0.5   -4.2
175150.0 2558550.0    0.5   -4.2
175650.0 2558550.0    0.5   -4.2
176150.0 2558550.0    0.4   -4.2
176650.0 2558550.0    0.4   -4.2
177150.0 2558550.0    0.4   -4.1
177650.0 2558550.0    0.4   -4.1
178150.0 2558550.0    0.4   -4.1
178650.0 2558550.0    0.4   -4.1
179150.0 2558550.0    0.4   -4.1
179650.0 2558550.0    0.4   -4.1
180150.0 2558550.0    0.4   -4.1
180650.0 2558550.0    0.4   -4.1
181150.0 2558550.0    0.5   -4.2
181650.0 2558550.0    0.5   -4.1
182150.0 2558550.0    0.5   -4.1
182650.0 2558550.0    0.5   -4.1
183150.0 2558550.0    0.5   -4.0
183650.0 2558550.0    0.5   -3.9
184150.0 2558550.0    0.5   -3.9
184650.0 2558550.0    0.5   -3.8
185150.0 2558550.0    0.5   -3.7
165650.0 2559050.0    0.9   -3.9
166150.0 2559050.0    0.8   -3.9
166650.0 2559050.0    0.7   -3.9
167150.0 2559050.0    0.6   -3.9
167650.0 2559050.0    0.5   -3.9
168150.0 2559050.0    0.4   -3.9
168650.0 2559050.0    0.4   -3.9
169150.0 2559050.0    0.4   -4.0
169650.0 2559050.0    0.3   -4.0
170150.0 2559050.0    0.3   -4.0
170650.0 2559050.0    0.3   -4.0
171150.0 2559050.0    0.3   -4.0
171650.0 2559050.0    0.3   -4.0
172150.0 2559050.0    0.4   -4.0
172650.0 2559050.0    0.4   -4.1
173150.0 2559050.0    0.4   -4.1
173650.0 2559050.0    0.4   -4.1
174150.0 2559050.0    0.4   -4.1
174650.0 2559050.0    0.5   -4.1
175150.0 2559050.0    0.5   -4.2
175650.0 2559050.0    0.5   -4.2
176150.0 2559050.0    0.5   -4.1
176650.0 2559050.0    0.4   -4.1
177150.0 2559050.0    0.4   -4.1
177650.0 2559050.0    0.4   -4.1
178150.0 2559050.0    0.4   -4.1
178650.0 2559050.0    0.4   -4.1
179150.0 2559050.0    0.4   -4.1
179650.0 2559050.0    0.4   -4.1
180150.0 2559050.0    0.4   -4.2
180650.0 2559050.0    0.4   -4.2
181150.0 2559050.0    0.5   -4.2
181650.0 2559050.0    0.5   -4.2
182150.0 2559050.0    0.5   -4.1
182650.0 2559050.0    0.5   -4.1
183150.0 2559050.0    0.5   -4.0
183650.0 2559050.0    0.5   -4.0
184150.0 2559050.0    0.6   -3.9
184650.0 2559050.0    0.5   -3.8
185150.0 2559050.0    0.5   -3.8
165650.0 2559550.0    0.9   -3.9
166150.0 2559550.0    0.8   -3.9
166650.0 2559550.0    0.7   -3.9
167150.0 2559550.0    0.6   -3.9
167650.0 2559550.0    0.5   -3.9
168150.0 2559550.0    0.5   -3.9
168650.0 2559550.0    0.4   -4.0
169150.0 2559550.0    0.4   -4.0
169650.0 2559550.0    0.3   -4.0
170150.0 2559550.0    0.3   -4.0
170650.0 2559550.0    0.3   -4.0
171150.0 2559550.0    0.3   -4.0
171650.0 2559550.0    0.3   -4.0
172150.0 2559550.0    0.3   -4.0
172650.0 2559550.0    0.4   -4.0
173150.0 2559550.0    0.4   -4.0
173650.0 2559550.0    0.4   -4.0
174150.0 2559550.0    0.4   -4.1
174650.0 2559550.0    0.4   -4.1
175150.0 2559550.0    0.4   -4.1
175650.0 2559550.0    0.4   -4.1
176150.0 2559550.0    0.4   -4.1
176650.0 2559550.0    0.4   -4.1
177150.0 2559550.0    0.4   -4.1
177650.0 2559550.0    0.4   -4.1
178150.0 2559550.0    0.4   -4.1
178650.0 2559550.0    0.4   -4.1
179150.0 2559550.0    0.4   -4.1
179650.0 2559550.0    0.4   -4.2
180150.0 2559550.0    0.4   -4.2
180650.0 2559550.0    0.5   -4.2
181150.0 2559550.0    0.5   -4.2
181650.0 2559550.0    0.5   -4.2
182150.0 2559550.0    0.5   -4.2
182650.0 2559550.0    0.5   -4.1
183150.0 2559550.0    0.5   -4.1
183650.0 2559550.0    0.5   -4.0
184150.0 2559550.0    0.5   -3.9
184650.0 2559550.0    0.5   -3.8
185150.0 2559550.0    0.5   -3.8
165650.0 2560050.0    0.9   -3.9
166150.0 2560050.0    0.8   -3.9
166650.0 2560050.0    0.7   -3.9
167150.0 2560050.0    0.6   -3.9
167650.0 2560050.0    0.5   -3.9
168150.0 2560050.0    0.5   -4.0
168650.0 2560050.0    0.4   -4.0
169150.0 2560050.0    0.4   -4.0
169650.0 2560050.0    0.4   -4.0
170150.0 2560050.0    0.3   -4.0
170650.0 2560050.0    0.3   -4.0
171150.0 2560050.0    0.3   -4.0
171650.0 2560050.0    0.3   -4.0
172150.0 2560050.0    0.3   -4.0
172650.0 2560050.0    0.3   -4.0
173150.0 2560050.0    0.4   -4.0
173650.0 2560050.0    0.4   -4.0
174150.0 2560050.0    0.4   -4.0
174650.0 2560050.0    0.4   -4.1
175150.0 2560050.0    0.4   -4.1
175650.0 2560050.0    0.4   -4.1
176150.0 2560050.0    0.4   -4.1
176650.0 2560050.0    0.4   -4.1
177150.0 2560050.0    0.4   -4.1
177650.0 2560050.0    0.4   -4.1
178150.0 2560050.0    0.4   -4.1
178650.0 2560050.0    0.4   -4.1
179150.0 2560050.0    0.4   -4.2
179650.0 2560050.0    0.4   -4.2
180150.0 2560050.0    0.5   -4.2
180650.0 2560050.0    0.5   -4.2
181150.0 2560050.0    0.5   -4.2
181650.0 2560050.0    0.5   -4.2
182150.0 2560050.0    0.5   -4.2
182650.0 2560050.0    0.5   -4.1
183150.0 2560050.0    0.5   -4.1
183650.0 2560050.0    0.5   -4.0
184150.0 2560050.0    0.5   -3.9
184650.0 2560050.0    0.5   -3.9
185150.0 2560050.0    0.5   -3.9
165650.0 2560550.0    0.9   -3.8
166150.0 2560550.0    0.8   -3.8
166650.0 2560550.0    0.7   -3.8
167150.0 2560550.0    0.6   -3.9
167650.0 2560550.0    0.6   -3.9
168150.0 2560550.0    0.5   -3.9
168650.0 2560550.0    0.5   -4.0
169150.0 2560550.0    0.4   -4.0
169650.0 2560550.0    0.4   -4.0
170150.0 2560550.0    0.3   -4.0
170650.0 2560550.0    0.3   -4.0
171150.0 2560550.0    0.3   -4.0
171650.0 2560550.0    0.3   -4.0
172150.0 2560550.0    0.3   -4.0
172650.0 2560550.0    0.3   -4.0
173150.0 2560550.0    0.3   -4.0
173650.0 2560550.0    0.3   -4.0
174150.0 2560550.0    0.4   -4.0
174650.0 2560550.0    0.4   -4.1
175150.0 2560550.0    0.4   -4.1
175650.0 2560550.0    0.4   -4.1
176150.0 2560550.0    0.4   -4.1
176650.0 2560550.0    0.4   -4.1
177150.0 2560550.0    0.4   -4.1
177650.0 2560550.0    0.4   -4.1
178150.0 2560550.0    0.4   -4.1
178650.0 2560550.0    0.4   -4.2
179150.0 2560550.0    0.4   -4.2
179650.0 2560550.0    0.5   -4.2
180150.0 2560550.0    0.5   -4.2
180650.0 2560550.0    0.5   -4.2
181150.0 2560550.0    0.5   -4.2
181650.0 2560550.0    0.5   -4.2
182150.0 2560550.0    0.5   -4.2
182650.0 2560550.0    0.5   -4.1
183150.0 2560550.0    0.5   -4.1
183650.0 2560550.0    0.5   -4.0
184150.0 2560550.0    0.5   -4.0
184650.0 2560550.0    0.5   -3.9
185150.0 2560550.0    0.5   -3.9
165650.0 2561050.0    0.9   -3.8
166150.0 2561050.0    0.8   -3.8
166650.0 2561050.0    0.7   -3.8
167150.0 2561050.0    0.6   -3.9
167650.0 2561050.0    0.6   -3.9
168150.0 2561050.0    0.5   -3.9
168650.0 2561050.0    0.5   -4.0
169150.0 2561050.0    0.4   -4.0
169650.0 2561050.0    0.4   -4.0
170150.0 2561050.0    0.3   -4.0
170650.0 2561050.0    0.3   -4.0
171150.0 2561050.0    0.3   -3.9
171650.0 2561050.0    0.3   -3.9
172150.0 2561050.0    0.3   -3.9
172650.0 2561050.0    0.3   -3.9
173150.0 2561050.0    0.3   -4.0
173650.0 2561050.0    0.3   -4.0
174150.0 2561050.0    0.3   -4.0
174650.0 2561050.0    0.3   -4.1
175150.0 2561050.0    0.3   -4.1
175650.0 2561050.0    0.3   -4.1
176150.0 2561050.0    0.3   -4.1
176650.0 2561050.0    0.4   -4.1
177150.0 2561050.0    0.4   -4.1
177650.0 2561050.0    0.4   -4.1
178150.0 2561050.0    0.4   -4.2
178650.0 2561050.0    0.4   -4.2
179150.0 2561050.0    0.4   -4.2
179650.0 2561050.0    0.5   -4.2
180150.0 2561050.0    0.5   -4.2
180650.0 2561050.0    0.5   -4.2
181150.0 2561050.0    0.5   -4.2
181650.0 2561050.0    0.5   -4.2
182150.0 2561050.0    0.5   -4.2
182650.0 2561050.0    0.5   -4.1
183150.0 2561050.0    0.5   -4.1
183650.0 2561050.0    0.5   -4.0
184150.0 2561050.0    0.5   -4.0
184650.0 2561050.0    0.5   -3.9
185150.0 2561050.0    0.5   -3.9
165650.0 2561550.0    0.9   -3.8
166150.0 2561550.0    0.8   -3.8
166650.0 2561550.0    0.7   -3.8
167150.0 2561550.0    0.7   -3.8
167650.0 2561550.0    0.6   -3.9
168150.0 2561550.0    0.6   -3.9
168650.0 2561550.0    0.5   -3.9
169150.0 2561550.0    0.4   -4.0
169650.0 2561550.0    0.4   -4.0
170150.0 2561550.0    0.3   -3.9
170650.0 2561550.0    0.3   -3.9
171150.0 2561550.0    0.3   -3.9
171650.0 2561550.0    0.3   -3.9
172150.0 2561550.0    0.3   -3.9
172650.0 2561550.0    0.3   -3.9
173150.0 2561550.0    0.3   -3.9
173650.0 2561550.0    0.3   -4.0
174150.0 2561550.0    0.3   -4.0
174650.0 2561550.0    0.3   -4.0
175150.0 2561550.0    0.3   -4.1
175650.0 2561550.0    0.3   -4.1
176150.0 2561550.0    0.3   -4.1
176650.0 2561550.0    0.3   -4.2
177150.0 2561550.0    0.3   -4.2
177650.0 2561550.0    0.4   -4.2
178150.0 2561550.0    0.4   -4.2
178650.0 2561550.0    0.4   -4.2
179150.0 2561550.0    0.4   -4.2
179650.0 2561550.0    0.5   -4.2
180150.0 2561550.0    0.5   -4.2
180650.0 2561550.0    0.5   -4.2
181150.0 2561550.0    0.5   -4.2
181650.0 2561550.0    0.5   -4.2
182150.0 2561550.0    0.5   -4.2
182650.0 2561550.0    0.5   -4.1
183150.0 2561550.0    0.5   -4.1
183650.0 2561550.0    0.5   -4.0
184150.0 2561550.0    0.5   -4.0
184650.0 2561550.0    0.4   -4.0
185150.0 2561550.0    0.4   -4.0
165650.0 2562050.0    0.9   -3.8
166150.0 2562050.0    0.8   -3.8
166650.0 2562050.0    0.8   -3.8
167150.0 2562050.0    0.7   -3.8
167650.0 2562050.0    0.6   -3.9
168150.0 2562050.0    0.6   -3.9
168650.0 2562050.0    0.5   -3.9
169150.0 2562050.0    0.4   -3.9
169650.0 2562050.0    0.4   -3.9
170150.0 2562050.0    0.3   -3.9
170650.0 2562050.0    0.3   -3.9
171150.0 2562050.0    0.3   -3.9
171650.0 2562050.0    0.3   -3.8
172150.0 2562050.0    0.2   -3.9
172650.0 2562050.0    0.2   -3.9
173150.0 2562050.0    0.2   -3.9
173650.0 2562050.0    0.2   -3.9
174150.0 2562050.0    0.2   -4.0
174650.0 2562050.0    0.3   -4.0
175150.0 2562050.0    0.3   -4.1
175650.0 2562050.0    0.3   -4.1
176150.0 2562050.0    0.3   -4.1
176650.0 2562050.0    0.3   -4.2
177150.0 2562050.0    0.3   -4.2
177650.0 2562050.0    0.3   -4.2
178150.0 2562050.0    0.4   -4.2
178650.0 2562050.0    0.4   -4.2
179150.0 2562050.0    0.4   -4.2
179650.0 2562050.0    0.5   -4.2
180150.0 2562050.0    0.5   -4.2
180650.0 2562050.0    0.5   -4.2
181150.0 2562050.0    0.5   -4.2
181650.0 2562050.0    0.5   -4.2
182150.0 2562050.0    0.5   -4.1
182650.0 2562050.0    0.4   -4.1
183150.0 2562050.0    0.4   -4.1
183650.0 2562050.0    0.4   -4.0
184150.0 2562050.0    0.4   -4.0
184650.0 2562050.0    0.4   -4.0
185150.0 2562050.0    0.4   -4.0
165650.0 2562550.0    0.9   -3.8
166150.0 2562550.0    0.9   -3.8
166650.0 2562550.0    0.8   -3.8
167150.0 2562550.0    0.7   -3.8
167650.0 2562550.0    0.7   -3.9
168150.0 2562550.0    0.6   -3.9
168650.0 2562550.0    0.5   -3.9
169150.0 2562550.0    0.5   -3.9
169650.0 2562550.0    0.4   -3.9
170150.0 2562550.0    0.3   -3.9
170650.0 2562550.0    0.3   -3.9
171150.0 2562550.0    0.3   -3.8
171650.0 2562550.0    0.2   -3.8
172150.0 2562550.0    0.2   -3.8
172650.0 2562550.0    0.2   -3.8
173150.0 2562550.0    0.2   -3.9
173650.0 2562550.0    0.2   -3.9
174150.0 2562550.0    0.2   -4.0
174650.0 2562550.0    0.2   -4.0
175150.0 2562550.0    0.2   -4.1
175650.0 2562550.0    0.2   -4.1
176150.0 2562550.0    0.3   -4.1
176650.0 2562550.0    0.3   -4.2
177150.0 2562550.0    0.3   -4.2
177650.0 2562550.0    0.3   -4.2
178150.0 2562550.0    0.4   -4.2
178650.0 2562550.0    0.4   -4.2
179150.0 2562550.0    0.4   -4.2
179650.0 2562550.0    0.4   -4.2
180150.0 2562550.0    0.5   -4.2
180650.0 2562550.0    0.5   -4.2
181150.0 2562550.0    0.5   -4.2
181650.0 2562550.0    0.5   -4.1
182150.0 2562550.0    0.4   -4.1
182650.0 2562550.0    0.4   -4.1
183150.0 2562550.0    0.4   -4.1
183650.0 2562550.0    0.4   -4.1
184150.0 2562550.0    0.4   -4.0
184650.0 2562550.0    0.4   -4.0
185150.0 2562550.0    0.4   -4.0
165650.0 2563050.0    1.0   -3.8
166150.0 2563050.0    0.9   -3.8
166650.0 2563050.0    0.8   -3.8
167150.0 2563050.0    0.7   -3.8
167650.0 2563050.0    0.7   -3.8
168150.0 2563050.0    0.6   -3.9
168650.0 2563050.0    0.5   -3.9
169150.0 2563050.0    0.5   -3.9
169650.0 2563050.0    0.4   -3.9
170150.0 2563050.0    0.3   -3.9
170650.0 2563050.0    0.3   -3.9
171150.0 2563050.0    0.2   -3.8
171650.0 2563050.0    0.2   -3.8
172150.0 2563050.0    0.2   -3.8
172650.0 2563050.0    0.2   -3.8
173150.0 2563050.0    0.2   -3.9
173650.0 2563050.0    0.2   -3.9
174150.0 2563050.0    0.2   -4.0
174650.0 2563050.0    0.2   -4.0
175150.0 2563050.0    0.2   -4.0
175650.0 2563050.0    0.2   -4.1
176150.0 2563050.0    0.2   -4.1
176650.0 2563050.0    0.3   -4.2
177150.0 2563050.0    0.3   -4.2
177650.0 2563050.0    0.3   -4.2
178150.0 2563050.0    0.4   -4.2
178650.0 2563050.0    0.4   -4.2
179150.0 2563050.0    0.4   -4.2
179650.0 2563050.0    0.4   -4.2
180150.0 2563050.0    0.4   -4.2
180650.0 2563050.0    0.4   -4.2
181150.0 2563050.0    0.4   -4.2
181650.0 2563050.0    0.4   -4.1
182150.0 2563050.0    0.4   -4.1
182650.0 2563050.0    0.4   -4.1
183150.0 2563050.0    0.4   -4.1
183650.0 2563050.0    0.4   -4.1
184150.0 2563050.0    0.4   -4.1
184650.0 2563050.0    0.4   -4.1
185150.0 2563050.0    0.4   -4.1
165650.0 2563550.0    1.0   -3.8
166150.0 2563550.0    0.9   -3.8
166650.0 2563550.0    0.9   -3.8
167150.0 2563550.0    0.8   -3.8
167650.0 2563550.0    0.7   -3.8
168150.0 2563550.0    0.6   -3.9
168650.0 2563550.0    0.5   -3.9
169150.0 2563550.0    0.5   -3.9
169650.0 2563550.0    0.4   -3.9
170150.0 2563550.0    0.3   -3.9
170650.0 2563550.0    0.3   -3.9
171150.0 2563550.0    0.2   -3.8
171650.0 2563550.0    0.2   -3.8
172150.0 2563550.0    0.2   -3.8
172650.0 2563550.0    0.2   -3.8
173150.0 2563550.0    0.2   -3.8
173650.0 2563550.0    0.2   -3.9
174150.0 2563550.0    0.2   -3.9
174650.0 2563550.0    0.2   -4.0
175150.0 2563550.0    0.2   -4.0
175650.0 2563550.0    0.2   -4.1
176150.0 2563550.0    0.2   -4.1
176650.0 2563550.0    0.2   -4.2
177150.0 2563550.0    0.3   -4.2
177650.0 2563550.0    0.3   -4.2
178150.0 2563550.0    0.4   -4.2
178650.0 2563550.0    0.4   -4.2
179150.0 2563550.0    0.4   -4.2
179650.0 2563550.0    0.4   -4.2
180150.0 2563550.0    0.4   -4.2
180650.0 2563550.0    0.4   -4.2
181150.0 2563550.0    0.4   -4.2
181650.0 2563550.0    0.4   -4.1
182150.0 2563550.0    0.4   -4.1
182650.0 2563550.0    0.4   -4.1
183150.0 2563550.0    0.4   -4.1
183650.0 2563550.0    0.4   -4.1
184150.0 2563550.0    0.4   -4.1
184650.0 2563550.0    0.4   -4.1
185150.0 2563550.0    0.4   -4.1
165650.0 2564050.0    1.0   -3.8
166150.0 2564050.0    1.0   -3.8
166650.0 2564050.0    0.9   -3.8
167150.0 2564050.0    0.8   -3.8
167650.0 2564050.0    0.7   -3.8
168150.0 2564050.0    0.6   -3.8
168650.0 2564050.0    0.5   -3.9
169150.0 2564050.0    0.5   -3.9
169650.0 2564050.0    0.4   -3.9
170150.0 2564050.0    0.3   -3.9
170650.0 2564050.0    0.3   -3.9
171150.0 2564050.0    0.2   -3.8
171650.0 2564050.0    0.2   -3.8
172150.0 2564050.0    0.2   -3.8
172650.0 2564050.0    0.2   -3.8
173150.0 2564050.0    0.2   -3.8
173650.0 2564050.0    0.2   -3.9
174150.0 2564050.0    0.2   -3.9
174650.0 2564050.0    0.2   -4.0
175150.0 2564050.0    0.2   -4.0
175650.0 2564050.0    0.2   -4.0
176150.0 2564050.0    0.2   -4.1
176650.0 2564050.0    0.2   -4.1
177150.0 2564050.0    0.3   -4.2
177650.0 2564050.0    0.3   -4.2
178150.0 2564050.0    0.3   -4.2
178650.0 2564050.0    0.4   -4.2
179150.0 2564050.0    0.4   -4.2
179650.0 2564050.0    0.4   -4.2
180150.0 2564050.0    0.4   -4.2
180650.0 2564050.0    0.4   -4.2
181150.0 2564050.0    0.4   -4.2
181650.0 2564050.0    0.4   -4.2
182150.0 2564050.0    0.4   -4.2
182650.0 2564050.0    0.4   -4.2
183150.0 2564050.0    0.4   -4.2
183650.0 2564050.0    0.3   -4.2
184150.0 2564050.0    0.3   -4.1
184650.0 2564050.0    0.3   -4.1
185150.0 2564050.0    0.3   -4.1
165650.0 2564550.0    1.1   -3.8
166150.0 2564550.0    1.0   -3.8
166650.0 2564550.0    0.9   -3.8
167150.0 2564550.0    0.8   -3.8
167650.0 2564550.0    0.7   -3.8
168150.0 2564550.0    0.6   -3.8
168650.0 2564550.0    0.6   -3.9
169150.0 2564550.0    0.5   -3.9
169650.0 2564550.0    0.4   -3.9
170150.0 2564550.0    0.3   -3.9
170650.0 2564550.0    0.3   -3.8
171150.0 2564550.0    0.2   -3.8
171650.0 2564550.0    0.2   -3.8
172150.0 2564550.0    0.2   -3.8
172650.0 2564550.0    0.2   -3.8
173150.0 2564550.0    0.2   -3.8
173650.0 2564550.0    0.2   -3.9
174150.0 2564550.0    0.2   -3.9
174650.0 2564550.0    0.2   -3.9
175150.0 2564550.0    0.2   -4.0
175650.0 2564550.0    0.2   -4.0
176150.0 2564550.0    0.2   -4.1
176650.0 2564550.0    0.2   -4.1
177150.0 2564550.0    0.2   -4.2
177650.0 2564550.0    0.3   -4.2
178150.0 2564550.0    0.3   -4.2
178650.0 2564550.0    0.3   -4.2
179150.0 2564550.0    0.4   -4.2
179650.0 2564550.0    0.4   -4.2
180150.0 2564550.0    0.4   -4.2
180650.0 2564550.0    0.4   -4.2
181150.0 2564550.0    0.3   -4.2
181650.0 2564550.0    0.3   -4.2
182150.0 2564550.0    0.3   -4.2
182650.0 2564550.0    0.3   -4.2
183150.0 2564550.0    0.3   -4.2
183650.0 2564550.0    0.3   -4.2
184150.0 2564550.0    0.3   -4.2
184650.0 2564550.0    0.3   -4.2
185150.0 2564550.0    0.3   -4.2
165650.0 2565050.0    1.1   -3.9
166150.0 2565050.0    1.0   -3.8
166650.0 2565050.0    0.9   -3.8
167150.0 2565050.0    0.8   -3.8
167650.0 2565050.0    0.7   -3.8
168150.0 2565050.0    0.6   -3.9
168650.0 2565050.0    0.6   -3.9
169150.0 2565050.0    0.5   -3.9
169650.0 2565050.0    0.4   -3.9
170150.0 2565050.0    0.3   -3.8
170650.0 2565050.0    0.3   -3.8
171150.0 2565050.0    0.2   -3.8
171650.0 2565050.0    0.2   -3.8
172150.0 2565050.0    0.2   -3.8
172650.0 2565050.0    0.1   -3.8
173150.0 2565050.0    0.1   -3.8
173650.0 2565050.0    0.1   -3.9
174150.0 2565050.0    0.1   -3.9
174650.0 2565050.0    0.1   -3.9
175150.0 2565050.0    0.1   -4.0
175650.0 2565050.0    0.2   -4.0
176150.0 2565050.0    0.2   -4.1
176650.0 2565050.0    0.2   -4.1
177150.0 2565050.0    0.2   -4.2
177650.0 2565050.0    0.3   -4.2
178150.0 2565050.0    0.3   -4.2
178650.0 2565050.0    0.3   -4.2
179150.0 2565050.0    0.3   -4.2
179650.0 2565050.0    0.3   -4.2
180150.0 2565050.0    0.3   -4.2
180650.0 2565050.0    0.3   -4.2
181150.0 2565050.0    0.3   -4.2
181650.0 2565050.0    0.3   -4.2
182150.0 2565050.0    0.3   -4.2
182650.0 2565050.0    0.3   -4.3
183150.0 2565050.0    0.3   -4.3
183650.0 2565050.0    0.3   -4.3
184150.0 2565050.0    0.3   -4.3
184650.0 2565050.0    0.3   -4.2
185150.0 2565050.0    0.3   -4.2
165650.0 2565550.0    1.1   -3.9
166150.0 2565550.0    1.0   -3.9
166650.0 2565550.0    0.9   -3.8
167150.0 2565550.0    0.8   -3.8
167650.0 2565550.0    0.7   -3.8
168150.0 2565550.0    0.6   -3.8
168650.0 2565550.0    0.6   -3.9
169150.0 2565550.0    0.5   -3.9
169650.0 2565550.0    0.4   -3.8
170150.0 2565550.0    0.3   -3.8
170650.0 2565550.0    0.2   -3.8
171150.0 2565550.0    0.2   -3.8
171650.0 2565550.0    0.2   -3.8
172150.0 2565550.0    0.2   -3.8
172650.0 2565550.0    0.1   -3.8
173150.0 2565550.0    0.1   -3.8
173650.0 2565550.0    0.1   -3.9
174150.0 2565550.0    0.1   -3.9
174650.0 2565550.0    0.1   -3.9
175150.0 2565550.0    0.1   -4.0
175650.0 2565550.0    0.1   -4.0
176150.0 2565550.0    0.2   -4.1
176650.0 2565550.0    0.2   -4.1
177150.0 2565550.0    0.2   -4.2
177650.0 2565550.0    0.2   -4.2
178150.0 2565550.0    0.3   -4.2
178650.0 2565550.0    0.3   -4.2
179150.0 2565550.0    0.3   -4.2
179650.0 2565550.0    0.3   -4.2
180150.0 2565550.0    0.3   -4.2
180650.0 2565550.0    0.3   -4.2
181150.0 2565550.0    0.3   -4.2
181650.0 2565550.0    0.3   -4.2
182150.0 2565550.0    0.3   -4.3
182650.0 2565550.0    0.3   -4.3
183150.0 2565550.0    0.3   -4.3
183650.0 2565550.0    0.3   -4.3
184150.0 2565550.0    0.3   -4.3
184650.0 2565550.0    0.3   -4.3
185150.0 2565550.0    0.3   -4.3
