   165.6    2546.1    3.5    0.1
   166.1    2546.1    3.5    0.1
   166.6    2546.1    3.5    0.0
   167.1    2546.1    3.6   -0.1
   167.6    2546.1    3.7   -0.1
   168.1    2546.1    3.7   -0.1
   168.6    2546.1    3.8   -0.2
   169.1    2546.1    3.8   -0.2
   169.6    2546.1    3.8   -0.2
   170.1    2546.1    3.8   -0.2
   170.6    2546.1    3.8   -0.2
   171.1    2546.1    3.8   -0.2
   171.6    2546.1    3.7   -0.3
   172.1    2546.1    3.7   -0.3
   172.6    2546.1    3.7   -0.3
   173.1    2546.1    3.7   -0.3
   173.6    2546.1    3.6   -0.3
   174.1    2546.1    3.6   -0.3
   174.6    2546.1    3.7   -0.4
   175.1    2546.1    3.7   -0.4
   175.6    2546.1    3.7   -0.4
   176.1    2546.1    3.7   -0.5
   176.6    2546.1    3.7   -0.5
   177.1    2546.1    3.7   -0.6
   177.6    2546.1    3.7   -0.6
   178.1    2546.1    3.6   -0.7
   178.6    2546.1    3.6   -0.7
   179.1    2546.1    3.5   -0.8
   179.6    2546.1    3.5   -0.9
   180.1    2546.1    3.5   -0.9
   180.6    2546.1    3.4   -1.0
   181.1    2546.1    3.4   -1.1
   181.6    2546.1    3.4   -1.2
   182.1    2546.1    3.4   -1.2
   182.6    2546.1    3.4   -1.2
   183.1    2546.1    3.4   -1.1
   183.6    2546.1    3.4   -1.1
   184.1    2546.1    3.3   -1.1
   184.6    2546.1    3.3   -1.0
   185.1    2546.1    3.3   -1.0
   165.6    2546.6    3.5    0.2
   166.1    2546.6    3.5    0.1
   166.6    2546.6    3.6    0.1
   167.1    2546.6    3.6    0.0
   167.6    2546.6    3.7    0.0
   168.1    2546.6    3.7   -0.1
   168.6    2546.6    3.8   -0.1
   169.1    2546.6    3.8   -0.2
   169.6    2546.6    3.8   -0.2
   170.1    2546.6    3.8   -0.2
   170.6    2546.6    3.8   -0.2
   171.1    2546.6    3.8   -0.2
   171.6    2546.6    3.7   -0.3
   172.1    2546.6    3.7   -0.3
   172.6    2546.6    3.7   -0.3
   173.1    2546.6    3.7   -0.3
   173.6    2546.6    3.7   -0.3
   174.1    2546.6    3.7   -0.4
   174.6    2546.6    3.7   -0.4
   175.1    2546.6    3.7   -0.4
   175.6    2546.6    3.7   -0.5
   176.1    2546.6    3.7   -0.5
   176.6    2546.6    3.7   -0.6
   177.1    2546.6    3.7   -0.6
   177.6    2546.6    3.7   -0.7
   178.1    2546.6    3.6   -0.8
   178.6    2546.6    3.6   -0.8
   179.1    2546.6    3.5   -0.9
   179.6    2546.6    3.5   -1.0
   180.1    2546.6    3.4   -1.1
   180.6    2546.6    3.4   -1.1
   181.1    2546.6    3.4   -1.2
   181.6    2546.6    3.4   -1.2
   182.1    2546.6    3.4   -1.3
   182.6    2546.6    3.4   -1.3
   183.1    2546.6    3.4   -1.2
   183.6    2546.6    3.4   -1.2
   184.1    2546.6    3.4   -1.2
   184.6    2546.6    3.3   -1.1
   185.1    2546.6    3.3   -1.1
   165.6    2547.1    3.5    0.3
   166.1    2547.1    3.6    0.2
   166.6    2547.1    3.6    0.2
   167.1    2547.1    3.6    0.1
   167.6    2547.1    3.7    0.0
   168.1    2547.1    3.7    0.0
   168.6    2547.1    3.8   -0.1
   169.1    2547.1    3.8   -0.1
   169.6    2547.1    3.8   -0.1
   170.1    2547.1    3.8   -0.2
   170.6    2547.1    3.8   -0.2
   171.1    2547.1    3.8   -0.2
   171.6    2547.1    3.8   -0.3
   172.1    2547.1    3.7   -0.3
   172.6    2547.1    3.7   -0.3
   173.1    2547.1    3.7   -0.3
   173.6    2547.1    3.7   -0.4
   174.1    2547.1    3.7   -0.4
   174.6    2547.1    3.7   -0.5
   175.1    2547.1    3.7   -0.5
   175.6    2547.1    3.7   -0.6
   176.1    2547.1    3.7   -0.6
   176.6    2547.1    3.7   -0.7
   177.1    2547.1    3.7   -0.7
   177.6    2547.1    3.6   -0.8
   178.1    2547.1    3.6   -0.8
   178.6    2547.1    3.6   -0.9
   179.1    2547.1    3.5   -1.0
   179.6    2547.1    3.5   -1.1
   180.1    2547.1    3.4   -1.2
   180.6    2547.1    3.4   -1.3
   181.1    2547.1    3.4   -1.3
   181.6    2547.1    3.4   -1.4
   182.1    2547.1    3.4   -1.4
   182.6    2547.1    3.4   -1.4
   183.1    2547.1    3.4   -1.4
   183.6    2547.1    3.4   -1.3
   184.1    2547.1    3.4   -1.3
   184.6    2547.1    3.4   -1.3
   185.1    2547.1    3.3   -1.2
   165.6    2547.6    3.5    0.4
   166.1    2547.6    3.6    0.3
   166.6    2547.6    3.6    0.3
   167.1    2547.6    3.6    0.2
   167.6    2547.6    3.7    0.1
   168.1    2547.6    3.7    0.1
   168.6    2547.6    3.8    0.0
   169.1    2547.6    3.8   -0.1
   169.6    2547.6    3.8   -0.1
   170.1    2547.6    3.8   -0.1
   170.6    2547.6    3.8   -0.2
   171.1    2547.6    3.8   -0.2
   171.6    2547.6    3.8   -0.3
   172.1    2547.6    3.7   -0.3
   172.6    2547.6    3.7   -0.4
   173.1    2547.6    3.7   -0.4
   173.6    2547.6    3.7   -0.5
   174.1    2547.6    3.7   -0.5
   174.6    2547.6    3.7   -0.5
   175.1    2547.6    3.7   -0.6
   175.6    2547.6    3.7   -0.6
   176.1    2547.6    3.7   -0.7
   176.6    2547.6    3.6   -0.7
   177.1    2547.6    3.6   -0.8
   177.6    2547.6    3.6   -0.9
   178.1    2547.6    3.6   -1.0
   178.6    2547.6    3.5   -1.0
   179.1    2547.6    3.5   -1.1
   179.6    2547.6    3.5   -1.2
   180.1    2547.6    3.4   -1.3
   180.6    2547.6    3.4   -1.4
   181.1    2547.6    3.4   -1.5
   181.6    2547.6    3.4   -1.5
   182.1    2547.6    3.4   -1.5
   182.6    2547.6    3.5   -1.5
   183.1    2547.6    3.5   -1.4
   183.6    2547.6    3.4   -1.4
   184.1    2547.6    3.4   -1.4
   184.6    2547.6    3.4   -1.3
   185.1    2547.6    3.4   -1.3
   165.6    2548.1    3.5    0.5
   166.1    2548.1    3.6    0.4
   166.6    2548.1    3.6    0.4
   167.1    2548.1    3.7    0.3
   167.6    2548.1    3.7    0.2
   168.1    2548.1    3.7    0.1
   168.6    2548.1    3.8    0.0
   169.1    2548.1    3.8    0.0
   169.6    2548.1    3.8   -0.1
   170.1    2548.1    3.8   -0.1
   170.6    2548.1    3.8   -0.2
   171.1    2548.1    3.8   -0.2
   171.6    2548.1    3.8   -0.3
   172.1    2548.1    3.7   -0.4
   172.6    2548.1    3.7   -0.4
   173.1    2548.1    3.7   -0.5
   173.6    2548.1    3.7   -0.5
   174.1    2548.1    3.7   -0.6
   174.6    2548.1    3.7   -0.6
   175.1    2548.1    3.7   -0.7
   175.6    2548.1    3.7   -0.7
   176.1    2548.1    3.6   -0.8
   176.6    2548.1    3.6   -0.9
   177.1    2548.1    3.6   -0.9
   177.6    2548.1    3.6   -1.0
   178.1    2548.1    3.6   -1.1
   178.6    2548.1    3.5   -1.2
   179.1    2548.1    3.5   -1.2
   179.6    2548.1    3.5   -1.3
   180.1    2548.1    3.4   -1.4
   180.6    2548.1    3.4   -1.5
   181.1    2548.1    3.4   -1.5
   181.6    2548.1    3.5   -1.5
   182.1    2548.1    3.5   -1.5
   182.6    2548.1    3.5   -1.5
   183.1    2548.1    3.5   -1.4
   183.6    2548.1    3.5   -1.4
   184.1    2548.1    3.4   -1.4
   184.6    2548.1    3.4   -1.3
   185.1    2548.1    3.4   -1.3
   165.6    2548.6    3.5    0.5
   166.1    2548.6    3.5    0.5
   166.6    2548.6    3.6    0.4
   167.1    2548.6    3.6    0.3
   167.6    2548.6    3.7    0.3
   168.1    2548.6    3.7    0.2
   168.6    2548.6    3.8    0.1
   169.1    2548.6    3.8    0.0
   169.6    2548.6    3.8   -0.1
   170.1    2548.6    3.8   -0.1
   170.6    2548.6    3.8   -0.2
   171.1    2548.6    3.8   -0.3
   171.6    2548.6    3.8   -0.4
   172.1    2548.6    3.7   -0.5
   172.6    2548.6    3.7   -0.5
   173.1    2548.6    3.7   -0.6
   173.6    2548.6    3.7   -0.6
   174.1    2548.6    3.7   -0.7
   174.6    2548.6    3.7   -0.7
   175.1    2548.6    3.6   -0.8
   175.6    2548.6    3.6   -0.8
   176.1    2548.6    3.6   -0.9
   176.6    2548.6    3.6   -1.0
   177.1    2548.6    3.6   -1.1
   177.6    2548.6    3.6   -1.1
   178.1    2548.6    3.5   -1.2
   178.6    2548.6    3.5   -1.2
   179.1    2548.6    3.5   -1.3
   179.6    2548.6    3.5   -1.4
   180.1    2548.6    3.5   -1.4
   180.6    2548.6    3.5   -1.5
   181.1    2548.6    3.5   -1.5
   181.6    2548.6    3.5   -1.5
   182.1    2548.6    3.5   -1.5
   182.6    2548.6    3.5   -1.5
   183.1    2548.6    3.5   -1.4
   183.6    2548.6    3.5   -1.4
   184.1    2548.6    3.4   -1.3
   184.6    2548.6    3.4   -1.3
   185.1    2548.6    3.4   -1.3
   165.6    2549.1    3.5    0.5
   166.1    2549.1    3.5    0.5
   166.6    2549.1    3.6    0.4
   167.1    2549.1    3.6    0.3
   167.6    2549.1    3.7    0.3
   168.1    2549.1    3.7    0.2
   168.6    2549.1    3.7    0.1
   169.1    2549.1    3.8    0.0
   169.6    2549.1    3.8   -0.1
   170.1    2549.1    3.8   -0.2
   170.6    2549.1    3.8   -0.3
   171.1    2549.1    3.8   -0.4
   171.6    2549.1    3.8   -0.5
   172.1    2549.1    3.8   -0.5
   172.6    2549.1    3.7   -0.6
   173.1    2549.1    3.7   -0.6
   173.6    2549.1    3.7   -0.7
   174.1    2549.1    3.7   -0.7
   174.6    2549.1    3.7   -0.8
   175.1    2549.1    3.6   -0.8
   175.6    2549.1    3.6   -0.9
   176.1    2549.1    3.6   -1.0
   176.6    2549.1    3.6   -1.1
   177.1    2549.1    3.6   -1.1
   177.6    2549.1    3.6   -1.2
   178.1    2549.1    3.5   -1.3
   178.6    2549.1    3.5   -1.3
   179.1    2549.1    3.5   -1.4
   179.6    2549.1    3.5   -1.4
   180.1    2549.1    3.5   -1.4
   180.6    2549.1    3.5   -1.5
   181.1    2549.1    3.5   -1.5
   181.6    2549.1    3.5   -1.5
   182.1    2549.1    3.5   -1.5
   182.6    2549.1    3.5   -1.4
   183.1    2549.1    3.5   -1.4
   183.6    2549.1    3.5   -1.4
   184.1    2549.1    3.4   -1.3
   184.6    2549.1    3.4   -1.3
   185.1    2549.1    3.3   -1.2
   165.6    2549.6    3.5    0.5
   166.1    2549.6    3.5    0.4
   166.6    2549.6    3.6    0.4
   167.1    2549.6    3.6    0.3
   167.6    2549.6    3.7    0.2
   168.1    2549.6    3.7    0.1
   168.6    2549.6    3.7    0.0
   169.1    2549.6    3.8   -0.1
   169.6    2549.6    3.8   -0.2
   170.1    2549.6    3.8   -0.3
   170.6    2549.6    3.8   -0.4
   171.1    2549.6    3.8   -0.5
   171.6    2549.6    3.8   -0.5
   172.1    2549.6    3.8   -0.6
   172.6    2549.6    3.8   -0.6
   173.1    2549.6    3.7   -0.7
   173.6    2549.6    3.7   -0.7
   174.1    2549.6    3.7   -0.8
   174.6    2549.6    3.7   -0.8
   175.1    2549.6    3.7   -0.9
   175.6    2549.6    3.6   -1.0
   176.1    2549.6    3.6   -1.1
   176.6    2549.6    3.6   -1.1
   177.1    2549.6    3.6   -1.2
   177.6    2549.6    3.6   -1.2
   178.1    2549.6    3.6   -1.3
   178.6    2549.6    3.5   -1.3
   179.1    2549.6    3.5   -1.4
   179.6    2549.6    3.5   -1.4
   180.1    2549.6    3.5   -1.4
   180.6    2549.6    3.5   -1.4
   181.1    2549.6    3.6   -1.4
   181.6    2549.6    3.6   -1.4
   182.1    2549.6    3.6   -1.4
   182.6    2549.6    3.5   -1.4
   183.1    2549.6    3.5   -1.3
   183.6    2549.6    3.5   -1.3
   184.1    2549.6    3.4   -1.3
   184.6    2549.6    3.4   -1.2
   185.1    2549.6    3.3   -1.2
   165.6    2550.1    3.5    0.4
   166.1    2550.1    3.5    0.4
   166.6    2550.1    3.5    0.3
   167.1    2550.1    3.6    0.2
   167.6    2550.1    3.6    0.1
   168.1    2550.1    3.7    0.0
   168.6    2550.1    3.7   -0.1
   169.1    2550.1    3.7   -0.2
   169.6    2550.1    3.8   -0.3
   170.1    2550.1    3.8   -0.4
   170.6    2550.1    3.8   -0.5
   171.1    2550.1    3.8   -0.5
   171.6    2550.1    3.8   -0.6
   172.1    2550.1    3.8   -0.6
   172.6    2550.1    3.8   -0.7
   173.1    2550.1    3.7   -0.7
   173.6    2550.1    3.7   -0.8
   174.1    2550.1    3.7   -0.8
   174.6    2550.1    3.7   -0.9
   175.1    2550.1    3.7   -1.0
   175.6    2550.1    3.6   -1.0
   176.1    2550.1    3.6   -1.1
   176.6    2550.1    3.6   -1.1
   177.1    2550.1    3.6   -1.2
   177.6    2550.1    3.6   -1.2
   178.1    2550.1    3.6   -1.3
   178.6    2550.1    3.6   -1.3
   179.1    2550.1    3.6   -1.3
   179.6    2550.1    3.6   -1.3
   180.1    2550.1    3.6   -1.4
   180.6    2550.1    3.6   -1.4
   181.1    2550.1    3.6   -1.3
   181.6    2550.1    3.6   -1.3
   182.1    2550.1    3.6   -1.3
   182.6    2550.1    3.6   -1.2
   183.1    2550.1    3.5   -1.2
   183.6    2550.1    3.5   -1.2
   184.1    2550.1    3.4   -1.2
   184.6    2550.1    3.3   -1.2
   185.1    2550.1    3.3   -1.2
   165.6    2550.6    3.5    0.4
   166.1    2550.6    3.5    0.3
   166.6    2550.6    3.5    0.2
   167.1    2550.6    3.6    0.2
   167.6    2550.6    3.6    0.0
   168.1    2550.6    3.7   -0.1
   168.6    2550.6    3.7   -0.2
   169.1    2550.6    3.7   -0.3
   169.6    2550.6    3.8   -0.4
   170.1    2550.6    3.8   -0.5
   170.6    2550.6    3.8   -0.5
   171.1    2550.6    3.8   -0.6
   171.6    2550.6    3.8   -0.6
   172.1    2550.6    3.8   -0.7
   172.6    2550.6    3.8   -0.7
   173.1    2550.6    3.8   -0.8
   173.6    2550.6    3.7   -0.8
   174.1    2550.6    3.7   -0.9
   174.6    2550.6    3.7   -0.9
   175.1    2550.6    3.7   -1.0
   175.6    2550.6    3.6   -1.0
   176.1    2550.6    3.6   -1.1
   176.6    2550.6    3.6   -1.1
   177.1    2550.6    3.6   -1.2
   177.6    2550.6    3.6   -1.2
   178.1    2550.6    3.6   -1.2
   178.6    2550.6    3.6   -1.3
   179.1    2550.6    3.6   -1.3
   179.6    2550.6    3.6   -1.3
   180.1    2550.6    3.6   -1.3
   180.6    2550.6    3.6   -1.3
   181.1    2550.6    3.6   -1.2
   181.6    2550.6    3.6   -1.2
   182.1    2550.6    3.6   -1.2
   182.6    2550.6    3.6   -1.2
   183.1    2550.6    3.5   -1.2
   183.6    2550.6    3.5   -1.2
   184.1    2550.6    3.4   -1.2
   184.6    2550.6    3.3   -1.2
   185.1    2550.6    3.3   -1.2
   165.6    2551.1    3.5    0.3
   166.1    2551.1    3.5    0.3
   166.6    2551.1    3.5    0.2
   167.1    2551.1    3.6    0.1
   167.6    2551.1    3.6   -0.1
   168.1    2551.1    3.6   -0.2
   168.6    2551.1    3.7   -0.3
   169.1    2551.1    3.7   -0.4
   169.6    2551.1    3.8   -0.5
   170.1    2551.1    3.8   -0.5
   170.6    2551.1    3.8   -0.6
   171.1    2551.1    3.8   -0.6
   171.6    2551.1    3.8   -0.7
   172.1    2551.1    3.8   -0.7
   172.6    2551.1    3.8   -0.7
   173.1    2551.1    3.8   -0.8
   173.6    2551.1    3.8   -0.8
   174.1    2551.1    3.7   -0.9
   174.6    2551.1    3.7   -0.9
   175.1    2551.1    3.7   -1.0
   175.6    2551.1    3.6   -1.0
   176.1    2551.1    3.6   -1.1
   176.6    2551.1    3.6   -1.1
   177.1    2551.1    3.6   -1.1
   177.6    2551.1    3.6   -1.2
   178.1    2551.1    3.6   -1.2
   178.6    2551.1    3.6   -1.2
   179.1    2551.1    3.6   -1.2
   179.6    2551.1    3.6   -1.2
   180.1    2551.1    3.6   -1.2
   180.6    2551.1    3.6   -1.2
   181.1    2551.1    3.6   -1.2
   181.6    2551.1    3.6   -1.1
   182.1    2551.1    3.6   -1.1
   182.6    2551.1    3.6   -1.1
   183.1    2551.1    3.5   -1.1
   183.6    2551.1    3.5   -1.1
   184.1    2551.1    3.4   -1.1
   184.6    2551.1    3.3   -1.2
   185.1    2551.1    3.3   -1.2
   165.6    2551.6    3.5    0.3
   166.1    2551.6    3.5    0.2
   166.6    2551.6    3.6    0.1
   167.1    2551.6    3.6    0.0
   167.6    2551.6    3.6   -0.1
   168.1    2551.6    3.6   -0.3
   168.6    2551.6    3.7   -0.4
   169.1    2551.6    3.7   -0.5
   169.6    2551.6    3.8   -0.5
   170.1    2551.6    3.8   -0.6
   170.6    2551.6    3.8   -0.6
   171.1    2551.6    3.8   -0.7
   171.6    2551.6    3.8   -0.7
   172.1    2551.6    3.8   -0.7
   172.6    2551.6    3.8   -0.8
   173.1    2551.6    3.8   -0.8
   173.6    2551.6    3.8   -0.8
   174.1    2551.6    3.7   -0.9
   174.6    2551.6    3.7   -0.9
   175.1    2551.6    3.7   -1.0
   175.6    2551.6    3.6   -1.0
   176.1    2551.6    3.6   -1.0
   176.6    2551.6    3.6   -1.1
   177.1    2551.6    3.6   -1.1
   177.6    2551.6    3.6   -1.1
   178.1    2551.6    3.6   -1.1
   178.6    2551.6    3.6   -1.1
   179.1    2551.6    3.6   -1.1
   179.6    2551.6    3.6   -1.1
   180.1    2551.6    3.6   -1.1
   180.6    2551.6    3.6   -1.1
   181.1    2551.6    3.6   -1.1
   181.6    2551.6    3.6   -1.1
   182.1    2551.6    3.6   -1.1
   182.6    2551.6    3.6   -1.0
   183.1    2551.6    3.5   -1.0
   183.6    2551.6    3.5   -1.1
   184.1    2551.6    3.4   -1.1
   184.6    2551.6    3.3   -1.2
   185.1    2551.6    3.3   -1.2
   165.6    2552.1    3.5    0.3
   166.1    2552.1    3.5    0.2
   166.6    2552.1    3.5    0.1
   167.1    2552.1    3.6    0.0
   167.6    2552.1    3.6   -0.2
   168.1    2552.1    3.6   -0.3
   168.6    2552.1    3.7   -0.4
   169.1    2552.1    3.7   -0.5
   169.6    2552.1    3.8   -0.5
   170.1    2552.1    3.8   -0.6
   170.6    2552.1    3.8   -0.6
   171.1    2552.1    3.8   -0.7
   171.6    2552.1    3.8   -0.7
   172.1    2552.1    3.8   -0.7
   172.6    2552.1    3.8   -0.8
   173.1    2552.1    3.8   -0.8
   173.6    2552.1    3.8   -0.8
   174.1    2552.1    3.7   -0.8
   174.6    2552.1    3.7   -0.9
   175.1    2552.1    3.6   -0.9
   175.6    2552.1    3.6   -0.9
   176.1    2552.1    3.5   -1.0
   176.6    2552.1    3.5   -1.0
   177.1    2552.1    3.5   -1.0
   177.6    2552.1    3.5   -1.1
   178.1    2552.1    3.5   -1.1
   178.6    2552.1    3.6   -1.1
   179.1    2552.1    3.6   -1.1
   179.6    2552.1    3.6   -1.1
   180.1    2552.1    3.6   -1.1
   180.6    2552.1    3.6   -1.1
   181.1    2552.1    3.6   -1.1
   181.6    2552.1    3.6   -1.0
   182.1    2552.1    3.6   -1.0
   182.6    2552.1    3.6   -1.0
   183.1    2552.1    3.5   -1.0
   183.6    2552.1    3.5   -1.0
   184.1    2552.1    3.4   -1.1
   184.6    2552.1    3.4   -1.1
   185.1    2552.1    3.3   -1.2
   165.6    2552.6    3.5    0.3
   166.1    2552.6    3.5    0.2
   166.6    2552.6    3.5    0.1
   167.1    2552.6    3.5    0.0
   167.6    2552.6    3.6   -0.2
   168.1    2552.6    3.6   -0.3
   168.6    2552.6    3.7   -0.4
   169.1    2552.6    3.7   -0.5
   169.6    2552.6    3.8   -0.5
   170.1    2552.6    3.8   -0.6
   170.6    2552.6    3.8   -0.6
   171.1    2552.6    3.8   -0.7
   171.6    2552.6    3.8   -0.7
   172.1    2552.6    3.9   -0.7
   172.6    2552.6    3.8   -0.7
   173.1    2552.6    3.8   -0.7
   173.6    2552.6    3.8   -0.8
   174.1    2552.6    3.8   -0.8
   174.6    2552.6    3.7   -0.8
   175.1    2552.6    3.6   -0.9
   175.6    2552.6    3.6   -0.9
   176.1    2552.6    3.5   -0.9
   176.6    2552.6    3.4   -1.0
   177.1    2552.6    3.4   -1.0
   177.6    2552.6    3.5   -1.0
   178.1    2552.6    3.5   -1.1
   178.6    2552.6    3.5   -1.1
   179.1    2552.6    3.6   -1.1
   179.6    2552.6    3.6   -1.1
   180.1    2552.6    3.6   -1.1
   180.6    2552.6    3.6   -1.1
   181.1    2552.6    3.6   -1.0
   181.6    2552.6    3.6   -1.0
   182.1    2552.6    3.6   -1.0
   182.6    2552.6    3.6   -1.0
   183.1    2552.6    3.5   -1.0
   183.6    2552.6    3.5   -1.0
   184.1    2552.6    3.5   -1.1
   184.6    2552.6    3.4   -1.1
   185.1    2552.6    3.3   -1.1
   165.6    2553.1    3.5    0.3
   166.1    2553.1    3.5    0.2
   166.6    2553.1    3.5    0.1
   167.1    2553.1    3.5    0.0
   167.6    2553.1    3.6   -0.1
   168.1    2553.1    3.6   -0.2
   168.6    2553.1    3.7   -0.3
   169.1    2553.1    3.7   -0.4
   169.6    2553.1    3.7   -0.5
   170.1    2553.1    3.8   -0.5
   170.6    2553.1    3.8   -0.6
   171.1    2553.1    3.8   -0.6
   171.6    2553.1    3.9   -0.7
   172.1    2553.1    3.9   -0.7
   172.6    2553.1    3.9   -0.7
   173.1    2553.1    3.9   -0.7
   173.6    2553.1    3.8   -0.7
   174.1    2553.1    3.8   -0.7
   174.6    2553.1    3.7   -0.8
   175.1    2553.1    3.6   -0.8
   175.6    2553.1    3.5   -0.9
   176.1    2553.1    3.4   -0.9
   176.6    2553.1    3.3   -0.9
   177.1    2553.1    3.3   -1.0
   177.6    2553.1    3.4   -1.0
   178.1    2553.1    3.4   -1.1
   178.6    2553.1    3.5   -1.1
   179.1    2553.1    3.5   -1.1
   179.6    2553.1    3.6   -1.1
   180.1    2553.1    3.6   -1.1
   180.6    2553.1    3.6   -1.1
   181.1    2553.1    3.6   -1.1
   181.6    2553.1    3.6   -1.0
   182.1    2553.1    3.6   -1.0
   182.6    2553.1    3.6   -1.0
   183.1    2553.1    3.5   -1.0
   183.6    2553.1    3.5   -1.0
   184.1    2553.1    3.5   -1.0
   184.6    2553.1    3.4   -1.1
   185.1    2553.1    3.3   -1.1
   165.6    2553.6    3.4    0.3
   166.1    2553.6    3.4    0.2
   166.6    2553.6    3.5    0.1
   167.1    2553.6    3.5    0.0
   167.6    2553.6    3.5   -0.1
   168.1    2553.6    3.6   -0.2
   168.6    2553.6    3.6   -0.3
   169.1    2553.6    3.7   -0.4
   169.6    2553.6    3.7   -0.4
   170.1    2553.6    3.8   -0.5
   170.6    2553.6    3.8   -0.6
   171.1    2553.6    3.8   -0.6
   171.6    2553.6    3.9   -0.6
   172.1    2553.6    3.9   -0.6
   172.6    2553.6    3.9   -0.6
   173.1    2553.6    3.9   -0.6
   173.6    2553.6    3.9   -0.6
   174.1    2553.6    3.9   -0.6
   174.6    2553.6    3.8   -0.7
   175.1    2553.6    3.7   -0.7
   175.6    2553.6    3.5   -0.8
   176.1    2553.6    3.3   -0.9
   176.6    2553.6    3.2   -0.9
   177.1    2553.6    3.2   -1.0
   177.6    2553.6    3.3   -1.0
   178.1    2553.6    3.4   -1.1
   178.6    2553.6    3.5   -1.1
   179.1    2553.6    3.5   -1.2
   179.6    2553.6    3.6   -1.2
   180.1    2553.6    3.6   -1.1
   180.6    2553.6    3.6   -1.1
   181.1    2553.6    3.6   -1.1
   181.6    2553.6    3.6   -1.1
   182.1    2553.6    3.6   -1.0
   182.6    2553.6    3.6   -1.0
   183.1    2553.6    3.5   -1.0
   183.6    2553.6    3.5   -1.0
   184.1    2553.6    3.5   -1.0
   184.6    2553.6    3.4   -1.0
   185.1    2553.6    3.4   -1.1
   165.6    2554.1    3.4    0.3
   166.1    2554.1    3.4    0.2
   166.6    2554.1    3.4    0.1
   167.1    2554.1    3.5    0.1
   167.6    2554.1    3.5    0.0
   168.1    2554.1    3.6   -0.1
   168.6    2554.1    3.6   -0.2
   169.1    2554.1    3.7   -0.3
   169.6    2554.1    3.7   -0.4
   170.1    2554.1    3.8   -0.5
   170.6    2554.1    3.8   -0.5
   171.1    2554.1    3.8   -0.6
   171.6    2554.1    3.9   -0.6
   172.1    2554.1    3.9   -0.6
   172.6    2554.1    3.9   -0.6
   173.1    2554.1    4.0   -0.6
   173.6    2554.1    4.0   -0.5
   174.1    2554.1    4.0   -0.5
   174.6    2554.1    3.9   -0.5
   175.1    2554.1    3.7   -0.6
   175.6    2554.1    3.5   -0.7
   176.1    2554.1    3.3   -0.8
   176.6    2554.1    3.1   -0.9
   177.1    2554.1    3.2   -1.0
   177.6    2554.1    3.3   -1.1
   178.1    2554.1    3.4   -1.2
   178.6    2554.1    3.5   -1.2
   179.1    2554.1    3.6   -1.2
   179.6    2554.1    3.6   -1.2
   180.1    2554.1    3.6   -1.2
   180.6    2554.1    3.6   -1.2
   181.1    2554.1    3.6   -1.1
   181.6    2554.1    3.6   -1.1
   182.1    2554.1    3.6   -1.1
   182.6    2554.1    3.6   -1.0
   183.1    2554.1    3.5   -1.0
   183.6    2554.1    3.5   -1.0
   184.1    2554.1    3.5   -1.0
   184.6    2554.1    3.4   -1.0
   185.1    2554.1    3.4   -1.0
   165.6    2554.6    3.4    0.3
   166.1    2554.6    3.4    0.2
   166.6    2554.6    3.4    0.2
   167.1    2554.6    3.5    0.1
   167.6    2554.6    3.5    0.0
   168.1    2554.6    3.6   -0.1
   168.6    2554.6    3.6   -0.2
   169.1    2554.6    3.7   -0.3
   169.6    2554.6    3.7   -0.3
   170.1    2554.6    3.8   -0.4
   170.6    2554.6    3.8   -0.5
   171.1    2554.6    3.8   -0.5
   171.6    2554.6    3.9   -0.5
   172.1    2554.6    3.9   -0.5
   172.6    2554.6    4.0   -0.5
   173.1    2554.6    4.0   -0.5
   173.6    2554.6    4.1   -0.4
   174.1    2554.6    4.1   -0.3
   174.6    2554.6    4.1   -0.3
   175.1    2554.6    4.0   -0.4
   175.6    2554.6    3.7   -0.6
   176.1    2554.6    3.4   -0.8
   176.6    2554.6    3.2   -0.9
   177.1    2554.6    3.2   -1.1
   177.6    2554.6    3.4   -1.2
   178.1    2554.6    3.5   -1.3
   178.6    2554.6    3.6   -1.3
   179.1    2554.6    3.6   -1.3
   179.6    2554.6    3.6   -1.3
   180.1    2554.6    3.6   -1.3
   180.6    2554.6    3.6   -1.2
   181.1    2554.6    3.6   -1.2
   181.6    2554.6    3.6   -1.1
   182.1    2554.6    3.6   -1.1
   182.6    2554.6    3.6   -1.1
   183.1    2554.6    3.5   -1.0
   183.6    2554.6    3.5   -1.0
   184.1    2554.6    3.5   -1.0
   184.6    2554.6    3.4   -1.0
   185.1    2554.6    3.3   -1.0
   165.6    2555.1    3.4    0.2
   166.1    2555.1    3.4    0.2
   166.6    2555.1    3.4    0.1
   167.1    2555.1    3.5    0.1
   167.6    2555.1    3.5    0.0
   168.1    2555.1    3.5   -0.1
   168.6    2555.1    3.6   -0.2
   169.1    2555.1    3.6   -0.2
   169.6    2555.1    3.7   -0.3
   170.1    2555.1    3.7   -0.4
   170.6    2555.1    3.8   -0.4
   171.1    2555.1    3.8   -0.5
   171.6    2555.1    3.9   -0.5
   172.1    2555.1    3.9   -0.5
   172.6    2555.1    4.0   -0.5
   173.1    2555.1    4.1   -0.4
   173.6    2555.1    4.2   -0.3
   174.1    2555.1    4.4   -0.1
   174.6    2555.1    4.4    0.0
   175.1    2555.1    4.3   -0.1
   175.6    2555.1    4.0   -0.4
   176.1    2555.1    3.7   -0.7
   176.6    2555.1    3.5   -1.0
   177.1    2555.1    3.5   -1.3
   177.6    2555.1    3.5   -1.5
   178.1    2555.1    3.6   -1.6
   178.6    2555.1    3.6   -1.5
   179.1    2555.1    3.7   -1.5
   179.6    2555.1    3.7   -1.4
   180.1    2555.1    3.7   -1.3
   180.6    2555.1    3.7   -1.3
   181.1    2555.1    3.6   -1.2
   181.6    2555.1    3.6   -1.2
   182.1    2555.1    3.6   -1.1
   182.6    2555.1    3.6   -1.1
   183.1    2555.1    3.5   -1.0
   183.6    2555.1    3.5   -1.0
   184.1    2555.1    3.5   -1.0
   184.6    2555.1    3.4   -1.0
   185.1    2555.1    3.3   -1.0
   165.6    2555.6    3.4    0.2
   166.1    2555.6    3.4    0.2
   166.6    2555.6    3.4    0.1
   167.1    2555.6    3.5    0.1
   167.6    2555.6    3.5    0.0
   168.1    2555.6    3.5   -0.1
   168.6    2555.6    3.6   -0.2
   169.1    2555.6    3.6   -0.2
   169.6    2555.6    3.7   -0.3
   170.1    2555.6    3.7   -0.4
   170.6    2555.6    3.8   -0.4
   171.1    2555.6    3.8   -0.5
   171.6    2555.6    3.9   -0.5
   172.1    2555.6    3.9   -0.5
   172.6    2555.6    4.0   -0.4
   173.1    2555.6    4.2   -0.3
   173.6    2555.6    4.3   -0.1
   174.1    2555.6    4.6    0.1
   174.6    2555.6    4.8    0.3
   175.1    2555.6    4.8    0.3
   175.6    2555.6    4.5   -0.1
   176.1    2555.6    4.1   -0.7
   176.6    2555.6    3.8   -1.3
   177.1    2555.6    3.7   -1.7
   177.6    2555.6    3.7   -1.9
   178.1    2555.6    3.7   -1.9
   178.6    2555.6    3.7   -1.8
   179.1    2555.6    3.7   -1.6
   179.6    2555.6    3.7   -1.5
   180.1    2555.6    3.7   -1.4
   180.6    2555.6    3.7   -1.3
   181.1    2555.6    3.7   -1.3
   181.6    2555.6    3.6   -1.2
   182.1    2555.6    3.6   -1.1
   182.6    2555.6    3.6   -1.1
   183.1    2555.6    3.6   -1.1
   183.6    2555.6    3.5   -1.0
   184.1    2555.6    3.4   -1.0
   184.6    2555.6    3.4   -1.0
   185.1    2555.6    3.3   -1.0
   165.6    2556.1    3.4    0.1
   166.1    2556.1    3.4    0.1
   166.6    2556.1    3.4    0.1
   167.1    2556.1    3.5    0.0
   167.6    2556.1    3.5   -0.1
   168.1    2556.1    3.5   -0.1
   168.6    2556.1    3.6   -0.2
   169.1    2556.1    3.6   -0.2
   169.6    2556.1    3.6   -0.3
   170.1    2556.1    3.7   -0.4
   170.6    2556.1    3.7   -0.4
   171.1    2556.1    3.8   -0.5
   171.6    2556.1    3.8   -0.5
   172.1    2556.1    3.9   -0.5
   172.6    2556.1    4.0   -0.5
   173.1    2556.1    4.1   -0.3
   173.6    2556.1    4.3   -0.1
   174.1    2556.1    4.6    0.2
   174.6    2556.1    4.9    0.5
   175.1    2556.1    5.0    0.5
   175.6    2556.1    4.7    0.1
   176.1    2556.1    4.3   -0.7
   176.6    2556.1    4.0   -1.5
   177.1    2556.1    3.9   -2.1
   177.6    2556.1    3.9   -2.3
   178.1    2556.1    3.8   -2.1
   178.6    2556.1    3.8   -1.9
   179.1    2556.1    3.8   -1.7
   179.6    2556.1    3.7   -1.6
   180.1    2556.1    3.7   -1.5
   180.6    2556.1    3.7   -1.4
   181.1    2556.1    3.7   -1.3
   181.6    2556.1    3.7   -1.2
   182.1    2556.1    3.6   -1.2
   182.6    2556.1    3.6   -1.1
   183.1    2556.1    3.6   -1.1
   183.6    2556.1    3.5   -1.0
   184.1    2556.1    3.4   -1.0
   184.6    2556.1    3.4   -1.0
   185.1    2556.1    3.3   -1.0
   165.6    2556.6    3.4    0.1
   166.1    2556.6    3.4    0.1
   166.6    2556.6    3.4    0.0
   167.1    2556.6    3.5    0.0
   167.6    2556.6    3.5   -0.1
   168.1    2556.6    3.5   -0.2
   168.6    2556.6    3.6   -0.2
   169.1    2556.6    3.6   -0.3
   169.6    2556.6    3.6   -0.3
   170.1    2556.6    3.7   -0.4
   170.6    2556.6    3.7   -0.5
   171.1    2556.6    3.7   -0.5
   171.6    2556.6    3.8   -0.6
   172.1    2556.6    3.8   -0.6
   172.6    2556.6    3.9   -0.5
   173.1    2556.6    4.0   -0.5
   173.6    2556.6    4.2   -0.3
   174.1    2556.6    4.4   -0.1
   174.6    2556.6    4.6    0.2
   175.1    2556.6    4.7    0.2
   175.6    2556.6    4.5   -0.1
   176.1    2556.6    4.2   -0.9
   176.6    2556.6    4.0   -1.6
   177.1    2556.6    4.0   -2.2
   177.6    2556.6    3.9   -2.3
   178.1    2556.6    3.9   -2.2
   178.6    2556.6    3.8   -2.0
   179.1    2556.6    3.8   -1.8
   179.6    2556.6    3.7   -1.6
   180.1    2556.6    3.7   -1.5
   180.6    2556.6    3.7   -1.4
   181.1    2556.6    3.7   -1.3
   181.6    2556.6    3.7   -1.2
   182.1    2556.6    3.6   -1.2
   182.6    2556.6    3.6   -1.1
   183.1    2556.6    3.5   -1.1
   183.6    2556.6    3.5   -1.1
   184.1    2556.6    3.4   -1.0
   184.6    2556.6    3.4   -1.0
   185.1    2556.6    3.3   -1.1
   165.6    2557.1    3.4    0.0
   166.1    2557.1    3.4    0.0
   166.6    2557.1    3.4    0.0
   167.1    2557.1    3.5   -0.1
   167.6    2557.1    3.5   -0.2
   168.1    2557.1    3.5   -0.2
   168.6    2557.1    3.5   -0.2
   169.1    2557.1    3.6   -0.3
   169.6    2557.1    3.6   -0.4
   170.1    2557.1    3.6   -0.4
   170.6    2557.1    3.6   -0.5
   171.1    2557.1    3.7   -0.6
   171.6    2557.1    3.7   -0.6
   172.1    2557.1    3.7   -0.7
   172.6    2557.1    3.7   -0.7
   173.1    2557.1    3.8   -0.7
   173.6    2557.1    3.8   -0.7
   174.1    2557.1    3.9   -0.6
   174.6    2557.1    3.9   -0.5
   175.1    2557.1    4.0   -0.5
   175.6    2557.1    4.0   -0.7
   176.1    2557.1    3.9   -1.1
   176.6    2557.1    3.9   -1.6
   177.1    2557.1    3.9   -2.0
   177.6    2557.1    3.9   -2.2
   178.1    2557.1    3.9   -2.1
   178.6    2557.1    3.8   -1.9
   179.1    2557.1    3.8   -1.8
   179.6    2557.1    3.7   -1.6
   180.1    2557.1    3.7   -1.5
   180.6    2557.1    3.7   -1.4
   181.1    2557.1    3.7   -1.3
   181.6    2557.1    3.7   -1.2
   182.1    2557.1    3.6   -1.2
   182.6    2557.1    3.6   -1.1
   183.1    2557.1    3.5   -1.1
   183.6    2557.1    3.5   -1.1
   184.1    2557.1    3.4   -1.1
   184.6    2557.1    3.3   -1.1
   185.1    2557.1    3.3   -1.1
   165.6    2557.6    3.4    0.0
   166.1    2557.6    3.4    0.0
   166.6    2557.6    3.4   -0.1
   167.1    2557.6    3.5   -0.1
   167.6    2557.6    3.5   -0.2
   168.1    2557.6    3.5   -0.2
   168.6    2557.6    3.5   -0.3
   169.1    2557.6    3.5   -0.3
   169.6    2557.6    3.6   -0.4
   170.1    2557.6    3.6   -0.5
   170.6    2557.6    3.6   -0.5
   171.1    2557.6    3.6   -0.6
   171.6    2557.6    3.6   -0.7
   172.1    2557.6    3.6   -0.7
   172.6    2557.6    3.6   -0.8
   173.1    2557.6    3.5   -0.9
   173.6    2557.6    3.4   -1.0
   174.1    2557.6    3.3   -1.2
   174.6    2557.6    3.1   -1.3
   175.1    2557.6    3.1   -1.4
   175.6    2557.6    3.3   -1.3
   176.1    2557.6    3.5   -1.4
   176.6    2557.6    3.7   -1.6
   177.1    2557.6    3.8   -1.8
   177.6    2557.6    3.8   -1.9
   178.1    2557.6    3.8   -1.9
   178.6    2557.6    3.8   -1.8
   179.1    2557.6    3.8   -1.7
   179.6    2557.6    3.7   -1.6
   180.1    2557.6    3.7   -1.5
   180.6    2557.6    3.7   -1.4
   181.1    2557.6    3.7   -1.3
   181.6    2557.6    3.6   -1.2
   182.1    2557.6    3.6   -1.2
   182.6    2557.6    3.6   -1.1
   183.1    2557.6    3.5   -1.1
   183.6    2557.6    3.5   -1.1
   184.1    2557.6    3.4   -1.1
   184.6    2557.6    3.3   -1.1
   185.1    2557.6    3.3   -1.1
   165.6    2558.1    3.4    0.0
   166.1    2558.1    3.4   -0.1
   166.6    2558.1    3.5   -0.1
   167.1    2558.1    3.5   -0.1
   167.6    2558.1    3.5   -0.2
   168.1    2558.1    3.5   -0.3
   168.6    2558.1    3.5   -0.3
   169.1    2558.1    3.5   -0.4
   169.6    2558.1    3.5   -0.4
   170.1    2558.1    3.6   -0.5
   170.6    2558.1    3.6   -0.6
   171.1    2558.1    3.6   -0.6
   171.6    2558.1    3.6   -0.7
   172.1    2558.1    3.5   -0.8
   172.6    2558.1    3.5   -0.9
   173.1    2558.1    3.3   -1.1
   173.6    2558.1    3.2   -1.3
   174.1    2558.1    2.9   -1.6
   174.6    2558.1    2.7   -1.8
   175.1    2558.1    2.7   -1.8
   175.6    2558.1    2.9   -1.7
   176.1    2558.1    3.2   -1.6
   176.6    2558.1    3.5   -1.6
   177.1    2558.1    3.6   -1.7
   177.6    2558.1    3.7   -1.7
   178.1    2558.1    3.7   -1.7
   178.6    2558.1    3.7   -1.7
   179.1    2558.1    3.7   -1.6
   179.6    2558.1    3.7   -1.5
   180.1    2558.1    3.7   -1.4
   180.6    2558.1    3.7   -1.3
   181.1    2558.1    3.7   -1.3
   181.6    2558.1    3.6   -1.2
   182.1    2558.1    3.6   -1.2
   182.6    2558.1    3.6   -1.2
   183.1    2558.1    3.5   -1.1
   183.6    2558.1    3.5   -1.1
   184.1    2558.1    3.4   -1.1
   184.6    2558.1    3.3   -1.1
   185.1    2558.1    3.3   -1.2
   165.6    2558.6    3.4   -0.1
   166.1    2558.6    3.4   -0.1
   166.6    2558.6    3.5   -0.1
   167.1    2558.6    3.5   -0.2
   167.6    2558.6    3.5   -0.2
   168.1    2558.6    3.5   -0.3
   168.6    2558.6    3.5   -0.3
   169.1    2558.6    3.5   -0.4
   169.6    2558.6    3.5   -0.4
   170.1    2558.6    3.5   -0.5
   170.6    2558.6    3.5   -0.6
   171.1    2558.6    3.5   -0.7
   171.6    2558.6    3.5   -0.7
   172.1    2558.6    3.5   -0.9
   172.6    2558.6    3.4   -1.0
   173.1    2558.6    3.2   -1.2
   173.6    2558.6    3.1   -1.4
   174.1    2558.6    2.8   -1.6
   174.6    2558.6    2.6   -1.8
   175.1    2558.6    2.6   -1.9
   175.6    2558.6    2.8   -1.8
   176.1    2558.6    3.1   -1.6
   176.6    2558.6    3.3   -1.6
   177.1    2558.6    3.5   -1.6
   177.6    2558.6    3.6   -1.6
   178.1    2558.6    3.7   -1.6
   178.6    2558.6    3.7   -1.5
   179.1    2558.6    3.7   -1.5
   179.6    2558.6    3.7   -1.4
   180.1    2558.6    3.7   -1.4
   180.6    2558.6    3.6   -1.3
   181.1    2558.6    3.6   -1.3
   181.6    2558.6    3.6   -1.2
   182.1    2558.6    3.6   -1.2
   182.6    2558.6    3.6   -1.2
   183.1    2558.6    3.5   -1.1
   183.6    2558.6    3.4   -1.1
   184.1    2558.6    3.4   -1.1
   184.6    2558.6    3.3   -1.2
   185.1    2558.6    3.2   -1.2
   165.6    2559.1    3.4   -0.1
   166.1    2559.1    3.4   -0.1
   166.6    2559.1    3.5   -0.1
   167.1    2559.1    3.5   -0.1
   167.6    2559.1    3.5   -0.2
   168.1    2559.1    3.5   -0.3
   168.6    2559.1    3.5   -0.3
   169.1    2559.1    3.5   -0.4
   169.6    2559.1    3.5   -0.4
   170.1    2559.1    3.5   -0.5
   170.6    2559.1    3.5   -0.6
   171.1    2559.1    3.5   -0.7
   171.6    2559.1    3.5   -0.8
   172.1    2559.1    3.4   -0.9
   172.6    2559.1    3.3   -1.0
   173.1    2559.1    3.2   -1.2
   173.6    2559.1    3.1   -1.4
   174.1    2559.1    2.9   -1.5
   174.6    2559.1    2.8   -1.7
   175.1    2559.1    2.8   -1.7
   175.6    2559.1    2.9   -1.7
   176.1    2559.1    3.1   -1.6
   176.6    2559.1    3.3   -1.5
   177.1    2559.1    3.5   -1.5
   177.6    2559.1    3.6   -1.5
   178.1    2559.1    3.6   -1.5
   178.6    2559.1    3.6   -1.4
   179.1    2559.1    3.6   -1.4
   179.6    2559.1    3.6   -1.4
   180.1    2559.1    3.6   -1.3
   180.6    2559.1    3.6   -1.3
   181.1    2559.1    3.6   -1.2
   181.6    2559.1    3.6   -1.2
   182.1    2559.1    3.6   -1.2
   182.6    2559.1    3.5   -1.2
   183.1    2559.1    3.5   -1.1
   183.6    2559.1    3.4   -1.1
   184.1    2559.1    3.4   -1.1
   184.6    2559.1    3.3   -1.2
   185.1    2559.1    3.2   -1.2
   165.6    2559.6    3.4   -0.1
   166.1    2559.6    3.5   -0.1
   166.6    2559.6    3.5   -0.1
   167.1    2559.6    3.5   -0.1
   167.6    2559.6    3.5   -0.2
   168.1    2559.6    3.5   -0.2
   168.6    2559.6    3.5   -0.3
   169.1    2559.6    3.5   -0.3
   169.6    2559.6    3.5   -0.4
   170.1    2559.6    3.5   -0.5
   170.6    2559.6    3.5   -0.5
   171.1    2559.6    3.5   -0.6
   171.6    2559.6    3.5   -0.7
   172.1    2559.6    3.4   -0.8
   172.6    2559.6    3.3   -1.0
   173.1    2559.6    3.3   -1.1
   173.6    2559.6    3.1   -1.3
   174.1    2559.6    3.0   -1.4
   174.6    2559.6    3.0   -1.5
   175.1    2559.6    3.0   -1.6
   175.6    2559.6    3.0   -1.5
   176.1    2559.6    3.2   -1.5
   176.6    2559.6    3.3   -1.4
   177.1    2559.6    3.4   -1.4
   177.6    2559.6    3.5   -1.4
   178.1    2559.6    3.6   -1.4
   178.6    2559.6    3.6   -1.4
   179.1    2559.6    3.6   -1.3
   179.6    2559.6    3.6   -1.3
   180.1    2559.6    3.6   -1.3
   180.6    2559.6    3.6   -1.2
   181.1    2559.6    3.6   -1.2
   181.6    2559.6    3.6   -1.2
   182.1    2559.6    3.6   -1.2
   182.6    2559.6    3.5   -1.1
   183.1    2559.6    3.5   -1.1
   183.6    2559.6    3.4   -1.1
   184.1    2559.6    3.4   -1.2
   184.6    2559.6    3.3   -1.2
   185.1    2559.6    3.2   -1.2
   165.6    2560.1    3.4   -0.1
   166.1    2560.1    3.5   -0.1
   166.6    2560.1    3.5   -0.1
   167.1    2560.1    3.5   -0.1
   167.6    2560.1    3.5   -0.1
   168.1    2560.1    3.5   -0.2
   168.6    2560.1    3.5   -0.2
   169.1    2560.1    3.5   -0.3
   169.6    2560.1    3.5   -0.4
   170.1    2560.1    3.5   -0.4
   170.6    2560.1    3.5   -0.5
   171.1    2560.1    3.5   -0.6
   171.6    2560.1    3.5   -0.7
   172.1    2560.1    3.4   -0.8
   172.6    2560.1    3.4   -0.9
   173.1    2560.1    3.3   -1.0
   173.6    2560.1    3.2   -1.2
   174.1    2560.1    3.2   -1.3
   174.6    2560.1    3.1   -1.3
   175.1    2560.1    3.1   -1.4
   175.6    2560.1    3.2   -1.4
   176.1    2560.1    3.3   -1.4
   176.6    2560.1    3.4   -1.3
   177.1    2560.1    3.4   -1.3
   177.6    2560.1    3.5   -1.3
   178.1    2560.1    3.6   -1.3
   178.6    2560.1    3.6   -1.3
   179.1    2560.1    3.6   -1.3
   179.6    2560.1    3.6   -1.2
   180.1    2560.1    3.6   -1.2
   180.6    2560.1    3.6   -1.2
   181.1    2560.1    3.6   -1.2
   181.6    2560.1    3.6   -1.2
   182.1    2560.1    3.6   -1.1
   182.6    2560.1    3.5   -1.1
   183.1    2560.1    3.5   -1.1
   183.6    2560.1    3.4   -1.1
   184.1    2560.1    3.3   -1.2
   184.6    2560.1    3.3   -1.2
   185.1    2560.1    3.2   -1.2
   165.6    2560.6    3.4   -0.1
   166.1    2560.6    3.4    0.0
   166.6    2560.6    3.5    0.0
   167.1    2560.6    3.5    0.0
   167.6    2560.6    3.5    0.0
   168.1    2560.6    3.5   -0.1
   168.6    2560.6    3.5   -0.2
   169.1    2560.6    3.5   -0.2
   169.6    2560.6    3.5   -0.3
   170.1    2560.6    3.5   -0.4
   170.6    2560.6    3.5   -0.4
   171.1    2560.6    3.5   -0.5
   171.6    2560.6    3.4   -0.6
   172.1    2560.6    3.4   -0.7
   172.6    2560.6    3.4   -0.8
   173.1    2560.6    3.3   -0.9
   173.6    2560.6    3.3   -1.0
   174.1    2560.6    3.2   -1.1
   174.6    2560.6    3.2   -1.2
   175.1    2560.6    3.2   -1.2
   175.6    2560.6    3.3   -1.3
   176.1    2560.6    3.3   -1.2
   176.6    2560.6    3.4   -1.2
   177.1    2560.6    3.5   -1.2
   177.6    2560.6    3.5   -1.2
   178.1    2560.6    3.6   -1.2
   178.6    2560.6    3.6   -1.2
   179.1    2560.6    3.6   -1.2
   179.6    2560.6    3.6   -1.2
   180.1    2560.6    3.6   -1.2
   180.6    2560.6    3.6   -1.1
   181.1    2560.6    3.6   -1.1
   181.6    2560.6    3.6   -1.1
   182.1    2560.6    3.6   -1.1
   182.6    2560.6    3.5   -1.1
   183.1    2560.6    3.5   -1.1
   183.6    2560.6    3.4   -1.1
   184.1    2560.6    3.3   -1.1
   184.6    2560.6    3.2   -1.2
   185.1    2560.6    3.2   -1.2
   165.6    2561.1    3.4   -0.1
   166.1    2561.1    3.4    0.0
   166.6    2561.1    3.5    0.0
   167.1    2561.1    3.5    0.0
   167.6    2561.1    3.5    0.0
   168.1    2561.1    3.5    0.0
   168.6    2561.1    3.5   -0.1
   169.1    2561.1    3.5   -0.2
   169.6    2561.1    3.5   -0.2
   170.1    2561.1    3.5   -0.3
   170.6    2561.1    3.5   -0.4
   171.1    2561.1    3.5   -0.5
   171.6    2561.1    3.4   -0.6
   172.1    2561.1    3.4   -0.6
   172.6    2561.1    3.4   -0.7
   173.1    2561.1    3.4   -0.8
   173.6    2561.1    3.3   -0.9
   174.1    2561.1    3.3   -1.0
   174.6    2561.1    3.3   -1.1
   175.1    2561.1    3.3   -1.1
   175.6    2561.1    3.3   -1.1
   176.1    2561.1    3.4   -1.1
   176.6    2561.1    3.4   -1.1
   177.1    2561.1    3.5   -1.1
   177.6    2561.1    3.5   -1.1
   178.1    2561.1    3.6   -1.1
   178.6    2561.1    3.6   -1.1
   179.1    2561.1    3.6   -1.1
   179.6    2561.1    3.6   -1.1
   180.1    2561.1    3.6   -1.1
   180.6    2561.1    3.6   -1.1
   181.1    2561.1    3.6   -1.1
   181.6    2561.1    3.6   -1.1
   182.1    2561.1    3.6   -1.1
   182.6    2561.1    3.5   -1.1
   183.1    2561.1    3.5   -1.1
   183.6    2561.1    3.4   -1.1
   184.1    2561.1    3.3   -1.1
   184.6    2561.1    3.2   -1.1
   185.1    2561.1    3.2   -1.1
   165.6    2561.6    3.4    0.0
   166.1    2561.6    3.4    0.0
   166.6    2561.6    3.4    0.0
   167.1    2561.6    3.5    0.0
   167.6    2561.6    3.5    0.0
   168.1    2561.6    3.5    0.0
   168.6    2561.6    3.5    0.0
   169.1    2561.6    3.5   -0.1
   169.6    2561.6    3.5   -0.2
   170.1    2561.6    3.5   -0.2
   170.6    2561.6    3.5   -0.3
   171.1    2561.6    3.4   -0.4
   171.6    2561.6    3.4   -0.5
   172.1    2561.6    3.4   -0.6
   172.6    2561.6    3.4   -0.7
   173.1    2561.6    3.4   -0.7
   173.6    2561.6    3.4   -0.8
   174.1    2561.6    3.4   -0.9
   174.6    2561.6    3.4   -0.9
   175.1    2561.6    3.4   -1.0
   175.6    2561.6    3.4   -1.0
   176.1    2561.6    3.4   -1.0
   176.6    2561.6    3.5   -1.0
   177.1    2561.6    3.5   -1.0
   177.6    2561.6    3.5   -1.0
   178.1    2561.6    3.6   -1.0
   178.6    2561.6    3.6   -1.0
   179.1    2561.6    3.6   -1.0
   179.6    2561.6    3.6   -1.0
   180.1    2561.6    3.6   -1.0
   180.6    2561.6    3.6   -1.0
   181.1    2561.6    3.6   -1.0
   181.6    2561.6    3.6   -1.0
   182.1    2561.6    3.6   -1.0
   182.6    2561.6    3.5   -1.0
   183.1    2561.6    3.5   -1.0
   183.6    2561.6    3.4   -1.0
   184.1    2561.6    3.3   -1.1
   184.6    2561.6    3.2   -1.0
   185.1    2561.6    3.2   -1.0
   165.6    2562.1    3.4    0.0
   166.1    2562.1    3.4    0.0
   166.6    2562.1    3.4    0.0
   167.1    2562.1    3.5    0.0
   167.6    2562.1    3.5    0.0
   168.1    2562.1    3.5    0.0
   168.6    2562.1    3.5    0.0
   169.1    2562.1    3.5    0.0
   169.6    2562.1    3.5   -0.1
   170.1    2562.1    3.5   -0.2
   170.6    2562.1    3.5   -0.3
   171.1    2562.1    3.4   -0.4
   171.6    2562.1    3.4   -0.4
   172.1    2562.1    3.4   -0.5
   172.6    2562.1    3.4   -0.6
   173.1    2562.1    3.4   -0.6
   173.6    2562.1    3.4   -0.7
   174.1    2562.1    3.4   -0.8
   174.6    2562.1    3.4   -0.8
   175.1    2562.1    3.4   -0.8
   175.6    2562.1    3.4   -0.8
   176.1    2562.1    3.5   -0.9
   176.6    2562.1    3.5   -0.9
   177.1    2562.1    3.5   -0.9
   177.6    2562.1    3.5   -0.9
   178.1    2562.1    3.6   -0.9
   178.6    2562.1    3.6   -0.9
   179.1    2562.1    3.6   -0.9
   179.6    2562.1    3.6   -0.9
   180.1    2562.1    3.6   -0.9
   180.6    2562.1    3.6   -0.9
   181.1    2562.1    3.6   -0.9
   181.6    2562.1    3.6   -0.9
   182.1    2562.1    3.6   -0.9
   182.6    2562.1    3.5   -0.9
   183.1    2562.1    3.4   -0.9
   183.6    2562.1    3.4   -1.0
   184.1    2562.1    3.3   -1.0
   184.6    2562.1    3.2   -0.9
   185.1    2562.1    3.2   -0.9
   165.6    2562.6    3.4    0.0
   166.1    2562.6    3.4    0.0
   166.6    2562.6    3.4    0.0
   167.1    2562.6    3.4    0.0
   167.6    2562.6    3.5    0.0
   168.1    2562.6    3.5    0.0
   168.6    2562.6    3.5    0.0
   169.1    2562.6    3.5   -0.1
   169.6    2562.6    3.5   -0.1
   170.1    2562.6    3.5   -0.2
   170.6    2562.6    3.4   -0.3
   171.1    2562.6    3.4   -0.3
   171.6    2562.6    3.4   -0.4
   172.1    2562.6    3.4   -0.4
   172.6    2562.6    3.4   -0.5
   173.1    2562.6    3.4   -0.6
   173.6    2562.6    3.4   -0.6
   174.1    2562.6    3.4   -0.6
   174.6    2562.6    3.4   -0.7
   175.1    2562.6    3.5   -0.7
   175.6    2562.6    3.5   -0.7
   176.1    2562.6    3.5   -0.7
   176.6    2562.6    3.5   -0.7
   177.1    2562.6    3.5   -0.7
   177.6    2562.6    3.5   -0.8
   178.1    2562.6    3.6   -0.8
   178.6    2562.6    3.6   -0.8
   179.1    2562.6    3.6   -0.8
   179.6    2562.6    3.6   -0.8
   180.1    2562.6    3.6   -0.8
   180.6    2562.6    3.6   -0.8
   181.1    2562.6    3.6   -0.8
   181.6    2562.6    3.6   -0.8
   182.1    2562.6    3.6   -0.8
   182.6    2562.6    3.5   -0.8
   183.1    2562.6    3.4   -0.9
   183.6    2562.6    3.3   -0.9
   184.1    2562.6    3.3   -0.8
   184.6    2562.6    3.2   -0.8
   185.1    2562.6    3.2   -0.8
   165.6    2563.1    3.5    0.0
   166.1    2563.1    3.5    0.0
   166.6    2563.1    3.5    0.0
   167.1    2563.1    3.5   -0.1
   167.6    2563.1    3.5   -0.1
   168.1    2563.1    3.5   -0.1
   168.6    2563.1    3.5   -0.1
   169.1    2563.1    3.5   -0.1
   169.6    2563.1    3.5   -0.2
   170.1    2563.1    3.5   -0.2
   170.6    2563.1    3.4   -0.3
   171.1    2563.1    3.4   -0.3
   171.6    2563.1    3.4   -0.4
   172.1    2563.1    3.4   -0.4
   172.6    2563.1    3.4   -0.5
   173.1    2563.1    3.4   -0.5
   173.6    2563.1    3.4   -0.5
   174.1    2563.1    3.4   -0.5
   174.6    2563.1    3.5   -0.6
   175.1    2563.1    3.5   -0.6
   175.6    2563.1    3.5   -0.6
   176.1    2563.1    3.5   -0.6
   176.6    2563.1    3.5   -0.6
   177.1    2563.1    3.5   -0.6
   177.6    2563.1    3.5   -0.6
   178.1    2563.1    3.6   -0.6
   178.6    2563.1    3.6   -0.7
   179.1    2563.1    3.6   -0.7
   179.6    2563.1    3.6   -0.7
   180.1    2563.1    3.6   -0.7
   180.6    2563.1    3.6   -0.7
   181.1    2563.1    3.6   -0.7
   181.6    2563.1    3.6   -0.7
   182.1    2563.1    3.5   -0.7
   182.6    2563.1    3.5   -0.8
   183.1    2563.1    3.4   -0.8
   183.6    2563.1    3.3   -0.7
   184.1    2563.1    3.3   -0.7
   184.6    2563.1    3.2   -0.7
   185.1    2563.1    3.2   -0.7
   165.6    2563.6    3.5    0.0
   166.1    2563.6    3.5    0.0
   166.6    2563.6    3.5   -0.1
   167.1    2563.6    3.5   -0.1
   167.6    2563.6    3.5   -0.1
   168.1    2563.6    3.5   -0.1
   168.6    2563.6    3.5   -0.2
   169.1    2563.6    3.5   -0.2
   169.6    2563.6    3.5   -0.2
   170.1    2563.6    3.5   -0.3
   170.6    2563.6    3.5   -0.3
   171.1    2563.6    3.4   -0.4
   171.6    2563.6    3.4   -0.4
   172.1    2563.6    3.4   -0.4
   172.6    2563.6    3.4   -0.4
   173.1    2563.6    3.4   -0.5
   173.6    2563.6    3.4   -0.5
   174.1    2563.6    3.5   -0.5
   174.6    2563.6    3.5   -0.5
   175.1    2563.6    3.5   -0.5
   175.6    2563.6    3.5   -0.5
   176.1    2563.6    3.5   -0.5
   176.6    2563.6    3.5   -0.5
   177.1    2563.6    3.5   -0.5
   177.6    2563.6    3.5   -0.5
   178.1    2563.6    3.5   -0.5
   178.6    2563.6    3.6   -0.5
   179.1    2563.6    3.6   -0.5
   179.6    2563.6    3.6   -0.6
   180.1    2563.6    3.6   -0.6
   180.6    2563.6    3.6   -0.6
   181.1    2563.6    3.6   -0.6
   181.6    2563.6    3.5   -0.6
   182.1    2563.6    3.5   -0.6
   182.6    2563.6    3.4   -0.6
   183.1    2563.6    3.4   -0.6
   183.6    2563.6    3.3   -0.6
   184.1    2563.6    3.3   -0.6
   184.6    2563.6    3.2   -0.6
   185.1    2563.6    3.2   -0.6
   165.6    2564.1    3.6    0.0
   166.1    2564.1    3.6    0.0
   166.6    2564.1    3.5   -0.1
   167.1    2564.1    3.5   -0.1
   167.6    2564.1    3.5   -0.2
   168.1    2564.1    3.5   -0.2
   168.6    2564.1    3.5   -0.2
   169.1    2564.1    3.5   -0.3
   169.6    2564.1    3.5   -0.3
   170.1    2564.1    3.5   -0.3
   170.6    2564.1    3.5   -0.3
   171.1    2564.1    3.4   -0.4
   171.6    2564.1    3.4   -0.4
   172.1    2564.1    3.4   -0.4
   172.6    2564.1    3.4   -0.4
   173.1    2564.1    3.4   -0.4
   173.6    2564.1    3.4   -0.4
   174.1    2564.1    3.5   -0.4
   174.6    2564.1    3.5   -0.4
   175.1    2564.1    3.5   -0.4
   175.6    2564.1    3.5   -0.4
   176.1    2564.1    3.5   -0.4
   176.6    2564.1    3.5   -0.4
   177.1    2564.1    3.5   -0.4
   177.6    2564.1    3.5   -0.4
   178.1    2564.1    3.5   -0.4
   178.6    2564.1    3.5   -0.4
   179.1    2564.1    3.6   -0.4
   179.6    2564.1    3.6   -0.5
   180.1    2564.1    3.6   -0.5
   180.6    2564.1    3.6   -0.5
   181.1    2564.1    3.6   -0.5
   181.6    2564.1    3.5   -0.5
   182.1    2564.1    3.5   -0.5
   182.6    2564.1    3.4   -0.5
   183.1    2564.1    3.4   -0.5
   183.6    2564.1    3.3   -0.5
   184.1    2564.1    3.3   -0.5
   184.6    2564.1    3.2   -0.5
   185.1    2564.1    3.2   -0.4
   165.6    2564.6    3.6    0.0
   166.1    2564.6    3.6    0.0
   166.6    2564.6    3.6   -0.1
   167.1    2564.6    3.6   -0.1
   167.6    2564.6    3.6   -0.2
   168.1    2564.6    3.5   -0.3
   168.6    2564.6    3.5   -0.3
   169.1    2564.6    3.5   -0.3
   169.6    2564.6    3.5   -0.3
   170.1    2564.6    3.5   -0.4
   170.6    2564.6    3.5   -0.4
   171.1    2564.6    3.4   -0.4
   171.6    2564.6    3.4   -0.4
   172.1    2564.6    3.4   -0.4
   172.6    2564.6    3.4   -0.4
   173.1    2564.6    3.4   -0.4
   173.6    2564.6    3.4   -0.4
   174.1    2564.6    3.4   -0.4
   174.6    2564.6    3.5   -0.4
   175.1    2564.6    3.5   -0.4
   175.6    2564.6    3.5   -0.4
   176.1    2564.6    3.5   -0.4
   176.6    2564.6    3.5   -0.4
   177.1    2564.6    3.5   -0.4
   177.6    2564.6    3.5   -0.4
   178.1    2564.6    3.5   -0.4
   178.6    2564.6    3.5   -0.4
   179.1    2564.6    3.6   -0.4
   179.6    2564.6    3.6   -0.4
   180.1    2564.6    3.6   -0.4
   180.6    2564.6    3.6   -0.4
   181.1    2564.6    3.5   -0.4
   181.6    2564.6    3.5   -0.4
   182.1    2564.6    3.4   -0.4
   182.6    2564.6    3.4   -0.4
   183.1    2564.6    3.4   -0.4
   183.6    2564.6    3.3   -0.4
   184.1    2564.6    3.3   -0.3
   184.6    2564.6    3.2   -0.3
   185.1    2564.6    3.2   -0.3
   165.6    2565.1    3.6    0.1
   166.1    2565.1    3.6    0.0
   166.6    2565.1    3.6    0.0
   167.1    2565.1    3.6   -0.1
   167.6    2565.1    3.6   -0.2
   168.1    2565.1    3.6   -0.3
   168.6    2565.1    3.5   -0.3
   169.1    2565.1    3.5   -0.4
   169.6    2565.1    3.5   -0.4
   170.1    2565.1    3.5   -0.4
   170.6    2565.1    3.5   -0.4
   171.1    2565.1    3.4   -0.4
   171.6    2565.1    3.4   -0.4
   172.1    2565.1    3.4   -0.4
   172.6    2565.1    3.4   -0.4
   173.1    2565.1    3.4   -0.5
   173.6    2565.1    3.4   -0.5
   174.1    2565.1    3.4   -0.5
   174.6    2565.1    3.4   -0.4
   175.1    2565.1    3.4   -0.4
   175.6    2565.1    3.5   -0.4
   176.1    2565.1    3.5   -0.4
   176.6    2565.1    3.5   -0.4
   177.1    2565.1    3.5   -0.3
   177.6    2565.1    3.5   -0.3
   178.1    2565.1    3.5   -0.3
   178.6    2565.1    3.5   -0.3
   179.1    2565.1    3.5   -0.3
   179.6    2565.1    3.5   -0.3
   180.1    2565.1    3.5   -0.3
   180.6    2565.1    3.5   -0.3
   181.1    2565.1    3.5   -0.3
   181.6    2565.1    3.5   -0.3
   182.1    2565.1    3.4   -0.3
   182.6    2565.1    3.4   -0.3
   183.1    2565.1    3.4   -0.3
   183.6    2565.1    3.3   -0.3
   184.1    2565.1    3.3   -0.3
   184.6    2565.1    3.3   -0.3
   185.1    2565.1    3.2   -0.3
   165.6    2565.6    3.6    0.1
   166.1    2565.6    3.6    0.1
   166.6    2565.6    3.6    0.0
   167.1    2565.6    3.6   -0.1
   167.6    2565.6    3.6   -0.2
   168.1    2565.6    3.6   -0.2
   168.6    2565.6    3.5   -0.3
   169.1    2565.6    3.5   -0.4
   169.6    2565.6    3.5   -0.4
   170.1    2565.6    3.5   -0.4
   170.6    2565.6    3.5   -0.5
   171.1    2565.6    3.4   -0.5
   171.6    2565.6    3.5   -0.4
   172.1    2565.6    3.4   -0.4
   172.6    2565.6    3.4   -0.4
   173.1    2565.6    3.4   -0.5
   173.6    2565.6    3.4   -0.5
   174.1    2565.6    3.4   -0.5
   174.6    2565.6    3.4   -0.5
   175.1    2565.6    3.4   -0.4
   175.6    2565.6    3.4   -0.4
   176.1    2565.6    3.4   -0.4
   176.6    2565.6    3.4   -0.4
   177.1    2565.6    3.5   -0.4
   177.6    2565.6    3.5   -0.3
   178.1    2565.6    3.5   -0.3
   178.6    2565.6    3.5   -0.3
   179.1    2565.6    3.5   -0.3
   179.6    2565.6    3.5   -0.3
   180.1    2565.6    3.5   -0.3
   180.6    2565.6    3.5   -0.3
   181.1    2565.6    3.5   -0.3
   181.6    2565.6    3.4   -0.2
   182.1    2565.6    3.4   -0.2
   182.6    2565.6    3.4   -0.2
   183.1    2565.6    3.4   -0.2
   183.6    2565.6    3.3   -0.2
   184.1    2565.6    3.3   -0.2
   184.6    2565.6    3.3   -0.2
   185.1    2565.6    3.3   -0.2
