 wrfout_d04_2016-10-11_00:00:00 999.0  43.5  53.9  12.7  45.8  18.6  63.4  38.9  50.7  42.4 356.6  96.0 999.0   8.7 354.0 284.3 340.7  43.1 263.3 289.9 157.4  37.9  35.6 268.9 252.3 288.1 210.3  77.1   1.6 113.7  77.7
 wrfout_d04_2016-10-11_01:00:00 999.0  42.4  68.4  19.2  58.0  22.2  83.1  37.6  71.4  31.5  30.7 133.0 999.0  19.0 351.0 169.8 286.5  36.4 245.7 326.1 156.0  33.9  84.3 313.5 308.6 306.7 305.9 137.5 337.8 104.8 172.9
 wrfout_d04_2016-10-11_02:00:00 999.0  42.9  75.1 351.0  64.3  15.4  78.7  30.8  63.3  21.2  33.6 122.9 999.0   2.5 342.4  99.8 244.4  32.1 333.7 317.4  28.7  29.4  65.6 168.9  55.2  74.1 234.3 116.9 349.0 114.2 158.4
 wrfout_d04_2016-10-11_03:00:00 999.0  44.9  77.2 359.8  74.2  50.2  48.8  33.4  46.8  23.0  62.5 140.3 999.0   1.8 332.6 122.3 264.1  43.5  33.5 274.1 132.6  41.3 328.9 197.4 289.1 254.4 354.8 143.1  16.0 109.6  46.1
 wrfout_d04_2016-10-11_04:00:00 999.0  46.0  70.9  45.9  59.3  44.0  48.2  33.4  44.9  29.5  68.7 129.0 999.0   0.7 333.7 165.3 310.6  31.8 315.2 261.1 186.2  34.9 302.8 178.6 272.9 267.1 280.6 157.9 356.2 121.3  65.1
 wrfout_d04_2016-10-11_05:00:00 999.0  57.9  72.8  60.4  61.1  33.4  70.2  23.3  55.0   5.0  65.3 138.6 999.0 355.2 323.8 149.6 235.2  32.9  74.7 286.3 165.5  38.4 255.8 140.1 276.3 283.2 145.3 193.3 340.7 120.6  65.7
 wrfout_d04_2016-10-11_06:00:00 999.0  53.8  66.3  24.1  57.4  48.8  70.8  36.0  65.4  17.6  89.9 139.2 999.0 359.9 310.6 136.7 184.5  30.9  41.9 294.7 160.7  30.5 294.2 226.2 245.7 244.3  98.0 210.2 348.5 107.3  96.5
 wrfout_d04_2016-10-11_07:00:00 999.0  44.5  65.0  13.6  56.9  45.3  64.7  39.2  61.0  20.2  76.9 117.8 999.0   2.1   2.0 118.4 180.3  31.1  65.2 277.9 108.8  31.8 296.2 222.6 251.8 254.2 235.9 230.7 346.2 107.8  74.5
 wrfout_d04_2016-10-11_08:00:00 999.0  45.8  64.5  45.9  51.3  48.6  70.9  29.4  60.4  30.1  75.3 136.1 999.0  13.3 349.2 129.1 225.0  31.3 344.5 325.7 154.0  26.8 350.2 235.2 254.8 260.2 342.0 264.9  61.4  98.0  69.2
 wrfout_d04_2016-10-11_09:00:00 999.0  47.1  68.3 329.0  58.9  35.9  74.1  31.2  62.8  13.9  50.3 129.2 999.0  13.8 124.9  96.4 342.3  31.9  48.9 342.6 133.5  27.5 352.1  42.0 262.8 267.8  37.5 209.7  40.7  90.1  60.9
 wrfout_d04_2016-10-11_10:00:00 999.0  52.6  56.9  24.9  48.8  40.6  88.9  44.6  64.9  30.1   6.3 115.4 999.0  15.2 130.5 303.4  86.5  42.3  46.6   6.0 131.3  30.7  14.7  42.3 269.1 263.2 326.4 222.7 313.9  88.8  60.3
 wrfout_d04_2016-10-11_11:00:00 999.0  46.6  48.6  11.9  42.9  36.1  96.7  38.0  70.7  31.5 356.6 102.5 999.0   8.0  61.1  19.6 136.6  36.6  72.0  34.9 138.8  42.0  36.8 333.7 306.8 311.7 346.8 331.4 354.0  88.5  75.1
 wrfout_d04_2016-10-11_12:00:00 999.0  42.1  44.0  26.4  39.8  57.6  72.8  42.4  63.7  25.1  43.6 200.2 999.0   6.0 158.0  23.5 283.4  40.6 100.8  38.4 146.5  28.3  26.3 349.4  37.3 336.4 331.1  12.1 341.5  86.1  70.1
 wrfout_d04_2016-10-11_13:00:00 999.0  37.8  44.9  20.2  37.7  82.8  79.6  46.5  61.6  37.0  35.1 313.6 999.0   6.1 355.9  60.0 225.4  42.7 226.8  28.7 164.0  31.1  39.3  57.7 273.2  36.9   0.9  25.6 354.3  78.8  74.1
 wrfout_d04_2016-10-11_14:00:00 999.0  34.2  56.6  19.0  47.4  55.8  74.5  37.2  75.4  38.1  47.3 322.0 999.0  14.3 333.7  51.6 233.8  40.9 158.7   6.2 147.2  29.0  35.4 339.2  15.7  13.1  13.6 339.9  13.2  86.0  84.8
 wrfout_d04_2016-10-11_15:00:00 999.0  39.3  62.7 340.0  58.0  50.1  69.5  41.5  67.9  32.4  31.6 324.0 999.0  25.0   3.5  22.0 196.4  28.2 169.7 351.5 143.6  29.4  20.1  80.9  37.4  29.7  23.1 307.3   5.0  84.5  97.5
 wrfout_d04_2016-10-11_16:00:00 999.0  37.9  54.9 345.9  49.4  51.4  73.6  30.7  59.4  34.7  35.2 316.8 999.0  23.7  10.7  24.6 201.5  30.4 210.5 346.0 149.3  23.5  38.0 318.0 343.1 347.3  35.6 333.9   3.0  86.3  95.8
 wrfout_d04_2016-10-11_17:00:00 999.0  34.4  52.8 339.0  46.0  48.9  73.5  34.3  59.0  31.1  50.9  88.1 999.0  16.5   9.0  24.4 124.0  33.2 112.4  11.9 153.3  31.8  50.6  31.3 307.9 337.0 343.8 340.3   7.5  82.9  97.2
 wrfout_d04_2016-10-11_18:00:00 999.0  42.0  61.4 338.1  49.7  38.5  59.1  42.4  57.8  34.7 104.2 106.5 999.0  14.4 355.9 348.9 241.3  34.3 217.7 343.1 150.6  36.3  18.6 263.6 348.4 358.9  13.7  14.3   5.4  85.5  92.8
 wrfout_d04_2016-10-11_19:00:00 999.0  37.0  53.2 302.1  47.1  45.2  59.8  49.1  61.2  47.6  36.9 188.9 999.0  12.8 356.0  24.6 199.1  38.6 224.1 332.4 150.3  30.0  18.4 170.1  30.0  54.4   2.4  57.8   5.4  82.9  91.7
 wrfout_d04_2016-10-11_20:00:00 999.0  44.0  54.1 331.3  49.0  45.0  73.5  52.9  64.2  40.2  32.3 212.3 999.0  24.4   4.0  57.4 190.2  40.7 211.0  13.3 135.7  32.6  19.4 271.3 307.1 295.0   0.1  47.2   4.6  77.9  90.9
 wrfout_d04_2016-10-11_21:00:00 999.0  41.5  61.8 326.6  55.1  38.6  71.9  34.5  65.6  34.0 120.8 294.1 999.0  17.5 355.8   0.8 187.2  32.5 225.1 340.4 149.2  38.1  41.3 152.5 322.3 337.4  11.6  14.3   4.5  79.7  91.6
 wrfout_d04_2016-10-11_22:00:00 999.0  39.8  62.9 337.9  55.5  49.1  42.1  38.2  73.8  32.7 236.8 334.1 999.0  14.8 342.8 352.1 173.8  28.6 190.1 352.3 141.8  28.7  28.4 306.5 351.1   8.1 354.5  46.6  13.3  75.2  84.1
 wrfout_d04_2016-10-11_23:00:00 999.0  37.5  56.5 354.3  51.3  52.7  51.9  38.0  39.2  42.0 353.6 125.2 999.0  19.8  34.7   6.3 200.1  24.3  55.4 339.1 112.3  18.7  38.2   8.4  18.0  14.5 355.9  39.5  19.1  71.8  86.6
