 wrfout_d04_2016-05-11_00:00:00 999.0  35.2  67.4  54.3  50.0  36.4  73.8  43.9  78.2  38.4  35.0   9.5 999.0 355.5 199.3  26.5 167.8  28.2 225.6  50.8 241.8  34.4 356.3  36.7 353.7 298.3  51.0 191.9  91.0 324.2 236.1
 wrfout_d04_2016-05-11_01:00:00 999.0  36.4  68.6  28.7  51.0  40.0  80.4  45.8  81.7  43.5  53.9 343.3 999.0  14.2 166.2  21.3 195.2  29.7 238.8  80.2 280.1  30.1  36.9  30.7 343.4 357.6  48.9 186.9  52.2 349.1 290.4
 wrfout_d04_2016-05-11_02:00:00 999.0  37.1  64.0  18.6  48.6  35.0  81.3  43.2  77.6  45.4  48.2 340.0 999.0  11.7 168.6  24.6 193.8  32.0 241.0 314.0 272.3  21.7  15.4  33.8   8.5  10.3  47.8  24.8  33.7  55.0 256.1
 wrfout_d04_2016-05-11_03:00:00 999.0  34.4  62.4   3.0  47.8  37.0  81.2  42.6  84.5  38.7  42.2 350.9 999.0 359.6 234.7  28.3 222.9  26.2 236.4 340.4 263.8  21.2   8.5  45.1  21.8 359.1  40.3 101.0  18.2  57.5 223.9
 wrfout_d04_2016-05-11_04:00:00 999.0  40.5  64.2  24.1  51.7  42.9  78.4  42.4  79.4  38.9  47.1  21.0 999.0   3.4 318.9  27.5 251.4  34.6 254.1 313.7 278.2  22.3  19.6  36.9  40.9 138.2  21.0  64.5  36.2  90.2 216.3
 wrfout_d04_2016-05-11_05:00:00 999.0  42.8  67.8 326.8  53.6  48.2  80.5  40.7  72.3  37.8  59.8  19.5 999.0   3.1 343.6  30.8 249.8  22.5 260.4 324.0 272.0  20.0 342.2  20.8 181.6 259.9  41.1 110.3  16.9 154.2 250.5
 wrfout_d04_2016-05-11_06:00:00 999.0  45.8  71.3   6.0  56.8  53.1  77.4  39.0  67.9  30.8  53.3  24.4 999.0   5.5 345.6  23.1 242.4  31.4 271.1 279.3 276.2  20.2  40.1  35.3 125.7 125.2  26.8  49.2  39.2  76.3 291.7
 wrfout_d04_2016-05-11_07:00:00 999.0  42.0  67.3  10.0  51.7  44.6  75.3  38.9  67.6  29.4  61.2  23.6 999.0   8.0 339.7  28.1 243.2  16.8 278.0 301.4 312.0  11.7 355.8  39.5  96.3  91.8  45.7  94.9  67.8  77.2  74.5
 wrfout_d04_2016-05-11_08:00:00 999.0  45.1  74.3  46.1  56.4  60.5  78.6  41.9  69.9  35.1  57.5  23.3 999.0  10.3 338.4  25.7 276.3  23.9 229.6 332.3 245.0  12.2 358.0  41.0 144.9 155.9  30.3 114.0  27.1  49.8  65.4
 wrfout_d04_2016-05-11_09:00:00 999.0  53.2  74.2  70.1  55.1  66.7  77.2  43.5  66.8  41.5  45.6  36.0 999.0  10.1 347.5  34.9 235.8  21.7 220.3 312.8 243.2  19.0 357.7  20.6 157.3 157.3  34.8  85.9  35.5  54.8  82.2
 wrfout_d04_2016-05-11_10:00:00 999.0  60.6  78.1 114.1  57.6  73.3  68.9  48.4  63.1  45.8  20.6  19.1 999.0   8.8 340.4  24.0 228.7  19.0 227.0 327.4 240.3  11.2   1.1  23.7 179.9 144.7  19.1 186.5   8.3  44.9  80.0
 wrfout_d04_2016-05-11_11:00:00 999.0  62.9  81.5 124.9  59.7  66.1  77.5  50.6  65.5  44.1 326.7 305.7 999.0  12.2 336.3   5.1 218.0  22.6 197.4 328.8 230.6  13.4   4.5 345.0 320.3 304.6 343.8 200.6  21.8 136.1  84.5
 wrfout_d04_2016-05-11_12:00:00 999.0  68.1  82.9 132.5  61.8  76.8  84.7  48.6  68.7  45.4 293.4 275.8 999.0  14.2 356.3 352.9 190.9  20.0 193.9 345.2 233.1  12.9  15.3  27.7   8.4   8.8 355.1  86.3  17.3 120.9 104.5
 wrfout_d04_2016-05-11_13:00:00 999.0  69.8  84.6 153.9  64.7  69.5  84.1  50.2  68.1  47.1 320.5 274.4 999.0  10.0 334.3   5.2 204.5  13.9 188.0 320.2 207.0  13.6  37.1  15.8  13.0   4.2 355.9  16.6 354.6   2.6  78.0
 wrfout_d04_2016-05-11_14:00:00 999.0  65.6  88.7 151.6  70.2  84.3  79.3  55.3  65.2  47.8 310.5 295.2 999.0   3.4 319.0 348.3 208.7  25.7 196.1 339.6 200.0  13.4  31.3  31.7 352.6  13.9 356.6 178.5   7.1  55.0  63.1
 wrfout_d04_2016-05-11_15:00:00 999.0  74.7  89.7 134.5  69.7  92.7  79.2  57.2  65.5  56.4 321.1 323.3 999.0   6.7 348.9 347.6 207.2  23.2 201.6 348.1 199.7   3.6  45.0  10.6   1.7  13.7 349.6 211.5 354.3  70.9  60.3
 wrfout_d04_2016-05-11_16:00:00 999.0  77.5  93.2 128.6  70.5  82.6  77.2  58.9  65.0  61.8 290.3 303.8 999.0  12.4 315.0   2.5 172.6  15.2 200.3 349.0 200.7  15.3  36.8  39.7  22.6  16.8   6.3 254.6 350.2  89.7  58.3
 wrfout_d04_2016-05-11_17:00:00 999.0  72.8  92.5 126.5  70.1  72.7  77.4  61.9  68.8 114.9 317.0 312.6 999.0  12.0 300.5 356.2 156.5  23.7 204.6  17.2 197.4  16.6  54.8   8.4   5.8  36.0  11.3 269.1 359.6  77.9  58.5
 wrfout_d04_2016-05-11_18:00:00 999.0  83.3  91.9 120.7  70.8  79.0  78.7  54.1  68.9 162.1 262.3 280.1 999.0   7.9 155.1 331.1  95.3  29.5 199.6 315.1 195.1  16.0  41.2  19.8  32.2  38.4 327.5   7.9 347.0 120.8  68.3
 wrfout_d04_2016-05-11_19:00:00 999.0  89.9  92.4 129.4  69.5  94.4  85.1  63.9  81.8 156.7 286.9 259.5 999.0  12.8 200.0 317.2  36.3  29.1 208.8 347.6 196.5  24.7  42.6   2.5  43.4  25.5 356.7  47.1 342.1 162.2  65.4
 wrfout_d04_2016-05-11_20:00:00 999.0  81.6  97.7 126.8  74.6  82.4  81.5  85.2  79.1  92.1 290.5 271.2 999.0 297.0 215.9 325.5 200.0  26.6 201.5  46.6 194.6  16.6  40.2  65.0  55.9  36.8 355.0  32.5  21.8 349.2  57.8
 wrfout_d04_2016-05-11_21:00:00 999.0  65.1 101.0 121.8  73.0 177.0  81.1 103.1  67.2 107.4 337.9 284.2 999.0 175.6 200.7 329.7 284.5  40.1 201.1  29.1 194.1  23.8  48.7  46.7   5.2  21.4 359.0  23.3 350.6 180.9  68.5
 wrfout_d04_2016-05-11_22:00:00 999.0  74.2 103.1 132.0  79.0 127.9  79.3 106.8  65.4 121.1 318.6 341.5 999.0  91.6 102.5 334.3  56.0  42.8 198.3 350.8 185.7  36.3  56.4  15.6  91.6 118.5 309.5  51.8 336.6 136.6  55.3
 wrfout_d04_2016-05-11_23:00:00 999.0  91.4 111.6 131.0  93.4  92.3  81.1 114.2  79.2 113.7 336.2 338.1 999.0 349.3 220.2   5.0  25.7  40.1 206.4   6.5 197.4  51.2  31.3  31.8  16.6  11.4  47.1 337.5  82.1 191.0  69.0
