 wrfout_d04_2016-03-22_00:00:00 999.0  98.1 178.7 193.1 152.6 236.3 259.9   1.9  31.7 354.1 107.0   7.2 999.0  34.7  83.1 229.7 283.4  22.5 216.6 322.9 281.8  44.5  34.9 314.3   8.9 344.9 340.9  93.5 345.1 140.4 128.9
 wrfout_d04_2016-03-22_01:00:00 999.0 160.3 189.7 165.7 195.3 218.2 217.1 220.8 170.0 167.1  29.1 105.9 999.0  11.3 264.7 215.1  15.9  23.8 238.9  23.7 292.0  35.8  32.1 195.7   2.4  11.1 202.6 334.4 116.2 154.1 119.1
 wrfout_d04_2016-03-22_02:00:00 999.0 175.4 209.4 167.0 205.6 220.4 163.3 254.4 259.0 303.9  31.5 129.2 999.0 340.1 322.3 181.1  31.7  11.1 232.2  15.9 284.2  34.7  35.8 204.3  23.8  26.3 137.2  75.5 110.5 138.8 116.0
 wrfout_d04_2016-03-22_03:00:00 999.0 174.1 218.1 272.6 227.8 230.7 245.4 321.2 243.8 286.6  60.4 140.1 999.0 351.4  33.1 164.0   9.3  11.2 233.2  34.3 294.7  27.9  15.0 161.5  17.8 303.2 133.6 354.1 114.3 152.1 121.2
 wrfout_d04_2016-03-22_04:00:00 999.0 208.4 235.0 272.2 242.5 229.5 301.9 321.0 233.2 330.0  43.8 127.4 999.0 352.5  39.0 151.7 356.4  13.2 252.4  17.7 308.9  37.4  32.7 162.5 294.8  11.4 150.9 269.3 122.4 130.8 130.5
 wrfout_d04_2016-03-22_05:00:00 999.0 243.8 248.6 289.2 261.7 227.9 269.1 326.0 242.8 329.6  51.6 132.2 999.0   3.3 344.0 136.7 271.8  28.7 287.9   9.6 301.2  21.4  31.9 172.0 358.0  28.7 171.7  21.2 145.8 135.0 135.8
 wrfout_d04_2016-03-22_06:00:00 999.0 237.7 253.6 301.5 268.3 243.6 293.9 338.1 235.4 336.4  73.6 143.1 999.0  18.9 340.9 149.2  26.4   9.8  93.4 351.3 304.9  48.5  41.3 190.0 323.8 349.1 156.5 253.4 140.8 130.8 127.0
 wrfout_d04_2016-03-22_07:00:00 999.0 252.5 257.7 322.4 259.8 223.4 296.1 338.9 252.8 337.1  65.4 155.6 999.0 349.4 355.0 150.2 183.6  22.5  89.6  32.9 294.4  20.0  28.1 170.3  44.7  45.8 146.6 289.2 177.3 142.4 119.8
 wrfout_d04_2016-03-22_08:00:00 999.0 254.8 283.5 326.9 289.3 221.5 286.8 358.1 281.8 342.1  47.5 122.8 999.0 331.7 316.7 152.1  12.0  24.9 156.0 347.1 291.7  37.0  11.9 202.7   1.4  15.9 187.8 310.3 186.5 149.0 118.3
 wrfout_d04_2016-03-22_09:00:00 999.0 269.2 282.7 322.8 302.8 238.0 306.9  31.7 313.2   0.7  59.3 355.1 999.0   8.2 325.1 167.4 250.2  21.4 236.5 334.1 279.5  28.5   9.5 238.7   0.3 359.7 204.2 350.4 183.9 142.4 110.5
 wrfout_d04_2016-03-22_10:00:00 999.0 287.4 255.8 319.2 281.3 234.1 302.5 352.0 336.3 338.1  79.2 336.3 999.0   4.1 357.9 204.5  47.8  21.0 235.3 356.4 270.0  25.4  29.0 216.1 359.7 357.3 227.5 336.6 175.6 135.2 121.4
 wrfout_d04_2016-03-22_11:00:00 999.0 282.0 249.7 321.7 272.4 249.3 282.6   4.7 321.5  12.0 356.5 329.8 999.0  17.5   4.1 254.3 332.9  30.1 221.2  10.8 272.0  40.3  25.9 220.1  26.3  11.6 235.9 216.7 201.4 133.8 135.0
 wrfout_d04_2016-03-22_12:00:00 999.0 264.1 268.6 323.7 283.8 267.0 270.1  25.8 154.1  32.9  90.9 295.6 999.0  18.9 311.3 343.0 151.5  35.6 211.9 353.6 261.1  45.8  26.1 237.0  23.3  24.9 233.8 298.0 264.8 142.9  91.3
 wrfout_d04_2016-03-22_13:00:00 999.0 284.1 247.7 347.7 269.5 236.2 238.3  18.6 135.6 359.5 354.2 295.7 999.0 329.4 359.2 347.6 192.7  31.0 200.2  13.1 262.9  42.6  28.9 242.2   0.5  21.3 235.3 320.4 269.9 143.5 108.6
 wrfout_d04_2016-03-22_14:00:00 999.0 294.7 240.4 317.3 252.4 254.4 288.3   6.6 264.4 354.4  60.2 318.5 999.0  11.2 349.7 311.6 349.0  13.2 203.2 334.8 266.2  27.6  33.5 246.4   0.3 338.8 226.1   9.6 245.3 141.4 114.0
 wrfout_d04_2016-03-22_15:00:00 999.0 291.6 258.0 341.1 287.6 287.8 319.9   3.9 303.2  10.1  72.8 296.4 999.0 354.7 208.9 335.0 168.7  19.5 198.8  23.0 253.1  35.6  25.9 252.9 275.4 301.8 238.1  21.9 255.5 140.4 110.9
 wrfout_d04_2016-03-22_16:00:00 999.0 295.7 230.0 305.0 257.7 288.9 239.8  22.1 239.3  22.3 332.6 296.2 999.0   2.3 304.4 246.8 167.1  14.1 202.1   3.8 248.9  22.2  43.8 250.0 348.0 344.0 258.8  25.1 262.7 138.4 103.5
 wrfout_d04_2016-03-22_17:00:00 999.0 307.7 276.7 339.6 317.8 284.5 275.1   2.9 263.3   0.1 296.3 297.9 999.0  37.2 351.4 291.8 208.7  62.3 190.1 333.1 248.3  21.9  24.0 250.6   4.5  41.8 237.1   6.1 289.0 136.4 101.3
 wrfout_d04_2016-03-22_18:00:00 999.0 306.7 309.3 340.3 324.0 298.5 300.5   2.0 347.0   9.7 248.4 303.4 999.0   6.5 359.0 307.1 200.9  43.3 194.8  18.0 243.7  26.9  29.4 250.5 328.8 332.0 230.6 350.2 291.2 135.9  93.1
 wrfout_d04_2016-03-22_19:00:00 999.0 331.3 326.7 343.1 346.4 335.5 304.9  21.9 317.3  14.6 201.1 353.8 999.0 359.8 305.8 236.9 106.2  38.1 187.2  45.8 242.5  59.8  52.6 249.1  10.4  13.9 237.4 347.2 277.6 141.7  86.6
 wrfout_d04_2016-03-22_20:00:00 999.0 335.5 339.2 328.4  53.7 305.1 279.1  28.4 236.0 358.1 356.8  42.3 999.0   2.8  32.7 265.8 278.6  44.4 182.6  96.6 242.6  82.4  68.2 252.8  78.4  70.2 220.1  37.0 264.2 149.2 101.6
 wrfout_d04_2016-03-22_21:00:00 999.0 340.9 296.7 331.1 359.1 319.2 215.7  30.3 162.9  38.1 262.2  40.3 999.0  11.1  35.5 194.2  99.5  29.6 192.2 330.6 241.5  58.4  69.8 256.0  84.9  90.6 212.8  38.8 228.2 163.6  79.0
 wrfout_d04_2016-03-22_22:00:00 999.0 348.2 285.2 344.8  20.1 307.3 190.8  14.4 113.0  17.0 210.1  91.9 999.0 357.9 330.8 302.2  70.3  37.8 195.1 320.0 246.8  58.8  55.2 249.4  89.2  84.5 234.6  53.2 177.0 158.7  94.3
 wrfout_d04_2016-03-22_23:00:00 999.0 353.4  33.2 336.9  61.6 316.9 196.3  37.6 189.1  27.5 246.1  75.3 999.0 328.2 183.3  72.0 270.7  71.3 207.8  87.9 251.1  82.9  40.3 247.6  74.6  78.9 221.7  72.2 171.5 171.7 101.7
