 wrfout_d04_2016-01-04_00:00:00 999.0 359.8 184.3 300.3  63.4 352.5 260.6 289.5 247.3 266.9  49.8   3.0 999.0   1.7 319.8 242.8  25.5  11.5 204.9 310.3 260.4 352.4  15.6 179.3 350.0  15.9 118.8 337.5   8.8 128.2  82.6
 wrfout_d04_2016-01-04_01:00:00 999.0   4.8 212.0 283.3 222.6 285.8 270.9 305.1 244.2 167.2  79.7  15.7 999.0 356.4 309.7 188.5 318.3  15.9 224.7 336.4 262.3   8.8  15.1 162.1   9.0  14.2 332.6 350.2 155.8 168.3  87.9
 wrfout_d04_2016-01-04_02:00:00 999.0 356.4 222.8 287.3 216.3 293.8 233.6 298.5 188.9   0.0 115.1  54.0 999.0 338.9 244.0 122.3 282.4  17.1 234.0 323.5 265.5  13.6   2.5 144.3   0.4 355.2 135.4 302.3 141.2 162.2 113.7
 wrfout_d04_2016-01-04_03:00:00 999.0 354.8 240.7 303.0 236.1 335.1 127.5 336.4 283.2 318.0  78.9  32.0 999.0 348.7 256.9 120.6 264.0  19.7 237.9 304.7 270.3   9.5 347.1 161.5 332.7 326.7 139.2 250.5 156.3 167.5 121.9
 wrfout_d04_2016-01-04_04:00:00 999.0 359.3 238.7 311.1 240.3  11.0 267.0 349.1 283.2 306.8  83.8  64.7 999.0 344.5 244.2 115.4 249.1  16.6 243.9 294.9 273.6  11.7 344.0 146.3 326.0 301.8 154.6 246.6 150.7 168.3 127.6
 wrfout_d04_2016-01-04_05:00:00 999.0 337.3 235.8 303.6 244.2  26.5 291.6 358.9 279.8 317.3  85.3  70.3 999.0 349.8 253.1  71.6 251.4  15.3 246.9 290.6 272.1   8.1 343.7 162.1 327.3 283.3 165.2 239.7 138.5 160.5 136.0
 wrfout_d04_2016-01-04_06:00:00 999.0   5.7 235.4 305.4 246.8  25.1 304.2 346.5 297.1 309.1  89.7  68.6 999.0 354.8 262.4  97.8 253.7  16.9 254.5 280.9 274.5  11.9 344.4 165.2 316.6 274.1 148.2 249.3 142.6 157.3 140.0
 wrfout_d04_2016-01-04_07:00:00 999.0   9.1 233.8 307.7 249.6  18.5 317.1 348.7 310.0 307.1  84.7  66.0 999.0 351.0 273.8  80.6 255.0  21.5 250.2 286.2 270.7  17.1 348.6 182.8 311.1 288.1 148.9 263.6 149.2 152.4 150.0
 wrfout_d04_2016-01-04_08:00:00 999.0  26.1 224.1 314.9 245.4  25.2 319.5 354.9 339.1 325.5 101.5  35.7 999.0 356.4 274.6  49.5 263.5  16.6 253.3 297.0 265.7  16.7 349.5 178.0 321.6 312.3 144.0 266.5 122.2 160.9 167.2
 wrfout_d04_2016-01-04_09:00:00 999.0  73.1 228.8 305.2 255.5  61.6 318.9   0.6 303.5 315.1  98.0  34.5 999.0 355.7 292.5  25.1 304.1  17.5 195.4 320.3 250.7  19.6 352.4 208.0 329.7 328.9 196.3 276.7 125.8 149.4 163.2
 wrfout_d04_2016-01-04_10:00:00 999.0 207.5 235.0 330.1 267.1   1.7 306.1 359.9 249.5 302.7  58.4  69.8 999.0 355.6 308.3   6.7 135.0  24.2 171.3 349.1 242.7  14.3 352.8 272.1 331.3 346.6 204.9 279.3  48.7 129.4 241.4
 wrfout_d04_2016-01-04_11:00:00 999.0 312.0 227.3 311.6 249.2 279.6 311.9   9.1  75.2 332.3 294.3  49.5 999.0 353.1 314.5   3.7  87.7  28.3 175.2 354.3 235.7  18.8 350.8 276.6 348.0 352.7 242.5 280.8  35.4 111.4 114.3
 wrfout_d04_2016-01-04_12:00:00 999.0 277.0 227.1  44.7 263.3  84.6 328.3  36.3 114.1 332.5 305.9  71.2 999.0 343.3 194.3   6.4  27.3  49.0 186.8   4.5 229.4  25.9   4.7 280.7 356.1  12.7 308.1 289.3 339.1 123.1  97.4
 wrfout_d04_2016-01-04_13:00:00 999.0 285.4 226.3  52.5 262.1  25.8 154.5 101.5 143.7  31.5 303.7  50.8 999.0 333.3 142.6   4.4  32.3  56.6 190.7   5.5 224.9  29.8   8.8 258.1   5.4  13.8 298.1 343.2 314.1 122.5  83.9
 wrfout_d04_2016-01-04_14:00:00 999.0 228.1 220.3 241.2 249.2  30.1 120.4  26.0  10.3  91.2 302.1  60.0 999.0 330.6 132.8  28.6  93.0  59.4 185.5   6.6 223.0  37.6  17.0 258.2  34.0  37.8 181.0  94.0 311.0 115.7  79.9
 wrfout_d04_2016-01-04_15:00:00 999.0 259.2 218.3 127.0 267.7 359.8 347.9  35.2 340.7  46.6 281.5  23.9 999.0   7.7 144.4 351.1 140.5  47.9 191.6   1.4 218.9  18.9  26.2 281.5  30.8  30.6 301.1  91.1 311.3 113.0  75.3
 wrfout_d04_2016-01-04_16:00:00 999.0 331.9 201.6 139.4 214.1 351.4 315.7  57.9  74.0 323.5 283.2  51.0 999.0 359.6 211.6 340.7 146.8  18.4 191.5   4.7 216.6   4.3  37.7 268.9  45.8  50.4 314.4  91.8 317.8 129.6  75.3
 wrfout_d04_2016-01-04_17:00:00 999.0 358.9 209.2 155.3 240.8  58.2 298.3  49.0   2.7 339.3 261.7 281.3 999.0 319.1 192.3 353.0 114.1 357.4 193.6 358.9 215.1 341.6  40.6 275.1  46.6  52.0 347.8 295.4 316.4 124.5  73.7
 wrfout_d04_2016-01-04_18:00:00 999.0 340.3 179.0 235.2  84.3 356.0  94.5  45.4 345.6 348.4 188.6 309.1 999.0 343.8 215.2 346.3  98.8 350.7 196.1  15.6 216.6 359.1 346.0 266.2  52.8 276.9 325.7 287.6 317.5 128.8  75.3
 wrfout_d04_2016-01-04_19:00:00 999.0   2.5 183.1 347.5  87.4  16.5 316.4  49.6 358.0 246.1 269.9 301.6 999.0 349.0 234.9 322.6 104.1   8.0 196.1  22.1 215.3   7.3 350.6 270.0 259.2 276.8 302.4 342.3 309.3 116.6  75.9
 wrfout_d04_2016-01-04_20:00:00 999.0   2.3 175.0 248.7  83.1  16.0 276.2  62.8 330.7 296.9 182.8 284.4 999.0 352.7 235.8 292.5 124.3   8.9 198.7  58.9 214.5   8.8   0.7 288.3  23.6 175.3 304.5  18.3 312.8 116.3  75.0
 wrfout_d04_2016-01-04_21:00:00 999.0 348.4 155.6 310.9  87.9  43.6 277.4  55.5  30.0  80.8 294.7  52.6 999.0 347.9 181.9   0.0 161.7  10.5 197.2 243.7 210.9  24.3  22.9 279.5 354.8 313.1 323.9  44.8 314.2 114.8  77.0
 wrfout_d04_2016-01-04_22:00:00 999.0   6.6 147.3 323.4  87.9  11.1 311.9  53.5  35.5 343.6 144.4 160.9 999.0 354.9 271.9 278.6 178.0  13.8 198.9 278.0 210.9  32.9  79.3 277.6  56.7  77.1 343.6  80.3 327.7 126.9  75.1
 wrfout_d04_2016-01-04_23:00:00 999.0  30.5 143.4 322.1  80.4  17.3 332.1  44.4 337.8  10.1 266.9 161.8 999.0 340.9 335.2 274.0 183.5  20.2 201.4 275.2 208.9  28.6  64.3 262.6  31.6  57.2 146.0 135.9 334.8 120.5  80.9
