 wrfout_d04_2016-04-01_00:00:00 999.0  52.4  87.5 182.3 130.5 356.9  79.7  21.3  77.6  30.5  22.9 334.9 999.0 359.7 335.5  28.3 261.8  22.5 227.6 356.6 252.7 358.3  41.8  42.6  32.4  14.6   6.9 340.3 123.3   0.5 327.8
 wrfout_d04_2016-04-01_01:00:00 999.0  48.9 137.6 176.6 141.0 131.9  76.5  50.8  92.3  38.2  87.3 334.1 999.0 354.1 299.1  33.4 265.1  17.8 231.7 357.5 257.3   0.4   3.4  44.7   6.3   0.9  79.0 300.2  90.2 358.9 308.6
 wrfout_d04_2016-04-01_02:00:00 999.0  48.9 125.6 295.6 100.6  39.8  89.9  34.8  70.2  53.2  73.1 357.6 999.0 348.3 278.0  43.2 246.2  21.9 235.8 344.7 262.6  24.6 338.0  41.2 335.6 323.4  67.7 278.3  70.1 356.4 292.0
 wrfout_d04_2016-04-01_03:00:00 999.0  49.2 172.9 304.0 217.1  51.3  84.7  38.9  13.2  51.4  50.4 358.1 999.0 347.3 283.4  53.3 244.4  29.4 237.0 337.6 264.9  20.4 333.4  34.7 327.0 303.9  77.2 277.0  61.9 356.9 288.3
 wrfout_d04_2016-04-01_04:00:00 999.0  61.6 134.6 265.7 182.2  45.4  83.3  26.7 324.9 359.7  63.8  37.6 999.0 343.9 281.5  51.3 258.6  25.6 237.2 355.1 265.5  30.9 338.2  47.6 322.2 288.0  57.6 275.4  62.7   6.7 290.0
 wrfout_d04_2016-04-01_05:00:00 999.0  72.1 134.1 286.7 137.6  49.8  78.7  19.4 358.2 341.4  72.7  43.3 999.0 341.9 285.9  47.2 257.9  19.7 237.7 342.3 266.8  20.0 335.5  52.1 322.7 285.2  61.4 270.4  77.9  15.5 287.7
 wrfout_d04_2016-04-01_06:00:00 999.0  81.6 114.0 282.9 114.4  55.9  84.6  13.8  87.3 320.4  66.0  50.8 999.0 343.8 281.3  40.0 252.7  15.7 237.8 318.4 268.9  15.5 338.4  52.6 317.7 288.2  67.8 268.8  82.6  42.4 257.9
 wrfout_d04_2016-04-01_07:00:00 999.0  86.3 118.8 240.7 134.0  59.8  86.1  14.4  90.9 306.8  35.4  97.2 999.0 341.0 272.3  34.2 249.5  16.4 235.6 318.8 269.2  14.3 337.8  46.0 306.0 286.9  56.2 269.6  74.9  44.5 192.8
 wrfout_d04_2016-04-01_08:00:00 999.0  80.9 103.2 186.1  80.4  94.1  71.8  20.3  63.2 307.2  19.4 116.9 999.0 343.0 273.4  26.1 256.5  14.0 234.8 322.3 267.0  16.5 335.6  44.7 299.0 287.7  42.4 272.8  69.9  40.7 171.4
 wrfout_d04_2016-04-01_09:00:00 999.0  92.2 100.0 132.3  78.3 104.1  90.2  21.6  75.2 312.1  23.2 120.7 999.0 348.3 282.7  23.6 265.0   4.6 232.9 323.7 262.1  15.3 333.0  35.7 310.6 295.8  42.4 274.7  53.7  40.5 105.5
 wrfout_d04_2016-04-01_10:00:00 999.0  92.5 101.8 135.5  75.0  85.0  77.7  14.7  59.9 293.8 352.0 148.3 999.0 352.8 294.2  19.4 250.2   9.2 210.6 326.3 235.8  11.0 338.7  28.3 312.8 304.0  44.4 274.0  45.3  42.6  46.5
 wrfout_d04_2016-04-01_11:00:00 999.0 103.8 112.0 129.2  81.0  73.3  70.6  11.3  46.5 254.0   3.7 110.2 999.0 355.3 319.7  11.3 205.0   6.9 187.6 332.1 245.5   8.4 344.8  33.5 331.1 320.8  37.2 268.6  33.0  48.4  62.9
 wrfout_d04_2016-04-01_12:00:00 999.0 110.7 117.5 126.6  81.2  56.8  71.9 118.2  44.5 222.2  47.5  36.1 999.0 347.5 334.0 356.3 162.9   8.1 188.6 339.5 242.9   6.1   3.9  36.1 346.9 342.8  40.2 258.9  25.9  53.0  69.2
 wrfout_d04_2016-04-01_13:00:00 999.0 111.2 126.6 126.9  89.5  39.4  74.2 205.5  56.0 209.8 330.3  16.2 999.0 350.8 260.9  21.2 208.9  10.7 198.7 341.0 241.3  11.7  19.7  17.6 346.0 344.7  19.7 253.4  13.1  53.8  71.7
 wrfout_d04_2016-04-01_14:00:00 999.0 114.4 138.1 127.0 102.0 359.7  73.1 212.7  61.6 161.9 292.7 123.2 999.0 346.9 195.3 299.7 191.1  19.2 197.1 354.7 241.2  25.6  25.3  13.4 350.1 337.5  10.7 250.9   9.1  53.1  80.9
 wrfout_d04_2016-04-01_15:00:00 999.0 111.9 143.6 127.0 108.3 358.4  75.9 225.1  43.4 132.9 308.3 140.7 999.0 341.5 193.3   3.0 173.2  26.0 195.1 337.1 240.8  30.6  34.0  19.5 346.3 328.5 359.2 253.5  14.3  54.1  78.6
 wrfout_d04_2016-04-01_16:00:00 999.0 108.7 146.9 133.2 109.8 338.8  81.0 218.3 321.3 240.7 320.9 156.6 999.0 349.9 193.3  11.3 186.1  20.4 195.8 338.2 243.1  21.7  49.0  18.8   8.9 352.4   0.1 251.9 357.3  55.8  75.9
 wrfout_d04_2016-04-01_17:00:00 999.0 116.3 153.4 135.8 112.8 324.4  84.9 222.6 311.7 243.2 332.9 314.6 999.0 343.8 171.0 295.6 186.0  13.4 197.7   5.2 245.1  10.8  41.1 359.4   1.0 357.7 348.2 253.8  11.6  52.6  73.8
 wrfout_d04_2016-04-01_18:00:00 999.0 114.7 164.7 132.4 122.9 322.0  82.5 222.7 258.6 235.3 345.8   5.0 999.0 345.3 195.2 194.9 170.5   8.5 196.5   3.7 246.5  12.0  41.5  20.9  12.5 358.0 341.6 270.1   3.8  50.9  77.0
 wrfout_d04_2016-04-01_19:00:00 999.0 124.9 169.8 156.5 129.6 302.3  99.7 220.6 278.9 230.7 346.3 358.7 999.0   1.3 180.6 250.5 151.6  15.9 194.7 356.8 247.9  14.6  44.6  14.7  14.7   8.8 358.0 303.7 355.1  50.2  75.8
 wrfout_d04_2016-04-01_20:00:00 999.0 128.2 176.7 236.4 134.2 257.7 247.8 218.0 229.6 220.6 341.2 343.3 999.0 347.8 161.9 261.0 117.4  21.5 193.4   0.1 250.1  20.3  40.6   2.8  19.9  10.3   1.3 352.4 349.9  54.2  76.9
 wrfout_d04_2016-04-01_21:00:00 999.0 131.5 189.1 179.2 150.9 248.7 255.8 213.7 136.0 195.6 333.6 336.1 999.0   0.0 179.8 305.3 124.5  23.3 194.5   1.5 251.4   4.2  45.5 344.9   4.1  12.9 343.3   4.5 345.3  52.2  68.9
 wrfout_d04_2016-04-01_22:00:00 999.0 141.2 190.2 152.6 161.5 240.6 274.8 209.8 169.4 179.5 330.9 330.6 999.0 355.3 156.3 278.8 148.4  32.5 191.9   7.5 248.4  19.7  46.4 350.5  30.4  36.1 345.7  39.9 343.1  73.5  60.7
 wrfout_d04_2016-04-01_23:00:00 999.0 154.7 191.9 178.5 179.2 229.2 277.5 203.6  22.8 161.0   1.9   0.4 999.0 349.7 188.3 258.8 272.4  34.6 204.1 354.0 265.5  36.9  36.3 332.4  49.5  53.1  10.2  44.4  30.6  82.4  74.7
