 wrfout_d04_2016-04-27_00:00:00 999.0 272.5 252.7 282.5 266.0 226.8 269.9 237.4 252.9 256.1  57.8 113.6 999.0 192.9 181.0 218.3 327.5 198.9 223.8 207.5 253.5 191.9 207.4 201.7 193.6 202.9 190.5 229.1 233.1 207.3 260.2
 wrfout_d04_2016-04-27_01:00:00 999.0 273.5 255.4 281.5 265.2 220.2 265.9 257.4 261.3 253.5  91.8 120.4 999.0 219.8 200.7 176.2 298.3 207.9 230.3 210.7 254.4 209.3 221.6 176.1 224.5 230.9 187.9 236.5 232.4 208.6 256.9
 wrfout_d04_2016-04-27_02:00:00 999.0 267.1 263.0 284.4 273.6 292.1 273.3 258.5 269.8 260.0  96.9 112.0 999.0 240.5 221.3 154.5 248.5 214.0 233.9 218.1 255.3 213.7 228.5 180.8 237.8 235.2 192.9 240.9 240.0 212.6 260.3
 wrfout_d04_2016-04-27_03:00:00 999.0 248.3 264.2 284.7 275.9  42.9 275.3 264.4 273.5 270.4  97.5  83.1 999.0 250.0 228.6 139.3 250.3 223.1 231.5 228.4 257.2 219.2 233.0 182.6 246.0 241.7 186.1 246.4 244.0 216.2 265.3
 wrfout_d04_2016-04-27_04:00:00 999.0 272.6 268.5 286.5 278.2 268.2 284.0 279.4 279.9 270.7  86.1 130.9 999.0 256.3 255.4 143.5 252.3 228.5 231.9 238.1 259.7 223.7 236.1 173.7 244.8 243.3 189.2 250.2 250.2 222.5 268.2
 wrfout_d04_2016-04-27_05:00:00 999.0 302.2 270.5 284.8 278.5 254.7 283.3 276.8 278.8 263.5  83.4  81.9 999.0 260.6 269.6 150.8 253.2 231.8 235.1 247.1 259.9 234.0 241.1 144.9 246.0 246.3 207.0 256.5 251.7 228.8 272.1
 wrfout_d04_2016-04-27_06:00:00 999.0 305.8 270.5 286.6 277.9 264.7 281.3 269.4 278.8 264.3  64.1  88.6 999.0 265.7 270.2 142.7 252.6 231.4 228.8 251.0 263.0 241.5 246.4  82.1 246.6 250.1 213.8 262.2 249.1 233.9 273.6
 wrfout_d04_2016-04-27_07:00:00 999.0 313.5 275.0 288.3 280.2 273.1 287.1 264.5 281.5 265.1 102.4 109.4 999.0 259.6 265.6 128.0 249.9 234.6 225.7 253.0 265.2 243.7 249.7  56.5 250.5 253.8 213.0 267.4 249.4 234.5 275.6
 wrfout_d04_2016-04-27_08:00:00 999.0 315.8 272.6 285.9 277.6 271.9 281.3 255.8 275.5 264.7 118.9 117.7 999.0 256.7 266.6 119.3 255.9 238.7 225.0 250.9 265.8 241.1 255.2  49.5 256.2 259.4 213.2 275.0 252.5 237.5 280.4
 wrfout_d04_2016-04-27_09:00:00 999.0 314.3 272.8 289.8 278.8 268.4 276.8 243.3 274.7 265.8 115.9 101.6 999.0 256.0 265.5  85.2 251.9 237.5 225.4 251.1 267.2 241.1 257.4  43.0 260.1 263.7 213.6 280.2 252.3 239.3 282.4
 wrfout_d04_2016-04-27_10:00:00 999.0 318.4 275.2 302.8 282.9 250.3 268.3 245.1 264.3 264.5 111.1 153.1 999.0 239.8 250.4  48.7 249.1 232.5 220.0 254.5 263.3 239.9 253.5  41.6 262.0 266.4 215.0 284.5 259.4 241.3 281.6
 wrfout_d04_2016-04-27_11:00:00 999.0 337.4 275.9 313.2 289.4 219.0 271.1 243.9 263.6 270.0 188.3 191.1 999.0 225.4 252.6  22.1 227.4 224.9 216.5 244.9 262.6 236.5 248.3  33.4 269.3 271.4 232.5 290.3 265.6 245.8 284.6
 wrfout_d04_2016-04-27_12:00:00 999.0   3.7 283.5 318.8 291.1   8.0 258.8 247.0 240.1 265.8 223.7 350.3 999.0 218.2 227.8  17.6 207.5 224.6 215.5 236.5 263.9 235.3 246.4  24.6 263.8 265.4  57.8 296.5 271.8 249.9 287.4
 wrfout_d04_2016-04-27_13:00:00 999.0  12.4 277.8 322.9 282.2 354.3 326.2 250.3 270.1 267.2 150.1 351.5 999.0 219.6 218.2  33.7 193.4 233.6 215.3 230.7 263.5 235.5 241.2  13.5 262.1 264.3  65.1 300.1 276.9 252.1 288.5
 wrfout_d04_2016-04-27_14:00:00 999.0  18.5 279.9 317.2 270.9 343.1 327.3 271.7 307.2 251.0  71.8 303.7 999.0 231.0 220.3  24.3 139.3 246.3 210.3 227.5 260.6 246.1 238.1  14.8 264.1 265.4  44.7 296.3 281.1 254.3 295.0
 wrfout_d04_2016-04-27_15:00:00 999.0  26.7 290.4 318.9 292.9 349.6 324.8 301.5 325.8 291.1  88.1 308.6 999.0 211.0 226.5  40.7 180.9 258.5 204.6 224.9 259.6 257.1 243.7  21.3 276.2 275.1 260.8 302.6 291.1 254.8 301.1
 wrfout_d04_2016-04-27_16:00:00 999.0  27.3 292.0 328.5 306.8 345.7 314.9 315.7 295.9 307.3   4.0 343.4 999.0 159.9 224.5  39.0 170.5 272.4 201.3 221.5 258.8 269.1 261.6  23.8 322.0 327.8 312.5 306.0 306.4 255.2 300.3
 wrfout_d04_2016-04-27_17:00:00 999.0  22.4 287.1 338.6 307.6 351.7 317.3 301.0 310.6 313.1 115.5  19.5 999.0 253.7 186.0  37.5 179.7 302.0 194.7 155.5 257.7 288.4 286.0  26.6 307.1 326.5 338.7 316.8 354.2 254.3 315.8
 wrfout_d04_2016-04-27_18:00:00 999.0  27.3 316.6 327.0 320.6   1.9 319.6 306.3 326.3 307.2  31.0  16.0 999.0 300.4 181.0  13.4 187.0 316.0 190.9 173.6 253.2 308.8 305.5  25.8  34.9   7.0 310.7 320.4  22.0 264.7 314.7
 wrfout_d04_2016-04-27_19:00:00 999.0  25.6 327.6 323.8 325.9  24.3 344.4 321.2  89.9 316.8  48.8 359.2 999.0 316.4 168.5 330.8 184.1 329.6 193.5 157.5 255.3 316.0 305.7  23.3  81.1  66.5 334.9 330.9 296.6 276.4 314.0
 wrfout_d04_2016-04-27_20:00:00 999.0  35.1  23.4 353.0  74.6   0.1 338.7 324.7 131.6 318.9  39.6 354.4 999.0 338.5  26.2 267.7 173.8 359.9 191.9 138.5 254.4 319.6  14.1  16.6  74.9   5.5 320.8  15.1 292.0 284.2 316.4
 wrfout_d04_2016-04-27_21:00:00 999.0  32.6  23.3 314.8  23.8  17.3 169.1 332.2 269.9 318.3  56.6 332.2 999.0 346.5 348.1 249.6 196.1   8.2 192.5 209.7 255.7 334.1 102.3  16.1  56.1  94.3 314.0 357.8 274.0 296.8 319.6
 wrfout_d04_2016-04-27_22:00:00 999.0  28.2  41.0 348.2  49.3  27.9 101.4  20.6 275.1 284.1   2.0 312.9 999.0 357.7 349.3 254.1 201.7  17.5 200.9 203.0 255.8 351.3 113.2   7.5  40.2  44.1 310.5 329.0 286.5 303.7 330.9
 wrfout_d04_2016-04-27_23:00:00 999.0  29.8  47.1 353.9  45.6  40.6 183.6  20.8  18.6 307.5  59.9 331.6 999.0   8.0 359.5  39.6 219.2  21.1 219.4 346.5 258.2   4.4  70.2  29.9 345.0 328.6   1.1 323.8 248.6 290.8 321.1
