 wrfout_d04_2016-03-03_00:00:00 999.0 141.1 162.2 201.2 146.3 285.6 275.3 202.3 324.0 192.8  21.0 160.8 999.0 211.4  70.1 224.2 292.3 341.7 208.0  19.5 231.7  11.3  40.9  31.8  38.3  38.0 349.1  21.6  10.0  53.9  72.4
 wrfout_d04_2016-03-03_01:00:00 999.0 140.4 163.8 294.3 157.5  23.4 295.8 222.6  48.9 226.8 126.7 167.1 999.0 279.5 257.7 207.9 283.0   0.6 215.6 353.5 242.6   4.9  32.4  15.9  23.1  21.4  20.3 351.0  35.8  71.9  67.8
 wrfout_d04_2016-03-03_02:00:00 999.0 139.8 162.2 295.2 162.7  80.7 288.3 250.2 312.4 255.4 126.6 159.2 999.0 295.0 266.5 184.7 283.6   4.4 230.8 346.8 245.5  16.4  30.6  85.5  23.6  25.1  69.7 335.3  47.1  80.2  66.6
 wrfout_d04_2016-03-03_03:00:00 999.0 136.9 165.7 303.5 174.6 116.6 263.1 264.6 254.8 270.6 120.5 160.0 999.0 309.4 296.7 158.1 274.6 353.4 239.4 346.1 247.8  24.4 340.2  70.5 358.2 339.5  83.4 315.1  46.6  81.4  71.4
 wrfout_d04_2016-03-03_04:00:00 999.0 151.0 205.2 310.0 200.7  26.5 274.0 257.9 256.1 279.1 124.2 162.5 999.0 313.1 306.5 153.7 268.5 355.8 241.6 350.5 252.1  29.5 328.2  99.6 359.3 272.2  85.2 297.9  49.3  69.9  73.9
 wrfout_d04_2016-03-03_05:00:00 999.0 149.6 238.9 308.4 222.8  12.6 281.6 258.4 274.1 279.9 110.7 160.4 999.0 320.3 305.9 154.4 265.1   9.8 238.4 340.4 255.0  46.7 338.5  94.0 290.1 275.9  92.9 296.9  66.6  57.1  76.3
 wrfout_d04_2016-03-03_06:00:00 999.0 153.1 232.6 307.5 231.0   4.5 318.8 262.1 320.9 286.8 112.5 163.5 999.0 338.0 313.0 168.1 271.5  12.6 240.0 325.9 254.1  31.6 348.1  90.8 337.5 301.0  89.8 274.4  65.2  61.4  78.8
 wrfout_d04_2016-03-03_07:00:00 999.0 150.3  57.4 313.4 190.8 350.8 325.1 263.0 340.0 294.7 115.3 159.2 999.0 341.8 310.2 167.8 284.8 359.0 230.8 315.4 253.4  13.5 332.8  95.9 319.9 263.3  79.9 258.1  67.5  62.0  76.9
 wrfout_d04_2016-03-03_08:00:00 999.0 149.9  89.4 318.9 157.5 356.1 331.4 267.9  18.9 301.8 117.5 156.3 999.0 353.1 311.7 182.6 314.4 346.3 228.0 327.3 239.8 353.1 328.1 106.7 301.1 277.7  53.4 245.8  67.5  70.1  74.3
 wrfout_d04_2016-03-03_09:00:00 999.0 153.3 119.9 321.1 145.2 350.8 329.7 298.1  42.5 326.1 114.5 158.8 999.0   0.9 329.0 232.3 316.4 341.1 221.1 307.1 224.0 348.8 317.4 126.2 285.4 278.7  34.2 287.6  62.3  59.5  73.1
 wrfout_d04_2016-03-03_10:00:00 999.0 150.2 123.8 322.4 121.4 347.6 320.5  32.8  44.9 317.6 126.2 157.8 999.0 358.5 351.1 242.8 171.4 337.4 212.8 314.5 188.9 328.9 317.6 308.3 302.4 298.8   3.7 268.6  33.8  75.3  80.1
 wrfout_d04_2016-03-03_11:00:00 999.0 153.4 133.2 357.9 106.6 345.3  28.0  65.7  74.6  21.8 122.5 168.9 999.0 342.7   7.9 222.8 142.6 330.5 199.7 334.5 198.0 352.8 316.6 307.8 308.9 314.4 343.6 276.8   5.8  62.3  73.6
 wrfout_d04_2016-03-03_12:00:00 999.0 155.8 146.6 126.5 115.8 333.9 112.4  48.8  96.1  58.9 107.3 178.7 999.0 339.1  16.2 266.5 151.6  43.2 202.2 331.7 199.4  24.8 319.0 333.6 321.6 327.8 330.0 300.3   1.9  52.8  73.5
 wrfout_d04_2016-03-03_13:00:00 999.0 160.5 146.6 130.7 109.1 298.9  99.3  80.0  89.6  65.6  62.1 173.4 999.0 356.8 341.6 214.6 172.3  65.7 205.7 328.1 198.9  44.6 339.2 337.8 342.0 355.7 357.7 359.9 342.8  67.8  60.1
 wrfout_d04_2016-03-03_14:00:00 999.0 146.9 139.1 126.6 105.7 287.4  93.8  86.4  29.9  93.5  28.9  24.2 999.0 349.9 311.9 239.9 179.5  60.2 195.7 344.1 200.3  51.8  14.9 303.7  23.5  11.6 333.9  25.6 344.3  72.8  76.1
 wrfout_d04_2016-03-03_15:00:00 999.0 156.0 141.5 126.6 107.6 326.2  81.5  76.2  10.1 275.0   8.7 336.5 999.0  36.8 357.1 239.9 155.9  62.3 207.2 349.9 194.8  44.9  35.3 325.0  20.5  21.3 356.1  13.5 353.3  77.6  63.2
 wrfout_d04_2016-03-03_16:00:00 999.0 153.3 150.8 119.0 115.4 343.6  81.3 335.2 313.4 302.8 356.6 355.5 999.0 354.6  19.3 243.9 107.1  45.6 210.0  13.9 197.2  46.6  31.7 351.6   7.6  12.7   5.8 355.3   6.0  76.4  65.1
 wrfout_d04_2016-03-03_17:00:00 999.0 156.1 151.2 122.1 113.6 334.5  86.9  33.8 277.0 152.3 348.5 338.5 999.0   8.5  85.0 252.1  78.3  66.3 205.7  14.5 200.7  47.4  39.3 357.7  10.4  16.7 347.2 359.0   2.0  75.8  66.0
 wrfout_d04_2016-03-03_18:00:00 999.0 157.0 150.7 126.1 111.4 320.9 102.4 270.8 278.9 105.0 339.3 326.8 999.0  44.5 350.7 216.5  75.5  35.5 207.9  21.4 202.4  34.2  24.5 342.6  15.4  20.2 357.3 358.9  14.1  62.2  66.0
 wrfout_d04_2016-03-03_19:00:00 999.0 161.6 153.9 139.1 109.7 308.3 183.3 172.3 281.7  79.8 323.0 318.7 999.0  88.3 348.9 236.7 102.5  48.2 213.3   5.2 203.9  34.3  19.0   7.0   0.4  11.3  16.0   4.7  30.7  70.0  49.4
 wrfout_d04_2016-03-03_20:00:00 999.0 160.1 155.4 147.5 106.9 262.3 191.7  81.5 243.7  70.4 315.5 307.1 999.0 359.0  37.4 287.6 102.5  28.7 212.3   6.2 206.5  28.7  13.5 340.0   8.4   1.9   5.0 347.0   7.4  68.6  61.6
 wrfout_d04_2016-03-03_21:00:00 999.0 154.0 135.6 157.9  91.1 250.3 248.0  73.5 105.2  86.3 331.5 301.1 999.0 346.7  17.9 293.5 110.2  31.2 208.9   1.3 209.8  26.2  18.8 344.7 355.1 353.5 343.5   5.2 357.0  63.9  50.4
 wrfout_d04_2016-03-03_22:00:00 999.0 153.4 117.5 248.7  76.4 238.9 323.1 108.4 315.7  74.5 341.4 337.2 999.0   8.7   8.4 285.5 104.8  35.1 201.9 354.8 208.7  32.8  21.9 351.7   4.4   7.6 351.5  44.2  28.8  63.2  62.9
 wrfout_d04_2016-03-03_23:00:00 999.0 158.3 101.8 189.7  71.4 277.2 300.3  75.1 347.6  61.8 339.7   7.8 999.0 346.0   8.1 157.9  85.1  33.9 201.8   1.2 204.9  27.2  30.1   5.0  22.1  28.4 352.5  23.6  18.9  76.8  65.5
