 wrfout_d04_2016-12-31_00:00:00 999.0  65.6  78.7  93.8  67.9  74.7  89.0  47.6  80.9  46.9 333.1 302.9 999.0  16.4 357.7   9.9 332.4  21.0 115.8 359.0 279.7  17.3  14.9  27.2 348.0 353.1   2.9 346.3  27.1  49.7  60.0
 wrfout_d04_2016-12-31_01:00:00 999.0  67.7  81.0  78.4  70.5  62.9  85.2  46.3  73.4  42.9 354.0 307.3 999.0  12.4 347.9  28.0 340.0  21.4  66.3 354.5 299.3  14.1  13.4  24.9 351.8 353.9  20.1 329.5  28.0  51.1  63.1
 wrfout_d04_2016-12-31_02:00:00 999.0  66.6  78.4  79.5  69.8  69.4  86.7  45.8  74.9  45.3   2.1 333.7 999.0   8.1 336.8  38.2 333.0  20.3  55.7 349.3 313.2  15.3  11.0  45.4 359.6 356.9  34.8 300.4  28.7  53.1  61.0
 wrfout_d04_2016-12-31_03:00:00 999.0  64.3  81.9  84.9  73.2  69.3  80.2  45.1  73.2  43.0  35.7 297.9 999.0   8.4 341.8  43.4 325.1  19.0  48.6 345.8 317.7  14.2   8.2  38.9 354.2 348.8  55.6 280.0  39.7  52.6  56.2
 wrfout_d04_2016-12-31_04:00:00 999.0  61.2  82.6  89.6  73.6  73.8  79.5  42.6  70.9  41.0 177.4 307.8 999.0   5.5 341.4  37.2 301.2  19.7  43.3 340.0 317.2  12.4 356.9  45.0 347.4 337.0  55.4 268.2  45.4  53.8  56.6
 wrfout_d04_2016-12-31_05:00:00 999.0  61.0  80.1  89.8  71.4  65.0  80.4  43.9  70.0  40.5 324.9 279.9 999.0   5.6 342.5  50.1 284.9  17.2  45.8 339.6 321.4  11.8 354.0  39.5 342.1 334.2  52.4 262.0  40.5  55.4  58.3
 wrfout_d04_2016-12-31_06:00:00 999.0  65.7  78.1  87.6  68.7  61.5  82.1  46.3  69.5  41.1 358.2 288.3 999.0   7.4 340.1  63.9 281.2  13.9  46.5 330.4 326.9  12.0 354.5  31.1 338.5 331.3  39.1 261.8  42.8  54.5  57.4
 wrfout_d04_2016-12-31_07:00:00 999.0  66.0  80.7  90.6  69.6  73.4  82.2  47.7  67.5  42.6 340.5 286.0 999.0   9.1 335.7  10.9 277.6  15.4  49.5 326.0 334.0  14.0 353.0  17.4 330.9 331.2  32.6 263.4  37.6  53.2  59.8
 wrfout_d04_2016-12-31_08:00:00 999.0  66.1  80.6  90.9  70.4  71.0  81.1  46.4  65.4  41.2 337.7 302.4 999.0  10.9 337.8   2.6 255.8  16.3  57.1 328.3 341.2  12.8 353.8  24.7 329.4 329.1  32.1 272.1  36.5  51.8  63.3
 wrfout_d04_2016-12-31_09:00:00 999.0  68.7  79.0  99.7  67.7  84.0  79.1  46.1  64.8  41.0 325.5 285.3 999.0   8.8 340.4 357.0 225.4  16.7  78.6 324.5 186.8  10.5 353.7  26.2 331.7 334.8  21.1 284.8  28.4  50.0  65.3
 wrfout_d04_2016-12-31_10:00:00 999.0  71.3  83.3 118.4  72.5  87.3  78.1  45.1  68.6  43.3 320.5 244.5 999.0   8.4 344.5   1.7 202.2  19.0 105.2 326.8 213.0   9.2 354.8  17.4 337.7 343.9   4.7 293.5  19.6  51.2  68.5
 wrfout_d04_2016-12-31_11:00:00 999.0  71.3  84.6 126.5  72.1  84.7  78.6  48.4  64.1  46.4 317.8 202.7 999.0  10.2 345.0   9.2 192.3  18.8 133.0 338.6 214.0  13.1   1.7  13.5 350.4 353.4  12.2 291.8  27.1  55.0  68.8
 wrfout_d04_2016-12-31_12:00:00 999.0  76.4  84.9 134.7  72.8  85.1  79.3  53.7  67.6  51.8 312.3 208.8 999.0   9.6 344.3   5.6 185.4  20.3 179.3 340.9 217.6  14.2  14.1  16.3 350.1 357.9 357.5 289.8  25.2  54.6  66.5
 wrfout_d04_2016-12-31_13:00:00 999.0  86.2  83.9 136.2  72.6  84.9  84.1  56.1  68.0  57.1 332.7 133.7 999.0   6.3 343.5  13.0 187.3  22.4 193.8 340.8 205.6  13.5  20.4  19.0 355.4   4.2   4.3 321.1  21.8  52.3  69.4
 wrfout_d04_2016-12-31_14:00:00 999.0  83.6  88.5 128.0  75.8  91.2  87.5  57.3  78.6  61.4 331.9 160.2 999.0   7.5 162.2  13.6 179.9  21.2 201.7 334.1 203.0  11.0  23.3  20.4 353.5   1.9  12.8 328.4  24.0  56.6  70.4
 wrfout_d04_2016-12-31_15:00:00 999.0  77.0  91.3 116.3  77.3  95.6  96.5  60.6  82.5  65.3 325.2 188.5 999.0 354.9 157.2   7.0 179.3  20.9 203.8 325.4 195.4   9.0  28.0  22.1 358.6   1.7   4.6 311.9  30.3  61.5  72.2
 wrfout_d04_2016-12-31_16:00:00 999.0  76.2  95.0 109.8  82.9  90.3  96.3  62.2  80.0  67.2 318.3 191.4 999.0 302.8 157.0 357.7 180.4  18.4 211.8 288.3 198.3   7.7  34.5  14.9  13.3  13.5 357.3 301.9  25.0  57.3  72.7
 wrfout_d04_2016-12-31_17:00:00 999.0  69.6  93.8 117.9  82.6 115.5  91.1  63.6  79.2  70.6 321.5 194.0 999.0 212.0 165.8  12.1 180.2  16.0 208.9 211.8 196.2   6.7  56.7   6.5  43.3  31.5   0.4 306.7  26.4  58.8  73.6
 wrfout_d04_2016-12-31_18:00:00 999.0  79.0  97.2 119.4  84.0 101.5  89.8  66.3  76.6  76.3 309.5 198.2 999.0 205.8 174.3 352.7 177.4  13.7 208.0 205.7 198.1   4.9  50.5   7.4 114.5 171.5 358.9 305.9  21.9  63.5  74.8
 wrfout_d04_2016-12-31_19:00:00 999.0  88.4  94.4 113.1  80.6  95.9  87.5  68.1  67.7  83.8 303.5 190.9 999.0 208.6 170.0 353.2 169.5  13.3 204.4 197.5 201.6   1.6 110.9  19.3 148.9 157.7 355.9 294.3  18.0  64.5  72.4
 wrfout_d04_2016-12-31_20:00:00 999.0  91.3  92.0 114.2  79.5 102.7  90.2  68.2  68.3  91.2 314.7 190.9 999.0 280.3 172.6 344.7 158.3  12.2 198.6 191.2 204.2 355.6 132.5  15.3  99.8  92.7   7.4 329.0  15.8  63.5  72.1
 wrfout_d04_2016-12-31_21:00:00 999.0  92.1  94.7 119.2  81.8 103.7  90.8  70.1  69.5  93.3 320.7 184.4 999.0 323.2 177.7 347.3 139.5  10.4 193.2 186.0 200.6 348.9 137.2  14.5 100.0  76.1   0.6  25.4  21.4  66.2  72.8
 wrfout_d04_2016-12-31_22:00:00 999.0  98.3  95.3 122.0  82.0  97.6  87.8  72.1  66.0  91.7 317.3 175.4 999.0  23.5 219.4 324.6 114.1   8.3 185.8 183.4 201.9 344.8 124.6  11.1  76.3  75.0 353.6  25.6  20.8  67.8  64.0
 wrfout_d04_2016-12-31_23:00:00 999.0  97.2  98.8 122.5  84.3  93.2  82.2  74.2  65.7 102.0 320.5 166.8 999.0 356.7 152.2 314.3  89.2   4.8 183.6 179.8 203.7 338.5 126.3  23.1  96.4  93.1 351.5  26.2  27.9  67.7  67.5
