 wrfout_d04_2016-01-29_00:00:00 999.0 357.6 248.3 342.6 249.8 290.1 210.3 353.6 220.6 352.6 226.1 356.8 999.0   5.6 355.1 221.5 190.5   9.3 205.0  31.0 209.2  10.3  20.6 243.9  13.3   4.8 269.7  69.5 307.9 140.9 109.4
 wrfout_d04_2016-01-29_01:00:00 999.0 359.8 310.8 337.8 297.0 266.9 293.1 324.4 305.2 317.1 144.6 102.3 999.0   7.9 357.1 224.0 305.9   7.7 205.8   7.4 211.5  11.9  32.9 248.0  38.9  37.3 224.9  62.6 291.5 141.7 114.2
 wrfout_d04_2016-01-29_02:00:00 999.0 355.3 297.7 321.3 304.1 316.9 286.4 350.1 258.5 324.0   4.5 308.1 999.0  11.0 358.6 216.1  21.3  23.5 209.1   9.1 200.8  17.2   8.4 210.4  10.2  14.4 199.1 179.9 223.3 149.9 125.3
 wrfout_d04_2016-01-29_03:00:00 999.0   3.4 347.1 340.2 350.4 310.8 275.1 357.5 269.2 307.8 321.7  14.1 999.0  15.0   5.4 196.0 247.9  25.0 221.9 344.6 204.2  22.0  18.5 210.2 352.4   2.8 196.4 172.4 221.3 150.3 102.2
 wrfout_d04_2016-01-29_04:00:00 999.0 351.8 349.6 348.3 359.5 331.4 287.1   1.4 238.1 121.8 312.0 294.4 999.0   8.9  21.0 184.4  19.0  36.2 214.1  27.8 223.4  31.3  23.3 202.2   0.0   5.0 199.3 331.7 193.7 157.8 132.9
 wrfout_d04_2016-01-29_05:00:00 999.0 345.7 342.8 348.3 350.1 340.2 304.5  23.7 324.4  21.9 303.7 317.7 999.0  25.5 349.7 187.4  36.7  39.1 222.1  34.1 256.1  31.0  25.9 190.3  13.5   8.7 191.3 347.5 164.3 166.3 153.2
 wrfout_d04_2016-01-29_06:00:00 999.0 350.9 352.3 358.4   4.8 336.1 292.1  46.8 310.6 100.8 316.7  12.0 999.0  12.3  17.8 189.2  15.3  40.0 209.2  20.8 225.0  29.8  21.6 194.0  40.6  35.7 190.6 346.7 173.4 173.9 181.3
 wrfout_d04_2016-01-29_07:00:00 999.0   6.4 359.8 353.8  10.0 348.9 304.2  63.7 319.2  24.9 188.7  36.0 999.0  23.8  17.7 107.6   0.2  29.2 223.8 358.7 222.5  29.0  25.7 201.9  13.0  18.9 193.1   0.8 170.0 177.7 183.6
 wrfout_d04_2016-01-29_08:00:00 999.0  16.2  34.8 357.1  51.8 356.8 106.8  44.3 355.6  48.1 181.0  20.1 999.0   6.4 346.3  39.2   9.0  21.9 206.3   2.1 205.1  29.8  12.3 202.6  36.3  40.0 193.2   0.3 182.5 179.8 189.6
 wrfout_d04_2016-01-29_09:00:00 999.0  17.0  25.3 351.5   1.3   6.7 156.2  58.9 306.1  56.9 232.5  25.9 999.0  12.6  19.7  29.9  47.8  35.4 226.9 356.4 222.4  25.2  12.4 202.0 324.0 316.6 183.5 326.1 189.6 187.9 193.8
 wrfout_d04_2016-01-29_10:00:00 999.0  31.9  39.6  34.5  39.1  12.6 117.6  57.6  98.9  66.4  82.7  26.6 999.0 357.7  51.9  30.5   4.9  32.2 228.2 357.8 234.4  20.3  31.0 223.6   4.2  16.9 188.8 357.2 193.1 175.6 308.7
 wrfout_d04_2016-01-29_11:00:00 999.0  22.5  55.4 353.3  40.7  16.7  98.1  59.3 103.3  52.9  74.6  13.1 999.0 359.2 339.3  28.4 194.9  49.5 227.9  19.5 237.1  45.0  23.5  33.9  15.3  28.4 180.0   7.2 197.8 180.7 328.1
 wrfout_d04_2016-01-29_12:00:00 999.0  40.3  53.5   5.3  40.3  33.7  83.4  50.0 117.6  21.6  44.7 359.0 999.0   7.4 338.3  34.5 273.8  31.0 225.7 345.5 245.6  40.9  50.6  34.9  16.3  18.3 148.2 354.1 221.2 187.4 303.8
 wrfout_d04_2016-01-29_13:00:00 999.0  38.1  68.8 205.9  53.3  22.5  72.7  48.6  81.6  31.2 356.0 325.6 999.0   4.9 342.3  21.9 116.0  25.8 216.5   9.5 238.3  23.6  50.4  31.6 357.8  17.1  50.0  40.0 274.9 168.1 310.0
 wrfout_d04_2016-01-29_14:00:00 999.0  43.5  67.6 283.4  52.1  57.2  95.2  65.3 100.6  31.8 256.6 264.5 999.0   9.6   0.4  21.8  51.1  19.2 220.8 357.8 237.5  14.2 356.1  29.6 324.3 326.4  43.0   4.0  13.5 176.4 310.0
 wrfout_d04_2016-01-29_15:00:00 999.0  41.2  65.8 277.5  50.0  46.5  91.8  58.8  99.7  39.6 275.0 257.1 999.0  11.1 349.4  12.9  82.3  20.9 223.0 327.9 236.1   9.0   7.9  29.0 359.3   0.3  33.4 320.2  26.8 192.4   4.4
 wrfout_d04_2016-01-29_16:00:00 999.0  39.1  67.1 262.4  51.7  36.8  94.4  46.0  95.7  31.3 308.0 255.0 999.0   7.7 355.6  25.6 326.3  21.7 221.2  12.8 237.4  13.3  16.1  30.0  14.1  13.2  24.5 316.9  22.9   0.1  41.1
 wrfout_d04_2016-01-29_17:00:00 999.0  37.5  62.0 244.7  48.3  33.1  86.7  53.5  82.8  30.7  55.0 286.1 999.0   4.8 358.7  23.1 140.4  24.6 220.8 358.9 237.1  13.9  23.0  30.2  12.9  14.4  11.6 330.5  18.9  14.5  53.7
 wrfout_d04_2016-01-29_18:00:00 999.0  35.3  66.0 236.2  49.8  30.6  85.3  52.4  79.3  39.4  25.7 283.8 999.0  15.9 348.0  25.9  42.6  22.1 219.6 343.7 235.0  21.2  16.8  28.7 348.4 352.7  16.3 355.6  25.4   6.3  51.1
 wrfout_d04_2016-01-29_19:00:00 999.0  35.5  60.8 214.7  47.1  41.5  75.3  57.6  76.7  37.5 335.9 278.6 999.0   3.9   9.1  22.0   1.6  19.3 214.8 356.3 236.5  14.6  13.3  28.0 355.4 359.5 353.3 340.2  16.3  22.6  57.2
 wrfout_d04_2016-01-29_20:00:00 999.0  33.7  61.6 259.8  47.9  34.8  77.8  53.8  73.1  37.7 316.9 305.7 999.0   8.1 310.9  12.5 155.2  21.2 214.4 351.3 235.9   9.2  10.4  11.2 320.8 325.6 356.1 334.5   9.3  12.6  44.9
 wrfout_d04_2016-01-29_21:00:00 999.0  36.0  64.6  59.9  48.0  34.3  82.6  57.0  79.5  42.0 331.1 313.6 999.0   4.5 299.3  24.9  87.3  18.6 217.4  37.4 238.0  11.8  14.8  30.1   8.7   9.7 344.4   5.6  11.8   5.3  54.3
 wrfout_d04_2016-01-29_22:00:00 999.0  33.7  62.7  13.1  45.8  34.3  87.0  52.9  81.5  38.2 216.5 291.2 999.0   5.7 353.9  23.6  37.4  25.5 220.5 357.6 242.5  12.0  13.0  28.6 346.0   0.3 353.9   8.0   3.0   9.4  48.2
 wrfout_d04_2016-01-29_23:00:00 999.0  31.5  62.5  36.4  46.1  36.0  80.6  48.8  78.9  37.7 219.5 276.9 999.0   8.8 337.0  29.2  44.3  23.4 221.1 351.9 246.8  16.7  17.3  28.8  11.4   3.8   0.9 334.1 350.4   2.7  28.1
