 wrfout_d04_2016-12-28_00:00:00 999.0  28.6  56.0 221.0  48.5  35.5  84.7  58.7  80.5  43.6 228.2 279.8 999.0  15.8  11.9  26.9 338.7  22.8 224.4   9.2 212.5  20.7  15.4  22.9   6.4   7.1   9.3  11.9  20.2  28.5  50.0
 wrfout_d04_2016-12-28_01:00:00 999.0  32.5  56.4 216.1  50.0  42.6  81.7  59.2  74.6  41.9 208.5 279.8 999.0  17.6   3.0  25.5 358.3  24.5 221.6   3.2 208.9  21.1  16.5  22.7  12.3  18.7   7.7   0.3  23.4  25.9  42.5
 wrfout_d04_2016-12-28_02:00:00 999.0  37.0  58.8 217.1  52.1  39.8  83.0  58.9  76.3  41.7 201.1 282.2 999.0  18.8   0.7  28.5 290.8  24.0 216.1   9.6 211.4  19.3  20.9  24.0  10.8  11.5  16.6   2.9  27.3  30.3  40.7
 wrfout_d04_2016-12-28_03:00:00 999.0  41.0  57.8 233.4  50.6  41.7  81.0  54.7  77.5  42.7 207.9 275.5 999.0  16.4 359.4  24.7   9.4  23.7 212.7   3.1 210.0  18.7  18.4  22.8 359.6 357.1  17.3 359.8  27.6  29.8  37.5
 wrfout_d04_2016-12-28_04:00:00 999.0  37.9  57.8  41.5  50.4  39.5  81.3  56.5  74.0  40.8 197.6 275.7 999.0  15.8   4.7  27.3  13.1  23.0 211.0 358.8 218.3  19.6  17.4  22.7  10.8  13.5  19.9 358.4  28.9  30.0  38.4
 wrfout_d04_2016-12-28_05:00:00 999.0  37.9  58.3 217.4  50.5  45.2  81.1  56.6  72.7  41.4 184.3 275.5 999.0  14.0 353.2  22.8   7.5  22.1 211.7   8.0 221.9  19.4  16.6  23.7 355.2   2.8  19.5  11.4  31.9  25.3  25.8
 wrfout_d04_2016-12-28_06:00:00 999.0  37.0  61.2 181.3  53.0  45.9  83.3  56.2  79.5  34.4 198.0 269.7 999.0  14.5 359.3  18.7 351.8  21.7 199.5 358.1 235.8  17.9  16.5  25.6   4.0 359.0  30.3  14.6  26.1  25.5  32.1
 wrfout_d04_2016-12-28_07:00:00 999.0  40.6  61.4 208.2  52.9  48.4  85.8  59.5  78.1  40.0 219.7 271.2 999.0  11.4 356.7  18.5 344.4  21.6 225.4 355.6 241.0  17.8  19.3  22.2   0.4   3.2  17.8   7.0  23.2  23.8  35.4
 wrfout_d04_2016-12-28_08:00:00 999.0  39.1  61.9 233.1  53.1  46.8  88.8  60.2  82.5  42.4 202.1 272.8 999.0  11.7 353.3  15.4 333.8  18.8  48.4 355.1 252.3  16.9  20.3  19.9   4.6   8.8   9.9  17.2  18.2  32.1  27.0
 wrfout_d04_2016-12-28_09:00:00 999.0  39.9  61.1 239.5  51.8  44.8  91.1  61.1  84.4  37.2 217.5 270.1 999.0  11.8 350.8  17.0  28.1  18.2 355.6 358.7 265.3  17.4  20.2  18.9 359.3   3.1 358.4  15.5  13.9  34.1  20.4
 wrfout_d04_2016-12-28_10:00:00 999.0  39.2  59.7 236.0  50.9  45.6  91.5  64.7  89.5  39.1 227.2 269.2 999.0  14.3 359.8  10.8  36.0  20.1  82.0   2.1 283.0  18.2  18.7  17.4 349.7 356.6 354.8  11.4  12.1  28.9  22.3
 wrfout_d04_2016-12-28_11:00:00 999.0  33.6  55.4 255.8  47.8  44.0  89.6  59.3  93.0  39.1 211.4 268.8 999.0  14.7 356.6   9.9  41.6  20.9  85.7 359.1 286.6  17.1  18.2  15.9 359.5   4.8 351.9   0.6  11.7  26.0  24.9
 wrfout_d04_2016-12-28_12:00:00 999.0  29.9  52.9 248.5  46.9  45.1  95.2  58.7  94.8  37.9 217.4 270.7 999.0  15.5   2.5  10.9  32.6  22.4  80.4   3.9 283.8  18.8  19.5  13.9   0.5   8.8 348.9  12.7   9.0  26.3  22.9
 wrfout_d04_2016-12-28_13:00:00 999.0  26.0  49.6 259.0  44.8  43.7  98.2  60.4  93.0  38.9 230.9 272.7 999.0  14.6   3.0   8.1  17.4  21.3 122.6   1.6 271.6  20.9  19.8  15.7  11.9  10.0 353.9   8.1   8.9  22.3  16.4
 wrfout_d04_2016-12-28_14:00:00 999.0  19.7  49.6  23.2  45.8  35.7 105.0  62.0  83.2  39.7 226.0 279.4 999.0  12.2   2.7  15.2 311.4  20.6 131.5 357.4 265.6  20.2  16.8  17.3   8.3   6.5 352.2   7.4   7.2  25.6  18.6
 wrfout_d04_2016-12-28_15:00:00 999.0  13.2  45.9  32.4  42.9  27.5 109.1  54.0  89.4  42.3 224.3 289.7 999.0  18.0 354.4  12.9  25.7  20.7 187.8 358.9 254.4  20.7  16.7  18.2   6.3   2.5 355.1   3.7  17.4  22.4  14.6
 wrfout_d04_2016-12-28_16:00:00 999.0  11.3  44.9  24.8  39.9  29.0  38.9  40.3  99.6  43.0 231.6 295.0 999.0  17.4   4.6  16.8 323.0  22.0 190.0   2.3 255.3  19.6  18.0  15.8 359.0   6.6 359.4   4.8  17.4  25.2 356.4
 wrfout_d04_2016-12-28_17:00:00 999.0  14.2  41.1  18.4  36.6  21.5 286.2  37.8  98.0  42.5 236.7 289.9 999.0  16.0   7.2  18.0  13.2  21.4 166.3  13.9 260.0  19.5  20.1  16.7 358.7   6.1 357.8  13.9  23.5  24.8 345.7
 wrfout_d04_2016-12-28_18:00:00 999.0  16.0  40.4  20.7  36.4  18.5 105.0  37.5 106.2  42.1 224.5 268.8 999.0  17.6  11.3  22.0 257.1  22.7 158.6 359.2 265.9  20.2  21.2  16.3   4.4   7.0 358.9  16.6  22.3  23.4  16.7
 wrfout_d04_2016-12-28_19:00:00 999.0  16.4  37.6  22.5  34.0  25.3 110.9  38.5 109.3  44.6 215.5 269.8 999.0  15.3  10.3  30.5 226.5  24.8 221.6  12.7 269.9  19.3  17.4  15.1   4.2   3.3   0.0   4.2  24.4  16.9  13.3
 wrfout_d04_2016-12-28_20:00:00 999.0  17.6  32.6  19.7  28.9  27.7  64.2  44.6  94.9  43.5 210.0 267.6 999.0  18.8  10.6  30.7 249.4  22.9 194.4   7.9 265.8  19.3  17.1  14.5   4.3   3.6 359.7 359.2  19.0  20.5   0.9
 wrfout_d04_2016-12-28_21:00:00 999.0  21.7  37.3  19.9  33.6  25.2  87.2  44.1  83.1  48.6 230.8 264.7 999.0  13.8   7.5  26.5 241.6  23.4 227.2 359.6 266.4  20.8  17.6  14.8   0.7   6.7 358.6  10.8  14.1  22.7 359.2
 wrfout_d04_2016-12-28_22:00:00 999.0  18.8  40.6  22.0  35.6  27.8  69.7  42.3  74.2  47.0 347.9 271.9 999.0  13.5  11.2  26.1  81.7  23.5 214.6 358.5 255.9  20.8  18.4  16.8   5.9   5.7   4.0 349.7  18.0  19.6 342.1
 wrfout_d04_2016-12-28_23:00:00 999.0  17.9  40.9  19.1  36.8  26.3  84.8  43.4  76.8  48.6 320.4 291.6 999.0  15.9  10.4  25.1 217.5  21.2 210.6 356.6 252.9  19.0  13.2  16.7 358.4 358.0 359.2   1.3  23.9  22.1  29.8
