 wrfout_d04_2016-11-26_00:00:00 999.0 143.7 162.9 138.0 148.2 202.3 157.7 208.1 255.3 207.3 106.8 175.4 999.0 189.4 164.1 173.6 250.6 359.1  40.7  26.1 150.5   5.9  20.8  16.6  19.6  11.4   6.0 358.7  69.7  82.6  86.9
 wrfout_d04_2016-11-26_01:00:00 999.0 144.0 164.1 137.4 151.6 170.7 145.5 236.4 210.8 257.2 111.8 171.1 999.0 226.9 206.3 215.4 321.7 352.6  59.4 339.7 152.6 357.3  42.6 296.2   8.5   9.5 353.7 332.2  42.8  73.1  80.8
 wrfout_d04_2016-11-26_02:00:00 999.0 152.4 172.9 196.8 161.7 169.5 166.7 228.6 271.2 245.1 128.0 164.0 999.0 286.2 256.1 219.9 346.4 352.0  37.9 339.3 159.8 357.5   8.8 254.2 352.8 351.4  87.7 326.0  56.6  74.1  84.7
 wrfout_d04_2016-11-26_03:00:00 999.0 161.1 244.0 290.9 238.3 177.1 276.3 254.8 277.2 276.5 128.8 163.7 999.0 340.4 294.9 224.2 330.9   2.4  30.7 331.7 254.9 359.2   1.3 151.2 357.1 352.3 106.8 323.7  55.9  67.2  72.0
 wrfout_d04_2016-11-26_04:00:00 999.0 170.1 261.9 287.2 281.2 189.8 289.5 323.9 271.1 322.5 130.0 170.5 999.0 355.9 332.5 212.2 290.0   2.9  33.1   1.2 270.3   5.6 349.7 151.7 347.4 355.6 100.1 304.7  47.3  63.7  67.5
 wrfout_d04_2016-11-26_05:00:00 999.0 165.0 259.9 295.8 272.0  19.9 276.3 331.9 277.3 328.3 118.0 177.0 999.0 354.9 355.1 206.4 261.1   5.7  44.3 340.1 252.6   2.1 357.7 163.2 351.4 347.0  89.9 277.1  46.4  57.4  65.0
 wrfout_d04_2016-11-26_06:00:00 999.0 196.1 299.9 320.5 309.6  92.7 310.0 336.2 295.7 339.1  15.0 172.4 999.0   4.5   1.5 189.1 323.7   4.8  58.7 351.8 209.7   7.9   1.9 186.0 350.6 352.9  96.4 286.1  50.0  55.1  60.1
 wrfout_d04_2016-11-26_07:00:00 999.0 263.1 304.6 319.7 306.7 189.9 304.7 346.5 285.1 339.0   8.5 192.3 999.0  12.4 359.4 183.6 355.0  13.5  53.3   2.3 149.5  15.9  13.4 180.8 357.1 358.6 105.8 316.0  28.5  56.9  65.3
 wrfout_d04_2016-11-26_08:00:00 999.0 305.5 311.4 328.6 311.0 249.6 291.7 345.9 262.4 337.7  54.9 257.0 999.0   8.4   3.4 186.4  34.7  11.5  64.6   7.0 149.5   7.2  17.2 198.5   5.2   9.3 108.0  24.3  38.3  57.0  72.1
 wrfout_d04_2016-11-26_09:00:00 999.0 347.8 333.8 344.8 318.1 255.3 250.7 346.0 223.4 334.1 308.0 230.6 999.0  10.0   4.3 194.5 165.8  11.6 216.1  11.7 160.6  12.6  25.3 284.1   8.2  11.8  56.5   9.9  51.3  61.9  70.6
 wrfout_d04_2016-11-26_10:00:00 999.0 350.6 341.3 349.8 351.9 313.8 268.0 347.0 243.2 357.7 210.6 192.6 999.0   9.9   3.7 239.3 192.5  12.0 221.4  13.8 163.9  16.3  21.1 235.7   3.4   1.9  42.6 346.7  40.9  64.3  67.2
 wrfout_d04_2016-11-26_11:00:00 999.0 351.4 346.4 353.1 350.1 323.6 303.5   8.3 287.0 342.6 140.7 299.4 999.0   8.4   1.0 257.9 197.5  18.5 196.5  24.6 163.6  21.1  15.1  31.8 356.5   2.7  56.3 341.7   8.9  71.6  62.5
 wrfout_d04_2016-11-26_12:00:00 999.0 358.8 352.0 356.2 355.3 351.0 319.6   7.8 342.1  14.2  91.0 339.8 999.0  11.1   3.8 275.7 198.9   8.5 179.1   6.8 163.0  16.1  15.5 346.2 357.6   1.7   6.8   0.7  18.0  63.4  60.2
 wrfout_d04_2016-11-26_13:00:00 999.0   2.7   0.9   0.2   4.7   0.8 330.8  18.0 357.0  20.9  57.8 304.0 999.0   3.4 359.6  16.1  52.7   6.6 189.8   9.4 158.5  12.4  19.5 340.1  12.9  13.7  26.2  27.9  29.0  68.2  62.0
 wrfout_d04_2016-11-26_14:00:00 999.0  10.5  17.8   3.4  21.9   5.4 300.4  26.0   2.8  29.8  78.0 347.1 999.0   9.4   0.0 331.3 299.7  20.5 197.2   4.5 154.4  20.1  20.0  21.5   2.4   0.7  45.9  10.0  36.1  75.4  69.4
 wrfout_d04_2016-11-26_15:00:00 999.0  12.4  24.6   8.3  28.1  12.9 309.9  28.7   1.1  35.0  75.9 349.5 999.0  13.6   5.9  27.2 223.9   7.8 232.5  16.0 148.8  16.5   7.6   8.0   0.4   5.3   0.9  10.3  25.5  69.7  69.3
 wrfout_d04_2016-11-26_16:00:00 999.0  14.1  33.6  11.9  31.9  14.9  93.0  34.6  47.7  34.7  92.2 353.0 999.0  18.8   9.4  32.1 196.4  12.4 127.8 345.1 153.3  14.1  12.2  34.0   5.4   1.0 345.4 353.9  15.9  70.1  68.9
 wrfout_d04_2016-11-26_17:00:00 999.0  12.2  29.7  17.2  29.6  13.1  94.8  38.5  82.3  34.7  54.6 357.5 999.0  12.5  10.3  31.6  21.1   8.7 219.8   6.5 145.8   2.8  15.9  38.9 346.6 357.9  25.1 355.7  19.5  61.5  67.3
 wrfout_d04_2016-11-26_18:00:00 999.0  15.4  38.0  14.4  33.5  19.2 102.1  48.2  84.1  37.6  69.6 349.9 999.0  14.0   9.5  35.4 210.8  11.4 114.2   6.5 144.7  15.2  16.1  23.3 356.5   2.6 341.9 357.5  14.7  67.3  66.4
 wrfout_d04_2016-11-26_19:00:00 999.0  16.9  36.9  11.7  33.7  21.6  73.6  43.3  57.7  41.0  85.7 348.5 999.0  15.6  15.3  36.1 202.1  25.6 236.7 359.8 147.9  18.9  10.3  23.6   3.1   6.9   5.1   1.9  21.3  57.8  63.2
 wrfout_d04_2016-11-26_20:00:00 999.0  13.0  33.5  11.2  31.7  13.3 245.7  41.4 187.6  36.2 234.4 341.7 999.0  18.6  10.6  35.8 204.6  22.8 233.7   0.5 163.7  19.4  12.8  29.7   3.3   7.2  45.3   0.7  15.7  63.5  58.7
 wrfout_d04_2016-11-26_21:00:00 999.0  12.0  28.6   7.7  29.6  15.5 257.4  44.7 141.9  49.1 206.0 297.5 999.0  17.5  12.2  33.3 196.6  21.1  25.6   7.6 158.2  21.8  15.2  33.6   4.2   5.0  31.2 353.6  37.4  59.0  39.4
 wrfout_d04_2016-11-26_22:00:00 999.0  13.5  33.8  14.4  33.2  14.5 196.4  45.5 157.0  42.4 216.4 286.6 999.0  16.8   8.9  36.4 272.5  25.4  54.7   0.7 160.0  22.3  16.4  33.6   5.1   7.2  34.1 356.5  33.5  38.6  45.5
 wrfout_d04_2016-11-26_23:00:00 999.0  12.4  31.7  14.4  33.5  11.3 244.1  46.8 109.0  50.1 230.0 289.0 999.0  14.6   9.4  27.4 294.4  26.3  70.0   3.6 151.3  20.1  14.4  39.2   5.1   9.1  36.4   1.1  30.3  24.8  27.3
