 wrfout_d04_2016-10-24_00:00:00 999.0  47.8  70.1 241.0  57.5  53.9  78.7  43.2  66.6  55.5 267.6 309.9 999.0 353.1 178.0  29.9 294.8  24.5 224.8 330.2 273.6  14.6  11.3  42.6   6.5   2.7  36.4 324.0  25.7 146.7  42.8
 wrfout_d04_2016-10-24_01:00:00 999.0  55.1  77.9 163.2  67.3  56.5  77.4  42.5  70.4  54.8  79.6 358.3 999.0 349.8 216.6  31.9 274.4  26.4 241.9 346.3 277.8  13.7  19.4  38.1  12.0  12.8  54.7 350.7  32.3  86.7  48.4
 wrfout_d04_2016-10-24_02:00:00 999.0  65.6  84.3 124.9  73.6  63.7  72.7  38.3  68.6  59.6  69.2  61.8 999.0 342.9 217.5  35.6 255.6  20.8 253.4 333.8 288.5  12.9 344.6  38.3 342.2 336.9  52.1 274.5  39.2  74.0  48.3
 wrfout_d04_2016-10-24_03:00:00 999.0  54.4  80.8 118.2  72.9  55.9  70.2  32.5  67.7  52.4  79.4  76.0 999.0 338.8 210.7  24.9 257.2  17.2 258.5 309.0 290.9   8.9 328.1  36.9 330.8 300.0  58.1 266.0  47.0  71.3  52.8
 wrfout_d04_2016-10-24_04:00:00 999.0  57.0  82.6 108.6  71.6  60.3  65.9  30.9  59.6  22.5  73.7  66.2 999.0 339.9 236.2  38.3 248.1  14.9 273.7 292.8 293.1  12.1 326.4  31.4 316.5 280.2  59.7 265.3  54.3  58.2  59.5
 wrfout_d04_2016-10-24_05:00:00 999.0  57.7  80.2  98.1  68.0  58.9  72.2  38.8  61.6  22.6  64.6  82.5 999.0 346.4 266.5  43.8 260.3  15.5 271.4 281.4 295.0  10.3 320.8  45.5 300.6 274.9  62.3 265.5  50.2  56.6  58.4
 wrfout_d04_2016-10-24_06:00:00 999.0  56.5  80.2 105.8  65.5  60.4  75.8  36.6  62.5  18.5  52.5  76.2 999.0 349.3 283.7  41.4 260.5  12.8 276.2 282.4 299.1 359.5 328.2  40.4 296.8 281.2  66.1 268.6  58.6  52.9  64.3
 wrfout_d04_2016-10-24_07:00:00 999.0  64.0  80.9 109.3  65.0  62.3  75.9  36.7  65.6  42.9  72.4 111.1 999.0 349.7 287.3  51.6 255.0  11.4 268.8 286.4 300.0   7.3 329.4  29.4 303.6 293.1  63.3 271.5  56.8  48.1  72.2
 wrfout_d04_2016-10-24_08:00:00 999.0  73.4  87.8 110.8  69.9  82.3  74.8  44.0  73.6  65.1  53.5 101.8 999.0 346.2 287.1  40.9 243.9   7.8 276.7 286.2 301.8   6.7 331.6  27.2 312.5 302.9  59.0 276.9  60.3  50.2  72.8
 wrfout_d04_2016-10-24_09:00:00 999.0  82.1  89.9 128.0  69.8  86.7  83.2  59.0  69.9  55.7  39.0 109.2 999.0 346.8 290.4  32.8 227.4   9.3 299.3 295.2 294.3   5.5 336.7  25.2 309.0 307.7  44.5 277.9  54.7  62.8  73.0
 wrfout_d04_2016-10-24_10:00:00 999.0  86.2  91.0 133.0  67.2  77.4  77.9  59.7  64.3  58.2  22.7  22.9 999.0 351.1 284.9   1.7 229.0   6.8 238.5 307.3 268.6   3.7 338.4  16.7 324.2 326.0 345.0 284.7  33.6  69.5  71.8
 wrfout_d04_2016-10-24_11:00:00 999.0  84.6  92.7 125.9  70.1  83.3  77.0  58.1  63.7  78.8 328.0 256.1 999.0 351.1 282.6  18.8 199.1  13.8 177.6 339.5 263.7   8.0 341.6   9.4 334.4 338.7 189.4 291.7   6.3  87.8  73.4
 wrfout_d04_2016-10-24_12:00:00 999.0  86.2  93.4 123.8  70.8  89.1  76.7  63.3  66.4  57.6 341.0 246.4 999.0 347.6 190.6 351.1 170.4  12.1 177.5 341.4 245.1   0.2 351.6 347.9 352.2 351.7 212.6 296.3  30.5 119.0  70.5
 wrfout_d04_2016-10-24_13:00:00 999.0  96.7  97.3 127.6  75.1  75.9  78.2  72.8  62.4  91.0 297.4 296.0 999.0 345.5 175.3  28.3 237.0   6.0 200.8 339.7 230.9   6.4  15.8 331.4 353.3 358.0 212.1 292.3  20.2 136.0  77.3
 wrfout_d04_2016-10-24_14:00:00 999.0  99.0 102.9 122.9  77.5  96.2  76.9  82.6  60.5 104.5 324.8 303.6 999.0 260.3 210.2  23.4 152.6   6.6 217.5 329.4 254.4 358.9  17.5  34.9 334.1 327.2 203.2 302.5  32.3 152.1  75.6
 wrfout_d04_2016-10-24_15:00:00 999.0  84.8 110.6 125.1  85.7  84.6  73.2  96.6  57.5 125.0 332.7 270.4 999.0 215.2 178.5 354.8 183.3  13.3 196.3 352.9 216.4   3.5  44.0  75.2  37.0  28.6 273.9 334.6 347.5 197.9  64.9
 wrfout_d04_2016-10-24_16:00:00 999.0  89.1 115.3 122.8  85.1  54.1  74.3 101.7  61.5 141.7 310.3 302.4 999.0 205.0 179.8   8.0 165.5 357.4 173.3 305.4 241.5 355.1  34.2 299.2 338.7 325.5 263.1 330.4 345.6 110.5  62.2
 wrfout_d04_2016-10-24_17:00:00 999.0  89.4 114.2 125.4  77.5  31.9  77.1 101.4  51.3 124.8 255.9 304.3 999.0 192.4 164.7   3.0 152.9   2.2 170.0 304.8 235.9 356.8  58.3 286.1 355.9 329.6  27.4  12.9 359.8 147.1  65.1
 wrfout_d04_2016-10-24_18:00:00 999.0  96.9 118.7 140.7  79.7  36.4  80.5 136.3  44.1 129.8 235.6 321.5 999.0 190.8 185.7  52.8 174.4 359.6 147.7 304.0 202.8 347.6  66.5 265.5  44.6  20.5  20.1  32.7 335.1  29.5  63.8
 wrfout_d04_2016-10-24_19:00:00 999.0 110.0 133.0 140.6  94.2  14.9  87.8 173.6  21.5 144.0 200.7 253.5 999.0 199.4 179.0 231.3 156.8   0.6 142.7 304.4 166.9 349.8  65.2 291.0 355.0 300.7 336.6  10.1 356.3  16.1  66.1
 wrfout_d04_2016-10-24_20:00:00 999.0 116.4 163.9 147.4 129.6 325.6 102.4 178.6 335.7 163.7 281.2 306.3 999.0 188.1 172.6 225.2 173.1 359.3 184.4 287.4 218.1 353.4  71.3 257.8  61.4  67.2 339.8  20.5 332.4 329.0  78.2
 wrfout_d04_2016-10-24_21:00:00 999.0 102.4 200.9 137.8 169.1 269.7 112.0 188.7 254.3 163.3 178.6 264.0 999.0 195.1 172.0 323.7 172.9   2.6 139.1 296.1 207.7 356.9  67.3 241.5  45.6  46.6 350.9   7.0 348.4  22.2  46.8
 wrfout_d04_2016-10-24_22:00:00 999.0 106.7 216.9 139.0 219.6 230.9 295.6 186.5 281.8 154.6 317.9 297.9 999.0 173.8 165.3 250.4 152.1  17.1 178.1 359.1 216.8 355.5  53.2 267.6  56.7  49.1 329.3  24.7 304.3  71.6  47.8
 wrfout_d04_2016-10-24_23:00:00 999.0 109.9 231.0 148.8 250.0 225.1 262.1 203.7 257.5 202.8 213.4 320.2 999.0 184.8 176.4 203.9  73.7   6.5 123.1   3.3 183.2 354.7  78.9 249.8  29.2  32.2 325.8  19.4 330.9 140.4  57.8
