 wrfout_d04_2016-10-07_00:00:00 999.0 104.6 120.5 128.6 113.6 118.5 113.3 187.2 101.1 301.0 102.1 120.1 999.0 177.2 165.7 128.5  27.6 217.3  99.5 255.0 142.7 198.2  87.1  26.0  53.2  34.0 321.1  39.8 109.4 130.4 103.0
 wrfout_d04_2016-10-07_01:00:00 999.0 106.3 118.2 124.0 109.5 113.9 108.2 310.5  92.4 329.7 123.5 144.5 999.0 160.7 165.8 109.3  49.4 238.9 167.9 253.3 159.9 211.5 313.3  36.6  23.1  17.2 220.4  64.1  96.5 142.8 115.4
 wrfout_d04_2016-10-07_02:00:00 999.0 117.9 121.0 117.4 117.1 106.3  96.3  80.8  99.9   6.3 132.0 132.2 999.0 168.8 262.0 119.8 354.3 241.3 189.3   1.4 165.3 300.4 316.2 327.5  70.4  46.8 203.3  69.8 113.6 142.8 121.5
 wrfout_d04_2016-10-07_03:00:00 999.0 111.0 132.3 127.3 123.9 129.1  99.4  74.9 100.9  41.5 121.1 139.6 999.0 203.2 146.8 124.4 290.6 284.8 205.7  53.6 146.8 232.0  36.3   6.3  44.5  29.3  60.2 101.0 117.1 155.0 127.3
 wrfout_d04_2016-10-07_04:00:00 999.0 118.5 134.7 134.1 125.7 121.4  99.4 132.1  96.6 138.1 135.4 140.4 999.0 184.3 146.7 122.6  52.3 212.2 123.9  19.5 167.1 258.2  54.9 294.6  30.7  36.8  28.4 101.2 120.4 146.0 132.5
 wrfout_d04_2016-10-07_05:00:00 999.0 129.0 134.1 137.8 124.7 127.6 110.0 210.1 101.9 140.8 122.3 139.0 999.0 167.8 123.0 208.2   5.0 102.0 227.2  18.7 170.7  99.4  58.3 264.5  28.3  20.2 232.7 113.5 136.3 148.7 131.4
 wrfout_d04_2016-10-07_06:00:00 999.0 137.2 146.4 139.7 137.0 148.1 117.2 165.7 101.9 140.5 127.0 144.3 999.0  78.4 313.4 279.9 314.7 116.8 183.2  24.0 144.3  75.4  34.5  25.8  16.2  21.4 180.0 143.5 158.9 170.1 134.2
 wrfout_d04_2016-10-07_07:00:00 999.0 130.3 137.4 136.3 126.5 124.3  94.4  87.4  66.3  92.7 120.8 130.6 999.0 344.6  15.3 289.1 271.6  28.3 346.7   1.6 148.6  91.9  54.2 265.0  37.8  53.7  25.0 130.0 183.1 167.3 140.1
 wrfout_d04_2016-10-07_08:00:00 999.0 131.6 135.1 136.0 117.6 123.1 105.6  61.9 358.9  58.0 114.2 162.2 999.0  21.0   6.8  28.1 176.3  42.3 153.4  32.9 138.7  87.6  79.8  51.3  67.8  27.4  30.8 159.2 169.1 164.9 125.0
 wrfout_d04_2016-10-07_09:00:00 999.0 128.8 126.3 134.5 109.2  97.7  39.3  43.1  24.6 139.1 117.5 160.8 999.0  20.9   3.9 328.8 207.5  97.8  85.4 359.9 137.1 105.2  96.4 356.8 221.4 235.5 314.6 168.0 168.0 166.3 199.0
 wrfout_d04_2016-10-07_10:00:00 999.0 122.9 151.9 129.2 125.4 141.0  89.8  69.0  72.8 113.6  24.4 162.7 999.0  36.3  40.5  22.6 134.8 167.1 218.8 107.0 143.3  77.8 279.3 163.0 120.5  51.6 147.5 158.5 160.5 163.3 178.0
 wrfout_d04_2016-10-07_11:00:00 999.0 135.3 156.0 129.4 135.2  23.1 125.5 148.7  82.9 164.8 326.1  90.3 999.0  65.5  30.9 295.5 141.8 135.4  16.1 194.3 142.8  89.4  17.8   4.9  93.4 117.5 162.7 142.1 320.0 158.5 175.0
 wrfout_d04_2016-10-07_12:00:00 999.0 140.2 146.2 128.9 122.3  77.4  78.5 224.6  25.8  53.0 156.5 214.3 999.0 190.7 215.4 274.3 197.3 118.8 119.8 191.0 130.1 100.7 114.9 261.2 133.0 129.7 153.4 105.7 334.8 162.7 168.2
 wrfout_d04_2016-10-07_13:00:00 999.0 136.1 155.8 125.0 131.7 151.1  84.5 203.9  54.9 178.2 299.9  20.0 999.0 190.9 130.1 115.1 215.7  78.1 188.1  96.5 138.3 116.0 104.5  63.9 116.3 114.6 297.8  97.7 355.1 162.5 158.4
 wrfout_d04_2016-10-07_14:00:00 999.0 131.1 151.5 120.4 119.3 330.3  60.5 124.1  37.9  88.9 307.8   0.8 999.0 193.5 152.1 139.9 154.8  83.5 125.1  94.7 148.7 104.3 100.6  48.5 100.8  97.2 336.8  81.0 141.3 168.6 163.8
 wrfout_d04_2016-10-07_15:00:00 999.0 140.4 158.1 123.1 126.3  41.1  49.5 196.8 265.8 107.4  87.7 152.1 999.0 196.6 193.7 312.5 332.7 100.5 222.7 321.7 161.4 100.4 102.4 176.9 112.6 108.4  37.9  98.1 177.9 174.6 158.1
 wrfout_d04_2016-10-07_16:00:00 999.0 133.6 167.9 144.0 139.0 189.8 124.8 128.5 118.3 116.1 185.0 184.7 999.0 184.3 193.9 347.4 115.3 120.1 179.8 134.7 178.0 111.0 125.5 356.9 121.3  44.2   4.6 137.1 170.8 176.3 157.9
 wrfout_d04_2016-10-07_17:00:00 999.0 157.0 163.0 134.9 141.2 174.3 157.8 186.9 108.3 141.6  43.6 102.8 999.0 162.3 120.3  68.5 316.1 124.9 169.4  43.0 169.9 110.7  96.9 156.5   2.9 310.4 354.0 146.2 170.8 179.0 152.7
 wrfout_d04_2016-10-07_18:00:00 999.0 172.3 185.3 135.4 169.0 229.5 345.1 166.6 260.1 104.2  93.3 149.2 999.0 336.2  18.5 354.8 123.5 119.8 186.6   7.6 196.8  90.0  73.5 171.6  57.5  82.6   5.1 153.7 199.6 180.9 160.7
 wrfout_d04_2016-10-07_19:00:00 999.0 168.5 191.9 143.0 179.3 235.3 143.9 163.4 158.0 126.9   0.5 109.7 999.0 166.4 340.9 120.3 113.2 114.8 175.3  13.1 185.4 115.6  11.4  24.5  70.5  71.2 342.4 160.6 260.3 173.8 166.5
 wrfout_d04_2016-10-07_20:00:00 999.0 167.7 193.1 132.6 177.0 223.9  22.3 172.8  67.0 110.7   5.6 127.1 999.0 235.2 168.1 173.4   4.5 103.8 177.1  19.5 166.7  96.2  52.0 213.1  92.9  78.8  68.9 157.7 199.5 167.3 143.2
 wrfout_d04_2016-10-07_21:00:00 999.0 191.2 239.3 118.3 301.9 203.1  37.6 132.3 354.3  91.0 359.2  95.1 999.0 346.8 328.2  79.3  27.1  91.8 221.6  26.3 151.3  90.6  45.5 238.8  86.3 113.6  45.8 123.5 193.7 165.8 158.9
 wrfout_d04_2016-10-07_22:00:00 999.0 172.3 233.4 149.4  88.3 216.7  95.5 144.5  68.9  53.9 352.0  98.6 999.0 347.2  18.7 273.6 336.5  91.6 194.9 196.7 147.0  86.1  46.5   6.0 119.4  93.5  46.8 174.0  85.6 160.2 161.1
 wrfout_d04_2016-10-07_23:00:00 999.0 170.1 234.9 162.3 324.6  79.5 334.7 142.7 329.5  64.0  53.9  33.5 999.0  14.3 294.7 294.8 291.5  96.4 178.7   6.8 189.6  82.9  95.2 138.9  99.3 111.1  25.8 170.3 134.4 157.9 164.0
