 wrfout_d04_2016-02-18_00:00:00 999.0  73.5  85.7 143.4  72.5  69.4  96.1  61.6  72.9  75.2 275.7 310.7 999.0   9.7  21.3  16.0  47.3   9.7 228.5  31.5 226.4   1.8  44.0  25.6  25.1  25.4   0.5  21.1  10.7   7.9  22.0
 wrfout_d04_2016-02-18_01:00:00 999.0  87.4  82.8 201.3  64.0  80.6  84.3  61.7  80.6  71.8 349.0 297.6 999.0   2.2 330.1  26.8 356.8  11.5 232.8  11.5 238.0   6.6  36.8  39.7   7.2  10.0  37.2   3.0  42.4 211.3 339.9
 wrfout_d04_2016-02-18_02:00:00 999.0  91.5  90.5 147.7  72.6  85.6  75.8  57.9  76.7  72.3   0.3 300.6 999.0 357.2 322.8  31.5 275.5  12.2 231.9   2.8 235.4 358.0  26.5  38.8   2.3   7.1  46.5   3.8  42.1 222.9 322.2
 wrfout_d04_2016-02-18_03:00:00 999.0  87.2  89.0 128.4  70.8  85.7  82.5  59.7  72.2  54.5  56.4 278.6 999.0 351.3 302.9  38.2 239.0   2.4 237.2 352.0 234.7 359.1  20.1  42.7 354.4 358.1  50.5   1.9  48.9 227.3 308.4
 wrfout_d04_2016-02-18_04:00:00 999.0  75.0  90.3 129.0  74.0  81.3  79.7  39.8  67.3 259.5  22.0 299.1 999.0 348.3 317.6  32.6 242.8   8.6 235.6 333.7 231.2 356.3   5.6  40.0 354.6   1.3  46.8 356.5  50.1 226.5 309.2
 wrfout_d04_2016-02-18_05:00:00 999.0  59.6  89.2 132.4  74.2  68.5  80.2  22.9  65.3 274.7  33.6 287.1 999.0 356.7 304.6  38.2 242.9  12.6 239.0 334.8 227.2   3.0 356.9  31.2  12.9  17.4  39.0 347.5  54.8 217.2 311.1
 wrfout_d04_2016-02-18_06:00:00 999.0  57.5  88.3 146.2  75.8  63.8  82.7  27.5  68.3 295.5  12.6 303.0 999.0 350.4 307.8  38.9 245.7  20.5 240.8 349.5 208.4   4.5   5.9  15.0 354.6 358.0  35.4 331.5  48.8 288.1 308.2
 wrfout_d04_2016-02-18_07:00:00 999.0  49.4  89.4 148.3  77.8  63.9  85.1  18.9  88.6 325.2 316.7 303.8 999.0   4.2 317.6  26.5 230.1  10.7 224.1 345.8 246.5   4.2   4.4  41.5 350.9 357.1  39.4 328.7  34.8 314.5 312.8
 wrfout_d04_2016-02-18_08:00:00 999.0  65.0  82.3 134.7  64.4  70.4  84.2  18.9  86.8 346.0 244.9 296.9 999.0   0.8 328.0  24.2 224.1  17.9 219.7 345.2 186.6  15.6 358.3  28.4 344.5 347.3  39.2 338.1  41.9 339.4 318.6
 wrfout_d04_2016-02-18_09:00:00 999.0  57.0  76.1 126.7  60.2  66.7  82.6  31.5  82.9 328.0 258.1 306.7 999.0   3.8 335.3  46.1 268.1  24.0 224.3 347.0 181.0  25.3 357.6  25.6 336.4 342.3  33.5 339.3  34.4 351.5 333.7
 wrfout_d04_2016-02-18_10:00:00 999.0  76.8  79.6 198.7  58.0  56.2  92.5  45.4  80.6  25.0 258.9 276.1 999.0   7.9 350.4   7.6 354.2  19.2 221.0 341.2 173.9  23.4 354.3  28.4 335.6 343.8  32.2 343.8  26.2 354.2  41.8
 wrfout_d04_2016-02-18_11:00:00 999.0  85.0  74.1 225.5  58.5  74.1  85.5  50.8  73.2  75.5 277.4 276.1 999.0  10.5 352.1  10.5 322.5  23.1 218.4 337.8 175.2  16.9   2.8  34.3 339.2 346.6   4.1   0.9  15.8 344.9  42.0
 wrfout_d04_2016-02-18_12:00:00 999.0  84.8  75.4 221.0  61.7  84.9  92.9  50.4  70.8  93.3 283.6 286.9 999.0   1.9 350.8  24.0 353.4  22.3 216.9 348.7 172.4   5.8   8.6  28.8 349.4 351.1 347.0   0.4   0.2   3.6  45.6
 wrfout_d04_2016-02-18_13:00:00 999.0  76.2  76.5 272.1  60.3  63.6  89.8  40.3  72.7  54.4 283.0 282.1 999.0   7.0 345.0  24.0 229.5  15.1 222.6 355.7 166.3   7.2   8.1  23.6 354.3 358.9 334.2  13.8 342.2   3.9  49.1
 wrfout_d04_2016-02-18_14:00:00 999.0  83.8  72.7 222.0  55.0  69.4  90.9  41.2  78.0 305.0 297.7 283.3 999.0  15.4 339.6  22.9 240.7  16.4 223.3   2.4 157.7  12.6  19.6  25.1 358.1   7.5 320.5  12.3 343.0   3.0  50.5
 wrfout_d04_2016-02-18_15:00:00 999.0  86.6  74.4 231.3  55.6  65.0 115.1  34.5  89.4 238.1 311.1 300.6 999.0 355.6 346.3   8.3 182.3  15.7 216.3 359.9 153.7  23.1  32.4  18.8  12.9  14.0 313.4   6.1 338.1 355.5  54.9
 wrfout_d04_2016-02-18_16:00:00 999.0  78.0  73.2 211.6  51.8  22.7 101.5  12.6  84.8  88.9 301.5 284.6 999.0  15.4 336.9   9.2 250.0  15.6 207.3  15.0 158.9  20.2  35.3  14.7   2.1   6.3 345.1   4.9 341.9  20.3  54.3
 wrfout_d04_2016-02-18_17:00:00 999.0  58.0  77.0 197.9  46.1  18.2 108.7  16.1  79.0 136.0 303.0 285.9 999.0   3.2 319.2 355.6 148.7  18.8 206.9  15.6 171.1  18.7  29.8  21.2   1.9   9.4 344.1 357.8   3.7  22.1   2.0
 wrfout_d04_2016-02-18_18:00:00 999.0  44.9  75.4 199.3  38.9   4.6 116.9  11.3  63.0 142.5 259.4 314.6 999.0  13.4 109.7  16.8 143.0  26.0 206.9  10.7 185.3  32.7  34.7 348.7   8.4  13.1 325.7   7.9 350.9  19.2  16.3
 wrfout_d04_2016-02-18_19:00:00 999.0  33.1  75.0 204.0  44.1 254.8 114.9  22.2  76.9 103.7 274.4 294.4 999.0  12.9 308.2  11.0 134.5  23.3 210.1   9.5 187.7  33.6  23.4 337.9  10.7  16.6 325.9   7.9 345.1  18.4  27.7
 wrfout_d04_2016-02-18_20:00:00 999.0  21.7  78.8 201.8  52.4  22.5 128.6 351.7 153.2 149.5 302.0 288.8 999.0  25.5 354.8 357.7 174.2  24.8 204.3 352.7 192.9  23.2  31.2 329.6  11.2  14.7 331.4 359.3 330.0  39.9  20.4
 wrfout_d04_2016-02-18_21:00:00 999.0  29.0  70.9 253.9  43.4  19.1  60.7   6.3 277.1 124.6 242.6 288.1 999.0  33.5 337.9 345.7 167.1  20.1 201.2  31.0 196.2  18.4  31.0 326.2  19.0  18.0 358.7  19.7 329.2  42.9  25.9
 wrfout_d04_2016-02-18_22:00:00 999.0  18.9  49.2 322.8  40.1  18.0 276.8 142.7 209.7 121.8  51.1 184.1 999.0  30.0 345.6 338.3 199.3  17.9 201.2  22.8 200.7  24.0  26.7 344.9  24.7  34.4 335.9   7.5 342.7 113.1  28.5
 wrfout_d04_2016-02-18_23:00:00 999.0  31.1  61.0 137.3  68.3  11.5 191.1 171.0 217.7 110.8 304.1 280.0 999.0  19.8 334.2 328.0 153.7  18.4 203.0 351.9 204.3  11.4  26.3 358.4   1.9   0.0 355.5   9.0 324.0 107.3  33.8
