 wrfout_d04_2016-03-18_00:00:00 999.0 192.3 226.8 137.5 256.4 218.8 133.4 189.4  96.9 166.0  46.8  18.6 999.0 163.0 165.4 219.6 352.3 265.3 228.5 213.2 254.9 162.4 117.6 215.0 136.5 164.4 198.1 158.2 230.7 137.2 104.7
 wrfout_d04_2016-03-18_01:00:00 999.0 187.2 223.6 164.8 232.4 214.9  65.7 201.4  37.6 230.0  75.4 169.5 999.0 184.1 187.6 183.8 347.2 180.5 232.6 213.1 259.8 162.3 167.8 200.8 168.3 182.3 182.3 171.1 211.0 137.6 111.7
 wrfout_d04_2016-03-18_02:00:00 999.0 170.6 229.3 207.2 229.3 219.4 225.2 236.6 218.5 251.1  79.0 164.5 999.0 204.8 191.7 163.4 278.0 177.2 233.3 216.2 262.2 161.0 199.6 188.7 191.3 205.4 188.7 174.1 148.8 133.5 127.0
 wrfout_d04_2016-03-18_03:00:00 999.0 170.1 242.0 278.0 244.1 223.0 218.5 262.6 238.2 258.0  71.6 169.1 999.0 228.0 209.3 168.6 244.5 186.5 235.9 205.4 267.3 175.1 202.1 186.8 216.0 210.0 185.9 181.3 159.6 140.0 120.1
 wrfout_d04_2016-03-18_04:00:00 999.0 161.6 247.2 304.7 257.8 324.9 261.3 253.2 261.6 259.8  68.7 172.7 999.0 233.3 223.2 170.8 243.0 197.2 238.9 212.9 273.9 176.9 205.2 180.4 216.4 207.1 185.6 183.9 150.8 154.8 125.7
 wrfout_d04_2016-03-18_05:00:00 999.0 164.1 251.8 306.3 265.9   3.7 296.8 254.8 280.4 255.7  68.2 172.3 999.0 237.2 222.8 168.6 245.5 204.3 231.6 230.2 276.2 198.6 210.1 178.8 218.0 207.0 182.7 189.7 148.1 153.4 134.5
 wrfout_d04_2016-03-18_06:00:00 999.0 217.1 252.0 305.7 270.5  10.9 306.5 257.9 280.8 255.3  54.8 175.5 999.0 234.5 238.3 166.7 239.5 209.9 232.1 239.1 275.5 195.4 210.8 184.1 218.7 207.7 173.4 193.3 150.1 161.0 137.1
 wrfout_d04_2016-03-18_07:00:00 999.0 212.6 255.8 296.8 277.2  18.2 305.9 258.3 282.5 253.8  96.0 173.6 999.0 232.6 250.1 166.2 238.7 219.0 230.3 253.5 266.1 205.8 215.5 186.7 217.4 208.3 176.4 194.9 160.4 166.8 148.8
 wrfout_d04_2016-03-18_08:00:00 999.0 212.1 257.1 299.7 281.7  21.2 314.5 252.2 284.6 256.2 108.4 178.1 999.0 229.9 249.5 163.9 238.3 225.1 226.5 253.9 266.3 208.2 219.3 189.6 220.8 211.0 188.3 197.4 158.1 170.2 160.0
 wrfout_d04_2016-03-18_09:00:00 999.0 190.8 248.4 298.6 277.1  59.1 295.4 234.3 272.7 260.4 111.1 166.9 999.0 231.0 249.3 157.6 235.6 228.8 221.0 249.2 263.5 219.8 221.0 199.2 225.6 216.7 183.4 198.2 161.4 174.3 161.3
 wrfout_d04_2016-03-18_10:00:00 999.0 169.7 243.3 323.7 270.2  72.9 286.0 224.2 273.9 250.9 103.6 174.1 999.0 235.7 249.2 157.8 243.3 239.9 213.7 256.4 271.6 236.4 224.2 214.4 228.1 221.1 195.6 195.7 178.4 175.8 153.2
 wrfout_d04_2016-03-18_11:00:00 999.0 191.0 236.8 242.0 261.5  70.3 284.7 210.7 247.6 237.8  65.7 170.1 999.0 209.9 230.1 177.3 228.2 255.4 213.2 253.7 270.4 240.3 229.3 221.0 235.0 225.0 200.9 196.3 191.4 181.5 162.5
 wrfout_d04_2016-03-18_12:00:00 999.0 225.7 247.3 329.7 274.4 299.0 289.3 226.0 264.0 251.3  26.1 171.9 999.0 186.0 214.0 189.7 227.1 254.3 212.8 248.4 273.1 246.4 232.0 220.2 238.8 230.3 188.6 204.5 205.8 190.9 172.6
 wrfout_d04_2016-03-18_13:00:00 999.0 199.9 248.7 318.8 275.7 327.3 282.5 229.3 244.8 247.6   2.5 158.9 999.0 189.2 203.2 192.8  61.7 235.7 207.3 227.0 272.0 247.2 218.4 228.5 254.8 243.0 201.9 227.6 218.1 200.0 209.1
 wrfout_d04_2016-03-18_14:00:00 999.0 188.8 249.7 312.7 274.0 348.7 290.4 238.5 216.0 261.1  30.5 111.6 999.0 191.7 186.9 181.3  72.7 220.2 207.7 220.8 272.2 231.5 209.5 231.3 261.0 252.7 205.0 255.5 239.4 204.9 254.3
 wrfout_d04_2016-03-18_15:00:00 999.0 216.6 253.5 289.6 276.1 285.3 296.1 243.4 139.6 257.3  67.5  44.6 999.0 191.6 192.7 215.6  54.3 208.7 210.4 229.7 273.7 204.8 212.7 209.5 263.6 259.2 206.1 273.5 221.6 207.8 279.5
 wrfout_d04_2016-03-18_16:00:00 999.0 266.9 251.3 337.4 269.7 243.0 276.0 232.5 133.5 257.5  77.9  69.2 999.0 194.1 175.7 238.2 245.8 204.7 211.9 231.5 274.1 204.0 231.0 188.3 270.2 274.8 217.7 291.3 236.7 210.3 293.8
 wrfout_d04_2016-03-18_17:00:00 999.0 265.7 254.5 359.3 275.6 250.2 284.7 235.6 129.9 256.4 340.0 348.1 999.0 190.8 169.6 352.9 205.8 206.2 211.3 236.8 277.4 211.6 243.6 177.2 292.5 294.1 213.3 305.5 277.0 210.8 296.8
 wrfout_d04_2016-03-18_18:00:00 999.0 276.3 254.8   2.5 276.1 296.1 294.9 244.2 197.5 252.9 253.2 334.8 999.0 195.6 174.1 340.4 168.3 202.5 211.3 245.3 278.4 220.1 238.7 126.0 293.1 296.2 210.6 313.5 291.8 213.6 301.5
 wrfout_d04_2016-03-18_19:00:00 999.0 292.7 256.3 330.5 275.9  24.7 259.8 253.6 210.6 253.6 116.8 359.7 999.0 194.3 183.2 336.4 186.9 195.2 213.2 256.5 280.8 225.8 244.7  62.2 312.4 324.9 218.0 323.1 296.5 218.6 310.9
 wrfout_d04_2016-03-18_20:00:00 999.0 309.2 261.4 326.5 277.1 214.1 314.7 303.0 241.5 269.8  93.3 356.4 999.0 183.9 191.4 351.8 187.5 199.9 214.1 293.0 281.6 230.5  57.5  52.1 334.8 345.8  35.8 331.4 299.8 228.6 308.6
 wrfout_d04_2016-03-18_21:00:00 999.0 311.6 263.7 342.0 281.0 242.9 294.2 303.5 271.0 298.5 111.4 325.7 999.0 182.8 159.9  12.3 176.6 210.7 212.7 308.8 283.5 229.5  75.5  47.5  25.6   8.7  43.5 338.3 301.8 224.8 315.3
 wrfout_d04_2016-03-18_22:00:00 999.0 323.3 259.1   3.2 279.5 288.9 302.2 289.1 269.9 315.5  83.9 291.4 999.0 192.1 142.4  22.7 180.0 228.6 215.0 314.3 281.3 223.4  67.9  51.4  15.4 354.8  44.4 342.3 306.2 228.3 316.0
 wrfout_d04_2016-03-18_23:00:00 999.0 334.4 256.5 337.4 277.7 183.4 291.6 330.1 257.6   3.9 351.2  13.7 999.0 205.5  85.9  23.2 191.8 272.4 224.4 182.0 280.2 238.9  67.3  47.3 358.2  19.9  40.2 352.0 313.4 228.8 316.3
