 wrfout_d04_2016-08-18_00:00:00 999.0  36.8 359.5 242.0 321.6   7.8 226.5  67.2  46.9  99.1  83.1 340.5 999.0 187.5  87.6  14.5  25.9 168.6 206.6 185.5  10.1 168.6 163.3 107.4 160.1 163.2 239.1 174.5 226.1 215.1 215.2
 wrfout_d04_2016-08-18_01:00:00 999.0  51.6 337.9 354.6 281.4  27.1 304.9 345.4 275.0 267.6 116.5  15.8 999.0 217.8 195.5  12.1  18.1 168.2 194.2 185.9 347.8 161.2 172.2  62.7 172.2 185.6 134.3 183.4 226.4 220.3 219.7
 wrfout_d04_2016-08-18_02:00:00 999.0 100.6 280.5 289.9 251.1  16.2 246.6  34.5  29.8 228.2  94.0  79.6 999.0 213.0 195.6  48.1 307.0 168.6 235.0 184.1 277.3 163.6 177.1  63.1 196.8 186.0 120.0 185.4 229.6 223.3 219.6
 wrfout_d04_2016-08-18_03:00:00 999.0   2.3 296.4 301.0 262.8  22.2 262.1  29.9 243.1 247.2  86.9  28.5 999.0 281.3 355.7  49.0 243.4 175.0 221.1 178.5 277.5 167.4 187.0  69.0 202.8 196.1 101.2 193.5 235.6 225.1 227.4
 wrfout_d04_2016-08-18_04:00:00 999.0  33.1 311.6 325.1 289.5  20.8 289.3 307.2 287.0 267.3  96.7  74.9 999.0 279.2 256.4  12.2 225.4 176.4 224.9 187.4 276.2 169.5 182.4  53.4 204.8 195.5  76.4 185.1 231.2 226.6 229.6
 wrfout_d04_2016-08-18_05:00:00 999.0  62.5 326.9 327.6 310.6  14.5 305.3 323.1 325.4 302.2 108.0 106.8 999.0 294.4 283.6   4.5 143.5 186.4 239.0 190.8 292.6 184.5 199.1  62.1 209.7 199.4  95.2 186.8 228.8 225.5 225.4
 wrfout_d04_2016-08-18_06:00:00 999.0  42.0 316.2 328.6 283.9  18.1 307.5 307.2 327.7 301.5 110.7  88.8 999.0 242.3 260.9  55.3 156.2 184.4 249.4 198.7  12.9 176.6 192.2  29.8 194.6 186.1 306.0 180.0 239.3 225.7 222.2
 wrfout_d04_2016-08-18_07:00:00 999.0  27.8 301.1 339.6 304.8  17.0 321.6 314.7 322.2 287.1  45.4  69.7 999.0 225.8 311.7  12.9 226.5 183.7 219.6 179.2 227.2 183.7 177.5 317.0 180.4 182.1  33.2 190.2 231.7 224.5 230.5
 wrfout_d04_2016-08-18_08:00:00 999.0  53.8 260.2 303.6 243.7  38.0 329.0 279.4 333.5 265.3 339.9  36.2 999.0 181.8 100.3  46.0  10.0 180.2 196.3 173.6 204.5 169.7 176.0 327.7 189.3 178.6  60.8 187.9 233.3 224.5 222.5
 wrfout_d04_2016-08-18_09:00:00 999.0 195.5 265.4 314.9 263.3  43.7 298.1 234.3 266.1 207.8 232.9 299.6 999.0 145.1 123.4  35.0  24.5 163.6 206.6 184.1 234.5 161.4 172.7 329.3 176.0 182.2  28.8 189.2 225.1 232.7 226.9
 wrfout_d04_2016-08-18_10:00:00 999.0 227.1 285.4 315.7 296.1  29.8 298.8 209.5 260.9 214.0 245.7   6.3 999.0 124.7 121.2  21.5  64.8 158.1 140.3 185.2 240.1 152.7 157.8 166.5 153.2 177.3 295.8 170.2 311.7 237.3 237.8
 wrfout_d04_2016-08-18_11:00:00 999.0 187.8 273.0 322.5 289.2  26.6 260.5 207.1 250.3 296.3  77.7 306.6 999.0 154.9 149.7  43.7  51.1 160.5 219.2 243.4 237.4 143.1 110.5  86.5 118.2 104.7 123.2 190.0 223.4 234.9 242.5
 wrfout_d04_2016-08-18_12:00:00 999.0 198.0 273.7 331.3 296.4 346.6 296.6 240.5 267.6 261.8  53.5   0.8 999.0 143.8 161.3  20.4 359.7 151.9 204.9 209.8 204.1 145.0 108.3 291.5 107.0  88.5  40.2 177.9 246.6 236.6 227.4
 wrfout_d04_2016-08-18_13:00:00 999.0 188.8 267.0 328.9 282.6 293.1 311.4 232.8 236.6 277.8 108.2 298.5 999.0 180.4 157.6  13.6 341.8 163.5 229.8 197.9 244.7 147.6 144.3 284.0 145.1 145.9 308.6 177.3 276.0 235.1 230.3
 wrfout_d04_2016-08-18_14:00:00 999.0 250.6 258.1  27.4 275.2 231.4 262.1 199.1 183.3 122.9 201.6 260.7 999.0 184.9 228.3  23.6 152.7 158.3 188.5 343.9 177.0 158.2 153.0  53.5 159.0 139.4  73.2 163.6 289.1 243.5 245.2
 wrfout_d04_2016-08-18_15:00:00 999.0 232.9 254.6  38.1 275.9 257.8 229.3 251.0 166.7 115.4 254.6 198.6 999.0 122.6  77.5 350.7 110.8 159.6 181.8 198.0 168.9 150.9 155.7  17.2 162.0 150.1 337.1 174.9 290.6 238.8 250.9
 wrfout_d04_2016-08-18_16:00:00 999.0 232.3 251.1  51.6 270.4 107.5 188.7 187.4   1.2 101.2 268.3 224.5 999.0 194.3  53.9  73.0  96.1 162.4 194.5 194.5 195.7 152.5 150.2  77.6 160.4 136.3 312.5 170.9 348.8 236.2 251.8
 wrfout_d04_2016-08-18_17:00:00 999.0 245.9 262.7  50.1 285.4 256.6   6.8  92.1 110.8  91.9 238.4 226.1 999.0 154.2 209.9 350.0  31.8 170.4 209.7 192.2 224.4 168.3 160.9  44.6 161.0 149.5  34.1 188.2 304.7 240.5 265.8
 wrfout_d04_2016-08-18_18:00:00 999.0 261.8 281.8  28.8 298.4 208.5 217.7  63.0 166.1 117.7 240.7 176.7 999.0 196.0 110.5 347.5 330.2 172.9 221.2 179.9 232.0 173.0 153.1 342.4 124.2 114.0 346.0 181.5  20.5 247.5 278.9
 wrfout_d04_2016-08-18_19:00:00 999.0 261.4 278.1  40.3 296.4 238.7 171.3 118.3 179.8 104.1 223.5 163.0 999.0 195.0 130.7 354.5 219.7 178.5 200.0 180.8 235.2 175.3 103.2 114.4 142.1 116.9 328.7 173.1 327.4 256.1 263.1
 wrfout_d04_2016-08-18_20:00:00 999.0 251.4 268.1  83.9 284.9 236.0 176.5 135.3 191.1 114.8 279.8 234.3 999.0 155.9 134.0   0.7 114.8 180.1 202.5 174.8 224.1 178.1 145.0 344.3 148.2 136.6 315.4 163.6 304.6 259.9 276.3
 wrfout_d04_2016-08-18_21:00:00 999.0 280.9 267.1 115.1 284.8 228.7  47.0 141.0 182.7  98.2 256.1 291.1 999.0 158.1 106.5   4.6  69.0 172.9 217.8 187.1 224.0 177.6 135.4   2.5 134.0 119.2 301.0 160.1 324.2 267.9 281.5
 wrfout_d04_2016-08-18_22:00:00 999.0 267.9 278.5 106.4 296.1 239.6  48.0 125.3 187.1 102.5 238.8 287.8 999.0 136.1  69.8 346.2  13.0 175.5 203.4 164.3 224.9 166.1 120.4 303.1 139.5 129.5 317.0 168.6 355.1 270.7 271.4
 wrfout_d04_2016-08-18_23:00:00 999.0 262.2 270.6 173.7 269.2 246.7  45.3 124.7 241.8 139.6 179.3  56.2 999.0 174.2  96.0   9.2   3.8 175.1 235.5 186.0 267.3 163.7 132.2  94.4 148.3 137.0 340.4 172.7  11.0 278.9 279.7
