 wrfout_d04_2016-09-20_00:00:00 999.0  22.9  49.3  31.4  41.5  31.3  80.7  54.0 112.2  50.3 309.8 266.1 999.0  25.1  12.6  17.2   3.7  33.4 247.5 357.8 239.0  30.7  26.6  26.1  24.6  23.3  22.5 229.2  16.7  37.2  39.6
 wrfout_d04_2016-09-20_01:00:00 999.0  22.8  50.5  50.4  42.8  29.1  68.5  49.1 106.3  38.5 348.5 270.7 999.0  23.5   1.0  24.4 352.6  32.9 259.5 318.4 271.5  31.2  16.1  34.6  42.1  46.8  36.4 239.1  38.0  32.9  44.8
 wrfout_d04_2016-09-20_02:00:00 999.0  23.8  49.0  31.8  44.9  35.6  89.1  44.9  77.9  42.1  82.0 259.5 999.0  19.9 356.4  29.0 325.4  31.7 273.5 310.9 276.8  28.9 358.9  42.0  67.4 240.3  48.7 242.2  42.3  33.4  46.8
 wrfout_d04_2016-09-20_03:00:00 999.0  21.0  53.5  30.9  46.3  31.5  62.3  41.8  66.2  40.8 127.2 271.6 999.0  10.9 347.6  32.6 275.7  29.6 294.3 310.4 283.0  25.9 336.2  37.7 313.0 262.3  48.8 246.3  46.0  32.9  53.0
 wrfout_d04_2016-09-20_04:00:00 999.0  22.0  51.0  30.2  42.3  30.5  76.7  45.3  77.1  35.7  67.8 273.4 999.0   4.8 352.7  31.2 253.6  27.6 308.7 316.1 281.9  24.1 333.5  36.4 297.0 264.1  45.5 247.8  38.2  36.1  54.3
 wrfout_d04_2016-09-20_05:00:00 999.0  25.1  53.1  39.1  45.3  33.6  69.2  43.0  71.2  37.3  54.0 354.1 999.0   6.8 358.0  32.7 258.1  27.2 292.9 314.3 284.4  23.4 343.1  37.0 294.9 266.3  50.2 242.5  39.4  40.0  57.9
 wrfout_d04_2016-09-20_06:00:00 999.0  29.9  55.9  33.9  47.3  37.4  63.7  37.7  77.1  35.4  52.8  18.6 999.0   9.1   0.9  35.0 265.9  26.2 276.8 318.8 282.9  25.0 350.2  35.8 314.7 292.8  51.1 235.5  42.8  36.4  58.3
 wrfout_d04_2016-09-20_07:00:00 999.0  32.1  57.8  34.6  46.5  37.9  68.0  41.5  79.9  37.0  39.6  10.0 999.0  10.5   2.2  29.9 258.4  27.1 266.1 325.0 282.4  20.5 350.3  31.6 329.8 320.3  45.8 237.9  45.0  38.1  60.0
 wrfout_d04_2016-09-20_08:00:00 999.0  34.5  55.5  29.8  46.6  39.4  80.3  46.6  87.7  35.1  48.4  10.9 999.0  12.2   6.2  22.4 243.4  28.9 268.3 330.6 284.5  18.7 350.2  31.5 326.4 324.9  36.9 244.9  39.2  40.8  57.0
 wrfout_d04_2016-09-20_09:00:00 999.0  36.3  55.5  33.4  44.5  34.8  79.1  51.6  93.7  32.4  23.3  26.7 999.0  12.9   5.1  13.2 198.9  26.1 267.8 335.0 259.5  18.8 354.9  31.9 325.9 326.1  33.0 237.4  37.9  33.3  60.4
 wrfout_d04_2016-09-20_10:00:00 999.0  35.1  55.2  42.3  46.2  49.4  67.7  51.1  80.0  36.1 319.7  37.5 999.0  18.4   6.9  18.2 155.1  25.7 338.2 344.5 211.7  18.6 358.4  30.2 331.2 332.1  18.3 233.9  25.1  36.8  64.4
 wrfout_d04_2016-09-20_11:00:00 999.0  34.1  59.5  49.9  48.1  49.7  90.7  53.1  97.4  40.5 353.4  34.1 999.0  18.0   4.4   5.4 171.9  25.8 225.4 356.7 210.0  20.2  17.8  23.2 353.0 353.5  12.7 247.8  20.8  38.3  56.9
 wrfout_d04_2016-09-20_12:00:00 999.0  32.3  61.8  68.4  50.9  51.7  85.5  57.2  98.0  41.8 224.5  55.3 999.0  15.9   2.4   3.4 182.6  25.7 200.3 354.7 206.6  23.1  16.3  25.5 347.6 349.2 353.4 252.0   0.6  29.9  54.3
 wrfout_d04_2016-09-20_13:00:00 999.0  35.4  64.7 142.6  54.4  51.0  69.1  55.2  92.8  46.9 230.9  61.6 999.0  14.6 359.9   9.6 189.9  26.6 190.7 337.8 186.5  26.0  12.3  24.3 350.1   1.3 355.7 257.4 357.3  29.7  52.0
 wrfout_d04_2016-09-20_14:00:00 999.0  38.1  61.9  33.4  51.3  48.6  94.5  52.9 102.5  47.5 225.4  83.8 999.0  17.5 359.9  20.0 186.9  30.0 202.4 340.3 180.5  25.9  15.5  27.6 345.4 356.0 357.5 257.3 353.5  29.6  53.2
 wrfout_d04_2016-09-20_15:00:00 999.0  39.6  62.6  45.2  51.8  48.3  91.7  61.0 103.9  47.6 228.4 348.3 999.0  15.0   6.8  19.2 189.8  30.2 212.8 356.8 169.6  27.0  15.3  39.2   2.7  10.8   0.7 262.2 359.9  46.0  56.3
 wrfout_d04_2016-09-20_16:00:00 999.0  39.9  61.9 239.1  49.8  46.1 121.9  67.8 100.8  49.2 249.8 317.9 999.0  10.5  56.7   3.9 179.5  30.1 212.0 353.4 176.3  26.7  19.5  38.1 358.7 359.7  16.2 292.5  13.3  42.6  36.3
 wrfout_d04_2016-09-20_17:00:00 999.0  38.2  63.6 237.9  52.0  53.1 111.9  62.4 106.4  46.2 251.4 275.1 999.0  10.1 128.3  21.9 181.1  29.5 209.4 353.2 175.7  27.6  27.1  48.6  15.7  23.3 357.6 315.8   4.8  42.4  49.4
 wrfout_d04_2016-09-20_18:00:00 999.0  37.7  57.3 227.8  45.6  48.5  97.9  65.2  98.0  48.5 240.2 292.1 999.0   8.6  36.1  40.2 139.3  25.0 213.0 345.3 184.6  21.0  23.6  51.4  16.8  14.0 339.3 341.5  21.6  40.7  52.3
 wrfout_d04_2016-09-20_19:00:00 999.0  39.0  61.6  90.1  47.7  49.6 109.8  64.1 112.5  48.4 226.5 301.9 999.0  13.0 350.5  26.1 129.2  24.6 230.2 313.6 187.0  19.3  32.8  25.3 332.9   0.0  18.3   6.8  15.3  35.4  47.2
 wrfout_d04_2016-09-20_20:00:00 999.0  50.1  63.6 229.2  49.2  51.9  84.1  61.7  95.0  47.2 272.8 301.9 999.0  12.6   9.4 357.2 116.6  19.4 216.4 321.0 175.5  23.0  24.2  88.8  26.0 264.2  41.8   5.7  18.5  35.6  42.7
 wrfout_d04_2016-09-20_21:00:00 999.0  45.5  69.5 245.0  53.1  48.0  87.2  71.3  95.3  48.1 331.8 292.3 999.0  13.6   0.2 353.9  93.3  19.9 222.5 269.5 174.9  18.2  42.0   0.2 345.4 328.0  17.8 352.9   2.5  43.4  60.9
 wrfout_d04_2016-09-20_22:00:00 999.0  47.8  61.2 231.4  48.6  47.2 122.2  76.6  91.5  46.9 334.2 304.0 999.0   7.0 336.8   3.1  87.1  25.3 221.0 285.6 159.0  13.9  50.2 235.6  11.0 302.4  28.2 320.6  19.3  65.2  56.1
 wrfout_d04_2016-09-20_23:00:00 999.0  49.3  59.8 220.2  49.4  51.0  93.5  63.6  78.9  47.1 346.7 302.6 999.0  13.3 318.9  24.2  37.2  30.8 292.4 267.1 173.6  13.7  56.1  22.1   1.7 351.0   1.9 329.9  33.5  72.0  52.7
