 wrfout_d04_2016-05-06_00:00:00 999.0 242.5 222.9 193.8 236.4  19.2 142.5 228.9  57.2 234.7  71.0 180.1 999.0 195.2 195.7 200.5 262.7 187.1 236.9 197.6 262.0 175.4 183.3 197.5 183.4 186.9 201.4 165.6 182.0 169.4 155.2
 wrfout_d04_2016-05-06_01:00:00 999.0 251.3 223.9 233.2 228.8 342.0 249.9 234.9 231.7 242.7  82.1 175.9 999.0 206.7 206.1 175.2 238.4 191.4 240.2 197.0 269.8 178.6 184.0 185.2 191.7 190.7 195.8 171.0 162.7 174.1 153.3
 wrfout_d04_2016-05-06_02:00:00 999.0 249.1 232.2 294.1 231.2 274.0 237.8 239.0 233.4 245.8  72.6 173.7 999.0 227.8 202.4 169.0 244.7 194.1 242.3 198.6 276.3 180.1 190.8 183.9 204.3 196.4 191.8 179.0 157.9 176.5 158.5
 wrfout_d04_2016-05-06_03:00:00 999.0 247.7 249.5 291.5 254.0  12.0 256.3 244.2 250.7 249.2  82.3 171.5 999.0 234.6 213.1 165.9 249.1 197.9 244.6 196.5 282.1 185.5 197.5 186.4 217.9 209.1 187.1 193.1 157.3 176.2 164.5
 wrfout_d04_2016-05-06_04:00:00 999.0 250.4 257.4 290.8 269.1  26.0 274.3 247.7 268.6 250.2  91.9 167.4 999.0 236.0 218.7 165.9 250.9 205.6 244.7 205.3 287.4 190.7 206.5 186.6 219.5 212.8 185.4 200.6 154.2 178.0 170.1
 wrfout_d04_2016-05-06_05:00:00 999.0 251.2 257.9 292.0 272.2  44.9 278.9 247.7 273.8 251.2 102.1 167.9 999.0 236.5 227.3 165.3 250.9 210.9 245.3 213.9 291.4 197.0 212.5 184.5 225.7 218.3 184.0 207.1 160.8 179.6 174.3
 wrfout_d04_2016-05-06_06:00:00 999.0 249.5 255.7 297.3 270.9  59.6 283.5 244.6 275.9 253.8 106.6 168.6 999.0 236.3 244.4 166.0 248.8 214.6 245.7 234.3 294.2 201.5 214.2 184.3 228.3 218.3 180.3 209.5 172.5 181.9 182.3
 wrfout_d04_2016-05-06_07:00:00 999.0 244.4 257.0 303.7 273.1  55.1 285.6 244.4 274.5 255.4 112.6 172.5 999.0 238.0 248.2 166.0 248.4 213.2 246.0 246.9 295.5 206.8 218.1 189.6 229.4 223.3 181.4 209.4 188.1 185.5 189.9
 wrfout_d04_2016-05-06_08:00:00 999.0 243.7 255.5 305.5 270.5  50.4 281.3 240.8 266.2 251.8  96.8 171.1 999.0 234.9 255.8 165.9 248.2 215.3 245.1 248.4 295.0 215.3 218.6 198.2 230.0 222.6 179.6 212.8 198.9 187.5 200.6
 wrfout_d04_2016-05-06_09:00:00 999.0 248.0 252.6 316.8 272.7  47.4 290.0 232.6 262.4 254.5  87.4 172.4 999.0 233.9 253.4 167.7 245.1 215.2 245.7 250.9 293.1 223.6 217.1 203.7 231.0 222.7 180.2 212.3 200.2 188.9 210.1
 wrfout_d04_2016-05-06_10:00:00 999.0 253.7 226.6 349.9 266.5  56.3 316.4 230.2 269.4 250.1  96.5 173.4 999.0 223.9 248.6 179.6 226.7 216.3 200.1 249.9 268.3 223.6 213.6 209.6 231.4 221.5 168.5 205.4 202.5 191.8 219.7
 wrfout_d04_2016-05-06_11:00:00 999.0 255.3 219.2  56.0 251.9  87.1 320.2 226.7 286.7 247.8  64.5 172.3 999.0 213.9 235.7 188.1 210.0 219.9 178.1 239.4 258.3 221.9 211.1 210.4 231.0 220.1 167.5 205.8 233.5 192.8 225.5
 wrfout_d04_2016-05-06_12:00:00 999.0 186.8 225.9  95.7 263.5 102.1 318.6 216.1 259.4 232.7  16.2 183.6 999.0 207.7 217.2 189.4 208.2 219.3 156.0 228.4 252.9 222.3 211.1 216.6 223.1 212.8 171.7 214.3 347.2 189.9 229.0
 wrfout_d04_2016-05-06_13:00:00 999.0 163.8 238.7  44.4 266.9 124.4 304.0 212.0 225.6 243.8   2.7 194.2 999.0 201.5 207.6 201.7  60.2 220.6 175.6 228.9 246.8 225.0 206.0 220.5 222.1 209.5 172.5 212.5 354.5 186.1 229.3
 wrfout_d04_2016-05-06_14:00:00 999.0  93.2 228.2 123.5 252.7 250.4 126.6 214.0 149.0 237.2 306.6 219.7 999.0 195.5 217.2 207.5 290.6 226.0 174.7 233.9 241.9 225.3 205.0 217.9 229.4 208.0 173.9 207.7 340.2 181.4 216.0
 wrfout_d04_2016-05-06_15:00:00 999.0  94.3 226.6 112.2 264.2  60.0 329.0 215.7  97.8 113.7 254.6 269.2 999.0 206.3 228.5 205.1 200.6 219.8 187.7 232.9 239.2 216.7 220.9 223.3 233.7 231.9 180.8 210.2 342.9 183.5 218.5
 wrfout_d04_2016-05-06_16:00:00 999.0 106.2 232.4 101.7 262.9 135.1  28.1 200.3 127.3  55.2  91.6 323.7 999.0 200.8 201.3 244.6 127.3 221.4 198.5 234.3 238.4 218.0 211.9 228.5 219.6 209.8 192.8 208.5 312.6 187.3 228.5
 wrfout_d04_2016-05-06_17:00:00 999.0 135.8 224.6 119.3 252.5 216.9  91.3 217.1 136.5 333.0 288.3 328.1 999.0 187.8 181.5 193.6 157.9 217.9 198.3 238.9 236.7 217.7 163.2 234.8 174.3 165.7 200.8 182.5 292.2 187.8 180.4
 wrfout_d04_2016-05-06_18:00:00 999.0 165.5 214.1 129.4 242.9 208.6 105.5 211.9 132.2 121.9  85.9 166.1 999.0 182.0 183.5 252.9 154.3 212.7 191.7 245.2 231.1 211.5 152.8 252.3 155.9 178.0 200.0 175.7 344.6 182.4 144.7
 wrfout_d04_2016-05-06_19:00:00 999.0 180.9 205.4 126.4 253.4 170.5 351.9 191.6  41.4 120.2   7.3 350.5 999.0 184.7 169.8 289.1 159.7 199.1 191.7 225.9 230.3 191.3 104.2 259.0 109.7 118.0  88.1 173.7  14.7 177.2 110.4
 wrfout_d04_2016-05-06_20:00:00 999.0 184.4 186.4 140.1  50.6  55.0 303.1 174.8  47.6  96.0 106.3  15.4 999.0 188.0 172.3 223.8 168.2 181.5 186.9 205.6 228.7 184.3 103.8 263.8 129.6 131.2 133.9 158.1 351.8 168.6 125.7
 wrfout_d04_2016-05-06_21:00:00 999.0 167.2 133.7  85.3  68.3  24.8 272.0 195.8 193.5 103.2 321.8   3.4 999.0 189.9 173.1 227.4 176.1 181.2 188.9 200.2 228.8 178.0 107.1 277.4 127.3 129.5 154.9 138.7 349.2 160.5 107.4
 wrfout_d04_2016-05-06_22:00:00 999.0 160.4 114.0 309.8  70.6  27.1 266.5 102.9 223.7  91.2 359.9 347.9 999.0 190.6 181.6 238.2 187.5 187.2 191.6 206.2 231.9 178.8 119.3 259.7 126.6 138.4 306.1 133.4 321.9 164.7  93.2
 wrfout_d04_2016-05-06_23:00:00 999.0 143.7 148.4 317.3 170.8  16.1 285.4 186.1  38.7 242.1  66.1  76.1 999.0 198.9 199.6 215.6 230.7 188.9 219.7 210.2 243.8 188.3 130.9 241.2 147.8 156.2 249.4 161.6 279.9 160.2 113.1
