 wrfout_d04_2016-09-25_00:00:00 999.0  44.2  70.8 116.1  60.4  42.6  78.6  46.4  69.1  50.5 224.6 315.5 999.0   7.4 347.1  20.7   0.4  19.5  57.6 324.1  52.5  11.4  17.4  41.5 355.4 358.7  40.5 253.3  35.4  20.0  48.4
 wrfout_d04_2016-09-25_01:00:00 999.0  42.6  71.2  80.4  61.7  49.9  74.0  40.4  66.1  49.8 115.1 339.5 999.0   1.2 338.6  24.4 355.4  19.9  49.6 320.9  16.8  12.7 359.7  41.0 344.1 344.4  48.6 247.7  40.2  21.0  46.8
 wrfout_d04_2016-09-25_02:00:00 999.0  41.4  71.1  74.6  61.9  46.8  73.3  38.1  65.8  43.7 128.9 356.3 999.0 359.4 343.6  32.9 342.3  25.0  51.5 318.4  10.9  12.4 344.8  42.4 331.5 314.8  52.1 248.6  45.4  20.3  45.3
 wrfout_d04_2016-09-25_03:00:00 999.0  39.4  69.2  68.9  60.3  48.9  72.0  36.7  65.2  46.2 112.6 349.0 999.0   2.3 344.8  34.9 328.7  19.2  48.6 323.7   3.6  12.5 337.4  41.5 322.3 299.9  53.8 253.2  47.2  21.5  43.7
 wrfout_d04_2016-09-25_04:00:00 999.0  39.2  68.3  65.9  60.2  49.7  69.8  36.8  64.2  45.6  77.6 358.2 999.0   4.0 343.0  35.6 310.7  20.5  46.8 326.5   4.6  12.5 335.6  41.1 317.3 296.0  54.5 254.0  47.8  21.3  42.7
 wrfout_d04_2016-09-25_05:00:00 999.0  39.3  67.6  64.3  59.0  48.4  69.5  37.8  64.2  45.2  70.4   3.9 999.0   5.5 342.5  33.5 300.6  20.6  45.5 331.6   5.2  12.7 338.2  40.4 317.3 293.5  54.9 255.9  46.0  22.0  42.2
 wrfout_d04_2016-09-25_06:00:00 999.0  39.3  67.3  64.6  58.8  46.5  70.3  39.3  64.3  46.4  70.3  16.0 999.0   7.1 342.9  33.0 282.5  19.5  45.5 329.5   5.0  13.7 344.3  38.9 313.9 289.7  53.0 258.9  43.7  21.4  42.1
 wrfout_d04_2016-09-25_07:00:00 999.0  38.9  67.0  65.5  58.8  48.4  70.0  40.0  63.3  47.6  67.9   4.1 999.0   8.4 344.7  32.0 269.8  19.9  45.2 329.9   9.6  15.6 349.2  36.1 317.3 300.3  50.9 268.7  40.6  24.8  40.0
 wrfout_d04_2016-09-25_08:00:00 999.0  39.0  67.4  63.5  58.4  48.3  71.2  41.4  64.9  45.3  63.0 356.4 999.0   9.1 344.1  28.9 267.1  19.3  52.3 331.5  16.2  14.2 351.4  35.8 321.8 316.9  48.9 273.4  36.9  23.9  35.4
 wrfout_d04_2016-09-25_09:00:00 999.0  39.3  67.8  62.1  58.3  48.9  74.5  42.1  65.7  41.7  58.6 354.8 999.0  10.5 345.2  24.9 257.9  18.4  62.7 331.5  40.4  14.0 352.6  35.9 324.9 325.7  47.4 275.8  33.5  22.7  29.6
 wrfout_d04_2016-09-25_10:00:00 999.0  39.1  68.2 252.8  59.4  50.0  81.6  44.3  68.8  39.8  57.6 303.3 999.0  11.0 344.5  23.2 235.6  18.4  82.2 336.9  93.2  13.7 353.1  36.1 331.9 336.8  44.0 269.5  25.5  23.1  26.5
 wrfout_d04_2016-09-25_11:00:00 999.0  39.1  68.7 277.0  60.7  53.9  87.9  46.6  73.1  42.8 240.6 284.0 999.0   4.1 351.9  22.9 200.8  19.8 104.6 336.7  86.1  15.0 358.3  34.7 323.9 338.8  35.9 252.1  23.2  18.5  24.2
 wrfout_d04_2016-09-25_12:00:00 999.0  37.7  68.6 294.7  59.8  47.5  87.9  48.3  76.1  43.4 248.3 281.0 999.0   8.0 340.7  21.2 202.6  20.6 139.6 343.3  75.9  15.4 357.8  34.0 345.5 348.7  28.0 258.5  25.7  19.2  23.8
 wrfout_d04_2016-09-25_13:00:00 999.0  36.5  68.0 307.5  58.9  42.2  83.9  48.8  75.8  45.0 255.8 278.7 999.0  17.1 354.7  20.2 197.7  21.0 223.7 340.6  73.0  14.6   7.1  34.0 349.6   1.1  27.4 246.4  19.6  18.3  10.0
 wrfout_d04_2016-09-25_14:00:00 999.0  36.2  66.9 309.4  57.5  35.3  83.5  49.7  79.9  45.9 261.8 283.3 999.0  15.9 354.3  19.4 195.5  20.3  72.0 334.4  79.1  17.3  16.1  33.8 350.5   0.2  27.1 245.1  18.0  16.5   4.3
 wrfout_d04_2016-09-25_15:00:00 999.0  35.3  66.4 350.4  56.8  27.4  87.6  50.0  79.7  45.2 261.1 285.3 999.0  12.3 349.1  21.6 199.9  21.4  83.8 311.6  81.5  15.4  17.1  33.6 355.3   4.1  27.2 218.2  14.9  14.7   3.1
 wrfout_d04_2016-09-25_16:00:00 999.0  33.3  65.0 308.9  55.7  24.4  99.9  50.3  84.1  44.4 257.8 281.1 999.0  10.4 351.9  21.3 189.5  19.6  89.3 289.7  78.0  15.9  17.5  33.0 357.3 359.0  17.5 224.4   0.6  14.8 359.5
 wrfout_d04_2016-09-25_17:00:00 999.0  31.1  64.2 325.9  54.9  17.9  93.4  50.8  85.0  42.0 258.8 275.6 999.0  12.7 353.6  21.6 152.1  21.9  86.4 250.7  74.8  13.2   6.8  33.8 351.0   2.6  15.5 241.0   4.3  14.8 356.7
 wrfout_d04_2016-09-25_18:00:00 999.0  30.3  62.8 323.1  54.9  17.5  96.8  51.2  86.3  40.6 259.1 279.6 999.0  13.6 354.1  23.8  70.4  20.5  87.1 218.5  75.4  12.5   9.9  32.8 348.1 353.7   9.2 283.0 354.4  12.7 351.5
 wrfout_d04_2016-09-25_19:00:00 999.0  28.7  60.8 326.6  52.9  18.5 104.0  50.0  86.2  39.3 265.5 281.1 999.0  13.5 344.8  25.2  20.8  16.5  87.5 206.4  74.6  11.2 350.1  32.9 328.4 323.5 359.2 301.3 350.2  14.0 353.1
 wrfout_d04_2016-09-25_20:00:00 999.0  26.6  58.8 327.0  51.8  16.3 112.8  49.2  91.8  39.2 276.3 279.4 999.0  13.8 344.2  26.5  21.7  14.5  82.7 199.6  73.7   8.0 335.5  32.2 330.9 314.8 335.8 302.7 342.1  11.7 355.7
 wrfout_d04_2016-09-25_21:00:00 999.0  25.5  57.7 329.9  52.3  19.7 111.2  49.8  90.7  37.7 282.7 279.8 999.0  14.3 336.7  27.9  39.5  20.4  80.7 244.8  73.0  18.6  87.2  31.2  33.7 301.3 333.0 306.7 341.0  11.8 349.7
 wrfout_d04_2016-09-25_22:00:00 999.0  23.5  55.0 338.1  51.0  14.9 101.2  49.0  87.5  38.7 291.1 277.9 999.0  17.1 344.1  29.3  16.2  25.2  80.6 343.3  72.1  22.0 100.9  30.9  57.2 353.8 330.0 329.4 341.5  11.8   2.3
 wrfout_d04_2016-09-25_23:00:00 999.0  22.2  53.3 356.9  50.1  15.6 100.4  45.3  82.2  41.0 276.5 274.3 999.0  19.6 353.8  32.8   7.7  26.7  73.5 358.4  67.2  25.7  64.2  31.7  25.2  39.6  28.3 331.1 328.7  11.0 341.4
