 wrfout_d04_2016-09-02_00:00:00 999.0 194.3 233.0 218.8 236.7 246.9 231.4 226.5 183.7 223.8 183.5 340.9 999.0 187.4 180.0  19.7   4.3 200.6 221.7 188.1 233.2 200.4 203.6  51.9 192.4 209.7  87.3 249.4 254.4 237.8 249.8
 wrfout_d04_2016-09-02_01:00:00 999.0 177.9 220.6 209.7 222.7 127.2 160.3 227.0 102.5 227.7  90.0  36.4 999.0 193.1 172.5  57.6 327.4 196.8 217.5 174.3 247.1 204.0 208.3  65.3 209.8 214.3  74.7 238.1 250.9 235.7 248.7
 wrfout_d04_2016-09-02_02:00:00 999.0  93.5 213.3 205.0 214.6  89.5   3.7 234.1 263.6 226.3  68.6  15.3 999.0 192.1 171.3  58.8 296.9 202.8 221.2 176.2 244.2 207.7 207.6  96.5 215.5 218.5  80.3 246.5 234.4 237.8 237.1
 wrfout_d04_2016-09-02_03:00:00 999.0  69.9 199.6 192.5 204.0  69.3 195.7 227.6 229.9 232.4 109.7  53.5 999.0 186.1 178.1  66.6 242.1 202.9 221.3 187.6 252.9 210.6 220.1  80.6 210.3 220.0  89.7 257.3 219.4 237.4 232.7
 wrfout_d04_2016-09-02_04:00:00 999.0  22.2 347.5 335.0 297.8  69.4 265.5 240.3 243.1 247.6  69.0  47.6 999.0 180.3 184.1  73.0 247.4 206.1 230.1 181.3 255.4 213.6 222.5  67.1 208.0 209.4  89.6 254.8 215.4 232.4 239.7
 wrfout_d04_2016-09-02_05:00:00 999.0 334.1 337.6 331.6 326.6 349.8  24.5 237.7 262.7 245.0  68.3  25.7 999.0 194.8 191.1  71.1 257.3 205.2 235.6 191.2 283.4 213.7 215.2 121.3 350.0 237.8  86.9 249.1 202.9 239.6 240.6
 wrfout_d04_2016-09-02_06:00:00 999.0 294.7 316.0 338.2 311.5  18.3 107.5 242.0 105.1 238.9  11.5  16.0 999.0 206.2 217.2  53.1 261.9 208.4 214.2 173.8 245.1 218.4 199.1 135.6 168.6 218.0 104.1 238.8 242.6 241.7 245.9
 wrfout_d04_2016-09-02_07:00:00 999.0 320.2 272.6 321.6 264.7  89.1  79.0 237.0  97.7 249.2 287.0 347.3 999.0 190.8 179.7  39.9 259.8 203.3 221.1 182.1 246.7 215.6 224.0  91.2 216.0 210.4 158.9 232.9 248.7 240.9 252.2
 wrfout_d04_2016-09-02_08:00:00 999.0 338.8   9.6 212.8  84.0  73.9  56.5 243.0 100.7 246.0 215.7 306.7 999.0 186.9 138.5  44.8 208.0 210.0 210.8 157.7 228.2 217.3 217.4  46.6 231.6 212.9  90.2 233.6 268.0 241.5 246.4
 wrfout_d04_2016-09-02_09:00:00 999.0 281.9 103.3 142.4  74.1  11.7  44.1 242.6  46.9 245.5 217.8 271.0 999.0 197.5 164.5  37.3 339.0 206.6 226.4 176.4 259.7 211.9 208.7  30.5 235.7 232.1  22.3 229.2 227.3 235.0 245.8
 wrfout_d04_2016-09-02_10:00:00 999.0 159.4  71.1 137.5  28.3  36.5 119.6 243.5  79.7 239.3 229.4 277.4 999.0 164.0 139.0  35.7 327.0 205.0 219.6 174.3 246.7 209.6 220.0   5.6 243.6 237.7  15.2 225.8 247.2 240.1 247.4
 wrfout_d04_2016-09-02_11:00:00 999.0  21.3 119.2 180.4  89.5 300.5  75.9 341.3  59.5 301.3 254.5 288.6 999.0 162.4 154.9  19.6  28.5 200.2 199.0 179.9 206.2 210.3 219.3  37.2 210.9 227.4  35.7 236.5 218.9 243.5 244.0
 wrfout_d04_2016-09-02_12:00:00 999.0 357.3 129.0 141.4  91.0 291.5  64.8 132.4  37.8 267.6 284.1 292.8 999.0 157.2 181.6 356.4  55.0 201.1 209.6 183.5 211.6 205.6 207.4 349.4 162.4 226.9 359.4 236.3 279.1 243.0 244.7
 wrfout_d04_2016-09-02_13:00:00 999.0 296.4 153.6 163.9 117.2 136.0 103.2 234.0 167.2 229.1 338.4 305.3 999.0 183.6 189.5   3.5 277.8 199.3 206.1 188.9 245.3 212.1 215.4  46.2 103.2 206.4   6.4 233.8  29.5 248.4 249.6
 wrfout_d04_2016-09-02_14:00:00 999.0 281.7 213.0  82.7 279.0   8.0 349.1 253.0 277.8 222.6 196.3 338.4 999.0 167.3 162.3  16.6 355.5 203.2 192.0 184.3 216.7 198.1 204.7 225.0  64.4 243.3  41.9 244.7  78.4 246.0 246.6
 wrfout_d04_2016-09-02_15:00:00 999.0 290.0 240.8 241.1 254.7  37.8 137.7 234.6  69.6 217.0 209.0 298.8 999.0 158.0 154.5  18.1  28.8 194.4 211.0 175.2 239.6 201.6 200.9 228.4 108.6 210.6 263.7 234.9  16.1 248.5 256.9
 wrfout_d04_2016-09-02_16:00:00 999.0 296.7 262.0   7.8 281.3  19.0 330.3 209.9 197.8 215.9 127.9 330.6 999.0 177.2 162.1 340.1  72.9 199.3 223.1 183.5 249.5 201.1 218.9 314.4  90.6 209.6 320.9 228.0  96.5 247.2 253.1
 wrfout_d04_2016-09-02_17:00:00 999.0 293.0 261.8  16.2 272.4 303.8 115.1 226.3  55.9 209.8 280.7 261.0 999.0 186.0 147.2   4.1  10.7 203.1 198.6 178.6 243.4 205.9 209.0 257.6 193.1 212.5 354.0 242.3 256.2 243.7 261.5
 wrfout_d04_2016-09-02_18:00:00 999.0 274.1 256.9  62.1 276.4   1.6  92.7 208.6  81.7 226.2 243.9 256.1 999.0 176.0 179.6   2.5  27.9 199.5 217.7 178.5 240.6 207.4 214.9 332.9 109.3 207.5 295.7 238.7  26.7 248.9 263.4
 wrfout_d04_2016-09-02_19:00:00 999.0 288.3 251.0  96.0 267.7 185.9  24.0 234.6  70.9 357.2 322.8 249.3 999.0 182.1 146.2 355.9  42.0 203.0 200.1 196.2 223.6 208.1 204.0  36.2 137.3 174.4 348.2 243.1  20.2 243.6 265.0
 wrfout_d04_2016-09-02_20:00:00 999.0 299.2 256.0 132.2 263.5 179.7 283.8 207.2  26.2 300.4 258.0 273.8 999.0 169.3 178.8 347.1  59.7 209.8 204.4 150.9 237.3 210.2 210.2 312.6  58.0 289.8 337.9 253.7  47.7 242.4 257.8
 wrfout_d04_2016-09-02_21:00:00 999.0 330.5 260.2  65.2 278.6 252.5 315.3 225.3 359.3 227.3 121.4 298.5 999.0 156.1 171.9 345.2  46.0 215.5 219.7 183.3 273.1 222.9 210.7  23.9 117.0 207.7 318.7 250.9  44.6 241.1 257.4
 wrfout_d04_2016-09-02_22:00:00 999.0 348.2 271.6  54.1 281.0 202.7 111.4 109.2 131.9 161.3 324.0 214.1 999.0 162.3 172.8   3.0  31.6 212.6 198.5 180.2 213.2 221.1 164.2 349.6 121.0 190.6 309.5 238.3  13.0 242.4 269.9
 wrfout_d04_2016-09-02_23:00:00 999.0 356.0 250.2 148.2 255.7 202.9  99.5 116.0  47.8  83.6 291.3 341.1 999.0 170.6 143.5 323.6 342.7 206.5 211.0 184.0 257.5 212.1 210.6   6.1 230.2 225.5  22.4 241.9  40.2 243.5 257.3
