 wrfout_d04_2016-11-24_00:00:00 999.0  27.9  49.7   9.3  44.4  34.3  67.8  43.3  91.2  45.6 232.0 298.1 999.0  23.7   7.4  27.5 282.5  21.0 223.3   7.6 207.5  18.3  18.2  22.6   6.8   7.5  31.3 344.5  21.2  25.7  19.9
 wrfout_d04_2016-11-24_01:00:00 999.0  27.0  49.0  11.3  45.0  37.3  67.6  44.2  80.5  41.9 225.7 292.1 999.0  22.4  10.3  31.1 253.7  20.3 214.3   1.9 225.4  19.4  13.6  23.9 352.4 356.5  26.4 309.9  27.4  22.1  38.6
 wrfout_d04_2016-11-24_02:00:00 999.0  26.9  51.0  16.6  47.8  42.2  81.1  45.7  84.6  43.4 222.4 282.8 999.0  19.9   4.7  34.0 278.9  19.9 229.4 354.4 232.3  18.2  11.5  19.8   2.5   1.9  36.3 279.0  26.8  23.9  40.8
 wrfout_d04_2016-11-24_03:00:00 999.0  25.5  52.9  20.1  49.7  40.5  74.5  43.7  75.6  44.6  30.3 301.1 999.0  19.2   2.1  32.1 246.7  19.9 235.9 346.8 253.3  15.8  10.0  27.9 349.2 352.6  39.4 259.5  25.0  23.6  43.7
 wrfout_d04_2016-11-24_04:00:00 999.0  26.9  50.8  11.3  46.4  35.6  76.9  46.8  79.5  45.4  28.6 288.8 999.0  17.1 358.2  36.4 247.6  17.5 237.4 347.0 265.0  14.2   3.5  27.0 348.0 348.9  45.2 249.7  31.4  23.3  41.2
 wrfout_d04_2016-11-24_05:00:00 999.0  31.8  50.6  13.9  46.5  36.5  74.4  44.9  80.8  43.9  46.7 276.7 999.0  17.4 357.7  32.1 247.0  19.6 244.7 335.2 263.8  13.5   5.7  35.9 345.8 341.7  35.9 235.7  28.3  20.7  46.7
 wrfout_d04_2016-11-24_06:00:00 999.0  34.6  51.7 359.5  47.2  38.1  71.9  46.3  84.1  44.9  36.9 274.0 999.0  18.2 357.5  32.8 237.5  17.1 250.4 326.7 256.4  14.6 359.5  32.2 338.1 330.3  32.8 233.6  25.1  28.5  54.3
 wrfout_d04_2016-11-24_07:00:00 999.0  37.4  52.9 346.8  48.7  43.6  78.0  47.8  84.9  44.9  32.8 320.8 999.0  18.4   0.6  30.3 240.3  18.8 236.4 334.0 247.4  15.5 358.8  33.4 341.3 335.3  34.5 248.9  21.6  33.1  57.1
 wrfout_d04_2016-11-24_08:00:00 999.0  38.7  57.4 345.7  53.2  45.0  80.4  48.4  79.7  41.9  42.0 333.1 999.0  17.6 355.5  29.6 228.8  21.8 228.8 335.0 232.2  16.1   0.3  22.5 339.2 341.9  24.7 249.0  24.9  30.9  53.0
 wrfout_d04_2016-11-24_09:00:00 999.0  42.5  60.4 338.5  56.2  46.5  82.3  50.5  73.4  43.5  40.3 311.0 999.0  11.6 351.3  21.8 220.3  22.8 216.9 331.5 184.2  18.7   6.0  15.1 340.3 341.1  11.3 228.4  16.9  31.7  53.9
 wrfout_d04_2016-11-24_10:00:00 999.0  48.3  62.6 309.5  56.5  52.2  81.0  53.3  79.6  46.0  25.3 288.3 999.0  14.5 357.9   5.0 199.6  21.9 186.4 342.4 196.7  15.0   7.1  28.3 346.2 356.6   4.2 236.7  20.4  32.5  56.0
 wrfout_d04_2016-11-24_11:00:00 999.0  48.8  64.2 255.7  57.4  53.5  80.3  55.0  76.5  48.1  36.2 272.2 999.0  17.8 357.8 357.2 179.0  19.0 186.5 355.5 200.9  12.5  15.8  26.9 349.4 355.3  22.7 293.2  22.0  26.0  57.2
 wrfout_d04_2016-11-24_12:00:00 999.0  52.7  68.4 252.1  61.2  45.4  69.9  53.2  67.6  46.2  53.3 328.2 999.0  21.3 348.7  20.9 199.6  21.9 185.8 352.8 207.6  13.5  17.4  24.3 357.7   3.2  19.3 321.5  16.2  29.2  56.3
 wrfout_d04_2016-11-24_13:00:00 999.0  51.5  67.5 317.3  61.3  63.6  71.4  50.2  75.9  48.9  71.3  80.4 999.0  18.5 345.6  26.0 197.9  22.5 183.0 356.6 213.5  11.1  21.2  20.7   0.9   6.9  20.9 355.9  15.9  39.4  61.4
 wrfout_d04_2016-11-24_14:00:00 999.0  49.1  71.1 275.3  63.0  56.6  73.4  52.2  73.0  49.0 202.8  45.4 999.0  19.0 342.8   6.2  92.3  24.5 184.0 355.4 224.6   8.2  31.9  20.2 358.2   5.8  14.7 359.6  13.3  42.1  58.4
 wrfout_d04_2016-11-24_15:00:00 999.0  49.1  71.2  76.3  62.7  70.5  69.8  52.2  77.8  45.8 239.4 287.5 999.0  15.5 350.4  14.2  67.0  22.7 178.0   1.5 217.8   9.1  29.6  21.5 350.5   3.1  15.4 358.3  21.9  29.4  58.8
 wrfout_d04_2016-11-24_16:00:00 999.0  48.3  72.8  87.4  63.2  59.3  93.0  50.7  75.2  44.1 165.5 292.7 999.0  19.9 352.9 359.8 174.2  24.3 160.4 359.0 225.5  20.4  27.1  31.0 358.0   6.3  15.8   2.5  28.7  44.0  47.4
 wrfout_d04_2016-11-24_17:00:00 999.0  44.3  71.1  76.6  61.2  66.2  99.3  52.5  71.1  48.8  71.2 273.2 999.0  18.3 355.9   3.5 215.5  25.3 157.2   5.2 232.0  19.0  23.0  37.7 352.5  13.6  18.3 345.4   6.2  32.8  49.7
 wrfout_d04_2016-11-24_18:00:00 999.0  49.5  72.1 138.1  61.9  59.8  74.3  50.3  72.4  46.3 309.8 295.2 999.0  10.2 352.5 350.1 205.1  26.4 154.3  15.6 246.7  21.2  24.0  24.4 351.4   9.3  18.0 355.2  22.1  37.7  37.7
 wrfout_d04_2016-11-24_19:00:00 999.0  47.1  72.0  27.5  62.0  69.7  83.3  52.5  81.8  39.6 245.4 291.0 999.0  14.2 349.0   9.2 175.8  24.6 129.8  17.6 254.9  16.1  27.9  16.2 353.5  11.2  29.3 353.4  21.0  39.4  48.3
 wrfout_d04_2016-11-24_20:00:00 999.0  42.0  67.5  76.9  58.3  69.1  82.5  55.8  70.4  39.6 230.9 292.6 999.0  20.3 341.8 350.9  22.1  24.4 118.9  11.0 260.5  12.6  21.3  39.9   0.4  17.6  39.1  11.2  18.0  37.5  50.8
 wrfout_d04_2016-11-24_21:00:00 999.0  47.0  70.3  47.6  58.8  51.5  89.1  48.6  79.4  37.9 281.3 295.7 999.0  24.8 334.3 329.2  33.4  21.6 105.3  13.9 280.0  12.0  18.3  26.8 356.7   7.6   2.1  26.4   8.3  37.5  48.8
 wrfout_d04_2016-11-24_22:00:00 999.0  53.3  71.6  91.7  58.9  60.0  65.6  57.8  90.9  44.4 276.9 280.0 999.0  29.6  20.7 348.9  54.3  19.1 107.3  32.0 357.5 358.0  15.5   3.7   0.6  15.6 357.6   2.5  19.3  43.0  39.8
 wrfout_d04_2016-11-24_23:00:00 999.0  61.8  74.3 112.4  61.8  65.1  77.0  51.2  83.3  48.2 337.1 274.0 999.0 348.2 243.1   9.2  66.2  26.0 115.3 327.2  56.8  10.9  15.2  23.0 348.8   6.2   4.7   0.7   9.4  46.4  50.3
