 wrfout_d04_2016-08-23_00:00:00 999.0 326.7  59.6 288.6  47.1  39.6  92.5  63.4  86.2  73.4  53.4 338.3 999.0 210.5 188.0  67.5 353.2  17.2  39.8 267.9  76.5 350.6 331.8  84.2 330.2 313.2  69.7 296.2  89.0  25.0  40.2
 wrfout_d04_2016-08-23_01:00:00 999.0 325.9  53.8 330.7 223.9  25.4  82.6  23.5  73.4  11.0  88.5 345.2 999.0 268.2 222.8  83.8 316.2  16.3  37.4 313.7  24.2   3.6 320.7  70.9 324.7 298.0 107.5 293.4 100.8  32.6  17.1
 wrfout_d04_2016-08-23_02:00:00 999.0 326.6  49.3 343.0 102.6  16.2  34.5  22.5  44.4  40.8  97.5  17.4 999.0 311.9 270.8  79.4 264.7  17.3  36.1 289.5   3.4 358.2 324.0  90.4 330.3 283.8 100.7 290.8  99.0  34.6 327.0
 wrfout_d04_2016-08-23_03:00:00 999.0 332.2  38.7 348.3  70.9  13.3 355.3  20.5  11.9  18.5  98.7  31.9 999.0 334.4 286.1  75.2 323.3  12.2  31.7 297.2 353.1  14.5 322.0  90.7 319.8 278.4 102.2 284.7  96.8  39.4 288.1
 wrfout_d04_2016-08-23_04:00:00 999.0 338.0  29.7 352.5  44.1   8.6  32.2  17.8 347.8  14.4  99.6  41.2 999.0 344.3 312.6  77.5 303.1  10.5  21.4 307.8   3.4  11.9 329.7  90.6 307.4 283.9  98.9 282.0  95.5  36.9 261.9
 wrfout_d04_2016-08-23_05:00:00 999.0 345.5  24.1 357.0  31.9   5.5  75.1  19.0 346.1  13.3 105.1  46.0 999.0 347.5 357.1  72.2 252.4   9.7  23.7 302.7  11.6  12.0 328.4  93.2 307.4 286.6  98.7 282.4  95.2  46.4 237.2
 wrfout_d04_2016-08-23_06:00:00 999.0 355.9  23.4 358.6  30.2   3.6  78.9  20.1 354.0  17.2 112.4  55.9 999.0 356.9   6.3  60.8 288.4   9.6  23.3 286.8   3.8   7.1 327.2  94.0 305.5 283.7  98.7 282.7 104.7  49.1 247.4
 wrfout_d04_2016-08-23_07:00:00 999.0   6.2  26.2   0.2  31.4   3.3  79.8  22.1   8.6  18.4 117.3  62.2 999.0   2.4 355.3  61.5 271.6   7.4  43.9 285.7  10.6   7.0 323.9  85.7 298.5 288.2 102.7 276.6  98.3  53.5 250.4
 wrfout_d04_2016-08-23_08:00:00 999.0  13.9  31.3   2.1  33.1   4.2  84.5  25.9  42.0  22.5 125.1  79.0 999.0   2.6 354.3  71.3 297.1   6.9  47.5 285.2  22.6   1.8 325.2  82.4 304.2 297.9  93.8 274.8  95.7  45.3 236.1
 wrfout_d04_2016-08-23_09:00:00 999.0  21.2  39.3   4.6  37.0   4.5  79.2  31.1  71.3  23.3 143.2 106.0 999.0   5.9 353.9  68.9 312.0  12.2  42.2 301.8  25.9   6.9 329.4  67.5 312.0 311.7  86.9 275.2  93.7  36.3 191.6
 wrfout_d04_2016-08-23_10:00:00 999.0  28.6  46.3 357.5  38.9   6.9  78.7  34.7  80.6  28.1 184.9 151.5 999.0   5.8 356.5  56.0 336.7  12.9  44.5 311.2  82.4   8.2 344.9  61.0 314.0 307.8  82.9 276.9 114.5  29.3 124.6
 wrfout_d04_2016-08-23_11:00:00 999.0  34.8  52.2 346.0  41.6   7.7  81.3  40.0  80.6  30.0 232.7 180.8 999.0   8.9 355.7  32.2   9.6  19.1  62.4 333.9 148.0   6.5 351.3  47.0 330.4 323.8  69.4 278.3 312.7  24.0 320.3
 wrfout_d04_2016-08-23_12:00:00 999.0  42.8  55.8 320.3  43.4  18.6  91.1  44.1  84.4  32.9 271.9 156.7 999.0  10.7 348.9  12.1 178.7  31.8  62.9 295.7 356.7   6.6 344.9 339.5   9.0 313.7  64.1 272.9 112.4  17.5 336.2
 wrfout_d04_2016-08-23_13:00:00 999.0  48.7  58.9 262.3  43.7  21.2  99.2  49.6  95.1  35.8 269.5 358.7 999.0   9.5  23.6  38.3 182.7  27.9 107.4 246.0  84.7  12.9  74.7  46.2 329.6 248.6 352.9 257.2 302.9  25.4 338.5
 wrfout_d04_2016-08-23_14:00:00 999.0  53.8  60.8 236.5  45.3  16.0 104.2  49.0  92.5  35.3 300.3 313.0 999.0   9.2 348.4  21.4 199.6  28.4 102.2 223.6  28.4  20.4 182.4 299.5 105.4 252.0  22.6 237.7 311.3  23.2  11.2
 wrfout_d04_2016-08-23_15:00:00 999.0  56.4  63.0 224.3  49.3  38.1 101.5  50.9  92.0  39.1 297.5 278.7 999.0 358.9 358.1   2.0 195.9  29.3 118.0 220.8  84.4  33.4 111.3 325.0 147.5 222.0 299.3 222.2 334.0  14.8  62.1
 wrfout_d04_2016-08-23_16:00:00 999.0  56.7  64.1 212.5  49.9  71.6 111.8  51.6  90.2  40.6 301.1 280.1 999.0  12.4 126.4 340.4 205.0  37.5 106.8 216.3  75.3  23.1 145.3 342.0 105.6 219.9 332.2 217.8 342.6  21.4  66.7
 wrfout_d04_2016-08-23_17:00:00 999.0  56.1  64.0 198.8  50.4  87.8 108.7  51.6  82.6  32.0 293.6 281.8 999.0  13.1 161.8 343.1 188.2  35.0 104.0 214.9  75.4  25.3 130.3 341.1 133.3 232.9 341.1 236.0 345.7  12.6  68.0
 wrfout_d04_2016-08-23_18:00:00 999.0  53.7  65.2 186.0  50.5 102.6 118.9  52.9  79.6  30.8 287.5 283.3 999.0   5.6 162.9 354.5 189.3  31.1 116.6 218.8  95.0  27.7 149.0 351.6 161.2 216.3 330.4 226.6 335.3  17.0  64.8
 wrfout_d04_2016-08-23_19:00:00 999.0  57.9  64.8 163.4  52.5 113.5 101.1  55.0  74.0  37.2 292.0 284.9 999.0  15.5 157.1 350.1 190.6  32.6 154.2 222.3 105.0  40.4 162.1   5.2 207.8 211.6 327.9 228.9 312.3  17.6  63.7
 wrfout_d04_2016-08-23_20:00:00 999.0  26.2  65.1 161.5  55.2 114.2  84.3  56.1  71.0  49.8 292.6 290.2 999.0   1.2 152.8 351.0 191.5  34.3 190.1 228.4 125.3  50.7 182.3 345.1 227.4 217.1 328.7 231.6 316.7  17.7  50.8
 wrfout_d04_2016-08-23_21:00:00 999.0  19.7  64.2 151.0  53.7 144.4  67.1  55.0  68.7  53.2 299.5 287.6 999.0   0.9 146.2 349.1 169.8  31.9 195.1 221.4 141.6  45.0 212.6  45.4 247.1 234.9 294.2 233.5 322.0  14.2  37.1
 wrfout_d04_2016-08-23_22:00:00 999.0  24.4  58.5 143.7  51.5 217.4  80.5  61.6  85.5  55.8 295.4 286.6 999.0  10.0 151.0 349.0 159.8  25.1 195.4 212.0 153.1  24.4 233.6  15.5 258.5 253.2 306.3 240.5 325.9   0.5  49.1
 wrfout_d04_2016-08-23_23:00:00 999.0  35.1  45.9 142.7  46.7 255.2 106.1  61.7 104.3  71.0 260.3 296.2 999.0 123.1 160.0   0.1 206.4  22.0 238.9 209.8  98.5   8.4 212.2  69.2 276.8 263.1 341.1 263.8  12.6 353.0  25.5
