 wrfout_d04_2016-10-09_00:00:00 999.0  27.7  40.0  11.4  38.6   9.2 223.1  39.6 203.3  44.1 234.4 272.4 999.0  33.5  35.0  17.3  30.2  41.3 134.9  22.3 154.3  37.2  44.8  50.9  39.3  34.9  19.7 181.3 346.9 171.1 161.1
 wrfout_d04_2016-10-09_01:00:00 999.0  20.3  24.7   1.3  28.5 340.5 251.0  34.3 326.6  35.9 215.0 280.3 999.0  19.2  14.4  42.5 174.6  40.7 146.2   5.1 198.6  33.5   9.5  80.5   9.9  15.9 211.8 179.9 187.0 183.5 171.5
 wrfout_d04_2016-10-09_02:00:00 999.0  33.6  30.0 355.5  33.3   5.2 275.7  26.9 325.6  35.6 202.5 287.7 999.0  28.8  23.3  26.7  26.8  41.4 215.6 356.7 211.0  38.2  24.1  64.3 354.3   9.2 216.9 182.5 192.7 181.5 168.5
 wrfout_d04_2016-10-09_03:00:00 999.0  36.9  13.9   3.7  19.8 353.6 287.8  19.8 338.8  31.5 226.7 286.0 999.0  20.0  14.9  28.4 342.5  38.7 209.9   6.2 238.5  36.7  29.4 351.5 329.6  19.2 221.5 180.7 191.7 183.9 172.8
 wrfout_d04_2016-10-09_04:00:00 999.0  35.4  20.1   9.0  24.8   3.1 289.5  21.5 350.2  28.8 181.3 308.3 999.0  19.2  16.3   5.2  45.8  34.5 198.9  22.0 192.9  29.7  33.6 350.2  33.0  21.0  45.9 168.7 162.8 180.0 172.5
 wrfout_d04_2016-10-09_05:00:00 999.0  32.2  17.1  10.5  19.6 333.2 261.7  23.7 336.0  34.6  94.3  49.3 999.0  20.2  18.0  20.0  11.2  33.7 175.5   4.9 171.4  33.1  23.4  51.9  91.3  89.7  66.8 154.8 162.3 175.4 165.2
 wrfout_d04_2016-10-09_06:00:00 999.0  36.1  30.7   8.8  33.0  31.2 183.0  29.4 340.0  24.3  92.9  57.3 999.0  16.5   9.7  21.3   3.1  34.8 201.5   1.9 189.9  31.4   9.6 340.5  58.5 215.4  54.0 155.5 147.7 171.2 160.3
 wrfout_d04_2016-10-09_07:00:00 999.0  37.6  28.5   3.4  31.5   0.1 340.7  28.1 349.5  21.2  53.6  75.3 999.0  17.2  17.8  29.2 339.5  33.9 213.0 357.1 143.0  41.1  13.1 214.1  24.3 283.0   8.5 153.1 143.8 173.5 155.3
 wrfout_d04_2016-10-09_08:00:00 999.0  32.5  26.3  12.6  26.1  47.6 213.2  29.4 319.0  37.5  49.8  67.8 999.0  18.2  11.2  33.1 260.9  33.8 204.8   6.2 136.4  37.2  24.7  91.4  47.8 303.3   7.5 160.3 139.1 161.2 140.9
 wrfout_d04_2016-10-09_09:00:00 999.0  29.4  34.1  12.4  34.2  20.1 257.4  32.4 355.4  31.3  89.1 302.4 999.0  25.1   8.7  51.0  30.0  39.6 210.2 356.6 152.1  35.5  22.4   2.0 339.5 341.9 322.3 156.8 101.9 155.5 127.9
 wrfout_d04_2016-10-09_10:00:00 999.0  27.7  28.4  12.9  31.0  13.3 296.4  30.9   0.8  32.3 294.3 256.7 999.0  19.8  10.3  38.2  36.9  40.6 178.6   7.2 158.9  37.5  26.3  84.5 354.8  16.7 329.4 151.1  13.8 141.1 124.9
 wrfout_d04_2016-10-09_11:00:00 999.0  25.9  28.2  16.4  29.3   3.3 231.0  30.3 264.5  30.1 183.7 335.0 999.0  22.6  11.9  68.3  29.2  37.1 194.9  12.3 160.4  46.9  27.1  17.1 354.8  11.0  10.6 144.5  14.6 142.1 136.6
 wrfout_d04_2016-10-09_12:00:00 999.0  28.9  34.7  14.5  31.2 355.3 228.3  27.5 266.9  32.9 152.1 322.9 999.0  26.4  17.4  37.4 181.0  37.6 183.8   0.0 162.9  42.2  38.2  27.5   6.8  10.2 278.2 151.9  47.5 141.7 120.0
 wrfout_d04_2016-10-09_13:00:00 999.0  30.9  44.9  14.6  39.2  14.4 256.0  29.3 218.2  35.9 297.0 306.0 999.0  25.6  12.6 348.3  40.6  40.4 195.5  17.7 153.5  50.0  33.5  19.0  20.4  27.3 302.0 144.1  59.5 138.6 107.4
 wrfout_d04_2016-10-09_14:00:00 999.0  29.9  39.4  16.9  35.0  29.5 216.0  34.9 290.3  45.4  36.8 293.6 999.0  18.1   8.1   8.7  25.3  43.8 230.2  19.1 167.7  53.6  24.4  53.4 347.1  16.0 344.9 154.3  72.5 145.0 114.4
 wrfout_d04_2016-10-09_15:00:00 999.0  28.2  35.0  18.3  33.4  29.9 164.5  41.4 181.5  47.0  79.7 300.5 999.0  15.8   8.1  16.5  60.9  44.4 208.8  15.6 157.6  51.2  21.3  67.7 346.3 352.3  12.9 151.0  35.6 143.3 111.4
 wrfout_d04_2016-10-09_16:00:00 999.0  26.9  38.7   9.3  36.4  20.5 237.1  44.0 178.3  46.7 170.6 320.0 999.0  21.3   8.0  19.1  57.0  42.8 221.4  12.5 157.2  59.0  27.9 214.8   2.5   4.0  80.7 148.4  88.7 146.8 107.2
 wrfout_d04_2016-10-09_17:00:00 999.0  28.8  39.0  10.0  40.0  14.4 201.8  38.4 128.5  40.4 217.9 309.3 999.0  17.7   7.1  19.9  45.4  48.0 195.4  15.4 151.2  51.7  34.4  71.8 355.5   9.3  12.0 148.9  50.4 148.5 108.8
 wrfout_d04_2016-10-09_18:00:00 999.0  31.0  42.4  22.8  39.9  19.9 123.8  45.6 132.9  42.1 222.4 263.3 999.0  16.0  13.9  38.1  48.4  43.1 201.6   6.8 149.7  60.6  27.2  15.4   7.4   7.7 305.7 135.9  15.8 146.4 102.7
 wrfout_d04_2016-10-09_19:00:00 999.0  32.7  47.3  34.0  42.9  26.4  67.5  46.2  85.4  40.3 226.5 283.8 999.0  17.4   8.5  31.6  66.4  44.0 212.6   4.4 156.6  55.3  23.1  52.8  29.2  29.9  22.1 130.0  19.0 147.3 104.0
 wrfout_d04_2016-10-09_20:00:00 999.0  30.9  49.8  19.1  43.6  26.4  63.6  44.1  65.3  37.3 245.2 304.2 999.0  17.4   4.3   9.6 112.2  45.9 203.1   7.3 154.8  52.4  25.1  30.5  21.5  25.0  22.3 100.3   3.2 146.9  98.4
 wrfout_d04_2016-10-09_21:00:00 999.0  35.9  48.0  16.1  43.4  35.1  74.6  33.7  66.0  46.2   8.5 277.6 999.0  14.4 359.6 217.9 102.9  47.4 180.0   5.0 148.6  53.5  21.3 345.3  21.9  23.1 351.6 111.5   8.4 137.1  96.4
 wrfout_d04_2016-10-09_22:00:00 999.0  45.2  45.4 347.7  41.7  26.0 270.8  36.7 128.8  46.9 220.8 279.4 999.0  14.4 359.0 235.0  55.9  45.6 215.1   1.7 157.9  46.6  23.3  40.6  14.3  16.3 346.8  87.3 356.8 141.1  97.1
 wrfout_d04_2016-10-09_23:00:00 999.0  38.7  50.0 346.4  45.0  26.6  78.6  39.4 107.6  43.2 204.8 274.0 999.0  16.7   4.3 256.0  68.1  44.2 221.4   3.8 162.1  41.5  27.9 340.8  10.0  17.5 339.5 112.0   8.0 146.8  99.1
