 wrfout_d04_2016-06-14_00:00:00 999.0 220.0 236.8 235.1 241.0 191.4 236.2 220.6 237.4 224.8 331.9 331.7 999.0 184.8 170.2  61.4  28.8 188.3 223.5 188.4 247.6 178.6 168.8  72.0 157.7 175.4 206.2 226.0 240.8 236.9 264.5
 wrfout_d04_2016-06-14_01:00:00 999.0 193.0 232.9 235.8 239.5 221.6 235.6 226.8 220.2 222.2 112.0  60.2 999.0 192.5 185.0  46.4 285.7 192.0 227.5 191.1 249.4 187.0 185.6  97.8 197.8 194.5 117.5 232.6 245.7 236.9 260.8
 wrfout_d04_2016-06-14_02:00:00 999.0 165.1 234.0 230.2 241.7 226.0 240.6 221.7 234.1 236.3  88.7  47.1 999.0 194.3 195.0  72.3 247.9 193.2 232.4 190.2 247.8 182.5 191.5  99.8 219.1 211.6 184.4 228.7 246.3 236.1 258.9
 wrfout_d04_2016-06-14_03:00:00 999.0 157.1 229.5 220.0 239.6 213.8 250.5 224.1 255.1 228.9 100.9 100.1 999.0 193.5 209.3  52.4 246.0 191.8 229.6 196.9 250.1 182.7 193.5  86.7 231.4 221.1 205.9 232.8 248.9 236.4 259.0
 wrfout_d04_2016-06-14_04:00:00 999.0 131.8 240.1 260.7 252.7 226.5 259.6 223.2 245.7 223.4  83.9  87.7 999.0 195.1 198.8  74.5 254.0 194.4 229.4 198.4 250.3 180.9 191.6  76.1 229.6 218.4 200.7 235.8 249.2 236.7 260.3
 wrfout_d04_2016-06-14_05:00:00 999.0 115.5 239.6 243.6 247.3 230.8 258.5 226.2 246.8 227.9  88.5  25.1 999.0 196.6 193.6  48.9 262.4 194.2 231.3 208.5 251.7 179.1 194.9  73.1 228.8 218.5 202.0 235.2 249.1 237.6 261.0
 wrfout_d04_2016-06-14_06:00:00 999.0  91.8 240.0 241.0 248.5 209.9 251.6 226.0 247.9 227.0  96.0  91.2 999.0 210.7 183.6  37.0 271.8 191.4 228.8 219.3 254.0 177.6 190.9  63.2 228.8 221.6 204.0 234.7 249.5 238.2 262.1
 wrfout_d04_2016-06-14_07:00:00 999.0 110.0 240.3 264.8 253.0 237.3 270.5 226.9 246.1 229.9  65.7  34.2 999.0 213.1 159.5  59.2 294.5 189.0 228.0 219.1 254.2 177.6 193.3  52.0 226.2 217.5 206.5 233.2 247.5 237.2 263.1
 wrfout_d04_2016-06-14_08:00:00 999.0 125.9 243.0 270.0 259.8 218.5 271.5 234.6 238.7 225.2  83.6  19.5 999.0 211.8 171.8  40.8 305.1 185.4 228.8 212.5 254.1 180.4 188.2  46.8 220.1 210.4 206.7 229.3 248.0 236.6 260.3
 wrfout_d04_2016-06-14_09:00:00 999.0 132.2 237.6 258.4 254.3 208.0 261.5 230.5 212.8 221.0  81.2 353.7 999.0 212.0 168.6  36.3 309.0 182.6 224.7 209.5 251.7 176.9 182.6  46.4 212.9 202.6 214.9 230.1 245.2 236.3 258.4
 wrfout_d04_2016-06-14_10:00:00 999.0 125.3 238.6 254.5 257.6 162.4 289.7 227.3 158.3 226.0  56.4  15.8 999.0 204.1 152.5  37.4 280.1 181.3 219.8 204.2 249.1 175.4 175.0  47.2 201.6 193.9  64.2 216.5 246.7 239.1 261.6
 wrfout_d04_2016-06-14_11:00:00 999.0 123.6 242.1 285.5 261.2 152.9 268.9 225.7 145.7 226.6  23.2   7.3 999.0 199.0 146.8  27.3 113.7 181.9 209.4 195.9 248.6 176.7 170.8  40.2 189.3 183.7  53.9 208.1 244.0 239.2 262.5
 wrfout_d04_2016-06-14_12:00:00 999.0 120.1 238.7 323.9 258.8 145.9 112.2 223.5 129.0 227.9 332.6 339.1 999.0 193.3 166.1  26.9  38.9 180.6 206.5 184.7 248.5 176.5 168.6  42.1 190.1 186.6  54.0 199.0 246.1 236.4 261.4
 wrfout_d04_2016-06-14_13:00:00 999.0 128.4 237.8  41.9 260.9  87.9  91.3 224.7 114.9 233.0 230.3 325.4 999.0 188.1 162.9  23.9  54.0 181.7 209.5 189.3 246.3 170.3 169.4  45.2 183.8 178.3  51.3 200.2 243.2 235.7 258.6
 wrfout_d04_2016-06-14_14:00:00 999.0 151.2 234.3  59.0 259.6  13.3 101.8 224.2 107.4 230.3 148.8 317.4 999.0 187.3 157.0   4.9  59.2 178.7 206.0 188.4 244.1 170.2 172.1  48.6 183.7 175.6  44.5 194.4 250.2 236.1 258.5
 wrfout_d04_2016-06-14_15:00:00 999.0 149.7 237.7  78.0 261.3 352.4 152.2 226.2 110.8 237.8 261.1 320.4 999.0 183.5 155.6 299.3  51.2 178.8 204.8 189.1 241.8 171.4 173.7  37.2 180.3 179.7  38.1 186.8 258.5 234.4 253.7
 wrfout_d04_2016-06-14_16:00:00 999.0 189.9 237.6  68.4 264.2  16.9 158.5 228.1 128.1 246.1 185.4 331.5 999.0 179.9 163.9 210.1  23.3 180.5 205.8 187.7 238.9 174.4 170.4  18.3 184.7 183.1  43.0 183.9 248.4 233.8 252.8
 wrfout_d04_2016-06-14_17:00:00 999.0 211.7 235.9 101.4 261.3 215.2 200.7 233.2 130.9 243.5 158.9 322.2 999.0 184.4 168.7 202.1  12.8 182.7 205.7 185.8 237.5 176.6 168.4 343.4 177.6 179.5  27.1 181.9 242.0 233.7 253.4
 wrfout_d04_2016-06-14_18:00:00 999.0 191.4 242.1 113.0 266.0 254.7 231.9 236.5 131.5 241.0 166.3 348.6 999.0 186.5 170.8 256.7  18.0 184.6 206.7 186.3 236.8 181.1 167.9 306.2 163.8 169.0 280.6 179.2 236.8 233.2 255.6
 wrfout_d04_2016-06-14_19:00:00 999.0 250.3 241.8 193.6 264.8 227.1 293.1 236.7 148.1 232.6 164.6 330.0 999.0 185.6 159.7 224.5  44.0 186.4 206.6 187.2 237.8 181.2 166.1 279.7 158.8 161.1 287.0 196.2 237.1 233.5 256.8
 wrfout_d04_2016-06-14_20:00:00 999.0 237.4 243.0 226.1 265.1 215.4 299.3 233.1 156.5 236.6 273.9 151.8 999.0 184.3 154.4 259.6  48.5 187.7 210.0 183.7 238.3 182.7 166.2 264.4 151.1 153.8 304.4 207.3 243.6 233.2 254.3
 wrfout_d04_2016-06-14_21:00:00 999.0 244.2 242.0 236.2 263.0 211.5 277.8 231.8 140.8 228.4 122.0  63.7 999.0 183.2 152.5 297.8  42.9 187.2 208.3 184.6 239.6 182.8 161.8 332.3 144.3 138.8 341.2 195.5 240.8 232.8 256.1
 wrfout_d04_2016-06-14_22:00:00 999.0 245.7 239.2 223.9 258.4 226.0 252.9 229.8 152.8 225.4 170.2  34.4 999.0 185.4 163.7 297.0  30.5 186.3 208.3 184.4 239.8 181.8 155.7 269.4 151.6 135.9   5.5 178.0 245.0 231.7 257.0
 wrfout_d04_2016-06-14_23:00:00 999.0 245.6 236.1 226.7 250.8 227.6 253.6 228.0 221.6 228.2   9.6  99.5 999.0 187.6 180.5 224.9   9.6 186.7 213.9 185.6 239.6 178.8 163.6  94.9 153.3 154.9  45.2 181.8 238.3 228.2 255.6
