 wrfout_d04_2016-08-16_00:00:00 999.0 140.8  87.3 326.7 170.2  87.2 345.6  27.6  68.8  41.2 102.0 166.6 999.0  29.7 359.6 187.6 356.6 150.5 272.9 177.4 146.7 163.9 150.4 246.9 157.4 152.6 262.5 154.8 162.2 203.9 174.0
 wrfout_d04_2016-08-16_01:00:00 999.0 137.5 149.2 149.6 151.4 135.2 256.5 292.5 163.0 350.0 108.4 161.1 999.0 351.1 336.4 173.5 306.9 135.2 230.3 142.2 144.1 159.7 140.5 184.4 138.9 129.7 111.9 165.2 252.9 206.3 180.8
 wrfout_d04_2016-08-16_02:00:00 999.0 137.6 137.8 179.0 150.9 138.0 286.1 314.0  36.1 333.3 108.6 156.4 999.0 349.9 334.9 171.8 312.2 155.1 266.7 184.0 119.9 164.6 126.9 300.9 141.7 149.2  10.6 165.5 180.2 207.4 189.9
 wrfout_d04_2016-08-16_03:00:00 999.0 131.2 175.5 320.1 165.5 141.2  63.8 333.7 333.8 341.9 106.4 152.3 999.0 345.9 335.5 163.5 284.3 159.3 255.2 162.2 102.2 155.7 136.6 263.7 129.8 134.6 323.3 175.2 197.1 204.0 187.1
 wrfout_d04_2016-08-16_04:00:00 999.0 131.8 149.0 315.9 142.3 135.4 102.9 347.0  47.0 338.9 101.8 153.0 999.0 346.0 322.4 170.2 268.4 145.2  17.0 172.9  18.7 159.9 137.3 165.6 116.9 135.1 185.2 170.4 180.1 211.7 185.4
 wrfout_d04_2016-08-16_05:00:00 999.0 134.1 142.6 306.6 140.8 139.6 109.0 315.6 104.9 322.2 106.6 156.2 999.0 347.1 301.1 170.9 284.5 152.8  41.5 183.0  58.8 163.2 135.7 243.0 138.3 139.7 194.8 178.6 145.0 208.3 187.6
 wrfout_d04_2016-08-16_06:00:00 999.0 133.2 143.5 303.0 138.9 138.6 100.1 347.3 111.4 315.2 105.5 152.4 999.0 340.6 246.5 176.4 255.2 149.2  46.8 183.3  55.0 186.7 148.1 230.6 142.8 153.9 193.8 172.8 176.9 208.5 190.7
 wrfout_d04_2016-08-16_07:00:00 999.0 126.9 124.3 114.4 123.1 131.9 104.1 343.6  98.4 326.3 109.3 159.3 999.0 327.3 249.5 161.5 256.6 191.1  30.1 174.0  49.7 197.2 160.2 205.3  98.5  94.1 192.1 189.2 224.9 206.7 188.1
 wrfout_d04_2016-08-16_08:00:00 999.0 126.0 127.3 121.0 123.2 131.4 109.7 329.8 102.7 320.4 106.6 159.9 999.0 348.4 266.7 174.7 197.7 177.7  53.1 185.1  87.8 199.1 173.5 206.6 205.2 306.8 206.3 230.7 172.4 203.2 189.0
 wrfout_d04_2016-08-16_09:00:00 999.0 127.9 117.8 125.6 109.8 124.6 106.5 292.6  97.9 310.2 104.2 149.8 999.0  14.9 240.2 169.3   0.0 171.2  74.6 204.3  95.0 174.2 160.9 204.4 177.8 190.0 203.4 245.7 150.4 207.5 193.6
 wrfout_d04_2016-08-16_10:00:00 999.0 125.2 112.0 128.6  94.5 109.5  84.0 254.1 125.0 298.9  94.4 165.5 999.0  29.0 196.1 179.6 190.4 169.4  19.6 206.4 123.2 182.3 187.4 227.8 135.1 143.2 204.2 182.4 175.2 203.3 205.5
 wrfout_d04_2016-08-16_11:00:00 999.0 114.9 129.0 123.9 105.8 111.0 125.5 217.8 191.7 218.3  68.2 165.7 999.0  57.6  30.7 194.5  50.1 158.9 161.5 186.3 138.8 200.4 142.2 210.3 135.4 126.6 199.7 192.3 189.2 209.7 198.2
 wrfout_d04_2016-08-16_12:00:00 999.0 132.1 126.3 144.1  99.9 111.1 126.6 221.4 273.3 203.9 108.6 166.8 999.0  87.5  53.4 209.8  42.8 186.5 167.3 164.6 150.0 205.8 129.2 210.2 137.1 140.3 198.3 201.0 212.2 206.8 207.3
 wrfout_d04_2016-08-16_13:00:00 999.0 123.8 139.7 130.9 116.3 107.1  63.4 212.6  66.5 191.5  77.8 154.4 999.0 191.4 194.4 210.8  72.4 194.0 212.6 176.7 158.5 169.4 221.1 210.5  96.5  70.2 206.5 202.4 216.2 208.0 200.2
 wrfout_d04_2016-08-16_14:00:00 999.0 137.7 148.7 133.1 120.1 110.2  88.1 228.2 219.7 222.3  94.6 159.8 999.0 202.7 178.1 222.1 122.1 228.4 165.7 181.8 153.1 223.2 259.9 217.9  19.2  47.4 214.1 180.1 160.6 202.5 196.7
 wrfout_d04_2016-08-16_15:00:00 999.0 134.0 155.2 136.5 133.6 108.1 175.8 206.3 217.0 193.0  51.3 162.6 999.0 173.3 275.6 209.3   4.4 211.8 218.4 196.2 166.2 204.6 112.1 230.3 237.5 243.9 199.6 176.7 215.8 211.1 196.1
 wrfout_d04_2016-08-16_16:00:00 999.0 138.9 167.1 167.9 149.6 153.4 237.5 205.1 228.5 181.8  63.3 160.5 999.0 164.9 109.1 216.7 180.7 210.2 191.8 185.6 155.4 200.7 155.8 225.2 163.1 190.0 201.4 188.3 185.9 211.0 195.1
 wrfout_d04_2016-08-16_17:00:00 999.0 141.0 187.3 204.0 182.7 259.9 247.8 202.2 229.7 208.8  36.2 151.3 999.0 174.5 178.8 223.3  62.1 204.0 191.8 180.6 167.5 186.7 221.3 216.3 173.0 181.4 204.7 183.0 220.9 203.1 201.6
 wrfout_d04_2016-08-16_18:00:00 999.0 142.4 231.2  67.6 253.8 216.0 243.4 191.8 217.0 219.7  16.1 359.6 999.0 173.6 168.9 231.0  45.8 208.8 210.6 165.5 194.1 192.2 180.2 228.8 160.2 171.7 196.9 171.6 229.2 203.5 187.2
 wrfout_d04_2016-08-16_19:00:00 999.0 151.9 238.9  77.7 264.2 226.8  53.4 214.4  90.6  76.8  48.3 354.6 999.0 176.6 167.9 240.4  58.2 198.7 200.7 166.2 184.1 177.2 156.8 225.6 138.8 131.3 197.9 179.4 177.2 198.8 211.8
 wrfout_d04_2016-08-16_20:00:00 999.0 151.3 265.3  75.3 293.3 236.9 125.7 228.8 107.6  83.0  61.2 317.8 999.0 178.1 180.0 277.2 351.4 194.2 210.0 154.3 194.3 184.1 149.3 225.2 112.6 108.9 206.8 173.4 201.6 205.3 217.5
 wrfout_d04_2016-08-16_21:00:00 999.0 152.4 271.8  60.5 297.0 137.5  20.2 152.8 107.4  59.5 248.0 341.5 999.0 184.1 177.5 359.4  72.1 177.1 199.5 170.5 179.2 176.3 135.2 247.7 139.3 134.5 203.4 172.4 225.6 210.4 204.6
 wrfout_d04_2016-08-16_22:00:00 999.0 151.1 276.7 335.0 302.7 253.9 285.7 102.2 280.5  59.9 182.7  20.5 999.0 192.0 131.8 315.4  45.1 173.0 191.3 175.8 114.8 168.8 148.4 247.2 141.9 140.0 200.8 170.1 212.6 218.5 206.1
 wrfout_d04_2016-08-16_23:00:00 999.0 147.0 274.0 315.6 281.4 264.0  18.3 122.3 113.1 117.1 325.6 347.6 999.0 188.1 249.3 260.1  12.7 172.5 193.0 179.2 113.8 168.0 149.3 224.6 145.6 139.3 203.8 175.1 238.7 214.5 205.0
