 wrfout_d04_2016-03-31_00:00:00 999.0 238.3 242.6 291.4 263.9 193.0 229.8 111.8 194.0 122.5  56.4 159.3 999.0 316.8 217.1 189.6 171.1 294.6 233.9 319.5 256.7 173.6 143.3 205.0 170.7 159.1 200.6 153.9 196.3 147.7 131.5
 wrfout_d04_2016-03-31_01:00:00 999.0 282.0 247.4 316.4 266.0   8.1 213.4  59.5 196.0 316.9  39.9 126.2 999.0 317.1 177.3  84.5 238.8 175.6 238.6 225.1 255.5 108.3 131.1 198.3 215.3 115.1 200.0 182.9 167.4 161.5 171.0
 wrfout_d04_2016-03-31_02:00:00 999.0 256.3 248.4 316.5 254.8 310.2 175.9  15.4 160.4 320.5  83.1  71.0 999.0 254.9 215.6 112.9 238.2 219.9 237.9 210.2 258.8 124.4 156.4 184.7 151.6 185.7 193.5 191.4 162.5 164.8 186.5
 wrfout_d04_2016-03-31_03:00:00 999.0 294.0 249.7 322.9 261.6 355.4 326.1 355.0  13.1 292.4  98.8  56.6 999.0 297.6 235.4 133.8 244.0 251.1 235.2 207.0 261.3 163.0 218.1 185.5 237.8 226.0 196.4 211.6 165.2 170.5 201.1
 wrfout_d04_2016-03-31_04:00:00 999.0 302.4 247.7 331.9 256.8   5.4 353.1   6.6 343.8 295.6  81.8  51.4 999.0 325.1 219.8 144.8 256.3 239.8 236.3 221.6 263.7 196.1 231.5 181.2 236.4 223.9 191.8 225.2 179.6 177.4 219.7
 wrfout_d04_2016-03-31_05:00:00 999.0 306.8 247.6 339.2 259.0   6.7 336.7 358.1 295.4 282.8  85.6  69.9 999.0 305.2 253.4 113.6 253.8 257.6 234.5 238.1 267.5 294.7 253.1 183.7 242.9 235.9 189.7 232.8 201.1 179.9 238.8
 wrfout_d04_2016-03-31_06:00:00 999.0 289.0 252.5 327.8 262.8   4.1 318.2  15.6 291.7 297.0  90.8  61.7 999.0 317.0 267.9  66.8 251.0 271.2 233.1 249.9 272.5 278.6 246.3 184.4 246.9 245.7 187.7 244.2 214.2 183.7 255.9
 wrfout_d04_2016-03-31_07:00:00 999.0 304.8 258.0 345.0 267.4   9.4 322.0   9.9 304.7 300.1  90.6  57.1 999.0 320.3 263.3  42.6 258.5 269.6 234.0 259.7 271.7 299.7 260.9 187.9 251.5 253.0 186.8 255.4 219.5 191.4 269.1
 wrfout_d04_2016-03-31_08:00:00 999.0 342.0 263.9 319.6 272.2  18.9 322.8 357.7 293.8 295.2  75.0  57.7 999.0 328.9 263.5  34.6 257.2 272.3 233.3 261.5 270.3 309.9 282.6 178.1 258.1 261.8 188.4 268.7 214.2 200.6 276.7
 wrfout_d04_2016-03-31_09:00:00 999.0   0.3 265.9 330.0 281.7  15.1 323.0  46.7 317.1 277.9 102.5  30.0 999.0 313.3 256.4  30.9 252.3 282.2 234.3 263.2 265.2 328.1 287.5 168.4 261.7 269.3 193.3 280.9 206.2 206.1 283.2
 wrfout_d04_2016-03-31_10:00:00 999.0 354.6 261.4  54.4 282.8  61.4 324.7   7.2   3.0 285.3 126.9  40.1 999.0 326.2 260.4  27.3 237.5 293.5 218.5 266.5 252.8 335.9 300.6 105.3 275.9 282.8 196.0 291.2 206.1 224.3 287.2
 wrfout_d04_2016-03-31_11:00:00 999.0   8.0 269.6 352.7 289.6  47.7 325.4  31.8 347.8 276.0 176.3  95.1 999.0 342.4 247.9  22.5 184.1 285.2 203.4 276.1 254.3 307.3 333.3  38.5 318.0 307.6 197.0 302.7 215.2 234.2 292.9
 wrfout_d04_2016-03-31_12:00:00 999.0  23.2 283.1 355.7 302.1  29.1 333.3  31.2  46.3 305.7 199.2  51.7 999.0 284.6 219.0  30.8 143.3 258.1 212.4 280.8 253.3 288.3   1.1  32.6 323.0 315.1 190.1 314.1 233.3 236.1 297.4
 wrfout_d04_2016-03-31_13:00:00 999.0  31.3 294.7 338.1 295.7  25.4  96.1  47.0  52.0 329.6 219.7  58.0 999.0 322.7 193.7  34.6  54.9 240.7 211.2 284.0 249.8 282.9  24.0  36.9 337.2 318.3  36.7 327.5 251.0 238.8 303.9
 wrfout_d04_2016-03-31_14:00:00 999.0  35.7 254.7 328.8 252.1  16.9 107.7  63.4  30.6   3.7 264.2  55.6 999.0 344.6 181.6  26.5 188.3 228.4 205.9 303.0 247.6 274.0  62.5  33.2  40.1 344.0  36.2 328.3 265.8 238.9 307.7
 wrfout_d04_2016-03-31_15:00:00 999.0  38.2 309.2 305.0 315.5  32.8  57.6  52.6  32.9  31.0  64.1  37.2 999.0 352.0 235.5  23.7 199.2 224.3 206.2 297.2 243.7 284.3  73.0  34.5 314.3 303.6  44.8 321.7 354.6 237.8 294.7
 wrfout_d04_2016-03-31_16:00:00 999.0  39.0 292.4 298.3 314.1  46.2 111.6  33.4  51.7  34.0 301.8  32.1 999.0   3.8 283.7  19.8 203.8 348.4 207.3 314.0 241.6 307.7 321.1  40.5 281.2 280.5  42.8 292.7 353.2 237.7 292.7
 wrfout_d04_2016-03-31_17:00:00 999.0  40.5 281.2 210.9 306.9  15.7  92.4  29.8  84.8   0.9 220.5  14.0 999.0   6.6 350.2  26.3 201.5   9.5 207.8 341.3 241.0 350.7 294.0  35.7 319.3 299.2  36.4 296.3   3.5 238.8 296.6
 wrfout_d04_2016-03-31_18:00:00 999.0  54.4 308.1 177.8 338.2  21.1 103.5  38.3  88.3 354.7 261.0  19.7 999.0   6.3 357.2  20.4 193.6 355.8 206.8 352.0 239.6 353.2 316.1  33.2 355.6   0.3 336.6 307.6 313.6 249.7 304.6
 wrfout_d04_2016-03-31_19:00:00 999.0  57.1 294.7 166.8 325.0  11.2 119.2  46.7  71.6 282.7 304.0   0.2 999.0   5.7 348.2  14.7 177.7 350.5 206.9 338.9 237.4 337.1   8.0  35.3   2.6   6.4 193.5 326.1 309.6 291.3 316.9
 wrfout_d04_2016-03-31_20:00:00 999.0  65.9  22.6 198.3 353.9  19.6  92.7  53.0  82.4   5.1  72.3  15.1 999.0 358.0 341.7   3.6 184.3 359.9 205.6 357.0 237.4 338.3  44.7  31.4  15.5 349.9 205.6 342.0 319.4 300.6 333.5
 wrfout_d04_2016-03-31_21:00:00 999.0  61.1  47.6 177.3  15.7 345.7  95.5  36.1  68.2   2.3  26.0   6.8 999.0 359.7 336.9  12.7 190.2   5.2 205.6   4.3 238.5 354.9  44.1  24.2  14.9   0.6 246.0   4.4 301.1 318.2 352.1
 wrfout_d04_2016-03-31_22:00:00 999.0  53.6  61.0 258.7  18.0 336.8  82.8  16.5  55.1   8.0   0.0  15.3 999.0   4.5 347.5   4.6 184.3  11.7 206.7 358.6 240.6 353.1  36.1  17.6  25.2   4.2 304.9   3.9 301.1 325.8 352.5
 wrfout_d04_2016-03-31_23:00:00 999.0  49.9  65.6 211.3  41.4 321.0  72.0  17.4  80.6  11.0   7.5  14.6 999.0   3.9 346.8  13.8 230.8  32.7 218.4 360.0 247.5   2.0  42.2  34.2  46.7  23.0 340.5 353.8 289.8 342.4 347.2
