 wrfout_d04_2016-05-27_00:00:00 999.0 181.1 246.4 308.7 239.7  42.3 304.5 253.2 280.3 244.5  78.8  53.9 999.0 209.6 193.5 170.8 351.1 170.1 210.9 201.5 173.2 164.9 171.4 197.5 164.1 169.4 190.7 161.2 216.6 170.8 112.6
 wrfout_d04_2016-05-27_01:00:00 999.0 201.7 239.3 302.8 233.0 217.5 227.7 265.7 235.6 260.5  85.3 151.7 999.0 233.0 217.8 161.8 304.3 174.9 217.5 192.4 198.5 171.0 175.7 208.2 171.4 179.5 179.0 164.4 187.5 178.4 147.7
 wrfout_d04_2016-05-27_02:00:00 999.0 212.3 215.0 305.2 213.1  17.7 221.0 274.8 229.8 270.7  96.9 147.6 999.0 257.5 220.5 162.6 267.7 177.1 219.2 190.8 232.2 170.2 179.1 192.9 189.4 185.6 180.9 167.9 151.7 180.6 164.4
 wrfout_d04_2016-05-27_03:00:00 999.0 208.0 210.9 303.4 209.1  39.6 211.2 283.0 224.6 269.5  97.5 143.0 999.0 253.2 216.7 158.8 250.2 175.2 217.1 192.0 260.5 166.9 181.5 189.9 194.4 187.7 190.7 170.7 143.0 187.0 178.7
 wrfout_d04_2016-05-27_04:00:00 999.0 196.8  38.8 304.6 198.6  36.6  27.1 298.2 295.3 274.3 100.2 149.2 999.0 251.7 226.2 155.7 252.5 175.8 216.6 190.2 247.3 167.2 181.8 184.6 197.2 189.5 186.4 173.1 163.7 190.1 191.0
 wrfout_d04_2016-05-27_05:00:00 999.0 186.3  18.4 317.0   7.2  34.0  18.4 297.1 342.1 271.2  89.5 154.6 999.0 255.4 242.2 155.2 258.7 175.2 218.2 190.4 238.4 166.4 182.2 185.2 197.5 189.6 179.7 176.2 198.6 192.4 199.9
 wrfout_d04_2016-05-27_06:00:00 999.0 169.1  10.0 319.9   5.6  20.5 356.6 295.5 338.1 263.6  79.5 156.3 999.0 249.3 263.4 151.3 255.2 175.5 221.0 191.3 223.5 167.6 180.9 180.6 197.5 189.1 184.6 177.0 222.5 195.9 208.1
 wrfout_d04_2016-05-27_07:00:00 999.0 156.7  19.5 339.1  16.4  17.1 266.7 300.7 123.3 254.2  74.1 161.7 999.0 255.9 265.7 150.1 250.6 176.7 222.1 196.4 202.8 169.1 180.2 183.7 199.5 190.6 191.2 178.7 226.0 201.0 218.8
 wrfout_d04_2016-05-27_08:00:00 999.0 168.5 341.8 339.7 329.9   7.7 114.0 309.4 130.0 263.9  54.4 173.9 999.0 255.8 255.9 142.9 255.4 179.4 222.1 205.3 193.8 172.4 180.1 178.2 197.8 188.6 186.6 178.0 227.6 201.7 225.8
 wrfout_d04_2016-05-27_09:00:00 999.0 180.4 312.3 335.3 300.3   2.3 178.5 251.8 136.2 236.7   4.0 180.1 999.0 239.3 252.0 149.6 251.6 177.8 216.9 216.1 188.5 170.6 175.7 189.0 195.0 186.1 194.9 172.0 232.7 201.5 231.7
 wrfout_d04_2016-05-27_10:00:00 999.0 167.3 250.3 157.9 210.9 324.5 109.2 202.7  57.8 229.7  17.9  26.3 999.0 230.8 252.6 154.3 251.7 174.7 215.0 211.3 176.8 169.0 172.3 216.2 189.6 181.5 195.6 168.2 233.4 199.7 240.1
 wrfout_d04_2016-05-27_11:00:00 999.0 177.6 275.0 158.2 277.7 327.5 149.4 218.9  78.8 210.2 346.7 130.8 999.0 219.8 243.2 158.2 262.0 176.6 199.1 200.6 202.9 172.6 172.7 291.7 188.6 181.2 195.8 163.3 243.6 202.6 249.2
 wrfout_d04_2016-05-27_12:00:00 999.0 179.2 227.6 141.9 251.5 219.3 188.4 200.6 226.7 218.2 228.6   7.6 999.0 206.3 217.7  20.9  62.0 168.9 200.9 190.8 212.4 167.7 168.8 286.6 182.7 175.9 195.3 166.0 247.7 204.2 254.1
 wrfout_d04_2016-05-27_13:00:00 999.0 170.7 240.5 114.9 267.4 222.5   8.2 166.2  51.7 197.4  10.4  81.5 999.0 192.6 192.3  53.3  33.2 173.5 202.2 187.4 205.2 170.8 167.3 323.2 178.1 173.2 204.8 159.4 244.5 208.1 251.4
 wrfout_d04_2016-05-27_14:00:00 999.0 169.9 237.1 118.5 259.3 188.4  48.4 138.6 199.9 132.7 353.1 343.6 999.0 187.7 179.6  49.4  54.1 168.6 201.0 187.0 205.6 166.5 164.0  11.4 166.1 169.4 219.2 154.9 237.7 208.1 247.1
 wrfout_d04_2016-05-27_15:00:00 999.0 161.5 234.5 108.9 255.4 151.5  91.8 168.7 122.5  94.9 332.1   4.5 999.0 192.9 182.5  64.6  45.0 173.1 205.4 186.9 205.3 172.2 168.6  18.6 158.9 172.1 242.2 159.1 243.1 209.0 250.6
 wrfout_d04_2016-05-27_16:00:00 999.0 159.8 226.8 139.1 245.5 186.3  50.8 148.2 188.6 100.5  93.4  75.2 999.0 189.9 183.1 136.6  38.4 174.8 203.8 183.6 206.0 172.8 168.1  25.3 146.3 162.5 268.6 159.0 240.2 214.7 246.2
 wrfout_d04_2016-05-27_17:00:00 999.0 159.0 218.9 130.8 233.9 236.9   5.8 122.5 278.2  95.2 115.7  55.4 999.0 185.8 185.1 307.2  52.1 173.6 202.3 183.2 203.1 171.7 169.9  32.7 156.7 156.5 266.5 154.8 232.4 215.8 246.8
 wrfout_d04_2016-05-27_18:00:00 999.0 169.1 223.1 119.9 243.2 225.1 213.8 119.1 111.8  89.8  81.8  25.1 999.0 187.1 187.9 208.1  76.0 175.3 203.1 184.6 205.1 174.8 167.1  37.2 165.6 151.5 291.9 156.2 232.3 216.8 233.8
 wrfout_d04_2016-05-27_19:00:00 999.0 171.9 221.6 118.8 245.7 189.3 220.8 117.5 119.1 101.7 203.3   4.7 999.0 187.5 188.2 248.8  56.9 178.2 201.9 187.2 202.9 175.6 166.4  35.3 160.5 154.4 267.3 149.7 226.8 213.1 236.9
 wrfout_d04_2016-05-27_20:00:00 999.0 189.8 221.7 117.3 247.9 225.7  81.1 129.6 168.1 108.2 272.0  17.2 999.0 184.0 180.5 210.3 109.5 180.1 201.2 185.4 202.4 176.5 166.0 358.1 161.0 153.7 302.7 154.7 226.7 216.3 244.5
 wrfout_d04_2016-05-27_21:00:00 999.0 181.4 228.2 106.6 258.0 214.4 304.4 149.6 190.9 107.4 176.0  10.0 999.0 185.4 179.6 182.1  85.8 180.0 200.1 185.2 200.8 176.7 161.3 266.4 162.6 150.3 311.5 156.8 221.7 218.0 229.5
 wrfout_d04_2016-05-27_22:00:00 999.0 191.2 235.1  99.0 264.1 204.0 177.6 182.0   9.0 136.1 196.1  19.8 999.0 185.4 174.5 170.1  36.0 181.2 202.0 186.1 200.3 178.6 158.5 215.6 158.5 151.8 287.1 160.5 212.5 217.7 233.1
 wrfout_d04_2016-05-27_23:00:00 999.0 193.2 236.5 196.4 257.2 202.8 158.1 221.0  63.4 211.7  34.2  48.1 999.0 189.7 187.2 172.7  12.2 183.3 206.0 190.7 201.2 177.5 167.3 203.7 164.2 165.6 209.7 167.6 205.9 217.3 229.1
