 wrfout_d04_2016-03-01_00:00:00 999.0  60.6  80.8 135.8  73.5  78.9  98.6  63.1  86.4  56.0 271.6 289.7 999.0   7.1 250.4 340.8   8.3  23.6 129.2 343.3 291.4  22.6  31.9  24.1  18.1  29.7 357.8 335.8  26.0  44.1  50.9
 wrfout_d04_2016-03-01_01:00:00 999.0  61.0  82.5 114.1  75.4  70.1  92.6  63.2  82.7  57.9 230.2 274.8 999.0   9.8 214.0 343.3 338.1  21.3 308.5 297.5 303.1  18.2  33.6  24.0   6.5  11.7   8.3 297.9  27.9  40.0  52.6
 wrfout_d04_2016-03-01_02:00:00 999.0  65.5  82.5 112.5  76.5  72.2  87.5  65.7  79.1  58.9 154.1 282.7 999.0 356.5 209.9 346.2 282.4  19.0 321.5 252.4 308.2  14.6  23.5  30.5   7.3  11.6  34.0 271.2  34.0  40.7  54.1
 wrfout_d04_2016-03-01_03:00:00 999.0  63.8  82.3 107.2  77.2  76.9  78.7  66.0  78.7  56.2  70.8  84.7 999.0 349.4 243.8 351.6 266.1  18.2 330.9 248.2 312.6  13.2 349.5  33.8 328.2 328.4  45.2 267.6  40.2  50.4  52.9
 wrfout_d04_2016-03-01_04:00:00 999.0  63.0  82.4 105.8  76.7  72.0  77.5  63.9  77.8  51.8  56.4 114.0 999.0 354.4 249.9   0.5 259.8  17.2 353.9 242.1 315.1  12.4 338.6  35.1 310.5 304.6  47.9 267.3  43.2  52.7  55.2
 wrfout_d04_2016-03-01_05:00:00 999.0  63.2  82.6 104.6  74.7  74.0  71.3  61.0  74.8  54.7  51.7 145.3 999.0 354.3 256.7   2.7 257.2  17.3 344.5 236.8 318.4  10.8 335.1  28.8 307.4 302.6  48.2 265.4  43.0  50.5  55.1
 wrfout_d04_2016-03-01_06:00:00 999.0  64.3  82.5 106.5  74.8  77.1  71.2  63.4  71.1  53.9  37.8 146.2 999.0 358.1 300.8 358.9 253.6  17.3 344.6 245.3 317.1   7.6 333.7  29.2 305.3 298.2  47.7 256.3  39.4  47.8  56.3
 wrfout_d04_2016-03-01_07:00:00 999.0  65.1  83.2 110.2  76.0  77.9  74.8  67.0  78.9  53.6  28.4 130.4 999.0   2.4 322.7 350.7 249.8  16.8   6.6 280.1 317.9   8.2 336.1  24.4 305.5 299.1  42.7 250.6  38.2  47.5  57.7
 wrfout_d04_2016-03-01_08:00:00 999.0  67.9  85.6 115.8  78.6  76.1  81.7  65.8  82.7  52.6  26.6 121.0 999.0   3.2 337.9 345.7 240.7  17.7   8.4 299.1 318.4  10.1 341.0  22.3 309.5 301.8  36.1 257.5  34.1  52.6  57.9
 wrfout_d04_2016-03-01_09:00:00 999.0  69.5  86.9 125.3  78.3  84.0  87.6  62.2  80.9  50.4  24.4  79.7 999.0   8.4 345.6 340.7 235.7  21.2  40.8 325.0 326.2   9.9 346.1  38.1 307.6 302.4  22.3 264.4  33.3  47.6  69.0
 wrfout_d04_2016-03-01_10:00:00 999.0  72.1  90.4 126.7  76.7  81.1  80.8  58.0  75.3  50.4  23.3 284.6 999.0  10.1 343.2 336.9 223.9  21.9  57.6 329.3 283.5  11.2   3.7  30.2 304.5 302.5   6.5 267.4  24.6  43.4  72.7
 wrfout_d04_2016-03-01_11:00:00 999.0  74.6  89.4 124.1  75.0  81.7  81.8  60.4  72.1  55.2 292.2 296.1 999.0  12.3   0.9   4.5 199.4  23.8 149.8 331.4 262.8  12.0   8.4  19.2 312.7 328.1 359.9 264.0  17.2  40.3  70.1
 wrfout_d04_2016-03-01_12:00:00 999.0  76.6  89.4 122.9  74.6  84.5  80.8  60.6  70.5  58.2 300.0 293.5 999.0   3.6 353.1 359.6 181.2  22.7 111.6 329.0 252.7  14.3  22.9  12.5  10.4   9.5 350.8 266.2  15.3  46.7  64.2
 wrfout_d04_2016-03-01_13:00:00 999.0  78.4  89.8 121.6  74.7  94.7  82.6  60.6  70.3  58.7 316.0 295.9 999.0   5.9 343.2 359.6 171.4  22.3 135.8 350.2 237.2  14.2  46.0  18.3  25.7  29.9 352.9 264.3  15.1  49.2  65.2
 wrfout_d04_2016-03-01_14:00:00 999.0  81.2  93.0 121.5  77.7 100.8  82.6  60.3  69.9  59.2 313.6 281.9 999.0   8.8 323.1 344.9 165.5  22.2 131.7 345.0 230.9  12.5  45.1  11.0  33.4  33.5 353.9 267.8  12.1  28.5  63.7
 wrfout_d04_2016-03-01_15:00:00 999.0  81.9  95.2 121.2  77.9  99.1  81.8  61.1  69.2  61.4 318.4  55.8 999.0   8.1 127.1 334.6 162.4  18.9 132.2 339.9 227.9   7.8  44.0  17.2  55.8  51.0 358.1 254.6  24.0  49.2  59.7
 wrfout_d04_2016-03-01_16:00:00 999.0  83.3  95.3 119.8  76.8  98.4  79.2  62.0  64.3  62.9 316.4 119.7 999.0   2.1  92.9  11.3 169.0  14.0 164.9 329.6 229.3   3.4  43.8  12.8  35.8 349.5 356.9 353.0 356.6  42.9  60.1
 wrfout_d04_2016-03-01_17:00:00 999.0  82.8  95.5 120.1  77.9  96.5  78.9  60.6  64.7  64.5 305.0 211.7 999.0   0.6 142.5 352.6 169.4  11.1 152.1 356.8 226.7   0.4  39.3  10.9  13.5  90.5 356.5  30.1   4.2  47.8  57.5
 wrfout_d04_2016-03-01_18:00:00 999.0  84.7  98.3 120.4  81.4  96.9  78.2  60.9  69.3  70.2 291.3 110.8 999.0 321.3 150.6 341.2 159.7  12.6 140.4 349.6 224.0 356.7  43.0   5.8  39.3  52.7 356.5  15.3  16.7  50.6  59.3
 wrfout_d04_2016-03-01_19:00:00 999.0  86.3  97.3 121.7  79.7  98.2  79.1  64.7  64.9  88.3 305.2 153.4 999.0 276.4 247.1 334.0 132.1  16.3 147.4 346.3 223.0 350.9  54.7   4.4  34.9  55.5 356.5  27.5   8.0  45.3  58.5
 wrfout_d04_2016-03-01_20:00:00 999.0  85.7  97.5 121.8  79.3 101.3  79.8  66.3  68.4  85.0 311.2 124.4 999.0 265.6 304.5 327.9 122.4  12.7 155.6  37.5 222.2 350.5  50.4   7.3  65.4  57.9 353.5  30.8  11.8  40.5  61.8
 wrfout_d04_2016-03-01_21:00:00 999.0  89.9  97.4 122.5  79.6  98.2  77.2  68.5  67.1  84.6 293.0 217.9 999.0 245.0 338.0 329.4  97.9   9.8 153.4  84.8 220.3 352.9  43.2   9.4  72.3  70.6 357.8  39.4   8.2  52.7  64.3
 wrfout_d04_2016-03-01_22:00:00 999.0  93.9  98.4 120.4  80.1 101.1  75.8  67.8  66.3  86.9 303.6 176.5 999.0 194.2 354.2 317.8  92.9   7.8 170.6 115.1 219.8 346.8  58.1   3.7  95.3  81.3 346.7  26.6   0.1  47.9  69.4
 wrfout_d04_2016-03-01_23:00:00 999.0  95.0  98.9 121.0  82.0  95.3  76.8  70.6  66.0  93.0 296.0 199.5 999.0 206.9 352.5 308.3 313.2   3.8 176.2 127.5 227.7 341.3  62.3  10.3  80.5  76.2 350.4   9.3   0.6  48.4  66.3
