 wrfout_d04_2016-07-27_00:00:00 999.0 228.7 243.6 246.2 246.2 228.2 245.8 231.1 239.2 242.1  85.7  66.9 999.0 194.8 188.7 211.8 272.6 237.1  76.8 206.0 299.2 225.3 152.0  56.5 144.7 208.9  50.7 264.9  89.1 234.7 295.9
 wrfout_d04_2016-07-27_01:00:00 999.0 231.3 246.8 269.0 246.9 225.7 248.6 238.3 245.3 247.7  93.8  95.3 999.0 216.7 202.2 179.8 274.5 228.4 306.9 235.6 309.9 223.6 231.5  77.0 241.9 254.9  60.0 266.4  88.5 232.8 295.8
 wrfout_d04_2016-07-27_02:00:00 999.0 232.4 253.6 281.9 254.9 233.1 263.7 240.6 257.6 252.4  98.6 115.8 999.0 242.0 210.3 146.1 254.4 231.5 300.0 237.8 314.3 241.8 243.3  81.3 253.3 255.5  68.9 268.2  84.7 232.7 294.9
 wrfout_d04_2016-07-27_03:00:00 999.0 241.0 257.5 284.8 263.5   0.3 268.2 242.4 263.8 253.4 106.5 125.6 999.0 246.5 219.7 144.1 245.9 235.7 314.1 248.1 317.1 251.9 256.4  76.8 255.1 255.8  74.4 270.3  94.3 232.8 289.5
 wrfout_d04_2016-07-27_04:00:00 999.0 250.0 259.5 287.2 268.0  48.0 275.2 243.8 270.3 253.2 110.9 134.9 999.0 249.9 247.6 140.3 251.2 235.1 319.5 257.6 321.5 258.0 257.3  73.5 256.6 257.8  76.1 272.2  96.2 232.8 281.9
 wrfout_d04_2016-07-27_05:00:00 999.0 253.8 261.2 288.4 272.0  48.6 271.4 245.9 269.6 252.3 103.8 143.2 999.0 248.7 244.3 143.5 247.7 233.6 327.2 258.1 319.2 261.5 261.4  69.1 262.5 261.9  77.9 274.2  96.5 233.0 281.2
 wrfout_d04_2016-07-27_06:00:00 999.0 248.3 261.8 290.4 274.6  40.6 275.4 246.9 272.9 252.7 100.0 151.3 999.0 245.6 253.6 148.0 250.3 232.4 346.1 259.0 323.7 251.8 255.6  69.4 261.6 260.6  76.0 274.9 101.1 234.4 283.4
 wrfout_d04_2016-07-27_07:00:00 999.0 239.4 262.4 292.1 277.0  33.2 277.6 245.0 276.3 254.8  92.5 155.4 999.0 241.3 259.0 142.1 248.1 231.3 333.6 258.0 325.1 245.7 267.8  53.2 262.3 264.7  69.3 276.6  91.2 237.2 285.1
 wrfout_d04_2016-07-27_08:00:00 999.0 238.5 265.3 289.9 279.4  26.3 282.4 240.5 270.0 250.9  97.3 169.7 999.0 237.1 256.5 153.4 252.0 228.3 348.8 258.6 320.9 240.4 270.2  54.2 259.9 263.6  65.3 278.5  89.4 238.6 289.0
 wrfout_d04_2016-07-27_09:00:00 999.0 194.4 257.9 292.7 277.0   5.9 279.7 237.1 271.3 249.6  85.9 164.7 999.0 231.6 251.4 171.3 245.1 226.1  37.7 259.9 328.1 236.8 257.6  46.3 261.6 266.0  72.1 284.2  97.5 240.9 291.6
 wrfout_d04_2016-07-27_10:00:00 999.0 168.4 258.3 293.6 281.7 342.5 275.1 233.0 261.8 247.6  59.2 171.8 999.0 227.1 240.9 162.4 229.9 223.9  77.7 259.7 317.9 234.0 254.9  39.0 260.2 263.2  53.3 282.1  86.1 246.0 287.4
 wrfout_d04_2016-07-27_11:00:00 999.0 165.0 251.8 279.6 279.5 325.2 274.0 228.0 252.8 240.5  19.0 171.8 999.0 216.4 234.9 183.8 218.5 223.8 115.5 251.0 323.6 234.0 250.1  25.5 262.3 266.6  42.9 283.6  61.2 253.6 291.0
 wrfout_d04_2016-07-27_12:00:00 999.0 168.3 237.4 232.9 259.9 314.2 247.1 224.1 230.1 236.3  16.8 197.8 999.0 206.8 223.7 207.6 204.1 224.5 147.8 236.4 328.1 234.0 244.3  24.3 268.9 270.5  22.2 284.8  46.2 255.1 293.1
 wrfout_d04_2016-07-27_13:00:00 999.0 169.6 230.1 144.9 248.1 246.0 236.8 223.9 223.4 236.6  11.2 192.7 999.0 197.3 208.0 232.7 200.7 223.7 181.5 225.5 322.4 233.4 236.5  26.5 264.5 263.6 344.2 290.4  29.7 254.1 297.0
 wrfout_d04_2016-07-27_14:00:00 999.0 187.6 233.2 126.5 252.3 249.9 240.9 226.6 222.1 237.4 279.3 269.8 999.0 187.7 191.5 244.1 163.4 225.9 200.6 215.5 302.9 233.3 223.6  27.9 259.7 260.1   0.3 295.5 357.8 257.2 297.9
 wrfout_d04_2016-07-27_15:00:00 999.0 204.5 237.8 107.2 262.6 200.9 248.1 229.6 221.9 243.1 256.6 320.7 999.0 188.3 186.2 246.4 117.3 226.1 204.7 209.3 299.4 233.0 219.7  29.7 259.0 260.8 359.3 301.0 344.7 261.8 300.7
 wrfout_d04_2016-07-27_16:00:00 999.0 214.2 238.3 107.0 265.4 207.2 244.0 231.4 216.0 242.5 264.3 347.3 999.0 186.6 183.6 245.2 180.0 226.3 206.6 207.6 298.8 236.0 217.8  29.9 290.8 269.4 348.0 304.2 344.5 261.4 304.1
 wrfout_d04_2016-07-27_17:00:00 999.0 246.2 241.1  92.7 269.9 206.2 252.6 231.0 199.8 241.7 261.3   1.5 999.0 184.7 174.2 241.9 191.8 225.1 184.5 201.3 302.2 236.0 181.9  31.2  76.4 279.9 319.9 311.6 340.3 261.1 312.2
 wrfout_d04_2016-07-27_18:00:00 999.0 242.7 241.3  82.2 273.5 204.2 263.3 228.7 179.2 241.3  87.8   5.1 999.0 180.9 169.2 243.6 162.4 223.9 157.1 192.0 138.7 239.3 135.3  31.5  87.3  84.7 297.4 311.1 338.8 268.2 324.4
 wrfout_d04_2016-07-27_19:00:00 999.0 232.4 239.9  86.2 273.4 200.2 251.4 224.3 148.5 235.5 101.7   4.8 999.0 175.5 165.4 246.7 165.8 225.3 151.3 177.3 155.1 238.7 117.4  29.4  92.9  94.0 301.1 308.0 327.6 272.6 325.6
 wrfout_d04_2016-07-27_20:00:00 999.0 236.1 238.6  95.0 269.5 199.2 200.8 221.4 137.5 224.4 112.1 357.1 999.0 171.0 162.8 253.1 194.4 224.9 168.0 161.4 161.9 237.6 120.2  28.3  92.1 100.0 296.2 303.1 326.5 261.0 325.2
 wrfout_d04_2016-07-27_21:00:00 999.0 229.6 236.6 105.7 263.6 196.6 165.1 218.7 143.8 219.6 109.3 350.6 999.0 171.8 157.8 260.8 180.8 223.0 174.1 148.6 167.8 234.2 119.9  25.6  96.1 100.8 291.9 305.1 321.6 258.7 324.7
 wrfout_d04_2016-07-27_22:00:00 999.0 200.0 234.4 122.2 257.1 196.3 145.1 215.8 151.8 214.9 169.8 351.2 999.0 169.5 155.2 262.0 174.1 219.4 162.8 152.0 177.0 232.5 119.7  29.6  97.3  98.0 303.5 304.7 321.3 264.7 327.2
 wrfout_d04_2016-07-27_23:00:00 999.0 202.2 232.1 160.0 244.8 203.4 222.9 221.2 104.8 228.8 319.2  38.4 999.0 176.6 171.7 237.4 300.5 218.0  77.1 183.6 308.0 229.3 122.7  49.9 113.4 122.4 316.0 288.5  48.4 273.6 321.1
