 wrfout_d04_2016-08-11_00:00:00 999.0  91.0  73.4 282.2  59.5  68.1  80.5  49.2  63.8 195.2 169.5 153.7 999.0 170.6 159.7 226.6 318.0 201.1 210.6 169.6 229.5 225.0 151.0 247.9 156.1 156.6 180.0 205.8 171.9 202.9 185.6
 wrfout_d04_2016-08-11_01:00:00 999.0 121.0 101.3 167.9  93.4 121.7 126.3  42.8  51.2 221.8  68.7 129.4 999.0 179.7 193.8 220.1 329.2 196.9 204.3 199.8 233.7 216.7 170.2 217.7 122.8 158.3 203.7 235.5 172.6 200.2 188.3
 wrfout_d04_2016-08-11_02:00:00 999.0 131.0 105.7 150.1 103.7  76.6  75.0 172.4  88.2 239.3  69.9 133.8 999.0 175.6 143.0 207.2  31.3 200.0 196.4 188.3 198.6 209.2 182.6 203.3 165.5 164.3 192.8 213.4 174.6 196.0 194.5
 wrfout_d04_2016-08-11_03:00:00 999.0 122.4 108.1 160.7 121.7 129.3  69.6 263.1   0.0 250.8 110.0 158.6 999.0 180.6 182.8 180.9 359.3 199.3 216.3 203.1 224.5 201.0 181.9 190.6 182.5 181.0 193.5 222.9 166.3 194.3 203.5
 wrfout_d04_2016-08-11_04:00:00 999.0 121.6 124.2 153.2 127.1 121.3  91.9 234.6  29.9 261.5  51.7 166.0 999.0 172.0 185.5 170.6 307.0 218.8 205.4 191.7 144.9 196.7 183.2 187.7 194.5 198.6 186.7 209.0 151.4 191.8 219.3
 wrfout_d04_2016-08-11_05:00:00 999.0 143.7 163.1 283.4 137.9 100.8  75.7 270.9  45.6 265.3  92.8 166.0 999.0 195.0 191.9 170.7 292.0 233.9 217.8 201.3 116.7 207.7 204.0 184.1 217.7 214.5 171.7 207.1 148.5 186.9 209.5
 wrfout_d04_2016-08-11_06:00:00 999.0 151.5 159.1 279.2 143.3 156.2  78.7 259.1 239.9 285.3 128.1 164.2 999.0 217.6 201.8 178.7 256.6 218.3 214.5 205.8 123.2 235.0 205.0 182.0 229.0 226.0 177.7 218.0 138.5 186.1 192.0
 wrfout_d04_2016-08-11_07:00:00 999.0 147.1 130.9 280.6 139.3 127.7 224.3 216.0 212.2 152.1 134.6 169.8 999.0 260.8 215.4 181.1 254.6 208.8 356.0 214.8 122.9 216.8 194.9 185.7 215.2 207.7 164.7 221.0 141.5 204.7 204.5
 wrfout_d04_2016-08-11_08:00:00 999.0 127.7 137.2 308.9 136.1 130.1 254.0 241.8 234.4 161.0 117.2 166.9 999.0 261.8 223.9 178.6 247.5 203.0  48.0 206.5 132.8 225.0 221.0 191.0 214.4 207.3 191.7 192.5 111.4 183.3 203.0
 wrfout_d04_2016-08-11_09:00:00 999.0 129.8 139.2 337.0 131.7 125.1  68.2 197.5   3.0  80.8 106.6 156.6 999.0 236.5 201.0 183.3 210.1 212.3  59.5 221.4 144.5 226.0 205.7 227.3 223.2 217.4 135.8 203.9 140.3 186.0 183.5
 wrfout_d04_2016-08-11_10:00:00 999.0 120.9 133.8 344.3 123.7 115.5  85.4 344.0 191.1  75.3 123.2 153.9 999.0 218.7 201.4 197.4 206.3 212.3 207.1 239.8 144.6 235.6 215.4 225.6 217.8 214.8 184.6 189.3 314.5 189.8 106.1
 wrfout_d04_2016-08-11_11:00:00 999.0 125.0 121.9 115.3 106.0  92.8  87.3  22.8 281.9 106.2 124.4 155.6 999.0 206.5 251.2 218.6  20.7 222.6 240.9 228.0 146.0 224.9 215.6 262.4 217.1 210.0  54.0 207.9 314.2 200.1 132.9
 wrfout_d04_2016-08-11_12:00:00 999.0 116.2 121.5 125.6 102.9 105.5  91.9  29.9 127.8  72.1 123.0 150.5 999.0 199.1 332.4 189.0 180.0 199.4 102.9 210.1 142.6 229.5 206.0 338.3 211.8 209.9  44.2 198.7  61.9 188.3  96.4
 wrfout_d04_2016-08-11_13:00:00 999.0 120.5 124.4 129.1 106.7 107.5  93.8  32.3  80.9 355.2 117.8 151.0 999.0 271.7  12.3 222.4 162.5 211.2 203.8 213.2 142.9 219.0 218.7   0.4 237.0 237.6  45.5 214.1 162.1 180.3  16.9
 wrfout_d04_2016-08-11_14:00:00 999.0 119.1 125.6 130.3 110.0  88.5  84.7   4.9  70.7 351.4 106.7 157.3 999.0  12.1   5.1 285.2  28.3 210.5  81.3 262.8 142.6 238.3 216.4  75.1 214.2 222.7  48.5 231.4 282.4 197.6  62.5
 wrfout_d04_2016-08-11_15:00:00 999.0 120.3 120.0 127.6 104.2  91.1  87.7 351.7  69.1 320.0 107.1 154.5 999.0 350.3 351.8 285.8 152.5 204.6  38.2 343.4 140.2 234.0 134.2   5.7 250.9 237.2 162.4 196.3 354.0 210.1 105.5
 wrfout_d04_2016-08-11_16:00:00 999.0 116.6 118.0 129.3 102.6 102.1  91.0 189.4  84.9 179.4 116.4 159.3 999.0  12.8 145.9 304.1  32.7 192.8 262.4 235.4 143.6 223.1 103.4  90.3 151.2 169.8 132.5 143.5  15.8 206.3 228.7
 wrfout_d04_2016-08-11_17:00:00 999.0 119.5 129.9 130.3 113.6 112.1  96.4 192.0 194.4 208.7 121.4 163.1 999.0  19.8  64.8 305.2  99.4 199.2 227.4  18.2 148.9 208.2  80.6  50.3  72.6  82.7 104.8 152.4  31.1 207.7 282.0
 wrfout_d04_2016-08-11_18:00:00 999.0 120.5 128.7 136.2 119.2  82.8 115.8 186.9 217.6 140.4  82.8 167.4 999.0 331.0 177.2 315.5 133.8 220.3  48.1 298.6 129.9 258.7  81.8  52.5 144.5 130.1 345.8 176.1  32.2 214.2 238.9
 wrfout_d04_2016-08-11_19:00:00 999.0 122.9 128.7 147.2 116.6  96.6 179.4 192.7 233.2 148.1  66.8 167.7 999.0 342.5 136.2 346.3  17.2 240.8  48.5   5.8 142.5 237.2  50.6  69.3 107.6 103.5 351.9 221.2 349.7 220.5 259.5
 wrfout_d04_2016-08-11_20:00:00 999.0 126.1 129.1 177.7 116.8 107.2 220.3 178.4 197.5 135.1  70.8 150.4 999.0 355.0 349.2 321.3  82.0 255.1  50.5  34.9 135.5 274.9 103.8  29.2 173.9 175.5   3.6 238.6 331.6 234.7 232.3
 wrfout_d04_2016-08-11_21:00:00 999.0 120.2 119.0 199.5 102.2  93.1 265.2 175.8 235.4 200.3  43.8 171.7 999.0   8.9 295.2 163.8 206.3 266.1 227.8  31.7 138.4 262.7 241.3  24.0 131.0 127.6   5.9 257.6 278.3 232.3 234.8
 wrfout_d04_2016-08-11_22:00:00 999.0 111.0 111.7 163.8  98.8  87.8 118.6 130.8 165.2  87.5  24.7 152.2 999.0  47.3 135.1 165.1 153.1 243.1 114.4 246.0 137.5 176.9 244.6  41.8  49.1  26.1  76.1 169.9 289.5 223.3 235.5
 wrfout_d04_2016-08-11_23:00:00 999.0 112.9 115.3 134.2 105.6 105.2 104.5 197.2 229.9 155.0 104.4 155.0 999.0   9.4  60.5 335.5 235.5 184.4  49.5 236.1 135.5 171.2  99.4  36.6  15.6  48.4  31.3 147.7 260.7 218.3 248.7
