 wrfout_d04_2016-11-17_00:00:00 999.0  98.6  95.1 121.6  80.6  97.6  78.2  59.7  63.6 294.7 296.5 334.7 999.0   4.0 298.9  22.8 339.2  17.1 218.6 349.8 247.9  15.3  22.6  48.9  10.1   7.3  30.6 318.7  25.0  48.5  62.9
 wrfout_d04_2016-11-17_01:00:00 999.0  78.2  91.8 126.4  83.1 102.6  85.9  50.4  67.2 330.7 344.6 145.3 999.0 350.0 229.4 277.1 272.1  17.3 237.1 340.4 268.9  15.6  17.5  42.0   5.1   6.7  40.8 321.0  40.1  43.4  59.8
 wrfout_d04_2016-11-17_02:00:00 999.0  81.5  92.8 126.7  86.2 105.0  88.7  38.9  66.5  35.5  39.6 138.2 999.0 338.5 209.0 259.4 284.2  15.8 264.0 329.2 282.4  13.1   1.9  48.4 353.8 355.3  59.5 282.3  45.0  45.6  58.9
 wrfout_d04_2016-11-17_03:00:00 999.0  83.4  91.7 126.1  86.0  96.6  88.6  29.3  71.7  50.4  95.9 126.3 999.0 335.1 221.8 163.9 294.6  14.1 282.0 321.4 281.9  11.4 346.0  51.8 344.9 337.2  60.6 270.7  43.2  44.8  59.2
 wrfout_d04_2016-11-17_04:00:00 999.0  86.6  90.0 124.8  84.7 109.3  88.3  25.7  72.4  52.7 101.4 131.2 999.0 335.4 237.2 135.8 291.0  13.0 307.4 316.7 281.6   8.3 341.0  61.6 327.0 320.9  55.0 269.3  46.1  41.0  60.1
 wrfout_d04_2016-11-17_05:00:00 999.0  98.3  92.9 124.9  88.9 109.7  91.9  29.0  74.6  28.2 102.9 132.1 999.0 343.1 266.2 133.0 279.1  12.3 342.7 312.4 283.9   8.6 338.2  60.0 318.9 313.2  59.3 270.5  53.1  41.0  60.7
 wrfout_d04_2016-11-17_06:00:00 999.0 103.3  93.7 123.6  88.1 114.4  96.2  28.6  80.9 359.6 102.1 136.4 999.0 352.2 307.4 129.4 270.7  13.4  20.5 314.5 285.5   7.3 339.7  67.8 321.2 313.6  60.2 272.2  51.0  39.5  60.8
 wrfout_d04_2016-11-17_07:00:00 999.0  96.5  95.8 124.4  87.3 118.2  96.9  28.5  76.8   3.0  99.5 142.4 999.0 355.5 325.2 120.7 265.8  14.8  41.1 322.6 280.0   7.1 342.2  61.6 322.0 312.2  61.5 272.3  49.9  48.2  63.1
 wrfout_d04_2016-11-17_08:00:00 999.0  97.2  96.8 128.5  83.2 112.6  95.3  27.9  74.4   1.0 103.4 148.4 999.0   1.3 344.6 115.3 258.8  16.9  47.9 327.4 272.7   8.0 345.0  44.9 328.7 319.6  55.9 275.5  44.8  48.0  62.0
 wrfout_d04_2016-11-17_09:00:00 999.0 116.8  98.4 123.3  76.5  99.5  77.1  40.6  57.8  32.8 107.9 153.7 999.0   3.4 354.8 114.5 197.9  18.0  75.0 333.2 192.0   8.7 350.2  37.4 330.8 325.2  49.5 275.0  36.4  50.0  63.6
 wrfout_d04_2016-11-17_10:00:00 999.0 120.8 103.0 120.6  80.2  90.5  73.0  44.1  54.1  65.8 116.8 165.4 999.0   3.3 355.9 116.9 145.9  21.2 181.9 332.5 199.8  10.5 354.5  29.1 334.3 340.3  42.5 272.9  24.9  45.7  63.4
 wrfout_d04_2016-11-17_11:00:00 999.0 116.5 104.9 119.6  80.4  87.2  73.5  44.8  51.9 121.9 121.4 171.2 999.0   3.3 357.1 239.6 122.5  22.2 204.5 346.4 192.3  11.8 354.7  23.8 338.0 346.4  21.8 271.1  18.0  40.9  64.7
 wrfout_d04_2016-11-17_12:00:00 999.0 123.3 106.0 120.5  80.1  88.9  72.7  55.9  50.3  88.0 116.7 171.3 999.0   4.1 354.7 249.6 147.0  21.6 217.7 350.0 190.6  15.5   8.0  26.7 350.6 351.6  13.3 274.8  15.3  41.6  64.1
 wrfout_d04_2016-11-17_13:00:00 999.0 118.7 107.8 121.3  79.6  91.0  69.5  72.9  45.8  95.1 115.6 169.0 999.0   3.4 321.1 277.7 144.2  22.9 214.7 350.5 184.7  17.6  25.2  19.4 354.8 359.7   9.2 271.6  15.1  48.1  64.8
 wrfout_d04_2016-11-17_14:00:00 999.0 124.3 113.6 123.1  84.3  82.7  67.8  64.9  42.4  84.5  64.7 178.2 999.0 341.8 180.8 281.9 143.1  20.5 211.6 352.1 184.5  20.9  29.9  19.6   1.7   4.7  11.0 266.6  15.2  46.3  65.2
 wrfout_d04_2016-11-17_15:00:00 999.0 122.0 117.8 124.5  87.4  78.3  65.6  62.0  40.9  64.5 345.0 179.7 999.0 325.4 176.5 283.5 143.5  15.6 211.1 351.6 184.1  23.3  34.2  19.3  10.4  13.5   7.1 273.7  14.5  41.5  64.8
 wrfout_d04_2016-11-17_16:00:00 999.0 128.2 125.5 123.7  94.1  65.5  65.9  69.2  38.2  62.0 356.3 170.4 999.0 276.5 165.8 275.6 158.2  15.7 209.7 346.6 184.1  17.6  39.6  18.2  12.7  10.9   2.5 291.4  13.2  37.1  64.7
 wrfout_d04_2016-11-17_17:00:00 999.0 128.7 126.1 124.0  94.4  63.2  66.9  78.8  35.1  81.3   0.5 175.9 999.0 247.5 176.9 253.3 167.6  14.8 206.8 334.8 183.8  17.3  45.4  12.3  15.3  33.8 359.4 321.9  11.0  44.0  63.4
 wrfout_d04_2016-11-17_18:00:00 999.0 124.6 126.5 123.7  93.6  50.2  67.6  84.8  30.7 105.5   3.1 189.5 999.0 239.6 225.0 248.6 172.6  11.7 205.2 270.8 184.7  13.0  54.4   7.1  81.0  98.5 352.0 324.7   6.1  40.0  63.0
 wrfout_d04_2016-11-17_19:00:00 999.0 129.7 129.7 124.3  95.3  54.3  67.8 122.4  22.7  99.4 358.9 123.1 999.0 241.9 228.0 241.0 177.2   8.5 205.4 213.9 184.7  10.5  51.8   2.1  56.9  44.9 351.3 279.2   1.8  50.2  60.5
 wrfout_d04_2016-11-17_20:00:00 999.0 136.9 133.4 125.7  98.6  60.4  64.6 134.8 346.2 111.5 356.0 126.3 999.0 244.7 242.7 244.5 185.2  10.9 205.5 197.5 188.2   6.2  63.5 355.9  78.3  87.2 349.8 303.3   4.6  49.0  60.0
 wrfout_d04_2016-11-17_21:00:00 999.0 125.2 136.8 125.1 101.2  52.2  63.7 138.1 248.1 107.9 358.2  84.8 999.0 230.3 207.4 241.7 186.6  11.7 198.6 188.0 186.1   5.6  80.3 350.7  88.9  93.7 352.6  11.0   3.1  50.4  59.9
 wrfout_d04_2016-11-17_22:00:00 999.0 126.1 138.2 123.9 101.4  54.1  62.0 142.0 293.9 105.6   0.5 176.6 999.0 215.6 249.2 245.6 185.5   6.9 198.8 209.8 180.3 359.2  91.4 346.2 104.6  96.1 354.7  17.9   3.2  48.5  59.4
 wrfout_d04_2016-11-17_23:00:00 999.0 124.8 138.6 125.4 104.3  71.2  66.1 132.5 267.6 111.5  24.5 172.4 999.0 201.2 200.1 241.7 219.2   3.5 201.9 246.7 182.0 355.7  82.5 359.9  76.9  77.9 355.6   0.0   2.7  47.5  58.5
