 wrfout_d04_2016-02-02_00:00:00 999.0  27.7  45.1   8.8  42.1  32.6 344.0  41.9  19.5  41.8 268.0 273.5 999.0  20.6  11.3  25.2 266.2  28.1 211.0   5.3 251.8  21.0  18.6  24.1   0.2   0.5  10.8  12.2  20.4  22.9  49.8
 wrfout_d04_2016-02-02_01:00:00 999.0  28.3  47.4  10.5  43.2  33.2  10.0  42.4  22.8  38.4 269.5 274.8 999.0  19.3   3.3  25.8   6.5  24.9 219.1 356.6 250.6  19.4  22.6  26.4   2.2   6.1  21.2 359.2  26.9  20.1  51.3
 wrfout_d04_2016-02-02_02:00:00 999.0  29.8  47.2 356.5  43.1  34.5   0.2  40.9  10.8  36.5 235.8 268.0 999.0  20.1   6.2  24.5 338.6  24.0 223.2 358.2 249.4  18.3  19.3  26.2   6.4   6.4  28.0 356.0  31.5  21.9  50.4
 wrfout_d04_2016-02-02_03:00:00 999.0  28.3  47.9   5.0  44.6  36.3  51.7  39.0  40.7  34.9 266.2 273.0 999.0  20.1   6.3  24.6  22.9  23.8 221.5   3.6 253.9  19.0  17.4  27.0 358.7   4.3  35.2 289.5  31.0  20.2  51.1
 wrfout_d04_2016-02-02_04:00:00 999.0  28.4  49.2   0.6  46.2  35.3  67.2  41.7  55.8  37.5 241.5 273.8 999.0  19.0   6.1  24.9  18.2  24.6 223.6 359.9 252.7  21.3  15.3  27.0 355.0   0.3  34.5 285.7  34.4  21.0  47.8
 wrfout_d04_2016-02-02_05:00:00 999.0  31.4  51.7   4.1  47.8  29.5  60.4  39.1  69.0  41.5 255.1 276.9 999.0  19.3   6.6  30.2  37.8  23.6 219.1 358.5 255.0  20.0  22.8  29.5   1.3   8.3  35.2 285.3  33.4  23.8  50.5
 wrfout_d04_2016-02-02_06:00:00 999.0  31.8  53.7   5.0  47.6  32.4  67.6  42.2  79.0  40.1 237.0 270.8 999.0  17.8   4.5  32.2  34.2  26.7 220.7 356.2 255.8  20.4  13.7  29.7   2.8   7.4  36.4 293.6  32.8  31.6  50.4
 wrfout_d04_2016-02-02_07:00:00 999.0  31.8  55.0   7.3  47.7  35.5  85.3  45.7  82.3  38.9 240.0 262.9 999.0  17.4   0.0  31.7  56.8  24.5 220.5   6.8 259.1  19.5  13.6  27.7 355.5 356.0  35.5 309.6  33.1  29.0  47.9
 wrfout_d04_2016-02-02_08:00:00 999.0  32.0  54.7   8.9  46.8  38.7  84.3  45.3  77.9  38.6 241.4 264.2 999.0  18.5 350.5  28.7 345.0  22.0 214.3   2.2 257.7  18.1  17.7  26.4 354.6 359.7  26.8 314.1  28.7  29.1  45.8
 wrfout_d04_2016-02-02_09:00:00 999.0  30.3  53.5  12.5  46.2  44.7  86.3  44.8  82.1  38.5 240.8 266.7 999.0  18.7   1.3  25.6 199.7  21.5 216.9 354.1 252.1  17.8  21.8  22.6   2.8  10.5  12.6 330.6  28.9  26.7  47.4
 wrfout_d04_2016-02-02_10:00:00 999.0  32.3  54.7  15.6  47.9  46.2  77.7  47.8  76.9  39.3 231.0 266.7 999.0  19.3   3.9  21.7 303.9  20.3 222.1 356.5 258.9  18.6  23.1  18.1  11.4  10.3 355.6   1.1  25.8  27.2  48.0
 wrfout_d04_2016-02-02_11:00:00 999.0  32.2  56.5   8.9  48.9  43.7  87.7  51.1  80.9  39.0 237.7 267.3 999.0  17.3   2.4  20.6 259.4  20.4 229.4 358.0 262.8  16.4  23.3  18.3  12.5   3.0 355.6   2.7  24.5  24.9  49.7
 wrfout_d04_2016-02-02_12:00:00 999.0  34.2  56.8   0.9  48.9  42.9  94.8  52.2  82.4  37.3 245.8 264.4 999.0  16.0   1.4  16.8 217.4  21.5 227.0 358.7 265.6  17.4  20.3  19.6 356.7 359.6 353.8  10.2  22.1  23.8  50.2
 wrfout_d04_2016-02-02_13:00:00 999.0  34.1  55.7 354.5  49.2  46.2  84.1  51.3  75.3  35.8 235.9 267.0 999.0  18.3   2.5  12.9 192.2  22.9 227.3   4.3 265.2  16.0  24.1  19.5 358.2   6.3 358.1   7.9  21.8  19.1  49.6
 wrfout_d04_2016-02-02_14:00:00 999.0  34.5  56.6 347.6  50.1  45.2  79.8  50.8  73.4  39.1 226.6 264.3 999.0  14.2  13.1  10.0 201.9  22.2 228.3 356.7 261.1  16.3  27.7  20.0   4.8  12.3 359.3   5.4  20.8  25.8  51.0
 wrfout_d04_2016-02-02_15:00:00 999.0  35.7  56.5 337.2  50.0  47.6  81.8  54.1  69.1  40.2 234.0 268.6 999.0  12.6 353.0   7.4 334.5  22.0 223.9 357.5 259.4  17.4  17.5  14.5  12.9  10.8 357.4 357.2  10.9  26.4  52.0
 wrfout_d04_2016-02-02_16:00:00 999.0  34.0  57.5 336.4  51.4  45.5  88.1  52.6  70.3  39.1 233.6 262.1 999.0  12.8 354.5   6.9 276.4  21.2 221.2   3.0 255.4  13.4  20.0  19.5   8.1  11.0 353.0 356.6   7.2  23.3  53.9
 wrfout_d04_2016-02-02_17:00:00 999.0  32.5  56.6 343.8  52.3  43.8  80.3  53.4  70.6  35.6 271.5 267.2 999.0   8.5  13.7   7.3 190.9  21.3 223.7 350.0 260.5  14.4  26.2  20.3   8.1  13.7 349.5   5.0   7.4  17.9  51.3
 wrfout_d04_2016-02-02_18:00:00 999.0  30.4  55.9 350.9  52.2  41.2  92.0  52.0  75.4  35.7 231.0 276.7 999.0  10.0 353.7  14.6 232.0  20.8 222.5  10.7 256.8  13.0  23.3  20.1   9.4  12.3 350.1   3.8   8.0  19.9  53.5
 wrfout_d04_2016-02-02_19:00:00 999.0  29.4  56.8 348.9  51.9  36.8 121.4  50.0  77.6  36.3 222.7 269.1 999.0  15.2 359.1   6.3 235.9  20.1 223.1   9.4 253.9  16.8  23.8  19.8  13.5   9.5 351.6   5.6   4.8  16.6  42.7
 wrfout_d04_2016-02-02_20:00:00 999.0  30.6  56.7 356.3  49.5  35.4 113.2  49.4  85.0  35.4 230.4 272.6 999.0  13.7 355.9  11.3   7.8  22.5 221.2 347.3 257.1  19.1  17.2  17.8   3.4   6.3 353.0   6.5 359.0  18.9  32.7
 wrfout_d04_2016-02-02_21:00:00 999.0  32.7  56.5   0.5  47.2  33.9 100.5  50.7  85.3  34.1 216.7 267.2 999.0  15.6 350.7  17.0 268.2  23.1 222.1   1.4 254.9  19.2  17.9  18.2   2.2   7.1 350.2   9.8 353.4  18.6  40.6
 wrfout_d04_2016-02-02_22:00:00 999.0  34.0  59.9 356.7  48.6  34.1  95.3  50.4  88.4  40.2 235.1 264.4 999.0  17.2 359.8  14.1 244.3  20.8 223.2 354.1 254.8  21.6  22.6  13.4   4.1  11.8 348.5 360.0 353.5  18.3  46.5
 wrfout_d04_2016-02-02_23:00:00 999.0  33.1  58.0   1.5  48.0  34.7  98.7  44.9  86.6  37.5 223.8 267.2 999.0  14.7 354.6   8.0 340.8  24.9 220.7  12.4 252.8  21.2  24.3  15.7   0.6   4.5 356.8   0.9   3.0  14.7  51.1
