 wrfout_d04_2016-07-04_00:00:00 999.0 170.0 326.4 281.9 243.5 175.4  36.0 223.1 116.0 204.5 109.6 170.8 999.0 187.8 187.5 194.4   1.7 194.3 247.0 200.1 149.7 172.5 183.9 199.6 195.0 192.2 163.5 180.3  55.5  93.8  96.7
 wrfout_d04_2016-07-04_01:00:00 999.0 170.9 355.8 302.1 267.5 176.4  27.7 246.6 156.8 190.4 112.1 168.9 999.0 199.2 196.1 168.6 342.8 196.8 297.5 209.4 142.0 174.7 191.1 171.6 205.8 199.2 140.7 178.9  70.5  90.4  95.3
 wrfout_d04_2016-07-04_02:00:00 999.0 174.0  31.5 313.6 294.2 171.2  29.0 258.3 146.1 221.2 114.4 167.5 999.0 241.7 212.8 163.2 310.8 183.4 324.7 215.3 134.8 178.8 204.4 161.2 214.5 204.8 129.7 181.2  76.5  90.7  95.9
 wrfout_d04_2016-07-04_03:00:00 999.0 177.6  44.2 316.7 202.7 165.2  82.4 266.5 137.7 269.9 118.3 165.6 999.0 256.4 230.3 163.1 256.0 191.2 332.9 227.9 125.0 176.5 211.2 169.8 217.3 206.9 125.6 182.3  76.6  85.7  95.1
 wrfout_d04_2016-07-04_04:00:00 999.0 167.3  20.5 320.2 191.9 153.6  77.6 275.9 346.8 285.6 118.2 163.7 999.0 263.5 232.5 163.9 271.7 195.2 340.8 240.8 120.1 182.6 210.7 162.5 217.1 209.5 125.7 180.9  76.0  92.2  96.6
 wrfout_d04_2016-07-04_05:00:00 999.0 161.8  28.8 327.3 218.1 155.3 355.0 289.1 357.7 293.5 118.9 162.2 999.0 267.2 261.6 163.9 266.2 195.1 359.4 257.1  59.9 190.5 211.3 156.4 220.0 211.8 126.1 183.2  75.4  88.6  95.2
 wrfout_d04_2016-07-04_06:00:00 999.0 157.3  17.4 326.6  19.4 153.0   7.8 306.4 359.8 294.8 120.2 161.7 999.0 273.8 274.7 164.4 277.1 199.9   6.4 264.3 119.0 194.8 213.3 159.9 225.9 218.7 128.7 181.4  72.8  85.7  93.3
 wrfout_d04_2016-07-04_07:00:00 999.0 156.6  90.8 313.1 146.8 148.0  43.3 330.8 348.1 296.6 121.7 159.8 999.0 272.8 289.4 163.5 231.3 203.6   0.7 262.2 132.2 200.3 215.4 161.3 227.6 217.9 126.8 177.2  69.5  88.2  92.7
 wrfout_d04_2016-07-04_08:00:00 999.0 155.5 191.7 313.8 178.2 148.7  82.3 350.8 340.2 291.8 119.4 162.9 999.0 271.2 281.9 164.0 284.2 203.2  85.3 272.1 121.5 203.6 217.4 167.9 228.3 220.2 124.9 175.6  65.8  89.1  94.5
 wrfout_d04_2016-07-04_09:00:00 999.0 151.9 176.8 302.9 168.0 147.5 114.8 334.4 346.7 253.4 125.5 162.5 999.0 278.0 287.8 165.2 205.7 205.3 351.8 272.1 129.4 201.9 217.1 175.9 227.9 217.5 123.3 170.7  62.1  92.4  94.9
 wrfout_d04_2016-07-04_10:00:00 999.0 153.2 177.5 315.7 164.0 147.0 114.0 346.9 312.8 186.1 127.6 164.7 999.0 261.9 278.1 175.7 187.6 206.1  19.9 250.2 134.3 199.1 213.9 217.2 233.3 220.3 107.3 167.3  48.8  89.5  94.1
 wrfout_d04_2016-07-04_11:00:00 999.0 152.9 158.9 316.8 135.8 145.0 308.1 272.3 242.7 207.9 127.3 164.9 999.0 255.0 259.4 185.2 117.5 195.1  70.9   7.8 148.1 198.5 212.5 284.9 237.6 220.3  80.9 161.1  27.9  84.7  90.8
 wrfout_d04_2016-07-04_12:00:00 999.0 154.0 179.7 337.3 146.7 168.5 301.9 204.7 231.2 101.2 131.8 165.0 999.0 247.5 264.3 204.1  22.9 199.7 121.9  49.3 154.4 195.1 217.8 283.9 231.3 211.8  24.5 153.8  17.9  80.9  83.0
 wrfout_d04_2016-07-04_13:00:00 999.0 156.1 157.1 340.9 139.2 202.2 311.9 159.7 203.6 125.9 125.6 163.6 999.0 247.0 274.1 226.3  41.0 206.0 236.2   3.2 150.6 199.0 217.2 292.2 258.4 237.8   2.6  80.5   9.9  69.7  82.8
 wrfout_d04_2016-07-04_14:00:00 999.0 159.3 172.9   4.0 141.6 150.0 314.1 169.6 215.7 111.6 123.0 164.6 999.0 280.1 286.8 225.5  66.5 204.5  86.7   6.2 149.0 200.3 221.1 292.0 352.8  17.8 352.1  57.2  10.0  64.3  84.0
 wrfout_d04_2016-07-04_15:00:00 999.0 159.9 155.7  80.6 117.8 140.0 351.1  99.7 211.3 122.9 120.8 168.1 999.0 312.4 293.3 241.4  66.7 201.7 100.1 348.0 148.8 197.0 244.2 304.5  28.5  37.1 343.8  47.8   5.6  58.9  82.5
 wrfout_d04_2016-07-04_16:00:00 999.0 157.3 149.4  94.1 113.4 155.8  10.5 100.0 176.7 105.8 105.6 170.6 999.0 334.9 292.6 249.3  58.7 194.0  13.6  24.6 149.4 192.0 292.6 325.8  27.0  33.2 347.5  28.5   5.7  61.1  84.5
 wrfout_d04_2016-07-04_17:00:00 999.0 159.9 153.4 112.8 119.3 146.9 103.3  91.7 166.8 116.1  92.1 172.3 999.0   1.8 329.4 250.6  67.2 205.8 107.1  22.7 149.4 194.9  17.4 339.6  35.3  30.5 349.1  25.7   6.7  60.1  82.2
 wrfout_d04_2016-07-04_18:00:00 999.0 159.4 153.4 128.5 120.5 178.3  94.6  86.3 165.6  98.7  87.6 173.3 999.0  13.2  26.1 249.9  53.2 198.8  74.4  26.0 149.0 186.1  33.8 346.3  29.1  26.6 350.8  24.4   5.7  57.7  77.9
 wrfout_d04_2016-07-04_19:00:00 999.0 161.3 156.2 144.4 126.7 173.6  91.5  91.9 161.7 101.2  64.7 174.2 999.0   9.4  42.9 254.4  54.0 204.0 272.8  20.3 150.8 181.6  37.5 348.1  29.9  27.7 352.1  21.1   6.9  54.9  74.2
 wrfout_d04_2016-07-04_20:00:00 999.0 161.5 153.2 141.4 124.3 173.1  87.7  88.0  91.7  87.9  64.4 173.8 999.0  17.3  11.4 252.9  55.6 210.8 260.5  21.7 151.5 188.0  33.4 353.9  29.9  25.6 354.6  29.9   6.9  51.2  72.9
 wrfout_d04_2016-07-04_21:00:00 999.0 160.9 151.2 147.7 124.8  67.3  92.6  84.8  42.4  97.7  73.1 173.3 999.0  30.8   7.9 253.7  62.6 212.2 193.7  25.9 152.7 197.2  32.3 358.8  27.1  25.8 352.7  25.8   7.2  47.2  70.2
 wrfout_d04_2016-07-04_22:00:00 999.0 157.5 151.1 147.4 129.9 121.3  92.7  82.6  27.3  88.2  90.8 173.2 999.0  16.2   5.1 249.2  62.2 201.1 107.4  22.3 153.4 198.5  32.3   8.7  26.1  27.0 350.1  18.7   5.0  46.0  64.6
 wrfout_d04_2016-07-04_23:00:00 999.0 152.5 151.0 136.8 138.0 138.5  96.0  61.8  58.5  52.2 112.7 166.1 999.0  16.1   0.4 231.8  28.5 196.0  60.4   9.8 150.2 193.2  33.7  31.9  14.1  18.2  11.9  15.0  19.6  49.0  60.3
