 wrfout_d04_2016-12-07_00:00:00 999.0  39.0  72.3 179.1  62.7  52.9  67.1  49.9  68.6  43.2 271.4 275.4 999.0  12.5 342.9   0.3   6.3  20.7 211.0 357.2 272.4  13.2  20.5  22.7 359.0 353.1   4.0   0.2  31.0  37.2  48.0
 wrfout_d04_2016-12-07_01:00:00 999.0  35.5  69.1  76.4  62.0  54.2  71.8  50.2  68.5  47.3 281.1 269.9 999.0  16.5 341.0 359.2 348.9  19.3  32.9 356.6 292.2  12.4  14.2  32.5 347.1 346.4  13.2 328.5  33.0  44.7  46.5
 wrfout_d04_2016-12-07_02:00:00 999.0  33.9  67.2  63.8  59.5  54.0  72.4  49.1  63.9  47.8  27.4 271.7 999.0   9.4 326.9  14.2 345.7  19.2  16.2 327.4 299.2  13.9   6.7  34.9 347.6 337.3  38.1 314.6  40.2  31.7  46.5
 wrfout_d04_2016-12-07_03:00:00 999.0  34.1  68.6  68.9  60.7  55.7  71.5  42.9  62.3  43.5  19.2 286.9 999.0   5.1 326.9  20.9 311.1  17.7 345.6 334.1 301.2  13.0   0.6  41.3 335.1 323.8  48.4 300.3  38.9  37.9  46.8
 wrfout_d04_2016-12-07_04:00:00 999.0  35.8  71.5  76.8  61.8  67.3  71.2  40.7  61.6  41.8  58.1 332.1 999.0   4.7 345.1  23.9 279.7  19.6   7.6 313.8 297.5  12.6   5.4  44.4 336.0 321.5  49.6 295.3  45.0  31.3  49.6
 wrfout_d04_2016-12-07_05:00:00 999.0  36.7  71.4  66.1  62.6  71.9  68.3  40.1  62.0  43.0  53.1  44.3 999.0   3.0 342.2  25.6 277.1  19.5 335.5 312.8 296.5  11.9 354.4  35.9 333.5 328.2  47.8 295.0  42.5  25.9  49.8
 wrfout_d04_2016-12-07_06:00:00 999.0  39.2  69.6  73.3  59.6  65.7  71.5  40.8  64.9  42.7  43.8  16.0 999.0   5.0 349.7  21.6 263.1  18.9  24.1 313.2 296.1  12.6 355.0  35.8 338.3 343.6  48.6 292.9  43.4  26.8  49.5
 wrfout_d04_2016-12-07_07:00:00 999.0  44.9  70.7  74.5  60.5  69.7  71.6  43.8  62.8  41.7  40.3  13.6 999.0   7.7 347.2  19.0 255.0  19.9  52.4 328.2 289.1  12.4 356.4  39.1 339.3 342.7  42.3 289.9  42.3  34.3  50.9
 wrfout_d04_2016-12-07_08:00:00 999.0  48.1  71.2  85.3  59.8  73.6  74.3  46.0  63.4  37.4  19.1  24.6 999.0   8.2 355.4  11.5 252.3  19.0  53.0 333.9 266.2  12.3 354.5  28.1 335.2 343.6  36.7 289.0  41.4  28.1  51.6
 wrfout_d04_2016-12-07_09:00:00 999.0  50.9  71.2 120.5  57.9  74.5  76.0  53.6  65.2  33.5 354.4 338.4 999.0   9.9   1.1   4.5 235.1  18.0 216.9 337.0 209.1  13.2 356.9  25.1 341.5 346.5  23.9 305.5  34.2  30.4  52.7
 wrfout_d04_2016-12-07_10:00:00 999.0  53.9  69.8 140.7  57.1  74.2  79.4  55.8  72.1  37.4   6.3 268.7 999.0  12.2 356.7 358.1 199.9  17.7 196.4 345.8 223.7  11.9 359.7  25.1 349.6 353.0  11.5 317.7  25.8  33.4  49.9
 wrfout_d04_2016-12-07_11:00:00 999.0  56.8  71.0 151.8  59.9  69.4  81.2  55.8  72.1  38.6  11.2 268.7 999.0  11.0 357.8 359.6 193.8  17.7 199.9 350.4 230.6  12.9   9.5  18.1 356.4   1.1   5.8 348.8  13.2  28.7  49.3
 wrfout_d04_2016-12-07_12:00:00 999.0  59.2  73.5 152.1  61.6  81.1  80.4  55.1  73.4  40.9 230.9 280.5 999.0  15.0 348.6 355.7 192.1  18.7 208.3 349.7 234.4  12.1  14.5  39.2 351.3 356.4 356.8   7.7   4.6  23.8  51.8
 wrfout_d04_2016-12-07_13:00:00 999.0  62.5  75.5 163.0  66.7  68.4  76.8  53.9  75.2  42.9 242.0 285.6 999.0  16.4 352.3 351.5 186.6  19.3 190.2 341.4 233.5  11.4  20.0  37.6 356.8   3.8   2.8 357.4   1.2  26.2  47.9
 wrfout_d04_2016-12-07_14:00:00 999.0  63.0  75.9 147.7  64.7  63.8  83.5  53.3  82.2  44.4 289.8 274.1 999.0  15.7 349.3 355.2 162.2  18.2 216.2 351.6 229.9   9.9  23.3  34.1 355.6   0.4   0.5 350.5   4.4  30.4  48.9
 wrfout_d04_2016-12-07_15:00:00 999.0  63.7  75.6 143.6  64.5  75.1  92.2  54.7  81.3  47.6 290.8 294.6 999.0  17.6 341.5 358.8 193.1  16.7 194.9 349.5 230.9   7.0  23.6  32.3 359.4   5.8 347.5 359.9   2.9  32.6  43.2
 wrfout_d04_2016-12-07_16:00:00 999.0  59.5  77.0 146.4  67.5  64.4  89.2  51.9  78.8  48.5 289.7 277.2 999.0  11.9  15.3 348.4 163.0  16.2 195.9 329.7 236.6   5.9  12.5  12.3 359.5   5.0   1.5   2.7   4.7  32.5  26.4
 wrfout_d04_2016-12-07_17:00:00 999.0  57.3  76.5 119.1  67.3  80.2  87.4  51.2  75.9  52.0 318.3 263.6 999.0  11.1 351.7 349.0 145.9  16.0 201.0 333.5 237.2   5.5  15.3  16.2 358.8   3.8   8.7   3.3  13.2  29.9  30.2
 wrfout_d04_2016-12-07_18:00:00 999.0  60.5  82.2 137.2  71.2  64.0  94.8  51.0  86.2  51.4 318.9 310.7 999.0   7.0 328.6 350.2 191.1  16.4 195.3 335.8 242.3   6.9  18.8  10.6 359.1   0.6   6.5   1.4  35.1  38.7  22.8
 wrfout_d04_2016-12-07_19:00:00 999.0  61.7  76.2  67.8  63.4  55.4 100.6  51.9  81.0  52.6 274.1 256.0 999.0  10.4   4.8   6.7 165.1  17.3 186.5 334.6 242.2   7.2   6.6  22.7   5.5   4.4  16.4   5.8  30.6  35.4  14.9
 wrfout_d04_2016-12-07_20:00:00 999.0  58.0  71.1  59.8  58.7  64.9  98.2  52.7  93.1  53.0 313.6 271.5 999.0   9.5 350.8  14.2 170.6  12.9 195.8 337.8 243.8   5.3   8.3  11.0  14.6  16.1  14.3   6.4  20.1  35.0  12.9
 wrfout_d04_2016-12-07_21:00:00 999.0  58.3  71.3  61.4  58.5  58.8  96.1  54.0  92.4  47.8 286.6 271.4 999.0   4.1  29.5  15.6 132.3  14.6 184.3 343.2 246.5   6.4  15.3   8.7  16.1  17.9   3.8   4.5  13.7  42.1 359.1
 wrfout_d04_2016-12-07_22:00:00 999.0  53.3  70.4  53.1  57.5  63.2 104.6  56.3  87.1  45.8 294.3 289.3 999.0   0.1   9.5   2.0  58.4  14.7 190.6 344.6 247.5   7.6  36.1   7.8   5.3  12.4   0.2   7.3   7.7  42.2   7.4
 wrfout_d04_2016-12-07_23:00:00 999.0  48.5  73.9  58.8  64.0  74.8  99.5  51.2  91.8  42.4 286.1 292.9 999.0   3.7 297.6   4.2  63.4  12.9 193.3   2.8 254.8   8.6  42.7  18.8   9.3  16.6   2.5   5.2 358.8  47.6   9.6
