 wrfout_d04_2016-01-25_00:00:00 999.0  16.9  38.6  12.5  40.5   6.5 206.9  51.6  79.1  54.6 226.8 273.4 999.0  24.7   7.3  14.2 225.1  27.0 218.3  14.0 250.0  15.4  25.1  16.2   5.4   6.9 355.0  10.7  17.4  33.3 356.3
 wrfout_d04_2016-01-25_01:00:00 999.0  15.1  32.6  20.1  35.7   8.6 240.1  52.1  63.3  53.5 225.8 275.9 999.0  19.2   7.5  18.7 222.4  28.6 214.8   6.7 240.3  20.2  28.6  15.8 357.3   1.7 357.5   4.9   5.1  27.4   0.0
 wrfout_d04_2016-01-25_02:00:00 999.0  14.1  36.7  19.7  37.8  14.6  85.1  52.2  64.1  51.6 232.9 272.3 999.0  22.3   4.2  22.1 283.2  25.0 215.2   8.5 243.7  18.3  29.9  21.1   6.0   7.3 358.8  10.4   6.5  31.3  13.5
 wrfout_d04_2016-01-25_03:00:00 999.0  14.6  40.7  20.6  39.8  10.5  65.7  45.8  47.4  48.0 305.9 272.5 999.0  21.5 357.3  24.4 341.8  22.5 221.2  12.3 248.1  18.9  26.7  15.7   6.4   7.7   1.1  13.0   7.0  31.2  24.4
 wrfout_d04_2016-01-25_04:00:00 999.0  15.4  43.7  25.1  41.4  10.6  63.2  40.9  65.1  47.4  14.2 268.6 999.0  21.0 355.6  22.9   0.7  25.2 225.4  13.4 256.2  20.3  26.0  13.3   6.9   9.9 352.2  10.9  12.7  28.5  24.4
 wrfout_d04_2016-01-25_05:00:00 999.0  16.6  45.8  23.0  41.9  13.2  65.8  40.2  67.4  46.4  25.4 263.5 999.0  20.9 356.6  22.9   4.8  25.0 226.7   0.5 260.4  18.6  18.1  18.3   4.5   7.3 352.7  13.1   5.0  26.9  27.0
 wrfout_d04_2016-01-25_06:00:00 999.0  17.4  48.1  24.0  42.5  22.4  69.2  40.8  76.3  43.2  19.4 267.3 999.0  17.9 357.3  20.3  13.0  23.0 226.3 354.4 262.0  17.4  20.1  18.9   2.9   3.5 356.8  21.0  12.3  32.0  29.5
 wrfout_d04_2016-01-25_07:00:00 999.0  15.6  51.7  26.1  45.8  28.4  73.9  44.8  81.9  41.0 353.2 266.5 999.0  18.8 358.5  17.7  16.0  23.0 225.2 353.2 261.9  17.3  27.3  19.4   6.3   5.3 352.5  16.8  21.8  32.7  26.4
 wrfout_d04_2016-01-25_08:00:00 999.0  18.6  54.4  29.9  45.4  30.3  74.0  54.8  82.7  41.5 345.7 268.4 999.0  21.0 358.7   8.7 345.7  22.7 219.9 354.0 257.4  17.5  31.2  14.4   6.7   5.9 354.5  18.4  15.2  29.4  23.2
 wrfout_d04_2016-01-25_09:00:00 999.0  18.7  54.2  15.5  46.1  70.1  89.4  72.5  84.7  43.4 329.7 264.2 999.0  23.1   0.9   6.6 260.0  22.4 212.6 355.1 246.2  17.7  26.5  10.0   3.9   7.0 353.9  23.7  18.1  31.7  21.9
 wrfout_d04_2016-01-25_10:00:00 999.0  19.4  52.9 166.1  45.8  50.8 158.1  76.8 113.4  48.3 298.5 264.0 999.0  21.8   6.8 356.8 207.5  22.8 208.5   5.1 241.9  18.3  27.6   6.5   4.5   6.6 354.1  16.9  11.6  37.5  29.5
 wrfout_d04_2016-01-25_11:00:00 999.0  18.5  54.8 182.1  47.9  53.0 195.8  87.0 111.4  46.9 263.3 267.1 999.0  22.4   4.9 356.1 185.1  23.5 204.8   3.4 240.8  17.8  31.5   5.8 358.9 359.2 356.0  16.4  15.5  29.6  41.7
 wrfout_d04_2016-01-25_12:00:00 999.0  16.3  53.7 181.2  48.5  55.0 332.0  83.4 104.5  41.0 253.7 275.6 999.0  21.6   7.9 349.4 174.4  23.8 202.7   4.8 242.0  19.6  28.4   6.7   7.3   6.8 356.3  10.8   9.7  34.3  49.1
 wrfout_d04_2016-01-25_13:00:00 999.0  18.8  51.1 188.2  46.7  46.5 332.6  78.9  89.1  38.9 245.1 262.8 999.0  20.6   3.2 344.6  63.8  24.5 195.1 357.0 241.8  20.7  25.5   6.9   3.0   5.0 355.1  17.2   5.1  30.2  49.8
 wrfout_d04_2016-01-25_14:00:00 999.0  21.2  56.4 213.5  49.9  34.4 346.0  72.4  44.2  35.3 239.7 253.2 999.0  20.3   6.4 341.4 158.8  23.5 192.4 356.5 239.9  20.3  25.0   7.4 351.2 356.9 351.4  20.0 358.8  33.2  51.2
 wrfout_d04_2016-01-25_15:00:00 999.0  24.1  59.1 224.8  52.0  35.5 304.8  62.1  43.4  31.8 231.4 253.3 999.0  21.4   6.6 334.5 188.0  24.2 194.9 356.8 240.8  24.2  26.3   9.1 352.8   6.0 352.5  12.4 354.5  35.9  50.1
 wrfout_d04_2016-01-25_16:00:00 999.0  25.7  60.6 231.9  52.1  39.8 297.3  59.0  52.7  31.6 232.9 246.8 999.0  17.6  10.2 333.6 178.1  24.8 190.8  12.7 242.0  27.7  26.9   1.1 349.5   6.0 352.8  16.3 352.8  38.6  48.6
 wrfout_d04_2016-01-25_17:00:00 999.0  28.1  62.2 229.2  53.1  43.7 320.0  59.7  25.3  33.5 241.8 244.2 999.0  14.5   7.8 338.2 169.9  27.0 192.9   5.0 242.4  27.7  27.8 357.7 345.5 350.7 349.0  11.7 352.7  34.9  51.1
 wrfout_d04_2016-01-25_18:00:00 999.0  30.5  63.4 235.0  53.5  62.7 319.2  56.2  37.6  36.2 240.5 255.6 999.0  12.9 349.3 340.0 104.7  25.5 191.6   9.0 243.4  27.1  28.2 356.2 352.4   7.9 350.0  15.9 343.8  27.7  51.7
 wrfout_d04_2016-01-25_19:00:00 999.0  32.8  65.3 229.1  55.6 103.8 303.5  53.9  49.2  37.7 266.5 246.4 999.0  14.7 338.8 335.7  36.8  23.5 191.9  31.1 244.9  28.6  24.4 353.7 354.5   9.9 351.8  15.2 344.6  17.1  53.1
 wrfout_d04_2016-01-25_20:00:00 999.0  34.7  67.2 247.5  59.4  69.2 293.0  51.9  56.1  40.4 274.1 286.5 999.0  14.8 268.7 325.5  47.7  23.7 189.8  32.3 246.2  32.5  33.8 353.7 351.2 359.5 348.5  18.7 345.7  37.1  51.1
 wrfout_d04_2016-01-25_21:00:00 999.0  37.6  71.4 244.7  65.0  61.6 298.3  51.8  69.0  42.4 304.5 299.8 999.0   5.6 318.1 309.6  57.9  25.8 184.6  10.5 246.0  28.7  28.6 353.9  18.1  22.8 346.7  12.6 344.1  55.8  52.0
 wrfout_d04_2016-01-25_22:00:00 999.0  44.5  76.1 233.3  66.8  92.9 294.5  54.7  69.5  44.0 324.4 293.8 999.0   5.5 127.0 300.4  55.3  29.2 172.1  29.8 247.1  23.6  40.1 358.8  14.6  48.2 348.4  15.5 345.6  36.2  45.9
 wrfout_d04_2016-01-25_23:00:00 999.0  47.3  74.3 228.4  65.5  93.5 294.1  54.2  59.9  49.5 330.7 282.1 999.0   8.4 154.4 303.6  71.8  29.7 155.2  17.8 246.4  21.7  36.2   1.4  28.4  26.0 352.3  13.5 345.5  54.2  49.4
