 wrfout_d04_2016-04-16_00:00:00 999.0 242.1 242.2 283.7 260.2 229.6 251.2 233.8 240.4 222.9  45.0 176.4 999.0 199.9 193.2 211.6 253.4 199.1 205.6 203.7 235.7 201.9 187.0 210.7 191.3 185.5 212.7 178.2 214.4 173.5 141.5
 wrfout_d04_2016-04-16_01:00:00 999.0 245.4 218.3 252.2 236.3 229.1 260.9 216.0 249.6 230.2  43.3 175.2 999.0 201.3 199.6 194.7 282.9 188.9 210.8 208.5 238.0 188.8 192.3 207.0 187.3 191.1 201.4 175.8 174.6 183.1 166.3
 wrfout_d04_2016-04-16_02:00:00 999.0 261.6 222.9 290.1 236.1 251.3 204.3 226.8 237.7 244.6  67.2 172.7 999.0 215.0 206.0 187.5 264.4 190.1 217.9 204.3 241.1 194.8 196.8 205.0 199.8 191.8 196.2 190.0 165.6 180.4 180.8
 wrfout_d04_2016-04-16_03:00:00 999.0 274.4 222.0 285.9 235.1  41.7 261.2 238.5 253.0 246.6  83.2 170.6 999.0 225.6 206.7 184.5 246.5 194.6 222.5 204.7 242.2 187.2 184.8 199.4 207.9 202.7 191.8 198.2 180.3 186.8 194.6
 wrfout_d04_2016-04-16_04:00:00 999.0 282.1 236.4 278.6 250.3  39.9 259.0 238.2 260.8 247.2  71.0 171.8 999.0 226.0 211.0 181.6 240.3 197.9 224.8 202.7 245.6 182.0 195.1 200.1 205.8 198.2 186.1 202.8 203.3 190.9 211.0
 wrfout_d04_2016-04-16_05:00:00 999.0 256.5 240.7 279.1 256.0  49.7 267.6 239.6 274.8 248.1  66.6 172.8 999.0 228.6 216.3 182.6 243.6 196.5 224.3 208.7 247.1 180.9 200.1 201.7 209.8 200.9 185.1 202.0 218.4 197.8 222.6
 wrfout_d04_2016-04-16_06:00:00 999.0 257.1 237.7 293.7 253.3  62.7 275.4 239.1 262.1 247.7  71.8 170.9 999.0 227.9 221.0 180.6 248.6 192.3 223.7 207.0 247.5 176.1 214.6 204.6 209.2 201.0 183.2 210.7 220.0 205.1 243.5
 wrfout_d04_2016-04-16_07:00:00 999.0 264.3 239.7 284.9 258.5  64.5 268.7 237.1 257.7 246.6  77.0 164.8 999.0 227.5 223.0 180.3 251.1 193.2 222.7 213.6 246.8 174.2 221.9 206.6 211.6 203.0 180.3 215.9 220.1 209.6 258.0
 wrfout_d04_2016-04-16_08:00:00 999.0 259.6 234.8 271.9 252.5  57.2 276.2 236.7 256.0 243.9  59.3 162.0 999.0 225.3 228.8 179.0 249.1 188.4 219.2 220.6 244.5 176.0 219.6 210.8 213.3 208.0 179.2 223.4 206.4 214.2 273.0
 wrfout_d04_2016-04-16_09:00:00 999.0 256.8 233.7 254.3 256.7  57.3 264.1 236.0 245.3 243.1  57.3 151.9 999.0 222.9 232.2 184.3 246.0 182.2 214.3 229.0 242.0 169.9 214.3 215.4 217.3 210.1 179.0 231.9 181.9 220.9 282.7
 wrfout_d04_2016-04-16_10:00:00 999.0 244.7 234.2 239.6 265.8  21.7 273.7 235.3 243.5 240.4  53.7 173.4 999.0 214.1 233.9 185.3 236.0 177.2 201.2 235.2 240.5 167.5 204.3 219.4 220.5 209.7 177.1 240.6 174.0 233.0 293.1
 wrfout_d04_2016-04-16_11:00:00 999.0 261.2 232.8 181.8 260.9  22.3 271.5 234.3 239.0 241.7  77.2 214.2 999.0 206.1 221.5 184.6 115.6 166.4 190.8 231.5 241.2 151.7 208.1 221.6 222.7 209.6 173.2 261.3 167.3 237.6 304.9
 wrfout_d04_2016-04-16_12:00:00 999.0 259.0 235.6 234.4 264.8 104.9 228.3 232.7 219.8 242.1  80.7 301.2 999.0 198.9 198.6 191.7 242.2 163.0 189.5 228.5 243.4 140.0 201.9 224.7 241.1 236.4 165.5 280.3 168.2 239.5 301.5
 wrfout_d04_2016-04-16_13:00:00 999.0 256.7 236.0 249.9 263.7 260.1  37.8 227.4 215.4 244.5  89.9 285.0 999.0 196.0 186.5  15.5  70.6 159.2 190.1 227.0 246.9 141.1 139.9 232.3 255.8 252.8 164.8 295.4 171.7 239.8 294.1
 wrfout_d04_2016-04-16_14:00:00 999.0 250.3 241.8 255.8 267.0 242.9  74.7 226.3 229.2 244.1 138.1 275.6 999.0 194.7 172.8  21.0  21.8 159.7 189.1 219.8 250.7 141.8 139.8 307.2 263.2 247.0 160.2 314.6 172.4 236.9 290.6
 wrfout_d04_2016-04-16_15:00:00 999.0 257.1 246.9 262.8 271.4 238.3  77.1 231.7 222.7 243.0 180.4 250.2 999.0 184.6 176.4  21.8  38.3 163.2 187.6 197.2 254.0 150.4 138.4  43.7 314.0 272.4 185.1 315.6 160.6 233.7 286.3
 wrfout_d04_2016-04-16_16:00:00 999.0 261.3 251.1 263.8 274.3 240.7 104.7 233.8 195.4 246.3 253.9 265.0 999.0 177.2 180.5  23.8  37.1 159.9 182.7 187.0 257.0 148.2 174.6  23.1 292.7 282.3 157.2 312.8 159.0 230.9 291.3
 wrfout_d04_2016-04-16_17:00:00 999.0 264.2 258.5 270.6 280.6 238.2 100.2 232.3 193.5 250.0 210.4 254.9 999.0 180.6 162.8  27.2  33.4 153.2 175.7 174.9 254.9 145.9 239.2  29.7 286.5 286.4  23.3 307.1 175.7 231.9 294.2
 wrfout_d04_2016-04-16_18:00:00 999.0 273.9 260.5 274.6 281.6 240.8 111.7 243.5 159.7 253.7 277.6 259.5 999.0 179.5 153.6  21.4  25.7 148.8 170.3 166.1 251.3 130.2 250.5  10.3 282.1 280.2  36.5 297.7 215.2 234.2 296.4
 wrfout_d04_2016-04-16_19:00:00 999.0 286.1 258.8 265.2 280.9 247.0 177.9 224.1 185.9 254.0 270.5 242.7 999.0 165.0 160.9  20.1 358.7 160.3 168.2 155.2 248.8 127.0 248.7  21.6 284.0 279.2  39.2 305.4 289.8 234.4 300.1
 wrfout_d04_2016-04-16_20:00:00 999.0 304.9 264.9  86.0 291.0 198.6 279.3 218.3 217.2 224.0 282.8 221.4 999.0 142.3 130.1  15.0 298.5 162.9 178.7 128.6 249.5 143.1 269.5  28.1  58.3 294.9  20.4 320.5   1.4 241.6 309.3
 wrfout_d04_2016-04-16_21:00:00 999.0 343.7 278.2  11.9 296.0 231.0 298.5 230.9 251.2 102.2 297.5 179.6 999.0 125.1 123.5   8.8 233.7 159.9 195.6 106.7 250.5 146.6 289.1  27.9  69.7  54.7  13.6 325.6 323.7 255.1 323.3
 wrfout_d04_2016-04-16_22:00:00 999.0  43.4 283.4 353.9 296.4 202.7 301.4  15.3 280.3  87.9 298.3 160.3 999.0 134.1 118.2   7.2 202.0 156.5 210.6 115.3 249.3 167.1 121.7  23.9  89.0  84.4  15.7 350.9 245.3 309.1 331.3
 wrfout_d04_2016-04-16_23:00:00 999.0  56.3 314.9  11.4 299.6  17.4 330.4 340.7 308.1 139.3 203.9 126.4 999.0 137.6 127.4   9.0 314.4 179.7 222.0 109.0 251.7 172.6 110.9  29.1  85.7  75.8  50.9   2.2 233.7 353.8 324.5
