 wrfout_d04_2016-01-10_00:00:00 999.0  91.7  95.0 128.5  75.0 148.5  78.7  63.6  63.2  43.0 297.4 344.1 999.0  10.9 349.0   4.2  99.4  12.8 208.9   8.1 193.5   6.4  24.2  42.5   8.9   9.7  25.8 336.9   7.7  61.1  54.4
 wrfout_d04_2016-01-10_01:00:00 999.0  90.9 111.3 129.8  97.7  96.7  83.5  59.6  67.1 128.8 293.8 342.3 999.0  10.0 357.5  12.2  34.2  15.7 210.8 349.5 189.2  12.8   5.7  72.5 343.7 350.5  35.0 342.0  50.2  93.9  59.8
 wrfout_d04_2016-01-10_02:00:00 999.0  93.9 117.4 136.3 106.6 102.0  81.6   6.3  76.0 335.1 322.0  44.4 999.0   4.9 347.9  41.6  30.8  15.9 214.3 357.6 180.3   8.2   4.4  37.2 349.3 358.0  47.8 329.3  54.5  98.0  55.4
 wrfout_d04_2016-01-10_03:00:00 999.0  99.3 121.8 140.8 117.7 113.1  96.7 341.3  90.5 351.3  97.3  74.0 999.0 355.0 341.7  41.4  15.0   7.7 227.8 343.8 187.8   6.0 357.7  48.6 334.4 338.6  43.3 297.0  36.5 101.7  63.3
 wrfout_d04_2016-01-10_04:00:00 999.0 107.8 111.6 275.1 115.4  93.3  90.0 347.3  70.5   4.8  82.7  78.4 999.0 356.1 333.8  36.1 327.2  11.5 232.7 352.9 190.6   6.6 349.0  31.9 347.5 346.6  28.9 295.8  45.4 107.6  68.7
 wrfout_d04_2016-01-10_05:00:00 999.0 101.8 101.3 290.2 103.7  88.4  93.6  13.6  63.7 342.8  86.4  84.5 999.0 357.8 331.5  52.2 289.9   4.5 237.1 343.3 195.4   9.9 351.4  38.5 334.4 336.9  23.4 292.3  56.2 108.8  74.2
 wrfout_d04_2016-01-10_06:00:00 999.0  98.3  95.5 286.8  82.0 110.7 106.6   9.3 106.3 346.6  98.2  80.7 999.0 358.3 333.6  44.8 250.8   8.0 216.1 340.9 188.2   4.8 351.5  42.0 331.5 335.7  28.5 288.2  44.4 104.6  81.2
 wrfout_d04_2016-01-10_07:00:00 999.0  90.7  96.5 117.2  86.2 100.9 104.6 359.9 104.4 342.1  83.5  57.5 999.0   0.7 342.6  54.6 280.9   5.2 188.8 339.6 173.7   5.8 348.9  29.6 334.1 335.3  32.4 288.3  27.2  99.8  72.3
 wrfout_d04_2016-01-10_08:00:00 999.0  75.7  91.5 119.3  78.2  84.3  91.3   7.7  87.8 333.1  42.3  62.4 999.0   4.5 343.7  91.7 279.1  15.4 246.7 337.6 173.4  15.0 350.7  51.7 325.8 334.9  36.1 291.3 349.1 110.2  75.7
 wrfout_d04_2016-01-10_09:00:00 999.0  70.1  90.5 128.3  68.2  75.6  73.6   1.7  60.8 340.2   5.3 124.3 999.0   3.5 345.5  76.8 205.7  20.6 250.5 340.7 169.7  11.6 359.8  27.0 325.1 333.2 324.2 309.7 331.8 108.0  67.6
 wrfout_d04_2016-01-10_10:00:00 999.0  87.6  95.5 126.3  71.8  61.7  76.1   8.7  52.6 319.2  80.6 132.3 999.0   6.7 346.8  87.3 153.8   7.1 232.8 341.5 168.6  13.3   0.4  14.5 343.6 355.8 342.4 322.2 323.2 110.6  60.8
 wrfout_d04_2016-01-10_11:00:00 999.0  91.9  90.0 127.9  66.4  56.3  75.1  21.7  49.8 262.3  84.6 263.8 999.0   6.5 345.7   7.2 105.2  14.6 224.5 357.8 172.0  12.2  12.2   7.8 356.4   5.4   6.9  17.7 323.2 112.2  64.9
 wrfout_d04_2016-01-10_12:00:00 999.0 125.9  99.0 139.9  69.8  42.4  71.8 357.4  66.3 325.0 309.0  18.9 999.0   6.4 347.0 352.1 197.7  17.2 215.9   2.5 178.5  16.5  17.4   2.4 357.3   9.2  18.3  26.6 305.9 116.6  69.3
 wrfout_d04_2016-01-10_13:00:00 999.0 126.8 104.1 310.9  68.2  24.8  92.0  18.3 197.4  21.0 323.7  33.2 999.0  17.8 358.9 346.9 137.0  24.9 216.3 351.4 185.2  24.8  15.9  45.8  13.8  16.8 353.4 359.2 320.6 123.0  88.6
 wrfout_d04_2016-01-10_14:00:00 999.0 109.5  96.8 164.6  69.0  45.3 192.8  23.0 216.2 119.8 320.4 309.0 999.0  24.8   2.1   9.0 128.4  22.2 212.1 355.6 188.6  14.6  20.9  35.0   3.8  10.5 338.9 354.0 322.0 131.0 113.1
 wrfout_d04_2016-01-10_15:00:00 999.0 111.9 107.3 181.1  76.7  44.1 155.0 352.7 232.6  10.9 159.5 328.6 999.0   3.5 330.3 357.7 139.7  25.7 204.1 352.4 187.5  17.3  19.9 359.6 339.6 333.7 338.8   3.3 318.9 149.9 107.7
 wrfout_d04_2016-01-10_16:00:00 999.0  92.3 149.6 202.6  13.8 326.5 202.6  10.1 208.4   8.0 223.2 310.5 999.0   2.9 359.3 358.2 147.3  25.8 211.8  10.6 199.3  19.6  21.4 344.3 346.6 356.0 326.8 356.8 305.3 143.7 106.0
 wrfout_d04_2016-01-10_17:00:00 999.0  27.5 343.2   0.1   9.3 240.2 166.8 352.0 209.9   6.1 170.5 317.7 999.0  20.8   4.7 343.7  59.7  28.6 215.0   2.2 202.7  20.9  17.3 347.1 357.3 359.2 334.6   1.2 301.4 144.1 111.2
 wrfout_d04_2016-01-10_18:00:00 999.0  59.4 286.1 340.5 310.0 238.8 291.4   1.1 238.3 332.6 135.3 303.6 999.0  13.7 355.2  10.9  67.9  23.0 213.1 358.5 208.2  18.5  22.7 306.5 358.2   7.2 315.4   3.3 298.1 149.5 109.8
 wrfout_d04_2016-01-10_19:00:00 999.0  44.9 285.3 342.2 335.7 228.2 332.1 359.0 247.3 344.9 242.3 314.7 999.0  21.8 343.8   8.2  70.6  32.3 208.3   6.7 211.4  21.9  18.9 263.2 356.0  11.3 328.1 355.3 295.2 158.3  97.3
 wrfout_d04_2016-01-10_20:00:00 999.0  12.2 308.2 344.4 310.2 261.5 293.6   5.6 250.7   8.9 217.2 309.3 999.0   9.6 341.0   8.2  90.1  27.2 212.0   8.0 218.1  33.5  17.0 253.4 358.8 353.2 358.0 359.6 288.0 165.0  82.3
 wrfout_d04_2016-01-10_21:00:00 999.0   2.6 337.9 345.6 356.7 261.9 232.9  14.3 211.8  16.5 209.9 295.7 999.0  14.2   4.4   5.4 154.5  47.5 213.3 357.6 218.5  25.4  22.3 256.1 355.5 357.9 348.3 347.6 281.7 166.4 108.2
 wrfout_d04_2016-01-10_22:00:00 999.0   3.8 315.1 342.3 322.4 292.7 266.2 356.7 239.3 338.5 216.5 278.2 999.0  18.2 345.3 351.9 163.0  23.0 210.5  16.1 216.3  32.7  22.2 265.9   6.4   6.6 308.4  13.2 279.3 171.5  61.9
 wrfout_d04_2016-01-10_23:00:00 999.0   8.0 313.5 349.5 333.8 289.9 255.5 351.5 236.2 341.9 285.4 310.5 999.0  10.6  19.9   6.3 136.7  20.9 211.3  48.2 215.5  13.9  52.2 263.7  33.5  30.0 225.1  12.3 272.0 180.0 327.1
