 wrfout_d04_2016-09-16_00:00:00 999.0 131.8 148.7 142.0 138.2 141.2 108.1  12.3  54.5  31.4 131.6 162.5 999.0   7.5 349.5 180.0 337.1 200.6  54.6   3.7 140.9 192.2  29.2  42.7   4.1   6.9  41.0 352.9  29.5  23.2  50.5
 wrfout_d04_2016-09-16_01:00:00 999.0 129.8 146.9 142.6 143.2 142.5 131.8  20.8 181.2  26.3 122.3 158.2 999.0 359.3 342.8  90.8 355.2 209.6  49.2 358.9 129.0 200.6   9.6  43.1 358.5   1.1  46.3 356.5  35.9  22.1  47.0
 wrfout_d04_2016-09-16_02:00:00 999.0 129.0 144.6 145.9 145.3 140.6 156.1  14.9 139.4  15.7 111.9 151.8 999.0 357.9 346.8  79.1 346.6 226.1  51.0 349.5 101.7 215.7 357.1  41.6 349.7 354.5  48.4 355.2  40.9  21.1  42.6
 wrfout_d04_2016-09-16_03:00:00 999.0 130.6 144.0 188.4 146.0 138.5 106.4  16.3  40.2   6.4  99.5 143.1 999.0 356.9 346.1  63.7 341.1 252.8  50.5 339.2  61.7 250.1 344.4  41.2 342.7 346.6  50.7 354.7  42.4  20.8  37.0
 wrfout_d04_2016-09-16_04:00:00 999.0 126.3 141.6 314.5 141.2 132.8 111.5  13.0  97.1 355.7  95.2 137.8 999.0 353.8 346.0  53.7 336.8 255.9  46.7 336.9  40.5 307.0 337.5  39.0 336.3 338.1  49.3 343.3  39.6  17.0  32.2
 wrfout_d04_2016-09-16_05:00:00 999.0 117.9 139.5 308.4 137.3 132.0 113.0   1.2 109.4 348.8  90.5 134.2 999.0 353.7 355.6  44.7 336.6 270.0  46.0 323.9  16.7 332.4 330.2  37.8 329.1 329.3  48.9 336.3  38.6  14.2  22.5
 wrfout_d04_2016-09-16_06:00:00 999.0 112.1 133.9 172.6 132.6 129.0 113.1   2.1 108.4 345.9  91.2 130.8 999.0 354.7 348.2  37.7 322.2 305.5  48.1 324.1  13.3 344.5 340.3  35.6 324.4 321.2  47.9 326.7  39.1  12.1 338.1
 wrfout_d04_2016-09-16_07:00:00 999.0 101.5 124.3 139.4 123.2 118.2 114.9   2.5 105.8 346.3  87.3 125.4 999.0 346.0 351.7  28.3 331.9 336.4  49.2 329.7  24.2 348.8 338.5  31.8 320.4 321.1  43.5 320.1  31.4  10.1 319.2
 wrfout_d04_2016-09-16_08:00:00 999.0  94.2 117.0 127.4 114.6 105.7 113.6 355.5 104.8 356.3  85.7 104.0 999.0   0.8 349.5  22.8 327.8 351.5  53.3 332.6  34.2   2.7 338.7  32.4 315.9 319.1  42.0 317.6  32.1   3.4 304.5
 wrfout_d04_2016-09-16_09:00:00 999.0  90.4 112.0 125.1 105.2  95.7 111.6 340.0 101.2   1.3  76.3 124.2 999.0   2.8 354.5  18.2 173.5 350.6  58.8 335.5  68.5 336.9 344.0  25.6 337.2 333.2  24.1 313.1 354.5 355.5 319.9
 wrfout_d04_2016-09-16_10:00:00 999.0  88.3 111.3 127.9  98.9 100.6 104.1 335.4  91.6 339.0  37.2 243.7 999.0  18.8 356.8   7.7 190.0 340.8  60.2 337.9  36.9 326.1 354.1  29.5 338.4 346.4  22.9 320.3 250.8 341.8 323.9
 wrfout_d04_2016-09-16_11:00:00 999.0  81.7 102.2 115.9  85.6  85.0  82.9  21.1  74.0 318.9 356.8 264.6 999.0  16.5   0.0  10.8 183.9 355.1  61.1 338.9  63.0 333.5 343.2  20.3 336.5 336.3   1.2 329.1 313.8 340.4 325.0
 wrfout_d04_2016-09-16_12:00:00 999.0  84.8  99.8 123.3  85.5  79.9  82.6  67.6  62.7 159.0  13.3 279.1 999.0  10.3   7.0  21.2 192.0 351.4  64.2 343.2  58.0 350.9 354.4  21.1 332.9 338.8  11.3 320.0 220.1 327.2 316.8
 wrfout_d04_2016-09-16_13:00:00 999.0  83.8  97.3 134.0  85.8  73.8  78.7  49.5  63.4  60.8  23.2 287.6 999.0 341.7 346.5  21.6 187.3  19.7  66.8 345.7  48.1   8.6 351.5  20.5 337.4 342.0   4.9 332.4 271.8 307.5 310.4
 wrfout_d04_2016-09-16_14:00:00 999.0  78.9  94.7 127.8  82.4  67.0  78.4  46.7  67.1  42.4 358.7 277.3 999.0 333.5 342.3  15.4 197.6   9.3  65.9 344.8  35.6   1.1 351.7  12.6 336.1 339.7 354.6 334.0 343.9 298.4 308.2
 wrfout_d04_2016-09-16_15:00:00 999.0  72.5  90.1 123.4  77.2  61.2  75.7  48.8  65.8 169.9 325.5 289.1 999.0 343.6 349.6  34.8 192.8 352.0  64.1 344.6  31.8 346.9 345.8  11.9 335.9 339.4 325.7 333.6 354.8 280.7 306.3
 wrfout_d04_2016-09-16_16:00:00 999.0  65.9  81.1 223.6  68.1  51.5  79.8  54.2  66.8 162.5  25.2 284.6 999.0 335.2 202.4   6.0 197.1 337.9  79.2 336.9  23.4 340.7 335.6  14.1 324.7 325.5 239.8 331.7 355.0 270.3 302.2
 wrfout_d04_2016-09-16_17:00:00 999.0  58.8  75.2 261.3  63.5  44.0  76.7  54.5  66.3  80.3  18.9 286.9 999.0 340.8 170.3   9.4 180.1 337.0  64.2 326.5   2.2 335.2 329.2   9.0 329.6 332.5 260.2 333.2 348.9 257.3 304.3
 wrfout_d04_2016-09-16_18:00:00 999.0  51.7  66.9 287.1  56.9  36.5  73.3  50.9  61.5  62.1  18.1 299.8 999.0 348.3 149.0   5.2 192.0 324.2  11.3 303.2 328.8 331.0 320.3   1.4 320.5 319.8 177.8 329.5 317.5 259.9 300.6
 wrfout_d04_2016-09-16_19:00:00 999.0  42.3  58.9 333.7  51.1  20.4  56.2  50.7  59.9  73.1  30.6 342.3 999.0 354.4 155.8  10.2 186.4 318.2 312.0 302.7 310.7 314.1 304.6   5.6 324.7 321.8 173.5 318.2 301.6 257.1 293.9
 wrfout_d04_2016-09-16_20:00:00 999.0  40.1  53.9 315.4  42.9  16.7 329.8  31.6  52.2 301.4  21.3 353.6 999.0 359.2  88.6   6.6 206.9 311.4 281.5 272.2 298.2 305.8 308.7 177.6 299.5 301.8 164.8 307.9 297.2 251.1 289.1
 wrfout_d04_2016-09-16_21:00:00 999.0  42.7  44.0  28.5  39.3  18.3   7.8  22.6  14.4   8.8  21.5   0.3 999.0 359.9  19.4   9.4 252.3 313.6 256.7 273.3 290.7 307.0 308.6 231.1 296.9 307.9 174.0 302.4 285.7 247.9 286.8
 wrfout_d04_2016-09-16_22:00:00 999.0  43.0  40.8   8.8  37.8  12.4  12.9  12.7  26.1   4.7  23.2 359.6 999.0   2.0 337.6   3.7 270.5 313.6 266.3 272.2 295.0 312.3 296.6 242.0 289.7 290.6 142.1 306.9 279.8 248.0 282.8
 wrfout_d04_2016-09-16_23:00:00 999.0  50.0  49.4 357.4  44.5  25.8 305.4  10.5  12.0 358.5  22.5 356.6 999.0 345.4 317.8 358.7 238.2 312.4 311.2 272.9 300.1 299.5 288.7 249.1 293.0 295.6 161.3 304.5 175.8 245.3 279.8
