 wrfout_d04_2016-07-21_00:00:00 999.0 244.8 243.9 268.8 249.6 228.2 253.8 232.8 244.0 243.2  42.0   1.3 999.0 204.7 198.8 196.0 355.0 217.1 232.7 204.4 279.2 207.4 161.3 203.3 183.1 184.4 194.8 194.1 181.9 166.8 161.4
 wrfout_d04_2016-07-21_01:00:00 999.0 247.9 247.9 286.8 250.1 238.0 254.9 237.2 246.0 247.5  80.6  22.3 999.0 220.2 213.5 173.7 341.0 224.1 255.3 211.6 298.7 213.8 221.6 198.7 206.6 211.5 190.3 213.3 158.6 173.5 168.2
 wrfout_d04_2016-07-21_02:00:00 999.0 255.0 253.6 287.5 258.2 263.2 265.6 241.3 251.4 250.9  88.8  43.5 999.0 238.1 223.8 167.2 296.8 231.1 261.9 227.2 297.7 215.7 221.3 192.4 243.0 244.1 188.2 227.6 153.9 181.0 194.3
 wrfout_d04_2016-07-21_03:00:00 999.0 257.8 254.5 285.9 261.5 249.8 260.1 243.0 254.5 252.2 100.9  73.4 999.0 245.2 232.1 163.8 258.4 232.4 281.1 245.3 301.0 242.1 242.3 185.5 252.1 251.8 186.5 235.0 160.0 188.5 229.1
 wrfout_d04_2016-07-21_04:00:00 999.0 261.7 254.2 284.3 262.8 331.2 259.6 245.9 256.0 251.7 105.7 113.5 999.0 249.0 245.0 161.4 254.9 232.0 328.0 263.0 307.0 252.9 256.3 181.8 256.5 256.2 181.0 240.1 174.7 193.2 253.6
 wrfout_d04_2016-07-21_05:00:00 999.0 265.1 253.5 284.4 263.9  44.2 262.0 242.1 256.3 250.6 107.2 130.3 999.0 248.5 256.8 158.5 248.6 232.1 350.9 266.2 316.2 253.9 265.5 178.3 260.2 256.8 175.3 250.8 182.5 196.0 263.8
 wrfout_d04_2016-07-21_06:00:00 999.0 263.4 253.3 286.4 266.4  62.1 262.9 239.5 257.2 250.3  96.3 141.0 999.0 252.9 259.8 157.5 254.8 231.2 350.8 268.9 331.8 252.6 279.5 170.9 262.4 257.8 164.0 260.1 190.4 196.1 266.2
 wrfout_d04_2016-07-21_07:00:00 999.0 258.6 263.6 292.1 279.6  56.8 261.5 238.7 257.5 247.4  94.9 150.4 999.0 249.7 261.3 153.3 253.2 231.2  25.2 273.2 334.3 248.4 277.5 185.1 262.5 261.0 159.6 264.5 215.6 194.4 264.2
 wrfout_d04_2016-07-21_08:00:00 999.0 238.2 261.4 298.0 271.1  57.2 256.7 231.7 252.5 249.9  87.2 158.5 999.0 240.2 258.5 165.6 258.8 229.1  16.9 271.5 317.6 244.6 287.8 194.8 265.3 263.2 160.5 269.7 267.9 192.9 264.7
 wrfout_d04_2016-07-21_09:00:00 999.0 225.7 280.9 317.2 279.5  57.9 256.1 228.1 239.3 243.7 110.3 169.2 999.0 232.6 245.8 134.5 225.8 217.1  55.2 278.3 355.5 238.8 288.8 193.5 278.0 273.5 159.6 268.1   6.9 188.9 263.9
 wrfout_d04_2016-07-21_10:00:00 999.0 140.2 307.8 342.6 301.1 114.8 295.0 220.2 232.7 238.8 100.4 157.1 999.0 233.5 238.8 179.8 208.8 207.4 112.1 264.7 134.6 225.8 278.9 207.5 277.7 273.5 163.9 265.2   7.9 182.9 270.2
 wrfout_d04_2016-07-21_11:00:00 999.0 157.4 292.0   8.5 347.2 165.0 316.4 213.3 224.4 223.4  97.1 170.2 999.0 225.9 246.8 183.4 213.1 210.9 101.9 266.1 333.6 231.0 261.9 228.9 262.2 262.4 164.1 262.5 324.0 181.0 265.4
 wrfout_d04_2016-07-21_12:00:00 999.0 163.4 222.0  26.3 239.1 229.9 304.7 209.0 215.0 214.4  38.8 171.6 999.0 208.8 223.9 195.2 181.4 210.1 105.7 257.5 155.4 232.8 246.7 237.8 264.5 263.0 181.8 256.1 289.6 174.1 248.0
 wrfout_d04_2016-07-21_13:00:00 999.0 167.9 195.3  50.0 183.4 186.7 242.6 206.8 237.1 198.7   9.1 174.1 999.0 199.8 207.6 214.6 166.9 212.4 201.3 239.3  50.6 217.3 222.6 240.8 242.6 232.2 168.0 252.2 270.3 175.6 231.2
 wrfout_d04_2016-07-21_14:00:00 999.0 168.1 178.7 110.6 127.1 202.2  74.9 186.3 243.6 180.8   2.2 172.5 999.0 193.0 193.3 225.4 179.8 210.6 207.7 218.0 108.3 207.1 187.3 240.2 222.9 209.9 176.9 235.4 242.9 172.4 218.5
 wrfout_d04_2016-07-21_15:00:00 999.0 173.3 177.7 282.5  98.5 258.0  23.9 185.7 217.4 163.4  12.8 167.5 999.0 194.9 195.3 230.1 186.1 211.9 179.1 206.5 128.5 204.4 191.7 243.0 194.3 195.4 179.1 213.1 271.3 171.1 185.0
 wrfout_d04_2016-07-21_16:00:00 999.0 178.5 187.7 316.6  49.0 283.3 317.6 195.0 214.4 172.2  12.2 162.1 999.0 193.4 186.1 220.4 192.8 206.6 177.9 204.1 119.5 203.5 173.9 248.0 188.1 191.3 187.6 202.0 295.2 173.0 150.4
 wrfout_d04_2016-07-21_17:00:00 999.0 180.8 229.9   5.4 311.5 320.5 291.3 197.9 216.1 156.0  18.0 162.3 999.0 186.4 184.9 222.4 187.5 205.7 184.9 199.7  49.1 202.4 162.8 241.7 183.8 184.3 215.3 194.7 306.7 172.9 138.1
 wrfout_d04_2016-07-21_18:00:00 999.0 185.9 246.9  15.3 294.9 289.8 299.9 199.2 214.1 145.3  38.0 268.1 999.0 187.0 178.7 228.5 184.1 207.9 182.8 204.2  20.9 200.7 168.6 238.5 152.0 163.2 298.2 189.4 294.4 176.1 138.7
 wrfout_d04_2016-07-21_19:00:00 999.0 199.3 244.0 354.6 281.4 277.0 281.7 204.5 218.2 137.6 180.6 327.6 999.0 181.8 175.7 231.9 171.8 213.7 189.7 199.8 359.5 202.6 166.7 236.9 149.0 145.6 331.4 188.1 293.7 183.4 142.6
 wrfout_d04_2016-07-21_20:00:00 999.0 248.0 240.9   5.3 274.7 239.2 273.2 208.7 215.9 142.6 195.9 348.4 999.0 179.3 179.2 230.6 180.7 215.3 192.4 195.7   1.7 209.9 157.3 233.7 134.6 136.9 326.6 181.4 280.7 187.7 151.9
 wrfout_d04_2016-07-21_21:00:00 999.0 262.7 237.8 159.5 268.8 219.8 275.3 209.5 196.7 145.2 184.7   4.9 999.0 176.6 170.2 228.2 163.9 215.9 181.0 197.9  23.5 212.3 138.2 245.0 108.2 107.9 311.9 192.3 285.1 190.5 174.2
 wrfout_d04_2016-07-21_22:00:00 999.0 254.4 236.2 209.6 260.4 220.4 281.7 216.2 198.3 207.1 190.7 344.9 999.0 176.9 166.0 234.0 226.5 216.0 153.7 194.1  43.9 215.3 118.2 245.9  96.9  77.7 306.0 203.2 246.5 194.8 216.0
 wrfout_d04_2016-07-21_23:00:00 999.0 252.2 235.6 235.2 252.0 227.8 261.0 227.1 235.2 236.3  64.0 350.6 999.0 187.9 182.3 217.3 319.8 216.9  76.9 201.5  51.5 219.5 107.6 219.5 136.9 146.2 215.7 221.2 188.7 202.6 251.6
