 wrfout_d04_2016-09-09_00:00:00 999.0 161.1 231.0  60.3 269.5 124.1 172.1 132.6 107.6 236.8 339.8 322.9 999.0 155.8 184.8 331.7  40.9 200.2 217.8 168.9 245.5 197.1  78.6  22.0 144.1 132.9  70.9 193.4 240.5 228.5 249.9
 wrfout_d04_2016-09-09_01:00:00 999.0 309.5 234.7  23.7 245.7 222.3   6.7 224.3  57.1 215.3  49.6  25.7 999.0 196.5 231.5  63.3 356.0 177.0 229.0 187.7 243.3 178.7 160.5  91.6 166.0 177.0 103.8 205.2  91.3 231.8 260.4
 wrfout_d04_2016-09-09_02:00:00 999.0 165.4 234.7   9.1 239.5 291.8 318.7 220.4 328.9 268.2  66.9  65.3 999.0 206.2 229.1  49.8 289.2 178.8 233.9 188.8 246.1 179.1 175.6 103.5 186.5 189.6 122.0 219.8 136.3 233.5 262.7
 wrfout_d04_2016-09-09_03:00:00 999.0  65.0 232.3   4.9 241.6  12.9 311.0 218.2 291.4 265.6  82.6  82.5 999.0 209.2 234.3  70.4 266.5 185.3 230.0 211.5 251.6 192.7 185.7 103.9 197.0 197.1 144.9 222.9 163.5 229.4 266.1
 wrfout_d04_2016-09-09_04:00:00 999.0  56.4 220.6  19.6 234.9   7.5 324.3 199.5 279.8 219.7  83.1  75.0 999.0 201.9 233.0  69.0 257.8 180.4 232.0 217.7 251.2 197.8 186.3  90.5 208.2 195.2 115.0 214.5 206.4 229.0 266.0
 wrfout_d04_2016-09-09_05:00:00 999.0 101.3 225.5   5.5 240.7  18.8 317.4 240.2 263.2 232.4  45.0 111.2 999.0 197.3 205.1  77.4 261.0 182.4 234.5 240.9 244.9 186.6 190.2  60.8 217.4 205.7  85.5 219.6  73.1 228.6 265.8
 wrfout_d04_2016-09-09_06:00:00 999.0 127.0 217.9 101.9 247.8  40.6 343.9 227.2 352.3 258.9 344.7 326.9 999.0 204.8 183.1  83.3 263.1 189.4 232.2 237.9 238.3 189.8 191.6  73.6 216.5 207.8  91.0 224.2  70.5 225.4 270.0
 wrfout_d04_2016-09-09_07:00:00 999.0  86.7 235.6  80.1 252.9  81.5  15.1  57.1  58.2 291.5  26.8 291.7 999.0 175.3 178.8  74.6 340.5 194.3 199.0 211.1 240.8 191.8 184.3  89.1 207.6 201.2  81.0 223.6  81.9 224.7 272.6
 wrfout_d04_2016-09-09_08:00:00 999.0  71.6 220.2  57.9 245.0  79.7 120.4 217.1  94.7 309.5   2.1 282.2 999.0 188.7 193.0  82.4 333.8 202.0 213.4 216.4 231.1 203.9 198.5 112.2 218.7 210.6  52.7 224.0  65.7 221.3 274.5
 wrfout_d04_2016-09-09_09:00:00 999.0  78.8  37.7  19.8  41.5  74.2  57.9  65.7  65.3 325.0 349.9 315.3 999.0 184.0 192.7 348.4 266.0 196.4 214.2 197.9 233.0 201.3 201.7  93.1 195.5 188.2  31.4 238.7  75.4 223.6 274.9
 wrfout_d04_2016-09-09_10:00:00 999.0  64.9 300.3 346.7 287.1 113.3  82.9 143.4  93.6 343.9  34.1 306.8 999.0 184.4 189.5 359.0  17.6 200.7 220.0 202.5 229.1 204.4 198.3 356.0 193.2 189.3  30.1 236.2  93.2 228.5 266.2
 wrfout_d04_2016-09-09_11:00:00 999.0  58.9 323.2  16.3 338.2  79.2  89.7 216.0  80.5 273.4 296.2 230.0 999.0 176.0 187.1 351.0 121.1 200.0 217.6 190.3 220.2 195.4 184.2  16.9 129.2 145.8  25.2 237.2  31.3 227.8 271.1
 wrfout_d04_2016-09-09_12:00:00 999.0  75.8 270.5  78.3 205.6 102.0  97.5 149.6  97.9 323.4  21.4 275.4 999.0 177.5 183.0 342.8   8.7 207.3 198.5 208.9 211.0 197.6 159.7  20.1  86.2  80.9 357.5 244.1 358.9 224.6 268.3
 wrfout_d04_2016-09-09_13:00:00 999.0  64.7 191.7 165.9 146.9  48.8  92.1 108.6  45.4  62.7 343.9 324.9 999.0 190.0 164.8   0.9 268.5 198.2 211.5 232.6 211.0 198.3 146.4  35.2  45.8  75.9   5.8 246.3 328.3 224.8 271.7
 wrfout_d04_2016-09-09_14:00:00 999.0  81.8  99.3 172.8  84.4  67.8  97.0  95.4  87.3 108.1 312.0 312.3 999.0 180.2 163.9  17.8   0.0 189.0 204.6 208.6 212.2 186.8 141.6  31.1 118.2 110.9  21.5 243.9 359.6 224.5 273.3
 wrfout_d04_2016-09-09_15:00:00 999.0  72.4  91.1 179.3  79.8  58.9  53.9  91.7  22.1 100.0 322.2 329.5 999.0 181.4 162.3   2.3  12.1 188.8 196.4 216.5 212.2 179.2 135.1  22.0  57.3  80.4   7.0 237.4 306.4 222.6 255.7
 wrfout_d04_2016-09-09_16:00:00 999.0  69.0  57.5 265.6  15.5  43.2 312.8 116.5 319.2  72.9 170.0 353.9 999.0 186.6 142.9   1.9 326.3 174.0 207.9 218.1 222.9 177.0 135.4 353.1 124.3 116.6 221.4 217.7 278.7 226.1 250.4
 wrfout_d04_2016-09-09_17:00:00 999.0  82.9  59.5  17.6  42.8  26.5 172.2 125.5 155.1 166.1 271.2 305.3 999.0 156.6 141.8   3.2   1.9 171.7 204.2 151.9 221.3 173.2 126.0  40.4 119.7 116.5 206.5 219.0 283.2 231.0 247.8
 wrfout_d04_2016-09-09_18:00:00 999.0  65.2 203.5 146.3 344.4 267.7 258.2 134.0 107.3  59.4 171.9 333.8 999.0 176.6 154.2 340.9 325.1 168.9 200.3 150.6 216.7 178.9 135.5  21.2 133.1 127.5 292.6 218.1 317.1 228.1 242.1
 wrfout_d04_2016-09-09_19:00:00 999.0  95.8  24.9 210.1  20.1  68.4 324.4 111.6   9.3 106.7  40.2 329.9 999.0 172.4 165.6  48.2   0.7 181.1 216.4 249.8 226.3 195.5 166.3 104.2 180.1 170.0 273.5 210.4   4.8 225.8 255.2
 wrfout_d04_2016-09-09_20:00:00 999.0 116.0  55.6 319.2  48.6 288.1 286.6 131.3  34.2   1.1 176.1 329.3 999.0 169.2 155.5   2.5  29.5 188.8 201.7  15.4 217.4 202.4 145.3  74.6 123.5 109.7 262.2 199.1  19.1 229.9 263.7
 wrfout_d04_2016-09-09_21:00:00 999.0 105.2 120.4 110.9  79.3  98.2  54.0  97.0 335.5 339.7 161.2 319.8 999.0 172.8 179.5  25.4  23.6 189.3 202.1  11.2 226.4 197.2 128.6 342.3 133.5 134.7 281.0 188.1 356.2 230.9 225.6
 wrfout_d04_2016-09-09_22:00:00 999.0 106.1 106.2 132.8  26.0  84.6  62.3  82.6   2.9 194.7 226.2 326.5 999.0 203.1 172.2   4.0  34.8 196.1 202.2 104.8 224.8 195.4 116.5 293.3 180.0 115.5 331.4 223.7 343.4 231.3 250.7
 wrfout_d04_2016-09-09_23:00:00 999.0  86.6  92.0 272.6  66.0 314.0 125.2  53.7 330.2 118.5 298.5 306.5 999.0 177.3 177.9 341.7   6.4 202.3 208.2 178.1 229.6 200.9 128.6 175.9  83.9  95.3 350.2 214.1  50.1 223.8 261.3
