 wrfout_d04_2016-02-13_00:00:00 999.0 242.2 223.8 155.5 240.6 234.0  17.3 222.5 342.4 235.9  51.0  13.4 999.0 189.0 201.4 219.2 266.1 189.0 211.2 200.6 227.0 198.0 141.9 200.3 150.9 141.2 208.0 175.2 231.1 184.4 195.1
 wrfout_d04_2016-02-13_01:00:00 999.0 211.6 219.3 180.0 222.4 222.2 268.8 229.0 255.1 239.8  70.7 137.6 999.0 190.3 193.8 184.7 255.7 186.6 218.2 190.7 232.6 190.5 173.2 196.3 160.5 161.1 197.6 181.3 215.7 187.4 208.2
 wrfout_d04_2016-02-13_02:00:00 999.0 237.7 220.3 227.3 215.2 203.3 222.4 232.5 182.1 239.6  81.1 161.6 999.0 193.2 199.1 175.4 233.3 185.3 221.6 191.1 237.3 188.2 182.8 193.1 174.2 186.5 192.8 195.6 220.0 192.5 225.7
 wrfout_d04_2016-02-13_03:00:00 999.0 227.3 234.6 289.0 226.2 202.8 220.5 234.1 175.6 244.1  92.6 162.2 999.0 210.2 201.5 169.4 246.3 180.2 224.4 191.6 240.3 177.1 187.1 190.0 202.4 195.0 188.4 206.2 221.9 198.5 240.9
 wrfout_d04_2016-02-13_04:00:00 999.0 233.9 246.8 307.8 256.7 269.9 235.2 238.6 251.6 249.6  98.6 163.5 999.0 226.0 208.6 163.8 247.6 180.6 226.4 189.2 241.8 167.5 192.2 188.5 210.8 202.1 184.9 210.3 226.6 202.7 250.3
 wrfout_d04_2016-02-13_05:00:00 999.0 264.1 255.7 297.9 269.6  25.5 266.7 241.0 265.5 247.8 101.5 157.2 999.0 230.3 213.2 161.0 248.3 183.8 227.5 191.9 243.0 171.5 195.7 185.0 215.5 206.2 183.9 213.2 231.1 206.5 254.6
 wrfout_d04_2016-02-13_06:00:00 999.0 273.6 258.0 294.0 274.2  58.5 275.1 249.7 269.2 247.5  96.7 158.9 999.0 231.0 214.2 160.2 248.2 185.5 227.4 211.5 242.0 170.1 196.9 184.0 220.3 211.2 184.5 215.1 234.7 207.3 257.2
 wrfout_d04_2016-02-13_07:00:00 999.0 227.5 255.8 288.2 270.6  80.8 271.1 254.3 263.5 248.0  58.8 169.5 999.0 233.0 221.0 157.9 246.8 187.4 228.2 218.7 239.0 172.7 196.9 186.0 225.7 216.4 183.4 216.9 237.5 209.3 254.7
 wrfout_d04_2016-02-13_08:00:00 999.0 207.4 249.6 282.8 263.9  52.4 257.0 240.3 251.8 246.6  44.7 167.9 999.0 232.9 224.1 153.5 244.9 189.0 227.2 222.1 235.1 176.2 196.4 189.0 226.3 216.3 181.9 219.3 229.8 210.6 252.6
 wrfout_d04_2016-02-13_09:00:00 999.0 227.8 241.0 286.2 254.9 324.6 245.9 225.7 244.2 239.5  44.0 166.4 999.0 229.2 228.1 116.9 241.9 188.3 224.0 222.2 229.3 181.0 192.1 200.6 226.3 214.7 185.6 219.6 201.2 209.2 252.6
 wrfout_d04_2016-02-13_10:00:00 999.0 259.8 237.4 284.2 258.4  49.9 237.8 218.2 234.4 237.8  29.8 182.3 999.0 221.2 229.5  63.8 231.2 185.8 212.2 220.5 224.4 183.6 182.9 243.1 221.0 207.3 195.4 219.5 194.7 208.4 252.6
 wrfout_d04_2016-02-13_11:00:00 999.0 265.1 236.3 293.4 261.1  47.9 256.3 225.1 217.6 241.1  28.6 316.2 999.0 212.8 222.4  26.0 196.9 182.8 209.3 210.5 224.1 179.9 177.9 252.7 209.6 197.6 204.0 220.1 189.7 210.9 254.7
 wrfout_d04_2016-02-13_12:00:00 999.0 253.6 241.0 317.3 269.7 354.1  15.0 232.0 215.3 250.3  31.9 308.4 999.0 204.8 204.9  26.6 170.2 179.3 211.7 194.1 224.9 177.0 174.0 248.4 193.5 186.5 205.6 223.7 193.5 213.3 257.2
 wrfout_d04_2016-02-13_13:00:00 999.0 257.0 242.4 330.7 271.8   3.7  22.6 235.4 136.1 258.8 221.9 302.1 999.0 195.7 182.2  20.8 170.5 175.0 211.5 184.8 226.5 172.3 168.9 306.3 170.2 171.9 210.9 228.3 195.0 215.0 259.3
 wrfout_d04_2016-02-13_14:00:00 999.0 260.3 239.5 341.3 271.3  64.9  13.0 235.9 114.3 275.2 235.6 311.5 999.0 186.5 164.9  13.5 173.4 171.3 207.8 176.2 229.0 168.9 170.3 124.0 146.8 157.1 220.0 237.4 185.2 217.6 260.6
 wrfout_d04_2016-02-13_15:00:00 999.0 256.2 237.7  49.6 269.3 247.4   1.2 237.0 109.9 272.2 306.1 304.1 999.0 186.4 156.0   0.2 174.5 169.0 206.9 162.8 231.1 166.4 176.8 351.4 141.2 142.9 233.5 243.8 181.9 221.5 261.0
 wrfout_d04_2016-02-13_16:00:00 999.0 260.2 236.4  64.7 267.2 264.0 131.2 232.6  79.2 268.6 319.5 310.0 999.0 186.2 162.3   4.0 169.3 169.5 206.1 153.0 232.9 166.2 166.7  13.3 142.7 135.4 247.2 244.5 188.5 226.2 263.0
 wrfout_d04_2016-02-13_17:00:00 999.0 281.9 233.6  79.9 264.4 225.9 180.6 226.0 113.8 255.0 307.0 310.8 999.0 186.1 159.8   8.0 162.8 171.4 207.1 146.4 235.5 169.5 159.5  19.6 141.1 132.9 258.0 242.8 186.9 230.2 268.8
 wrfout_d04_2016-02-13_18:00:00 999.0 314.9 232.7  75.4 261.9 175.2 174.9 223.1 206.7 251.6 324.4 316.5 999.0 182.0 153.7   7.9 157.3 173.8 208.3 145.4 238.9 170.4 149.2  33.0 140.0 134.6 287.4 235.9 170.6 233.8 275.8
 wrfout_d04_2016-02-13_19:00:00 999.0 329.2 235.0  62.5 264.4 346.7 117.2 221.5 208.1  35.5  76.1 301.8 999.0 173.9 148.2   6.6 150.7 174.5 208.2 137.2 242.9 171.3 148.1  11.6 133.2 134.9 359.1 234.4 164.8 232.7 279.9
 wrfout_d04_2016-02-13_20:00:00 999.0 329.1 242.5  20.5 273.6 355.8  77.5 219.3  24.2  63.4  34.2 328.0 999.0 166.9 146.3  16.8 154.8 175.0 208.3 125.1 247.4 171.7 146.3 335.7 122.7 126.3 358.0 241.1 159.6 234.4 279.4
 wrfout_d04_2016-02-13_21:00:00 999.0 336.1 258.2  16.5 287.7  64.0 274.7 220.1   4.9  11.9 309.5 316.3 999.0 159.5 152.0  19.0 162.3 173.5 206.0 131.6 250.4 169.3 151.2 343.1 116.2 120.3 337.6 248.0 161.7 237.5 276.9
 wrfout_d04_2016-02-13_22:00:00 999.0  15.2 310.9   7.5 301.9  62.4 130.7  16.8  86.2  17.5 244.6 297.9 999.0 158.5 159.4  11.3 170.4 176.0 205.4 133.0 252.5 169.6 157.8 342.3 119.6 125.1 320.5 259.9 178.3 239.3 273.3
 wrfout_d04_2016-02-13_23:00:00 999.0  37.6 279.8 344.4 267.9  51.2 109.3  18.6 354.1  19.5 231.7 355.0 999.0 160.9 168.6  15.6 169.9 180.0 209.1 134.9 255.7 171.3 156.4 350.4 137.9 125.3 326.8 262.5 196.3 242.1 274.6
