 wrfout_d04_2016-12-09_00:00:00 999.0  35.6  58.8 260.4  47.3  46.9  85.5  42.7  65.0  36.7  90.5 271.6 999.0  15.8   0.9   1.5 341.4  27.0 222.8   1.9 197.2  14.6  14.0  29.0 358.9   3.3  11.6   5.2  15.7  38.9  38.3
 wrfout_d04_2016-12-09_01:00:00 999.0  36.0  59.7  45.9  50.3  46.6  57.1  45.2  71.9  39.9  40.9 292.7 999.0  15.9 358.3  12.2 338.8  24.0 256.0   3.2 295.4  17.3  14.0  27.6   1.3   3.7  23.8 355.1  30.6  38.0  34.6
 wrfout_d04_2016-12-09_02:00:00 999.0  37.1  58.9  48.2  52.3  44.0  62.6  41.4  80.5  44.1  53.6 354.8 999.0  13.7 356.8  30.7 344.2  23.7 279.3 359.4 313.4  17.3   7.8  35.1 352.9 355.8  40.5 351.2  35.9  45.9  44.0
 wrfout_d04_2016-12-09_03:00:00 999.0  38.1  58.4  45.5  52.5  43.3  65.0  44.4  82.0  48.1  57.9   0.5 999.0   8.5 355.5  32.8 331.6  19.7 320.3 357.4 317.4  17.7   1.1  35.8 356.4 357.5  42.3 334.7  40.5  45.5  54.1
 wrfout_d04_2016-12-09_04:00:00 999.0  42.1  61.5  52.6  55.7  50.6  68.2  45.6  84.8  50.5  45.1   4.6 999.0   7.8 355.9  29.1 320.6  17.8  18.2 354.3 325.7  15.1 355.8  28.6 349.0 350.5  47.2 309.3  42.5  44.9  54.1
 wrfout_d04_2016-12-09_05:00:00 999.0  45.8  65.0  57.3  57.5  46.6  72.3  46.3  81.3  51.5  43.4   0.6 999.0   8.3 355.0  23.4 300.7  17.4  27.9 352.0 327.5  13.6 356.0  39.1 350.6 349.8  52.7 303.4  45.3  44.0  59.1
 wrfout_d04_2016-12-09_06:00:00 999.0  46.6  66.4  63.7  57.9  54.7  68.9  47.2  80.1  50.9  49.6  12.9 999.0   7.8 356.2  24.6 298.7  16.6  38.1 337.8 334.8  12.3 353.3  36.8 339.2 339.3  53.7 293.0  48.8  44.8  60.3
 wrfout_d04_2016-12-09_07:00:00 999.0  49.9  68.0  68.2  58.5  56.6  68.1  48.2  71.8  48.7  44.4 358.9 999.0   7.4   0.7  20.2 283.3  15.7  44.3 334.1 313.2  14.7 353.1  36.9 330.4 338.1  47.3 283.4  50.6  46.4  63.1
 wrfout_d04_2016-12-09_08:00:00 999.0  53.0  69.3  71.6  57.3  55.5  70.7  50.1  76.5  48.7  29.5   1.4 999.0   9.9   0.1  20.9 258.1  19.1  50.1 337.0 115.8  15.3 355.8  23.9 330.5 336.3  44.2 271.6  47.4  50.1  67.2
 wrfout_d04_2016-12-09_09:00:00 999.0  54.8  70.5  75.7  56.7  64.9  80.4  52.2  81.2  49.7  42.8  33.6 999.0   8.2 356.6  18.7 185.1  19.1  85.2 335.5 156.4  16.0 355.1  23.3 332.5 341.5  38.0 270.6  37.8  49.8  67.8
 wrfout_d04_2016-12-09_10:00:00 999.0  56.1  72.0  86.1  56.8  62.6  85.9  56.0  86.6  52.3  48.5  36.7 999.0  15.8 359.7  19.0 166.8  21.2 186.8 344.8 159.4  19.5   0.9  27.8 341.5 349.2  33.4 279.1  31.1  52.0  69.8
 wrfout_d04_2016-12-09_11:00:00 999.0  58.7  72.9 106.7  59.6  63.9  84.2  58.9  81.2  53.8 100.4 318.8 999.0   7.8 347.9  10.2 130.4  22.0 236.2 344.4 159.4  18.2   7.3  39.5 348.5 357.7  19.5 282.1  25.3  52.4  67.0
 wrfout_d04_2016-12-09_12:00:00 999.0  61.4  75.8 106.7  63.2  67.4  87.3  62.6  88.5  54.7 214.3 290.5 999.0   7.7 344.1  11.7 118.0  22.7 249.2 334.4 162.9  15.1  12.7  55.1 352.5   6.4  25.9 282.4  22.3  58.4  64.3
 wrfout_d04_2016-12-09_13:00:00 999.0  64.7  79.1 121.4  67.9  69.9  82.9  61.3  74.7  55.5 237.4 264.0 999.0   8.7 348.5  10.6 136.8  22.3 251.5 327.5 158.2  13.5   7.9  29.6 344.3 353.9  15.6 281.5  17.6  54.3  67.5
 wrfout_d04_2016-12-09_14:00:00 999.0  68.4  83.0 112.7  71.7  74.7  86.9  60.4  80.8  55.8 269.3 261.8 999.0  10.6 179.7   9.5 139.9  21.8 250.7 328.5 154.2   9.8   9.6  16.1 358.3   1.5   4.4 299.2  15.1  51.5  58.1
 wrfout_d04_2016-12-09_15:00:00 999.0  68.8  83.2 102.3  71.7  72.0  88.8  60.8  79.8  56.5 298.4 261.2 999.0   2.8 172.5 357.2 135.9  16.5 240.9 330.4 161.2   8.4  15.0  21.3 351.7 355.3  15.0 292.8  23.2  50.8  61.9
 wrfout_d04_2016-12-09_16:00:00 999.0  67.7  83.0  96.7  71.4  73.7  84.5  61.2  83.6  57.6 286.8 240.4 999.0   7.2 166.9 358.4 144.8  16.7 245.0 315.4 158.6   6.5   4.1  23.8 343.6 356.8  28.5 288.9  13.6  50.5  64.5
 wrfout_d04_2016-12-09_17:00:00 999.0  66.6  82.0  94.5  70.6  73.4  84.3  60.7  80.8  56.8 305.8 267.2 999.0   4.6 138.5   1.2 159.8  14.8 250.1 261.9 167.4   4.3   3.3  16.0   6.0  13.0  10.0 289.9  19.1  49.1  60.7
 wrfout_d04_2016-12-09_18:00:00 999.0  68.5  83.6  96.9  71.7  75.7  81.9  60.1  80.1  57.6  86.7 332.4 999.0 346.5 128.8 359.4 162.9  15.8 240.9 267.9 168.2   5.6   1.6  19.0  22.9  15.9  17.4 315.3  23.0  46.7  59.8
 wrfout_d04_2016-12-09_19:00:00 999.0  66.4  82.5  93.2  70.8  78.1  82.5  59.7  81.0  57.7 104.6 198.6 999.0 335.7 145.8  10.2 154.7  17.1 222.3 211.9 171.7   7.3  24.2  16.1  46.2  30.8  12.5 318.1  18.4  45.0  57.5
 wrfout_d04_2016-12-09_20:00:00 999.0  58.9  80.9  91.7  68.7  76.5  88.9  58.5  81.7  57.7 236.6 279.4 999.0 351.1 217.3   3.4 142.7  16.6 237.3 195.0 183.2   8.0  59.7  16.5  39.7  28.2   3.9 341.3  17.2  46.0  56.8
 wrfout_d04_2016-12-09_21:00:00 999.0  58.1  77.2  89.2  65.1  74.5  86.6  60.0  87.3  58.5 249.0 260.8 999.0 346.4 263.6 355.1 142.0  16.5 236.3 197.2 185.8  12.7  47.5  12.0  70.1  54.1   4.4 353.3  13.2  44.1  53.5
 wrfout_d04_2016-12-09_22:00:00 999.0  59.2  78.5 104.2  66.3  73.4  88.1  60.9  83.3  57.8 288.6 265.1 999.0 351.4 292.1 352.6 136.9  18.3 236.7 204.8 191.0  10.4  76.8   4.2  74.7  64.8   2.0 358.4  13.1  41.2  52.6
 wrfout_d04_2016-12-09_23:00:00 999.0  60.7  76.4  96.9  66.6  73.8  79.6  60.7  92.2  57.2 317.9 259.1 999.0  11.5 301.1 337.8 138.9  16.5 234.5 208.9 207.1   8.6  79.7  14.3  64.4  54.4   0.6 354.2  11.5  39.8  52.7
