 wrfout_d04_2016-11-01_00:00:00 999.0  29.3  49.3  19.7  48.7  43.7  68.4  51.2  74.9  48.8 258.4 292.6 999.0  22.9  13.4  27.6 264.2  26.5  30.8   6.3 160.4  24.5  25.6  28.3   6.4   7.5  23.3 290.8  24.5  35.0  52.1
 wrfout_d04_2016-11-01_01:00:00 999.0  29.6  46.0  26.6  45.1  40.4  67.7  51.4  69.2  45.2  30.8 323.6 999.0  19.9  13.4  30.0 289.6  26.0 359.6 356.1 322.0  26.0  23.6  29.6   5.2   2.2  34.0 274.9  25.8  30.1  51.1
 wrfout_d04_2016-11-01_02:00:00 999.0  29.4  46.3  31.5  45.4  35.6  67.7  45.9  76.1  46.6  33.3   5.1 999.0  20.5   5.3  30.5 277.5  26.2  24.3 344.2 322.1  22.7  16.7  32.8 355.5 349.3  39.5 268.6  33.3  32.7  51.1
 wrfout_d04_2016-11-01_03:00:00 999.0  31.7  46.2  31.5  43.0  34.8  66.6  44.8  80.4  43.2  35.0  24.8 999.0  17.3   8.1  30.7 258.8  24.8  25.8 345.2 307.0  23.7   3.8  34.0 352.6 341.4  41.0 264.9  36.7  31.0  51.6
 wrfout_d04_2016-11-01_04:00:00 999.0  36.1  47.7  33.3  43.5  35.8  64.5  50.1  80.2  47.6  33.3  24.5 999.0  17.0   7.4  34.5 261.9  24.7  28.1 342.8 317.8  23.3 355.5  35.1 342.3 318.5  45.5 262.9  40.1  26.4  51.9
 wrfout_d04_2016-11-01_05:00:00 999.0  38.0  49.2  36.3  44.7  38.6  77.9  54.5  75.5  48.5  33.0  26.1 999.0  17.4   6.2  29.8 261.0  27.8  35.4 343.3 353.5  22.9 353.8  33.7 352.1 323.9  45.5 254.4  41.8  32.6  53.0
 wrfout_d04_2016-11-01_06:00:00 999.0  40.1  50.6  36.9  45.6  42.0  72.6  54.4  74.9  52.7  37.6  39.0 999.0  16.1   3.5  24.3 252.5  28.1  32.4 341.3 348.2  23.8 353.2  31.1 336.5 317.8  42.8 251.2  39.9  33.1  53.2
 wrfout_d04_2016-11-01_07:00:00 999.0  42.2  53.5  42.5  48.3  46.0  64.2  53.9  75.6  55.3  31.8  20.8 999.0  18.3   3.6  22.3 242.1  27.8  36.5 341.4 353.4  23.4 354.5  31.1 326.1 321.5  43.5 250.9  39.1  37.1  55.2
 wrfout_d04_2016-11-01_08:00:00 999.0  44.7  55.8  46.8  51.3  48.6  67.0  52.9  73.9  55.9  32.6  17.2 999.0  22.1   3.8  25.9 237.8  25.0  55.3 345.0  66.0  21.5 357.3  27.9 324.0 329.4  38.6 257.0  39.7  32.7  57.0
 wrfout_d04_2016-11-01_09:00:00 999.0  44.2  56.4  49.0  51.7  52.5  75.9  53.7  78.1  54.8  46.0  22.4 999.0  20.2   3.9  28.1 251.3  24.7  66.0 341.1 163.2  22.4   1.9  25.2 333.3 339.8  30.4 249.7  35.0  29.1  56.9
 wrfout_d04_2016-11-01_10:00:00 999.0  44.4  62.4  61.0  56.6  51.8  67.5  57.0  66.1  58.6  37.5  32.9 999.0  17.0   6.3  24.4 168.3  25.8 194.0 350.8 172.7  20.5   8.3  23.1 344.7 350.3  22.5 269.1  20.6  29.8  58.2
 wrfout_d04_2016-11-01_11:00:00 999.0  44.2  59.1  49.7  55.2  53.4  60.6  50.2  70.9  58.1  50.5  33.2 999.0  18.0  11.4  24.1 191.0  25.9 225.3 347.3 199.6  19.4   9.5  28.2 346.1 348.4  23.7 289.1  19.1  33.4  52.1
 wrfout_d04_2016-11-01_12:00:00 999.0  45.5  59.3  52.4  55.2  50.7  54.0  56.2  59.4  57.3  41.2  33.3 999.0  19.6  14.8  20.9 200.2  27.0 242.0 340.1 224.7  18.2  16.3  25.2   0.4   4.3  24.2 297.5  12.0  34.2  51.7
 wrfout_d04_2016-11-01_13:00:00 999.0  44.6  57.2  46.4  52.6  40.7  57.9  56.5  86.5  57.1  19.5  27.2 999.0  17.7  12.0  25.3 200.5  26.0  56.7 340.0 175.0  19.1  16.6  22.3 347.0 354.0  13.0 306.3  10.8  28.0  52.0
 wrfout_d04_2016-11-01_14:00:00 999.0  42.9  57.9  44.6  51.5  46.3  62.9  57.5  81.8  54.7  32.4  37.8 999.0  20.3  14.8  28.3 201.9  27.0  86.1 346.0 170.7  19.1  30.0  14.9 343.5 353.9  11.6 311.7  14.6  26.0  50.8
 wrfout_d04_2016-11-01_15:00:00 999.0  41.1  56.0  45.6  49.8  41.7  62.5  59.3  62.2  52.6 156.1  36.7 999.0  21.5   9.7  31.9 187.4  26.9  98.9 344.3 168.9  21.0  21.4  22.3 345.7 349.2  11.4 310.6  10.7  32.5  48.9
 wrfout_d04_2016-11-01_16:00:00 999.0  40.4  54.7  43.1  48.6  40.1  74.3  56.9  59.8  53.1 218.9 351.2 999.0  22.8   2.8  31.3 186.3  27.0 100.5 354.4 180.9  22.8  24.5  23.3 355.4   1.8  17.7 317.1  19.8  28.4  50.7
 wrfout_d04_2016-11-01_17:00:00 999.0  31.7  52.1  39.0  46.4  40.3  76.3  56.0  61.5  53.8 209.9 284.3 999.0  18.5  13.1  34.0 192.4  25.3 109.5 347.0 171.1  21.7  21.5  24.1 356.4 347.8  20.0 330.2  20.2  29.1  51.0
 wrfout_d04_2016-11-01_18:00:00 999.0  31.8  50.9  35.1  45.1  35.0  71.0  55.8  60.7  53.6 219.4 272.1 999.0  17.8  13.1  30.3 196.4  28.8  91.0 352.3 195.4  23.0  27.6  24.0   3.0   5.6  18.8 332.5  19.2  27.0  48.7
 wrfout_d04_2016-11-01_19:00:00 999.0  31.7  49.6  33.1  43.0  36.5  70.9  56.4  65.4  51.5 216.3 260.2 999.0  18.3  12.4  40.8 165.3  32.0  89.5 358.1 187.8  20.2  26.0  22.1 354.9   3.7  12.5 340.3  19.3  25.2  43.9
 wrfout_d04_2016-11-01_20:00:00 999.0  32.5  46.1  30.5  41.0  35.8  67.0  56.8  69.3  51.8 211.4 258.8 999.0  18.3  10.6  37.4 168.2  26.7 125.6 349.8 205.1  18.0  18.8  19.2  10.8  11.5   5.9 352.6  13.2  29.4  46.8
 wrfout_d04_2016-11-01_21:00:00 999.0  34.5  48.2  32.5  42.0  37.1  59.2  55.5  65.1  49.4 240.3 258.3 999.0  17.9   9.0  37.3 144.1  26.6 111.7   1.1 212.1  15.1  17.0  21.8 356.4   1.8  18.2 350.2  10.9  27.9  41.2
 wrfout_d04_2016-11-01_22:00:00 999.0  35.1  49.2  34.1  41.6  33.0  64.8  57.5  76.8  48.7 236.2 263.2 999.0  17.8   7.7  36.0 126.9  23.4 169.4 349.5 233.3  14.6  20.2  23.4 343.0 352.6  13.9 345.6  19.1  27.4  33.9
 wrfout_d04_2016-11-01_23:00:00 999.0  36.6  51.8  34.5  43.5  35.0  69.0  59.1  76.3  49.0 236.6 295.7 999.0  19.3   8.5  33.9  19.7  23.4  93.2 351.2 270.7  19.1  14.2  24.6 353.1 356.7  12.3 347.0  24.9  26.1  35.0
