 wrfout_d04_2016-12-26_00:00:00 999.0 132.3 142.4 124.9 113.9  91.8  80.2 131.6  37.8 102.3  47.9 138.2 999.0 196.1 188.9 236.4 238.3 347.9  74.9 250.4 254.5 340.8  66.4  18.8  45.9  35.4 356.7  13.2   8.8  36.4  48.9
 wrfout_d04_2016-12-26_01:00:00 999.0 131.9 147.4 129.4 129.7 132.7 110.7 220.1  12.2 228.0  77.2 175.0 999.0 209.8 219.6 205.7 256.5 350.4  54.5 294.8 327.4 354.2  36.3   8.5  28.4  22.1 348.6 338.1  26.4  50.2  55.4
 wrfout_d04_2016-12-26_02:00:00 999.0 135.9 149.2 133.2 137.5 141.8 131.5 243.9 251.5 235.7 106.4 165.8 999.0 243.8 209.4 201.9 299.3 356.2  48.8 316.2 337.4 343.5 346.9  29.5 358.2 347.4  23.5 316.4  38.3  49.0  53.0
 wrfout_d04_2016-12-26_03:00:00 999.0 138.4 156.2 186.9 150.3 149.1 156.6 248.3 233.2 254.5 103.8 161.8 999.0 275.5 227.4 166.5 318.3 357.1  46.4 309.1 338.5 347.1 337.4  52.0 338.8 336.7  44.5 305.2  45.3  44.5  53.7
 wrfout_d04_2016-12-26_04:00:00 999.0 134.7 178.9 312.6 169.0 148.9 215.5 244.5 219.3 255.1 104.9 159.2 999.0 291.3 262.0 148.2 281.6 359.8  46.0 320.6 336.9 352.3 343.9  74.6 335.4 335.4  63.7 301.8  45.7  39.7  52.7
 wrfout_d04_2016-12-26_05:00:00 999.0 123.1 174.1 313.4 192.9 136.5 290.8 244.2 209.4 251.0  98.9 157.9 999.0 331.1 281.7 138.5 284.4   1.2  45.9 334.6 325.8 359.6 348.4  64.3 332.8 333.5  71.2 300.9  54.1  40.6  48.6
 wrfout_d04_2016-12-26_06:00:00 999.0 123.4  58.9 309.3 211.7 129.8 319.5 244.1 333.2 254.8  92.2 155.9 999.0 344.9 302.1 144.8 283.3   2.1  51.2 337.3 314.5 359.9 347.9  65.8 328.2 331.2  62.0 301.8  54.6  31.3  45.8
 wrfout_d04_2016-12-26_07:00:00 999.0 124.2  63.2 311.2 198.6 127.9 323.0 248.4 357.3 265.0  90.4 157.4 999.0 340.2 317.9 144.8 269.3   2.6  53.3 335.9 300.5   4.7 352.3  62.1 328.2 329.7  61.2 304.6  53.5  41.9  33.5
 wrfout_d04_2016-12-26_08:00:00 999.0 123.6  82.5 309.3 135.2 137.8 322.7 247.2 359.2 263.6  73.2 160.0 999.0 342.8 335.8 137.9 257.4   9.4  58.6 339.1 191.7  13.6 353.0  42.7 337.0 341.3  46.2 310.2  46.0  46.4  47.3
 wrfout_d04_2016-12-26_09:00:00 999.0 119.9  96.1 317.2  93.8 140.6 319.6 239.2 359.6 266.6  34.2 161.8 999.0 352.3 342.0 137.2 258.1  15.0  73.3 340.4 180.9  12.8 352.5  41.3 337.4 342.2  51.5 322.1  40.2  40.6  39.3
 wrfout_d04_2016-12-26_10:00:00 999.0 114.2 143.5 311.5 117.9 121.4 311.9 228.5 331.9 258.1   3.3 180.8 999.0  10.4 354.6 184.7 112.2  25.1 186.8 341.7 191.1  16.4 356.7  14.5 335.4 343.6  33.5 336.8   8.5  35.8  25.7
 wrfout_d04_2016-12-26_11:00:00 999.0  90.7 138.8 311.4 111.3 325.6 292.6 226.9 237.2 228.7   5.1 231.0 999.0  18.9 355.8 173.0  90.4  26.2 203.0 347.0 197.0  18.2   0.2  19.8 343.9 348.6   5.6 356.2  18.1  29.6  45.0
 wrfout_d04_2016-12-26_12:00:00 999.0  62.0 122.9 319.6  96.1 326.9 310.5 218.7 248.2 235.5  11.4 322.7 999.0  20.2 349.5 208.5  73.2  31.5 205.6 356.3 203.4  17.4   7.3  25.1 353.5 358.3  23.1 359.9  44.1  29.7  34.4
 wrfout_d04_2016-12-26_13:00:00 999.0  30.8 111.9 317.4  87.2 343.5 306.8 198.5  12.9 133.2  21.0 313.0 999.0  19.5 349.9 315.0 106.3  18.9 205.6 356.4 200.2  13.0  14.4  35.9 352.3 356.9  31.0   8.1   2.5  35.9  30.0
 wrfout_d04_2016-12-26_14:00:00 999.0  17.1  85.4 325.9  61.9 351.9 286.0 161.5 142.3 150.7   4.2 296.7 999.0  16.1 348.8  16.8 101.4  21.5 200.3 353.3 196.6   8.8  10.0   9.0 355.6 359.7 332.0   9.9 351.3  37.3  26.8
 wrfout_d04_2016-12-26_15:00:00 999.0  23.9  65.1 324.6  45.0 353.6 274.1  45.4 114.3 136.0 339.4 290.6 999.0  16.9 351.2 347.7 152.3  18.2 193.8 352.1 194.4  11.8   8.2   0.1 347.1 352.1 351.0   2.8   0.4  39.7  21.4
 wrfout_d04_2016-12-26_16:00:00 999.0  19.4  66.4 289.9  55.8 342.1 284.2  67.4   8.0  44.4 340.9 293.3 999.0  14.9 356.5 335.0 185.8  13.4 179.7 354.8 194.3  19.1  10.4  10.1   0.6 359.6   0.2   1.3   2.2  29.2 353.6
 wrfout_d04_2016-12-26_17:00:00 999.0  22.0  49.3 331.7  50.6  26.9 253.4  66.7  42.5  46.7 332.6 280.2 999.0  11.4 349.3 334.4 186.6  11.6 192.1   3.9 195.6  12.3   4.3  19.6 356.1 358.1  15.4 357.9  11.1  32.6  13.4
 wrfout_d04_2016-12-26_18:00:00 999.0  21.4  35.0  24.2  42.1  14.2 191.5  51.7 224.6  54.7 306.5 273.3 999.0  16.6   2.3   2.8 184.5   6.4 191.0   8.0 194.0  10.0   8.1  43.0 354.2 357.9  10.8  10.7   6.2  33.8   9.3
 wrfout_d04_2016-12-26_19:00:00 999.0  19.7  35.0  20.3  31.8  18.3 347.0  39.0 352.2  35.1 185.1 284.6 999.0   8.3 359.6   8.7 177.4  15.7 191.7   7.3 196.7  14.1  10.1  25.8 359.3   8.6   5.5 359.1   5.4  33.9  12.1
 wrfout_d04_2016-12-26_20:00:00 999.0  18.0  34.9  19.5  33.0  21.3 100.2  38.3  40.4  34.9  49.3   9.0 999.0  11.0   4.4  21.6 146.7   8.7 180.3   5.1 202.3   4.3  16.6  29.1   3.0   0.1   9.3 357.9  22.5  24.8  25.2
 wrfout_d04_2016-12-26_21:00:00 999.0  14.9  38.1  23.1  33.8  16.7  77.8  40.2  58.0  35.5  53.6  10.7 999.0  13.0   6.3  24.7 119.4   9.3 187.1   9.2 198.1   8.5  13.2  25.0   6.6  11.1   6.8 353.9  21.5  26.6  28.9
 wrfout_d04_2016-12-26_22:00:00 999.0  15.6  39.6  22.8  34.2  18.2  69.0  41.0  82.8  39.5  44.4   5.8 999.0  16.0   3.9  30.1 183.1  14.5 201.3  28.4 197.6   8.9  16.2  18.6   2.7   7.1 357.8   6.9  15.5  25.3  20.2
 wrfout_d04_2016-12-26_23:00:00 999.0  16.0  36.8  17.4  32.8  16.9  87.7  39.4  75.0  42.3  53.4 338.1 999.0  14.4   5.1  39.6 212.4  18.0 211.8 357.3 201.5  16.9   7.3  25.3   4.9   4.5   9.1 357.2   9.7  27.1  13.5
