 wrfout_d04_2016-04-26_00:00:00 999.0  70.3 209.3 156.7 213.3  18.3 274.7 317.8 335.1 264.7 275.0 334.3 999.0 276.3 209.6 194.4 304.6 225.1 231.8 221.6 267.5 219.8 155.3  69.2 149.3 177.5 102.4 196.4 137.3 187.2 170.2
 wrfout_d04_2016-04-26_01:00:00 999.0 338.1 221.5 176.5 220.1  33.1 255.7 308.0 250.0 269.3 123.6   6.4 999.0 298.7 217.4 144.1 296.8 232.3 237.6 224.2 269.2 233.5 259.4  95.0 204.7 226.1 169.6 212.7 135.5 189.4 175.4
 wrfout_d04_2016-04-26_02:00:00 999.0  47.5 224.6 286.4 220.8 119.3 244.3 277.6 257.5 271.9  90.9  53.6 999.0 292.5 221.4 116.1 252.9 230.6 240.6 230.4 272.2 237.4 246.1 122.1 230.3 234.2 174.8 217.2 137.9 189.5 180.8
 wrfout_d04_2016-04-26_03:00:00 999.0  70.6 247.0 294.5 243.7 317.4 297.2 283.1 271.6 264.0  80.6  58.2 999.0 272.7 228.8 101.7 250.2 229.2 242.8 233.0 270.8 242.1 237.0 143.4 231.9 229.6 175.2 218.4 148.5 189.6 188.4
 wrfout_d04_2016-04-26_04:00:00 999.0  64.0 255.5 300.7 262.9  28.3 320.1 293.4 283.3 270.0  99.4 144.0 999.0 261.9 241.6 126.6 252.1 224.9 239.2 241.0 274.1 239.9 242.4 172.6 234.0 232.3 177.0 223.0 159.6 190.7 198.0
 wrfout_d04_2016-04-26_05:00:00 999.0  13.9 263.7 309.7 270.0  40.4 329.1 323.4 290.9 266.4  93.2 182.8 999.0 262.1 255.4 132.5 249.2 226.2 234.5 247.1 270.0 235.1 243.6 179.2 235.1 234.5 168.9 226.3 174.9 187.3 202.4
 wrfout_d04_2016-04-26_06:00:00 999.0  14.4 269.3 313.5 276.6  39.4 328.1 334.0 296.3 270.3  63.0 106.3 999.0 258.1 258.9 124.9 255.7 221.6 233.5 248.3 263.3 224.8 239.7 179.1 236.2 235.3 169.9 223.7 193.8 189.4 210.1
 wrfout_d04_2016-04-26_07:00:00 999.0  43.7 264.3 314.4 271.7  40.0 343.7 336.5 311.9 272.8  48.6  95.5 999.0 261.8 256.2 152.3 257.4 220.5 232.9 249.0 260.8 220.7 236.1 190.5 236.1 234.6 171.6 218.6 194.0 191.4 210.6
 wrfout_d04_2016-04-26_08:00:00 999.0  56.6 282.5 322.8 273.2  44.8 336.2 333.0 335.4 272.9  22.9  89.7 999.0 264.7 257.1 167.5 261.4 222.2 233.1 252.7 261.0 219.6 232.8 184.4 233.6 230.7 174.2 214.0 207.7 190.1 210.4
 wrfout_d04_2016-04-26_09:00:00 999.0 128.9 300.4 323.6 292.3  36.0 359.6 316.9 337.7 271.7 355.4 106.1 999.0 276.8 256.5 171.7 263.5 225.4 230.7 253.7 254.2 215.5 226.7 189.4 232.7 224.9 177.9 207.7 214.6 187.7 211.2
 wrfout_d04_2016-04-26_10:00:00 999.0 152.5 315.9 307.3 320.5  11.6 340.1 290.9  10.2 259.6  36.5 355.1 999.0 294.9 262.0 180.6 268.3 226.5 226.3 250.9 247.0 211.5 220.4 193.4 225.8 216.8 180.3 204.9 210.6 186.3 205.5
 wrfout_d04_2016-04-26_11:00:00 999.0 148.7 266.5 344.6 289.4  24.8 339.0 263.2 303.7 241.5   3.6 352.7 999.0 271.1 244.9 197.7 252.7 221.3 223.0 250.9 246.0 209.1 213.7 204.2 222.8 213.9 188.5 194.6 206.2 186.9 204.0
 wrfout_d04_2016-04-26_12:00:00 999.0 285.1 240.2  12.7 260.9  61.7 353.1 247.0 276.5 263.4  40.4 287.5 999.0 226.9 210.0 200.2 176.0 213.3 214.6 243.8 247.7 203.7 207.8 217.8 212.0 204.7 187.2 190.6 198.7 189.3 202.1
 wrfout_d04_2016-04-26_13:00:00 999.0 175.1 238.7  70.9 255.4 225.5 279.3 223.7 260.7 257.0 204.7 348.3 999.0 207.5 194.9 196.8 198.4 205.0 207.0 231.2 247.7 201.3 195.5 221.2 199.6 192.9 194.0 186.4 194.0 187.3 204.7
 wrfout_d04_2016-04-26_14:00:00 999.0 232.8 235.7 110.6 246.8 213.5 283.2 211.9 226.5 226.9  44.4 350.4 999.0 199.4 199.5 215.2  88.8 199.1 209.8 220.5 245.0 193.8 184.0 224.4 197.4 187.2 192.4 175.4 188.7 188.6 210.2
 wrfout_d04_2016-04-26_15:00:00 999.0 249.2 224.0 126.8 243.4 225.8 284.0 209.4 224.2 248.7 352.3 312.4 999.0 192.0 194.9 216.8  56.5 199.9 213.9 210.3 240.9 195.0 187.0 226.8 197.3 186.7 185.5 179.9 185.3 188.8 218.1
 wrfout_d04_2016-04-26_16:00:00 999.0 300.9 230.0 107.2 243.5 186.9 312.6 241.8 265.5 234.2 101.6  14.9 999.0 186.2 193.0 214.1 236.9 203.9 212.8 202.9 242.1 198.1 187.0 233.6 195.4 190.6 190.3 188.1 185.2 189.0 227.2
 wrfout_d04_2016-04-26_17:00:00 999.0 287.2 232.3 345.1 245.0 270.0 265.7 307.7 248.3 256.9 357.6  20.5 999.0 188.8 196.0 232.2 242.2 208.7 212.0 201.3 242.6 201.7 189.2 229.5 185.9 187.2 196.5 192.9 192.0 192.6 229.4
 wrfout_d04_2016-04-26_18:00:00 999.0 300.6 249.9 320.4 265.1 283.7 299.8 302.9 277.2 306.7 270.1 313.1 999.0 182.3 185.2 229.6 189.3 203.1 213.8 195.1 243.5 198.5 181.1 228.0 144.9 161.1 210.3 185.8 207.2 196.3 236.0
 wrfout_d04_2016-04-26_19:00:00 999.0 317.0 278.1 315.8 278.7 254.5 319.9 297.2 341.7 280.4 352.0 302.6 999.0 185.9 173.1 230.8 170.2 200.0 204.6 186.3 249.2 194.1 177.0 226.7 135.8 138.8 209.0 186.0 214.1 199.0 245.8
 wrfout_d04_2016-04-26_20:00:00 999.0 277.7 260.1 312.1 267.8 229.6 273.1 317.8 269.9 258.7 199.0 297.0 999.0 187.5 170.3 239.6 300.6 203.3 206.5 194.0 252.6 198.5 174.4 225.8 143.9 137.5 205.5 171.9 227.6 199.2 246.8
 wrfout_d04_2016-04-26_21:00:00 999.0 273.5 248.1 346.6 264.5 214.0 300.7 287.6 358.6 260.9 217.8 295.7 999.0 177.7 147.3 228.0  23.3 200.6 207.8 196.4 251.9 194.4 175.4 233.3 142.3 136.9 203.2 182.7 224.4 201.5 258.9
 wrfout_d04_2016-04-26_22:00:00 999.0 265.3 247.1  12.8 265.1 221.0 291.2 257.2 252.3 256.2 320.1  12.5 999.0 174.2 161.8 247.3  37.5 198.5 212.0 194.8 253.1 190.5 174.3 240.3 154.6 136.9 197.6 188.8 222.0 203.7 258.3
 wrfout_d04_2016-04-26_23:00:00 999.0 291.9 257.1 316.6 275.7 222.1 276.5 239.7 248.1 251.9 138.5  27.2 999.0 176.8 173.3 220.4  35.5 198.9 219.4 199.2 253.7 192.7 170.4 216.4 158.7 165.6 194.7 215.7 222.8 205.2 255.9
