 wrfout_d04_2016-11-10_00:00:00 999.0  21.1  24.8   7.1  31.5  16.4 199.3  26.5 157.6  65.9 216.9 283.3 999.0  12.3   9.6 358.6  16.0  10.3 230.8  10.9 280.0  16.1  17.3  47.4  16.8   9.2   8.7  25.3  27.6  19.2 355.3
 wrfout_d04_2016-11-10_01:00:00 999.0  18.0  15.2 358.4  26.8  14.6 230.4   8.0 204.1  63.2 244.5 304.6 999.0  14.6 336.4  12.3  25.7  10.0 246.2  16.6 280.7   9.3  16.2  46.2 358.3   4.4  40.4 348.8  69.0  19.8 327.7
 wrfout_d04_2016-11-10_02:00:00 999.0  22.3   6.5 354.4  12.3 355.5 211.1  12.7 211.7  22.3 304.5 319.3 999.0  26.4 358.6  31.4   2.5   9.1 270.0 358.5 287.6   7.0  14.8  50.4   2.2   3.1  62.8 350.0  74.0  22.5 294.4
 wrfout_d04_2016-11-10_03:00:00 999.0  19.7   3.7 355.9  13.0 342.9 140.9  14.4 162.9   9.7  53.4 354.2 999.0  16.9  10.8  40.0   8.2  13.2 299.7   9.6 291.3   7.0  16.6  54.4   0.6   2.8  65.1 351.5  78.3  29.1 294.4
 wrfout_d04_2016-11-10_04:00:00 999.0  14.5  12.5   3.1  18.4 352.8 145.8   5.6 157.0  18.6  43.1 349.8 999.0  11.1 352.8  27.1  18.5  14.1 298.7   7.2 293.3  10.6  17.4  48.0   2.2   2.8  68.8 357.1  77.0  34.1 296.9
 wrfout_d04_2016-11-10_05:00:00 999.0  18.7  13.2   3.1  23.0  11.4 100.2  14.2   6.9  22.2 216.2   5.0 999.0  18.9   0.4  29.1 351.3  19.1 267.7   5.8 291.3  10.9  12.7  42.5   1.2   0.6  61.5 359.8  73.1  36.7 299.8
 wrfout_d04_2016-11-10_06:00:00 999.0  17.8  17.8   8.3  25.5   7.6 136.1   8.5 126.3  10.3 113.5 351.8 999.0  17.3 356.4  25.0  20.6  12.1  18.0 356.4 288.3  14.5  15.6  22.6 348.7 354.8  50.2 356.1  53.5  37.1 309.5
 wrfout_d04_2016-11-10_07:00:00 999.0  12.5  26.2   7.8  32.7  18.7 199.1  10.0   6.6  18.3   8.9 348.5 999.0  18.4  10.0  17.5 300.0  13.0 332.7   2.5 287.6  15.7  14.0  22.6   2.8   5.5  38.2   2.9  38.8  32.5   9.1
 wrfout_d04_2016-11-10_08:00:00 999.0  18.2  30.8   4.9  35.0  35.1 212.4  15.9 170.9  14.4  26.4 357.4 999.0  18.9   9.2  21.5 228.1  21.1  43.6   3.8 283.4  16.4  19.5  20.0 356.1   2.3  28.2   2.6  51.9  37.9  40.5
 wrfout_d04_2016-11-10_09:00:00 999.0  18.1  26.5   7.2  36.4  10.8 218.2  15.4 164.0  30.1  33.7 346.8 999.0  21.2   2.5  32.0 208.6  18.2  99.3 357.3 251.1  18.4  19.3  19.8   5.5   7.4  25.8  12.1  34.9  38.0  52.6
 wrfout_d04_2016-11-10_10:00:00 999.0  14.1  28.8   7.5  39.1   4.5 204.4  18.2 166.1  40.7  24.6 344.4 999.0  14.9 359.6  32.4 199.3  16.6 196.7   4.4 211.8  21.7  21.0  21.8   4.3   4.7  23.5   7.7  41.3  41.0  35.4
 wrfout_d04_2016-11-10_11:00:00 999.0  12.2  30.9  10.4  39.2   5.2 206.4  13.6 179.2  41.3 167.5 283.0 999.0  27.8   1.8  28.7 198.5  21.7 200.8  14.4 194.2  25.0  18.9  32.0   2.8   4.6  29.0   5.3  32.0  36.2  38.1
 wrfout_d04_2016-11-10_12:00:00 999.0  10.0  34.8  19.1  35.7  28.1 238.9  33.6 171.8  27.7 246.1 269.3 999.0  26.7   7.8  22.0 198.9  26.8 200.5   5.1 182.2  32.7  17.9  22.9   4.8   6.5  35.1 358.7  34.8  46.4  20.8
 wrfout_d04_2016-11-10_13:00:00 999.0  13.1  40.3  23.4  37.9  22.2 247.5  25.9 112.3  36.2 267.3 285.8 999.0  15.9   5.8  18.0 191.7  15.9 203.0 359.7 177.4  15.5  14.7  33.3   4.8   6.8  35.5 353.4  32.1  45.6  27.7
 wrfout_d04_2016-11-10_14:00:00 999.0  15.0  46.9  22.1  39.9  11.8 130.8  42.9 109.3  32.4 284.6 290.1 999.0  14.1   4.7  11.8 192.6  21.1 204.6   1.5 178.5  15.1  24.5  19.7   2.6   5.9  26.9   2.9  21.2  45.9  30.1
 wrfout_d04_2016-11-10_15:00:00 999.0  23.3  51.3  20.0  41.9  18.5 116.3  44.2 111.0  34.4 266.5 262.2 999.0  16.3   5.5   8.3 192.5  19.2 205.1 359.5 186.3   8.7  25.2  34.4   0.2   3.2  26.8 357.6  19.2  43.3  15.3
 wrfout_d04_2016-11-10_16:00:00 999.0  20.1  49.0  21.9  39.1  20.9  87.6  39.2  86.5  38.9 241.0 253.2 999.0  19.3   7.2   5.3 181.8  13.5 204.3   3.4 192.2  16.5  19.6  26.4   3.3   4.0  26.3   4.5  16.4  45.8  23.7
 wrfout_d04_2016-11-10_17:00:00 999.0  24.9  53.6  20.5  41.9  29.4  55.4  44.3  45.6  37.4 271.7 249.3 999.0  22.9   8.6   8.3 173.4  17.8 203.2   2.1 198.7  11.6  21.2  23.9   2.0   4.4  14.5   9.6  16.1  44.2  36.5
 wrfout_d04_2016-11-10_18:00:00 999.0  35.1  56.9  29.3  43.9  44.0  44.2  54.0  62.3  34.3 286.9 249.8 999.0  23.5   5.7   7.9 141.5  15.2 201.6 355.2 207.0   3.5  27.5  26.6   8.7  10.7  12.7   6.9  22.3  38.7  37.9
 wrfout_d04_2016-11-10_19:00:00 999.0  38.3  60.3  30.0  46.4  54.5  55.3  47.2  64.8  32.3 294.7 255.3 999.0  19.1   6.5  10.3  91.0  21.0 198.2 357.6 202.0   5.4  26.6  28.2  14.8  17.4  10.1   6.9  26.9  39.5  28.9
 wrfout_d04_2016-11-10_20:00:00 999.0  36.4  59.7  41.6  45.2  46.7  59.9  51.7  82.1  34.9 258.9 262.8 999.0  18.0   4.3  16.1  72.1  17.0 201.2 345.5 204.0   1.3  25.5  30.1  19.9  20.8 352.9  10.3  12.7  41.1  37.6
 wrfout_d04_2016-11-10_21:00:00 999.0  38.1  62.1 137.4  47.3  67.0  59.1  59.7  76.1  37.2 204.0 276.6 999.0  19.3   2.3  14.2  69.0   7.1 194.1 326.0 202.8   2.7  22.2  30.4   0.9   5.7 356.6   5.9  17.3  33.3  53.5
 wrfout_d04_2016-11-10_22:00:00 999.0  39.6  64.9 139.3  49.6  61.5  63.4  55.6  64.6  37.4 204.2 267.8 999.0  18.7 352.4  13.8 277.1  14.1 210.4 359.3 200.2   4.7  29.4  33.1 357.5   1.5   9.7   5.5  32.6  31.0  49.3
 wrfout_d04_2016-11-10_23:00:00 999.0  42.8  68.9 175.4  54.5  74.4  64.4  53.2  83.5  40.9 216.2 264.4 999.0  27.7 350.7  14.3 150.6  15.6 210.5  19.9 205.6  12.7  37.8  33.6  22.4  20.6  17.0  14.5  34.8  32.7  34.9
