 wrfout_d04_2016-09-30_00:00:00 999.0 141.8 159.0 153.8 150.5 157.2 144.2 280.4 241.2 342.6 122.2 163.7 999.0  33.8  27.7 214.5  39.1 202.8  40.1 356.9 142.7 185.5  10.3  11.7  10.6  15.6  28.5  20.2  37.2  72.5  83.2
 wrfout_d04_2016-09-30_01:00:00 999.0 151.6 173.8 200.2 183.8 160.0 250.5 355.9 261.2  19.4 123.9 165.9 999.0  14.0 355.4 206.7  18.3 195.4  46.7   2.2 139.6 161.5  16.5  17.5  11.7  13.3  39.5 331.8  36.4  86.5  17.3
 wrfout_d04_2016-09-30_02:00:00 999.0 147.7 171.2 268.3 189.4 159.7 249.3  11.6 298.3  11.9 115.3 162.2 999.0   1.6 350.3 169.7  10.4 214.7  46.9 357.2 138.0 156.7   5.5   8.6  15.6  25.8  50.3 238.1  31.9  89.8  93.7
 wrfout_d04_2016-09-30_03:00:00 999.0 146.3 190.8 281.8 187.7 154.4  48.3   1.8 282.0  19.2 114.5 161.1 999.0   3.3 354.4 171.7 348.9 221.1  36.2 349.2 133.6 182.1 346.3  18.8   9.2  15.6  65.1 235.5  61.2  89.6  86.6
 wrfout_d04_2016-09-30_04:00:00 999.0 141.4 214.8 321.8 198.3 149.4  51.5   2.8   8.7   3.5 116.6 153.5 999.0   1.9 337.4 166.4 336.8 229.0  64.0 356.8 127.0 224.7 341.9 353.2   9.3 358.9  77.3 220.0  63.2  84.7  97.6
 wrfout_d04_2016-09-30_05:00:00 999.0 142.8 295.3 318.7 217.9 146.9 321.1   0.9 337.0 344.8 112.8 150.4 999.0 359.8 348.8 174.3 351.8 233.0 161.5 344.8 128.3 110.1 336.7 357.8  14.4 238.5  64.0 181.5  61.4  83.0  91.0
 wrfout_d04_2016-09-30_06:00:00 999.0 139.3  14.1 325.1  47.8 145.0 310.6   3.6 337.2 349.8 113.8 151.2 999.0   0.4 356.0 184.2 347.0 274.2 125.3   3.6 133.9 347.1 325.5 340.6 291.1 335.4  64.4 197.1  66.5  83.4  94.0
 wrfout_d04_2016-09-30_07:00:00 999.0 138.9   7.6 332.1 304.6 145.9 313.1  26.9 342.7   6.5 117.1 153.4 999.0   9.3   1.7 188.1 354.2 343.0  63.1  20.0 138.5 337.4 305.8 339.5 305.6 321.0  69.4 168.1  69.2  72.5  96.2
 wrfout_d04_2016-09-30_08:00:00 999.0 139.7 134.3 327.5 164.3 139.5 325.6  44.0 347.5 356.9 119.1 156.8 999.0  17.3   1.2 193.0  63.8 357.9  92.2 231.1 136.2 358.5  12.6  22.8 349.8 349.4  49.7 134.8  74.8  61.0  92.4
 wrfout_d04_2016-09-30_09:00:00 999.0 138.0 157.6 329.6 152.2 131.2 358.8  52.1 347.4  19.4 118.1 154.5 999.0  18.9   0.0 203.3 230.6 342.3 219.6   0.6 142.4 359.7  39.1   0.1  13.8  10.7  43.5 356.3  52.8  58.6  88.9
 wrfout_d04_2016-09-30_10:00:00 999.0 139.9 139.2 334.9 125.1 130.5  98.9  67.5 313.0  36.8 116.1 160.2 999.0  23.7 343.0 230.8 203.0  69.6  64.8   7.9 140.4  43.4  32.0 328.8  20.7  21.4 332.3  25.2  55.3  61.1  73.9
 wrfout_d04_2016-09-30_11:00:00 999.0 137.9 142.6 116.3 124.8 126.6 119.5  70.8 210.0  40.5 121.8 161.6 999.0  21.7   4.0 249.6 196.0  67.5  52.0  15.5 140.4  35.7  25.3 315.2  32.9  26.7 328.4  20.1  43.5  58.3  69.4
 wrfout_d04_2016-09-30_12:00:00 999.0 130.3 143.2 128.9 128.1 122.8 103.7  81.3 215.5  98.8 126.2 155.8 999.0  22.4  16.3 261.7 197.1  59.3  56.4  23.2 135.4  45.9  43.5   2.3  28.1  22.1 356.5  10.7  33.2  61.5  77.4
 wrfout_d04_2016-09-30_13:00:00 999.0 131.1 136.6 134.9 120.1 120.6 101.0 276.0 130.0 246.3 123.0 159.1 999.0  25.8  15.8 261.0  60.6  42.1  81.6  18.3 136.3  46.5  23.6   4.6  15.1   9.6   2.4 357.3  28.0  60.1  76.9
 wrfout_d04_2016-09-30_14:00:00 999.0 137.9 131.8 128.5 111.7 116.3  92.8   9.4  56.9  91.8 119.2 156.3 999.0  13.6  13.1 255.6  12.3  32.0 117.0 358.5 140.2  51.7  19.6   3.8 345.1   0.9 351.8 336.0  28.5  61.9  80.0
 wrfout_d04_2016-09-30_15:00:00 999.0 136.6 123.9 129.1 105.9 112.1  97.1  35.2  87.5  42.9 115.6 159.3 999.0  10.3   8.6 253.4 356.8  33.5 160.8   9.2 139.0  28.8  24.4   4.3   4.5  17.3   3.0  11.0  24.2  59.1  76.2
 wrfout_d04_2016-09-30_16:00:00 999.0 130.0 122.3 126.7 104.8 107.2  93.2  39.8  81.2 350.8 108.4 158.5 999.0   9.5   5.0 254.3 356.4  47.9 103.7 358.5 138.9  36.8  20.9   5.2  18.7   5.9   7.3 348.0  16.8  56.2  69.1
 wrfout_d04_2016-09-30_17:00:00 999.0 126.6 122.3 126.6 105.3 105.7  87.0  35.6  75.4 132.8 108.5 157.1 999.0  12.7 351.2 258.1 327.9  20.6 156.5 340.8 142.3  19.5   8.4  14.0 354.5  15.4   0.7 341.0  20.7  60.2  72.4
 wrfout_d04_2016-09-30_18:00:00 999.0 123.6 121.2 127.5 104.9 102.5  90.8  60.7  75.7 192.8 113.4 160.1 999.0  10.3   9.5 259.6 241.1   0.2 192.1 355.1 144.9  13.0  29.1  16.0  14.6  25.0   1.2 346.8  18.4  69.4  75.4
 wrfout_d04_2016-09-30_19:00:00 999.0 125.2 119.0 126.6 103.0 112.8  94.9  97.0  79.6 147.5 115.7 157.2 999.0  14.5 347.0 264.5 214.5   5.8 222.7   3.3 142.9  10.3  28.8  23.1  20.0  41.3  43.5 340.7  17.2  77.7  81.1
 wrfout_d04_2016-09-30_20:00:00 999.0 123.8 120.6 129.6 103.4 115.5  74.5 175.8  40.5 119.8 116.3 160.5 999.0   6.6 171.2 258.4 184.5  15.8 143.1 338.0 138.0  21.2  19.2  15.1  38.7  30.3   0.3  51.1  48.9  76.8  80.3
 wrfout_d04_2016-09-30_21:00:00 999.0 123.9 125.6 129.1 108.3  91.2  72.2 141.5  56.3 108.8 107.8 156.6 999.0  12.3 134.7 284.6 204.9   6.5 220.1 341.3 142.0  22.8  31.9   9.1 347.1   9.2   8.9 338.2   3.1  73.1  70.9
 wrfout_d04_2016-09-30_22:00:00 999.0 125.1 127.0 129.0 111.2  84.5  85.1 140.2  70.7 105.5 120.6 156.2 999.0 326.7 153.6 265.3 137.7 357.2 191.5 350.8 144.7  22.1  41.5  37.5  18.2  20.8   6.5 348.9 355.9  74.5  70.7
 wrfout_d04_2016-09-30_23:00:00 999.0 128.6 126.1 129.6 112.3 113.9  97.3 171.3  85.7 117.9 126.7 156.7 999.0 355.9  89.2 258.4 231.7 353.2 226.1 353.0 147.6  11.2  62.8  28.0  33.5  48.0  24.7  59.2  16.2  78.3  81.2
