 wrfout_d04_2016-04-11_00:00:00 999.0   6.1  40.5   8.8  34.1 343.6 103.3  40.5  24.0  38.0 151.6  14.8 999.0  19.9 352.7  30.4  16.9  35.2 220.5   3.5 250.8  19.5  27.0  25.3 177.1 161.8  37.0 249.8  76.9 335.5 323.8
 wrfout_d04_2016-04-11_01:00:00 999.0  13.2  40.2 353.7  35.7 334.5 275.6  43.3   3.1  35.9 283.1  17.1 999.0  24.1   3.9  14.4 332.0  33.6 228.7 338.4 264.4  43.8 355.5  36.9 234.0 236.6  45.9 234.9  88.7 359.9  68.3
 wrfout_d04_2016-04-11_02:00:00 999.0  12.4  35.8  33.6  36.8 324.7 283.5  41.0  56.3  36.4 101.4  24.5 999.0  15.4 340.9  20.7 264.9  31.1 228.4 277.9 267.6  27.9   2.6  29.1 314.2 306.0  57.3 239.8 124.3  16.4 307.8
 wrfout_d04_2016-04-11_03:00:00 999.0  31.8  54.8 277.9  40.7 348.4 252.9  44.6  50.3  44.2  81.7  22.4 999.0   2.5 308.1  41.1 235.1  28.7 224.7 321.2 265.4  17.6 330.5  35.5 280.9 276.1  52.5 266.2  77.8  26.8 285.4
 wrfout_d04_2016-04-11_04:00:00 999.0  46.8  68.3 238.4  50.8  15.7 201.7  30.8  82.7  35.8 100.7  30.1 999.0   7.3 357.4  46.8 248.1  25.6 260.8 321.9 234.4  18.6 346.4  24.5 288.1 292.3  58.4 261.3  89.6  36.6 273.8
 wrfout_d04_2016-04-11_05:00:00 999.0  32.4  61.9 315.9 290.4  31.8 121.5  26.6  18.8  40.3  89.3  23.2 999.0 354.3 318.1  53.2 232.8  18.3 241.4 306.6 275.1  10.2 349.1  43.7 305.4 279.6  64.1 252.5  81.3  36.1 253.2
 wrfout_d04_2016-04-11_06:00:00 999.0  32.1  69.1 315.2  62.3  14.5  81.1  37.2  85.1  44.0  77.1  37.0 999.0 358.0 306.5  36.6 242.1  19.1 241.3 310.6 259.6  16.6 339.0  43.1 270.3 258.9  49.0 265.9  84.7  46.0 244.1
 wrfout_d04_2016-04-11_07:00:00 999.0  19.7  71.5 283.3  58.2  14.2  95.4  25.7  78.6   9.1  65.2 353.0 999.0 355.8 284.1  40.7 221.4  16.0 253.9 322.7 248.5  18.6 335.8  36.8 258.9 251.1  56.5 276.0  63.2  54.1 230.6
 wrfout_d04_2016-04-11_08:00:00 999.0  41.1  76.0 239.4  58.1  36.0  98.0  28.0  83.3   9.5  75.7 332.4 999.0 353.2 280.4  17.7 228.1  16.3 243.3 329.2 251.4   3.8 335.2  44.2 296.9 289.1  47.2 279.9  58.8  57.3 210.3
 wrfout_d04_2016-04-11_09:00:00 999.0  34.9  71.5 246.6  50.6 352.9 106.1  25.7  87.9 354.8 313.9 308.4 999.0   5.5 317.3   5.0 215.8  18.3 227.3 343.4 268.4  10.7 337.5  32.7 305.4 309.3  57.2 280.6  53.2  59.3 260.1
 wrfout_d04_2016-04-11_10:00:00 999.0  30.9  71.7 300.7  53.1  18.6  86.3  24.3  76.6  19.7 244.8 291.2 999.0 357.5 345.2 350.8 220.5  20.7 217.6 348.2 249.4   5.8 355.3  20.7 329.8 328.6  52.8 288.4  66.9  64.3 185.5
 wrfout_d04_2016-04-11_11:00:00 999.0  50.8  79.3 292.8  55.4 354.2  79.2  20.4  77.6 349.9 235.6 318.9 999.0 353.7 329.3 327.9 204.9  24.2 224.6 355.7 237.5  19.3   3.8  30.9 343.0 342.6 353.2 294.6  17.7  76.1  85.2
 wrfout_d04_2016-04-11_12:00:00 999.0  53.3  79.0 242.8  54.5  95.6  78.2  27.7  56.0  36.6 257.9 271.7 999.0   2.1 303.1 139.3 225.6  33.1 221.0 359.1 246.0  29.4  14.9  18.0 348.7   0.5  23.5 299.7  42.9  80.5  75.2
 wrfout_d04_2016-04-11_13:00:00 999.0  38.2  90.9 347.4  71.7 339.5  70.0  26.0  60.9   5.4  87.3 357.9 999.0 357.2 326.2   7.2  67.3  29.4 219.4  10.0 243.1  29.5  24.5  42.3   2.9   7.1  36.5 247.4  24.5  89.7  59.4
 wrfout_d04_2016-04-11_14:00:00 999.0  46.8  86.3 219.0  67.3 346.1 106.3  28.7  72.9  15.9  25.9 347.8 999.0   9.4 348.5   2.6  28.3  32.1 222.4  28.7 236.6  29.3  17.4  22.0 356.8  16.2  20.7 272.3  19.1  96.7  63.8
 wrfout_d04_2016-04-11_15:00:00 999.0  42.2 103.3 340.0  79.3  90.3 350.0  14.8 353.0   0.9 350.4 313.3 999.0 351.6 249.0 338.7   4.1  20.8 223.3 353.3 242.5  26.9  29.4  20.0 345.2 333.8   7.9 287.1 315.7 124.9  75.9
 wrfout_d04_2016-04-11_16:00:00 999.0  55.4 119.5 296.5  88.9  41.2 229.4   6.6 212.3 346.8 170.0 339.3 999.0 353.0 287.4 255.2  34.2  19.5 217.7   9.6 241.5  12.3  24.6 355.8  17.3 355.2   7.5 235.0 336.8 213.7  71.9
 wrfout_d04_2016-04-11_17:00:00 999.0  37.2 200.9 325.7 207.4  90.3 302.3   0.8 236.5 344.1 120.6  30.2 999.0 358.3 334.5 288.0  36.0  27.5 222.3   2.8 242.3  33.1  35.5 317.3  25.0 359.0 310.7 230.7 321.0 191.2  73.1
 wrfout_d04_2016-04-11_18:00:00 999.0  37.1 210.0 304.3 270.3 239.9  70.6   5.1 228.4 346.0 187.8 186.9 999.0 359.0 332.9  86.8  42.7  20.4 214.1   4.1 254.7  27.6  29.0 302.4 319.9 332.3 319.7 246.9 255.0 200.8  93.7
 wrfout_d04_2016-04-11_19:00:00 999.0  20.5 238.5 298.6 248.2 246.7 267.8 351.3 179.7 335.7 136.4 327.6 999.0   1.8 353.5 241.8  57.1  11.8 221.2 351.0 263.0   1.4  39.0 267.2   7.3  37.5 342.0 318.1 289.7 186.2  92.6
 wrfout_d04_2016-04-11_20:00:00 999.0  48.2 239.3 287.0 262.6 233.2 241.4 312.0 244.4 329.5 194.1 272.0 999.0  18.1   3.0 237.2 251.2  19.2 218.2 359.0 248.6  31.1  29.7 298.8  14.4   5.3 271.7   7.1 288.1 199.5 100.3
 wrfout_d04_2016-04-11_21:00:00 999.0 353.8 225.5 304.5 240.0 235.3 283.1 325.0 250.4 322.6 183.8 283.9 999.0   4.3   2.5 316.0  85.6  19.6 227.3  35.1 248.3 331.0  50.2 306.6  16.8  25.6 263.5  36.8 279.8 208.5 100.8
 wrfout_d04_2016-04-11_22:00:00 999.0 332.5 246.4 304.2 263.5 275.3 317.7   9.2 245.0  15.6 177.3 254.1 999.0   1.9 335.5 284.3  59.2  23.4 216.3 350.2 245.8  16.6  62.8 257.4  29.7  38.7 241.9  48.5 295.2 208.0 124.9
 wrfout_d04_2016-04-11_23:00:00 999.0 308.8 242.1 288.5 249.3 238.1 297.0   2.5 280.0   2.8 182.7  12.3 999.0  11.4 326.6 279.3  17.5  39.9 226.5 352.1 248.4  37.7  41.1 222.8  57.6  46.0 167.7  36.5 264.3 182.1 138.1
