 wrfout_d04_2016-04-18_00:00:00 999.0 327.5 306.6 347.4 313.0 290.6 283.2  11.2 268.3   5.6  38.7 160.2 999.0 334.7 209.3 215.1 193.1 196.4 224.5 178.1 271.5 177.1 189.6 194.2 154.3 217.9 201.2 265.3 202.0 215.0 278.6
 wrfout_d04_2016-04-18_01:00:00 999.0  31.3 357.0 356.6   2.5 247.1 231.2  23.7 238.7 183.0 309.9  36.2 999.0   6.4 357.8 154.9 229.8 317.6 230.0 217.3 275.2 202.3 188.8 190.9 185.0 191.3 192.7 257.0 222.2 217.6 279.1
 wrfout_d04_2016-04-18_02:00:00 999.0  27.8 357.6  12.3   3.0 257.3 264.4  18.6 237.4 180.4 296.1  13.6 999.0  16.1 351.0 141.0 228.9 359.9 223.5 237.7 274.6 200.5 234.6 182.4 244.6 231.1 191.6 256.8 246.0 221.9 285.3
 wrfout_d04_2016-04-18_03:00:00 999.0  21.3  30.0  10.3  27.8 353.9  69.8  33.2 321.2  79.7 316.7 303.0 999.0  26.4 300.0 123.7 203.0  31.0 218.6 264.5 275.6 332.0 263.6 178.6 261.1 254.7 189.0 264.8 260.8 222.1 279.6
 wrfout_d04_2016-04-18_04:00:00 999.0  17.2  43.5  11.2  37.9 355.5 129.3  29.8 344.9  24.4 332.2  14.5 999.0   9.8 331.2  84.2 251.5  29.8 219.6 294.2 269.3  19.1 315.2 184.2 282.7 272.6 182.0 269.1 269.9 226.3 279.0
 wrfout_d04_2016-04-18_05:00:00 999.0  27.0  47.8   9.2  39.9   5.8  97.8  29.8 340.2  24.0  40.6  23.8 999.0   6.6 323.6  43.1 255.7  31.4 221.9 326.2 262.8  23.2 351.6 186.2 272.4 269.9 173.5 282.5 273.9 220.0 277.5
 wrfout_d04_2016-04-18_06:00:00 999.0  27.2  45.3   6.4  38.0  10.1 138.4  36.4 102.4  41.2   5.7  23.5 999.0  20.1 353.6  30.7 246.0  31.0 220.9 311.4 253.2  21.8 344.8 140.7 297.1 278.7 175.1 298.1 276.1 218.6 276.2
 wrfout_d04_2016-04-18_07:00:00 999.0  24.9  53.3  12.0  40.2  14.1  93.8  37.7 101.7  30.7  49.6  18.4 999.0   7.4 335.5  32.4 250.4  21.5 225.5 332.5 247.3  21.6 347.9  32.3 308.5 296.8 183.9 299.9 279.7 220.2 281.8
 wrfout_d04_2016-04-18_08:00:00 999.0  26.8  53.6 358.1  38.2  16.3  77.4  43.3 100.0  31.0  42.0  15.1 999.0  11.9 353.7  31.8 241.2  22.2 227.1 338.2 240.1  17.0 353.5  29.5 331.4 333.6  46.7 307.6 271.9 223.8 291.8
 wrfout_d04_2016-04-18_09:00:00 999.0  29.2  48.3   5.7  38.8 354.3  70.9  47.8  84.7  43.3  48.5  10.5 999.0  15.8 353.2  32.1 231.4  21.7 209.7 334.7 241.1   9.1   0.0  30.9 336.6 343.1  42.4 316.7  32.3 230.8 296.8
 wrfout_d04_2016-04-18_10:00:00 999.0  24.6  56.5  30.2  40.9 358.4  74.3  52.6  91.7  45.5  28.9   9.2 999.0  14.5 355.7  29.3 259.5  23.1 201.9 355.4 242.1   7.8   7.1  33.8 356.5 351.1  40.1 323.4  29.9 225.6 322.9
 wrfout_d04_2016-04-18_11:00:00 999.0  19.8  60.4 340.2  43.6   8.7  82.5  62.7  93.7  48.9  26.2 356.0 999.0  20.6 343.2  26.3 201.0  25.0 203.5   1.3 242.5  13.2  14.2  29.2 347.9 355.5  43.9 327.3  34.9 231.8 342.1
 wrfout_d04_2016-04-18_12:00:00 999.0  22.2  59.1 337.8  42.9  11.1 135.6  60.1  81.3  48.4  10.7 351.0 999.0  20.6   1.0  25.5 264.8  31.7 207.7   4.2 242.0  17.9   6.6  37.6 350.8 355.5  47.8 346.1  30.4  31.3  16.6
 wrfout_d04_2016-04-18_13:00:00 999.0  26.5  60.1 355.0  44.0  19.5 133.7  51.2  99.3  44.3 272.8 335.2 999.0  17.9 354.9  22.7  16.4  30.1 213.6   3.9 239.8  22.1   8.5  39.2 356.5 358.8  48.2 347.1  39.9  16.4  42.8
 wrfout_d04_2016-04-18_14:00:00 999.0  21.4  69.0 343.8  43.0  20.1  88.6  51.1  84.8  45.8 243.4 348.0 999.0  10.6 346.8  22.9  47.0  33.1 207.9 336.7 236.7  22.5  16.2  37.5 356.1 359.3  43.1   3.6  32.4  13.2  46.6
 wrfout_d04_2016-04-18_15:00:00 999.0  33.7  69.6  99.7  42.6  21.7  95.5  46.6  82.6  40.1 214.2 326.8 999.0  11.0 347.4  19.9 145.1  27.3 199.9 351.0 232.6  25.5  15.7  35.5 355.2 359.6  34.1   8.5  32.9  13.6  50.9
 wrfout_d04_2016-04-18_16:00:00 999.0  36.1  71.4 260.0  44.5  31.5 102.5  48.6  77.2  26.4 209.4 278.9 999.0  13.0 346.8  15.7 181.1  27.9 198.4   6.3 233.6  23.2  24.2  35.0 354.3   3.2  32.9   4.8  36.6  12.2  52.9
 wrfout_d04_2016-04-18_17:00:00 999.0  39.4  69.4 246.9  45.3  25.2  92.1  48.7  79.4  33.2 259.9 267.5 999.0  12.3 350.2  14.1 174.3  25.8 195.1 356.0 233.2  21.3  22.5  33.0 359.8   6.8  22.9   1.6  30.4  17.0  56.6
 wrfout_d04_2016-04-18_18:00:00 999.0  39.5  70.3 201.1  45.2  41.8  93.7  49.2  84.6  36.1 267.9 259.1 999.0  13.6 352.6  15.0 146.9  23.8 197.5 355.1 234.0  17.2  21.2  28.6 356.3 356.8  25.6 335.8  27.6  18.1  57.0
 wrfout_d04_2016-04-18_19:00:00 999.0  36.6  73.7 220.7  48.9  46.9  83.9  52.0  85.4  35.1 258.3 258.8 999.0  14.7 349.4   4.8 140.4  23.7 199.5 355.5 231.9  16.5  19.0  34.1 355.6   1.8  17.4 342.2  24.6  20.7  54.6
 wrfout_d04_2016-04-18_20:00:00 999.0  41.6  75.5 205.4  52.0  49.4  91.7  49.1  83.1  31.7 264.3 262.9 999.0  15.0 347.5 356.8 153.3  24.5 203.1 349.5 230.7  15.9  21.0  38.0 354.5   1.9  18.4 357.9  28.8  31.4  53.8
 wrfout_d04_2016-04-18_21:00:00 999.0  47.9  76.4 201.6  54.5  74.4  89.6  47.2  77.8  33.7 263.6 267.3 999.0  11.4 342.3 356.8 174.8  22.9 198.5 353.9 226.5  17.3  28.7  41.8 354.6   1.4  21.1 356.7  24.7  30.3  53.6
 wrfout_d04_2016-04-18_22:00:00 999.0  52.9  78.7 182.5  59.3  48.9  81.7  48.8  73.3  39.7 280.6 273.6 999.0   8.2 336.3 354.6 182.2  20.4 192.8 359.7 224.7  15.1  25.2  44.2 356.8   2.9  16.6 357.3  21.7  23.1  53.9
 wrfout_d04_2016-04-18_23:00:00 999.0  56.4  77.2 141.2  57.7  43.1  77.3  49.2  72.3  45.8 270.8 273.8 999.0   6.3 338.1 353.3 221.5  22.5 208.4 354.9 240.6  12.9  19.4  40.0 358.8   5.4  21.1 349.9  23.3  24.4  54.3
