 wrfout_d04_2016-02-12_00:00:00 999.0 345.2 243.1 171.9 289.2 114.4 218.4 103.2 348.2 114.6 346.9 339.6 999.0 247.6 178.6 219.3 198.3 180.6 215.3 186.1 222.9 174.1 174.2 223.8 172.4 174.0 205.7 159.1 249.8 164.5 134.0
 wrfout_d04_2016-02-12_01:00:00 999.0 210.6 219.8 156.2 225.7 224.9 136.8 339.0  67.2 234.3   5.1 334.9 999.0 201.0 200.1 216.6 207.6 203.5 221.2 187.9 221.5 180.3 168.4 200.1 166.8 167.8 189.3 158.5 164.1 160.2 138.4
 wrfout_d04_2016-02-12_02:00:00 999.0 203.7 218.1 160.7 221.0 193.6 252.6 249.7 115.9 237.3 116.3  77.6 999.0 203.3 211.0 185.7 220.8 199.1 224.1 191.2 222.9 186.8 176.0 189.2 168.7 178.4 199.5 160.7 160.0 162.7 141.3
 wrfout_d04_2016-02-12_03:00:00 999.0 209.4 217.4 216.4 221.1  88.5 247.5 266.1 190.3 264.0 102.2 154.6 999.0 253.7 214.2 177.8 235.2 199.4 225.8 193.2 226.4 188.9 182.6 189.5 182.2 185.4 193.6 163.8 159.6 165.5 145.2
 wrfout_d04_2016-02-12_04:00:00 999.0 220.4 241.2 304.5 231.5  47.5 212.9 234.0 170.4 260.9  83.3 156.5 999.0 243.7 208.8 174.6 240.0 206.2 225.9 191.7 228.9 193.6 186.3 191.2 191.5 186.5 194.5 168.0 157.9 167.1 149.7
 wrfout_d04_2016-02-12_05:00:00 999.0 215.1 207.7 301.5 220.1  20.1 332.1 284.5 120.7 251.5  69.9 177.8 999.0 248.4 213.8 171.7 242.6 201.9 226.0 189.6 227.1 187.3 188.1 190.1 198.0 189.4 190.7 170.6 155.5 170.1 145.7
 wrfout_d04_2016-02-12_06:00:00 999.0 164.9 219.6 304.5 210.9   3.1 352.4 234.7  83.8 249.7  62.7 175.1 999.0 250.9 232.8 170.3 249.0 201.8 224.5 186.3 224.3 189.2 188.3 194.5 199.4 189.8 196.2 171.6 157.8 168.1 148.9
 wrfout_d04_2016-02-12_07:00:00 999.0 186.0   5.3 317.3 275.9 346.4 332.7 213.5 341.1 208.4  90.0 174.5 999.0 255.7 246.8 176.3 245.9 203.4 222.7 185.5 220.2 186.6 186.7 197.6 198.6 188.5 199.5 173.5 164.1 168.8 149.5
 wrfout_d04_2016-02-12_08:00:00 999.0 187.3 353.9 321.9 297.0 348.4 315.8 215.4 329.5 219.8  82.6 174.1 999.0 255.7 260.6 178.0 242.9 198.9 217.5 183.6 214.8 183.1 185.4 199.8 197.6 188.3 200.7 171.8 166.8 173.5 150.1
 wrfout_d04_2016-02-12_09:00:00 999.0 181.4 254.2 320.7 282.3 352.9 347.4 221.7 334.9 223.2  36.6 165.5 999.0 246.8 271.1 179.9 242.6 194.2 217.0 182.7 209.8 181.8 182.0 205.8 194.4 187.3 201.6 165.6 173.6 171.2 145.3
 wrfout_d04_2016-02-12_10:00:00 999.0 183.6 187.0 356.4 213.5  80.0 341.5 222.5 329.6 224.6  37.0 174.8 999.0 225.0 280.1 186.7 226.9 189.4 200.8 181.8 208.6 180.8 177.3 208.2 188.9 180.9 201.9 164.2 193.3 170.6 140.8
 wrfout_d04_2016-02-12_11:00:00 999.0 178.7 174.6 318.7 102.2  86.3  35.3 220.5  52.1 224.5  40.9 170.0 999.0 206.8 240.7 188.4 147.9 186.4 200.6 182.1 208.3 181.2 175.1 213.5 182.9 180.5 204.8 159.6 247.6 175.8 142.3
 wrfout_d04_2016-02-12_12:00:00 999.0 186.5 163.1 356.9  54.8  30.0  54.1 215.4  38.1 250.3  35.1 164.3 999.0 200.6 210.8 192.5  96.2 186.0 201.6 182.1 207.0 177.6 174.2 211.7 168.6 177.3 212.2 156.1 275.5 173.5 145.0
 wrfout_d04_2016-02-12_13:00:00 999.0 203.0 177.4 340.8  44.8  15.0   7.2 205.6  28.2 226.3  17.9 161.9 999.0 197.1 173.2 199.0 194.7 181.4 200.9 184.2 205.4 170.5 175.2 210.2 149.0 168.5 216.8 155.4 275.6 174.5 140.9
 wrfout_d04_2016-02-12_14:00:00 999.0 212.2 147.1 359.3  83.2  64.7 342.5 217.8  79.8 195.8  29.4 158.3 999.0 192.0 190.1 215.4 197.0 175.2 199.8 187.4 204.0 165.3 173.8 217.0 143.2 154.3 219.1 155.2 271.0 172.1 138.5
 wrfout_d04_2016-02-12_15:00:00 999.0 190.7 151.8 357.8  87.0  78.3  19.8 204.5  54.5  20.6  28.0 158.3 999.0 190.0 191.0 227.4 181.9 174.6 199.8 188.4 204.1 165.1 171.2 218.5 143.1 144.3 219.6 155.8 269.2 172.2 140.7
 wrfout_d04_2016-02-12_16:00:00 999.0 209.5 173.2 266.2  84.1 356.0 296.2 265.0  24.7   2.5  24.4 148.6 999.0 188.0 198.0 247.4 191.8 175.4 200.2 186.5 204.8 166.3 167.1 215.9 148.3 148.9 220.0 154.5 270.8 174.9 138.4
 wrfout_d04_2016-02-12_17:00:00 999.0 239.3 235.7 344.6  10.1  15.5 248.7 298.2 146.5   1.5  21.8 116.3 999.0 184.2 203.5 257.1 214.9 180.0 200.4 182.3 206.0 167.1 167.8 215.1 148.6 147.8 216.0 153.2 266.5 176.2 138.7
 wrfout_d04_2016-02-12_18:00:00 999.0 237.2 242.2 338.4   9.2  39.0 258.5 340.6 181.8  24.1 225.0 109.0 999.0 186.1 202.6 272.4 246.7 185.1 201.4 181.6 208.2 171.6 166.0 209.5 148.6 144.5 212.5 156.1 262.7 177.2 141.1
 wrfout_d04_2016-02-12_19:00:00 999.0 246.3 214.5 347.3   1.4  67.6 254.0 345.7 233.7  10.8 220.9 281.2 999.0 196.9 198.8 306.7 252.5 203.8 202.4 188.0 210.9 179.5 169.9 209.0 151.0 138.7 214.8 161.0 262.5 179.2 143.5
 wrfout_d04_2016-02-12_20:00:00 999.0 248.9 223.7 344.4 253.3 102.4 266.6 273.9 238.7 239.0 226.7 251.5 999.0 197.8 226.8 331.5 234.4 216.8 203.4 194.5 213.8 194.2 176.8 209.1 149.7 136.9 217.0 168.1 264.2 180.3 150.4
 wrfout_d04_2016-02-12_21:00:00 999.0 241.9 229.6 191.9 260.6 144.0 224.2 222.4 303.1 345.7 214.7 273.2 999.0 191.6 229.4 327.1 206.6 215.6 203.8 203.3 216.7 213.0 168.1 207.7 147.0 135.5 217.5 157.6 265.2 180.0 154.7
 wrfout_d04_2016-02-12_22:00:00 999.0 245.3 229.0 149.9 265.7  61.1 268.4 205.5   0.0  46.1 223.3 310.8 999.0 187.4 226.4 340.1 210.4 210.3 204.8 203.8 219.8 211.1 166.6 212.0 148.9 131.6 218.4 160.0 264.6 181.0 159.2
 wrfout_d04_2016-02-12_23:00:00 999.0 250.4 224.1 149.4 260.4 303.0 298.7 209.0 343.9 138.9 237.0 350.2 999.0 186.8 213.7 344.7 218.3 198.0 206.9 202.9 222.8 205.8 151.4 212.4 149.1 134.0 216.5 168.6 258.6 182.8 186.1
