 wrfout_d04_2016-03-29_00:00:00 999.0 172.3 168.5 165.5 163.7 219.9 291.6 227.1  75.9 229.0  37.2 173.3 999.0   9.6 355.3 234.5 332.1  73.5 215.0  13.1 235.9  65.4  52.8 263.2  51.1  47.4 321.8  21.6  28.7  70.0  66.7
 wrfout_d04_2016-03-29_01:00:00 999.0 182.3 185.8 172.7 178.6 196.9 285.9 254.3  76.0 258.9 112.5 164.5 999.0 352.7 283.1 235.2 269.8  57.9 222.8  10.8 250.8  64.7  50.9 223.1  37.9  32.3 349.0  35.9  49.6  76.5  71.3
 wrfout_d04_2016-03-29_02:00:00 999.0 173.1 224.8 228.6 202.3 210.2 285.8 274.1  30.7 291.0 101.9 161.8 999.0 338.5 248.2 179.9 271.7  63.0 230.7 350.0 255.6  65.2  36.4 170.9  27.0  20.8 133.6  58.3  65.0  73.8  73.2
 wrfout_d04_2016-03-29_03:00:00 999.0 185.2 225.9 293.4 212.6 325.1 275.0 281.8 253.5 286.9 100.9 162.0 999.0 332.0 224.2 165.0 260.4  58.9 236.0 352.6 259.9  67.5 340.6 133.4  20.1 353.9 128.2 241.7  69.1  72.6  73.3
 wrfout_d04_2016-03-29_04:00:00 999.0 181.7 243.9 303.3 230.5 359.9 249.2 292.5 243.0 291.9 104.3 154.8 999.0 330.5 205.9 162.1 269.6  56.4 236.5 332.2 263.6  60.2 319.9 149.0   7.8 324.3 126.9 264.4  79.4  72.6  71.1
 wrfout_d04_2016-03-29_05:00:00 999.0 175.3 251.3 303.7 248.1   8.6 270.6 302.0 310.2 295.3 111.6 154.2 999.0 330.3 239.4 165.2 267.2  50.1 236.2 290.5 266.3  45.7 323.7 166.4 355.8 325.0 130.7 265.5  83.0  69.4  73.7
 wrfout_d04_2016-03-29_06:00:00 999.0 174.0 249.9 308.9 246.8  11.4 320.9 312.0 349.1 294.3 111.4 154.0 999.0 324.9 270.0 165.7 268.4  40.4 239.6 286.7 266.0  37.8 330.6 169.9 351.8 285.1 135.3 258.6  75.6  75.0  79.0
 wrfout_d04_2016-03-29_07:00:00 999.0 177.3 277.2 310.7 255.1  22.6 317.5 317.6 341.5 299.6 121.7 155.7 999.0 344.1 291.2 169.7 258.1  37.9 242.9 302.8 267.1  17.3 331.4 155.4 337.9 289.0 133.9 253.2  79.8  79.5  79.4
 wrfout_d04_2016-03-29_08:00:00 999.0 181.2 315.1 328.2 299.3  21.6 322.9 343.9 322.2 309.3 139.5 159.7 999.0 354.0 300.0 182.5 260.4  32.4 242.7 339.5 264.6   8.9 325.5 135.5 317.9 300.0 121.7 268.3  82.7  82.8  78.3
 wrfout_d04_2016-03-29_09:00:00 999.0 191.9   7.2 312.3 253.8  18.5 322.4   3.9 330.8 332.8 135.0 162.8 999.0   6.7 325.3 184.4 251.2  34.9 232.1 346.3 260.3 359.8 333.6 121.0 321.8 309.7 111.6 292.8  85.8  83.6  79.7
 wrfout_d04_2016-03-29_10:00:00 999.0 195.1  99.9 302.4  94.0  28.7  16.5  30.7  34.0 335.7  72.5 183.5 999.0   1.6 359.9 187.9 223.1  42.5 217.6 340.9 254.6 350.8 325.5  26.5 313.1 308.7  95.0 304.3  49.1  82.6  75.4
 wrfout_d04_2016-03-29_11:00:00 999.0 176.4 116.2 227.2  79.9  17.7  74.8  60.1  30.5  47.4   4.6 199.1 999.0 354.6  23.9 242.7 124.4  51.9 198.3 338.0 253.6   3.4 326.8 337.6 321.7 321.8   2.0 311.2 348.9  85.0  73.0
 wrfout_d04_2016-03-29_12:00:00 999.0 175.9 132.6 127.9 104.1 333.4  73.9  63.0  44.9   0.0 359.6 186.0 999.0 357.8 351.5 264.3  82.8  42.8 190.0 334.9 252.3  23.8 334.6 333.6 330.9 331.1 322.6 329.6 355.8  86.0  75.5
 wrfout_d04_2016-03-29_13:00:00 999.0 176.9 143.4 128.0 110.1 322.7  74.5  56.7  36.4  23.6 356.3 194.0 999.0 347.6 346.0 263.0  86.1  52.2 183.5 353.3 252.7  34.8 357.5 318.0  23.8  18.6 336.7 339.6 350.4  97.1  73.9
 wrfout_d04_2016-03-29_14:00:00 999.0 174.4 156.3 124.0 118.2 280.6  59.1  74.8  39.8 121.1   4.7 194.4 999.0  11.0 303.1 257.4  91.0  54.5 188.1 357.5 252.5  31.6  49.6 320.8  22.8  18.0 331.5   0.4 346.2  96.7  73.5
 wrfout_d04_2016-03-29_15:00:00 999.0 173.3 159.6 121.8 117.1 164.4  83.8  50.1 313.2 304.4   5.1 206.5 999.0 347.1 356.0 255.7  92.0  44.6 190.1   7.1 252.4  34.7  52.7 313.8  40.6  41.3 326.5  28.1 342.4  97.0  77.4
 wrfout_d04_2016-03-29_16:00:00 999.0 168.9 162.7 119.0 116.7 161.5  67.0  10.8 307.6  10.4   4.1 215.8 999.0 358.0 315.3 253.2  95.0  33.8 187.1   6.7 252.1  52.6  44.3 296.8  26.3  24.1 329.0  39.4 345.2  94.8  76.1
 wrfout_d04_2016-03-29_17:00:00 999.0 169.6 170.8 123.3 119.8 191.3  91.5  49.2 287.5 122.3 356.0 235.7 999.0 347.1  36.2 250.2 104.2  42.6 186.3 349.2 252.1  58.9  52.7 290.3 346.5  12.5 319.7  40.4 343.1  92.5  77.2
 wrfout_d04_2016-03-29_18:00:00 999.0 176.7 172.2 131.1 122.0 222.5 113.2 112.6 216.5  95.3 347.5 274.7 999.0 351.7  95.5 260.8 117.5  46.5 185.5  35.1 251.9  48.6  50.4 287.2  44.6  50.2 331.3  37.4 337.4  92.3  73.1
 wrfout_d04_2016-03-29_19:00:00 999.0 182.2 170.4 129.6 106.7 238.4 132.8 136.6 206.8  80.2 343.0 315.3 999.0   8.9 109.3 263.3 122.3  49.2 180.1 348.2 251.3  50.8  50.6 280.8  79.3  79.2 323.2  50.6 332.3  91.3  69.9
 wrfout_d04_2016-03-29_20:00:00 999.0 183.5 199.5 144.5 106.8 237.3 322.8 132.7 207.1 104.1 344.8 327.1 999.0 341.0 353.0 262.6 128.5  52.1 177.4  59.3 249.0  53.8  64.9 284.9  56.7  62.2 328.7  50.8 329.7  98.0  71.3
 wrfout_d04_2016-03-29_21:00:00 999.0 188.4 217.1 137.3  69.5 239.6  37.0 142.4 295.8  99.9 333.4 332.8 999.0 312.7 237.3 256.3 137.8  48.2 179.4  67.6 249.2  52.2  65.2 282.7  40.4 353.5 336.2  49.4 326.0  95.9  72.7
 wrfout_d04_2016-03-29_22:00:00 999.0 186.8 216.9 130.8  59.4 239.0 305.7 161.2  65.8 108.1 328.5 344.9 999.0 306.6 290.7 248.3 152.3  51.6 183.1  52.9 249.3  61.6  56.8 280.7  81.6  81.9 334.4  56.4 325.0  84.3  69.9
 wrfout_d04_2016-03-29_23:00:00 999.0 188.3 224.8 147.0 216.1 226.0  75.7 288.6  29.7 130.0  70.7 358.2 999.0  16.5 259.2 233.4 196.8  46.5 201.1 304.5 256.0  82.4  51.7 260.8  79.8 112.0 334.2  91.5 323.1  82.1  67.2
