 wrfout_d04_2016-03-24_00:00:00 999.0  19.9  43.0  18.0  37.5  17.9 108.1  45.3  76.5  44.2 304.0 295.2 999.0  20.0   8.8  32.4 267.5  25.0 227.2   5.8 248.0  19.2  15.7  20.2 349.9 358.0   6.6  36.3  17.7  29.2  61.6
 wrfout_d04_2016-03-24_01:00:00 999.0  18.5  42.9  17.8  37.3  18.1  80.8  44.2  73.2  44.0 263.5 294.8 999.0  17.7   3.3  33.3 226.7  26.1 223.2 352.1 250.7  21.1   5.3  19.0 353.0 357.3  16.3 357.3  16.2  24.8  60.6
 wrfout_d04_2016-03-24_02:00:00 999.0  17.3  42.5  19.0  37.7  18.0  80.9  42.7  71.3  44.5 323.7 300.1 999.0  18.2   2.3  35.9 221.4  28.0 224.5 354.0 259.2  23.6  11.5  23.0   0.1   1.8   5.9 346.3  16.7  25.7  59.5
 wrfout_d04_2016-03-24_03:00:00 999.0  18.0  41.4  18.8  37.6  16.8  78.1  40.6  69.4  42.4 338.9 305.4 999.0  19.0   5.0  36.9 214.7  30.7 230.2 355.6 266.8  21.8  16.0  26.4 356.4   1.6   8.7 344.7  12.3  32.9  54.7
 wrfout_d04_2016-03-24_04:00:00 999.0  17.6  39.3  20.1  36.7  18.1  67.7  41.9  62.1  44.5 343.0 300.9 999.0  18.0   1.3  34.7 211.9  29.0 229.7   2.2 275.2  21.2  13.0  27.4 359.0   0.3   3.1 352.2   8.5  22.1  55.1
 wrfout_d04_2016-03-24_05:00:00 999.0  16.9  40.2  18.7  36.8  18.3  71.8  40.4  69.5  42.4 358.7 308.6 999.0  19.5   2.4  32.6 215.6  26.3 236.0 358.5 270.7  19.6  10.8  25.4 354.1   6.4 359.2   2.3  10.4  28.1  56.2
 wrfout_d04_2016-03-24_06:00:00 999.0  16.3  40.7  21.2  37.2  17.7  65.0  42.2  69.6  42.4 358.5 308.9 999.0  19.2 359.2  29.3 198.9  22.6 230.3 355.7 251.0  18.5  14.9  25.1   1.8   4.0 358.2   7.1   9.4  29.2  59.2
 wrfout_d04_2016-03-24_07:00:00 999.0  15.7  43.9  19.5  38.2  17.1  67.6  42.5  74.5  42.2   4.7 300.1 999.0  16.8 355.5  29.3 201.5  23.4 225.5 353.1 247.6  19.2  15.0  22.6   1.2   3.2 355.5  10.4  14.4  24.5  60.6
 wrfout_d04_2016-03-24_08:00:00 999.0  15.6  43.5  17.2  38.2  19.0  71.3  43.4  72.8  40.8   3.9 291.9 999.0  20.9   0.2  29.3 206.1  24.7 226.3 355.7 247.4  20.3  14.0  22.2   4.9   6.9 356.2  12.0  12.3  32.7  58.4
 wrfout_d04_2016-03-24_09:00:00 999.0  15.0  42.2  17.8  37.3  17.9  72.0  43.7  68.5  39.9 298.0 289.9 999.0  21.2   1.7  29.3 198.8  25.3 230.4 360.0 252.0  21.1  16.5  19.4   4.0   7.0 352.4 345.3  12.0  23.8  54.8
 wrfout_d04_2016-03-24_10:00:00 999.0  14.4  44.4  18.0  38.4  16.5  78.6  45.9  78.2  43.0 266.2 282.0 999.0  19.0   1.9  26.1 203.8  25.1 231.2 359.2 258.0  21.1  16.0  17.4   5.0   8.2 349.3  15.4   9.9  25.9  54.4
 wrfout_d04_2016-03-24_11:00:00 999.0  14.6  43.5  19.1  37.6  17.6  80.7  47.1  76.9  42.4 266.5 279.7 999.0  16.1   1.1  22.8 173.1  24.9 240.2   1.0 261.9  21.5  13.7  17.8   4.3  10.0 345.8   4.7  15.4  27.6  57.1
 wrfout_d04_2016-03-24_12:00:00 999.0  13.3  43.8  19.5  37.9  18.5  96.0  48.3  76.2  44.9 259.2 277.5 999.0  14.8   1.2  21.1 203.8  25.2 247.8 358.5 269.1  19.9  16.5  17.3 351.8 359.8 350.1 346.7   8.5  31.2  54.7
 wrfout_d04_2016-03-24_13:00:00 999.0  14.1  43.8  21.4  38.0  21.1  65.7  47.9  67.9  43.2 256.6 274.0 999.0  12.9 358.8  20.6 203.7  25.6 250.6 354.1 273.8  20.5  17.1  16.7 359.5   2.1 352.5   5.8  12.7  30.0  53.3
 wrfout_d04_2016-03-24_14:00:00 999.0  14.4  46.6  25.1  39.6  20.9  99.1  46.1  77.0  45.3 261.5 269.2 999.0  19.6   1.2  20.1 207.2  23.8 248.6   4.7 275.2  20.2  18.4  16.8 356.6   6.7 351.5   2.6  13.5  31.5  54.7
 wrfout_d04_2016-03-24_15:00:00 999.0  13.4  47.6  17.3  40.6  20.5  80.4  45.0  74.8  43.5 259.1 268.5 999.0  20.5   2.6  19.5 241.9  22.2 232.6   4.7 271.8  18.8  17.0  15.9   5.8   7.5 352.9   1.8   7.7  29.2  52.6
 wrfout_d04_2016-03-24_16:00:00 999.0  13.0  44.6  17.5  39.5  17.6 269.9  40.1  59.8  39.2 256.2 269.3 999.0  20.0   1.6  16.9 197.2  20.8 231.0   1.0 267.0  18.4  16.7  16.6   3.0   3.1 349.6 356.6   1.8  28.3  55.6
 wrfout_d04_2016-03-24_17:00:00 999.0  15.8  40.0  11.6  38.2  14.3 272.8  36.1  51.4  39.6 254.9 270.8 999.0  21.7   7.7  14.3 202.3  21.0 228.2   0.0 272.4  17.0  11.9  14.8   2.6   5.0 350.9   6.2   2.9  29.1  57.7
 wrfout_d04_2016-03-24_18:00:00 999.0  14.3  37.5   7.7  37.1  11.3 252.2  34.5 358.4  37.5 243.6 272.9 999.0  22.3   7.0  11.3  44.7  21.1 230.5 358.1 269.1  18.2  10.8  17.3   0.2  10.3 353.2   5.2   8.2  30.1  57.2
 wrfout_d04_2016-03-24_19:00:00 999.0  12.9  34.8   3.4  37.4   9.0 247.1  32.1 175.0  34.4 247.5 274.0 999.0  20.2   6.9  13.3   4.6  20.7 230.1 359.7 268.6  17.4  10.9  14.2   8.9   8.9 352.8 358.1  13.9  27.9  56.2
 wrfout_d04_2016-03-24_20:00:00 999.0  11.6  31.4   4.8  35.9   6.8 235.1  27.8 165.7  29.3 247.3 275.6 999.0  18.6   2.5  15.3 239.1  19.6 232.4 358.4 268.3  14.1  15.8  15.9   2.7   3.7 354.6 352.9   3.6  32.3  48.9
 wrfout_d04_2016-03-24_21:00:00 999.0  11.6  31.3   6.5  37.4   5.1 216.4  28.8 175.6  29.3 249.5 278.8 999.0  18.3   4.3  19.9 210.4  20.1 223.4   5.6 260.0  15.9  20.7  17.4 353.3 352.6 354.6   2.3   6.2  33.7  50.4
 wrfout_d04_2016-03-24_22:00:00 999.0  11.5  35.0   8.6  39.9   7.6 209.8  30.3 189.6  30.7 235.3 277.1 999.0  20.4   6.8  19.7 195.4  24.7 223.3   7.7 258.2  17.1  20.3  19.7   7.2   6.7 354.5 359.9   7.0  27.3  40.5
 wrfout_d04_2016-03-24_23:00:00 999.0  12.9  37.1   6.8  41.1  10.1 227.4  32.5 216.1  34.8 233.1 275.2 999.0  22.0   6.1  18.5 205.4  20.1 222.2   3.4 261.3  18.2  15.9  19.3   6.6   9.5 352.8 352.0   8.2  28.5  46.6
