 wrfout_d04_2016-03-04_00:00:00 999.0 148.6 108.4 315.3  88.9  11.3 315.0  46.2  39.6 323.1  11.0  16.0 999.0 357.6   9.1 254.2  33.6  26.9 205.8   2.6 205.3  19.1  20.7  29.7  15.3  15.8 354.9 329.7  11.1  80.1  67.9
 wrfout_d04_2016-03-04_01:00:00 999.0 151.2 142.9 333.2 135.8  44.4 241.2  17.3  53.3 350.3  14.6 134.4 999.0 353.2 348.5 192.8  21.1  26.2 207.3 354.7 208.6  18.1  17.0  47.4 357.5   3.7  50.1   2.0  35.4  87.2  57.7
 wrfout_d04_2016-03-04_02:00:00 999.0 138.0 140.7 330.3 134.8  42.6 180.9  13.3  85.2   0.9  76.1 120.2 999.0 359.5 341.7 114.7   1.9  24.0 217.4   2.6 206.7  16.7   6.6  39.5   1.8   5.4  61.6 347.2  43.4  76.2  67.2
 wrfout_d04_2016-03-04_03:00:00 999.0 138.0 138.4 330.6 137.9  35.5 219.5  15.6 226.1   5.1  88.2 138.6 999.0 357.1 340.2 116.2 306.2  16.3 227.0   5.1 211.3  13.6 359.3  60.6 353.1 355.0  55.6 335.2  53.2  85.6  68.2
 wrfout_d04_2016-03-04_04:00:00 999.0 136.1 138.8 329.7 146.8  82.4 293.7  15.3 184.1 359.5  95.2 140.7 999.0 357.6 336.0 106.6 265.1  11.8 231.0 355.2 214.3  12.3 356.3  64.5 355.2 356.4  64.7 302.7  40.0  86.1  69.2
 wrfout_d04_2016-03-04_05:00:00 999.0 127.7 141.5 325.8 163.6 131.2 325.1  17.2 355.9 355.3  95.6 137.4 999.0 354.6 339.9  98.6 259.8  12.1 231.7 348.8 220.3   8.0 348.5  85.8 341.0 340.8  61.8 290.3  54.3  89.6  67.6
 wrfout_d04_2016-03-04_06:00:00 999.0 131.4 123.3 319.4 169.2 135.2 314.7  18.5 358.1 351.4  95.4 144.9 999.0 352.1 341.7 109.8 257.1  10.9 233.5 335.9 222.7  12.3 348.5  70.0 323.3 323.5  73.6 291.9  56.3  88.8  85.8
 wrfout_d04_2016-03-04_07:00:00 999.0 132.6 116.9 304.4 173.9 134.5 327.1  17.3   1.4 348.7 100.1 144.8 999.0 357.9 336.3 121.9 246.2  19.8 232.8 329.9 222.8  12.3 344.9  66.7 325.5 330.4  86.9 294.2  61.8  80.5  83.1
 wrfout_d04_2016-03-04_08:00:00 999.0 130.7 157.4 283.4 169.6 137.2 338.8  11.7 351.6 347.7  88.7 143.8 999.0 354.0 337.0 128.8 248.5  22.3 226.8 335.6 221.0  10.6 344.7  58.3 331.5 330.1  80.9 295.4  62.1  92.8  78.3
 wrfout_d04_2016-03-04_09:00:00 999.0 127.9 138.2 273.8 139.4 126.8  79.3  28.4 349.3   5.0 108.7 151.4 999.0 350.2 341.6 129.7 241.3  27.5 204.3 338.1 199.8  16.0 346.7  34.2 322.8 329.2  61.1 292.2  53.5  84.1  90.3
 wrfout_d04_2016-03-04_10:00:00 999.0 129.4 123.3 134.3 102.0 107.5  93.8   6.3 222.6 351.8  85.7 152.7 999.0 357.8 344.0 202.4 206.3  25.6 214.1 343.2 186.0  11.3 350.4  26.6 304.6 317.2  52.9 306.9  42.0  86.6  91.1
 wrfout_d04_2016-03-04_11:00:00 999.0 133.7 134.9 121.9 108.6  82.9  88.9  26.7 218.3  18.0  37.1 141.8 999.0   6.4 345.6   4.1 156.7  18.8 206.7 350.9 198.5  14.8 358.8 357.8 317.9 327.7  14.0 311.2  28.8  80.1  92.8
 wrfout_d04_2016-03-04_12:00:00 999.0 127.4 136.3 115.0 100.2  91.8  75.7   4.5 217.3 269.3  87.8 145.7 999.0  10.1 352.5 324.0  89.8  13.7 212.8 347.5 195.8  10.7   8.1 328.4 350.6   2.0   1.0 337.5  12.4  79.0  89.1
 wrfout_d04_2016-03-04_13:00:00 999.0 140.4 136.4 121.2 101.3  59.9  78.1 267.6 220.1 285.5 353.9 156.2 999.0 357.0 358.4 251.6  52.7  15.6 215.7 351.9 197.8  12.1   9.8 351.6 345.3 351.2   5.1 331.1  22.2  74.8  85.6
 wrfout_d04_2016-03-04_14:00:00 999.0 135.9 140.2 121.2 105.8  34.6  85.3 227.1 226.8 143.2 329.2 339.5 999.0 355.9 358.8 246.7  72.5  11.5 204.5 352.7 196.0  20.9  13.0   4.3 344.9 355.2  42.1 357.4  27.9  69.4  85.3
 wrfout_d04_2016-03-04_15:00:00 999.0 124.7 150.7 116.5 111.5 323.5  91.3 163.3 119.8 341.2 320.6 337.4 999.0 345.6 340.2 224.3  71.5  15.3 206.2 347.5 193.1  21.3  13.9   8.5 342.1 353.5  16.1 349.3  34.3  67.7  83.6
 wrfout_d04_2016-03-04_16:00:00 999.0 127.3 149.8 155.9 108.4 312.9  91.2 214.2 273.6   8.2 321.4 310.2 999.0 347.7 288.7 238.1  20.6  23.6 216.3   8.3 189.2  25.7  16.6  15.4   1.6  11.3   7.9 355.3  28.7  66.9  77.9
 wrfout_d04_2016-03-04_17:00:00 999.0 127.3 148.2 318.1 111.6 344.1 114.4 236.4 271.5 281.9  15.0 324.3 999.0 359.5 228.4 302.6 105.5  26.5 220.3   3.1 187.2  16.6  13.3 334.4   2.9   8.6  15.5  11.7  25.7  70.7  78.8
 wrfout_d04_2016-03-04_18:00:00 999.0 129.1 142.7 289.1 108.4 318.2 237.6 228.0 249.6 286.6 253.4 345.6 999.0 355.9  96.9  22.1 149.4  14.5 223.9  12.3 181.6  23.7  23.4 283.6   8.1   9.2   2.5   8.3  29.2  78.8  76.0
 wrfout_d04_2016-03-04_19:00:00 999.0 130.1 173.0 245.8 126.8 275.1 244.1 246.5 240.2 284.9 233.5 354.6 999.0 353.6 244.7 310.3 127.8  10.1 220.0   3.4 175.6  17.4  21.6 305.3  20.3  22.7 347.4 343.0  19.9  71.6  77.6
 wrfout_d04_2016-03-04_20:00:00 999.0 140.4 186.3 288.4 183.6 216.3 290.0 241.1 238.1 290.6 117.2   1.6 999.0   5.9 288.7 193.2 149.2   8.5 219.4 350.6 190.1  13.9  22.7 289.7  12.9  21.6 346.8 350.1  11.0  67.0  69.0
 wrfout_d04_2016-03-04_21:00:00 999.0 136.3 186.4 343.2  90.2 219.5 358.7 222.7 142.2 234.3 267.4 307.2 999.0  10.9 337.0 283.4 153.0  14.1 210.5 357.3 194.6  19.5  16.5 296.7 356.4   7.4 347.6 354.4  12.7  61.0  71.5
 wrfout_d04_2016-03-04_22:00:00 999.0 130.0 181.5 321.9  98.6 183.0 323.2 217.3  47.3 220.3 259.9 274.4 999.0   3.3 310.5 310.5 154.1  20.6 209.4 359.6 198.7  20.2  15.6 302.3 358.1   8.9 334.3  14.1  12.6  63.8  76.7
 wrfout_d04_2016-03-04_23:00:00 999.0 130.3 165.5 203.4 129.0 220.8 261.6 226.7 314.2 277.1 287.2 335.5 999.0   5.6 326.7 246.6 166.1  24.7 210.8 349.9 198.1  23.8  16.3 297.7   7.6  14.7 333.2  35.4   3.5  65.2  77.8
