 wrfout_d04_2016-11-29_00:00:00 999.0  71.6  79.9  82.6  70.4  67.3  82.1  61.9  84.6  57.6 266.1  81.5 999.0  24.1  78.3   1.3 314.8  21.9 204.0 314.6 179.9   9.6  45.6  28.7  32.3  33.9  26.2 342.7  11.0  33.8  52.9
 wrfout_d04_2016-11-29_01:00:00 999.0  58.9  77.6  84.9  69.1  72.0  80.1  67.2  78.6  59.9 258.4  99.2 999.0   3.7 344.3  25.3 337.3  19.2 170.6 322.0 202.0   4.3  24.4  31.4 347.2 342.8  22.8 342.1  29.6  24.3  53.7
 wrfout_d04_2016-11-29_02:00:00 999.0  62.4  84.6  96.5  77.4  77.7  81.5  71.1  77.6  62.0 258.9 107.4 999.0 357.0 335.0  21.3 333.8  17.0 187.3 331.7 234.1   7.7 358.9  33.1 342.7 343.5  36.8 316.0  33.6  31.9  51.0
 wrfout_d04_2016-11-29_03:00:00 999.0  66.1  86.7 100.2  78.6  75.5  84.0  70.8  83.0  58.4 242.9 113.8 999.0 349.9 334.1   6.8 321.5  17.7  52.0 328.6 257.6   4.8 358.0  33.5 346.5 342.0  35.1 298.3  34.0  35.2  44.8
 wrfout_d04_2016-11-29_04:00:00 999.0  65.9  86.5 103.5  78.7  78.0  84.8  69.4  83.1  60.6 229.3 134.1 999.0 343.7 311.4  18.8 279.6  14.9  62.5 340.4 257.2   5.5 350.8  31.6 330.5 330.9  37.0 283.0  39.9  37.2  48.3
 wrfout_d04_2016-11-29_05:00:00 999.0  65.7  85.8 105.3  78.2  77.3  84.8  67.5  82.7  55.5 263.3 133.1 999.0   5.1 321.5  21.9 312.5  18.2  33.7 330.1 260.8  11.7 348.4  32.8 329.1 320.2  48.7 262.1  41.2  39.4  51.6
 wrfout_d04_2016-11-29_06:00:00 999.0  64.3  85.7 103.5  77.6  79.4  85.6  63.9  82.9  50.0 248.5 138.5 999.0  13.4 339.9   6.2 347.2  19.6 265.1 319.2 259.0  10.5 347.0  31.6 328.1 316.7  44.8 249.1  39.6  38.6  53.8
 wrfout_d04_2016-11-29_07:00:00 999.0  64.5  87.4 100.2  77.2  80.2  82.0  60.2  76.2  53.2 280.4 134.5 999.0   2.1 339.2   8.9 258.6  14.2 359.1 301.7 263.6   7.9 346.5  29.9 326.6 311.3  36.3 265.2  38.7  36.9  56.2
 wrfout_d04_2016-11-29_08:00:00 999.0  60.5  84.4 102.7  74.5  80.0  84.3  62.2  77.7  54.2 283.1 130.1 999.0   2.4 208.7  10.3 238.7  15.4  43.6 287.5 271.3  10.8 341.9  33.4 318.5 304.4  27.9 295.4  28.1  36.6  53.9
 wrfout_d04_2016-11-29_09:00:00 999.0  61.3  86.9 108.0  77.2  79.7  84.6  58.9  76.0  59.0 286.2 132.1 999.0 346.7 203.5   5.5 216.1  14.6  62.4 305.5 236.0   7.8 346.5  29.0 331.6 329.1  24.9 300.4  11.2  33.7  54.3
 wrfout_d04_2016-11-29_10:00:00 999.0  64.9  90.8 107.2  81.1  82.9  91.1  64.7  86.3  63.0 292.1 259.5 999.0 352.5 221.0   9.1 204.0  13.1  81.9 332.1 190.1   8.1 347.4  23.2 338.3 346.3  16.2 312.4  20.3  36.7  50.0
 wrfout_d04_2016-11-29_11:00:00 999.0  61.9  93.8 113.6  82.9  84.2  90.8  56.5  81.6  63.3 287.7 233.5 999.0  11.1 187.4  12.8 217.6  11.7 175.7 332.1 191.2   6.8 357.0  23.6 340.1 349.1  16.1 318.3  16.9  33.2  53.9
 wrfout_d04_2016-11-29_12:00:00 999.0  77.4  91.7 109.2  78.5  85.6  86.8  60.0  64.3  66.2 304.3 219.7 999.0 353.6 160.3  14.3 172.5  15.7 212.0 327.2 187.7   9.4 355.5  17.6 359.6   1.8  20.8 329.3  24.3  41.5  46.7
 wrfout_d04_2016-11-29_13:00:00 999.0  83.4  87.8 130.5  74.2  85.8  86.5  65.1  66.3  69.0 335.9 192.9 999.0  12.5 138.2  18.0 232.3   8.6 227.6 359.2 200.6   2.7 359.4  25.8   7.6   4.0  28.8 339.2  26.0  43.9  49.2
 wrfout_d04_2016-11-29_14:00:00 999.0  89.4  90.2 138.9  75.6  93.1  82.3  65.5  67.5  60.0 332.7 190.3 999.0   5.1 180.2 322.4 186.8   1.9 193.9 344.2 202.7   2.2 355.6  23.7   1.0   3.3  22.1   0.9  18.7  45.3  53.5
 wrfout_d04_2016-11-29_15:00:00 999.0  82.7  97.3 133.9  84.4  89.9  64.5  50.3  50.3  57.8   1.5 173.9 999.0 297.3 134.7 331.2 139.0   4.6 199.8 328.1 207.6   0.7 359.4   9.7   0.9   9.5   1.4   1.9   7.5  41.4  43.8
 wrfout_d04_2016-11-29_16:00:00 999.0  79.1  95.2 141.0  83.8 101.9  83.3  53.3  67.7  53.0 340.3 202.4 999.0   7.6 214.4 325.4 118.7   1.5 204.1 307.8 217.2   1.7   4.0   4.0 344.3 357.9   0.0  12.0   9.3  42.2  37.8
 wrfout_d04_2016-11-29_17:00:00 999.0  78.7  99.9 118.3  87.4 103.2  61.1  50.8  53.2  57.1 340.6 224.5 999.0  28.9 212.1 325.7 243.9   4.5 230.0 326.9 228.2 358.7   2.0   5.6  10.6  10.9   7.9  11.3 357.1  41.6  48.1
 wrfout_d04_2016-11-29_18:00:00 999.0  73.4 102.5 129.1  91.8  85.7  72.3  55.3  60.5  62.9 322.2 247.6 999.0 350.3 149.9 323.2 247.8   8.2 179.8 334.8 217.9   6.2 354.2   5.6 359.6 359.4 357.8  10.0   5.6  41.3   9.5
 wrfout_d04_2016-11-29_19:00:00 999.0  80.1 102.0 141.6  88.6  83.4  81.3  57.8  66.8 165.9 338.2 334.2 999.0  26.8  58.1 338.6 128.3   6.6 236.4 318.1 226.4  10.1   0.2   7.4   4.6   4.0  38.3 355.6  12.3  45.4  14.2
 wrfout_d04_2016-11-29_20:00:00 999.0  84.1  98.1 112.4  83.7  80.7  89.7  58.4  76.0 354.1 343.1 312.0 999.0  42.2 259.7 336.7 157.3  12.2 133.0 356.0 232.9  12.9   4.7  18.6 357.1 352.9  38.0   5.0   7.1  48.2   6.8
 wrfout_d04_2016-11-29_21:00:00 999.0  81.8  99.9 136.3  85.1  63.7  89.5  65.4  82.5 268.8 319.9 312.8 999.0 354.2 244.0 334.5  98.4  11.2 171.5 337.9 237.5  14.7   6.7  24.0  10.3   0.0   8.8   9.2   5.7  46.5   2.3
 wrfout_d04_2016-11-29_22:00:00 999.0  77.0  93.8 168.5  81.7  80.8  75.0  41.4  52.6  71.5 315.0 315.9 999.0  31.3  38.0 307.3  97.4  14.3 112.8  34.2 242.3  15.4  14.6  21.8 351.1 356.4  12.0  17.7   0.6  45.4   6.6
 wrfout_d04_2016-11-29_23:00:00 999.0  76.5  86.8 207.0  74.9 111.9  54.8  47.0  43.0  76.2 308.6 321.5 999.0   9.9 359.5 350.7  89.3  18.3 175.3 331.9 250.5   7.5  22.0  29.6   9.6  18.1   9.9   2.6   5.2  40.4  22.8
