 wrfout_d04_2016-04-10_00:00:00 999.0 248.4 238.4 201.2 244.8 243.0 279.5 298.4 264.1 274.3 130.9  92.8 999.0 200.7 210.6  33.8 302.5 176.9 230.3 208.1 256.7 179.1 153.6  55.4 157.4 159.9  71.4 215.2 189.1 202.6 255.1
 wrfout_d04_2016-04-10_01:00:00 999.0 245.0 242.8 270.3 246.7 236.8 266.5 296.9 251.2 262.1 106.7  79.4 999.0 223.7 234.3  44.0 265.4 193.6 233.6 228.2 258.2 178.0 174.0  64.0 169.7 200.4  86.4 221.3 215.4 207.8 246.7
 wrfout_d04_2016-04-10_02:00:00 999.0 247.5 230.8 262.4 231.3 232.6 246.5 242.2 242.6 257.3 106.6  91.4 999.0 234.8 236.6  50.3 259.6 199.3 233.9 233.7 256.0 175.3 192.1  63.1 244.8 234.7 104.4 225.2 231.9 207.0 253.3
 wrfout_d04_2016-04-10_03:00:00 999.0 266.1 238.6 286.9 238.7 303.9 258.2 265.7 253.6 261.5 111.4  87.6 999.0 243.8 225.9  47.4 251.1 196.0 230.8 226.6 250.8 175.9 236.6  78.2 242.9 231.5 114.9 225.9 244.0 206.8 262.6
 wrfout_d04_2016-04-10_04:00:00 999.0 349.8 250.7 289.6 257.2  50.8 291.7 284.0 272.0 277.1 103.7  83.0 999.0 239.6 223.7  51.7 253.8 195.3 228.5 228.3 243.9 181.7 234.5 109.3 235.9 230.5 133.0 225.6 252.5 209.9 268.9
 wrfout_d04_2016-04-10_05:00:00 999.0  10.2 257.1 288.6 274.5  51.2 308.1 255.3 270.5 263.5  94.2  72.8 999.0 233.6 216.0  41.5 243.9 197.1 229.5 235.3 238.9 189.9 227.4 144.5 235.9 229.9 136.2 228.5 258.5 212.1 269.8
 wrfout_d04_2016-04-10_06:00:00 999.0  52.2 234.4 291.1 245.6  77.8 251.8 258.3 251.9 251.3  72.9  53.1 999.0 226.5 221.9  38.8 228.9 195.5 229.4 243.9 233.3 200.9 222.0 138.0 232.1 225.3 111.5 233.5 257.4 218.6 269.5
 wrfout_d04_2016-04-10_07:00:00 999.0 118.0 255.4 331.2 261.7  50.5 245.4 329.4 251.4 271.5  73.9  36.5 999.0 226.9 215.6  42.8 262.5 203.7 223.5 269.8 231.6 197.2 214.4  89.1 233.3 225.1 113.3 235.3 256.7 222.3 268.0
 wrfout_d04_2016-04-10_08:00:00 999.0 138.2 251.9 323.7 266.8   5.8 324.6 316.4 290.0 290.0  81.4  28.2 999.0 211.8 201.1  44.8 210.5 207.8 237.9 206.5 235.3 188.8 247.3  53.6 251.2 240.1 169.1 240.5 258.4 225.6 271.3
 wrfout_d04_2016-04-10_09:00:00 999.0 160.3 241.8 330.6 265.1  62.5 327.9  98.5 302.3 249.2  72.4  18.2 999.0 194.6 187.7  34.0 318.3 178.1 231.7 228.9 242.5 189.9 217.8  48.7 275.1 273.0  90.7 253.1 234.3 229.2 271.7
 wrfout_d04_2016-04-10_10:00:00 999.0  84.2 238.1 304.7 259.7  59.6  25.5 326.1 279.2 252.7  63.6  13.9 999.0 176.8 169.3  23.8 114.3 173.1 218.9 263.1 260.7 156.5 151.5  38.8 236.0 229.8  63.4 276.3 188.6 234.5 277.2
 wrfout_d04_2016-04-10_11:00:00 999.0  50.7 234.1 289.5 251.6 104.0  63.4 320.2 336.3 315.3  94.4 304.3 999.0 172.7 167.1  28.9 305.0 168.7 194.8 179.5 258.1 163.7 159.2  47.4 182.6 205.3  68.9 284.5 170.3 239.1 278.8
 wrfout_d04_2016-04-10_12:00:00 999.0 326.6 246.3 344.0 265.6  24.7 323.1   3.5 299.4 327.5 260.3 335.7 999.0 196.3 205.2  18.0 345.5 163.9 209.1 225.2 245.2 168.4 177.6  66.1 206.0 196.2  72.2 259.5 177.0 240.4 271.7
 wrfout_d04_2016-04-10_13:00:00 999.0 338.5 254.5  12.2 267.8 349.3 301.5   2.3 310.6 356.8  24.7 339.6 999.0 190.0 231.8  20.2 264.9 163.0 219.3 251.2 249.1 162.8 185.4 272.1 232.4 200.1  59.9 249.1 192.6 238.3 267.4
 wrfout_d04_2016-04-10_14:00:00 999.0   3.9 352.7   1.2   0.4 327.7 283.8  19.4 330.1  33.5  77.2 341.6 999.0 199.7 165.4  28.5 100.5 196.9 220.3 224.5 252.2 161.6 170.8  18.2 318.9 230.4 247.3 292.3 184.6 237.0 266.4
 wrfout_d04_2016-04-10_15:00:00 999.0   4.0 356.1   9.6 357.6 347.8 303.5  35.3 288.6  16.9 166.1 117.8 999.0   7.5 318.3  32.6  82.4 210.6 222.2 153.8 257.2 169.6 151.8  13.0 235.6 216.7 209.8 308.6 186.4 238.0 276.7
 wrfout_d04_2016-04-10_16:00:00 999.0   5.2  18.5   5.3  19.0 347.5 298.1  33.7 308.0  32.5 205.5 337.4 999.0  15.9 346.9  25.9   6.3 216.2 218.7 189.0 265.3 170.7 133.0  19.2  55.1 136.1  59.5 320.6 177.5 239.9 281.9
 wrfout_d04_2016-04-10_17:00:00 999.0   8.1  13.7   6.5  22.0 343.0  87.2  32.7 279.5  21.6  92.0  25.7 999.0   6.9 346.0  23.3  25.1 200.9 219.4 196.5 259.0 184.8 154.8  17.3 169.1 223.4  35.2 335.1 181.6 243.8 284.8
 wrfout_d04_2016-04-10_18:00:00 999.0   2.8  22.0  14.1  28.0 345.5  45.4  31.3 307.2  29.5  94.8  28.0 999.0   4.7 359.6  28.5  33.2  20.0 215.1 181.0 254.3 200.8 182.7  23.8 149.1 202.4  31.6 313.7 225.1 245.4 285.1
 wrfout_d04_2016-04-10_19:00:00 999.0 356.2  17.2  19.3  22.5 342.9 145.9  45.4 286.0  33.9  55.0  13.5 999.0  17.3 337.6  24.5  34.2  20.3 215.0 175.1 248.0 221.5 178.0  27.2 171.5 196.2  13.7 299.2 321.8 246.7 286.7
 wrfout_d04_2016-04-10_20:00:00 999.0   3.0  28.8 356.0  30.0 337.1 144.7  37.1 340.8  39.8  80.3   3.2 999.0  14.0 357.6  43.2  63.9  30.3 216.2 359.7 251.1   4.1 171.4  22.2 132.3 233.2 359.2 287.0 352.3 250.6 305.0
 wrfout_d04_2016-04-10_21:00:00 999.0   6.8  25.9 355.1  26.2 341.8 246.0  44.1   6.9  37.0  85.5   7.3 999.0   4.8 350.7  37.5  49.9  32.8 203.1 349.0 247.2  14.1 188.3  29.7 211.0 210.5 357.2 289.4 356.6 252.5 321.6
 wrfout_d04_2016-04-10_22:00:00 999.0   5.0  26.8  10.4  29.3 340.6 191.6  51.4  15.7  50.6 103.0  16.4 999.0  14.8 346.1  25.3   3.7  25.4 211.1  12.2 246.1  11.3 209.0  32.6 166.8 161.5 358.6 308.7 351.8 274.4   1.6
 wrfout_d04_2016-04-10_23:00:00 999.0  10.4  28.3  17.5  29.5 342.5  82.0  44.0 338.2  56.4 134.1  14.9 999.0  15.2 344.8  41.9 177.9  36.4 207.7 345.3 255.9  18.8 311.9  32.8 138.7 172.2  32.6 307.9  62.3 340.5  57.1
