 wrfout_d04_2016-07-18_00:00:00 999.0 255.5 252.0 266.7 264.0 250.9 269.1 218.2 252.8 220.6 111.0 345.9 999.0 175.5 178.8  26.6 302.2 209.6 307.9 196.4 338.2 205.7 191.3 179.6 172.3 173.0 185.3 236.4 263.9 238.1 272.2
 wrfout_d04_2016-07-18_01:00:00 999.0 268.3 245.6 264.8 251.1  20.3 243.5 238.4 239.8 228.6 105.3  22.6 999.0 189.7 196.0  45.4 277.9 210.5 288.0 191.2 340.5 205.6 218.9 175.4 223.4 231.0 167.1 243.9 260.3 239.7 277.2
 wrfout_d04_2016-07-18_02:00:00 999.0 268.3 240.6 285.7 233.4  67.0 240.5 239.3 238.9 244.0  99.1  44.4 999.0 210.2 208.1  55.7 256.7 209.8 282.6 188.3 336.7 207.8 215.8 175.7 234.9 234.1 130.1 247.2 272.8 236.5 276.6
 wrfout_d04_2016-07-18_03:00:00 999.0 261.3 261.3 284.9 264.0  43.0 255.2 244.8 245.8 249.1  99.2  50.5 999.0 232.4 203.9  66.9 247.9 210.2 299.1 197.5 332.0 200.5 227.3 154.2 238.6 237.6 103.1 255.0 279.5 234.4 279.6
 wrfout_d04_2016-07-18_04:00:00 999.0 277.1 267.6 285.0 276.7  39.7 266.5 244.6 265.2 253.3 104.1  58.5 999.0 238.7 194.2  59.3 256.7 206.7 300.9 245.0 332.2 197.7 227.6 142.5 239.7 240.5  80.6 251.8 279.7 234.4 279.0
 wrfout_d04_2016-07-18_05:00:00 999.0 280.8 272.7 285.8 281.8  52.5 309.7 243.4 276.1 250.2  99.3  73.9 999.0 237.6 242.4  30.2 253.4 209.4 239.9 239.5 335.8 205.0 226.4 114.9 243.3 243.0  48.6 253.8 269.7 231.2 274.5
 wrfout_d04_2016-07-18_06:00:00 999.0 288.0 275.6 291.1 287.5  61.0 310.1 242.7 276.0 252.6  93.5  89.1 999.0 235.7 239.4  53.8 247.6 209.8 222.4 237.1 333.6 202.4 209.5 116.5 239.7 240.2  43.5 254.1 322.0 234.8 278.7
 wrfout_d04_2016-07-18_07:00:00 999.0 289.1 272.3 293.6 289.4  72.1 301.4 241.7 277.8 252.7 221.0 122.3 999.0 227.4 235.8  36.1 228.5 196.7 212.0 237.2 213.3 196.1 214.1  60.1 245.3 241.7  42.3 252.2  91.2 234.4 276.8
 wrfout_d04_2016-07-18_08:00:00 999.0 325.5 263.2 284.2 278.7 137.6 291.3 240.3 282.8 255.6 270.0 343.6 999.0 241.9 239.5  13.5 218.9 193.6 207.7 232.8 282.3 185.3 214.1  55.0 239.0 233.3  39.2 247.0  85.1 231.3 277.3
 wrfout_d04_2016-07-18_09:00:00 999.0 300.4 226.3 297.6 183.9 174.4 128.1 234.8  19.5 260.1 324.4 291.2 999.0 244.1 239.6  27.8 234.6 196.6 247.0 245.1 315.2 195.7 213.1  26.4 244.0 239.5  33.0 246.7  99.4 231.3 278.0
 wrfout_d04_2016-07-18_10:00:00 999.0 256.3 193.0 139.7 202.1 212.5 182.6 221.4 173.0 234.8 230.6 305.4 999.0 225.6 245.5  29.0 188.6 193.2  91.7 237.4 349.7 196.8 209.4  17.3 231.0 220.8  21.2 251.8 198.9 232.9 273.3
 wrfout_d04_2016-07-18_11:00:00 999.0 268.6 265.6 312.4 285.2 205.1  81.5 237.7 224.2 247.3   9.9 116.6 999.0 216.1 234.1  33.7 190.5 194.4 334.7 238.1 302.7 193.2 202.4  24.8 237.8 228.8  20.7 232.9 287.5 243.1 276.0
 wrfout_d04_2016-07-18_12:00:00 999.0 240.6 258.4 330.9 301.2 264.8  56.2 226.4  56.9 240.3 154.3 153.1 999.0 208.6 215.1 285.0 187.3 193.8 105.2 229.0 312.3 198.4 208.7  31.5 228.7 217.7  24.0 246.6 304.6 248.9 276.4
 wrfout_d04_2016-07-18_13:00:00 999.0 184.1 243.9 318.2 266.9  33.6 101.6 210.9  99.6 230.3 253.6 164.8 999.0 198.2 212.5 287.4 239.2 200.9 157.8 213.7 274.2 208.2 194.3  29.8 221.7 213.1   9.1 234.5 307.0 251.6 279.0
 wrfout_d04_2016-07-18_14:00:00 999.0 191.8 207.5 133.3 213.7 146.9 126.4 203.5 125.4 206.9 287.2 169.0 999.0 185.2 190.2 299.0 234.8 203.6 233.9 214.8 277.8 208.7 205.9  31.4 228.8 217.5  19.3 228.9 300.6 255.2 272.7
 wrfout_d04_2016-07-18_15:00:00 999.0 188.6 178.5 132.4 141.1 142.1 111.4 178.1 122.4 158.2 316.2 177.5 999.0 187.8 187.3 274.9 181.2 206.2 157.6 205.8 266.9 208.7 197.1  25.5 202.0 203.1   4.3 231.4 321.0 252.2 268.9
 wrfout_d04_2016-07-18_16:00:00 999.0 174.8 166.8 142.1 120.0 235.1  90.4 105.8  16.4  80.7 320.8 201.7 999.0 189.2 182.2 254.3 181.6 200.7 190.7 183.1 249.6 205.3 189.4 339.2 197.1 198.6 317.8 221.9 316.3 252.3 281.4
 wrfout_d04_2016-07-18_17:00:00 999.0 177.4 165.9 154.3 121.5 256.9  47.1  66.5  29.7 357.2 329.3 352.8 999.0 187.9 176.5 203.2 231.3 204.4 198.4 192.9 266.5 204.5 193.6 345.9 166.0 180.0 311.1 210.0 294.0 252.7 273.7
 wrfout_d04_2016-07-18_18:00:00 999.0 180.8 170.4  91.4 111.3 247.0 100.8 105.9 149.1 335.5 337.9 333.4 999.0 187.0 181.9 209.5 222.7 205.5 190.3 187.0 265.7 205.6 193.9 294.0 151.9 173.6 299.3 205.4 296.2 252.4 248.1
 wrfout_d04_2016-07-18_19:00:00 999.0 191.9 225.4  91.2 279.1 225.6 263.0 189.3 207.4 222.2 325.0 344.3 999.0 184.4 172.6 222.1 240.4 205.1 195.7 184.9 280.8 205.4 188.7 308.6 134.3 128.1 297.0 205.3 292.6 258.7 233.1
 wrfout_d04_2016-07-18_20:00:00 999.0 194.5 239.8  87.2 276.7 209.4 154.7 201.8 190.8 142.6 240.1 329.4 999.0 181.9 156.1 255.5  13.4 205.5 192.4 185.2 266.4 200.6 174.3 345.1 137.2 121.5 246.8 195.0 277.2 260.0 246.3
 wrfout_d04_2016-07-18_21:00:00 999.0 198.8 246.6  47.1 281.3 234.2 195.5 183.5 196.4 154.2 190.5   3.4 999.0 178.3 153.0 242.4  27.5 204.0 191.2 185.0 239.3 202.5 153.1 273.9 146.8 133.6 251.9 196.9 276.1 241.3 260.3
 wrfout_d04_2016-07-18_22:00:00 999.0 204.6 235.6 131.0 274.7 221.9 203.8 167.2 210.8 158.4 166.0  25.1 999.0 177.5 159.3 214.9  26.3 201.6 200.6 183.1 221.1 202.6 143.1 258.1 142.3 119.8 281.4 195.8 271.9 229.6 255.5
 wrfout_d04_2016-07-18_23:00:00 999.0 226.7 194.0 166.2 210.3 222.6 221.1 205.5 224.8 217.8 112.7  56.6 999.0 183.8 178.7 208.8  17.4 202.6 222.7 192.8 224.3 198.6 147.8 236.0 145.9 138.8 213.9 210.7 243.0 228.8 259.9
