 wrfout_d04_2016-07-12_00:00:00 999.0 174.2 228.2 156.2 304.7 315.6 144.1 197.6 318.6 210.8 294.5 181.5 999.0 186.0 177.2 190.2  76.8 187.3 209.0 178.4 200.9 188.3 167.7 204.5 172.4 172.7 206.2 194.6 198.6 201.0 204.0
 wrfout_d04_2016-07-12_01:00:00 999.0 166.9 219.6 170.0 228.3 333.5 116.4 217.8 107.3 221.1  82.9 181.1 999.0 182.5 193.2 185.1 330.4 185.6 219.0 177.8 202.1 191.2 182.5 199.6 170.2 181.9 200.5 185.2 212.4 193.8 206.7
 wrfout_d04_2016-07-12_02:00:00 999.0 160.8 234.7 139.3 243.4  22.1 105.5 216.4  94.5 219.2  68.7 175.4 999.0 176.3 180.2 178.8   6.1 191.8 222.0 179.9 198.3 182.7 182.9 198.5 179.4 179.1 188.6 183.0 217.4 197.9 205.4
 wrfout_d04_2016-07-12_03:00:00 999.0 166.4 230.2 176.0 240.9  38.2 134.3 231.9  44.2 218.2  82.2 175.0 999.0 177.4 243.8 173.2 281.7 194.3 213.5 183.3 207.7 185.7 176.3 195.3 178.2 176.5 187.8 179.8 227.1 193.6 206.9
 wrfout_d04_2016-07-12_04:00:00 999.0 159.1 230.7 194.3 241.3  20.9 339.7 231.6 253.4 236.5 114.7 176.2 999.0 186.1 180.2 174.3 272.4 188.8 215.0 177.1 202.3 193.8 179.0 196.7 181.8 181.8 184.9 183.6 217.4 193.1 209.1
 wrfout_d04_2016-07-12_05:00:00 999.0 170.2 244.5 349.6 249.7 353.0 112.2 216.0 165.5 213.7 310.9 173.8 999.0 181.9 184.0 174.2 237.1 188.8 219.8 184.4 206.5 185.6 181.8 200.8 192.2 186.7 193.1 186.4 226.8 194.4 215.6
 wrfout_d04_2016-07-12_06:00:00 999.0 166.0  11.6  41.6 354.9 143.7  77.9 232.1  71.3 226.3 149.6 282.6 999.0 186.8 191.1 178.2 251.9 188.0 216.5 178.1 202.2 182.5 180.7 197.5 194.1 190.1 187.9 187.7 227.4 197.9 220.6
 wrfout_d04_2016-07-12_07:00:00 999.0 172.9 109.8 303.0  58.7 208.5  98.4 238.7  89.2 215.7 323.5 156.9 999.0 200.6 190.7 174.6 248.6 188.8 224.1 185.4 201.9 184.0 176.8 198.5 188.1 181.8 189.1 185.8 232.8 204.4 220.8
 wrfout_d04_2016-07-12_08:00:00 999.0 185.2 222.6 206.5 202.2 199.3 152.2 248.8 130.0 232.6  45.2 156.3 999.0 207.5 208.7 177.0 251.0 188.0 233.7 180.5 201.4 178.4 173.9 201.6 185.2 180.8 186.6 188.3 226.4 213.9 223.3
 wrfout_d04_2016-07-12_09:00:00 999.0 168.2 227.8 154.9 119.3 184.9 119.9 241.0 110.7 245.6  77.5 343.0 999.0 198.5 221.5 178.4 243.9 185.9 217.3 182.5 198.5 176.5 174.3 206.8 176.4 178.2 188.4 188.4 223.0 215.1 224.7
 wrfout_d04_2016-07-12_10:00:00 999.0 190.5 197.7 150.3 164.2 127.9  62.2 232.0  61.3 226.1 291.7 359.5 999.0 199.5 192.5 183.5  16.0 182.1 208.3 179.8 196.5 180.9 164.2 209.7 173.8 167.3 189.2 179.2 210.0 211.1 228.2
 wrfout_d04_2016-07-12_11:00:00 999.0 190.3 228.1 127.5 254.1 159.6  79.2 215.8  45.0 223.6 162.0   5.9 999.0 187.5 188.9 184.6  49.9 176.4 202.8 171.9 196.7 177.1 164.1 220.7 154.6 171.0 195.3 184.2 205.1 214.7 232.5
 wrfout_d04_2016-07-12_12:00:00 999.0 185.4 220.6 134.7 243.8 340.4  69.0 223.2  47.3 222.6  23.9  37.2 999.0 180.7 187.0 184.0  51.7 178.3 201.4 176.4 197.4 174.6 165.4 218.8 139.1 159.6 200.7 178.0 222.3 215.0 227.5
 wrfout_d04_2016-07-12_13:00:00 999.0 165.3 231.8 101.0 259.8 319.0  88.2 220.0  16.5 217.3  50.4 130.6 999.0 182.4 183.1 191.5  60.7 174.5 198.3 170.8 199.3 170.9 162.3 219.9 143.0 147.2 197.5 182.5 214.8 208.9 221.3
 wrfout_d04_2016-07-12_14:00:00 999.0 166.9 242.9  78.0 290.1 353.6  76.3 211.6  26.4 206.5  11.4 326.7 999.0 185.3 175.3 192.7  59.1 174.7 199.4 173.6 198.7 174.0 159.3 221.2 146.4 136.7 199.6 179.4 220.6 210.6 217.4
 wrfout_d04_2016-07-12_15:00:00 999.0 176.4  68.9  39.1  23.4  15.2  81.1 207.4  26.0 201.6 310.8   7.4 999.0 182.2 178.4 183.7  41.3 177.1 197.4 178.8 199.1 173.8 154.9 222.1 144.0 146.1 198.2 182.1 226.3 210.2 214.5
 wrfout_d04_2016-07-12_16:00:00 999.0 176.7  66.4  43.7  42.9  12.8 280.1 196.9 160.2 182.7 343.9  24.9 999.0 183.2 175.9 184.7  55.7 178.1 196.6 176.6 200.3 174.9 154.0 225.0 152.3 145.3 197.7 175.9 220.9 211.5 212.3
 wrfout_d04_2016-07-12_17:00:00 999.0 182.3  64.1  38.2  41.5 356.5 191.0 186.1 128.9 161.7 100.7   3.9 999.0 187.9 167.7 282.8  55.2 175.2 198.5 176.8 203.0 173.9 156.6 227.1 150.2 154.9 199.0 168.7 225.8 210.6 213.7
 wrfout_d04_2016-07-12_18:00:00 999.0 181.0  63.4 111.6  36.2  16.8 106.7 171.8 258.7 100.5 256.9   4.5 999.0 187.5 182.2  16.7  56.3 175.1 198.4 177.2 202.8 178.3 160.9 226.0 148.4 151.0 198.1 173.3 228.5 212.7 218.4
 wrfout_d04_2016-07-12_19:00:00 999.0 182.7  48.5 158.7  29.7 356.1 250.5 181.6 252.1 111.2 194.9  71.9 999.0 194.0 184.4 286.4  55.3 180.3 197.2 177.7 201.7 176.8 158.8 223.5 147.2 142.4 194.8 171.8 235.7 209.5 213.7
 wrfout_d04_2016-07-12_20:00:00 999.0 182.2  36.4 200.1  14.6 355.8 307.4 192.9 217.4 123.6 141.9 342.3 999.0 192.5 184.0 225.0  27.5 176.8 198.0 181.1 201.3 179.3 150.1 223.1 148.9 141.3 192.8 169.9 234.9 210.5 213.2
 wrfout_d04_2016-07-12_21:00:00 999.0 192.0 340.3 118.6 349.2 275.6 266.2 196.6 193.2 131.7 188.7 357.9 999.0 190.4 169.3 219.1  54.5 179.6 198.1 182.4 199.4 181.3 149.2 221.8 149.9 144.0 193.2 172.1 237.9 210.7 215.3
 wrfout_d04_2016-07-12_22:00:00 999.0 197.9 293.2 127.2 300.8 249.3 133.1 197.3 171.6 179.2 220.5  12.9 999.0 188.2 161.0 210.4  40.9 178.9 199.9 179.1 199.3 185.7 150.3 221.5 142.7 141.1 193.0 178.3 226.3 210.8 215.6
 wrfout_d04_2016-07-12_23:00:00 999.0 188.0 247.6 151.6 255.4 329.0 168.1 216.8 121.7 218.0 161.1  22.0 999.0 191.7 190.3 185.9  25.6 179.7 202.4 179.2 200.0 178.8 155.1 211.4 141.0 141.7 193.8 179.1 222.7 212.1 214.2
