 wrfout_d04_2016-08-24_00:00:00 999.0  41.1  36.6 340.7  37.7 254.6  72.1  35.0  57.0  64.3 236.3 306.8 999.0 150.9 179.6  14.0 214.8  20.7  26.2 221.4  17.8   5.8 258.3  63.5 285.2 258.8  66.5 273.8 130.7   9.8  10.3
 wrfout_d04_2016-08-24_01:00:00 999.0  36.1  39.8 348.1  53.2 353.5  86.6  24.6  68.3  44.6 114.1 323.2 999.0 317.6 211.9  34.5 236.8  15.6  27.8 203.2   8.9   6.7 259.6  58.4 192.2 240.9  88.1 273.5 105.7  24.3 306.0
 wrfout_d04_2016-08-24_02:00:00 999.0  27.7  45.1 355.6  65.7  12.5  31.5  16.4  53.2  26.7 107.7  14.3 999.0 328.8 280.6  42.6 252.0   9.3  34.7 230.3   5.7   6.0 268.0  58.2 201.2 246.4  96.6 271.3 110.3  26.1 304.7
 wrfout_d04_2016-08-24_03:00:00 999.0  27.7  37.4   3.1  47.9  13.8  60.5  13.1 357.9  10.2  95.9  40.1 999.0 333.0 272.8  50.3 266.7   6.2   9.6 241.2   8.5  10.3 287.5  61.8 231.1 250.5  95.9 263.4 105.4  20.6 303.1
 wrfout_d04_2016-08-24_04:00:00 999.0  26.5  38.5   3.2  42.8  16.2  76.7  18.1  15.2  13.2  90.5  36.1 999.0 353.4 321.8  58.9 276.6  12.1  17.2 256.5   0.1   6.4 288.6  62.4 246.6 248.4  96.4 261.5 110.2  27.9 293.2
 wrfout_d04_2016-08-24_05:00:00 999.0  16.2  42.3   4.6  44.7  20.1  80.1  20.7  38.1  13.9 100.7  38.7 999.0 357.0 328.7  59.5 265.0  12.9  19.5 275.8   9.2  11.5 288.8  63.0 259.2 256.3  92.3 263.5 110.6  29.4 284.4
 wrfout_d04_2016-08-24_06:00:00 999.0  13.0  45.2   8.3  45.7  20.5  81.5  21.8  62.4  13.4  87.2  42.2 999.0 359.5 348.5  63.9 276.7  18.9  30.4 268.1  17.6   1.1 296.2  61.6 259.1 259.2  93.9 264.8 100.8  21.0 291.8
 wrfout_d04_2016-08-24_07:00:00 999.0  15.8  49.6  11.0  46.2  20.5  83.9  25.1  76.5  16.2  83.9  43.1 999.0 358.7 348.2  73.0 281.4  17.7  35.1 269.5  19.1   4.9 304.8  62.9 260.2 261.3  91.6 261.1  78.4   2.6 293.9
 wrfout_d04_2016-08-24_08:00:00 999.0  20.4  53.8  11.5  46.0  28.7  83.9  31.0  80.4  22.8  78.0  45.4 999.0   0.0 340.0  56.0 260.0  14.6  44.7 264.6  23.9   8.9 318.5  59.8 265.0 265.9  91.8 257.0  89.7 351.1 301.4
 wrfout_d04_2016-08-24_09:00:00 999.0  24.6  57.7  15.8  45.5  32.5  81.0  33.2  78.3  24.0  70.7  43.0 999.0 359.7 356.5  33.8 276.5   3.8  38.2 275.1  35.0  12.3 314.3  63.1 288.0 278.2 110.5 251.7 246.5 348.0 305.2
 wrfout_d04_2016-08-24_10:00:00 999.0  27.7  64.6  22.8  41.6  35.2  81.9  37.5  78.3  25.9  62.8  20.0 999.0   6.4 353.1  24.2  22.4  18.9  42.9 305.1  27.5  19.4 310.4  67.6 294.5 280.0  71.0 250.5 299.2 334.2 306.9
 wrfout_d04_2016-08-24_11:00:00 999.0  30.7  67.3  52.6  40.9  40.6  84.9  41.6  81.8  26.3  50.2 309.8 999.0   8.7 357.5  19.7  65.4  20.6  61.5 321.7  77.2  17.3 309.2 140.8 272.5 263.1 353.8 254.5 257.0 321.4 306.2
 wrfout_d04_2016-08-24_12:00:00 999.0  32.9  68.5  73.8  43.2  45.0  84.1  46.2  85.4  30.2 327.2 313.4 999.0   9.5 355.4   5.2 208.0  23.7 116.7 305.3 100.0  14.7 289.3 275.1 249.8 253.4  51.4 266.7 291.1 330.3 315.4
 wrfout_d04_2016-08-24_13:00:00 999.0  33.3  69.5 180.9  45.3  53.6  85.6  50.2  91.4  33.9 289.0 304.0 999.0  15.3   3.6 348.8 192.9  26.9  74.2 291.8 340.7 356.1 295.0 316.9 249.9 230.9  23.8 263.9 358.8 339.7 306.6
 wrfout_d04_2016-08-24_14:00:00 999.0  32.2  72.5 198.8  48.6  81.1  89.2  53.8  93.0  37.4 280.0 272.7 999.0   7.4  38.5   1.2 194.1  52.2 143.6 151.3 338.8  29.4 215.1 306.7 233.8 224.2 317.2 262.6 330.0 351.5 309.2
 wrfout_d04_2016-08-24_15:00:00 999.0  31.3  71.6 210.2  47.5 125.8  80.3  52.3  83.5  47.7 267.5 259.6 999.0   0.7 187.2   8.2 177.8  24.3  78.0 170.2 252.6  15.4 218.2 288.0 260.0 245.1 331.8 269.1 301.1   4.7 304.2
 wrfout_d04_2016-08-24_16:00:00 999.0  28.6  70.8 203.6  44.9 237.1  80.6  54.0  94.9  53.7 267.4 264.1 999.0 349.1 150.8   2.3 223.5  31.5  68.7 192.0 307.7  19.8 211.2 291.9 300.9 280.9 309.1 245.8 326.6 308.5 299.3
 wrfout_d04_2016-08-24_17:00:00 999.0  24.1  66.7 196.3  41.4 305.6  94.2  55.4  93.0  52.1 259.9 264.5 999.0 342.7 160.0   0.4 192.0  19.4  82.0 184.5 282.4 335.4 187.8 345.1 308.1 249.2  15.6 266.9 300.7 299.4 309.4
 wrfout_d04_2016-08-24_18:00:00 999.0  16.6  61.6 182.9  37.0 285.6 116.7  67.2 106.3  47.2 277.1 272.3 999.0 353.9 164.2 355.4 188.6   6.7  93.4 197.6 287.6 326.9 171.7 295.9 250.4 253.3  31.9 263.6 332.6 274.1 308.3
 wrfout_d04_2016-08-24_19:00:00 999.0   7.0  48.5 157.1  32.0 317.0 113.9  75.9 121.5  50.7 275.5 273.6 999.0   3.5 151.7   3.5 111.4 358.7  97.4 219.9 276.2 335.7 182.2 321.3 352.3 293.7 312.7 262.3 347.0 275.4 316.7
 wrfout_d04_2016-08-24_20:00:00 999.0   0.3  37.8 147.1  27.9 278.1 308.1  93.1 143.7  61.7 276.4 278.0 999.0 350.9 143.7   7.1  63.4   3.5 101.3 227.5 275.1 332.6 235.3 251.6 138.6 221.4 286.6 279.4 351.7 284.6 312.0
 wrfout_d04_2016-08-24_21:00:00 999.0 358.9  23.5 139.7  20.4 278.1 338.8  96.9 145.5  66.7 202.7 275.7 999.0 336.2 138.5   4.8 167.4   2.9 118.0 227.7 308.6 333.9  42.0 235.2 337.4 284.6 268.1 270.8 351.6 281.0 305.7
 wrfout_d04_2016-08-24_22:00:00 999.0 350.8  14.5 124.0  14.6 260.7 343.2 105.3 171.3  72.2 179.7 275.5 999.0 334.8 155.8   2.5 209.4   1.3 130.5 219.8 319.6 324.6   8.5 325.5 112.4  38.2 268.1 288.1 349.1 259.0 307.1
 wrfout_d04_2016-08-24_23:00:00 999.0 346.7  10.8 113.8 353.2 288.2 177.9  65.3  91.2  64.4 188.3 301.6 999.0 322.2 171.1   8.3 320.0   0.8  80.2 222.2 333.8 330.5  17.5  67.6 234.4 197.5 254.1 293.1  39.4 245.0 300.2
