 wrfout_d04_2016-11-05_00:00:00 999.0  86.7 234.0 159.5 230.3 233.9 132.2 210.6  78.3 211.2 193.6 305.0 999.0 214.3 172.7  33.1 331.4 347.6 209.2   8.6 274.9 349.5  32.2  90.1  21.1  19.3 351.5 351.9  59.9 213.0 321.1
 wrfout_d04_2016-11-05_01:00:00 999.0 130.0 235.2 206.9 218.4 118.3 237.9 227.4 301.8 242.3  98.1  22.6 999.0 285.2 219.9  33.7 354.1   4.5 231.6 338.3 278.5 348.1  34.1  50.1  20.1  17.9  63.4 332.3  88.3  82.4 318.3
 wrfout_d04_2016-11-05_02:00:00 999.0 135.2 237.9 286.7 221.4  45.4 282.2 252.0 296.4 260.8  99.6  62.8 999.0 303.8 226.9  58.1 316.9   6.3 242.8 317.3 287.3 353.3 359.6  52.5 349.1 339.0  96.5 295.8  89.1  97.3 306.1
 wrfout_d04_2016-11-05_03:00:00 999.0 135.0 269.8 307.7 227.2  50.7 221.4 261.7 200.5 264.0  99.7  81.5 999.0 305.3 240.0  69.1 285.2   4.2 264.9 301.2 294.1 356.7 328.6  50.7 331.0 301.4  85.4 280.1  88.6 125.0 297.5
 wrfout_d04_2016-11-05_04:00:00 999.0 123.0 324.4 312.4 256.9  53.8 189.4 273.1 209.4 265.0  96.5  80.7 999.0 308.0 270.1  65.1 260.5 358.5 283.9 287.6 296.9   2.2 325.5  52.1 315.4 284.1  77.9 276.7  87.5 116.9 297.1
 wrfout_d04_2016-11-05_05:00:00 999.0  82.6  25.6 326.4 336.3  59.3 327.5 280.4   3.3 259.5  99.7  78.9 999.0 324.4 295.2  55.4 259.7 358.8 317.5 288.3 299.6   3.5 328.0  51.1 308.7 278.6  60.9 277.3  83.2 117.3 292.0
 wrfout_d04_2016-11-05_06:00:00 999.0  69.3  60.5 331.3  73.3  58.9 346.9 300.2   8.8 257.0 101.9  99.1 999.0 339.8 305.5  47.6 257.9   1.4  17.7 303.2 303.0   2.6 330.5  33.0 311.6 283.9  59.6 281.2  80.9 111.1 274.2
 wrfout_d04_2016-11-05_07:00:00 999.0  56.2  78.6 338.7  81.9  68.2   7.7 352.7   0.2 300.2  95.7 117.7 999.0 349.1 314.0  46.7 254.2  12.9  42.7 310.6 302.4   8.4 338.2  29.7 322.1 303.1  59.6 288.6  73.1  83.4 258.9
 wrfout_d04_2016-11-05_08:00:00 999.0  65.6  84.2 327.5  73.9  87.1  56.5  18.8   1.6 328.2  97.9 131.1 999.0 350.6 328.5  11.3 243.0 357.0  59.7 317.7 301.1   4.1 337.8  16.9 325.9 318.1  54.5 295.1  68.5  70.4 245.4
 wrfout_d04_2016-11-05_09:00:00 999.0  70.0  86.3 129.9  65.3  96.4  67.9  34.3  11.8 349.0  87.7 138.0 999.0 352.0 335.4   4.8 229.9  19.3  84.9 328.4 286.1   6.1 343.1   5.3 331.7 327.0  57.6 296.7  43.0  62.0  18.2
 wrfout_d04_2016-11-05_10:00:00 999.0  75.9  93.3 122.0  74.6  78.4  72.2  36.2  62.4   9.8  73.0 129.3 999.0   1.7 345.9   0.3 159.0  23.1 121.5 336.6 285.9  12.5 345.0  22.8 334.6 338.3  51.4 298.7  31.9  56.5  45.6
 wrfout_d04_2016-11-05_11:00:00 999.0  78.5  95.4 117.5  74.4  68.7  74.7  18.9  69.7  33.6  48.9 115.6 999.0   2.5 353.7   1.8 118.0  26.4 133.8 342.4 289.6  18.6   1.7  23.4 347.7 350.3  12.0 297.1  44.2  68.7  46.8
 wrfout_d04_2016-11-05_12:00:00 999.0  87.7  96.4 116.3  76.6  67.7  74.8  45.4  60.8 193.7  42.0 130.5 999.0  10.3 357.9 356.5 207.7  26.7 163.0 356.7 290.2  22.7  27.5   1.2   2.6   0.2   4.0 298.9  27.5  74.4  60.7
 wrfout_d04_2016-11-05_13:00:00 999.0  92.4  98.2 116.5  79.0  69.1  73.7  56.0  58.8 152.1  66.5 198.8 999.0  11.7 352.1 358.9 178.2  23.8 191.3  10.9 289.4  21.7  42.5  17.8   8.8  14.4 353.2 320.3  12.7  77.9  83.0
 wrfout_d04_2016-11-05_14:00:00 999.0  93.4 101.1 114.4  83.0  74.4  74.0  69.4  58.0  99.5 317.7 272.4 999.0  16.6 345.8   2.8 161.0  21.0 173.8  11.5 291.3  19.6  43.7   6.8   8.1  13.2 359.8   8.4   9.3  64.3  84.2
 wrfout_d04_2016-11-05_15:00:00 999.0  92.2 100.1 115.2  83.7  81.3  72.6  86.6  58.9 102.2 288.9 272.3 999.0  21.8 343.6 359.6 159.6  21.7 161.0   9.2 290.4  19.8  35.7  24.9   5.7   5.8 340.8  18.4 353.7  37.9  81.1
 wrfout_d04_2016-11-05_16:00:00 999.0  97.3  99.5 114.4  79.6  67.0  72.2 122.3  62.3 115.6 330.2 118.4 999.0  14.8 239.4 355.0 156.2  16.9 155.3   2.8 265.8  16.5  30.8  25.4  16.8  21.2 359.6  16.1 342.2  11.0  78.2
 wrfout_d04_2016-11-05_17:00:00 999.0  95.7  98.2 118.3  80.0  82.1  70.6 138.6  60.8 107.1 314.2   2.3 999.0   4.4 152.2 353.8 165.0  13.8 168.9   3.5 255.3  14.6  34.6   5.2  16.2  18.9 352.0 355.6 340.8  53.6  61.2
 wrfout_d04_2016-11-05_18:00:00 999.0  94.0  97.0 117.6  79.6  66.4  71.0 141.7  64.1 116.4 309.1 322.1 999.0 358.8 135.2 326.2 154.6  22.4 191.6   1.9 254.2  20.3  38.2  30.8  10.6  16.5  18.6 357.5 349.4 122.3  54.5
 wrfout_d04_2016-11-05_19:00:00 999.0  95.6  98.2 119.5  82.3  75.8  71.3 143.4  64.6  99.5 316.3 303.0 999.0   0.8  86.5 323.3 155.8  28.1 192.4   6.6 250.8  14.9  41.9  18.1  26.5  22.1  12.6 357.8 349.2 152.5  43.9
 wrfout_d04_2016-11-05_20:00:00 999.0  93.6  93.2 122.8  78.3 102.8  73.2 132.4  64.9 119.4 195.4 283.8 999.0 228.9 262.4 348.5 153.6  13.8 176.2 359.3 245.6  15.2  44.0  43.7 359.0 359.7 353.7  26.7 358.6 116.6  31.7
 wrfout_d04_2016-11-05_21:00:00 999.0  94.1  92.1 126.7  76.7  80.4  73.5 133.0  65.5 112.8 300.4 288.8 999.0 235.6 210.8 352.3 161.1 349.8 177.4   9.1 230.8  16.8  36.9  17.2   1.5 358.0  17.7  12.0 342.8 119.5  32.7
 wrfout_d04_2016-11-05_22:00:00 999.0  96.8  94.7 124.9  78.4  60.7  73.4 130.8  70.9 108.7 326.2 280.6 999.0 213.1  94.8   1.8 141.2 349.1 184.7 356.4 232.5  16.6  33.8  23.4  32.4  34.7   5.2   9.6   7.1 104.9  30.2
 wrfout_d04_2016-11-05_23:00:00 999.0  95.7  95.4 123.9  80.5  87.9  76.8 112.1  69.7 108.2 330.7 294.2 999.0 191.8 145.9   6.2 108.8 353.7 190.2   8.8 244.5   5.5  40.6  22.2  42.0  42.3  19.5   7.3  11.4 128.4  21.4
