 wrfout_d04_2016-11-27_00:00:00 999.0  15.9  40.5   2.6  40.3  14.1 199.0  43.5 115.1  42.4 222.2 290.2 999.0  19.7   6.5  25.5  58.4  26.9  64.6   9.6 151.8  21.2  13.1  29.2   1.0   1.7  30.3   3.9  13.3  20.9   0.4
 wrfout_d04_2016-11-27_01:00:00 999.0  13.6  39.3   5.4  41.7  17.8 166.0  56.5 101.6  57.7 235.6 287.8 999.0   9.4  17.0  29.4 358.9  25.9 115.1  11.9 162.4  21.2  14.0  33.5 353.4   3.8  37.3  15.3  31.2  20.8   0.9
 wrfout_d04_2016-11-27_02:00:00 999.0  20.4  46.2 359.0  44.3  17.3 103.0  50.4  79.5  50.4 232.9 293.6 999.0  19.2   6.7  30.0 345.3  24.9 122.0 356.7 167.3  25.8  16.6  35.3   5.8   9.2  40.4   8.9  29.1  12.2  29.7
 wrfout_d04_2016-11-27_03:00:00 999.0  20.6  40.6  12.4  41.8  10.7 304.3  45.5  74.2  43.6 243.4 290.8 999.0  13.1   8.5  32.3  25.8  26.1 233.0   1.9 176.7  23.2  15.1  30.3   1.7  12.5  33.1   2.0  27.2  11.6  27.8
 wrfout_d04_2016-11-27_04:00:00 999.0  20.1  43.4  15.0  43.4  21.5  56.7  45.3  65.6  47.5 235.5 284.6 999.0  17.1   9.1  34.5 283.5  31.1 218.2  20.4 166.4  22.5  13.0  28.8   5.9   5.7  41.6 316.4  36.7  11.0  23.1
 wrfout_d04_2016-11-27_05:00:00 999.0  20.9  41.8   8.9  42.8  14.8  82.6  43.9  92.7  50.6 254.0 290.3 999.0  14.7  12.2  35.1  19.2  30.4 215.7  13.8 200.4  20.9  11.5  23.2  11.4  13.1  34.2 356.5  37.6  19.9  17.7
 wrfout_d04_2016-11-27_06:00:00 999.0  18.8  38.6   8.2  39.0  14.8  34.2  43.7  77.6  54.2 234.3 290.1 999.0  17.4  12.3  33.0 352.4  27.9 246.0   5.2 204.9  21.2  19.1  22.6  12.7  12.0  28.9  22.0  28.4  22.5  30.4
 wrfout_d04_2016-11-27_07:00:00 999.0  12.9  42.1   5.2  39.2  19.2  79.7  35.2  73.1  38.0 229.2 294.6 999.0  17.1   8.9  32.5 358.2  25.4 235.0   0.0 247.7  21.6  24.8  23.7   6.2   6.2  19.7  28.5  26.2  21.7  38.1
 wrfout_d04_2016-11-27_08:00:00 999.0  18.4  41.5  11.3  40.9  17.7  48.3  41.8  53.6  37.4 226.7 306.1 999.0  18.1  13.8  33.7  83.2  23.9  57.0 357.7 280.1  23.3  17.3  27.3   6.2   9.3  14.1  13.1  21.5  29.2  49.5
 wrfout_d04_2016-11-27_09:00:00 999.0  19.5  45.4  17.4  41.8  17.4  55.6  41.7  72.9  40.8 220.7 296.2 999.0  16.3   7.9  34.0 164.1  24.1  68.7   3.6 321.3  22.7  18.0  27.8   7.3   4.7  15.7 354.2  18.0  19.7  48.1
 wrfout_d04_2016-11-27_10:00:00 999.0  17.6  44.0  20.2  40.5  22.8  83.6  47.4  77.5  40.0 228.6 293.0 999.0  17.3   6.0  34.2 186.0  25.7  72.3  18.8 342.3  23.1  20.4  25.2   4.0   6.1   8.1 357.4  21.1  25.7  49.4
 wrfout_d04_2016-11-27_11:00:00 999.0  21.4  42.8  23.3  39.0  22.8  70.1  43.4  74.2  42.3 222.2 285.7 999.0  15.5   8.2  37.6 190.5  24.2  87.3   1.1  39.6  23.0  19.6  27.5   2.9   8.7  17.4   6.2  10.2  24.2  46.8
 wrfout_d04_2016-11-27_12:00:00 999.0  23.7  45.1  23.3  41.1  27.7  83.0  47.8  78.7  42.1 232.6 302.9 999.0  15.8   8.9  36.2 280.6  23.6 102.6   8.1 350.4  22.3  16.3  21.2   9.3  11.8   5.8 353.2  18.9  29.1  51.7
 wrfout_d04_2016-11-27_13:00:00 999.0  25.8  44.8  28.7  42.5  29.7  67.3  44.5  78.5  40.1 229.1 282.3 999.0  16.9  10.1  33.2 351.8  22.6 104.3   2.7 259.5  24.1  17.5  21.0   4.4   6.2   8.5 352.9  18.7  26.1  51.7
 wrfout_d04_2016-11-27_14:00:00 999.0  31.3  45.5  27.8  43.0  32.9  74.4  43.9  72.2  39.0 233.7 265.8 999.0  16.5   8.6  28.3 231.0  23.4 120.2  10.2 265.8  23.9  16.9  24.1 358.6   0.6  21.0 359.5  14.1  39.8  52.4
 wrfout_d04_2016-11-27_15:00:00 999.0  30.5  47.0  31.1  44.6  37.9  68.7  45.3  66.1  42.5 237.7 275.5 999.0  14.4  12.2  30.8 201.3  25.2  83.2 351.2  54.5  22.9  17.6  22.7   2.0   8.7  15.3 355.2  17.2  39.0  51.2
 wrfout_d04_2016-11-27_16:00:00 999.0  31.4  49.0  29.9  46.1  38.7  68.7  43.9  66.7  42.4 292.7 312.1 999.0  14.4  14.8  28.3 213.9  25.9  96.6 355.5  70.7  23.8  19.4  20.1 356.2   3.9   9.1 354.7  17.4  32.6  51.2
 wrfout_d04_2016-11-27_17:00:00 999.0  33.3  52.3  28.6  47.5  37.3  70.0  41.2  66.2  44.6  28.6 356.6 999.0  16.0   9.0  30.2 237.5  25.7 182.9 351.6 125.5  23.8  16.5  19.8   5.7   6.7  13.5 341.0  17.7  33.5  51.0
 wrfout_d04_2016-11-27_18:00:00 999.0  32.1  51.8  30.2  47.4  36.4  66.7  41.3  61.7  45.1  26.0   8.0 999.0  17.6   6.8  28.1 195.2  27.5 159.9 357.1 132.8  24.6  20.5  24.4 357.7 354.5   8.7 352.0  10.2  37.4  50.7
 wrfout_d04_2016-11-27_19:00:00 999.0  30.8  50.4  34.3  46.8  37.8  76.7  44.4  66.0  42.8  39.5 346.8 999.0  22.8  13.8  24.4 194.5  26.6 217.3   8.6 125.2  25.0  27.4  23.1  15.3  16.8  11.2 343.5  16.3  36.9  55.2
 wrfout_d04_2016-11-27_20:00:00 999.0  29.6  53.7  35.8  48.3  36.4  72.9  47.2  62.3  43.8  44.4 314.9 999.0  22.7  13.6  18.3 188.9  26.1  80.7 343.9 126.7  22.4  20.5  25.2 358.2   1.2   3.1 352.5  14.0  26.4  54.5
 wrfout_d04_2016-11-27_21:00:00 999.0  32.2  52.7  33.1  48.0  40.4  70.6  48.1  59.9  43.0  36.3   5.4 999.0  24.7   9.4  20.0 228.5  27.2 167.6  22.9 141.4  23.6  18.8  19.5   8.9  11.3  10.5 339.1   8.4  43.2  53.5
 wrfout_d04_2016-11-27_22:00:00 999.0  32.2  56.1  47.4  51.5  44.1  69.9  53.4  62.4  42.3  62.2  27.5 999.0  25.5   2.5  17.3 175.9  27.2 102.7 354.1 147.3  21.5  23.8  20.1   1.4   3.9 359.0 340.3   9.1  41.4  49.2
 wrfout_d04_2016-11-27_23:00:00 999.0  38.2  53.8  50.0  51.2  46.4  77.7  52.1  62.6  47.4  79.7  28.1 999.0  25.5  12.6  19.9 191.4  25.9 112.2 355.0 166.1  20.0  25.6  18.9   4.0  19.5   8.6 316.2   9.1  47.0  50.1
