 wrfout_d04_2016-02-11_00:00:00 999.0 148.3 160.2 116.1 133.7 324.8 223.3 222.9 199.6  58.2  68.5 158.2 999.0 356.0 180.8 197.7 238.0  61.3 201.3 358.7 205.4  17.2  33.2 265.2 334.1  16.1 306.8   9.1   6.3 133.1 104.2
 wrfout_d04_2016-02-11_01:00:00 999.0 127.5 157.0 132.1 138.9 209.2 160.7 267.5 220.1 279.8  99.6 165.7 999.0  35.2 299.1 172.2  32.7  33.1 213.5  26.6 214.7  21.9  31.7 241.9 326.8 350.7 265.7  89.7  19.1 133.4 111.9
 wrfout_d04_2016-02-11_02:00:00 999.0 140.8 164.0 129.2 153.0 149.5 198.9 262.0 238.9 291.6 107.4 156.6 999.0 349.6 282.4 212.7 349.1  40.1 221.2 359.2 214.4  42.5   6.3 181.7 318.1 331.7 268.3 139.0  15.1 130.3 110.7
 wrfout_d04_2016-02-11_03:00:00 999.0 149.3 165.0 269.4 147.8 146.1 227.9 295.1 216.5 308.1 119.5 162.2 999.0 359.7 314.2 205.9 278.7  31.6 229.3 337.5 220.4  30.4 350.6 243.2  18.4  23.4 281.8 143.7 127.8 134.8 123.9
 wrfout_d04_2016-02-11_04:00:00 999.0 146.6 165.3 297.4 156.7 162.9 236.2 268.1 249.6 321.1 128.0 157.9 999.0   0.9 339.6 168.2 285.1  36.4 233.7 334.1 220.7  63.5  17.4 221.8   9.7 359.6 281.1 155.6 141.8 135.7 116.7
 wrfout_d04_2016-02-11_05:00:00 999.0 147.7 139.0 300.6 128.5 157.9 295.5 139.9 275.6 147.6 108.2 157.7 999.0 307.3 255.2 182.2 251.9  35.7 202.9   5.3 202.5  69.5  61.1 231.6  29.8  43.0 270.1 150.3 150.4 132.3 108.5
 wrfout_d04_2016-02-11_06:00:00 999.0 147.0 159.2 315.9 141.9 278.5 304.7 230.2 227.7  67.0 123.6 171.2 999.0 201.8 231.5 192.8  15.1  54.4 233.1   6.7 208.4  73.4  36.9 262.2  66.0 201.3 292.4 154.5 147.9 139.3 113.4
 wrfout_d04_2016-02-11_07:00:00 999.0 150.3 156.5 328.3 137.0 315.2 327.1 183.6 264.8 104.3 122.5 155.2 999.0 322.0 327.7 173.4  10.2  24.5 217.1   5.5 199.2  49.7  76.2 178.5 114.9 207.0 180.6 153.6 147.4 130.6 114.2
 wrfout_d04_2016-02-11_08:00:00 999.0 146.4 156.6 159.6 136.0 347.3   7.6 123.3 119.9  55.3 127.5 147.9 999.0 325.9 299.1 179.7 354.8  26.4 220.6  38.3 195.4  46.5 339.3 249.4 221.7 209.2 178.5 156.1 126.8 133.6 113.2
 wrfout_d04_2016-02-11_09:00:00 999.0 147.3 146.8 128.8 118.1 111.7  57.8 280.8  40.4 285.5 109.5 151.6 999.0 334.4 303.5 210.1 300.5  21.5 216.5 330.6 194.6  19.6 358.1 202.4 295.0 296.2 179.3 155.5 133.8 138.4 110.1
 wrfout_d04_2016-02-11_10:00:00 999.0  91.3 157.4 312.4 131.5 273.8  22.2 283.1 310.0 326.6  80.5 152.1 999.0  26.3 354.8 204.0 225.3  51.6 203.2   4.1 200.2  15.8 347.3 238.0 325.2 331.8 214.3 161.3 125.2 137.0 109.9
 wrfout_d04_2016-02-11_11:00:00 999.0 146.5 159.7 343.3 130.8 298.7 296.8  23.0 206.9 274.3 107.6 148.0 999.0 339.2 354.5 191.7  88.0 150.5 202.5 337.4 203.0  12.0 344.8 252.1 351.2  10.6 225.6 161.7 138.3 144.3 115.3
 wrfout_d04_2016-02-11_12:00:00 999.0  30.6 160.2 309.9 127.7 278.0 272.5  23.3 240.4 333.6  61.5 170.0 999.0   4.0  31.5 196.9 193.4  95.2 200.6 329.9 202.9  89.2  11.4 229.5  11.2  10.1 255.2 156.5 204.2 152.0 116.9
 wrfout_d04_2016-02-11_13:00:00 999.0  94.0 157.1 297.6 113.1   2.3 301.3  80.7 234.1 300.9  33.0 155.9 999.0  17.2 149.6 198.1 172.0  89.0 202.1 338.5 201.0  34.4  32.0 255.7  21.5  26.7 203.2 150.9 281.8 151.9 118.2
 wrfout_d04_2016-02-11_14:00:00 999.0  81.0 176.0 330.3 144.4 197.9 292.0  79.6 259.1 147.0  33.8 129.7 999.0  17.9 334.9 230.1  88.4 100.6 205.1 351.9 202.8  79.6  47.3 246.3  13.0  25.2 245.0 154.8 287.9 151.4 119.7
 wrfout_d04_2016-02-11_15:00:00 999.0  74.2 270.4   7.9  23.1 291.4 267.1  55.9 229.4 132.0  31.0  56.6 999.0 353.7  44.0 214.2 308.3  81.5 204.3   4.4 206.3 141.6  43.4 233.4  32.7  41.1 207.0 151.6 293.0 148.6 121.9
 wrfout_d04_2016-02-11_16:00:00 999.0  61.6 115.8 326.9  88.1 190.2 203.4  76.3 212.1 236.2  18.3  93.8 999.0  40.8  64.6 181.0  54.5  95.7 204.4  52.0 203.8 161.1  61.5 250.4  48.2  41.6 190.8 151.0 310.7 149.4 118.4
 wrfout_d04_2016-02-11_17:00:00 999.0  32.1  88.3 251.2  58.3 290.0  59.8  74.0 173.4 105.8  23.9 334.9 999.0 323.3 251.0 229.1  91.1 123.2 206.3  93.8 208.1 147.9  57.5 216.8  43.2  29.8 203.7 152.6 293.5 150.6 120.3
 wrfout_d04_2016-02-11_18:00:00 999.0  24.7  88.9 245.2  51.8 268.0 114.7  89.2 166.7  46.4  27.7 345.8 999.0 319.3 228.1 236.5 130.7 117.2 208.0  90.3 213.5 151.5  82.8 218.4  54.0  40.8 228.1 154.2 285.6 147.2 124.0
 wrfout_d04_2016-02-11_19:00:00 999.0 342.2  76.3 274.5  31.6 149.7 305.4  82.4 305.1  75.1  68.3 315.0 999.0 336.6 149.2 198.7 168.0 140.6 210.0 131.0 215.5 155.6  97.6 205.7  82.8  74.4 213.5 154.6 294.5 153.3 123.6
 wrfout_d04_2016-02-11_20:00:00 999.0 341.8  44.3 344.5  30.8 344.6 131.3  87.3 167.1  75.5 190.1 237.6 999.0 319.6 191.7 243.9 172.3 136.6 210.2 142.6 217.7 153.7 102.3 235.5  93.9  96.0 221.7 154.3 306.9 160.3 123.9
 wrfout_d04_2016-02-11_21:00:00 999.0   1.1  65.6 153.6  27.0 147.4 141.6  92.7 162.1  92.4 305.2 307.4 999.0 315.0 102.6 238.2 169.1 117.2 210.3  50.6 218.8 159.4  95.7 244.5 117.6 123.1 220.0 153.5 312.3 163.5 125.5
 wrfout_d04_2016-02-11_22:00:00 999.0 355.1 350.8 163.1 359.0 174.2  22.6  88.6 312.5  91.6 281.0 338.2 999.0 340.6  53.6 234.1 157.7 161.8 210.5  53.2 220.2 165.7 146.9 239.0 140.9 142.1 233.8 156.0 303.7 165.8 125.5
 wrfout_d04_2016-02-11_23:00:00 999.0 348.5 294.0 154.6 335.3 210.6 306.1  93.8 284.2 103.6 182.0 294.2 999.0 337.9  94.8 237.1 172.3 192.8 211.1 105.0 220.7 167.2 163.3 239.9 152.7 166.2 226.6 157.8 295.2 167.3 124.7
