 wrfout_d04_2016-11-22_00:00:00 999.0  34.9  49.1  21.2  44.3  28.7 111.9  35.1  88.3  33.8 195.7 313.2 999.0  28.0 351.9 356.9  54.2  30.1 108.0  26.2 173.4  26.5  28.4  79.6  11.9  10.1 139.5   9.2 339.5 125.0  78.6
 wrfout_d04_2016-11-22_01:00:00 999.0  32.4  54.9  14.9  45.4  34.4  75.4  38.8 100.6  30.1  62.2 356.7 999.0  15.3  12.3   4.7 355.5  34.3  80.8   2.5 192.3  26.6  28.3  11.7   4.9  19.1 331.9   4.0  21.7 118.3  82.6
 wrfout_d04_2016-11-22_02:00:00 999.0  35.7  57.1  31.3  47.2  44.7  86.2  42.4  98.9  38.1  37.6 345.5 999.0   9.9   3.1  22.5 319.1  29.7  77.5 355.9 222.5  25.6  20.3  37.4 358.5   8.1   8.2 346.7  29.5  94.4  69.9
 wrfout_d04_2016-11-22_03:00:00 999.0  42.6  54.8  27.7  44.1  30.7  77.5  41.3  74.3  38.8  43.8 329.1 999.0  11.5 350.5  13.8   8.4  27.6 226.5   7.6 223.2  24.2  20.1  48.3 347.1 358.6  15.5 339.4  29.1  74.7  84.5
 wrfout_d04_2016-11-22_04:00:00 999.0  38.4  54.5  24.4  44.7  42.9  78.2  50.8  94.0  34.8  39.2 339.5 999.0  20.3   7.2  28.3  32.6  28.9  64.4  11.7 252.4  26.0  23.5  28.7   5.8   3.9 138.6 333.9  49.2  81.8  84.1
 wrfout_d04_2016-11-22_05:00:00 999.0  37.5  59.7 243.5  48.0  46.1  72.4  48.9  84.6  33.3  50.7 351.9 999.0  14.3   9.2  30.9  41.8  28.6  78.2  22.0 206.3  25.7  32.0  35.3  28.3  50.3  42.1   1.0  48.7  71.7  76.9
 wrfout_d04_2016-11-22_06:00:00 999.0  35.8  56.6  16.6  45.5  40.4  88.9  45.5 101.8  36.7  44.4 352.3 999.0  15.4   3.3  25.6 356.5  29.8  34.4 359.6 152.6  24.6  41.7  20.7 351.0   0.4   5.9   4.8  66.6  65.0  62.8
 wrfout_d04_2016-11-22_07:00:00 999.0  41.7  64.0  16.1  48.2  48.4  69.7  49.8  82.7  40.9  35.3  10.9 999.0  11.6 349.6  24.3  12.1  31.7 233.5 344.5 158.7  34.3  17.3  25.6   7.8  10.6  18.4   5.7  48.6  90.3  63.1
 wrfout_d04_2016-11-22_08:00:00 999.0  38.6  59.6  24.1  48.3  49.2  81.5  52.9  77.4  48.0  42.3 359.9 999.0  11.5 351.5  16.9  16.6  32.0 253.2 343.1 147.6  32.4  25.8  33.0   9.5 351.1  51.1 356.0  32.5  74.8  48.5
 wrfout_d04_2016-11-22_09:00:00 999.0  38.8  60.8 226.5  50.6  44.6  72.0  51.9  78.2  42.2  45.0  41.5 999.0   7.2 354.2  15.3 350.4  38.1 229.0 346.8 150.4  31.6  38.9  22.5 347.7 359.4  25.8 347.6  17.9  85.3  46.9
 wrfout_d04_2016-11-22_10:00:00 999.0  38.0  62.5 247.5  50.9  37.1  64.8  54.0  74.4  45.3  45.7  26.8 999.0  15.9  21.7  31.2 204.9  36.4 204.3 346.1 153.4  27.1  18.5  27.2   0.7  16.8  30.4   8.7  28.9  90.3  41.4
 wrfout_d04_2016-11-22_11:00:00 999.0  36.9  57.7  32.0  47.6  35.9  90.7  51.1  94.8  56.9  47.8  28.0 999.0  20.8 359.3   7.7  48.3  32.7 233.1 355.9 155.4  31.0  11.5  21.9 359.0   6.7   1.5   5.1   5.5 105.2  38.1
 wrfout_d04_2016-11-22_12:00:00 999.0  45.8  59.9   2.9  49.3  38.2  82.2  47.9  91.5  51.6  51.4  37.8 999.0  15.5 354.8  19.4   4.3  38.0 216.0 358.5 160.7  31.7  14.5  34.5 347.8   0.9  14.8   2.4  33.3 103.3  41.0
 wrfout_d04_2016-11-22_13:00:00 999.0  44.9  55.3 315.0  48.7  41.0  62.5  47.6  77.5  49.1   6.0  14.1 999.0  25.4  14.0  16.3 250.6  36.2 222.7  20.7 158.7  34.8  17.2  34.5 354.6   8.0  25.2   1.4  22.7 104.6  36.1
 wrfout_d04_2016-11-22_14:00:00 999.0  41.8  52.7 339.1  48.8  37.9  76.1  51.9  73.2  51.1  35.2   7.0 999.0  18.8   1.4  23.0 344.4  34.6 223.5 346.2 159.5  38.6  17.8  25.9   7.0  10.6  16.9 353.6  21.1 108.6  34.4
 wrfout_d04_2016-11-22_15:00:00 999.0  39.7  54.7 339.8  48.0  32.8  67.2  46.1  76.2  43.5 353.9  17.2 999.0  27.8  12.5  16.2  43.0  35.5 226.6 342.9 159.5  29.6  32.2  35.9 357.1 356.2  33.8   0.7  35.5 102.7  65.7
 wrfout_d04_2016-11-22_16:00:00 999.0  39.5  48.9 357.4  46.9  31.6   6.7  43.4  79.1  45.2  20.2  46.2 999.0  29.1   4.0  16.0  36.7  39.2 233.9   3.0 157.9  30.6  24.9  38.6  13.3   3.1  23.8 343.6  11.0 112.0  71.1
 wrfout_d04_2016-11-22_17:00:00 999.0  35.2  49.3   8.3  45.6  38.5  23.2  40.0  51.6  41.1  38.1  45.0 999.0  21.8  11.5  17.8  43.3  36.9 232.4   4.5 153.6  28.9  20.1  29.7  49.4  40.3  15.9 346.2  25.7  94.7  48.5
 wrfout_d04_2016-11-22_18:00:00 999.0  34.9  46.7  13.8  45.0  34.6  24.2  41.3  54.3  39.7  35.7  33.1 999.0  16.2  13.7  10.7  87.3  34.7 226.2  17.0 149.9  29.3  16.2  37.4 329.0 345.4  14.7  15.4  35.7  67.0  61.9
 wrfout_d04_2016-11-22_19:00:00 999.0  37.1  45.0  21.9  42.4  37.3  44.9  38.0  61.7  33.2  35.7  19.5 999.0  19.2  12.1   7.4  71.5  40.6 257.9 324.1 157.4  36.3  16.4  34.9 354.3   6.0  15.8   7.9  51.1   9.2  88.1
 wrfout_d04_2016-11-22_20:00:00 999.0  38.8  45.4  17.6  42.6  37.6  53.3  41.4  72.5  40.0  40.9  15.5 999.0  19.1  13.7 358.7  47.2  40.0 255.8 359.8 157.9  33.9  15.5  25.4   0.6  11.7  30.6 357.3  25.5   3.1  59.5
 wrfout_d04_2016-11-22_21:00:00 999.0  37.4  45.2  19.4  42.1  35.3  63.4  42.2  75.7  43.1  38.3  16.5 999.0  21.8  13.1  18.0  65.1  40.0 185.2   1.5 160.1  34.5  24.7  45.5  15.5  11.3  36.3  12.2  35.4 351.2  61.8
 wrfout_d04_2016-11-22_22:00:00 999.0  36.4  49.7  16.9  46.0  35.2  42.6  48.8  75.9  46.0  38.1  17.7 999.0  16.3   8.5  19.1 220.2  34.8 224.1  18.2 164.4  32.1  32.8  36.9  21.6  22.1  27.1 353.8  27.5 329.7  50.0
 wrfout_d04_2016-11-22_23:00:00 999.0  35.1  49.0  11.3  44.2  38.1  52.0  51.9  73.0  45.2  42.8  10.0 999.0  15.9 355.1  27.6 199.7  32.9 219.8 352.6 164.5  28.4  36.7  43.0  13.5  22.4  25.6 349.2  16.0  13.0  46.7
