 wrfout_d04_2016-02-19_00:00:00 999.0  30.9 133.7 185.5 176.3  12.3 175.9 193.4 261.9 309.1 254.4 314.0 999.0   5.3 329.7   6.1  59.9  23.2 207.0 357.0 204.8  11.4  22.2  97.1 358.7 359.9 343.8 339.8  80.9 117.0  45.0
 wrfout_d04_2016-02-19_01:00:00 999.0   7.0 260.4   6.0 224.7 356.7 320.8 322.6  17.3 270.0 223.4 330.3 999.0  20.1 331.8  44.0 349.1  20.4 216.4 350.3 197.7   7.0  18.6  91.5 352.2 358.3 175.8 339.4 146.1 120.0  71.1
 wrfout_d04_2016-02-19_02:00:00 999.0 324.7 300.4 343.4 256.3 339.1 337.3 347.6  18.0 303.7 110.5  41.1 999.0   4.2 342.3  35.8 246.9  14.5 222.8 350.4 195.2   0.9  24.5  98.1 354.6 355.3 153.2 303.9 144.7 124.5  91.2
 wrfout_d04_2016-02-19_03:00:00 999.0 313.8 275.8 324.6 247.3 322.8 293.4 357.2 264.9 321.4 104.0  61.9 999.0   3.0 324.6  43.3 246.2   8.6 229.6 345.9 204.9 357.8   2.6 150.4 334.0 334.5 161.8 292.2 150.2 125.5 101.4
 wrfout_d04_2016-02-19_04:00:00 999.0 323.1 298.8 320.1 278.2 339.7 315.5 352.6 321.2 335.1 106.4  46.4 999.0   6.7 325.9  55.7 254.8   2.4 233.7 336.1 227.0 359.2 359.2 151.1 326.7 328.8 160.1 285.8 126.9 137.1 278.5
 wrfout_d04_2016-02-19_05:00:00 999.0 320.9 301.7 323.8 281.1 343.6 321.3 352.9 317.9 344.8 105.2  53.7 999.0   5.8 328.0  74.0 255.2   3.7 236.2 332.0 241.0 356.4 348.1 159.7 324.1 328.4 171.3 288.5 130.8 146.2 288.8
 wrfout_d04_2016-02-19_06:00:00 999.0 313.2 318.3 337.6 316.3 336.9 321.7 356.3 326.9 354.3 103.3  80.2 999.0   7.5 328.4  70.1 259.5   3.5 237.9 333.9 245.0   0.0 340.8 168.2 326.0 325.4 176.0 291.1 141.3 160.8 295.8
 wrfout_d04_2016-02-19_07:00:00 999.0 321.2 330.0 350.6 334.4 328.4 314.7 357.3 326.5 355.9 122.7  78.2 999.0   6.0 336.9  49.0 261.7   5.8 240.9 335.0 244.6 355.2 340.0 177.2 328.8 333.3 185.1 296.3 132.2 169.1 301.5
 wrfout_d04_2016-02-19_08:00:00 999.0 330.7 338.0 350.1 349.2 328.3 313.3   1.2 327.4   1.7 276.5 137.8 999.0   6.3 343.7  44.4 264.1   3.9 242.6 327.1 246.2 352.4 341.3 191.3 326.2 337.8 192.8 304.9 124.1 180.0 302.1
 wrfout_d04_2016-02-19_09:00:00 999.0 332.9 347.2 351.7   4.0 320.9 312.9   8.9 327.3   1.5 304.1 343.9 999.0   8.7 345.5  24.4 258.3   9.0 242.0 337.1 252.6 350.9 346.5 207.8 333.1 342.0 194.6 313.8  97.3 197.9 298.9
 wrfout_d04_2016-02-19_10:00:00 999.0 337.2 343.5 351.8 359.9 327.0 304.5   2.5 328.2  16.3 296.6 343.1 999.0  11.3 350.8  31.0 241.3  14.4 159.5 346.2 257.2 358.6 352.5 255.4 343.1 345.1 202.2 325.1 250.1 219.6 305.2
 wrfout_d04_2016-02-19_11:00:00 999.0 338.9 335.4 348.3 350.9 319.3 307.8 359.9 329.9   6.9 305.0 337.1 999.0  13.3 356.4  26.5 189.0  16.9 171.8 355.8 260.9   8.0   3.7 272.7 348.8 351.9 211.0 347.6 339.0 227.6 311.4
 wrfout_d04_2016-02-19_12:00:00 999.0 337.6 330.8 341.1 340.7 320.0 303.9 356.0 311.6 359.1 270.5  14.1 999.0  12.7 358.2  21.2 173.8  20.3 187.4 357.5 260.5  10.0   8.8 284.9 354.8 358.9 330.0 355.2 357.0 252.7 321.6
 wrfout_d04_2016-02-19_13:00:00 999.0 341.9 328.7 339.3 337.9 319.6 310.8   3.8 298.5 359.7  22.7   8.5 999.0  16.0 359.5  34.8 135.1  25.2 163.9   4.0 261.0  16.3  16.7 331.1 357.0   0.8 354.3 357.7 354.3 257.2 319.4
 wrfout_d04_2016-02-19_14:00:00 999.0 348.4 330.7 348.7 339.0 329.1 293.5  13.7 310.0  36.7 359.5 351.2 999.0  24.5 359.8  43.1 312.9  25.9 158.5   2.0 261.2  13.5  12.5  21.5   0.5   3.6 359.2   1.0 333.1 237.8 317.6
 wrfout_d04_2016-02-19_15:00:00 999.0 352.2 342.1 340.6 346.9 324.2 288.7  19.5 259.7  15.8 332.2 342.7 999.0  15.2   6.6  48.0 121.4  23.0 167.3   4.3 263.8  16.1  13.6  28.2 359.1   4.2  19.6   0.7 342.8 230.4 316.6
 wrfout_d04_2016-02-19_16:00:00 999.0 353.9 341.5 337.2 344.8 325.6 298.2  28.9 280.4  34.6  62.9 349.8 999.0  10.3   3.9  53.0 201.1  21.2 133.3 357.4 264.8  14.2  14.3  30.5 358.6   1.7  29.3 359.8   0.1 242.0 320.6
 wrfout_d04_2016-02-19_17:00:00 999.0 353.6 348.5 342.8 353.6 335.8 314.3  30.3 290.8  41.9  66.3 339.8 999.0  12.6   1.8  65.7 311.1  20.5 153.3 357.7 267.8  17.5  10.9  30.5 354.8 358.7  32.3 356.3  14.9 268.2 327.2
 wrfout_d04_2016-02-19_18:00:00 999.0 355.7 351.7 343.9 358.3 321.9 318.7  22.2 284.8  35.8  63.6 321.1 999.0   9.5   6.6  55.3 170.0  24.3 169.2   0.3 264.0  15.0  13.3  31.2 357.7   2.1  27.7 359.2   9.7  38.6 327.0
 wrfout_d04_2016-02-19_19:00:00 999.0 357.8   2.7 351.7   8.4 344.5 322.1  25.8 319.0  36.4  29.4 325.6 999.0  14.2   7.0  62.9 191.6  20.0 172.3 359.5 257.0  15.9  13.7  30.3 352.7 358.0  30.1 344.8  16.9  38.0 346.7
 wrfout_d04_2016-02-19_20:00:00 999.0 358.0   9.5 354.3  15.1 346.9 336.7  31.7 337.2  31.9 160.9 304.3 999.0  11.1   2.9  55.6 153.8  17.0 192.2 357.4 254.2  13.9  11.8  29.0 354.9   1.8  29.3   2.7  16.1  27.3 340.2
 wrfout_d04_2016-02-19_21:00:00 999.0   3.8  11.8 357.0  16.9 350.7 352.0  35.8   1.4  37.3 205.4 285.2 999.0  11.3   2.8  64.3 188.9  22.7 211.5 359.8 254.6  17.3  12.0  23.5 357.1   2.4  21.8 359.7  12.5  29.5 331.3
 wrfout_d04_2016-02-19_22:00:00 999.0   0.7  15.3   1.6  20.1 354.0 145.0  33.6  35.1  52.9 161.8 279.2 999.0  10.8   4.5  45.9 218.9  20.0 197.8 355.3 248.4  16.0  13.7  18.0   3.4   6.3  13.2   4.3  17.3  33.5 336.9
 wrfout_d04_2016-02-19_23:00:00 999.0   3.1  12.1   2.4  17.3 356.2 205.9  35.6  11.4  39.9 141.4 289.6 999.0  12.9   3.7  35.8 204.7  20.8 212.6 358.6 242.7  17.5  13.1  17.2   1.5   3.9  17.6   3.6  11.1  32.6 337.7
