 wrfout_d04_2016-09-19_00:00:00 999.0 349.0 359.8   7.0   2.2 344.4  51.6  29.6 359.0  45.2 135.0 325.0 999.0  18.2  13.3 243.9 194.6  32.1  93.1   6.1 282.2  22.0  14.0  41.4  12.9  13.9  10.2 317.5   3.9  35.3  34.3
 wrfout_d04_2016-09-19_01:00:00 999.0 350.6   5.3   7.8   3.9 354.0 142.4  30.6   9.8  35.6 119.7 336.0 999.0  16.5  10.7 233.0 310.1  32.3  33.2 355.8 319.4  28.0  22.4  39.1  12.3  13.2  22.3 230.1  27.8  37.2  29.3
 wrfout_d04_2016-09-19_02:00:00 999.0 350.1   5.4   7.0   6.2 352.4 116.8  28.8   4.5  29.2  93.0 349.1 999.0  12.8   3.6  55.2 303.0  32.1 280.6 359.9 286.5  29.3  10.2  42.2  15.5  16.0  40.4 243.6  59.3  40.6 102.6
 wrfout_d04_2016-09-19_03:00:00 999.0 351.9  11.8 359.2  12.8 355.1 113.7  30.5  32.1  31.4 329.0   4.2 999.0  11.5 360.0  41.5 285.3  26.4  22.7   2.2 306.6  18.3   6.0  40.6   6.1   5.8  48.9 222.1  56.1  52.2  69.1
 wrfout_d04_2016-09-19_04:00:00 999.0 354.4  14.5 359.2  19.4 356.7 326.3  29.4 353.8  27.7 351.0  20.3 999.0  11.1   4.8  40.6 321.9  22.6  52.7   3.1 317.9  19.5 357.5  51.7  14.2  15.0  60.3 196.2  53.9  74.7  40.3
 wrfout_d04_2016-09-19_05:00:00 999.0 356.4  19.7   1.0  24.7 357.6 337.4  32.1 351.1  29.2  23.6  22.3 999.0  11.4   3.6  40.5 292.8  26.9 344.7 346.2 305.9  22.2 351.3  37.0 359.8 359.1  54.2 218.3  63.0  62.5  73.4
 wrfout_d04_2016-09-19_06:00:00 999.0 353.1  28.0   4.1  32.6   1.1  76.8  33.4 354.6  35.6  11.0  18.6 999.0  14.2   2.9  35.4 277.9  27.2 341.9 344.5 312.5  21.4 352.4  28.9 358.2 352.0  47.1 221.5  71.9  63.6  70.6
 wrfout_d04_2016-09-19_07:00:00 999.0 351.5  32.8  10.2  34.3  10.9  73.2  36.6  20.9  38.2  32.2  29.9 999.0  10.0 357.3  42.9 252.3  22.8  30.8 344.1 311.6  19.3 353.5  21.2 331.3 329.0  10.0 217.0  69.9  72.5  73.2
 wrfout_d04_2016-09-19_08:00:00 999.0   2.8  42.5  12.4  41.2  21.0  73.6  43.3  83.5  36.8  32.7  12.0 999.0  12.5   3.6  26.5 249.8  24.9  18.5 340.3 307.7  22.2 353.3  23.9 330.9 333.4  40.9 230.8  71.6  83.3  82.6
 wrfout_d04_2016-09-19_09:00:00 999.0   4.1  46.4  19.9  43.2  20.0  68.9  48.6  85.6  40.0  57.0   6.3 999.0  12.7   6.5  21.0 218.1  24.7   1.8 341.2 307.3  20.6 358.2  26.3 332.5 340.0  48.8 240.6  44.1  97.4  92.5
 wrfout_d04_2016-09-19_10:00:00 999.0   7.7  45.9  18.7  38.5  14.7  69.5  53.2  78.8  42.6  51.4 350.3 999.0  14.1   8.3  18.0 179.5  31.5 264.8 346.5 297.0  23.8   2.9  26.3  23.3 358.9  30.0 249.7  40.3 102.5  92.0
 wrfout_d04_2016-09-19_11:00:00 999.0  14.3  39.4  15.1  35.0  20.0  93.8  52.6 102.4  44.9 170.3 310.1 999.0  12.7   5.8  12.8 200.0  35.8 148.2 357.1 312.5  24.7  21.0  30.1 357.9   1.4  31.3 247.3  45.9  87.1  68.4
 wrfout_d04_2016-09-19_12:00:00 999.0  14.8  49.0  14.9  38.7  16.2 111.0  56.1  98.9  51.8 231.6 278.0 999.0  17.0 357.5  14.0 181.9  33.2 257.2 349.0 300.3  27.6  25.3  32.8  31.3   1.5  27.7 246.7  47.4  99.3  57.5
 wrfout_d04_2016-09-19_13:00:00 999.0  16.3  56.6  20.4  43.2  28.2 132.7  54.3 109.4  46.6 226.6 261.7 999.0  13.9   7.3  15.4 173.8  36.4 142.2 349.8 293.9  32.5  25.3  26.7  11.8  14.3  37.5 254.3  32.7  47.7  65.1
 wrfout_d04_2016-09-19_14:00:00 999.0  16.2  54.8  25.3  43.8  36.6 143.7  52.8 116.8  47.0 215.6 250.9 999.0  10.7   9.1   8.6 195.4  33.8 190.9 347.0 245.2  32.6  20.4  30.0  22.0  27.8  21.3 220.1  27.6  42.6  77.4
 wrfout_d04_2016-09-19_15:00:00 999.0  17.7  44.2 165.2  49.3  36.3  66.8  56.5  94.5  43.8 251.1 257.0 999.0  17.8  12.7  13.1 192.5  33.5 219.7 342.0 217.8  31.8  22.7  24.6   0.5   5.9  21.7 223.8  13.6  45.0  72.4
 wrfout_d04_2016-09-19_16:00:00 999.0  17.8  51.1  19.8  46.9  32.9 192.7  48.9  77.9  48.7 271.1 259.9 999.0  21.3  16.6   5.0 187.3  35.8 221.2 344.3 226.1  33.0  16.0  29.4   4.6   6.7 343.6 237.6  15.3  41.1  48.5
 wrfout_d04_2016-09-19_17:00:00 999.0  19.9  53.3 175.0  41.3  38.5 131.6  60.8  93.6  52.8 276.9 266.8 999.0  18.4   3.6   6.1 166.7  33.8 197.5 310.5 213.8  30.4  19.0  35.4 357.6   5.2 351.9 266.0  17.2  40.9  50.2
 wrfout_d04_2016-09-19_18:00:00 999.0  20.5  57.5   6.4  42.7  30.9  79.5  69.5  88.5  42.4 259.9 297.5 999.0  17.1   9.5  10.9 166.5  28.1 207.1 328.0 203.8  22.6  21.9  35.9 345.7 351.7  12.8 289.4  11.1  44.7  50.1
 wrfout_d04_2016-09-19_19:00:00 999.0  22.1  52.1  29.1  40.5  37.8  89.0  57.4 104.4  45.4 272.2 266.8 999.0  21.5  12.0  14.2 155.2  28.7 204.4   0.0 209.2  23.5  17.4  15.2 347.4 352.4 357.5 341.1   5.0  46.8  39.7
 wrfout_d04_2016-09-19_20:00:00 999.0  18.9  49.4   4.9  42.1  32.9 117.5  56.6  94.9  53.8 246.4 284.1 999.0  22.7  10.8 346.2 152.0  34.1 208.8  11.1 206.5  26.5  20.2  19.7 343.2   4.8   5.8 353.3  12.1  44.7  41.3
 wrfout_d04_2016-09-19_21:00:00 999.0  16.9  51.4  27.9  45.9  34.8  71.0  55.3  99.3  52.4 235.9 278.3 999.0  22.1   7.7  16.2  84.8  31.5 212.0 325.2 206.9  23.6  18.0  23.1   8.8  20.4   0.7 353.9  26.8  44.7  93.0
 wrfout_d04_2016-09-19_22:00:00 999.0  18.5  45.4  43.6  38.2  30.6 103.3  54.0 106.7  52.8 248.1 257.2 999.0  20.2 356.7   8.8  58.9  34.2 214.7 350.3 204.0  28.9  33.1  36.7   4.6  10.6  10.7 354.6  11.0  52.2  49.1
 wrfout_d04_2016-09-19_23:00:00 999.0  19.7  48.1  56.9  40.1  36.6 112.8  52.5 106.7  46.9 224.3 267.7 999.0  24.7   2.8  18.5 340.6  31.7 218.4  12.2 205.6  29.5  45.6  30.6  13.7  28.2  16.2   1.1   6.0  44.2  32.8
