 wrfout_d04_2016-01-27_00:00:00 999.0 131.7 118.9 121.6  97.5  21.3  67.0 179.8  54.0 125.5 117.8 149.8 999.0 164.1 256.6 211.5 217.1  38.1 198.9  59.8 183.0  32.0  42.3   9.1 108.2  98.9 332.7  43.8  16.1 100.8  84.0
 wrfout_d04_2016-01-27_01:00:00 999.0 139.4 127.0 125.4 114.5 115.5 101.5 203.9  75.6 307.2 133.2 158.0 999.0 229.0 124.6 225.7 238.4  32.1 208.1   5.0 179.6  43.8  73.9 327.8  83.5  56.9 343.9  39.4  12.6  88.4  97.6
 wrfout_d04_2016-01-27_02:00:00 999.0 135.0 126.5 127.2 108.8 113.6  82.2  66.3  56.3 154.6 135.2 165.0 999.0 264.1 122.4 199.8 338.5  36.8 183.7  30.1 187.1  37.0  39.9 335.9 344.3  23.6 353.8 350.8 359.2  81.8  96.4
 wrfout_d04_2016-01-27_03:00:00 999.0 135.7 137.6 125.9 122.6 100.8  94.5 316.0 109.3 328.8 129.3 175.3 999.0 354.8 305.9 214.9   0.2  29.0 220.8   1.3 206.6  50.2  38.0 319.9  39.2  17.7  16.3 343.2   2.4  95.4  90.2
 wrfout_d04_2016-01-27_04:00:00 999.0 137.3 140.0 138.6 127.6 104.5  96.7 284.4 219.1 217.8 124.5 169.5 999.0   4.6 266.3 229.1  16.1  21.5 168.3 344.1 212.9  26.1  33.9 320.4  55.7  56.4 350.3  39.9   3.3  88.8  88.9
 wrfout_d04_2016-01-27_05:00:00 999.0 134.3 147.9 131.0 135.3 164.9 194.4 211.9 234.4 290.1 123.7 163.9 999.0 347.9 335.6 195.3 222.4  21.9 195.9 348.0 212.3  24.2 350.7 321.5 341.3 335.9 345.4 238.3   3.4  90.6  82.5
 wrfout_d04_2016-01-27_06:00:00 999.0 130.7 145.5 167.0 131.5 133.8 330.4 167.4 236.8 206.8 121.3 168.6 999.0   0.7 317.3 222.2 255.8  23.2 221.7   1.0 209.9  24.6   6.2  38.3 350.6 348.3 333.2 316.6   6.3  88.8  83.7
 wrfout_d04_2016-01-27_07:00:00 999.0 137.0 150.6 118.0 130.8 256.3 181.3 154.9 206.3 208.9 115.2 169.6 999.0 359.1 304.9 194.6 206.6  22.9 194.7  16.9 209.6  21.2  33.3 354.7   7.3   8.6 341.6  12.5 350.2  86.9  89.7
 wrfout_d04_2016-01-27_08:00:00 999.0 133.6 148.2 146.0 125.0 325.3   1.4 213.7 227.4 195.0 111.6 162.3 999.0  19.1 110.4 197.3  31.0  26.1 198.9   5.3 223.1  29.3  34.5 314.9  10.3  12.5 336.5  13.5 347.3  91.9  92.4
 wrfout_d04_2016-01-27_09:00:00 999.0 136.1 157.3 174.7 141.0 317.4 232.3 186.7 244.0 211.4 112.3 150.7 999.0  11.2 134.8 193.8  35.7  32.8 194.7  22.4 231.2  35.1  35.6 273.2  16.0  12.3 343.8  42.4 352.7  89.5  94.2
 wrfout_d04_2016-01-27_10:00:00 999.0 137.5 164.4 210.9 133.2 251.6 262.5 185.5 212.8 145.8 111.5 149.2 999.0  17.9 308.0 206.0 301.2  31.8 211.5  25.7 225.8  30.3  38.6 262.5  24.6  31.9 344.5  27.4 353.0  97.5  94.1
 wrfout_d04_2016-01-27_11:00:00 999.0 156.1 155.5 155.6 117.6 231.6 336.1 195.5  20.8 195.4  95.8 145.1 999.0  28.9  23.0 219.2 163.9  32.9 188.2 356.1 227.3  35.9  11.5 253.2 308.9 308.7 338.5 349.4 353.1 104.7  87.2
 wrfout_d04_2016-01-27_12:00:00 999.0 151.1 157.5 169.1 121.1 265.4 307.5 158.9 324.1 113.6  93.3 133.3 999.0  10.4 329.2 222.9  14.6  20.7 219.3 345.0 231.7  35.3  24.5 286.2 349.6   5.6 313.7   8.0 356.9  98.0  95.7
 wrfout_d04_2016-01-27_13:00:00 999.0 145.8 154.3 129.5 116.1 315.8 205.3 117.3 177.3 100.2  46.9 141.2 999.0   8.1 314.1 253.3 182.7  24.4 190.8 358.2 235.2  35.0  34.6 271.3 354.0 353.0 329.1  19.3 353.9 101.7  84.1
 wrfout_d04_2016-01-27_14:00:00 999.0 144.5 148.4 118.1 113.7 346.2  87.1  98.7 123.6 124.1  41.0 153.9 999.0  18.1 353.5 249.6 161.2  21.8 180.9  16.7 228.5  46.7  43.4 283.7 350.2   0.4 326.6 358.1 354.4 100.3  84.7
 wrfout_d04_2016-01-27_15:00:00 999.0 148.4 143.4 127.0 109.0  11.6  90.7  95.0 348.5 125.0  46.2 151.0 999.0 355.8 285.2 246.7 127.9  17.4 181.1 352.6 209.8  38.3  29.0 302.8 333.5 344.4 339.4  12.7 354.1 103.6  88.2
 wrfout_d04_2016-01-27_16:00:00 999.0 140.3 146.2 125.9 117.3  11.3  70.8 279.2 306.3  37.4  39.8 155.8 999.0   9.5 345.3 248.0 265.6  27.6 191.3  38.2 209.0  41.4  42.5 283.8   3.8  10.9 336.1   8.1 357.1 103.8  89.6
 wrfout_d04_2016-01-27_17:00:00 999.0 141.8 158.1 125.3 129.5  62.3  83.2 268.9 236.3 153.6  14.2 153.8 999.0 356.0  12.4 220.3 154.5  38.6 169.5   0.6 197.3  57.8  35.1 274.6  16.0  28.8 336.4   7.2   0.6  99.1  86.7
 wrfout_d04_2016-01-27_18:00:00 999.0 150.8 159.3 167.3 134.6 135.7 243.1 158.8 225.3 123.7  20.2 155.7 999.0 356.1 353.9 212.5 222.3  31.9 193.4  23.1 194.4  50.2  28.4 312.7  17.2  23.5 341.4  21.0 356.9 100.1  91.6
 wrfout_d04_2016-01-27_19:00:00 999.0 147.7 159.3 137.6 126.7 151.6 260.4 186.2 235.4 105.7  28.8 158.1 999.0   6.6 354.1 234.0 189.2  42.6 170.3  12.0 180.1  40.7  30.4 322.1   0.0   7.0 338.2 351.8   1.0 101.6  94.7
 wrfout_d04_2016-01-27_20:00:00 999.0 150.7 159.3 145.6 132.7 149.6 227.4 187.8 211.8 143.7  36.8 161.8 999.0  24.2 283.1 188.6 330.6  46.4 198.6  36.5 166.2  51.0  29.7 315.9   3.7 355.1 340.4 359.4   3.3 105.0  98.8
 wrfout_d04_2016-01-27_21:00:00 999.0 157.6 160.6 222.8 132.8 164.8 258.2 155.0 242.5 121.5  76.9 166.8 999.0   3.9 355.0 194.1 152.8  41.0 172.5  18.5 160.9  50.7  33.4 311.1   7.3 350.0 346.9  28.5   7.1  98.8 100.6
 wrfout_d04_2016-01-27_22:00:00 999.0 159.7 160.3 183.4 129.1 267.0 237.0 222.5 230.3 109.3  71.3 166.5 999.0  13.7 322.6 180.2  11.2  43.4 189.1  25.2 171.7  39.4  11.6 315.8 323.9 296.4 345.4  26.1  13.5 106.9 104.9
 wrfout_d04_2016-01-27_23:00:00 999.0 158.3 169.4 240.5 142.6 256.4 269.4 193.7 234.5  90.5  83.1 172.7 999.0  34.2 345.5 230.8  23.7  49.9 196.3 330.4 173.4  58.0  12.2 298.7 310.0 319.3   0.3  13.7   5.5 111.8 102.9
