 wrfout_d04_2016-01-18_00:00:00 999.0  10.9  34.5  17.0  33.3   5.1  82.6  57.2  80.0  47.5 167.2 326.4 999.0  13.2   1.5  45.4 229.2  27.4 214.8   0.6 238.0  22.6  11.1  18.0 357.3 359.4  24.5 359.4  19.1  29.9  48.3
 wrfout_d04_2016-01-18_01:00:00 999.0  17.9  36.1  18.2  35.4  14.5  69.3  52.6  72.8  46.6 349.7 345.6 999.0  14.9   1.0  45.8 295.1  25.4 220.2 357.5 236.6  21.1   9.6  22.6   0.7   2.2  31.8 356.8  30.0  35.0  54.2
 wrfout_d04_2016-01-18_02:00:00 999.0  24.2  45.1  21.4  41.6  22.2  70.4  46.0  65.2  45.0 355.4  12.2 999.0  14.7   1.2  35.4 270.3  30.2 225.9 358.6 242.1  24.3   9.2  25.2 358.2   0.3  34.6 354.2  32.6  37.7  53.0
 wrfout_d04_2016-01-18_03:00:00 999.0  26.5  52.6  25.3  46.6  26.7  74.4  47.1  70.6  43.3  50.0  14.1 999.0  12.0 359.5  22.2 249.0  27.0 229.5 351.9 249.5  20.2   7.2  21.7 353.6 356.2  36.2 341.0  32.9  38.1  54.3
 wrfout_d04_2016-01-18_04:00:00 999.0  28.3  57.4  29.8  50.0  30.8  71.2  45.0  72.2  41.8  61.7  15.1 999.0  10.2 352.5  26.7 239.1  24.3 232.1 347.3 254.2  20.9 358.4  29.6 352.1 359.1  39.2 280.3  29.4  34.8  51.9
 wrfout_d04_2016-01-18_05:00:00 999.0  30.5  58.9  31.5  50.2  33.4  74.3  42.9  72.1  37.5  63.6  18.0 999.0   8.8 353.6  29.5 238.7  23.2 229.9 333.2 254.9  18.7 355.9  34.4 343.4 338.1  41.1 275.7  34.1  35.5  53.2
 wrfout_d04_2016-01-18_06:00:00 999.0  32.2  61.6  38.3  50.8  37.1  75.0  42.9  72.3  36.2  57.0  15.7 999.0   8.4 352.3  29.2 239.3  23.7 229.8 324.8 257.3  20.3 350.3  30.9 336.1 337.7  40.7 273.1  32.8  31.3  50.6
 wrfout_d04_2016-01-18_07:00:00 999.0  32.5  62.2  44.5  51.7  41.1  77.3  44.5  74.3  46.2  55.5  17.5 999.0   9.7 354.6  21.1 248.3  23.2 227.5 320.0 255.6  18.2 352.3  25.5 337.6 320.5  32.7 275.3  30.0  33.8  47.8
 wrfout_d04_2016-01-18_08:00:00 999.0  32.8  63.3  48.1  52.6  44.7  81.7  46.2  70.4  48.9  47.4  17.2 999.0  10.5 354.8  12.9 245.8  25.1 224.9 324.9 247.9  17.1 354.8  25.2 323.2 322.3  25.7 294.2  28.6  31.6  49.0
 wrfout_d04_2016-01-18_09:00:00 999.0  33.0  63.0  51.2  51.9  42.9  79.9  47.8  67.6  43.5  22.6 354.2 999.0  12.0 358.9  13.5 218.9  23.9 218.3 340.0 234.4  15.0 354.8  31.5 320.3 319.6  21.6 295.6  26.1  32.5  50.0
 wrfout_d04_2016-01-18_10:00:00 999.0  35.2  64.6  80.1  53.2  53.6  73.7  57.5  67.9  44.6 348.5 345.5 999.0  15.8 358.3 356.9 190.6  22.0 206.8 353.3 223.6  21.0 359.7  27.5 325.7 328.6 359.8 304.4  17.6  28.2  51.8
 wrfout_d04_2016-01-18_11:00:00 999.0  37.4  66.9 110.5  56.1  63.6  75.5  59.5  69.6  45.4  18.2 341.7 999.0  12.6 358.6   3.5 188.4  22.9 196.4   1.0 222.1  22.1  14.1  22.7 343.6 352.8 356.1 309.4  15.8  32.7  52.2
 wrfout_d04_2016-01-18_12:00:00 999.0  38.1  67.6 132.1  57.5  53.5  77.4  58.2  63.3  45.4  74.3 272.1 999.0  14.5 352.7 357.5 182.3  25.0 194.4 350.2 214.7  22.3  23.8  12.4 343.7   2.2 349.7 319.9  10.6  28.2  50.8
 wrfout_d04_2016-01-18_13:00:00 999.0  41.6  70.1 102.6  60.2  65.4  87.3  59.4  69.4  49.8 147.1 267.2 999.0  16.8   1.3 353.0 117.9  23.1 196.8 347.9 214.5  24.9  29.8  16.1 353.1 359.7 358.6 353.1  21.7  27.1  49.1
 wrfout_d04_2016-01-18_14:00:00 999.0  48.6  69.4 131.9  61.1  59.8  86.7  58.3  73.2  53.2 205.9 276.8 999.0  12.5 354.4 354.5  53.9  21.0 196.7 330.7 215.2  20.4  30.8  13.8   9.4  17.8 359.6  16.3  19.2  25.2  52.1
 wrfout_d04_2016-01-18_15:00:00 999.0  42.3  67.6 116.7  61.1  51.7  86.2  55.2  72.0  53.0 230.1 276.9 999.0   4.9 358.8 347.6  53.8  24.9 198.8 325.3 218.1   3.0  38.2  17.7  22.7  18.8   3.8   9.7  18.5  26.9  48.9
 wrfout_d04_2016-01-18_16:00:00 999.0  38.5  64.3 108.2  58.1  62.5  79.9  51.7  66.4  49.0 238.0 272.4 999.0  15.4 331.0  11.9  66.3  27.4 200.4 348.2 220.1 352.3  37.3  18.9  21.8  24.2   3.6  11.4  17.4  19.8  52.8
 wrfout_d04_2016-01-18_17:00:00 999.0  36.5  66.5  82.4  59.4  59.4  71.0  52.4  68.1  49.5 236.0 270.4 999.0   3.8  79.3  14.8  63.6  24.8 199.4  19.4 220.9 347.3  44.7  15.3  26.4  19.9 352.7   5.2   9.1  13.1  48.9
 wrfout_d04_2016-01-18_18:00:00 999.0  36.6  68.0 123.9  58.6  60.3  70.8  51.9  68.7  52.0 229.7 260.3 999.0   5.0 201.3   6.6  59.4  16.7 201.5 354.5 222.2 351.9  40.4  12.8  13.7  14.9 356.4   7.2   9.2  13.5  48.2
 wrfout_d04_2016-01-18_19:00:00 999.0  40.2  65.6 127.9  55.1  54.6  66.5  52.0  64.2  49.0 216.8 275.6 999.0  16.0 295.3   7.1  53.7  13.4 198.8 328.4 223.4 351.1  26.1   4.4  27.6  28.7 355.7   2.0   9.1  16.8  49.2
 wrfout_d04_2016-01-18_20:00:00 999.0  45.5  67.2  56.0  55.5  49.3  66.3  53.1  85.2  49.2 231.4 288.4 999.0   7.4 298.8  12.9  60.0  11.5 200.6 337.8 226.7 343.4  24.3   4.1   5.5   5.7   0.8   7.8   7.4  19.7  47.0
 wrfout_d04_2016-01-18_21:00:00 999.0  46.7  64.3  48.8  52.8  50.7  75.5  52.3  79.9  48.6 228.5 280.4 999.0  19.9 167.0  18.5  62.7  14.8 200.1  10.0 229.9 342.4  31.8   5.0   2.1   4.5 359.2 350.5  17.1  16.4  49.4
 wrfout_d04_2016-01-18_22:00:00 999.0  44.3  62.1  47.5  51.5  44.6  70.5  52.3  69.2  49.8 240.3 267.4 999.0  14.4 219.8  12.7  61.9  16.6 199.5   0.6 233.9 338.6  16.0  12.1  14.5  14.7   5.6 357.6  15.9  27.0  49.3
 wrfout_d04_2016-01-18_23:00:00 999.0  42.2  59.3  47.8  48.2  40.7  69.3  50.1  69.3  47.9 259.0 277.4 999.0   4.8 130.2 354.8  63.2  15.5 203.5  26.4 240.3 357.9  29.0   6.9   0.3   2.7   3.3   4.2  12.1  31.5  47.7
