 wrfout_d04_2016-10-12_00:00:00 999.0  41.1  52.8   8.8  49.6  42.1  55.3  36.6  41.0  36.1 312.8 143.8 999.0  21.3  34.4 330.7 216.1  20.6  15.6 312.6  89.5  27.8  26.6  37.6  28.6  19.8  33.9 280.6  42.8  69.9  82.4
 wrfout_d04_2016-10-12_01:00:00 999.0  30.9  56.4 357.5  51.5  20.7  58.9  39.6  58.4  33.1 146.6 351.6 999.0  24.6 347.1  42.4   3.2  26.5  51.0 246.5  31.4  12.6  41.6  58.2 356.1 353.2  62.4 321.9  56.7  66.0  78.1
 wrfout_d04_2016-10-12_02:00:00 999.0  34.2  54.8 354.0  48.4  27.3  55.9  35.6  60.7  25.8 210.7  16.0 999.0  22.0 352.1  73.9 331.4  28.5  22.8 246.0 351.4  12.5 335.6  60.1 341.9 326.2  79.4 301.0  62.2  61.0  75.4
 wrfout_d04_2016-10-12_03:00:00 999.0  32.7  50.1  14.7  44.5  30.3  59.5  39.9  51.2  38.5  60.0 258.3 999.0  14.5 354.2  79.2 265.1  25.8  31.6 282.4 346.2  14.9 322.5  60.2 320.5 296.5  73.5 285.2  66.7  59.1  71.2
 wrfout_d04_2016-10-12_04:00:00 999.0  33.4  51.7  16.2  46.5  26.4  49.3  39.2  58.1  44.0  41.2  31.1 999.0   8.0 347.2  65.9 258.4  29.2  31.2 307.2  21.4  20.8 329.9  62.6 308.3 289.7  72.5 279.2  67.0  59.0  67.9
 wrfout_d04_2016-10-12_05:00:00 999.0  31.9  51.6  14.8  46.3  32.6  72.0  34.5  57.8  36.1  43.6  39.3 999.0  15.8 345.9  62.8 280.9  27.4  19.1 316.3  11.1  24.8 342.7  63.2 311.3 291.9  74.1 274.6  66.9  54.7  67.8
 wrfout_d04_2016-10-12_06:00:00 999.0  33.4  51.3  27.4  47.0  37.8  54.5  41.4  52.7  32.7  39.9  37.7 999.0  17.3 355.6  53.3 292.9  27.1  16.6 329.8  21.7  22.3 350.0  61.0 305.8 288.1  71.6 274.7  64.4  51.7  68.4
 wrfout_d04_2016-10-12_07:00:00 999.0  31.9  47.9  20.5  43.9  27.7  52.5  41.1  63.4  37.0  42.5  36.8 999.0  13.7   5.5  51.3  14.0  23.2  41.5 329.2  56.8  16.3 349.2  53.3 323.5 315.9  68.9 275.7  60.5  49.1  69.2
 wrfout_d04_2016-10-12_08:00:00 999.0  34.3  49.8  15.0  44.6  28.6  53.3  47.6  62.3  39.7  41.5  37.6 999.0   6.8   7.8  19.5 199.1  22.4  57.6 351.6  24.7  20.0 354.1  45.1 328.3 334.3  62.2 279.6  57.8  50.0  67.5
 wrfout_d04_2016-10-12_09:00:00 999.0  34.7  52.7  20.0  49.0  37.1  63.1  44.3  69.3  40.6  57.1  42.8 999.0  19.2   6.2  21.9 212.4  21.5  57.8 330.4  81.2  17.1 355.6  37.4 331.6 332.3  55.0 269.1  54.2  46.5  68.1
 wrfout_d04_2016-10-12_10:00:00 999.0  38.5  54.8   9.4  51.9  30.1  60.8  46.3  57.2  38.6  41.3  41.7 999.0  14.4 355.8   3.7 191.0  25.0 203.7 344.0 150.9  23.0   5.4  24.2 341.7 359.3  45.9 270.5  51.8  40.6  67.9
 wrfout_d04_2016-10-12_11:00:00 999.0  42.5  51.4  25.6  48.2  38.8  41.2  43.3  51.9  42.2  42.2  38.4 999.0  13.8   0.9  10.4 193.4  30.5 220.0 355.5 163.6  22.9  11.0  21.9 351.3 355.2  32.5 278.1  46.5  43.2  69.8
 wrfout_d04_2016-10-12_12:00:00 999.0  41.3  55.9  24.2  51.9  36.5  75.3  42.7  59.5  39.3  47.7  27.1 999.0  15.0  15.8 352.7 178.5  31.0 224.4 353.6 139.5  22.4  15.8  17.1 349.2 354.6  23.4 266.2  42.3  45.5  71.5
 wrfout_d04_2016-10-12_13:00:00 999.0  41.3  52.9  25.2  48.5  49.3  69.9  45.7  75.9  40.1  51.0  19.0 999.0  16.4   5.8  16.9 186.2  28.4  46.7 351.5 132.5  25.6  10.6  21.7 343.3   4.5  19.7 248.4  20.2  39.2  71.8
 wrfout_d04_2016-10-12_14:00:00 999.0  40.2  59.2 323.8  52.8  51.1  85.0  47.2  66.2  39.7  43.8  20.3 999.0  19.3  13.7  11.3 109.1  27.2  90.3 341.9 120.6  25.2  10.2  18.4 353.8   4.9  15.5 240.3  19.0  42.8  66.8
 wrfout_d04_2016-10-12_15:00:00 999.0  37.0  62.3 357.1  53.0  46.3  71.7  50.3  72.7  46.3  56.8  11.5 999.0  16.2   3.6  17.8 187.4  26.0  78.8 342.3 114.3  23.0  16.8  16.4 334.9 348.2   1.0 242.5  12.2  40.9  56.1
 wrfout_d04_2016-10-12_16:00:00 999.0  35.9  58.4 310.2  49.4  54.2  73.7  51.1  70.9  46.9  55.4  27.4 999.0  17.7   4.3  17.3 141.0  22.2  81.4 340.5 124.7  21.4   9.0   8.0 319.7 331.6  10.7 271.9   7.7  45.3  54.6
 wrfout_d04_2016-10-12_17:00:00 999.0  39.4  57.0 326.8  50.4  44.1  76.9  46.8  64.2  41.7  51.3  38.2 999.0  17.5   5.7  13.1 189.0  23.3  63.2 341.6 123.8  22.7  16.0  16.5  21.3  10.1 357.0 305.2   9.1  40.5  45.2
 wrfout_d04_2016-10-12_18:00:00 999.0  40.7  59.0 313.6  50.9  44.2  53.4  43.6  66.4  39.5  53.1  38.0 999.0  15.0   3.7   9.8 176.2  24.3  88.4   3.5 125.7  21.6  45.8  19.4 275.1 264.0   6.7 295.1  15.3  38.2  45.8
 wrfout_d04_2016-10-12_19:00:00 999.0  37.0  60.7 341.3  50.9  40.7  74.9  45.3  92.6  38.9  31.4  24.8 999.0  19.2   8.4   4.7 176.2  25.9  88.2 314.4 123.7  21.2  24.5  21.5  96.6 103.4   3.7 305.4  16.8  36.2  41.1
 wrfout_d04_2016-10-12_20:00:00 999.0  35.8  62.3 330.9  51.5  41.8 115.6  49.3  93.1  41.0  39.1 332.1 999.0  20.6   4.7   7.3 172.9  29.9 167.8 333.9 137.2  18.5  35.1  23.9 288.2 283.2   8.2 301.3   8.3  33.1  39.2
 wrfout_d04_2016-10-12_21:00:00 999.0  34.6  53.3 347.6  43.0  35.1 107.0  51.1  91.6  37.7  19.0 346.9 999.0  18.3 352.0  18.3 186.7  28.7  98.6 331.1 141.7  16.5  28.6  27.3 329.0 311.5  15.0 345.4   7.1  36.1  34.9
 wrfout_d04_2016-10-12_22:00:00 999.0  34.6  55.0 282.3  44.3  34.9  76.6  52.8  68.7  39.5 214.4 310.7 999.0  19.8 344.5  16.8 121.7  30.3 203.2 347.1 147.7  18.0  23.0  27.5  33.2  60.9  13.4 332.5  11.1  37.9  26.8
 wrfout_d04_2016-10-12_23:00:00 999.0  34.7  60.6  23.2  48.5  32.3  84.2  47.5  86.8  41.8 197.6 281.5 999.0  21.6   5.5  22.4   1.0  29.6 100.2 306.5 146.1  20.9  27.3  31.5   8.4   9.7  18.2 353.1  16.1  36.6  24.8
