 wrfout_d04_2016-04-04_00:00:00 999.0 316.7 214.9 339.9 229.8 158.6 314.7 234.5  40.8 271.7  68.5  12.1 999.0 191.9 190.1 234.7 346.2 189.9 209.6 204.7 259.0 189.5 176.0 104.5 177.8 160.3  94.7 254.8  99.7 222.1 300.8
 wrfout_d04_2016-04-04_01:00:00 999.0 317.9 225.7 322.9 232.1 258.0 314.9 258.5  38.7 275.9  79.8   5.5 999.0 201.2 194.1 104.9 328.1 184.6 217.7 223.3 261.5 181.0 189.1 143.7 164.5 164.8 106.3 250.3  96.9 223.2 294.8
 wrfout_d04_2016-04-04_02:00:00 999.0 313.0 229.7 321.2 236.2   3.6 278.5 264.7 227.1 273.9  74.6  44.3 999.0 218.2 203.9  66.2 283.3 183.1 226.6 226.2 262.2 177.1 217.1 129.7 202.5 215.5 104.6 253.2  87.6 220.7 296.1
 wrfout_d04_2016-04-04_03:00:00 999.0 309.0 232.5 317.6 242.6  27.7 280.5 262.3 222.4 290.0  62.1  42.3 999.0 231.9 216.9  45.1 259.2 187.5 227.6 228.5 263.9 180.1 235.9 110.8 249.1 251.6 100.2 258.2 102.4 219.1 292.3
 wrfout_d04_2016-04-04_04:00:00 999.0 322.9 234.9 313.3 247.2  49.2 332.7 266.1 307.1 290.1  91.1  47.4 999.0 234.6 230.5  33.1 251.7 185.5 230.1 235.3 265.1 182.3 244.5  93.4 263.4 257.9  78.6 263.4 176.9 218.0 288.5
 wrfout_d04_2016-04-04_05:00:00 999.0 331.5 227.6 314.4 243.2  39.3 335.8 265.1 325.3 295.1  87.4  56.5 999.0 238.5 238.0  44.0 249.1 193.9 230.9 247.0 266.4 178.5 250.6  79.4 267.6 263.0  62.7 268.4 288.6 220.0 284.8
 wrfout_d04_2016-04-04_06:00:00 999.0 336.0 227.5 319.1 246.0  41.0 332.2 274.6 317.1 295.5 119.6  34.9 999.0 247.2 248.8  35.2 242.2 193.9 229.2 252.5 267.3 184.5 255.4  78.7 268.3 262.6  56.7 275.5 311.1 215.7 281.4
 wrfout_d04_2016-04-04_07:00:00 999.0 350.5 251.0 322.0 244.6  61.1 335.3 292.5 330.5 278.1 109.5  36.5 999.0 247.2 270.0  28.5 240.5 192.3 227.5 260.1 263.2 197.2 260.9  64.0 267.4 265.4  50.2 283.7  67.1 215.5 283.6
 wrfout_d04_2016-04-04_08:00:00 999.0  10.1 262.3 332.5 260.6  48.0 334.7 305.1 349.4 271.5 118.3   5.3 999.0 287.7 271.9  24.3 235.2 198.3 226.0 264.4 257.4 191.2 268.6  56.6 275.7 271.8  49.1 288.1  76.5 217.4 285.8
 wrfout_d04_2016-04-04_09:00:00 999.0  35.0 199.8 326.3 209.4  33.0  58.3 329.0  73.4 278.9 137.1  30.1 999.0 336.1 276.1  28.8 239.2 192.4 216.6 268.1 241.9 182.8 269.8  51.4 280.0 274.0  50.6 292.8  62.6 220.3 291.0
 wrfout_d04_2016-04-04_10:00:00 999.0  51.4 175.2 326.2 195.4  55.3  72.5  51.2  61.2 289.2 144.2  32.4 999.0 349.4 271.4  32.0 239.7 181.9 206.6 277.5 228.4 189.6 270.0  45.3 282.2 278.9  48.3 293.8  42.7 225.5 299.4
 wrfout_d04_2016-04-04_11:00:00 999.0  29.2 173.6 313.5 200.9  48.2  81.6  21.1  62.6 312.0 182.4 339.9 999.0 326.3 241.7  34.3 179.7 174.6 196.5 296.7 229.4 193.0 268.9  44.2 285.2 281.7  43.2 295.3   9.4 236.3 305.3
 wrfout_d04_2016-04-04_12:00:00 999.0  53.9 174.0 293.1 117.8  72.4  77.1  62.8  65.6 341.5 191.1 126.0 999.0 323.3 240.0  27.5 192.0 169.5 205.8 318.1 228.3 204.3 284.9  43.9 331.8 309.0  40.4 295.8 348.8 242.5 301.3
 wrfout_d04_2016-04-04_13:00:00 999.0  70.2 165.1 308.3  73.6  50.0  71.1   9.4  62.9 322.3 229.5  57.7 999.0 343.3 231.3  33.4 123.9 180.7 206.6 332.4 228.6 219.9 347.4  43.2 353.8 323.5  41.3 307.8 288.8 248.3 313.7
 wrfout_d04_2016-04-04_14:00:00 999.0  58.6 141.3 209.3  74.9   7.1  67.1  50.1  31.1 314.7 189.3 137.5 999.0 328.4 237.9  26.5 152.1 278.7 206.3 326.9 229.7 242.7  26.0  36.2 334.2 313.1  37.1 294.0 277.6 263.3 347.6
 wrfout_d04_2016-04-04_15:00:00 999.0  80.9 122.5 279.2  76.7 340.5  77.0  56.0  38.6 319.9 221.3 138.7 999.0 344.4 247.0  25.2 184.6 316.9 204.6 324.5 231.9 255.2  10.6  30.1 308.0 296.3  14.8 285.6 284.2 273.7 268.5
 wrfout_d04_2016-04-04_16:00:00 999.0  56.7 136.3 218.2  98.8 129.1 240.7  42.2  18.1 318.7 233.6  68.7 999.0 359.1 290.1  22.6 202.9 333.0 202.6 338.2 234.7 288.7 343.3  28.0 324.3 310.6  33.1 289.2 281.7 288.2 341.3
 wrfout_d04_2016-04-04_17:00:00 999.0  48.7 135.5 306.1  75.2  83.2 197.7  15.5 144.4 296.2 176.8 328.4 999.0   2.7 325.3   5.9 189.7 340.7 201.0 342.8 237.9   9.0 350.5  18.0 345.2 339.4 157.8 306.6 272.6 292.0 110.0
 wrfout_d04_2016-04-04_18:00:00 999.0  42.1 172.5 246.2  36.2 238.2  73.0 350.6  94.3 287.1 317.7  48.4 999.0   7.3 340.1  11.3 167.0   2.2 199.0 344.4 239.9   6.2   6.3   2.2   1.3 359.1 205.1 321.1 270.8 293.6  97.4
 wrfout_d04_2016-04-04_19:00:00 999.0 358.3 245.4 271.0 348.6 213.9  28.6 345.5  26.3 283.4  91.5  18.7 999.0  13.0 349.7  26.4 142.9   6.9 199.1 353.9 242.8 358.5  13.4 281.6   3.0   8.5 228.6 336.4 265.4 272.3  89.3
 wrfout_d04_2016-04-04_20:00:00 999.0 334.3 242.4 314.5 305.6 224.0 349.7 331.9 124.3 267.9 177.3 290.0 999.0 349.4 349.7   7.0 125.0  12.0 200.8 347.2 245.6   9.8  10.8 259.6 350.4 357.0 282.7 353.5 287.1 250.4 115.7
 wrfout_d04_2016-04-04_21:00:00 999.0 301.8 241.7 333.8 275.1 287.1 275.8 318.8  72.1 276.3 199.0 294.2 999.0 357.9 340.9 344.4 152.2  17.4 201.2 352.4 246.7  17.8   8.2 258.2 342.1 352.4 311.9  12.8  29.2 227.4 224.7
 wrfout_d04_2016-04-04_22:00:00 999.0 306.9 243.6 305.3 272.2 314.8 291.4 338.0  86.0 251.7 252.8 286.0 999.0  14.2 350.7 347.7 162.5  26.6 201.8 359.0 247.6  16.7  11.3 300.5 343.7 354.9 336.9 352.3  24.4 227.8 293.9
 wrfout_d04_2016-04-04_23:00:00 999.0 313.6 243.6 284.7 261.1 238.6 292.8 355.8 297.9 245.5 245.6 343.2 999.0  11.7 341.7  15.8 305.4  32.9 211.8 359.6 254.0  22.5  26.1 348.7 359.0   7.9 334.2 343.1  58.8 232.7 293.6
