 wrfout_d04_2016-09-22_00:00:00 999.0  68.8  84.6 127.9  71.0  76.4  80.2  67.2  71.3  89.4 318.9 322.9 999.0 328.7 217.9  21.8   0.1   8.9  43.3 333.5 270.4   3.4  36.6  45.2  10.8   9.7  43.2 354.9  49.3  35.9  36.5
 wrfout_d04_2016-09-22_01:00:00 999.0  58.6  85.2 118.3  72.3  64.9  76.8  64.9  70.6  72.5  39.1 335.8 999.0 324.8 228.8  26.5 350.7  10.0   3.3 336.3 290.3   7.6 358.2  46.1 355.1 353.9  50.1 323.5  49.7  33.6  45.4
 wrfout_d04_2016-09-22_02:00:00 999.0  72.6  81.3 109.4  68.4  63.4  67.9  50.1  64.2  59.0  51.6  41.9 999.0 333.5 263.8  35.2 327.5  12.4  10.7 336.2 296.1   7.0 347.4  47.3 350.9 351.5  48.4 275.2  53.1  36.1  54.7
 wrfout_d04_2016-09-22_03:00:00 999.0  67.9  83.1 107.2  70.3  67.6  66.9  35.4  64.0  51.2  50.2  55.2 999.0 336.5 278.7  38.2 312.1  11.0   7.2 334.6 297.6  10.4 338.2  46.9 343.9 332.8  54.5 267.5  51.6  37.4  57.8
 wrfout_d04_2016-09-22_04:00:00 999.0  69.7  77.0 106.1  65.0  65.4  66.0  33.3  56.0  51.7  49.7  53.9 999.0 341.1 299.0  39.0 301.8  11.9  15.7 329.9 299.1   9.9 333.1  43.7 330.7 325.1  56.2 264.1  55.1  35.4  56.3
 wrfout_d04_2016-09-22_05:00:00 999.0  69.5  76.4 100.2  64.2  66.2  62.2  32.2  55.2  61.5  67.2  55.4 999.0 346.5 308.8  30.3 296.7  10.2  21.8 325.2 305.8   9.7 332.6  40.6 325.0 319.2  58.4 265.9  57.3  33.8  54.4
 wrfout_d04_2016-09-22_06:00:00 999.0  66.2  78.5  97.5  66.7  69.3  65.9  35.3  58.3  65.5  58.2  59.4 999.0 354.4 316.2  30.1 297.5  13.6  14.8 323.8 306.2   9.2 334.5  37.6 324.7 320.3  58.0 276.9  57.7  33.9  54.2
 wrfout_d04_2016-09-22_07:00:00 999.0  64.5  80.5  99.0  67.3  67.3  75.0  39.6  66.6  58.3  43.9  58.3 999.0 358.5 320.3  24.3 302.6  15.2  24.0 327.7 312.8   9.5 336.9  32.4 324.3 322.9  54.1 284.3  48.1  37.9  53.0
 wrfout_d04_2016-09-22_08:00:00 999.0  66.0  80.1  93.3  67.2  73.2  78.7  40.1  68.3  50.8  37.0  59.6 999.0 359.7 328.1  20.6 309.2  16.7  40.8 328.5 327.5   8.1 343.2  21.1 329.3 327.3  49.2 285.5  37.3  39.6  53.8
 wrfout_d04_2016-09-22_09:00:00 999.0  68.8  78.8  94.6  63.7  69.9  82.3  47.4  72.7  44.7  43.7  57.4 999.0   2.7 332.6  16.3 307.1  19.4  62.1 330.0 328.3  10.9 348.4  34.9 330.2 330.3  39.9 290.8  35.5  34.3  52.0
 wrfout_d04_2016-09-22_10:00:00 999.0  70.9  81.7 108.8  66.1  73.7  83.7  47.5  71.0  42.5  24.0  52.6 999.0   3.8 333.2  16.9 222.5  19.2  76.3 332.0 108.9  14.5 348.0  34.3 330.0 339.4  41.4 292.7  27.7  33.7  55.2
 wrfout_d04_2016-09-22_11:00:00 999.0  71.7  79.0 127.7  63.9  67.8  83.7  50.8  76.6  49.2  39.1  59.3 999.0   4.3 342.5  15.2 176.1  18.0 105.3 342.7 181.8  13.1 355.5  22.1 333.1 343.3  25.3 293.4  25.5  31.4  46.2
 wrfout_d04_2016-09-22_12:00:00 999.0  67.1  81.0 136.7  65.0  81.4  82.2  52.7  75.6  48.9   9.9  72.5 999.0   7.2   0.2   8.6 182.3  19.4 194.5 343.5 201.3  11.3 359.9  25.6 344.0 351.6  22.4 298.7  27.4  32.2  48.8
 wrfout_d04_2016-09-22_13:00:00 999.0  68.1  84.1 120.3  67.4  74.6  92.7  54.2  72.9  54.7  37.7  58.0 999.0   5.0 139.5   9.0 150.2  20.9 215.8 334.3 172.5  19.0   6.8  26.6 349.6   0.9  10.2 296.1  24.3  32.1  44.1
 wrfout_d04_2016-09-22_14:00:00 999.0  70.8  86.8 122.3  69.1  74.3  84.4  55.1  71.2  58.9  20.9  53.8 999.0   6.5 156.4   7.3 137.8  27.1 218.0 331.6 186.2  15.2  17.7  38.1 347.4 352.2  20.8 286.3  13.9  33.8  55.7
 wrfout_d04_2016-09-22_15:00:00 999.0  71.5  88.3 129.7  71.3  80.6  84.8  54.6  72.2  66.2  38.6  54.4 999.0   9.9 174.7  20.2 170.4  24.2 221.9 303.1 197.2  21.4  27.4  26.1 351.9 355.9  16.5 282.8  18.6  36.6  53.2
 wrfout_d04_2016-09-22_16:00:00 999.0  76.8  85.1 134.3  70.5  68.8  88.9  56.5  72.5  64.4  34.1 276.2 999.0 354.3 176.7  21.6 176.3  24.8 215.9 285.3 208.2  27.4  13.5  25.8 358.5 357.7  29.1 291.7  14.5  43.4  53.0
 wrfout_d04_2016-09-22_17:00:00 999.0  72.3  84.1 150.2  67.5  77.6  83.3  60.0  70.0  68.4 203.3 329.1 999.0   0.5 175.9 359.4 171.0  25.7 200.3 255.4 179.5  24.1   8.4  23.5  37.9  36.4 358.5 322.5  14.1  41.8  40.5
 wrfout_d04_2016-09-22_18:00:00 999.0  65.7  87.2 155.5  72.0  83.3  80.6  63.2  69.6  71.7 353.4 301.9 999.0 347.9 181.7   1.9 144.4  25.9 232.1 253.8 186.1  16.1  12.7  18.2 344.4 335.1  19.7   5.1  39.3  48.7  36.4
 wrfout_d04_2016-09-22_19:00:00 999.0  68.1  84.2 144.8  66.3  88.4  83.4  62.4  71.0  74.4 348.2 233.2 999.0 309.0 178.0 345.6 146.4  21.5 155.7 255.8 184.5  13.7  47.5  22.2 342.5 340.0  21.9 359.8  36.0  51.8  46.9
 wrfout_d04_2016-09-22_20:00:00 999.0  69.2  90.7 132.4  73.8  83.8  86.1  63.7  65.8  77.9  13.7 283.7 999.0 280.4 167.4  13.6 163.3  20.9 105.6 230.1 186.8  10.8  50.2  30.4  30.4  28.4  13.0   7.7  22.5  45.1  46.9
 wrfout_d04_2016-09-22_21:00:00 999.0  67.5  85.8 149.3  68.5  77.8  83.4  62.1  67.1  67.8   8.7 253.0 999.0 250.7 162.8 345.1 181.4  17.4 191.3 235.7 201.5   9.0  47.2  25.8  47.0  28.8  32.0 343.0   6.7  45.3  65.1
 wrfout_d04_2016-09-22_22:00:00 999.0  61.6  83.8 155.8  69.5  77.5  87.4  61.1  71.7  69.9  18.7  90.5 999.0 250.4 132.6 344.7 146.8  16.9 201.8 182.1 214.3  12.9  68.2  13.4  39.5  24.0  14.1 352.0  22.0  46.3  62.0
 wrfout_d04_2016-09-22_23:00:00 999.0  65.0  83.3 147.6  68.2  78.5  72.9  60.8  67.3  67.8  60.6  74.9 999.0 357.4 165.2  19.7 332.7  16.6  63.1 212.9 265.0  11.0  78.8  24.9  56.9  50.2  10.1 302.0  58.6  42.4  64.7
