 wrfout_d04_2016-11-30_00:00:00 999.0  68.1  91.9 262.8  79.0  47.6  73.8  49.0  70.7  81.4 280.6 333.5 999.0  11.3  13.0 357.3 251.7   9.4 146.8   4.5 263.2  12.4   8.6  55.3   1.4 352.0   1.6  37.4  19.7  35.6  26.6
 wrfout_d04_2016-11-30_01:00:00 999.0  63.8  79.1 303.9  65.0  82.9  68.9  44.9  50.6  42.7 253.1  18.4 999.0   7.5 352.4  45.2 338.5   5.5  20.0 358.6 267.9   3.5   9.5  24.9 355.0 358.0  17.7 356.2  21.2  42.7  25.9
 wrfout_d04_2016-11-30_02:00:00 999.0  67.3  68.3  18.2  59.7  65.3  68.5  29.9  48.4  13.1   5.4 100.7 999.0  11.3 348.4  68.3 339.6   8.7  15.0   4.6 265.0   5.0 357.9  51.1  19.7  13.4  17.5  34.3  28.9  38.3  35.6
 wrfout_d04_2016-11-30_03:00:00 999.0  76.3  83.6 346.6  74.2  74.3  58.1  26.1  41.1   8.5  75.0 121.6 999.0   5.3 355.0  94.5 359.6   8.7  35.5  14.8 276.5   0.6 359.4  48.1   4.1   4.9  11.5 354.1  22.7  41.3  45.6
 wrfout_d04_2016-11-30_04:00:00 999.0  62.8  73.7  78.0  63.1  61.8  59.7  27.8  49.2  19.3  62.6 138.7 999.0   6.9 338.2  89.2 298.8  13.0 299.3  16.7 266.9   2.5 355.7  31.5 338.3 344.1  43.5 351.0  12.2  32.6  28.8
 wrfout_d04_2016-11-30_05:00:00 999.0  56.7  65.4  63.6  57.4  56.5  57.7  21.9  44.5  12.1  93.4 138.2 999.0   1.7 345.9  72.1 296.8  13.3 293.8   1.3 254.5  10.9 354.6  24.7 349.1 347.6  60.1  11.0  30.0  41.8  31.1
 wrfout_d04_2016-11-30_06:00:00 999.0  50.9  60.9  28.4  54.4  52.2  63.0  22.0  52.4  10.0 102.2 131.8 999.0  10.4 350.1   5.3 337.7  11.2  46.4 345.4 251.7  11.6 355.1  37.0 344.2 350.5  33.9  12.4  33.7  45.7  27.8
 wrfout_d04_2016-11-30_07:00:00 999.0  51.1  65.5  32.3  52.5  44.7  67.1  21.4  66.1  18.0  65.7 128.4 999.0  11.4 355.2  57.5 316.7  16.3  65.1 346.6 250.4   8.0 355.3  38.4 348.0 352.1  34.6 357.9  17.9  47.5  32.1
 wrfout_d04_2016-11-30_08:00:00 999.0  41.1  62.9  16.8  48.0  32.6  69.0  26.2  66.1  19.0  35.4  32.2 999.0   3.1 349.4  12.7 276.2  12.8 116.6 350.3 225.3  15.6 357.0  10.7 349.7 355.4  26.1 358.5  17.2  49.9  54.5
 wrfout_d04_2016-11-30_09:00:00 999.0  45.9  59.7  16.9  44.5  34.0  76.2  25.9  73.6  27.3  60.3   6.9 999.0  10.7 346.2  29.5 239.1   9.3 227.3 348.7 229.7  14.7   2.3  26.4 351.6 348.6 348.3 351.8  33.1  39.5  47.1
 wrfout_d04_2016-11-30_10:00:00 999.0  34.6  54.7  26.8  43.4  29.2  80.3  24.4  72.9  25.0  38.0 301.1 999.0  14.8 354.9  32.1 224.4   8.3 197.4 352.5 230.6  10.1   5.5  21.3 357.1   1.9   7.5   9.5  18.2  17.7  44.7
 wrfout_d04_2016-11-30_11:00:00 999.0  30.7  55.6  23.1  43.9  36.4  77.5  34.0  83.3  31.1  48.9 279.4 999.0   5.5 355.8 343.7 190.9  15.8 208.5 348.3 222.6  11.3   8.1  30.2 356.9 354.2  17.8   9.5   1.6  21.3  51.6
 wrfout_d04_2016-11-30_12:00:00 999.0  39.7  52.9  26.2  42.6  34.4  69.5  34.5  79.4  26.1 256.1 293.4 999.0   6.9 354.2 354.5 209.2  20.6 215.8 358.0 222.4   6.4  14.3  37.1 352.3   0.9   4.3 353.6  26.3  55.6  29.0
 wrfout_d04_2016-11-30_13:00:00 999.0  32.4  53.2  22.8  42.0  31.6  82.2  34.1  89.3  32.8 196.9 302.9 999.0   7.1 359.7 354.2 207.5  14.7 212.9   3.0 215.4   7.5  15.9  19.2 353.0 355.9  39.8   1.3  84.8  51.4  56.7
 wrfout_d04_2016-11-30_14:00:00 999.0  47.4  53.4   1.5  43.1  33.9  59.4  33.5  98.8  28.7 244.8 323.8 999.0  17.3 358.1 359.3 209.3  14.0 211.7 357.2 216.0  11.5  12.7  70.9   0.2   3.0  17.8  14.0   9.0  42.9  21.4
 wrfout_d04_2016-11-30_15:00:00 999.0  38.0  51.8  14.4  40.5  34.0  99.7  33.5  82.2  38.4 193.3 313.4 999.0  13.7   2.0 345.4 199.5  14.6 213.3 358.0 210.6   7.3  12.1  43.4 348.2 355.3   1.0   4.4   4.1  40.6  52.3
 wrfout_d04_2016-11-30_16:00:00 999.0  46.1  47.8   0.4  37.1  26.1  54.2  37.6  78.2  44.8 238.6 285.7 999.0  13.7  10.2  12.0 207.4  11.4 196.3   3.8 213.5   9.3  14.9  13.7 359.4 356.8 355.0  16.8  17.2  54.0  52.2
 wrfout_d04_2016-11-30_17:00:00 999.0  47.5  50.6   9.3  41.4  28.6 271.6  25.5  97.5  23.7 218.4 271.6 999.0   7.9   5.3  39.2 191.1  10.2 224.4   9.1 207.6  10.2  13.9  19.4   0.6   4.8  11.2 336.4  55.9  59.7  28.7
 wrfout_d04_2016-11-30_18:00:00 999.0  32.8  44.3  19.6  38.4  18.5  81.7  33.3  60.1  27.4 245.1 290.8 999.0  14.2   2.9 348.5 176.0   9.9 195.2  10.7 207.8   7.4  11.1  44.4   7.3   6.8 355.0 355.2   4.4  50.7   2.5
 wrfout_d04_2016-11-30_19:00:00 999.0  32.3  43.5  19.5  36.6  20.6 221.4  33.7 115.6  28.9 254.6 291.4 999.0  17.9   8.9  14.4 159.5  10.6 209.9   7.8 203.9  10.2  12.3  15.4 345.0 346.6 350.4  10.5   5.4  50.2 357.4
 wrfout_d04_2016-11-30_20:00:00 999.0  29.1  41.6  19.4  36.9  12.8  70.3  34.5 175.8  40.2 214.1 305.5 999.0  12.9 355.1  21.8 272.6  13.0 216.6  14.6 212.3   9.5  19.5  42.8 358.2 358.0  26.7   5.5 356.8  68.1 352.0
 wrfout_d04_2016-11-30_21:00:00 999.0  24.1  39.9  23.0  35.8  27.8 114.3  32.7 119.3  32.7 172.6 334.8 999.0  16.1   4.3  19.8  84.4  15.2 203.7  22.7 209.7  18.3  14.6  37.4   8.0  12.5   5.0  17.3  30.1  63.7 340.5
 wrfout_d04_2016-11-30_22:00:00 999.0  25.1  38.2  22.2  34.2  17.1 232.7  31.7 100.2  31.8  31.7 350.2 999.0  15.0  11.9  28.9  32.5  16.7 174.2 359.1 199.8  14.1  14.7  18.4 355.2   1.4   2.6 354.0  13.1  59.1 353.5
 wrfout_d04_2016-11-30_23:00:00 999.0  19.7  35.1  16.3  32.8  17.5 181.4  35.2  96.7  25.6  96.8 358.2 999.0  10.3   0.0  23.7 278.0  15.8 202.2   8.2 219.3  14.5  13.2  19.4   1.6   1.7  33.7 351.2  21.2  51.4 358.9
