 wrfout_d04_2016-08-17_00:00:00 999.0 200.4 268.3 294.6 266.2  19.1  94.9 248.4  82.0 160.7  35.7  51.1 999.0 194.2 185.5 192.2  20.2 171.2 199.0 174.6  77.9 166.2 163.0 202.6 143.2 150.7 197.3 175.6 231.8 211.7 205.7
 wrfout_d04_2016-08-17_01:00:00 999.0 251.9 283.1 307.1 255.9  45.4 126.3 257.8  56.4 207.3  90.0  64.8 999.0 161.8 183.6 132.9  30.9 168.4 207.2 184.7  18.3 165.5 172.3 191.9 147.0 176.7 191.8 177.7 221.3 209.5 214.4
 wrfout_d04_2016-08-17_02:00:00 999.0 233.3 294.4 316.7 221.7  46.0  81.3 254.1  52.7 243.0  89.4  82.1 999.0 185.6 187.5 138.2  24.5 171.6 217.9 185.1   9.3 162.8 171.9 196.1 178.3 178.9 191.6 168.9 223.3 213.9 199.3
 wrfout_d04_2016-08-17_03:00:00 999.0 217.5   8.1 322.0 123.6  32.9  53.4 245.9  25.9 240.8  89.7  88.1 999.0 208.9 200.6 139.1  10.1 171.8 231.3 187.5 323.2 162.4 173.5 190.4 171.6 176.2 191.6 166.0 197.4 211.8 201.3
 wrfout_d04_2016-08-17_04:00:00 999.0 297.7  26.6 325.8  29.1  34.5  50.0 271.5  10.9 275.2  96.1  92.6 999.0 240.8 231.8 151.0 273.5 172.5  11.0 189.3 225.3 169.5 172.8 188.0 176.1 177.1 189.7 167.8 216.5 214.4 196.3
 wrfout_d04_2016-08-17_05:00:00 999.0   4.0  23.4 342.1  18.6  39.9 356.4 271.5 346.7 279.3  85.0  97.1 999.0 272.3 224.2 157.4 260.4 166.5 308.1 183.9 278.7 163.7 172.9 192.3 189.8 179.5 187.7 172.3 202.8 212.1 187.9
 wrfout_d04_2016-08-17_06:00:00 999.0  43.1  35.8 335.1  38.1  45.5  60.5 306.4 140.0 281.9  73.6 132.8 999.0 265.8 215.5 167.5 241.7 168.4 249.5 188.0 346.1 161.3 171.8 191.7 174.5 175.1 185.9 165.4 212.7 210.1 188.5
 wrfout_d04_2016-08-17_07:00:00 999.0  61.3  35.5 325.1  35.9  31.1 217.7   2.7 170.5 327.8  53.0 145.9 999.0 252.5 221.8 173.0 245.8 164.7 171.2 190.0  61.1 163.2 172.9 198.0 175.1 172.4 187.2 176.1 218.5 209.2 189.3
 wrfout_d04_2016-08-17_08:00:00 999.0 113.3  51.5 350.4  84.0  36.9 333.7  23.4 216.8  81.7  34.8 136.3 999.0 233.4 233.1 179.8 246.5 164.2 191.6 179.8 101.1 164.1 165.4 200.1 168.1 165.8 185.5 171.2 206.2 209.2 195.3
 wrfout_d04_2016-08-17_09:00:00 999.0 112.8  93.1 310.0 131.7  54.2 262.5  92.9 136.3 113.7  37.5 155.2 999.0  77.8  13.3 195.0 317.1 170.0 210.0 185.5 130.8 170.5 174.4 207.0 173.3 174.3 185.8 168.3 194.2 212.6 189.9
 wrfout_d04_2016-08-17_10:00:00 999.0  82.0  95.8 344.3  75.8  40.4  97.9  38.5 137.3 187.1  26.9 167.2 999.0  69.4  16.9 192.2 153.9 170.1 209.3 181.2 128.6 164.8 172.4 207.9 182.7 179.4 193.6 175.4 187.1 213.9 186.8
 wrfout_d04_2016-08-17_11:00:00 999.0 141.3 108.9 295.5  69.9  75.9  65.4 331.5  79.1 183.0  23.3 180.3 999.0  59.4  32.0 183.6  53.5 164.2 196.3 174.4 158.6 169.1 168.0 211.9 174.6 167.0 199.6 173.4 213.9 212.6 198.2
 wrfout_d04_2016-08-17_12:00:00 999.0 138.9  78.4 277.2  35.3  35.8  80.9 146.3  35.2 181.5  17.8 171.9 999.0 135.7  52.3 203.6  52.8 174.0 181.8 172.1 169.0 169.2 166.7 218.4 171.8 172.2 202.0 183.6 196.9 213.8 195.2
 wrfout_d04_2016-08-17_13:00:00 999.0 162.8  79.1 243.7  44.7   3.4 133.3 231.9 205.8 191.6  20.1 317.6 999.0  97.2  57.7 207.8  35.5 170.8 194.6 186.7 188.8 172.2 159.6 219.0 143.6 157.7 211.6 165.0 208.5 216.8 190.9
 wrfout_d04_2016-08-17_14:00:00 999.0 217.7 220.8 275.2 267.5 307.9 209.6 235.4 197.4 184.2  13.0 325.1 999.0 134.4 135.8 215.5  25.7 167.6 193.1 174.6 190.7 157.4 165.6 239.4 150.1 134.1 202.2 178.1 211.6 217.5 197.4
 wrfout_d04_2016-08-17_15:00:00 999.0 207.8 277.6 283.0 301.9 159.9 231.7 179.3 208.5 179.5  32.7 300.9 999.0 142.9  59.8 224.1  61.7 163.8 200.5 170.5 200.2 165.8 147.0 230.4 139.9 119.9 200.2 163.0 223.8 207.3 199.3
 wrfout_d04_2016-08-17_16:00:00 999.0 206.3 279.9  70.3 265.8 213.4 231.3 193.3 205.5 129.8 193.2 305.8 999.0 181.5  21.2 244.7  45.8 164.9 187.8 177.5 191.4 160.4 133.6 233.3 128.4 135.7 197.7 174.0 216.9 212.8 212.8
 wrfout_d04_2016-08-17_17:00:00 999.0 188.4 313.5  73.2 336.7 228.7 249.7  74.6 222.6 104.8 208.6 304.3 999.0 175.5 253.9 280.6  26.5 165.7 183.2 182.8 196.7 164.2 147.3 235.7 142.7 149.0 202.6 171.9 211.2 219.4 206.8
 wrfout_d04_2016-08-17_18:00:00 999.0 216.8 344.9  34.8   3.1 239.3  80.8  25.2 196.2  94.6 232.4 320.1 999.0 189.1 299.1 312.2  59.7 164.1 196.5 167.3 198.5 161.0 128.1 256.1 144.2 124.6 198.9 174.6 217.0 216.2 207.7
 wrfout_d04_2016-08-17_19:00:00 999.0 237.9  19.7 328.4  20.1 239.5  73.2  61.5 325.0  79.2 170.9 303.0 999.0 183.5 228.4 337.7  27.6 161.8 188.0 170.6 190.7 164.7 129.3 258.9 139.1 124.7 196.1 159.1 219.2 212.4 204.0
 wrfout_d04_2016-08-17_20:00:00 999.0 292.0 316.0 109.3   1.6 221.6  68.4  68.4 122.7 111.4 184.1 285.5 999.0 211.7 173.8   0.5  59.3 161.6 179.7 175.7 203.5 161.6 125.4 255.1 138.3 138.6 201.2 164.9 214.6 214.7 195.6
 wrfout_d04_2016-08-17_21:00:00 999.0 355.8 345.7  89.1 354.0 201.8  66.4  68.2 354.5 159.9 233.2 284.9 999.0 183.8   3.9  36.7  20.9 162.0 194.4 174.5 201.4 165.4 132.5 232.3 133.3 132.7 209.7 162.7 215.5 216.6 204.6
 wrfout_d04_2016-08-17_22:00:00 999.0 349.9 354.3 117.6   3.3 235.3 129.6  73.2 118.2  74.9 268.4 261.8 999.0  65.5  64.5  38.7  53.7 166.3 205.2 174.9 198.2 162.4 134.0 267.7 146.8 138.9 231.6 165.7 225.7 214.8 206.5
 wrfout_d04_2016-08-17_23:00:00 999.0  11.9 352.9 182.6 264.7 343.3 138.0  94.7  96.1  67.5 291.3 313.2 999.0 186.4  65.3  15.6  35.9 157.9 209.6 182.9 212.9 164.9 137.7 148.4 140.2 141.8 294.6 168.2 228.7 215.0 208.7
