 wrfout_d04_2016-07-13_00:00:00 999.0 186.4 229.0 195.4 239.5 348.3 344.1 223.9  93.2 228.4  97.8 195.4 999.0 192.6 198.7 169.6  25.7 178.0 206.7 185.2 206.8 178.9 176.0 206.6 164.1 179.9 192.3 178.2 224.2 212.4 218.1
 wrfout_d04_2016-07-13_01:00:00 999.0 156.8 235.0 229.2 237.6  24.3 237.1 229.4 174.6 233.2  85.0 159.6 999.0 194.5 201.2 164.0  21.6 180.1 214.2 188.2 209.8 174.6 178.9 202.4 187.8 187.1 191.3 187.2 228.3 212.0 218.7
 wrfout_d04_2016-07-13_02:00:00 999.0 148.7 234.7 245.0 233.1  90.8 219.9 233.0 199.7 237.6  94.6 153.0 999.0 200.7 201.8 161.9 289.8 181.9 221.7 185.3 212.1 165.3 170.7 198.4 195.3 194.2 190.8 190.2 231.7 212.1 224.6
 wrfout_d04_2016-07-13_03:00:00 999.0 156.8 235.4 261.6 230.6  80.1 219.4 239.4 218.2 245.6  86.0 150.0 999.0 213.3 205.5 159.6 242.9 177.3 225.5 195.8 215.1 165.8 187.7 196.4 194.3 188.7 188.3 192.5 233.8 213.5 230.7
 wrfout_d04_2016-07-13_04:00:00 999.0 157.4 259.4 280.2 262.9  28.5 240.3 239.0 233.9 247.5  86.6 146.9 999.0 226.2 216.1 160.8 253.1 178.1 232.6 186.5 228.3 168.2 186.3 195.7 200.7 197.1 186.4 196.2 234.9 213.6 235.4
 wrfout_d04_2016-07-13_05:00:00 999.0 143.8 262.4 273.9 272.1  41.7 282.9 246.2 275.1 249.0  68.9 159.7 999.0 231.1 217.3 162.9 256.0 182.6 226.2 198.6 223.2 170.3 187.3 195.7 206.6 199.4 187.8 194.2 235.7 212.8 237.0
 wrfout_d04_2016-07-13_06:00:00 999.0 150.1 265.3 282.7 286.0  57.7 108.7 245.5 131.8 248.9  87.2 156.6 999.0 228.4 229.9 161.1 253.9 185.6 224.0 207.6 211.5 171.6 189.9 195.8 209.4 199.6 188.3 193.5 235.4 213.1 236.2
 wrfout_d04_2016-07-13_07:00:00 999.0 166.8 263.4 273.4 271.4  60.4 117.2 247.0 109.1 250.5 184.4 146.3 999.0 226.9 231.4 167.7 252.6 183.7 225.8 213.7 202.8 171.5 190.8 196.1 210.7 200.3 189.5 192.4 234.9 209.7 236.6
 wrfout_d04_2016-07-13_08:00:00 999.0 168.8 260.2 273.6 272.4  56.7 146.1 240.4 115.2 243.5 237.3 128.4 999.0 223.9 232.7 160.4 248.8 186.7 224.5 224.9 204.8 175.4 187.3 200.3 208.4 199.1 190.4 192.8 232.0 205.2 233.5
 wrfout_d04_2016-07-13_09:00:00 999.0 174.8 242.9 233.4 244.1  57.1 177.6 232.4 120.3 241.0 256.0  40.3 999.0 224.1 234.0 175.7 246.5 183.8 220.8 224.9 194.4 176.4 180.3 202.5 204.2 195.6 192.7 187.6 226.0 200.8 233.0
 wrfout_d04_2016-07-13_10:00:00 999.0 173.9 238.4 247.0 237.7  83.3 156.3 234.1 121.9 241.0 195.8 316.7 999.0 213.7 221.0  21.2 262.9 181.9 214.4 216.3 188.1 180.6 178.1 211.4 200.6 192.7 194.0 185.6 221.0 201.1 233.9
 wrfout_d04_2016-07-13_11:00:00 999.0 177.2 237.5 211.4 256.1 311.5 105.9 229.7  83.8 239.8   2.8 341.7 999.0 204.5 214.3  11.6 224.8 179.3 204.3 210.7 195.0 177.0 171.4 220.5 196.2 187.4 195.2 176.3 221.9 200.5 229.5
 wrfout_d04_2016-07-13_12:00:00 999.0 173.5 241.6 214.9 256.1 247.0 118.4 233.7  77.5 239.3  81.3  38.5 999.0 190.0 196.7  42.2  93.2 176.4 200.1 194.0 202.1 170.2 170.7 220.4 191.9 183.7 196.5 172.1 221.4 199.8 227.7
 wrfout_d04_2016-07-13_13:00:00 999.0 172.5 234.9 202.7 249.6 195.2  90.0 230.6 158.6 236.3  14.8  28.1 999.0 190.6 190.0  89.7  77.8 176.6 200.3 185.5 203.5 170.8 171.4 210.1 191.7 182.5 195.1 173.0 221.1 199.7 229.3
 wrfout_d04_2016-07-13_14:00:00 999.0 183.7 223.5 118.2 236.2 159.9  96.3 231.0 179.3 238.3 345.8  20.2 999.0 187.2 178.6  22.0  59.0 175.5 200.1 185.8 204.0 167.8 169.7 205.9 188.2 183.1 195.2 172.8 218.8 198.4 233.1
 wrfout_d04_2016-07-13_15:00:00 999.0 182.9 222.2 113.2 230.2 198.9 115.9 230.9 131.4 233.6 297.1  35.0 999.0 187.7 172.3  20.9  54.7 176.6 199.6 186.4 204.4 171.0 170.0 215.7 178.7 183.1 198.5 172.1 218.0 200.0 231.4
 wrfout_d04_2016-07-13_16:00:00 999.0 183.1 222.4 122.7 234.5 177.2 102.8 230.4 122.5 233.9 141.8  57.7 999.0 184.7 176.8  20.6  39.7 177.2 202.4 186.6 206.7 173.8 168.2 213.5 174.7 182.1 200.1 167.9 216.4 200.2 227.0
 wrfout_d04_2016-07-13_17:00:00 999.0 185.0 218.4 111.6 235.4 199.4  73.2 230.3 144.1 228.7 151.0 337.1 999.0 184.6 180.3   0.6  45.1 178.3 201.7 183.0 207.8 174.1 170.9 213.0 163.2 180.5 201.6 162.1 216.7 199.1 221.2
 wrfout_d04_2016-07-13_18:00:00 999.0 190.0 225.1  95.7 258.7 208.4 139.3 224.3 129.1 222.8 210.4   7.8 999.0 186.4 180.4 148.4  70.6 177.7 200.8 185.2 211.8 176.5 171.1 219.6 149.4 178.9 205.5 163.6 218.8 201.7 225.0
 wrfout_d04_2016-07-13_19:00:00 999.0 199.8 235.9  85.4 270.5 194.0 193.3 221.9 122.6 210.4 208.5 339.9 999.0 188.6 182.2 226.1  97.9 179.7 201.2 188.2 214.3 175.5 170.8 226.1 148.5 171.4 206.0 163.4 218.9 202.1 222.5
 wrfout_d04_2016-07-13_20:00:00 999.0 203.9 242.6  70.4 279.2 207.5 198.5 221.1  93.8 193.8 252.1 355.6 999.0 189.4 185.3 268.5  49.7 179.7 203.5 187.3 215.6 175.9 169.8 228.0 149.0 167.7 205.7 165.7 221.6 202.8 227.8
 wrfout_d04_2016-07-13_21:00:00 999.0 198.2 241.6  97.9 279.7 207.9 211.0 219.7 158.2 184.1 244.4 349.3 999.0 188.5 181.0 235.6  39.0 178.8 203.1 189.2 215.6 179.6 164.0 230.2 147.3 166.8 203.5 162.2 222.6 204.4 233.1
 wrfout_d04_2016-07-13_22:00:00 999.0 195.9 239.3 152.4 273.1 229.7 186.1 220.4 202.6 203.0 252.1 332.6 999.0 187.3 180.0 216.8  35.5 180.6 205.8 189.5 216.0 183.0 162.9 227.1 139.1 152.7 202.1 162.5 223.6 206.1 234.9
 wrfout_d04_2016-07-13_23:00:00 999.0 227.1 237.3 212.5 259.7 238.9 267.7 225.3  89.4 222.4  88.1 358.1 999.0 189.6 189.5 187.8  24.5 184.4 214.6 189.4 225.0 181.1 169.8 208.7 155.9 163.9 198.4 178.6 223.3 209.3 243.2
