 wrfout_d04_2016-10-31_00:00:00 999.0  41.7  66.4  53.7  57.4  50.4  63.8  45.7  63.1  42.2  35.4 305.3 999.0  14.4 348.6   0.5   7.7  22.4  66.2   5.6  27.0  21.1   5.8  36.3 336.2 338.9  23.7 339.9  28.1  34.3  48.8
 wrfout_d04_2016-10-31_01:00:00 999.0  42.0  63.0  43.8  54.9  50.7  68.5  43.9  60.3  43.6  23.4 314.0 999.0  10.8 341.8  17.0 359.8  23.6  59.3 351.6  20.1  23.3   7.2  37.7 354.9 347.7  44.2 288.0  27.4  33.9  50.1
 wrfout_d04_2016-10-31_02:00:00 999.0  40.7  62.3  34.8  55.6  46.7  69.3  38.2  58.1  39.4  86.0 308.0 999.0   9.8 343.4  27.8 335.7  25.3  54.5 345.2  19.2  23.2  11.5  38.1 356.0 352.5  48.3 279.8  36.0  33.8  51.2
 wrfout_d04_2016-10-31_03:00:00 999.0  34.2  61.1  32.5  53.7  48.0  74.4  37.7  58.9  35.6  84.2 303.8 999.0   7.7 350.4  35.0 328.5  24.6  53.3 343.9  13.0  18.5   2.3  37.9 356.3 351.6  49.0 275.8  40.6  34.3  50.9
 wrfout_d04_2016-10-31_04:00:00 999.0  32.0  60.1  31.5  52.5  47.6  78.7  36.4  62.2  31.3  54.5 335.7 999.0   8.9 347.3  33.3 323.0  24.4  51.3 337.5   9.7  18.1 355.7  39.4 359.2   0.7  53.8 262.8  45.4  36.2  50.6
 wrfout_d04_2016-10-31_05:00:00 999.0  31.8  59.9  34.0  52.2  42.1  79.6  35.6  65.2  31.0  71.3  25.3 999.0  10.3 349.1  30.8 317.4  23.3  48.4 339.9   3.7  18.4 355.2  40.0 349.3 354.9  54.3 254.5  46.3  35.1  51.7
 wrfout_d04_2016-10-31_06:00:00 999.0  29.6  58.5  31.8  50.3  38.4  81.2  35.7  68.5  32.1  74.9   1.0 999.0  11.4 349.5  30.8 306.6  22.8  44.6 341.3  15.2  18.8 355.1  36.2 340.2 343.7  51.8 248.5  44.8  36.2  52.8
 wrfout_d04_2016-10-31_07:00:00 999.0  31.3  59.6  32.4  51.1  38.7  80.3  37.0  71.1  34.2  67.8   3.7 999.0  11.5 349.2  20.8 285.5  22.8  45.1 341.6  25.2  20.5 355.6  35.8 336.9 341.9  50.7 254.0  43.5  35.6  52.7
 wrfout_d04_2016-10-31_08:00:00 999.0  31.8  59.2  29.5  49.3  35.7  81.5  37.7  67.9  33.7  59.8 349.1 999.0   8.5 352.4  18.3 282.0  21.6  51.0 344.0  38.3  19.4 357.4  31.4 338.9 337.4  46.1 274.5  42.6  33.8  53.4
 wrfout_d04_2016-10-31_09:00:00 999.0  32.3  57.6  24.4  47.9  35.6  83.1  42.3  66.5  31.6  50.1 352.8 999.0   9.1 353.0  18.5 268.8  20.5  54.0 352.0  60.8  15.9   2.1  24.7 343.7 344.2  39.5 285.7  38.6  31.2  54.8
 wrfout_d04_2016-10-31_10:00:00 999.0  28.2  55.9  27.4  47.1  36.2  82.9  47.3  73.3  36.9  41.3 306.4 999.0  11.1 359.9   7.3 194.8  20.3 143.5 352.8 127.3  16.9   7.4  22.4 348.4 348.2  26.8 294.7  25.2  30.4  54.7
 wrfout_d04_2016-10-31_11:00:00 999.0  29.0  53.5  28.4  46.2  35.2  84.8  49.9  69.9  38.4  16.4 276.5 999.0  14.4   3.3   8.9 192.7  23.3 213.1   0.4 216.0  15.7  14.5  21.0 354.3 358.6   2.9 311.6  15.3  30.4  54.6
 wrfout_d04_2016-10-31_12:00:00 999.0  27.2  55.1  26.9  47.9  33.6  68.4  52.3  80.5  37.8 148.3 267.5 999.0  17.3   9.7  14.2 197.1  23.4 214.7 359.3 178.9  21.7  14.9  25.1   0.2   3.5 353.5 355.1  12.7  30.7  54.5
 wrfout_d04_2016-10-31_13:00:00 999.0  28.4  55.2  32.2  47.7  34.2  76.2  51.4  77.5  45.4 228.4 266.5 999.0  17.8   7.8  15.8 195.1  24.2 219.9 353.2 176.7  21.9  18.5  24.3   8.6  10.3   4.3   2.6   6.1  27.5  54.2
 wrfout_d04_2016-10-31_14:00:00 999.0  27.4  53.6  31.6  46.7  36.9  70.6  51.0  67.9  42.5 208.1 260.3 999.0  18.4   4.7  22.0 147.5  24.5 200.2 349.1 165.9  21.7  14.9  24.1   7.1   9.9   6.3  12.8   8.1  32.6  49.4
 wrfout_d04_2016-10-31_15:00:00 999.0  27.8  51.4  30.1  46.1  30.3  57.9  45.6  52.8  40.7 240.3 265.9 999.0  19.7   8.6  30.4 164.8  24.2 186.7 353.3 164.5  21.0  16.8  26.5 358.7   3.7   2.8 358.9   5.3  35.1  46.8
 wrfout_d04_2016-10-31_16:00:00 999.0  26.0  49.9  27.7  44.3  31.4  71.0  47.0  66.2  44.5 220.5 293.8 999.0  20.0   8.0  29.7 164.4  24.2 155.3 358.3 162.7  21.4  12.9  23.8 355.8   2.7   5.0 349.0   2.1  31.0  34.3
 wrfout_d04_2016-10-31_17:00:00 999.0  26.8  50.2  27.1  44.7  30.0  71.3  47.6  69.3  43.7 237.7 282.3 999.0  19.5   9.4  29.9 129.6  25.6 170.5   1.4 166.3  22.5  11.6  23.8 354.5   1.1   6.9 351.2   2.6  34.6  40.1
 wrfout_d04_2016-10-31_18:00:00 999.0  26.6  48.3  24.4  43.8  32.8  70.5  46.8  67.3  46.7 220.4 281.1 999.0  20.1  10.2  31.5 157.6  26.5 168.7   2.0 165.0  23.9  21.7  21.8 359.2   4.9  11.0 345.2   9.1  24.6  41.8
 wrfout_d04_2016-10-31_19:00:00 999.0  25.0  50.0  25.2  44.2  33.7  71.5  46.2  65.1  45.7 235.5 301.7 999.0  20.2   7.4  30.0  88.0  27.4 162.7   5.1 166.6  23.1  21.7  21.9   0.2   4.2   9.4 342.6  11.7  33.1  40.6
 wrfout_d04_2016-10-31_20:00:00 999.0  26.7  48.2  25.4  43.9  32.4  76.0  52.2  74.6  42.7 240.8 273.0 999.0  21.6   8.4  29.0 106.7  27.0 128.1   3.3 169.9  24.0  19.6  26.2 354.1 354.6  14.1   4.2  21.9  35.3  41.0
 wrfout_d04_2016-10-31_21:00:00 999.0  28.2  47.2  28.8  43.7  30.6  75.6  50.5  88.6  47.0 229.8 270.7 999.0  22.4  10.0  29.1 141.9  27.0 140.5 359.7 175.1  24.5  20.9  26.9 350.7 357.8  13.4 336.4  19.9  32.3  43.7
 wrfout_d04_2016-10-31_22:00:00 999.0  30.5  49.2  20.9  44.9  31.5  83.4  48.2  79.8  51.2 237.7 298.4 999.0  22.0   8.1  29.3 171.0  26.7 161.6   0.8 180.7  23.4  22.2  24.5 355.2   3.1  12.5 318.4  18.8  28.8  50.5
 wrfout_d04_2016-10-31_23:00:00 999.0  30.2  50.4  38.1  46.0  33.3  70.2  52.4  66.3  48.7 245.1 277.2 999.0  21.6  12.1  29.7 196.4  27.1 209.3 356.9 184.8  23.6  22.7  23.9   7.9  16.5  12.7 314.1  17.7  38.7  52.0
