 wrfout_d04_2016-03-28_00:00:00 999.0  45.0  63.5 158.3  59.5  56.1  80.3  73.3  71.5  49.2 233.7 294.0 999.0  20.4  17.1 349.6 318.7  33.8  84.5   3.4 321.9  33.5  19.1  21.7   8.4  11.9   1.8 350.9   8.9  64.4  58.7
 wrfout_d04_2016-03-28_01:00:00 999.0  55.5  72.7  96.6  69.5  70.1  80.4  61.0  72.4  46.3 215.8 310.6 999.0  16.2  12.4 353.2 253.3  34.6  38.4   7.9 332.4  28.6  22.6  30.8   8.4   8.3  30.0 342.4  36.7  34.6  51.5
 wrfout_d04_2016-03-28_02:00:00 999.0  65.9  78.3  90.7  75.2  67.1  78.7  54.4  70.8  44.8 181.3  33.6 999.0  11.2 355.9   3.9 246.9  33.6  28.7 357.4 336.9  28.0  21.9  32.9   4.1   5.2  49.0 270.1  38.5  45.7  54.5
 wrfout_d04_2016-03-28_03:00:00 999.0  71.0  82.3  96.6  78.4  63.5  77.5  41.3  74.7  47.2 102.2  85.6 999.0   5.1 337.3  13.4 245.9  24.9  13.1 350.7 334.4  20.5  15.1  36.4 358.7 358.2  53.9 247.5  41.9  41.3  53.6
 wrfout_d04_2016-03-28_04:00:00 999.0  74.9  84.1 101.3  79.6  70.5  80.0  37.5  85.3  43.5  86.2 102.0 999.0 359.4 335.3  21.3 247.0  20.6 345.4 316.5 332.5  16.7 354.5  37.3 328.5 310.1  52.9 248.0  45.7  45.5  57.3
 wrfout_d04_2016-03-28_05:00:00 999.0  79.7  86.0 104.4  80.6  72.8  87.1  34.6  92.6  41.2 106.1  96.1 999.0 358.6 336.1  30.5 250.7  19.4 357.8 295.8 333.3  14.0 339.1  43.9 311.4 271.5  52.4 248.2  48.0  48.9  57.5
 wrfout_d04_2016-03-28_06:00:00 999.0  83.7  87.0 107.7  82.0  73.5  90.4  30.5  93.4  43.1 100.0 100.2 999.0 359.5 338.2  41.6 253.5  20.9 357.9 287.9 328.6  12.2 340.4  38.8 301.6 274.9  53.7 254.7  51.6  48.2  59.4
 wrfout_d04_2016-03-28_07:00:00 999.0  86.4  88.1 109.2  83.1  81.8  95.1  32.1  91.8  43.9  99.3 102.2 999.0   1.1 342.4  46.6 250.6  21.3   6.1 305.6 322.7  11.0 344.8  38.8 312.7 293.0  59.2 257.7  53.3  52.7  66.9
 wrfout_d04_2016-03-28_08:00:00 999.0  87.1  93.5 116.8  88.0  91.2 102.5  40.3  90.8  45.3 100.8 127.3 999.0   2.8 344.1  44.4 247.7  18.7  25.7 321.9 325.8   9.6 343.5  36.2 320.0 307.8  55.2 263.3  49.6  43.8  68.4
 wrfout_d04_2016-03-28_09:00:00 999.0  93.8  95.6 122.8  88.9 108.5  97.3  62.8  87.2  47.9 101.0 146.9 999.0   6.1 341.8  48.7 231.0  22.4  14.6 319.6 318.9  10.4 340.4  18.9 323.1 314.9  36.6 272.4  36.8  68.9  63.1
 wrfout_d04_2016-03-28_10:00:00 999.0 103.7 101.3 121.8  84.7 106.8  85.0  60.5  73.1  41.3 115.8 161.1 999.0   7.1 344.9  56.7 206.6  22.8 205.7 329.7 240.4   8.5 338.4 354.6 326.9 324.8  29.4 279.2  10.2  62.7  70.3
 wrfout_d04_2016-03-28_11:00:00 999.0 108.4 105.5 119.1  87.4 109.0  80.8  58.9  71.1  51.7 169.9 176.7 999.0   6.7 346.6 301.4 234.8  19.9 166.2 335.4 214.7   9.4 344.7 348.3 329.2 335.9 345.4 274.7 347.1  60.7  78.6
 wrfout_d04_2016-03-28_12:00:00 999.0 110.0 108.5 118.0  89.3 103.6  81.6  66.9  65.0  91.5 166.9 192.1 999.0 351.5 334.1 285.1 204.0  18.7 160.2 359.9 219.0   7.2  12.4 331.1 358.5   2.4 331.0 280.6 342.0  44.2  73.6
 wrfout_d04_2016-03-28_13:00:00 999.0 120.2 113.6 119.9  90.8  92.6  89.1  88.1  64.1 111.5 185.8 194.3 999.0 348.3 275.3 264.6 197.4  11.3 183.6  20.5 221.9   5.0  52.3 320.9  28.4  22.1 342.5  18.2 340.5  44.4  66.1
 wrfout_d04_2016-03-28_14:00:00 999.0 131.7 121.0 120.7  94.3  93.0  82.2 124.4  58.0 107.4 311.4 199.4 999.0  89.0 157.7 248.0 189.9  17.3 186.6  45.1 215.3   8.5  50.1 316.0  43.9  39.9 344.1  38.6 341.0  83.9  63.9
 wrfout_d04_2016-03-28_15:00:00 999.0 144.7 133.0 121.2 103.1  37.9  64.6 149.1  42.8 120.7 316.7 195.0 999.0  87.9 138.1 256.0 165.9  22.1 190.4  71.1 210.6   9.9  48.5 323.1  35.2  30.5 351.8  23.1 341.7  72.8  68.0
 wrfout_d04_2016-03-28_16:00:00 999.0 137.3 144.2 122.3 110.4 324.4  55.4 182.1  10.3 115.8 327.1 203.9 999.0  86.6 119.2 247.6  77.1  38.1 183.8  67.3 205.9   2.9  51.8 336.2  41.5  36.9 348.8  20.8 342.3  40.4  89.2
 wrfout_d04_2016-03-28_17:00:00 999.0 145.1 155.5 121.3 115.5 298.8  63.1 189.0 318.2 109.9 334.5 213.0 999.0 130.3 184.4 250.4  89.8  50.7 185.3  76.8 200.7 353.4  52.2 327.3  29.4  26.7 352.4  20.9 345.1 100.9  79.5
 wrfout_d04_2016-03-28_18:00:00 999.0 154.8 163.4 119.4 125.1 284.9  74.8 195.4 275.4  99.3 336.3 257.1 999.0 135.1   0.0 250.2  81.9  38.8 190.1  45.7 201.5 353.6  37.6 306.6  51.7  47.3 355.6  21.8 341.6  77.5  88.0
 wrfout_d04_2016-03-28_19:00:00 999.0 157.7 164.0 120.3 127.2 255.3 106.6 194.4 268.6 100.7 332.1 270.3 999.0 132.0 351.6 241.9  81.9  47.6 191.3  28.7 206.1   3.0  41.9 303.8  25.5  48.3 337.5  28.1 334.9  76.7  83.9
 wrfout_d04_2016-03-28_20:00:00 999.0 164.9 164.6 128.2 124.4 247.5 280.8 189.1 299.1 102.7 328.3 259.9 999.0 133.4 348.4 245.5 100.4  64.7 189.6  58.9 209.9  13.5  49.7 295.7  50.4  60.9 322.4  28.4 330.9  95.9  81.7
 wrfout_d04_2016-03-28_21:00:00 999.0 161.9 172.3 132.5 124.6 246.0 299.6 183.5 233.7 106.6 334.7 262.5 999.0 120.9  12.6 247.4 103.3  64.2 191.0  49.7 211.0  24.5  51.3 294.2 116.8  89.0 326.2   9.8 336.8  94.8  73.0
 wrfout_d04_2016-03-28_22:00:00 999.0 164.2 175.0 137.0 117.0 247.2 281.1 180.4 240.1 110.6 334.8 259.6 999.0 107.4  36.4 244.4 119.0  78.6 190.5  70.0 211.8  49.1  51.9 293.5  96.8 104.4 323.7   7.1 340.2  98.8  71.4
 wrfout_d04_2016-03-28_23:00:00 999.0 173.1 174.2 153.6 130.3 243.0 274.8 193.0  45.2 126.9 339.5 212.5 999.0  94.9  36.2 246.0  21.4  84.3 200.4  40.1 218.9  62.3  45.3 277.1  61.4  67.5 356.1  22.4 346.2  62.6  72.7
