 wrfout_d04_2016-03-07_00:00:00 999.0  31.6  78.4 321.6  87.3  73.9  28.3  28.3  46.0  31.1  44.6 328.9 999.0   9.2 222.1 323.2 246.3  40.2 224.3 302.5 264.4  34.0  30.6  54.2   3.1  10.8   2.2 299.2  56.6  58.5  86.9
 wrfout_d04_2016-03-07_01:00:00 999.0  76.8  97.3 300.8 105.0  68.4  64.4  22.3  44.7  15.4 162.5  51.6 999.0 350.6 223.0 102.4 269.4  34.5 235.2 317.0 270.8  16.7  23.7  56.2   0.0  33.4  58.9 256.1  68.8  83.0  96.5
 wrfout_d04_2016-03-07_02:00:00 999.0  88.6 100.0 303.9  95.5  52.2  63.8  13.8  37.8   5.0 108.2  70.5 999.0 343.9 204.6 102.3 245.0  32.2 238.6 277.2 275.3   2.9 340.4  91.3 341.8 317.8  75.8 251.3  81.6  77.1 101.0
 wrfout_d04_2016-03-07_03:00:00 999.0  81.2 115.8 312.3 122.4  44.9  64.4   1.9  35.5 344.6  91.1  81.6 999.0 344.0 221.6 109.3 250.7  26.4 241.5 236.1 278.4   5.5 317.1  95.8 274.2 261.9  93.4 253.1  92.2  78.6  99.4
 wrfout_d04_2016-03-07_04:00:00 999.0  92.7 135.0 309.7 161.5  52.1  67.2  13.3  14.3 322.6  93.8  92.1 999.0 341.7 245.3 106.4 254.0  24.9 243.4 223.2 278.9 359.3 317.3  94.7 240.7 237.3 110.1 253.1 109.1  84.3  92.4
 wrfout_d04_2016-03-07_05:00:00 999.0  95.0 126.4 312.5 140.0  45.4  68.4   5.6  36.9 319.8  86.8  92.6 999.0 341.3 250.1 101.3 252.3  28.3 240.4 235.3 276.3 351.2 319.1  94.7 233.6 238.7 119.2 250.1 116.7  87.6  93.3
 wrfout_d04_2016-03-07_06:00:00 999.0  97.0 108.2 309.6 139.3  59.1  59.6   4.7   2.8 320.0  82.8 111.3 999.0 339.8 260.8 102.0 247.7 349.3 235.8 248.1 272.5 345.7 313.1 105.4 241.1 242.6 122.6 247.9 122.8  93.9 104.5
 wrfout_d04_2016-03-07_07:00:00 999.0  92.6  92.7 298.3 103.3  78.9  51.7   7.2 336.6 325.5  97.8 126.8 999.0 333.6 265.6 116.2 243.5 329.7 231.3 256.5 264.0 344.2 309.7 107.5 242.5 243.3 119.2 242.8 128.0  98.9 102.9
 wrfout_d04_2016-03-07_08:00:00 999.0 104.6 100.7 273.8  99.7 115.4  23.0  13.3 322.5 323.9 100.4 135.2 999.0 334.1 274.1 117.4 237.5 326.3 229.1 259.0 255.8 337.0 308.0 137.0 245.4 247.1 140.3 242.2 134.5 100.5 104.8
 wrfout_d04_2016-03-07_09:00:00 999.0 122.1 110.9 261.0  91.6 130.2  22.8   9.9 321.8 331.9  79.2 142.0 999.0 341.8 279.1 138.6 240.9 331.2 224.9 270.5 247.0 334.8 308.4 124.4 249.0 248.9 146.0 245.6 132.0  99.6  99.0
 wrfout_d04_2016-03-07_10:00:00 999.0 130.9 137.1 262.3 131.4 129.9  36.9  18.2 264.9 318.6  86.8 147.6 999.0 342.8 287.3 174.6 226.9 337.1 213.1 272.9 216.5 339.7 314.0 137.3 254.1 260.5 136.1 253.9 131.5  93.3  97.6
 wrfout_d04_2016-03-07_11:00:00 999.0 130.2 152.0 258.1 120.5 173.0 242.0  15.3 229.0 285.2  78.3 153.2 999.0 348.8 260.5 212.3 199.4 356.4 193.8 284.4 226.6 349.4 328.2 216.7 278.6 293.6 144.9 252.9  90.1  90.1  93.5
 wrfout_d04_2016-03-07_12:00:00 999.0 139.3 164.4 246.5 116.7 220.4 228.9 274.9 237.3 261.5  71.9 139.6 999.0 332.5 218.7 214.4 158.3   7.4 193.0 317.7 231.6  12.1 356.8 251.9 302.9 322.8 195.0 254.7 277.6  85.8  90.8
 wrfout_d04_2016-03-07_13:00:00 999.0 134.9 182.1 142.0 144.6 211.7 198.7 268.8 230.5 256.5   7.9 126.9 999.0 286.0 213.8 209.2 144.5  28.8 194.9 345.2 234.2  32.3 350.3 276.9 334.1 320.3 247.7 267.7 313.6  86.2  91.7
 wrfout_d04_2016-03-07_14:00:00 999.0 138.4 193.4 219.9 171.5 234.9 253.8 253.6 136.5 333.0  17.8  32.8 999.0 265.6 198.1 185.3 171.6  52.7 195.5   4.3 236.3  45.5   6.9 277.6  22.5  34.0 259.7 301.4 347.4  85.7  92.7
 wrfout_d04_2016-03-07_15:00:00 999.0 143.1 194.5 306.1 164.6 232.0 218.5 239.7 260.3  98.2  21.0  20.1 999.0 295.9 173.3 233.9 160.3  57.8 196.0 334.8 240.1  20.6  34.6 277.1 354.3 359.6 303.1 309.5 342.6  85.6  90.2
 wrfout_d04_2016-03-07_16:00:00 999.0 149.4 178.7 324.8 139.8 222.6 238.5 224.3 268.9 218.4  29.4 359.0 999.0 336.1 175.4 240.7 152.1  38.6 195.7 346.6 242.1 349.9  36.6 259.7   8.6  31.8 321.6 351.6   5.8  83.4  88.0
 wrfout_d04_2016-03-07_17:00:00 999.0 151.5 178.9 165.4 119.0 201.9 234.0 214.5 280.0 182.2  16.7 350.3 999.0 311.9 173.0 252.1 153.2   2.2 196.6   0.3 246.8 358.4  29.2 256.6   6.5  11.0 318.7  18.4 354.2  81.3  89.3
 wrfout_d04_2016-03-07_18:00:00 999.0 158.0 183.1 323.5  56.8  52.0 287.4 220.0 274.4 193.0 342.8 350.0 999.0 328.0 177.9 244.6 161.9 348.1 194.3   7.9 250.1  11.3  33.7 280.3   4.6   4.3 324.5   5.3 355.0  81.3  89.3
 wrfout_d04_2016-03-07_19:00:00 999.0 161.5 167.0 330.0  46.1  85.5 271.7 228.4  38.5 254.9   1.7 342.9 999.0 316.2 196.2 246.3 159.4 352.7 192.6   3.9 253.8   6.9  27.6 284.2 342.0 355.0 329.5 358.0   5.9  81.6  86.2
 wrfout_d04_2016-03-07_20:00:00 999.0 167.3 131.0 329.0  49.6  75.1 280.2 251.1 167.8 279.6 347.6 340.3 999.0 329.9 182.7 252.3 165.7 344.7 190.3 354.6 256.7  13.1  25.4 293.4 340.4 358.2 323.9 356.1   0.4  81.6  84.1
 wrfout_d04_2016-03-07_21:00:00 999.0 168.2 102.4 334.7  59.1  29.7 317.1 205.3 277.0 323.0 357.9 351.1 999.0 322.9 159.4 243.4 168.8   1.2 188.1 345.0 257.8  19.0   4.7 303.2 334.8 358.4 336.7   9.2 354.1  83.4  85.1
 wrfout_d04_2016-03-07_22:00:00 999.0 171.0 129.8 343.4  92.8  32.3 283.8 203.6 260.5 142.1 354.8  19.7 999.0 338.4 191.6 239.6 171.3   5.1 188.8 344.6 256.1  32.4 355.7 297.0 318.9 345.8 338.8  15.2 358.8  86.3  86.2
 wrfout_d04_2016-03-07_23:00:00 999.0 159.7 144.2 300.6 110.2  14.9 277.5 226.5  23.4 137.5   2.2  46.8 999.0 325.9 204.4 243.4 192.6  24.0 199.1 354.1 258.7  51.6   1.8 267.5 339.8   3.8 330.8  21.0   7.8  83.7  89.7
