 wrfout_d04_2016-07-05_00:00:00 999.0 146.6 145.5 134.0 140.4 146.6 100.8 343.9 169.1  17.4 125.6 165.5 999.0   4.6 355.6 216.9   7.2 277.0  56.2   5.1 140.1 257.6  23.6  31.2   8.7  14.1  27.7   4.2  27.3  59.3  61.3
 wrfout_d04_2016-07-05_01:00:00 999.0 139.7 139.6 138.2 138.4 139.4 123.5   4.2 133.5   7.7 125.2 161.5 999.0 359.6 356.1 174.4 352.1 359.1  41.8   5.0 127.2  24.8   4.5  56.6   3.1   3.6  59.6 338.9  41.2  58.4  62.3
 wrfout_d04_2016-07-05_02:00:00 999.0 133.0 140.4 141.9 141.9 138.8 131.6 356.7 162.5  12.6 118.2 159.0 999.0   3.2 345.2 140.0 349.9   8.8  32.6 359.2 118.4  17.8 350.5  65.7   6.4   6.0  69.9 268.1  59.0  54.3  66.7
 wrfout_d04_2016-07-05_03:00:00 999.0 130.7 138.6 144.3 140.4 140.0 114.9 345.8 190.9   4.6 113.9 155.0 999.0   0.2 345.6 135.2 328.3   3.1  32.4 358.1 112.7  15.5 347.3  72.1   8.2  16.3  69.3 255.2  55.9  56.5  66.8
 wrfout_d04_2016-07-05_04:00:00 999.0 126.9 131.4 137.4 134.2 137.4 114.0 345.1 106.6 350.1 113.6 152.0 999.0   2.1 351.8 131.1 323.7   1.4  30.0 348.7 108.9  15.6 344.6  67.3 355.4 357.5  67.5 259.0  56.6  54.2  69.7
 wrfout_d04_2016-07-05_05:00:00 999.0 122.5 125.2 133.4 127.8 135.7 113.2 331.0 107.4 322.2 112.2 151.4 999.0   2.5 351.8 127.7 317.2   8.2  26.5 338.0 109.2  16.7 345.5  62.9 336.4 343.4  63.2 268.9  56.1  52.8  70.3
 wrfout_d04_2016-07-05_06:00:00 999.0 119.2 122.2 132.4 122.1 133.7 115.1 336.2 109.8 312.0 110.3 151.7 999.0   4.8 350.8 128.0 308.5  12.8  27.2 338.7 105.0  14.9 346.4  54.9 332.0 338.3  59.7 276.6  53.8  51.9  69.0
 wrfout_d04_2016-07-05_07:00:00 999.0 117.2 120.0 130.6 117.9 131.7 116.0 330.0 109.1 319.7 112.1 153.0 999.0   4.3 348.7 128.2 307.6  17.8  41.5 338.1  96.0  11.9 349.3  51.4 330.5 338.5  56.4 282.1  50.6  52.7  70.1
 wrfout_d04_2016-07-05_08:00:00 999.0 117.5 118.5 128.8 113.9 128.0 112.6 306.9 105.1 319.3 114.6 154.3 999.0   5.1 351.2 128.1 306.5  21.1  45.7 338.6  90.6  10.7 351.3  45.7 331.8 339.0  55.2 286.1  46.8  52.3  68.6
 wrfout_d04_2016-07-05_09:00:00 999.0 116.7 116.9 128.0 109.0 123.2 105.8 269.7  96.0 306.2 114.9 157.2 999.0   2.5 349.0 131.0 313.1  21.5  53.3 346.5  98.0   9.2 354.1  37.3 340.8 347.8  52.7 290.4  42.3  51.9  66.1
 wrfout_d04_2016-07-05_10:00:00 999.0 114.3 114.3 124.6 100.3 115.6  98.7 246.7  87.4 276.1 108.2 161.4 999.0   2.8 347.7 124.8 318.1  17.8  55.9 346.6 132.7   8.2 356.5  30.6 337.3 342.6  47.2 289.1  36.5  52.9  64.7
 wrfout_d04_2016-07-05_11:00:00 999.0 113.2 115.5 124.3  99.7 107.3  90.5 214.7  79.2 247.8 105.4 166.1 999.0   0.1 352.3 127.5 207.2  18.8  89.8 350.4 142.2  11.6   2.6  18.6 349.0 352.7  36.6 269.7  28.0  54.6  63.8
 wrfout_d04_2016-07-05_12:00:00 999.0 115.7 117.2 125.4 101.8 103.6  91.5 109.5  77.1 179.3 102.0 168.5 999.0 358.2 354.3 176.6 169.7  17.2 216.9 351.4 146.6  17.3   7.6  15.6 352.6 353.4  18.8 252.6  21.2  54.5  61.1
 wrfout_d04_2016-07-05_13:00:00 999.0 118.3 119.1 126.1 104.2 108.6  90.6 111.9  75.1 176.5  97.2 170.6 999.0 349.0 346.6 285.9 172.4  16.3 239.9 356.0 147.0  15.9  11.9  16.2   0.5   3.7  12.7 230.5  17.8  53.4  62.9
 wrfout_d04_2016-07-05_14:00:00 999.0 119.5 120.1 126.1 105.7 108.1  87.0 120.9  74.4 147.2 109.8 173.5 999.0 336.2 332.3 293.0 180.6   9.7 238.6   0.8 145.1  13.5  10.9  18.4 351.7 357.4   5.9 221.1  16.8  49.5  61.4
 wrfout_d04_2016-07-05_15:00:00 999.0 121.3 120.6 126.8 106.5 107.7  88.7 122.4  74.4 110.4 110.2 175.7 999.0 202.2 268.3 289.0 184.1 355.3 238.3 358.4 145.9   6.2  13.7  17.4 353.2   0.7   4.0 237.4  10.9  51.8  61.8
 wrfout_d04_2016-07-05_16:00:00 999.0 124.1 120.5 127.9 106.9 109.2  89.0 116.0  72.2 114.8 112.8 174.7 999.0 192.9 184.5 284.9 181.9 352.7 234.3 349.7 146.2   1.0  14.1  17.1 346.4 347.6   7.6 289.1   7.3  45.6  62.3
 wrfout_d04_2016-07-05_17:00:00 999.0 124.2 120.5 128.9 107.0 110.3  90.1 135.1  72.7 108.6 111.7 180.0 999.0 186.0 175.0 286.9 183.3 352.5 234.6 343.7 146.0 355.2  17.2  12.2   3.8   7.7   1.5 311.6   4.7  44.7  57.7
 wrfout_d04_2016-07-05_18:00:00 999.0 122.8 120.9 129.4 106.8 108.4  87.3 149.6  71.4  80.3  56.1 175.0 999.0 185.3 159.0 287.0 183.4 349.3 229.2 336.3 145.6   1.3  26.6  20.5  14.3  19.2  10.8 310.7   1.1  45.0  59.3
 wrfout_d04_2016-07-05_19:00:00 999.0 121.0 120.9 129.2 106.7 106.4  83.5 164.8  68.7  83.1  70.0 170.8 999.0 177.6 176.7 283.0 184.4 351.3 219.6 335.6 146.2   1.1  42.6  20.2  22.2  19.7  12.7 297.4  10.8  46.6  59.3
 wrfout_d04_2016-07-05_20:00:00 999.0 120.8 119.9 128.0 104.7 104.2  84.8 173.1  67.7  85.1  18.9 174.0 999.0 166.5 180.3 289.0 187.8 350.4 228.9 327.6 145.7 355.0  56.0  21.8  24.1  10.7  10.4 267.6   8.9  48.3  56.8
 wrfout_d04_2016-07-05_21:00:00 999.0 119.4 118.1 126.5 102.7 101.6  83.4 174.7  65.6  78.3   6.0 172.3 999.0 160.8 158.0 292.1 204.7 357.4 226.2 324.7 143.8 353.0  57.0  21.0  32.4  17.5   9.0 214.2   7.6  50.6  58.4
 wrfout_d04_2016-07-05_22:00:00 999.0 115.7 115.9 126.6 102.1 104.1  86.0 149.6  68.8  55.8  92.8 169.3 999.0 166.0 155.3 287.5 223.0 356.8 225.0 163.7 141.5 350.3  66.6  25.2  62.3  53.4  10.0 235.3   9.0  51.6  58.9
 wrfout_d04_2016-07-05_23:00:00 999.0 113.9 113.6 125.7 102.5 111.6  95.1  58.2  81.0 337.5 125.0 160.6 999.0 194.2 177.8 293.7 244.7 357.7 253.9 225.7 139.9 349.6  90.4  31.0  81.7  58.0  21.9 250.0  22.9  51.0  57.6
