 wrfout_d04_2016-04-19_00:00:00 999.0  49.9  77.7 110.7  58.4  39.1  76.6  54.2  72.0  50.8 270.7 296.0 999.0   6.6 296.4   8.6 255.0  24.7 209.3 343.1 264.3  14.7  19.5  40.7   9.4   7.8  39.7 307.3  33.5  39.6  59.1
 wrfout_d04_2016-04-19_01:00:00 999.0  53.8  81.7 114.1  63.1  47.0  74.0  49.5  68.2  52.3 265.9 297.7 999.0   4.5 216.9  39.7 262.9  21.4 230.4 318.8 277.6  16.0  10.4  48.6 342.4 342.4  47.4 289.3  52.3  36.1  58.2
 wrfout_d04_2016-04-19_02:00:00 999.0  51.2  81.7 113.1  63.8  46.0  74.4  42.7  64.9  50.1 198.4 329.2 999.0 352.9 205.9  40.8 257.8  19.7 240.1 306.7 273.7  15.1 352.1  50.4 335.7 330.8  57.7 290.8  38.5  35.5  52.0
 wrfout_d04_2016-04-19_03:00:00 999.0  53.9  84.4 115.6  68.9  52.0  74.0  39.2  64.2  42.6  61.8  10.4 999.0 348.7 220.8  33.0 255.4  16.8 243.3 285.3 272.5   8.0 342.1  50.8 327.2 319.7  51.2 287.2  35.8  39.9  51.9
 wrfout_d04_2016-04-19_04:00:00 999.0  54.0  90.5 121.6  77.2  55.9  72.6  33.0  70.2  39.7  56.3  47.7 999.0 350.4 238.4  46.6 251.1  15.9 245.0 272.6 277.4   6.2 342.0  50.2 323.2 314.2  60.8 283.6  50.7  41.9  54.9
 wrfout_d04_2016-04-19_05:00:00 999.0  57.8  91.1 122.1  77.4  55.7  68.6  31.8  66.1  42.8  23.8  42.1 999.0 352.8 261.4  44.3 248.6  16.6 251.9 303.4 275.9   3.7 342.2  51.2 322.9 312.0  58.8 284.7  54.6  50.2  55.1
 wrfout_d04_2016-04-19_06:00:00 999.0  55.7  91.7 116.3  77.8  58.6  70.3  31.2  71.8  17.6  20.4  78.9 999.0 356.3 277.4  57.2 259.7  14.4 249.6 303.2 275.9   7.0 335.4  43.0 324.2 320.4  57.3 286.9  52.6  61.0  57.7
 wrfout_d04_2016-04-19_07:00:00 999.0  66.4  92.3 117.6  76.9  62.8  76.9  32.2  89.0  16.0  24.3 112.1 999.0 358.8 296.6  56.2 255.9  15.5 251.2 307.8 263.0   9.9 339.1  37.8 322.5 322.7  56.2 289.6  50.8  60.3  63.9
 wrfout_d04_2016-04-19_08:00:00 999.0  51.2  94.1 115.1  75.8  67.0  73.1  31.7  79.9  11.6  80.9 138.0 999.0   0.0 315.1  16.1 256.8  17.5 259.3 318.5 255.2   8.2 340.2  45.4 327.1 325.8  58.8 291.0  44.0  61.4  62.8
 wrfout_d04_2016-04-19_09:00:00 999.0  59.6  99.5 119.6  81.5  80.4  88.9  31.4  81.1   7.5   3.9 142.0 999.0   1.9 331.6  29.6 255.5  20.9 246.9 331.8 249.8  12.5 344.6  36.9 329.6 333.4  44.4 297.0  45.5  61.3  63.6
 wrfout_d04_2016-04-19_10:00:00 999.0  63.3 104.1 118.8  83.8  68.2  75.1  27.4  69.5 286.2 341.5 150.8 999.0   1.3 339.8   1.3 242.7  26.8 105.1 331.9 178.8  16.1 351.7  45.4 333.9 333.4  36.3 299.8  32.3  62.2  68.8
 wrfout_d04_2016-04-19_11:00:00 999.0  64.5 113.9 120.7  91.6  67.6  74.2  36.1  66.8 224.7 349.4 150.1 999.0   5.9 345.7 102.4 174.5  26.3 201.6 342.8 171.2  19.0 359.3  30.5 343.8 352.2  12.7 303.2  17.7  64.9  71.9
 wrfout_d04_2016-04-19_12:00:00 999.0  95.2 119.5 121.9  94.4  66.4  72.6  50.0  61.0 193.4  10.6 151.9 999.0   5.9 335.9 190.9 182.8  26.3 219.3 349.1 170.1  21.6   4.7  23.8 354.2 359.7  10.1 304.3  19.0  64.5  74.6
 wrfout_d04_2016-04-19_13:00:00 999.0 111.4 122.9 121.4  95.7  69.3  71.2 163.0  56.0 186.4  87.6 147.2 999.0   5.7 334.4 276.8 141.5  24.5 220.0 350.8 173.5  18.5  17.3  42.1 356.1 358.7  15.8 310.9  19.4  62.7  76.2
 wrfout_d04_2016-04-19_14:00:00 999.0 120.2 130.9 122.1 102.9  66.0  74.1 161.3  55.1 186.5  32.6 143.7 999.0   6.5 338.3 258.8 148.4  24.6 212.6 349.6 169.3  22.5  31.5  52.0 353.1 357.6  27.1 308.2  19.4  60.7  77.7
 wrfout_d04_2016-04-19_15:00:00 999.0 124.9 143.3 123.1 111.4  39.2  73.9 172.1  49.8 194.9 115.4 143.4 999.0  10.3 343.1 213.5 103.8  22.1 204.1 347.1 168.1  21.7  24.4   2.6 354.4   3.2 358.9 300.0  18.4  71.4  79.8
 wrfout_d04_2016-04-19_16:00:00 999.0 128.1 148.1 122.0 115.2  34.4  73.3 182.7  45.8 186.5  19.9 137.0 999.0  12.8 349.2 232.5 106.4  21.9 200.1 350.9 186.9  21.0  28.1 347.7 350.4 356.9 347.2 300.5  13.1  74.5  83.9
 wrfout_d04_2016-04-19_17:00:00 999.0 128.8 146.6 120.8 112.9  98.7  82.3 194.2  34.9 190.2  13.0 144.7 999.0   7.5 351.9 231.5  97.6  23.2 198.6 348.0 199.9  20.8  31.4 325.4 354.0 356.6 342.0 321.4  18.5  69.4  85.8
 wrfout_d04_2016-04-19_18:00:00 999.0 139.5 151.1 120.5 117.6  23.1  78.5 198.2  11.9 196.8  16.7 141.6 999.0  10.9 350.1 234.4  86.5  26.7 196.5 356.1 207.0  21.0  24.0 307.1   0.0 359.3 336.6 329.2  11.3  72.9  86.1
 wrfout_d04_2016-04-19_19:00:00 999.0 134.3 152.9 124.2 119.7 354.9  74.5 206.0 237.6 208.8   6.7 140.6 999.0   8.5 345.4 250.2  86.2  21.9 195.9   2.8 209.7  13.4  26.6 308.2  11.2 354.9 333.2 341.1   2.3  71.9  84.1
 wrfout_d04_2016-04-19_20:00:00 999.0 136.6 157.6 117.8 123.7 315.7  92.8 211.4 232.1 206.2 350.5  93.1 999.0   9.7 344.1 289.5  81.4  20.8 193.7   3.3 209.3  15.7  31.5 292.9   2.0 345.4 342.6 344.6  19.1  74.5  84.1
 wrfout_d04_2016-04-19_21:00:00 999.0 132.1 156.9  59.6 122.8 319.5 194.0 220.5 225.5 201.8 350.4 332.0 999.0   6.9 327.8 262.8  83.0  20.5 190.8   7.6 208.5  19.8  45.1 287.3   8.1 359.8 326.9 357.8  24.2  74.6  86.1
 wrfout_d04_2016-04-19_22:00:00 999.0 130.2 159.8 325.7 127.4 336.8 235.1 232.6 233.2 236.8   8.0  53.9 999.0   2.8 328.8 249.4  98.1  23.7 196.2 354.3 209.1  16.4  48.4 276.2 349.7   4.0 315.5   6.3  17.1  86.4  87.5
 wrfout_d04_2016-04-19_23:00:00 999.0 135.2 159.0 313.8 136.2 359.0 263.8 250.1 260.6 275.7  46.4 141.3 999.0   3.3 341.1 215.0 353.7  24.7 213.1 354.0 214.1  15.5  36.8 248.5   0.2   9.6 312.7 343.1  34.0  90.6  87.2
