 wrfout_d04_2016-05-07_00:00:00 999.0 153.5 233.5 326.0 216.9  24.0 312.8 240.5  19.8 238.3  91.4 161.1 999.0 215.0 214.1 189.7 243.1 187.4 225.9 212.6 252.1 187.3 172.4 204.5 161.7 173.3 189.0 170.3 216.2 157.6 115.1
 wrfout_d04_2016-05-07_01:00:00 999.0 149.8 267.1 322.0 234.8  23.8 300.5 255.0 349.8 256.7  95.9 163.5 999.0 232.2 230.6 160.5 250.9 187.7 239.8 219.2 258.8 166.3 194.3 184.0 164.0 200.7 175.8 181.3 134.5 161.7 116.0
 wrfout_d04_2016-05-07_02:00:00 999.0 150.5 283.0 320.5 247.7  23.4 291.7 254.9 239.5 259.5  77.4 160.0 999.0 238.8 238.4 164.3 251.8 192.3 246.5 227.7 263.3 180.7 221.9 179.1 219.5 224.7 176.7 194.5 133.7 157.1 117.8
 wrfout_d04_2016-05-07_03:00:00 999.0 151.6 288.7 315.8 250.4  14.6 306.4 257.0 238.5 259.7  92.5 160.1 999.0 247.9 239.5 160.2 253.7 193.9 251.5 234.1 271.1 182.6 228.4 177.7 238.7 228.3 175.6 205.1 137.2 156.5 117.3
 wrfout_d04_2016-05-07_04:00:00 999.0 163.7 310.0 313.0 272.6  14.8 322.2 258.7 314.3 261.2 102.2 153.5 999.0 249.8 253.5 160.2 255.2 211.5 253.9 243.3 277.2 186.9 237.4 176.4 233.7 227.0 174.8 216.0 136.9 152.9 116.2
 wrfout_d04_2016-05-07_05:00:00 999.0 286.4 322.1 314.2 291.0  12.6 318.6 265.6 320.0 267.0 131.6 167.9 999.0 249.8 263.9 162.1 250.7 204.3 251.2 253.2 280.9 198.9 240.2 176.2 238.3 233.2 169.0 213.8 135.9 150.0 117.9
 wrfout_d04_2016-05-07_06:00:00 999.0 352.6 339.6 318.4 323.9  15.9 320.2 270.1 329.9 268.4 324.0 171.7 999.0 249.9 267.9 163.5 254.0 207.5 247.1 257.2 279.6 205.7 239.8 179.1 234.5 230.5 162.5 212.8 134.2 147.3 120.4
 wrfout_d04_2016-05-07_07:00:00 999.0 148.9  61.5 312.5 110.7  61.8  36.5 286.2  13.9 272.6 119.8 147.7 999.0 251.2 270.4 162.4 257.7 210.5 238.5 252.6 275.5 217.5 235.6 182.7 234.3 229.2 168.3 210.2 138.0 148.4 121.6
 wrfout_d04_2016-05-07_08:00:00 999.0 206.5 162.8 310.5 153.5 155.6  98.0 274.3  86.7 273.2  61.0 220.4 999.0 256.3 277.1 165.2 263.0 212.4 233.1 253.5 281.3 219.9 234.6 188.0 230.3 227.2 171.1 207.5 136.0 147.2 122.1
 wrfout_d04_2016-05-07_09:00:00 999.0 165.8 171.9 314.9 168.3  94.7 110.5 290.0  79.0 265.6 265.0 170.0 999.0 253.5 279.4 150.2 275.3 215.7 228.1 260.5 276.0 222.3 231.5 194.9 228.4 223.1 183.6 200.7 140.7 147.7 113.5
 wrfout_d04_2016-05-07_10:00:00 999.0 175.7 136.7 326.8 124.8  25.5  97.1 309.2  13.7 281.6 240.0 162.7 999.0 271.5 284.5  29.9 276.7 201.1 244.0 269.2 259.2 212.8 227.5 192.3 225.9 218.1 176.6 196.4 185.6 143.6 108.8
 wrfout_d04_2016-05-07_11:00:00 999.0 189.6 153.9 316.4 126.2 309.7 115.4 237.6 347.4 299.6 310.0 193.7 999.0 249.2 287.5 343.0 204.3 183.8 119.8 263.2 197.8 187.6 224.5 218.0 229.4 226.5 172.5 190.9 315.2 145.5 101.7
 wrfout_d04_2016-05-07_12:00:00 999.0 169.4 173.1 358.9 136.1 351.3  25.7  57.4 330.7 308.7 296.7   9.6 999.0 264.3 252.0 227.6 121.5 179.9 159.9 277.6 194.7 183.5 186.7 212.2 198.3 189.0 160.3 180.5 321.5 127.8  95.9
 wrfout_d04_2016-05-07_13:00:00 999.0 164.7 170.1 325.7 100.5  21.8 313.4  52.8 310.2 186.7 109.2 107.7 999.0 256.5 216.4 237.5 189.8 179.5 201.8 270.5 186.4 182.1 175.1 181.3 203.7 200.7 161.1 166.0 358.9 124.3  86.7
 wrfout_d04_2016-05-07_14:00:00 999.0 153.8 176.7 323.5 152.7  60.2 302.4  61.7 156.4 342.6  37.2 138.6 999.0 262.4 180.5 197.1 191.0 174.3 204.6 223.2 174.5 155.5 167.3 241.0 194.1 188.0 140.8 169.7 357.7 118.1  90.7
 wrfout_d04_2016-05-07_15:00:00 999.0 142.1 181.6 205.5  32.6 331.7  28.9  46.6  27.9  92.0  53.6 172.3 999.0 266.2 220.3 162.8 207.5 174.8 192.3 192.9 188.0 169.8 184.1 238.3 214.2 204.6 240.5 169.0   2.0 104.4  92.2
 wrfout_d04_2016-05-07_16:00:00 999.0 148.6 285.9 293.6 324.8 242.1 177.9  58.9 205.2  88.8  57.5 178.8 999.0 276.7 203.3 170.0 194.6 183.6 200.8 240.4 208.3 189.4 191.0 228.2 206.2 195.5 250.9 172.4 345.8 125.0  98.4
 wrfout_d04_2016-05-07_17:00:00 999.0 149.2 280.9 269.9 300.2 228.3 209.8  57.1 260.0 227.3  19.8 172.9 999.0 255.2 176.8 254.7 190.8 181.0 206.6 233.0 206.0 183.2 192.4 229.1 211.2 203.6 190.4 165.3 318.2 131.7 103.5
 wrfout_d04_2016-05-07_18:00:00 999.0 156.4 259.1 329.8 319.5 235.3 292.9  67.9 245.9 332.2   8.1 189.2 999.0 217.0 202.6 256.0 155.5 201.5 202.7 234.7 204.3 185.5 195.7 250.6 217.0 197.4 198.4 155.1 313.6 132.5 101.0
 wrfout_d04_2016-05-07_19:00:00 999.0 173.6 241.9 326.4 355.6 233.7 253.3  19.4 216.8 309.1  41.2 192.6 999.0 164.3 214.3 240.8 131.9 201.1 212.2 250.3 208.2 188.7 175.8 255.9  17.9 218.5 267.8 143.0 317.2 134.0 101.6
 wrfout_d04_2016-05-07_20:00:00 999.0 211.5 242.0 310.8 337.1 253.7 231.0  42.5 188.4  43.3  19.9 319.9 999.0 200.4 223.7 231.5 178.6 172.4 208.8  12.6 209.0 178.6 192.0 253.6  45.4  31.9 283.9 140.4 317.8 138.1  99.6
 wrfout_d04_2016-05-07_21:00:00 999.0 202.3 225.7 329.6 324.2 308.9 117.4  63.2 193.0 298.6 321.6 355.4 999.0 267.2 132.9 234.5 186.6 178.2 204.0  59.9 205.3 180.4 184.4 257.7  76.2  71.1 294.0 157.0 324.6 138.1 100.4
 wrfout_d04_2016-05-07_22:00:00 999.0 251.3 233.9 332.4 275.4 283.7 205.8  73.5 184.0 139.7 233.3   6.7 999.0 338.8 145.4 228.2 206.7 184.3 207.3  58.8 203.0 179.9 103.2 250.4  97.4  89.2 244.3 154.8 326.2 135.2  97.0
 wrfout_d04_2016-05-07_23:00:00 999.0 275.8 236.0 305.7 236.0 254.8 271.7  38.4 203.4  83.7 348.3  55.8 999.0 311.2 177.5 214.3 264.8 186.6 217.6 341.3 206.5 172.0 118.6 219.6 119.2 159.0 196.5 158.3  38.2 135.9 106.8
