 wrfout_d04_2016-09-11_00:00:00 999.0 113.3 173.8 156.7 168.8 246.5 218.3 158.4 185.2 156.4 274.2 336.5 999.0 223.0 256.6 196.0 306.5 193.6 215.0 210.4 235.9 175.9 139.8  69.5 146.8 141.1 234.8 196.7 174.5 155.2 121.1
 wrfout_d04_2016-09-11_01:00:00 999.0 105.0 108.3 161.8 127.0  43.0 323.0 164.4 130.9 182.4 103.6  48.1 999.0 214.9 209.7 136.7 299.3 202.8 229.4 227.1 258.8 181.6 193.2  96.8 171.1 175.1 182.2 203.6 172.7 156.0 121.0
 wrfout_d04_2016-09-11_02:00:00 999.0 117.5 359.8 184.6 190.3  34.0  21.6 272.9  24.8 236.1  88.8  65.7 999.0 236.5 222.7  91.6 295.6 210.0 242.2 231.1 260.2 190.7 218.8 128.1 180.3 210.8 162.0 202.2 142.1 146.7 127.0
 wrfout_d04_2016-09-11_03:00:00 999.0 102.1  12.2 346.7 252.1  47.8  39.2 284.7  17.6 288.5  84.2  60.1 999.0 257.0 232.9  93.2 262.4 217.4 250.3 246.1 279.0 192.0 237.3 134.7 232.9 243.2 161.4 207.3 132.0 133.2 122.1
 wrfout_d04_2016-09-11_04:00:00 999.0 101.9  35.1 325.9 277.0  39.8 346.5 301.8   7.0 289.1  95.9  67.9 999.0 270.1 238.1  93.6 254.7 226.0 257.3 270.2 275.1 208.2 249.3 154.9 254.0 251.8 163.7 214.5 129.8 129.0 118.2
 wrfout_d04_2016-09-11_05:00:00 999.0 107.9  61.8 324.0  30.8  51.4 356.9 305.7 351.8 291.7  98.2  85.7 999.0 276.2 258.6  80.5 268.8 228.5 274.7 276.9 278.2 223.4 258.3 161.1 254.7 251.0 168.3 219.0 133.9 125.1 112.3
 wrfout_d04_2016-09-11_06:00:00 999.0  95.1  45.8 323.6   7.3  49.6 353.8 312.4 331.0 295.4 102.6  90.1 999.0 289.5 278.4  87.8 272.6 232.9 284.0 280.3 280.1 233.8 269.0 164.7 250.0 243.3 166.4 217.7 132.7 127.1 108.8
 wrfout_d04_2016-09-11_07:00:00 999.0  97.5  65.5 319.0  68.4  46.1 323.1 335.3 341.8 303.8  86.3 120.1 999.0 303.5 289.5  79.6 268.2 236.7 287.0 272.7 290.8 247.2 268.5 180.9 246.8 238.0 170.5 221.0 133.5 132.5 108.5
 wrfout_d04_2016-09-11_08:00:00 999.0  82.0  76.9 309.1 183.6  84.5 350.8 340.0 339.2 309.1  40.8  66.5 999.0 319.2 300.9  74.5 259.2 236.4 300.8 271.7 286.7 257.5 275.5 198.0 253.2 252.2 178.6 225.9 131.8 134.8 109.1
 wrfout_d04_2016-09-11_09:00:00 999.0  99.0 130.2 295.7 188.7  83.5  38.4 350.5 347.0 324.3  39.0  72.1 999.0 342.2 309.6  86.4 277.5 238.4  37.5 279.0 293.0 260.8 279.6 204.1 257.2 261.6 185.8 233.9 147.3 133.5 109.1
 wrfout_d04_2016-09-11_10:00:00 999.0 114.1 200.6 265.3 218.3  96.6   1.4   3.9 333.7 317.2 353.8 206.9 999.0 354.0 321.6  77.1 281.5 239.5  52.2 286.1 272.6 257.5 292.1 217.6 267.0 273.7 206.8 239.9 201.6 129.5 100.4
 wrfout_d04_2016-09-11_11:00:00 999.0 116.4 157.1 187.6 113.4  69.6 340.9  81.2 290.4 353.7 328.1 191.5 999.0 351.3 349.7  27.6 149.6 222.9 138.0 289.8 211.2 268.1 286.7 230.4 263.3 268.4 231.1 245.2 286.9 128.1  95.6
 wrfout_d04_2016-09-11_12:00:00 999.0 109.5 121.3 125.8  80.1  52.6  78.0 132.1 153.3  98.1 182.8  32.3 999.0   9.9  67.4 346.5 176.0 183.5 181.3 288.0 189.3 214.8 301.3 228.6 256.9 247.9 237.5 250.5 291.0 118.5  92.1
 wrfout_d04_2016-09-11_13:00:00 999.0 107.7 109.3 164.8  79.1  78.8  80.9 248.9 138.3 256.0 257.0  21.6 999.0 255.2 182.8 332.1 229.3 196.3 219.5 290.7 204.9 234.1 134.0 239.7 262.5 249.2 243.8 239.8 293.5 125.0  97.3
 wrfout_d04_2016-09-11_14:00:00 999.0 113.0  94.8 307.5  50.3 349.4  34.0 264.1   8.8 286.5 291.7 354.9 999.0 241.6 187.3 246.3 232.9 182.6 215.8 274.2 198.8 216.4 147.0 230.9 246.5 226.4 231.4 226.3 304.7 113.1  89.8
 wrfout_d04_2016-09-11_15:00:00 999.0 119.8 273.7 342.0 334.4 331.2  94.5 273.4 206.7 159.2 167.5 311.8 999.0 327.3 175.8 248.3  29.7 152.7 142.6 299.5 210.5 193.2 107.8 246.5 350.5 268.9 267.1 226.9 304.4 106.8  88.7
 wrfout_d04_2016-09-11_16:00:00 999.0 117.2 260.9  54.2 306.4 313.2 262.4 235.7 237.6 102.3 195.1  13.1 999.0 171.7 142.7 260.3  44.1 120.6  75.2 347.6 268.3  96.3  48.9 243.5  26.9 344.0 269.3 211.6 310.3  91.5  78.6
 wrfout_d04_2016-09-11_17:00:00 999.0 114.0 271.6 301.3 302.8 267.0 309.2 259.2 284.4 322.1  66.9  64.9 999.0 306.2 155.3 304.9  52.3 116.3 150.7  17.4 235.3 110.3  74.2 237.6  29.9  16.1 287.0 240.9 298.1  98.5  82.7
 wrfout_d04_2016-09-11_18:00:00 999.0 226.0 257.2 339.9 294.4 228.3 276.7 217.9 216.5 170.1 332.9  64.4 999.0 343.2 320.2 311.1  29.1  79.6 187.9  11.4 232.3  95.1  50.4 241.5  45.5  25.2 309.8 266.6 302.5  38.2  72.9
 wrfout_d04_2016-09-11_19:00:00 999.0 225.4 270.3 345.3 296.5 239.8 298.1 214.9 237.9 136.4 189.7 297.0 999.0   8.7 346.4 271.8   8.7  44.6 130.7 349.7 220.1  67.1  48.2 239.1   6.2 357.2 301.7 282.3 302.3  77.1  85.0
 wrfout_d04_2016-09-11_20:00:00 999.0 282.0 281.8 341.7 303.9 241.4 295.0 264.8 319.7  13.0 253.3 125.3 999.0  12.5 348.7 326.0  37.8  34.1 198.2 349.3 209.2  49.3  40.8 233.1  19.1   2.7 308.4 292.3 302.4 123.5  79.2
 wrfout_d04_2016-09-11_21:00:00 999.0 323.4 281.6   1.1 307.2 226.3 270.8 177.9 206.0  67.7 349.7 269.4 999.0  17.9 345.8 299.9 106.7  13.4 171.7   8.7 197.2  31.6  41.8 235.4  15.1   7.1 283.5 283.2 316.0  60.1  82.9
 wrfout_d04_2016-09-11_22:00:00 999.0 342.4 285.9 356.9 309.9 228.3 224.3 141.7 187.7 114.4 204.2 258.2 999.0   9.4 352.1 297.0  90.0  13.3 185.2   3.8 199.2  17.5  43.5 226.9   3.6   9.9 304.1 305.1 300.4  53.7  79.6
 wrfout_d04_2016-09-11_23:00:00 999.0 336.2 289.4 317.2 298.9 233.4 228.9 157.1 221.7 114.6 217.2 306.9 999.0  19.9 356.6   8.4 358.6  14.8 190.8   2.1 215.9  13.0  43.4 202.9  12.8   6.8 279.4 341.4 281.3  70.5  87.3
