 wrfout_d04_2016-01-21_00:00:00 999.0  33.1  44.9   2.3  40.5   2.2 262.0  28.2  21.5 354.8 126.2 356.6 999.0  20.4 353.6  13.1   4.2  22.1 222.4  22.3 270.3   6.9  24.8 253.7  17.7  11.1 215.8   0.5 267.9 172.0 336.7
 wrfout_d04_2016-01-21_01:00:00 999.0  33.0  43.4 357.1  38.6   0.3 213.8  28.7  88.7  11.9 176.5 341.4 999.0   9.3 347.7  26.1   3.4  21.7 223.1 356.1 273.8  20.5  17.2 245.6 335.4 355.4 209.4 343.2 187.1 171.5 306.2
 wrfout_d04_2016-01-21_02:00:00 999.0  29.5  40.8 358.9  38.0 353.1 236.1  25.0 306.4  19.0 111.9 355.1 999.0  17.2 348.3  34.4 266.0  23.9 225.4  11.8 266.5  17.5  22.7 237.9   1.3 356.3 204.6  18.6 196.1 169.8 314.8
 wrfout_d04_2016-01-21_03:00:00 999.0  28.3  32.6   3.3  34.5 350.0 239.6  22.7 353.0  29.1 327.7 336.7 999.0  10.6 351.4  33.6 233.6  17.0 225.7 356.6 267.2  13.1  18.0 180.4 355.2 357.3 192.2 357.6 207.2 163.1 316.6
 wrfout_d04_2016-01-21_04:00:00 999.0  23.7  31.9 357.3  34.6 348.4 316.8  16.7 353.9  23.3  35.2 317.8 999.0   9.7 352.8  30.8 234.7  21.2 225.7 352.1 269.2  17.2   6.2 168.2 348.8   0.5 179.9   6.1 210.3 244.0 305.4
 wrfout_d04_2016-01-21_05:00:00 999.0  18.4  25.3 353.5  29.0 348.2 309.8  14.8  10.1 344.3  45.2 315.1 999.0  20.0 348.7  33.3 215.9  23.9 230.7 349.2 272.0  16.6   6.8 173.1 359.5   4.9 192.8 331.1 229.4 211.9 312.4
 wrfout_d04_2016-01-21_06:00:00 999.0  18.0  26.3 356.9  29.5 351.7 150.5   7.2  16.0  22.1  35.8 326.8 999.0  10.4 343.8  37.2 203.7  24.0 242.3   2.1 265.4  18.8   3.4 149.3   7.5   8.5 169.7 346.7 238.7 224.8 306.6
 wrfout_d04_2016-01-21_07:00:00 999.0  20.5  28.9 344.7  28.2   3.0 242.2   4.6 351.8 352.3  37.7 329.1 999.0   8.5 336.9  38.3 236.3  23.5 248.0 348.8 264.4  17.8 357.4  19.2   0.7   1.3 148.6 353.9 254.1 210.5 302.3
 wrfout_d04_2016-01-21_08:00:00 999.0  14.0  19.3 358.9  26.9 359.0 328.4   4.4   0.6 357.3  43.0 332.2 999.0  14.3 350.8  39.6 233.2  27.1 240.0 358.3 263.6  18.3   1.2  38.7 359.8   1.2  84.8 350.0 254.5 236.1 293.9
 wrfout_d04_2016-01-21_09:00:00 999.0  13.1  16.7 352.8  20.6 359.1 297.7  14.9 349.8  10.7  43.8 334.6 999.0  11.3 357.2  39.0 201.9  25.6 241.6 357.0 267.2  19.7  11.0  26.4 356.5 358.7  49.7 351.9 326.1 240.9 291.6
 wrfout_d04_2016-01-21_10:00:00 999.0  17.0  18.6 358.0  24.3 353.4 323.9  12.4   2.4  17.3  33.7 334.5 999.0  11.1 354.7  34.8 166.2  27.7 232.8 352.4 269.0  21.4   9.3  26.0 352.5 357.1  46.1 356.6  24.3 249.3 293.9
 wrfout_d04_2016-01-21_11:00:00 999.0  17.4  25.7   5.0  31.7 353.5 158.9  18.7   7.3  21.6  26.7 324.9 999.0  15.0   6.5  43.2 173.2  28.5 236.2 359.9 268.4  25.1   8.3  29.8 350.9 355.3  44.0 347.1  24.1 256.1 332.8
 wrfout_d04_2016-01-21_12:00:00 999.0  21.5  27.1   0.8  32.9 357.8 262.2  26.2   9.1  22.6  15.9 296.5 999.0  16.7 356.4  41.5 162.2  27.9 232.0   1.1 265.8  23.8  15.7  27.4 359.7   5.1  43.6 356.3  35.0 321.7 339.6
 wrfout_d04_2016-01-21_13:00:00 999.0  22.0  31.5   4.3  36.3 358.5 280.4  27.3  23.7  24.1  13.9 279.5 999.0  17.1 359.2  28.9 195.5  28.1 233.2   1.7 268.2  24.6  16.4  29.1   8.5  12.2  42.5   6.6  34.1  28.3 351.4
 wrfout_d04_2016-01-21_14:00:00 999.0  22.8  35.8   0.3  37.1   0.9 244.5  37.8   8.0  34.3  10.4 274.4 999.0  14.3 356.8  28.5 186.5  28.6 227.7   5.2 269.1  23.8  15.3  25.5   7.0   9.4  38.0   2.4  33.0  19.9   6.9
 wrfout_d04_2016-01-21_15:00:00 999.0  25.8  39.0 359.6  38.6   4.7 265.6  42.0  30.7  37.4  55.5 275.6 999.0  14.9 354.1  26.8 185.7  27.0 230.5   8.3 269.1  21.1  16.1  25.4   3.1   7.8  29.4   1.6  31.0  16.5  23.1
 wrfout_d04_2016-01-21_16:00:00 999.0  24.2  43.2 356.1  43.1  13.3 247.4  39.7 320.4  38.0 160.8 272.9 999.0  15.0   0.9  23.9 190.1  26.2 223.1   9.7 269.9  23.8  15.5  30.0 359.9   7.5  24.7 359.9  26.4  13.9  38.7
 wrfout_d04_2016-01-21_17:00:00 999.0  28.6  47.4 350.7  45.1  19.5 263.0  42.6 301.7  38.9 214.8 272.7 999.0  18.1   8.4  22.1 182.8  29.0 216.8   3.3 270.3  23.6  15.2  29.3   3.6   9.1  24.7 357.1  28.7  16.1  38.6
 wrfout_d04_2016-01-21_18:00:00 999.0  26.3  47.9 354.5  47.2  18.9 257.7  43.7  17.3  40.0 235.1 266.3 999.0  16.2   4.0  16.8 156.5  26.9 218.9 357.0 273.5  23.4  14.0  28.6   4.5   7.6  23.2 354.6  29.7   6.7  46.5
 wrfout_d04_2016-01-21_19:00:00 999.0  32.5  51.8 348.5  48.6  22.4 207.2  42.6  95.5  37.7 240.2 267.1 999.0  16.6   2.7   8.1 146.7  29.0 223.7 355.6 273.5  24.5  17.5  28.0   4.5  11.8  23.1 356.0  33.6  12.9  52.6
 wrfout_d04_2016-01-21_20:00:00 999.0  34.7  55.0 345.5  49.9  22.7 204.5  48.2  81.8  37.5 256.7 264.5 999.0  14.7   4.9  10.1 177.3  28.1 235.9 351.4 276.3  23.9  21.3   5.4   3.3   5.0   3.2 352.1  31.1   6.4  54.5
 wrfout_d04_2016-01-21_21:00:00 999.0  31.3  57.1 342.2  49.2  27.8 181.4  44.6  79.5  35.2 227.4 260.6 999.0  11.6   0.3   5.4 180.8  25.4 230.3   0.9 269.7  21.0  19.5 355.6 357.0   6.9 345.6 358.9  27.6  15.3  48.7
 wrfout_d04_2016-01-21_22:00:00 999.0  33.0  54.9 352.8  47.6  25.1 155.2  43.7  62.8  31.8 253.1 252.5 999.0  11.7 356.6   7.0 182.6  24.7 227.1   4.7 267.4  21.0  14.9  17.0 357.3   0.2 349.1  16.0  15.4  16.6  46.5
 wrfout_d04_2016-01-21_23:00:00 999.0  35.4  58.2 334.3  48.9  25.6 120.3  45.4  70.2  34.7 267.0 264.0 999.0  14.4 359.6   0.7 182.2  24.1 231.5 355.5 265.1  23.6  22.7  27.4   3.7   5.7 351.0 327.8   5.6  20.1  47.2
