 wrfout_d04_2016-07-10_00:00:00 999.0 177.9  66.1 188.5  47.8 301.4  72.9 132.7  45.9 167.9  31.2 170.7 999.0 182.9 196.5 211.0  31.5 192.6 216.3 175.4 189.5 192.7 193.0 213.9 159.6 183.1 198.6 193.7 202.9 206.5 202.3
 wrfout_d04_2016-07-10_01:00:00 999.0 179.8  57.6 273.4  40.8 339.7  71.8 174.8  60.0 206.9  56.5 172.8 999.0 178.6 192.3 215.6  51.6 196.7 211.8 186.9 181.0 191.2 187.4 215.8 133.9 190.6 192.3 200.7 179.8 205.8 199.1
 wrfout_d04_2016-07-10_02:00:00 999.0 160.6  57.3 331.5  45.8  24.4 318.2 226.7  49.4 217.2  52.0 172.2 999.0 187.5 196.3 183.5  13.0 193.5 219.7 171.6 192.5 192.5 191.5 203.9 198.8 198.0 193.2 197.4 219.1 203.1 200.4
 wrfout_d04_2016-07-10_03:00:00 999.0 154.3 354.7 333.6 251.8   5.6 339.5 224.9  89.9 208.9 101.1 170.4 999.0 189.3 188.2 177.1   3.3 197.1 213.1 177.7 197.1 196.8 189.4 204.0 203.9 203.4 230.4 196.4 196.1 201.3 195.3
 wrfout_d04_2016-07-10_04:00:00 999.0 150.7  14.6 332.1 321.8 359.6 355.2 247.3 329.8 212.9 115.7 176.8 999.0 188.0 200.4 178.9 293.6 198.1 222.1 178.3 199.3 195.7 192.4 201.5 202.4 198.1 209.8 194.1 194.4 200.4 196.2
 wrfout_d04_2016-07-10_05:00:00 999.0 151.5  13.8 344.5 350.7  19.3 280.9 251.2  54.4 221.6  94.7 170.9 999.0 191.7 198.5 179.1  17.8 195.6 218.6 173.6 223.5 197.6 200.9 211.7 197.1 195.9 203.9 193.6 168.5 201.5 195.8
 wrfout_d04_2016-07-10_06:00:00 999.0 167.5  48.1  34.7  51.0 356.7 110.2 250.3  92.6 252.9 107.3 173.7 999.0 245.5 192.1 194.1 248.2 194.7 213.6 172.4 193.4 193.6 194.6 209.5 193.8 191.1 213.5 198.8 201.4 204.5 196.8
 wrfout_d04_2016-07-10_07:00:00 999.0 167.8  30.0 300.5   4.5 280.8 152.6 242.3 120.6 239.6 192.9 177.4 999.0 188.4 192.5 182.8 253.6 193.2 214.0 171.2 197.8 202.7 193.3 212.0 193.4 191.1 196.3 196.8 173.6 203.3 197.5
 wrfout_d04_2016-07-10_08:00:00 999.0 178.3  15.1 296.9   6.7 292.9 154.8 186.5 103.4 235.5 321.7 157.5 999.0 183.7 187.4 190.1 316.2 192.2 220.9 182.7 191.0 198.2 194.5 210.3 190.1 188.1 194.7 191.7 184.8 205.8 204.5
 wrfout_d04_2016-07-10_09:00:00 999.0 191.7 306.2  24.0 321.1 257.7 277.3  95.3  13.1 222.6 316.0 169.7 999.0 182.1 186.2 200.3  34.8 195.4 231.8 184.5 189.0 194.6 189.6 209.9 194.0 186.2 203.4 185.4 198.7 204.0 195.5
 wrfout_d04_2016-07-10_10:00:00 999.0 286.5 245.6  47.9 279.1 336.8 173.3 101.8 134.8 223.8  93.3 349.0 999.0 185.1 182.6 205.9  42.9 195.8 220.1 167.5 220.2 195.1 189.4 211.6 186.9 189.7 202.9 190.6 192.0 203.9 196.1
 wrfout_d04_2016-07-10_11:00:00 999.0  56.4 247.7 152.9 244.1  32.5 106.6  89.9  50.9 141.5 124.5 159.5 999.0 180.2 187.2 189.5  62.1 197.5 235.0 198.4 193.9 196.0 195.1 208.7 194.5 189.2 194.6 188.5 195.1 203.3 200.8
 wrfout_d04_2016-07-10_12:00:00 999.0  65.6 235.0 129.0 259.0 102.9  94.5 131.0  75.8 204.7 324.0 175.4 999.0 185.9 191.0 211.5 333.4 201.1 210.9 154.5 200.2 199.0 195.0 213.3 192.2 191.8 200.6 193.3 198.6 200.6 195.7
 wrfout_d04_2016-07-10_13:00:00 999.0 115.1 228.0 163.2 343.5  59.4  64.6  96.1  38.3 187.1   6.1 309.8 999.0 170.6 186.6 247.4  24.6 196.0 206.8 169.0 192.1 190.0 185.0 210.6 197.7 195.0 201.6 190.1 198.2 195.9 189.5
 wrfout_d04_2016-07-10_14:00:00 999.0 157.8  56.7 126.1  30.4  27.1  85.2 115.8  88.7 127.1   7.6 217.7 999.0 170.4 170.7 204.9 328.7 196.7 196.1 167.4 188.6 191.1 183.3 208.7 179.9 184.5 202.3 187.0 218.2 191.6 189.7
 wrfout_d04_2016-07-10_15:00:00 999.0 156.2 349.3  39.6 357.5  15.9 152.8 120.8 140.7  95.1 341.3 179.8 999.0 171.9 169.4 218.7  57.2 190.3 191.6 169.6 187.0 190.0 179.2 214.4 176.6 183.1 202.6 179.3 240.3 187.4 191.9
 wrfout_d04_2016-07-10_16:00:00 999.0 171.6  56.3 191.7  35.2 133.7 125.4 127.3 125.7 118.4   4.8 328.3 999.0 182.5 176.7 216.9  55.7 187.0 189.7 170.9 184.5 185.7 179.0 212.5 167.4 173.4 200.9 177.3 237.7 182.3 187.8
 wrfout_d04_2016-07-10_17:00:00 999.0 198.7  20.9 183.4  29.8 247.1 105.8 140.0   0.4 198.4  65.2 323.7 999.0 183.5 175.9 218.7  51.5 187.0 199.2 179.8 183.2 184.0 181.6 213.0 179.2 179.0 200.3 177.3 249.0 180.7 196.5
 wrfout_d04_2016-07-10_18:00:00 999.0 166.1   9.3 157.7  20.4 162.0  48.4 204.3 214.4 222.1 348.1  23.8 999.0 192.8 197.6 216.9  64.9 182.2 190.5 173.8 180.3 182.3 176.3 223.0 165.9 172.1 207.9 182.0 245.3 183.6 200.3
 wrfout_d04_2016-07-10_19:00:00 999.0 172.7 306.1 295.8 342.4 244.3 134.7 228.2 248.2 206.7   1.7 325.9 999.0 186.5 184.3 214.0  23.7 187.2 191.8 171.4 184.0 190.7 179.7 211.8 145.4 177.5 172.4 194.4 202.3 187.2 201.4
 wrfout_d04_2016-07-10_20:00:00 999.0 184.0 260.6  82.2 310.4 273.0 114.1 215.7 105.6 228.9 196.5 170.1 999.0 191.4 189.6 202.3  46.0 184.9 194.8 171.2 194.0 189.3 174.6 208.7 143.0 162.7 201.9 190.8 225.8 183.7 209.0
 wrfout_d04_2016-07-10_21:00:00 999.0 188.8 300.4 137.2 309.8 295.8 297.8 208.5 281.1 213.5 317.4 229.3 999.0 179.3 198.8 222.2  24.8 187.1 202.1 175.4 196.2 188.0 181.1 214.3 161.3 178.1 211.2 200.2 214.7 196.1 219.3
 wrfout_d04_2016-07-10_22:00:00 999.0 185.1  74.2 149.6  48.2  99.0  79.2 206.2  54.4 215.4  57.2 162.8 999.0 181.9 196.7 208.8  53.4 189.4 199.9 171.8 192.1 191.9 185.7 244.3 159.1 181.0 213.9 205.2 237.5 208.8 225.4
 wrfout_d04_2016-07-10_23:00:00 999.0 171.8  69.6 198.8  38.0  88.3 137.8 201.6 145.7 228.5 358.7 165.4 999.0 188.8 185.5 209.2  38.8 187.7 213.0 177.3 202.5 191.7 183.1 238.7 174.9 191.9 189.0 210.0 225.0 202.6 206.9
