 wrfout_d04_2016-07-19_00:00:00 999.0 253.2 215.8 210.6 225.0 226.3 270.0 222.0 261.1 227.8  84.2  92.3 999.0 193.5 189.7 175.2   2.3 202.7 227.5 199.9 314.7 201.0 200.7 219.2 179.9 187.4 184.1 223.1 238.8 221.4 260.0
 wrfout_d04_2016-07-19_01:00:00 999.0 257.4 234.4 260.0 236.7 214.9 270.0 231.1 257.1 240.0  92.8 114.8 999.0 203.3 199.9 156.1 305.7 206.1 234.5 201.6 319.4 203.4 204.6 187.1 215.3 208.2 174.1 227.3 240.3 217.3 264.4
 wrfout_d04_2016-07-19_02:00:00 999.0 245.7 249.9 288.3 250.0 305.2 264.1 238.0 243.0 250.8 101.1 123.0 999.0 224.6 201.6 150.8 253.8 210.7 242.1 207.3 307.6 204.7 211.0 183.5 222.0 219.3 168.8 230.7 247.7 220.8 267.5
 wrfout_d04_2016-07-19_03:00:00 999.0 230.0 252.7 289.1 255.3  40.1 238.6 239.1 222.8 255.3 103.6 129.5 999.0 235.4 212.4 146.4 245.5 210.0 236.5 201.2 324.4 203.7 213.1 184.7 227.6 223.9 169.3 236.7 249.3 223.1 269.1
 wrfout_d04_2016-07-19_04:00:00 999.0 233.1 254.5 285.5 265.2  57.9 223.3 242.9 231.7 253.7  96.7 128.3 999.0 236.2 213.0 152.1 259.2 212.2 233.1 225.8 318.1 207.9 218.9 177.3 235.1 230.6 151.3 238.9 257.9 226.9 273.1
 wrfout_d04_2016-07-19_05:00:00 999.0 247.0 263.3 287.8 273.5  49.3 319.1 243.3 276.5 249.1  91.2 133.3 999.0 236.3 241.7 143.2 249.4 214.0 240.2 237.5 307.2 210.6 220.6 178.0 238.6 234.3 144.2 232.9 263.2 223.4 273.8
 wrfout_d04_2016-07-19_06:00:00 999.0 245.8 265.1 289.9 276.7  53.2 338.5 241.4 278.2 250.9  94.2 138.7 999.0 235.2 251.4 154.1 259.7 219.6 229.8 251.0 204.6 217.5 221.6 185.0 240.7 234.7 145.2 239.0 265.3 221.6 268.3
 wrfout_d04_2016-07-19_07:00:00 999.0 223.5 267.9 292.4 279.7  47.4 274.6 244.3 265.8 246.5 103.0 150.2 999.0 227.1 251.3 170.8 182.5 215.6 221.6 252.4 260.0 214.9 214.3 166.5 242.5 236.6 113.8 241.1 269.7 226.5 274.3
 wrfout_d04_2016-07-19_08:00:00 999.0 217.2 265.4 275.9 280.0  87.0 133.8 226.2 231.6 234.9 223.4 124.6 999.0 223.2 245.1 150.9 176.4 207.3 225.6 246.6 245.5 206.1 211.8 166.7 247.9 243.5  36.0 251.2 278.3 232.1 276.4
 wrfout_d04_2016-07-19_09:00:00 999.0 173.7 181.4 127.2 137.3 223.1  91.0 226.1 229.8 238.1  38.6  89.4 999.0 216.3 232.3 153.8 161.4 207.6 186.5 244.3 213.6 204.4 220.7 117.4 243.0 238.9  29.5 249.0 282.4 228.8 280.6
 wrfout_d04_2016-07-19_10:00:00 999.0 183.8 245.2 113.2 261.0 216.7  51.6 221.8 237.3 240.2  86.6 142.2 999.0 211.3 195.1 159.0  63.0 198.7 230.4 255.0 278.1 204.5 225.3 120.1 250.5 242.9  26.9 257.0 267.0 230.2 282.5
 wrfout_d04_2016-07-19_11:00:00 999.0 173.7 233.9 118.7 249.0 220.0  72.9 229.4 213.4 239.1  50.9 158.6 999.0 211.0 161.7 153.1 105.2 201.4 125.2 246.7 197.9 210.7 211.5  45.4 246.0 234.4  20.7 256.4 302.7 226.8 279.6
 wrfout_d04_2016-07-19_12:00:00 999.0 194.7 232.9  98.4 244.9 197.8  64.6 221.8 201.5 234.5  22.2 166.1 999.0 205.6 178.2 190.2 184.5 200.4 204.8 224.2 212.2 199.6 198.4  30.0 241.5 228.6  19.0 259.6 336.1 221.1 279.9
 wrfout_d04_2016-07-19_13:00:00 999.0 194.4 221.9 136.4 237.7 161.0 167.0 221.6 205.0 237.5   4.0 166.3 999.0 195.3 178.5 228.8  66.3 198.2 186.3 218.2 200.5 198.5 197.1  37.8 237.0 225.0  27.2 258.5 350.1 220.4 281.8
 wrfout_d04_2016-07-19_14:00:00 999.0 213.7 212.7 141.0 216.5 194.0 191.0 225.2 206.4 235.8   4.9 145.2 999.0 189.4 174.1 240.4  91.1 198.3 192.6 211.8 185.1 196.0 196.0  40.1 233.2 223.7  12.0 246.1 321.8 219.4 275.1
 wrfout_d04_2016-07-19_15:00:00 999.0 196.5 201.4 122.2 197.4 187.8 173.0 220.1 179.1 230.4  30.7 321.3 999.0 190.3 173.9 228.3 195.3 194.9 209.5 209.9 171.6 197.4 192.9  34.2 224.8 212.3   4.0 245.7 296.5 216.5 269.0
 wrfout_d04_2016-07-19_16:00:00 999.0 183.9 202.6 127.3 222.1 201.5  77.9 214.2 144.6 213.2  13.0  30.9 999.0 186.0 174.6 228.8 178.2 193.6 203.4 207.5 172.3 195.3 190.0  28.4 205.9 202.5   8.6 235.3 299.5 213.3 262.8
 wrfout_d04_2016-07-19_17:00:00 999.0 183.4 193.6 130.4 198.0 199.2   7.2 211.6 121.5 208.8 172.1 123.5 999.0 186.0 165.8 245.6 172.5 194.3 196.2 211.9 174.9 193.5 161.2  32.8 180.4 190.0 297.6 220.7 303.1 209.7 253.7
 wrfout_d04_2016-07-19_18:00:00 999.0 181.2 183.4 100.9  30.2 163.3 338.2 207.7 150.6 209.0 294.8 139.2 999.0 185.2 161.8 256.0 138.9 195.0 192.2 204.6 180.6 192.9 150.1  31.2 153.4 162.1 267.1 215.9 306.7 205.9 234.2
 wrfout_d04_2016-07-19_19:00:00 999.0 178.7 146.7   0.4  40.7 138.7 214.7 209.8 161.4 196.0 354.6 158.5 999.0 182.9 171.1 254.1 147.6 194.4 192.2 191.4 179.4 195.6 146.7  22.0 140.9 138.7 256.7 200.5 311.3 199.1 213.4
 wrfout_d04_2016-07-19_20:00:00 999.0 175.8 110.9  32.5  25.3 137.1 109.2 209.7 175.3 179.8  10.7 163.1 999.0 181.7 176.2 247.2 170.0 197.1 193.2 187.4 179.4 192.6 154.0 357.4 142.6 133.5 243.4 188.1 306.2 194.4 194.1
 wrfout_d04_2016-07-19_21:00:00 999.0 180.1 323.5  48.7   5.4 305.8 125.2 212.9 184.0 177.1  30.8 344.0 999.0 180.6 168.7 247.6 167.4 200.4 196.4 189.4 181.1 192.9 146.1 254.7 141.6 133.3 199.6 179.0 301.8 189.7 162.8
 wrfout_d04_2016-07-19_22:00:00 999.0 186.5 282.2  36.2 316.6 298.5 160.7 218.1 179.1 217.9  27.7 359.3 999.0 178.8 166.4 240.9 150.6 204.3 196.3 187.3 184.5 196.2 132.8 255.8 135.6 129.4 227.5 175.1 308.2 182.9 162.6
 wrfout_d04_2016-07-19_23:00:00 999.0 199.1 258.0 289.1 280.0 315.9 222.5 222.2 231.0 230.7  36.2 166.4 999.0 190.1 186.8 226.1 320.7 209.4 216.4 198.8 180.0 200.5 148.3 211.6 154.1 157.5 207.2 186.5 164.2 180.8 183.0
