 wrfout_d04_2016-01-06_00:00:00 999.0   3.2   2.3   8.0   6.5 350.7 319.3  13.3  15.0 359.4 163.6 282.8 999.0  20.6  20.1  34.7 216.5  19.9 218.3 326.5 257.3  14.6   0.5 238.9 351.2 353.6 224.2 346.3 166.5 117.7 277.5
 wrfout_d04_2016-01-06_01:00:00 999.0  14.7  11.2   3.5  21.2 349.6 309.2  21.1 337.9  19.0 173.1 299.5 999.0   6.5   8.9  23.7 114.0  19.3 220.7  10.0 243.3  13.4  12.1 177.8 357.6   4.9 194.0 330.9 159.3 145.3 298.2
 wrfout_d04_2016-01-06_02:00:00 999.0   3.9  23.4  18.1  30.6 358.3  42.0   8.0 347.1  26.0 153.1 310.7 999.0  14.9   2.0  27.1 213.4  11.8 226.3   6.4 242.5  12.7   3.6 172.1 353.7 351.8 183.7 322.4 174.3 164.8 293.3
 wrfout_d04_2016-01-06_03:00:00 999.0  11.6  18.1 359.4  26.7   1.6 311.4  15.3 352.9 353.8  72.9 357.6 999.0   8.6 342.7  29.5 226.4  22.4 221.6   9.7 263.5  20.4 359.6 129.2 346.5 355.7 160.5 338.7 237.3 170.9 303.2
 wrfout_d04_2016-01-06_04:00:00 999.0  10.0  32.2   5.8  33.5 350.1 357.4   6.7 352.4 358.9 345.9   8.7 999.0  11.4 352.0  42.5 247.6  27.7 225.6  10.4 253.6   8.7 355.1  60.3 350.1 351.8 145.1 315.7 297.8 190.8 305.7
 wrfout_d04_2016-01-06_05:00:00 999.0   7.8  24.4  14.4  28.3 359.0 224.4  15.5 356.7   0.7  12.6   2.1 999.0   2.1 359.2  38.2 259.8  20.2 236.9   7.8 255.7  15.6 356.5  28.6 356.0 356.6 119.4 318.6  30.1 203.2 297.7
 wrfout_d04_2016-01-06_06:00:00 999.0   6.2  27.1   6.7  30.8 357.0  32.5  19.2 354.8  17.8   7.0   7.9 999.0  15.5 348.4  40.1 286.9  18.8 233.8 354.8 246.0  11.2 348.5  25.5 341.3 340.3 100.4 327.6  37.5 204.2 308.8
 wrfout_d04_2016-01-06_07:00:00 999.0   4.3  23.7  12.2  29.2   7.7 343.4  13.3   0.2  24.0  10.4   5.6 999.0   6.8 354.3  34.3 285.3  13.2 228.5 348.9 246.7  13.4 347.7  33.5 334.9 342.9  52.6 320.4  48.3 218.1 317.2
 wrfout_d04_2016-01-06_08:00:00 999.0  12.4  27.1  24.9  31.0  17.6 331.0  13.1   4.6  11.8  67.5   0.8 999.0   7.8   3.1  35.4 306.5  14.5 153.2 354.7 247.3  11.4 355.5  28.6 334.6 343.4  43.8 316.9  59.7 207.4 304.1
 wrfout_d04_2016-01-06_09:00:00 999.0  11.3  39.8   8.4  37.8  12.7 165.1  25.5  26.1  28.9  93.1 359.4 999.0   8.9   6.5  29.7 233.8  17.4 103.6 347.7 226.9  10.7 357.6  29.6 338.5 346.6  39.6 321.8  33.8 205.5 320.9
 wrfout_d04_2016-01-06_10:00:00 999.0   9.5  43.0  19.8  41.9  19.9  77.0  32.9  78.5  33.2  67.6 349.0 999.0   9.0   7.9  29.1 168.3  16.9 194.9 349.7 226.6  13.3 359.8  33.9 349.7 353.8  40.3 334.9  27.8   6.7 339.9
 wrfout_d04_2016-01-06_11:00:00 999.0  10.0  41.5  23.1  40.1  25.6  64.1  39.6  67.0  29.7  42.4 357.0 999.0   7.9   8.4  26.8 176.1  19.3 195.6 353.6 225.6  14.4   3.2  25.4 352.1 355.9  32.2 343.8  38.3  17.2  28.6
 wrfout_d04_2016-01-06_12:00:00 999.0  12.2  42.8  18.2  39.9  25.9  69.6  44.2  97.7  41.0 261.9 338.6 999.0  10.3   6.9  29.8 186.4  16.9 199.2 355.2 222.8  16.0   5.3  24.4 353.5 357.8  35.5 347.1  31.3  14.4  31.5
 wrfout_d04_2016-01-06_13:00:00 999.0   8.5  41.1  19.2  38.5  10.1 277.5  42.6  95.0  49.1 215.1 327.5 999.0   6.9   7.7  29.2 171.9  20.5 200.4 357.1 229.9  16.2   7.9  24.1 353.2 358.1  44.3 356.0  21.4  24.7  43.9
 wrfout_d04_2016-01-06_14:00:00 999.0   5.7  43.4  21.7  40.7  11.6 161.7  43.0 107.9  47.9 164.1 287.3 999.0   9.9   5.6  32.1 165.9  15.3 201.7   0.2 232.8  15.2  10.4  24.8 354.7   0.4  39.1   1.5  20.7  29.9  43.9
 wrfout_d04_2016-01-06_15:00:00 999.0  12.2  44.0  25.6  40.0  14.0 237.9  42.7  73.4  44.5 242.6 343.7 999.0  12.5   6.4  29.0 163.9  14.8 203.8 353.3 227.5  15.2   8.7  20.9 354.8 359.9  36.8   0.7  23.7  29.2  36.7
 wrfout_d04_2016-01-06_16:00:00 999.0  15.0  43.4  20.3  38.7   9.4 223.6  41.2  60.6  43.9 224.4 329.2 999.0  13.3   6.5  25.6 171.1  16.4 205.3 353.8 225.6  14.4   8.3  14.4 354.0 357.6  18.9   0.1  18.7  27.1  43.0
 wrfout_d04_2016-01-06_17:00:00 999.0  20.7  45.1  18.7  41.0  11.3 227.7  42.0  91.0  43.1 227.3 325.3 999.0  12.7   5.5  19.1 166.9  15.4 203.1 351.6 224.3  13.0   9.0  21.5 355.5 358.8  19.7   4.1  26.4  25.1  44.6
 wrfout_d04_2016-01-06_18:00:00 999.0  22.2  43.6  20.7  40.1  24.1 235.9  36.2  65.3  39.5 226.7 309.1 999.0  15.5   6.8  25.3 166.7  17.1 201.7 348.6 226.9  12.4   6.9  26.5 353.7 358.4  24.2   3.6  28.4  29.7  32.8
 wrfout_d04_2016-01-06_19:00:00 999.0  25.0  44.8  22.0  41.6  29.4 131.8  38.5  69.5  38.8 244.2 275.8 999.0  16.4   6.4  29.3 167.1  16.7 200.9 349.9 228.6  13.3   7.3  30.4 356.9   0.2  13.5  15.5  22.4  27.7  42.7
 wrfout_d04_2016-01-06_20:00:00 999.0  26.5  49.8  20.1  44.1  35.7  81.9  43.3  75.0  40.5 237.4 274.2 999.0  16.5   8.8  29.6 163.8  18.0 199.8 347.5 226.0  13.5  10.2  21.1 352.4 359.3   5.3 359.6  13.8  26.0  46.9
 wrfout_d04_2016-01-06_21:00:00 999.0  29.0  47.9  22.2  42.3  36.4  66.3  44.3  76.4  39.9 220.5 268.0 999.0  13.4  11.7  27.9 137.1  21.7 201.5 346.5 230.3  17.3  15.0  23.9 357.3   5.5 360.0   1.8  11.1  23.4  51.5
 wrfout_d04_2016-01-06_22:00:00 999.0  29.7  50.5  28.8  44.1  40.8  60.1  49.6  71.6  41.6 247.1 290.4 999.0  13.1  11.2  29.5 120.3  20.7 198.8 344.8 231.0  16.9  20.0  19.0 343.2 351.6   1.5 332.5   7.8  31.8  56.4
 wrfout_d04_2016-01-06_23:00:00 999.0  30.1  52.7  34.3  46.0  45.7  63.7  50.9  66.8  41.6 235.8 274.5 999.0  15.2   8.4  30.1 104.3  17.9 199.0 347.5 228.8  17.9  18.5  21.0 348.6 352.8   9.0 330.8  11.9  28.0  53.9
