 wrfout_d04_2016-07-11_00:00:00 999.0 194.3  52.8 238.3  20.0 260.7  89.0 210.3   9.8 221.2  33.4 169.0 999.0 186.9 186.0 189.7  35.1 196.6 219.6 175.1 208.8 194.1 173.8 206.2 170.0 178.3 197.2 219.6 222.1 210.3 227.5
 wrfout_d04_2016-07-11_01:00:00 999.0 171.1 337.5 356.4 326.1 319.6 146.9 198.6 211.7 199.4  43.1 193.5 999.0 172.5 136.5 171.0  37.5 193.3 212.0 157.9 234.2 193.5 135.7 205.7 139.6 140.3 195.2 210.0 179.1 209.1 206.5
 wrfout_d04_2016-07-11_02:00:00 999.0 172.5 263.0  86.4 215.6   7.5 125.1 191.3 124.0 200.6 101.4 164.3 999.0 180.6 162.0 217.8   4.3 186.3 225.7 170.0 229.3 185.0 143.8 198.2 107.5 101.3 202.5 199.0 185.4 208.1 199.2
 wrfout_d04_2016-07-11_03:00:00 999.0 177.0 177.6 129.4 172.5 100.7  95.1 201.1  96.8 204.7  88.0 169.2 999.0 168.9 151.2 206.5  15.0 197.4 221.3 153.4 218.6 194.5 131.3 214.6 110.9 100.8 202.4 197.8 174.6 208.6 204.4
 wrfout_d04_2016-07-11_04:00:00 999.0 154.6 241.7 172.5 108.7  36.6  82.6 211.5  56.1 211.1  99.2 157.6 999.0 179.4 166.3 190.0  61.0 206.7 206.0 153.2 187.4 191.9 117.4 195.6 128.8 138.1 196.8 185.1 191.0 208.4 197.1
 wrfout_d04_2016-07-11_05:00:00 999.0 172.4 279.5 318.4 271.0  85.7  68.3 214.9  44.4 216.3 126.8 181.5 999.0 178.9 171.7 202.1  33.6 197.4 212.4 177.6 210.8 175.6 150.9 208.7  98.9 103.1 196.2 175.0 197.6 206.8 190.9
 wrfout_d04_2016-07-11_06:00:00 999.0 166.8 126.9  98.6  99.8 351.0  48.6 233.1  86.5 206.1  70.8 135.0 999.0 185.2 187.3 202.9   1.1 188.9 217.6 185.4 209.9 155.6 182.3 198.0 153.2 155.7 196.3 171.8 181.2 206.9 197.7
 wrfout_d04_2016-07-11_07:00:00 999.0 167.7 266.3 296.5 267.9  72.0 209.9 210.4 179.8 219.2  84.9 182.8 999.0 202.4 187.4 196.0  53.1 175.6 220.8 186.6 214.5 152.4 108.8 203.3 142.5 138.2 203.7 268.3 198.2 204.8 192.3
 wrfout_d04_2016-07-11_08:00:00 999.0 158.4 268.2 354.8 288.1 306.5 292.6 222.2 252.6 252.1 291.5 186.1 999.0 193.9 200.4 198.3  42.5 167.6 222.9 186.8 211.6 169.4 114.3 214.2 154.5 163.9 211.3 192.7 208.1 203.7 201.4
 wrfout_d04_2016-07-11_09:00:00 999.0 183.5 245.0  17.6 282.1 116.8 311.6 212.3 205.0 230.3   2.4 155.9 999.0 177.4 175.4 191.5  25.8 179.2 217.8 169.2 217.3 176.8 161.5 221.0 141.7 112.0 214.6 189.4 192.2 205.2 200.1
 wrfout_d04_2016-07-11_10:00:00 999.0 185.4 200.4 150.0 211.8  94.0 213.5 211.0 219.5 208.9  61.1 180.8 999.0 179.3 159.1 187.5  38.5 169.1 212.1 154.0 201.6 180.5 109.4 209.5  69.3  89.0 202.1 194.0 202.6 209.0 200.3
 wrfout_d04_2016-07-11_11:00:00 999.0 204.7 206.2 138.5 269.4 351.1 283.1 207.7 270.1 212.8 347.5 184.1 999.0 176.4 199.0 180.7 333.2 178.3 196.7 162.4 193.9 187.1 122.5 217.7 196.1 158.5 206.8 188.6 217.0 208.8 197.8
 wrfout_d04_2016-07-11_12:00:00 999.0 185.8 150.2 145.3  65.1  42.1   5.4 204.1  70.9 212.1  29.9 153.5 999.0 171.2 172.5 194.7  58.4 195.1 202.5 141.6 206.8 191.4  74.6 218.8 136.1 156.0 208.1 196.0 210.3 206.9 205.8
 wrfout_d04_2016-07-11_13:00:00 999.0 184.7  66.4 149.6  16.1  13.1 260.8 211.7  48.6 194.3 288.0 165.4 999.0 179.2 184.8 213.1  48.1 176.1 208.9 145.9 195.6 185.5 138.9 224.2 175.5 185.4 206.4 195.6 206.1 210.1 195.0
 wrfout_d04_2016-07-11_14:00:00 999.0 169.3 337.1 350.2 340.8  22.9 115.6 208.8 262.3 210.8  19.0 183.0 999.0 171.4 159.3 201.3  59.5 187.8 209.3 153.1 205.3 195.4 178.9 225.8 191.8 189.9 203.8 183.5 200.1 203.2 197.1
 wrfout_d04_2016-07-11_15:00:00 999.0 168.8   4.1  23.8   7.1 292.5 103.7 206.4  79.3 195.3  14.8 165.3 999.0 170.0 167.8 178.0 314.1 183.5 198.9 101.6 205.4 183.1 180.6 217.9 188.3 183.7 202.7 185.9 209.1 204.2 190.1
 wrfout_d04_2016-07-11_16:00:00 999.0 187.6 359.2 135.1   6.7  77.5 136.6 204.0  71.4 167.1  69.5 183.4 999.0 181.9 191.0 198.2  71.1 186.9 208.6 165.6 196.5 182.6 179.7 215.2 173.1 175.3 204.5 184.6 198.1 198.3 189.3
 wrfout_d04_2016-07-11_17:00:00 999.0 184.3  78.4 213.3  29.6  12.3 130.0 183.3 144.8 144.2 278.9 172.0 999.0 171.2 163.1 217.3  62.5 180.5 204.8 173.0 197.7 177.1 178.7 205.9 164.7 176.8 199.2 180.9 177.5 199.2 192.4
 wrfout_d04_2016-07-11_18:00:00 999.0 182.0 215.7 133.4 316.3 289.0 152.5 201.1 276.5 208.5 302.1 187.0 999.0 167.4 154.1 212.0  78.6 182.6 212.7 175.1 194.8 181.1 173.1 207.6 166.3 165.6 207.6 181.7 198.5 203.0 194.1
 wrfout_d04_2016-07-11_19:00:00 999.0 186.4 275.2  29.1 310.6 299.0 346.8 209.5 309.8 211.1 301.8 236.8 999.0 176.7 166.4 227.1  76.1 185.3 221.6 174.4 198.2 179.3 171.3 213.5 149.7 162.6 197.8 178.1 208.5 197.3 193.9
 wrfout_d04_2016-07-11_20:00:00 999.0 180.2 256.8  58.3 295.1 317.2  39.7 202.9 183.5 200.5 134.6 184.4 999.0 182.5 158.9 224.4  56.8 187.5 203.5 174.0 188.9 181.8 179.8 207.3 142.8 170.1 199.3 183.2 177.3 198.8 194.7
 wrfout_d04_2016-07-11_21:00:00 999.0 181.5 232.7 138.7 270.4 113.0  95.2 211.6  71.6 211.8   9.6 176.8 999.0 183.8 165.2 229.6  63.1 188.9 209.8 172.7 186.8 184.2 177.6 210.3 151.7 164.3 209.3 187.7 184.7 197.5 197.6
 wrfout_d04_2016-07-11_22:00:00 999.0 170.9 222.0 153.4 254.8 216.7  89.7 216.4  39.0 205.6 328.1 189.0 999.0 182.6 157.1 235.0  59.5 188.9 216.2 170.8 193.7 191.5 180.8 211.3 165.8 181.2 205.6 189.1 191.5 197.0 198.2
 wrfout_d04_2016-07-11_23:00:00 999.0 169.4 232.8 163.6 257.5 257.3 109.9 199.6  17.0 183.9 146.5 186.2 999.0 183.8 175.7 205.5  79.9 188.1 211.9 180.1 205.8 187.8 184.1 205.2 163.3 180.5 202.0 177.4 217.0 201.1 197.6
