 wrfout_d04_2016-04-25_00:00:00 999.0  23.0 204.8 136.8 273.1  23.3 247.0 175.9 152.4  88.0  72.1 326.0 999.0  91.7  67.8  26.8   1.6 196.2 227.6 173.7 250.7 189.6 136.2 113.8 138.9 133.5  92.7 172.4  83.3 201.9 220.4
 wrfout_d04_2016-04-25_01:00:00 999.0  25.2 186.1 178.3  50.4 282.9 243.3 229.4 240.7 280.7 357.6 314.3 999.0 123.4  54.8  29.0  31.0 196.3 231.2 193.0 249.6 183.0 151.2 170.5 160.1 153.1  96.2 198.3  75.4 196.0 218.7
 wrfout_d04_2016-04-25_02:00:00 999.0  49.3 222.6  69.0 257.3 258.2 353.8 195.3 358.9 167.8   7.0 329.6 999.0 146.1 145.0  32.8  23.4 192.9 236.9 189.8 258.0 188.8 184.0 182.7 190.2 199.8 136.5 210.5 104.9 195.6 227.7
 wrfout_d04_2016-04-25_03:00:00 999.0  58.4 232.1  57.8 262.9 313.6  12.1 236.9  93.4 154.2  78.0   6.9 999.0 170.1 169.3  36.5  12.1 195.1 238.6 214.5 255.1 191.1 207.2 168.5 221.0 220.6 141.5 219.5 114.9 194.5 237.1
 wrfout_d04_2016-04-25_04:00:00 999.0 153.9 237.8 123.1 248.0 338.3  79.0 270.0  55.4 303.0  82.9  27.3 999.0 193.5 140.4  62.1   2.5 196.1 238.2 227.8 260.3 186.0 220.4 169.9 233.2 228.7 172.2 223.6 209.1 188.7 239.8
 wrfout_d04_2016-04-25_05:00:00 999.0 273.1 250.3  34.5 286.2   6.4 340.4 330.1 342.3 305.7  93.3  50.9 999.0 181.8  94.4  61.2 278.7 197.4 233.7 237.4 262.0 184.5 229.1 175.8 234.5 231.1 164.3 228.0 235.9 189.1 248.8
 wrfout_d04_2016-04-25_06:00:00 999.0 244.1 246.8 349.5 259.5  33.8 339.1 357.7 325.5 321.1  75.8  53.7 999.0 240.4 223.5  43.6 247.2 196.8 242.3 248.9 257.1 186.0 231.6 176.7 240.0 235.0 161.2 223.1 226.5 194.3 248.2
 wrfout_d04_2016-04-25_07:00:00 999.0  47.8 270.5 346.6 278.7  30.8 351.6 351.4 333.8 313.8  61.4  48.8 999.0 263.1 253.5  36.4 272.9 207.4 228.5 257.3 260.3 196.8 230.1 180.8 241.8 235.5 156.6 224.2 230.3 203.1 250.6
 wrfout_d04_2016-04-25_08:00:00 999.0  31.8 252.3 339.3 250.2  59.4 330.0 355.8   3.0 321.8  16.3  68.5 999.0 314.0 279.6  37.8 258.4 209.1 230.7 260.1 248.7 200.5 231.2 188.0 238.3 233.0 166.0 229.6 221.3 207.1 256.6
 wrfout_d04_2016-04-25_09:00:00 999.0   7.1 234.7  73.8 241.9  39.2 340.7  22.0  35.5 311.8  50.6  24.0 999.0 347.6 280.6  38.2 292.0 210.6 229.7 251.6 250.3 204.9 232.8 193.2 236.1 229.6 182.8 218.5 236.5 208.2 250.0
 wrfout_d04_2016-04-25_10:00:00 999.0  33.5 312.1   4.3 325.4  31.6  55.0  26.1  48.1 334.7   2.5  10.0 999.0 357.8 304.9  49.8 304.8 212.0 214.5 241.6 231.3 207.9 228.4 197.4 221.7 215.8 161.6 215.4 241.1 209.7 253.7
 wrfout_d04_2016-04-25_11:00:00 999.0  34.5 239.5 325.8 251.3  63.8 300.5  43.6 350.5  17.8 201.4 332.1 999.0  17.8 358.7  14.1 205.7 199.0 222.7 242.6 216.3 202.4 213.9 230.4 223.1 210.6  75.0 227.4 254.2 207.6 261.8
 wrfout_d04_2016-04-25_12:00:00 999.0  34.3 228.3  16.0 118.0  57.8  20.2  57.4  59.1  10.5 281.3 106.1 999.0  13.2   6.0   7.9 201.7 210.8 215.2 262.2 208.0 205.1 199.5 244.3 203.2 185.9   2.5 244.1 298.6 215.7 266.1
 wrfout_d04_2016-04-25_13:00:00 999.0  37.3 186.1 267.8 196.1 116.4 248.8  58.1   8.6  55.7 287.6 250.8 999.0   5.8 355.4  17.5  61.8   1.5 208.3 266.6 206.6 210.4 190.9 289.3 221.0 207.0  16.4 247.4 358.1 211.2 273.6
 wrfout_d04_2016-04-25_14:00:00 999.0  68.9 187.8 138.1  13.5  72.0  85.1  70.2 203.5  72.5 245.9 272.5 999.0 355.2 320.8  26.2  54.3  43.4 212.8 306.7 208.6 221.2 103.4   5.8 330.9 277.8   2.3 247.0  38.2 207.7 275.9
 wrfout_d04_2016-04-25_15:00:00 999.0  60.7 173.6 160.3 109.6 128.5 127.1  88.6 116.5  96.0 305.7 293.0 999.0 348.3 298.4   9.4 357.4  54.6 194.3   4.7 199.1 218.3 100.0   4.3  15.7 308.3   1.7 250.3   7.8 211.9 282.9
 wrfout_d04_2016-04-25_16:00:00 999.0  65.7 121.7 171.9  80.4  20.6  72.0  32.1 336.0  21.9 120.2 311.1 999.0 349.5 343.2   4.2 290.5  83.6 203.1  33.2 209.7 141.2 158.7  21.3  53.2  93.0   1.8 273.8 330.2 204.7 324.3
 wrfout_d04_2016-04-25_17:00:00 999.0  65.8 137.6 289.2 101.0 327.6 242.3  29.2  19.5 304.8 314.0 319.0 999.0   0.6  48.0 349.6  75.7  90.1 199.3  75.2 214.0 119.1 127.8  16.6  53.6 130.4  15.9 159.6 249.0 202.2 347.0
 wrfout_d04_2016-04-25_18:00:00 999.0  41.2 136.5 263.2 102.6  40.6 274.9  63.0  53.5 335.2 187.7 286.1 999.0 338.5 135.4   3.0 171.4 101.7 206.1  99.7 231.5 137.6 117.4  67.9  74.1 158.4   4.1 189.0 283.6 203.6  29.7
 wrfout_d04_2016-04-25_19:00:00 999.0  57.3 123.4 279.9  86.5 354.3 279.6  81.2 292.5  90.3 229.3 304.6 999.0 290.8 232.2 330.5  82.2 117.8 202.4 129.0 233.9 187.0 105.1  15.0  72.2 104.1  28.0 174.6 285.0 207.3  41.8
 wrfout_d04_2016-04-25_20:00:00 999.0  44.2 135.6 167.3  89.6 328.2 225.9  79.4 209.4  79.3 294.8 311.4 999.0 328.4 138.4 341.1  62.3 133.6 195.1 129.4 243.1 191.8 103.9 315.6 109.0 104.9  11.1  96.6 299.2 200.2  81.7
 wrfout_d04_2016-04-25_21:00:00 999.0  44.6 140.6 178.8  88.8 263.7 249.4 101.8 252.9 121.2 246.2 280.4 999.0 348.6 306.6  75.0 161.7 178.1 194.1 149.5 244.4 219.8 100.3 335.7 102.4  96.1 351.2  89.5 276.5 189.5  86.6
 wrfout_d04_2016-04-25_22:00:00 999.0  25.6 191.2 146.6  50.9 151.5 102.0  90.7 230.3 291.3   0.5 338.5 999.0 236.1 123.8 210.3 177.7 216.2 192.3 167.7 249.1 224.0 110.4 348.5 111.5 107.0 354.9  87.9 261.9 190.4  84.8
 wrfout_d04_2016-04-25_23:00:00 999.0  32.9 157.2 176.7 132.4  72.5  93.7 333.1  39.9 248.4  48.1 333.6 999.0 224.5 161.1 239.6 307.4 228.1 215.6 198.0 261.4 214.4 120.1  32.9 122.1 121.6  11.4 119.9 149.0 193.3 139.0
