 wrfout_d04_2016-08-22_00:00:00 999.0  60.2 108.9 164.0 123.0  61.1  91.6 265.0  77.5 217.8 131.2  70.0 999.0 331.0  59.8 174.8  16.2  10.5  57.4 356.4  91.5  15.1 359.7  57.3  10.0   6.6  48.1 352.1  50.7  40.4  46.9
 wrfout_d04_2016-08-22_01:00:00 999.0  54.8 126.3 166.7 171.7  48.2  54.8 277.2  60.9 261.4  95.2  68.3 999.0 318.8 325.7  66.8 357.8   3.0  34.6 346.1   7.4 355.0 343.9  61.1 348.6 348.0  81.4 325.9  68.6  43.8  51.8
 wrfout_d04_2016-08-22_02:00:00 999.0  47.9 110.1 332.8 156.5  46.2  56.4 325.2  52.3 286.9  93.5  78.9 999.0 324.1 349.8  73.7 347.3   0.1  33.4 341.3 349.7 359.6 330.9  71.8 337.7 329.5  82.6 296.9  69.1  44.0  58.0
 wrfout_d04_2016-08-22_03:00:00 999.0  48.9  95.3 321.3 101.8  44.0  77.1   6.2  55.6 319.6  90.6  83.2 999.0 335.1 339.7  70.2 312.8 356.9  32.1 335.6 344.4   6.4 324.5  74.1 327.3 315.7  80.7 288.5  71.5  45.0  60.7
 wrfout_d04_2016-08-22_04:00:00 999.0  45.4  79.6 321.6  79.0  45.9  78.8  18.3  75.0 336.8  91.8  83.4 999.0 335.2 332.5  69.8 310.3 358.0  26.0 331.9 357.2   5.9 322.5  78.4 326.2 313.0  83.1 285.9  75.7  45.1  60.5
 wrfout_d04_2016-08-22_05:00:00 999.0  42.6  74.4 350.8  65.7  47.9  75.7  23.8  72.4 349.0  95.5  84.9 999.0 327.9 319.0  70.8 296.5 358.9  18.6 318.2   2.9   0.7 324.1  80.5 323.4 312.0  83.9 283.5  79.8  44.6  57.3
 wrfout_d04_2016-08-22_06:00:00 999.0  40.7  74.8  55.6  62.4  51.7  69.8  28.1  64.0  10.7  95.4  80.2 999.0 333.5 303.9  73.8 282.3 359.5  33.9 318.5  25.4   5.2 326.3  80.2 323.1 309.8  84.8 280.8  80.0  44.8  57.4
 wrfout_d04_2016-08-22_07:00:00 999.0  39.2  73.8  58.7  60.8  53.8  69.1  30.5  62.8  22.1  90.0  78.8 999.0 344.9 310.3  76.6 262.5 359.2  40.3 319.3  22.2   4.9 329.6  77.3 319.1 304.3  84.5 280.6  78.7  49.3  59.2
 wrfout_d04_2016-08-22_08:00:00 999.0  42.6  74.0  66.5  59.3  57.0  68.1  32.2  57.5  19.8  88.3  78.1 999.0   0.8 320.9  77.6 265.7 353.5  56.2 321.6  25.9 353.8 330.2  67.0 314.1 309.1  83.4 276.0  73.9  47.8  59.6
 wrfout_d04_2016-08-22_09:00:00 999.0  45.4  76.1  87.0  58.5  62.6  68.2  37.0  61.0  17.1  92.7  84.5 999.0   6.5   0.4  75.5 324.7 353.2  58.7 323.0  31.1 338.5 330.6  61.7 328.3 319.2  76.0 270.5  67.1  51.3  66.3
 wrfout_d04_2016-08-22_10:00:00 999.0  48.7  79.6 122.1  56.1  68.3  71.2  37.7  65.4  22.6  74.8  93.4 999.0   2.7   5.9  63.4 306.9 357.8  68.1 335.9  95.9 350.5 340.7  49.0 330.0 329.3  71.1 295.6  53.6  46.4  66.7
 wrfout_d04_2016-08-22_11:00:00 999.0  53.1  80.7 156.8  58.0  79.7  77.6  41.9  70.0  29.0 353.7 139.0 999.0   4.5 353.3  36.6 201.4  15.6  77.4 318.9 108.7   6.8 344.4  37.0 336.1 334.1  53.9 292.3   6.9  39.7  55.8
 wrfout_d04_2016-08-22_12:00:00 999.0  56.0  82.3 163.8  60.3  94.5  78.6  45.2  62.6  33.3 323.9 146.1 999.0 359.1 338.5  11.3 202.7  18.9 114.3 327.7 145.5   9.8 340.2  25.7 326.6 331.9  45.8 274.6 358.3  39.4  56.4
 wrfout_d04_2016-08-22_13:00:00 999.0  59.9  84.0 166.7  62.5 101.3  73.2  46.1  58.6  39.3 318.0 220.1 999.0   3.2 349.1 344.0 200.6  17.8 143.4 328.1 136.1 354.5 352.8  22.5 348.1 332.5  33.8 289.9 356.8  37.9  63.9
 wrfout_d04_2016-08-22_14:00:00 999.0  66.7  85.0 164.7  63.9  89.3  70.6  44.6  58.3  47.1 319.9 271.6 999.0   0.9 354.7 347.1 158.6  15.1 166.2 340.7 121.8 359.1 353.2  21.5 322.2 331.4  34.8 276.4   2.3  35.5  61.0
 wrfout_d04_2016-08-22_15:00:00 999.0  64.9  85.4 182.8  64.4  85.8  75.7  42.6  57.6  42.1 309.0 300.7 999.0 355.0 177.9 325.7 208.4  16.7 120.2 303.6 124.8 353.9 346.0  12.6 299.3 306.5   9.0 292.4   0.2  37.2  63.1
 wrfout_d04_2016-08-22_16:00:00 999.0  61.3  85.0 197.3  63.9  76.3  71.7  44.6  54.7  41.8 306.4 297.6 999.0 358.8 173.1 312.4 197.1  16.8 180.0 274.3 129.2   3.1 339.3 347.3 311.4 314.9 345.1 271.9 359.3  34.3  66.5
 wrfout_d04_2016-08-22_17:00:00 999.0  58.3  84.8 203.6  63.5  73.8  72.7  47.2  54.2  44.4 291.8 316.4 999.0 358.5 172.2 298.5 177.0  17.0 108.2 245.9 133.5 358.9 339.7 338.6 279.6 280.6 335.9 280.3 356.3  31.6  63.1
 wrfout_d04_2016-08-22_18:00:00 999.0  44.7  84.4 211.5  62.6  78.1  71.8  48.4  53.2  59.5 270.9 324.5 999.0 354.6 174.7 288.1 190.8  11.5 142.8 236.7 137.8 349.3 339.3 328.2 323.1 268.4 323.5 281.2 354.4  33.7  53.8
 wrfout_d04_2016-08-22_19:00:00 999.0  34.3  83.1 210.2  60.7  59.3  72.4  50.8  56.4  59.2 262.4 339.5 999.0 351.2 167.3 284.7 186.0   9.6 126.8 220.1 140.0 342.1 343.3 323.0 320.7 301.5 319.8 287.1 355.1  29.5  51.0
 wrfout_d04_2016-08-22_20:00:00 999.0  22.2  81.0 213.0  58.3  38.0  72.8  55.2  61.2  65.1 239.7 339.5 999.0 299.5 161.4 268.5 173.1   8.8 159.3 206.9 144.2 340.8 123.8 320.8 295.1 293.2 320.9 301.3 350.3  11.0  51.3
 wrfout_d04_2016-08-22_21:00:00 999.0   7.9  77.1 216.9  54.6  17.6  84.4  63.3  70.6  86.7 212.9 328.2 999.0 234.7 154.7 275.6 176.4  10.1 198.7 209.3 146.2 340.2 167.6 314.6 285.9 286.5 318.4 311.4 347.2  19.0  48.0
 wrfout_d04_2016-08-22_22:00:00 999.0 347.4  71.8 208.1  50.4  27.2 103.4  78.6 100.6  85.3 216.0 326.3 999.0 195.3 150.9 284.6 200.1  11.2 212.6 219.5 146.6 332.8  54.8 321.3 358.4 309.8 325.0 320.9 342.8  21.0  46.5
 wrfout_d04_2016-08-22_23:00:00 999.0 330.2  64.7 216.0  52.0  79.6 108.2  77.8  83.8 110.1 241.8 332.7 999.0 185.8 168.6 286.8 308.6  16.3  35.6 230.2 129.2 348.6  75.2  59.8 357.6 333.1 346.1 319.6  12.5  18.8  46.6
