 wrfout_d04_2016-04-12_00:00:00 999.0 310.8 232.5 324.6 244.4 227.0 302.3   0.9 307.1 119.5  66.7  53.5 999.0  13.1 331.5 124.7 342.5  37.3 222.5  33.2 245.4  43.7  57.7 175.8  45.3  43.4 170.3  91.1 242.8 173.7 187.6
 wrfout_d04_2016-04-12_01:00:00 999.0 355.2 242.2 295.8 248.2 270.4 291.4 331.5 259.6 290.8  93.7  82.7 999.0 323.5 261.5 114.8 333.0  15.5 227.0 329.2 257.2  12.8  39.7 111.3  27.5  43.6 178.3 159.3 190.1 182.7 234.2
 wrfout_d04_2016-04-12_02:00:00 999.0 336.0 246.8 303.2 251.9 315.2 284.9 323.2 272.4 282.7  92.8  73.2 999.0 332.8 215.0 105.0 257.9  39.5 231.7 237.4 260.8  42.0  37.2 122.5 100.3 115.4 165.2 221.3 203.7 196.2 236.7
 wrfout_d04_2016-04-12_03:00:00 999.0 265.5 243.0 297.9 251.4 359.9 275.0 312.3 269.3 273.3  96.5  71.9 999.0 326.6 231.9  96.8 254.8  24.9 226.7 209.3 265.6  32.4 347.5 116.0 159.1 230.8 174.5 211.9 216.6 204.7 241.2
 wrfout_d04_2016-04-12_04:00:00 999.0 267.1 245.8 295.1 253.3  16.4 289.4 323.5 273.5 279.6 104.8  71.7 999.0 324.8 272.8  86.7 253.5  21.3 217.5 216.3 267.0  26.6 314.0 119.9 247.6 236.7 167.3 229.6 232.0 215.5 248.2
 wrfout_d04_2016-04-12_05:00:00 999.0 278.9 243.5 299.2 248.5  37.6 294.2 329.1 283.2 284.9  94.2  72.5 999.0 342.9 296.4  74.8 253.4  24.3 221.9 212.5 269.5  23.7 295.2 135.9 230.9 213.8 148.3 227.4 238.1 214.9 251.1
 wrfout_d04_2016-04-12_06:00:00 999.0 304.4 241.5 302.5 247.6  58.9 301.5 336.1 285.5 295.9  93.9  65.6 999.0 338.4 285.7  55.7 256.3  17.2 232.5 233.9 264.3  24.2 281.0 144.6 244.5 237.5 136.7 220.9 245.2 215.7 255.2
 wrfout_d04_2016-04-12_07:00:00 999.0 309.8 235.8 304.1 247.1  68.6 303.1 351.1 268.1 294.4  90.6  79.2 999.0 345.7 296.8  43.5 191.2   0.6 235.0 256.8 248.7 354.9 271.4 174.7 234.0 233.8 114.2 215.5 247.6 219.5 255.8
 wrfout_d04_2016-04-12_08:00:00 999.0 300.9 236.6 307.9 249.7  46.6 315.2 357.9 264.3 297.2 114.4  99.3 999.0 338.1 291.7  28.2 199.6 345.6 234.6 263.0 242.0 340.2 263.9 310.7 245.2 243.3  85.7 231.7 246.3 219.3 261.1
 wrfout_d04_2016-04-12_09:00:00 999.0 305.5 233.9 317.0 252.9  31.2 333.3 342.7 262.8 300.5 111.1  54.3 999.0 335.4 291.4  42.1 244.5 336.3 228.0 251.5 237.9  11.6 273.5 320.0 241.5 243.4  22.8 239.3 236.0 218.9 254.5
 wrfout_d04_2016-04-12_10:00:00 999.0 329.3 237.6 329.6 256.7  24.8  21.7 356.7  47.1 291.3 124.3  85.9 999.0 351.1 266.7  33.1 226.5 351.3 226.5 253.5 233.4   5.3 279.7 355.6 253.5 254.7  21.6 257.6 235.6 223.6 257.0
 wrfout_d04_2016-04-12_11:00:00 999.0   1.9 219.3 307.0 231.1  68.4  58.6 349.8  36.3 309.9 110.3  85.1 999.0 343.1 265.3  13.0 176.3  15.2 223.7 273.6 232.1   9.1 269.7  14.4 256.6 252.6   9.3 266.6 254.9 229.7 253.9
 wrfout_d04_2016-04-12_12:00:00 999.0  24.6 206.1 309.3 201.1  39.9  16.1  15.9  58.7 260.4 354.6  72.0 999.0 348.0 226.0  39.0 157.9  63.7 212.0 259.4 238.8  45.7 145.7  18.2 189.9 194.0   1.1 252.4 280.8 234.8 258.6
 wrfout_d04_2016-04-12_13:00:00 999.0  26.3 179.9 307.2 113.4  32.1   5.9  29.1  59.9 238.3 301.8  47.6 999.0 265.6 198.1   7.8  37.0 120.8 205.3 199.2 244.9 166.5 138.9  15.3 181.9 208.5 345.2 253.5 303.3 235.6 269.9
 wrfout_d04_2016-04-12_14:00:00 999.0  49.9 194.7 309.9 187.9  44.1 310.7 321.8  28.9 238.8 307.9 106.8 999.0 216.4 177.3   9.7 190.6 120.6 207.3 188.3 244.4 145.7 112.1  28.5 177.2 180.6 136.2 228.8 279.0 238.3 278.2
 wrfout_d04_2016-04-12_15:00:00 999.0 109.2 198.2 305.6 200.1   9.2 350.0  21.2 204.3  43.6 330.1  37.0 999.0 199.2 159.2  33.3  86.0 212.4 207.9 199.9 242.7 213.8 132.0  20.4 165.7 168.7 148.8 201.1 280.5 236.4 277.0
 wrfout_d04_2016-04-12_16:00:00 999.0 174.5 192.9 295.8 179.9   8.2 315.9  58.1  75.0  58.8 204.2  20.0 999.0 202.2 156.1 343.9 316.3 186.6 215.3 202.9 247.7 229.0 185.1  14.0 152.9 156.6  53.3 179.7 277.2 233.1 273.3
 wrfout_d04_2016-04-12_17:00:00 999.0 144.0 197.3 283.1 172.1  54.8 109.5 125.1  49.8 214.3 166.5  22.7 999.0 187.3 194.7 350.9 310.0 204.1 218.8 197.3 268.3 191.4 176.0 320.1 153.1 130.2 282.3 173.1 286.5 226.5 262.5
 wrfout_d04_2016-04-12_18:00:00 999.0  83.9 199.5 357.9 203.0 329.0 335.6 333.7 320.2 101.3 299.6  67.5 999.0 187.8 165.2 227.6 278.3 192.9 222.6 199.8 269.5 177.8 156.3 243.3 156.9 140.2 291.6 178.4 264.6 216.4 252.9
 wrfout_d04_2016-04-12_19:00:00 999.0  97.8 192.1 307.2 176.8 348.4 225.5 289.4 202.7 233.3 166.6 344.4 999.0 169.5 179.4 106.3  76.9 187.9 223.2 185.7 275.2 192.7 149.2 255.3 157.2 144.0 256.1 155.7 200.9 212.4 256.0
 wrfout_d04_2016-04-12_20:00:00 999.0 271.1 219.7 336.1 237.9 151.5 176.6 345.9 152.2 116.1 253.0  34.4 999.0 180.8 157.3 300.9 359.3 191.6 226.4 189.5 282.9 186.9 137.6 268.3 140.4 132.5 289.5 125.7 168.6 231.0 243.4
 wrfout_d04_2016-04-12_21:00:00 999.0 209.3 227.6  58.6 251.9  12.6 139.7  19.2  96.2 339.1 191.0  61.1 999.0 176.6 176.9 319.0 357.8 187.5 222.7 175.9 278.1 191.5 142.8 251.5 153.7 146.9 225.7 128.3 174.4 221.5 232.2
 wrfout_d04_2016-04-12_22:00:00 999.0   1.1 237.2 111.4 259.7 331.9 146.7 278.8 108.3 299.9 206.1 354.6 999.0 186.5 178.9 254.8 190.2 188.2 221.9 157.5 274.9 202.9 146.5 186.8 144.7 146.5 204.5 126.0 176.0 208.6 219.7
 wrfout_d04_2016-04-12_23:00:00 999.0  94.4 234.4 220.1 252.8 139.8 134.8 244.1  56.5 217.4 136.9 355.1 999.0 183.5 182.8 319.7 178.2 188.0 220.6 196.5 274.3 187.7 147.5 156.6 151.6 152.9 198.8 145.2 187.1 196.4 218.5
