 wrfout_d04_2016-12-03_00:00:00 999.0  43.3  80.1  52.4  67.1  50.6  89.1  44.9  71.3  39.1 240.3 280.2 999.0  15.1 346.1  24.5 305.0  20.4  33.9 356.0 160.8  17.6  16.5  38.5   2.4   6.1  21.1   1.5  20.8  31.8  43.5
 wrfout_d04_2016-12-03_01:00:00 999.0  49.2  77.3  75.9  63.7  60.8  76.9  45.7  68.9  44.0 223.4 258.1 999.0  10.9 353.1  31.6 300.2  20.0  41.4 359.3 224.2  16.0  13.0  35.8   5.9   6.8  47.3 336.2  28.7  33.2  41.1
 wrfout_d04_2016-12-03_02:00:00 999.0  49.5  75.6  79.9  65.5  68.8  77.4  44.6  70.1  43.5 336.9 294.5 999.0   8.8 342.3  12.0 311.9  19.8  37.7 354.3 306.8  14.3   6.4  38.4 358.4   0.7  36.9 324.3  27.2  31.3  41.4
 wrfout_d04_2016-12-03_03:00:00 999.0  44.8  77.7  86.2  69.0  59.1  76.1  45.8  68.8  45.1  60.3  42.2 999.0   7.3 346.6  27.2 317.9  17.3  35.4 354.7 305.8  13.9   1.1  38.9   1.1   1.0  46.2 308.0  41.8  34.0  45.4
 wrfout_d04_2016-12-03_04:00:00 999.0  57.1  79.2  84.5  68.2  73.0  75.6  42.6  69.5  42.8  47.4  45.6 999.0   6.8 338.9  33.2 290.2  17.0  37.6 349.1 293.8  14.4 355.6  38.1 352.3 351.2  53.6 305.8  35.0  32.7  42.9
 wrfout_d04_2016-12-03_05:00:00 999.0  61.8  83.4  90.5  70.7  58.3  77.0  43.5  68.1  43.0  36.7  54.2 999.0   6.2 339.8  28.1 288.8  16.0  38.1 342.2 293.1  13.0 352.0  39.6 342.7 345.7  54.8 301.1  39.9  33.5  49.7
 wrfout_d04_2016-12-03_06:00:00 999.0  50.5  86.6  98.2  74.7  66.9  75.2  43.1  70.2  42.7  44.6  60.1 999.0   5.0 339.6  35.3 293.0  15.2  45.6 343.7 294.4  13.1 352.6  35.8 338.2 339.6  48.7 297.0  40.3  36.9  50.9
 wrfout_d04_2016-12-03_07:00:00 999.0  50.6  87.4  98.9  74.7  80.3  73.9  45.0  66.6  39.1  19.4  88.2 999.0   5.8 339.3  22.3 282.5  14.7  52.0 341.0 288.0  13.5 351.9  32.4 332.7 340.0  42.8 301.2  33.5  35.1  55.4
 wrfout_d04_2016-12-03_08:00:00 999.0  50.6  86.2 104.1  70.3  74.0  77.1  45.4  66.1  36.9  55.3  96.3 999.0   6.2 342.5  24.1 270.0  15.8  51.2 343.1 233.2  13.1 353.8  34.8 331.3 336.9  43.0 310.6  41.6  27.5  53.5
 wrfout_d04_2016-12-03_09:00:00 999.0  69.1  88.7 101.1  73.9  71.9  81.8  47.4  63.3  43.7  64.9 121.1 999.0   7.3 344.7  16.6 214.3  15.9  78.4 342.5 165.2  14.1 356.6  27.8 335.3 340.9  36.3 316.7  31.5  30.2  52.9
 wrfout_d04_2016-12-03_10:00:00 999.0  72.3  94.8 113.6  77.4  74.7  81.1  50.1  69.1  50.8  38.8 121.5 999.0   8.4 353.1  13.5 174.0  15.3 179.3 344.5 176.3  13.5   4.9  24.5 340.5 347.9  34.9 330.3  23.2  33.9  53.8
 wrfout_d04_2016-12-03_11:00:00 999.0  58.9  89.9 120.1  73.8  82.4  78.6  47.7  69.4  51.8  27.0 145.8 999.0   7.1 351.3 359.2 167.5  14.8 210.7 353.4 176.1  14.1   8.4  31.8 348.6 357.3  20.1   5.4  22.9  37.1  50.6
 wrfout_d04_2016-12-03_12:00:00 999.0  75.8  94.5 118.7  76.7  70.8  77.5  46.5  69.6  60.6 357.3 143.7 999.0   7.1 351.8   9.7 177.1  14.2 214.3 352.2 189.6  16.2   7.7  25.0 354.7   3.8  13.3  26.4  26.7  35.9  43.5
 wrfout_d04_2016-12-03_13:00:00 999.0  65.8  94.8 123.4  77.4  73.0  77.5  52.4  68.6  83.3 332.3 169.5 999.0   5.3 343.0   5.1 165.9  13.8 208.9 351.9 198.1  14.1  16.6  31.9   0.5   7.0   4.3  26.1  10.1  40.5  49.8
 wrfout_d04_2016-12-03_14:00:00 999.0  67.4  97.9 123.7  82.3  65.3  79.5  58.7  68.6 109.4 321.3 197.6 999.0   5.1 307.5  19.1 161.1  15.4 206.2 352.9 199.5  12.7  22.6  16.4 355.9   3.8  14.5  19.2   6.9  37.3  46.5
 wrfout_d04_2016-12-03_15:00:00 999.0  70.6 101.6 121.3  87.1  85.4  77.5  59.2  65.6 130.5 314.8 208.9 999.0 359.3 199.1 345.4 166.3  16.9 206.4   2.8 205.9  15.4  19.3  27.9   0.1   4.6  18.3   3.2   9.3  44.4  46.5
 wrfout_d04_2016-12-03_16:00:00 999.0  81.8 104.1 119.1  88.2  76.8  75.1  55.1  62.1 119.5 322.9 300.3 999.0 357.5 165.4 292.8 175.9  17.5 204.3   7.0 212.2  14.9  19.8  38.5   0.3   7.1   4.9 352.8   9.3  43.3  47.3
 wrfout_d04_2016-12-03_17:00:00 999.0  84.8 105.9 119.9  87.5  65.2  71.4  52.7  59.9  43.9 319.5 316.1 999.0   0.3 154.7 300.4 171.3  17.6 204.6   8.3 216.8  14.0  21.4 346.7 357.5   4.5   8.6 358.2   4.8  41.5  55.1
 wrfout_d04_2016-12-03_18:00:00 999.0  85.1 109.0 118.9  88.1  61.8  69.4  71.3  62.3  75.6 328.3   0.4 999.0   4.4 152.6 332.8 166.4  18.2 201.7   4.3 223.8  14.6  18.7  28.8   2.5   6.7  30.3 358.8  12.5  35.8  48.1
 wrfout_d04_2016-12-03_19:00:00 999.0  80.8 107.7 119.2  88.4  57.6  69.2 139.0  72.5 106.9 328.2 352.4 999.0  18.3 143.2 290.7 160.3  17.3 195.3   6.6 224.6  14.2  16.3  23.7   4.0   7.7   3.2   1.7 359.2  35.2  43.8
 wrfout_d04_2016-12-03_20:00:00 999.0  78.0 109.7 125.1  87.6  63.7  73.0 145.5 113.2 131.0 332.9 331.8 999.0  11.8 129.0 242.4 173.0  16.2 193.4   8.2 226.2  13.0   8.8  17.1   6.4  11.2 355.4 359.4 355.7  39.5  39.2
 wrfout_d04_2016-12-03_21:00:00 999.0  78.7 111.6 134.0  87.0  50.0  91.4 155.9 208.8 117.7 330.5 293.4 999.0  38.0  59.4 282.7 160.8  14.2 204.9  10.4 229.9  15.1  12.5  14.7   4.3   7.8 337.7   2.1   0.9  54.6  37.6
 wrfout_d04_2016-12-03_22:00:00 999.0  87.5 118.4 225.2  88.0  11.1 180.0 151.3 229.7 118.5 317.6 271.4 999.0 352.5   1.5 253.6 161.8  13.3 196.8  14.6 230.4  13.3  15.0 359.2   1.0   4.9 346.8   9.5   2.2  52.4  23.8
 wrfout_d04_2016-12-03_23:00:00 999.0  51.4 121.4 240.6  87.3  22.6 228.7 147.5 227.4 129.5 309.6 317.4 999.0   2.7  33.6 298.8 146.6  14.0 186.2   9.9 232.1  14.2  22.8   7.7   1.8   5.9 354.8   6.2   4.7  48.4  25.0
