 wrfout_d04_2016-05-29_00:00:00 999.0 243.6 236.0 236.3 243.2 217.1 236.5 229.0 223.3 235.8  50.3 354.5 999.0 193.8 186.6  43.4  12.4 199.3 224.5 199.7 239.7 197.2 189.0  66.2 185.0 196.2  64.4 238.9 247.7 234.7 277.7
 wrfout_d04_2016-05-29_01:00:00 999.0 245.3 238.2 249.4 243.6 224.8 239.8 232.6 234.3 238.0  71.9  25.4 999.0 204.5 195.5  58.6 286.1 200.5 229.0 203.1 244.7 197.4 195.4  68.5 220.3 210.6  66.8 246.0 253.6 235.0 279.5
 wrfout_d04_2016-05-29_02:00:00 999.0 245.2 243.6 260.1 248.8 230.7 247.2 235.9 242.6 241.9  89.4  44.8 999.0 215.4 201.3  65.0 248.6 201.3 231.8 203.2 251.9 197.6 205.1  70.0 233.3 227.6  71.3 251.1 256.4 236.0 281.4
 wrfout_d04_2016-05-29_03:00:00 999.0 250.1 246.9 261.7 252.0 250.3 254.6 238.4 250.5 245.6 102.1  54.2 999.0 223.0 213.4  60.6 247.3 202.4 233.7 208.5 259.1 199.4 211.8  72.2 240.8 237.1  76.7 254.8 259.6 236.2 282.9
 wrfout_d04_2016-05-29_04:00:00 999.0 256.7 251.4 266.6 257.7 323.4 264.0 240.0 258.9 246.0 109.4  66.3 999.0 228.8 219.1  55.2 251.7 203.6 234.7 223.0 266.9 202.9 217.4  70.0 245.7 241.6  76.3 257.2 262.0 235.8 282.7
 wrfout_d04_2016-05-29_05:00:00 999.0 256.2 255.4 269.9 263.8  15.9 267.2 241.1 262.0 246.2 105.3  87.0 999.0 229.6 226.4  51.7 249.6 204.7 235.3 235.2 272.0 206.4 220.5  65.3 246.9 242.9  73.0 260.4 265.2 235.3 281.4
 wrfout_d04_2016-05-29_06:00:00 999.0 251.8 257.1 269.5 267.7  21.7 270.6 241.9 262.6 246.2 101.7 104.7 999.0 228.9 234.4  47.8 251.2 205.6 235.9 240.1 276.6 208.8 220.6  58.8 247.8 244.3  63.0 263.1 266.3 235.2 280.4
 wrfout_d04_2016-05-29_07:00:00 999.0 248.4 257.6 269.2 267.9  16.6 267.9 242.3 261.2 248.2  97.5  91.3 999.0 227.7 238.5  42.9 253.8 205.4 232.2 243.7 277.4 209.6 219.4  53.2 246.8 243.7  54.4 264.8 268.3 235.9 280.1
 wrfout_d04_2016-05-29_08:00:00 999.0 235.9 257.3 272.8 268.5  18.5 266.4 242.0 257.9 247.2  95.9  76.3 999.0 227.1 243.7  42.6 251.2 205.8 232.5 245.6 276.5 211.0 219.7  48.2 246.4 242.3  53.9 266.0 270.9 236.8 279.8
 wrfout_d04_2016-05-29_09:00:00 999.0 222.0 253.8 269.9 267.7  25.2 262.9 238.0 251.2 245.8  87.7  60.6 999.0 222.6 242.1  39.9 247.0 204.5 228.1 245.3 274.5 210.0 218.5  46.1 244.7 239.9  60.8 267.3 272.3 237.1 279.1
 wrfout_d04_2016-05-29_10:00:00 999.0 225.2 247.4 264.9 264.2 343.6 254.8 230.6 240.4 241.9  71.0  35.2 999.0 214.6 232.2  35.4 234.8 203.3 216.6 240.7 269.6 209.2 218.4  45.4 242.4 235.8  62.9 267.6 280.3 239.2 279.9
 wrfout_d04_2016-05-29_11:00:00 999.0 220.3 245.8 279.7 266.5 291.7 253.9 227.7 233.9 237.8  31.1   2.6 999.0 203.5 221.8  30.2 203.8 202.9 189.6 232.1 256.6 209.7 218.1  40.0 236.8 231.3  63.5 268.1  84.6 241.6 281.3
 wrfout_d04_2016-05-29_12:00:00 999.0 218.6 249.4 321.7 272.8 345.0 260.0 232.9 228.0 237.6  48.0   2.5 999.0 192.0 204.8  26.6 212.7 203.4 180.8 223.9 254.3 210.1 217.7  41.6 232.7 227.9  74.1 267.8  58.8 242.7 283.4
 wrfout_d04_2016-05-29_13:00:00 999.0 236.8 254.0 325.5 279.4  24.3 321.3 239.9 220.5 242.8   6.1 337.8 999.0 186.8 190.4  19.4 231.9 204.8 183.5 214.5 247.9 211.3 215.3 206.8 228.1 223.1 171.3 264.5  42.9 243.4 285.3
 wrfout_d04_2016-05-29_14:00:00 999.0 252.3 253.8 323.5 278.6  85.1 315.9 239.4 173.2 250.0 334.8 332.1 999.0 186.7 186.6  27.1 250.2 206.0 193.3 208.2 241.9 210.5 209.9 202.3 224.0 218.0 203.3 261.7  38.3 244.0 286.2
 wrfout_d04_2016-05-29_15:00:00 999.0 269.8 250.7 316.5 275.7 115.1 303.5 239.6 168.9 248.8 314.9 338.9 999.0 188.5 187.5  29.1 241.9 206.7 197.2 204.7 236.5 211.2 207.4 201.3 221.3 214.4 206.8 260.7  36.2 245.1 286.8
 wrfout_d04_2016-05-29_16:00:00 999.0 278.2 248.4 314.4 272.6 207.7 288.4 237.6 177.1 248.4 117.0 323.0 999.0 188.1 187.5  35.2 237.1 208.3 196.8 196.2 233.5 211.3 205.7 168.6 220.0 212.4 211.5 259.2  37.3 246.5 287.4
 wrfout_d04_2016-05-29_17:00:00 999.0 283.6 247.7 286.9 270.6 224.5 281.0 237.1 186.9 243.7 140.3 325.4 999.0 187.3 185.2  34.2 254.1 208.4 196.7 194.0 229.6 212.2 205.4 183.7 216.9 211.5 236.6 260.1  29.8 247.3 288.1
 wrfout_d04_2016-05-29_18:00:00 999.0 292.8 249.6 299.9 270.0 261.7 283.0 234.3 205.3 245.8 105.2 322.1 999.0 184.4 179.5  42.1 288.9 208.7 200.3 190.6 228.5 212.4 205.3 204.7 216.6 213.0 235.4 263.6  21.8 247.7 288.3
 wrfout_d04_2016-05-29_19:00:00 999.0 292.9 248.5 277.6 266.0 250.0 289.7 232.5 199.0 241.3  89.5 314.4 999.0 182.0 173.0  39.2  10.9 209.3 199.8 185.3 225.4 211.9 204.8 205.8 213.0 213.0 154.0 267.5  19.1 248.0 290.6
 wrfout_d04_2016-05-29_20:00:00 999.0 287.5 250.1 281.7 265.1 241.4 282.5 231.6 198.8 241.3 266.2 276.6 999.0 180.0 169.1  25.0  35.9 210.1 198.6 181.0 224.4 212.2 203.6 200.4 211.0 212.8  87.1 271.5  20.3 248.4 292.1
 wrfout_d04_2016-05-29_21:00:00 999.0 280.3 251.3 284.1 264.5 236.8 279.4 231.2 209.3 241.0 267.9 266.3 999.0 180.2 166.5  19.9  36.4 211.5 201.3 180.0 224.6 214.2 202.8 152.4 169.3 197.9 321.9 277.8  20.9 247.8 291.9
 wrfout_d04_2016-05-29_22:00:00 999.0 279.1 251.5 281.1 262.2 239.1 263.9 230.5 218.3 237.7 282.2 270.9 999.0 178.9 170.0  20.0  14.5 212.1 209.3 181.7 229.4 215.0 198.8 147.9 156.0 179.5 320.5 282.9  30.6 248.7 293.1
 wrfout_d04_2016-05-29_23:00:00 999.0 279.7 251.2 265.5 259.4 242.1 258.9 231.0 238.7 240.4 287.9  63.4 999.0 187.6 181.7  23.8 344.3 213.3 220.0 201.0 246.3 216.3 210.4 150.8 208.7 223.4 173.5 276.6  77.2 250.2 295.0
