 wrfout_d04_2016-09-05_00:00:00 999.0  55.0  87.0 153.3  76.6  57.6  74.4  68.6  69.8 347.7  41.2 318.6 999.0 192.3 208.7  30.2   3.8 249.8  55.0 191.4  67.2 216.3 160.8  39.7 141.9 139.9  38.3 231.5 350.6 261.8 221.6
 wrfout_d04_2016-09-05_01:00:00 999.0  57.3  74.6  55.2  65.8  56.1  66.8  29.8  58.8 331.7  53.4 350.5 999.0 200.4 215.2  23.0  17.0 211.4  23.4 219.2  12.1 198.8 202.5  40.7 217.7 239.5  21.5 221.1 161.7 288.1 255.6
 wrfout_d04_2016-09-05_02:00:00 999.0  45.4  75.3  29.2  67.3  51.7  71.5  25.2  54.4 301.9  53.3  45.8 999.0 295.7 261.5  42.8 314.2 218.7  42.8 263.4  29.6 245.0 213.6  36.9 161.3 237.5  51.5 226.0 159.2 275.4 242.9
 wrfout_d04_2016-09-05_03:00:00 999.0  45.0  70.7  59.1  58.9  45.3  71.9  34.7  66.0   0.0  66.8  48.8 999.0 311.2 271.0  45.9 266.3 229.6  28.4 263.4  18.8 167.5 243.8  45.1 239.1 242.0  47.4 214.0  71.1 252.2 258.6
 wrfout_d04_2016-09-05_04:00:00 999.0  42.2  62.7  44.1  51.6  46.8  74.8  42.8  65.2  31.5  76.4  45.9 999.0 319.7 298.6  39.1 253.8 200.4  39.2 295.7  25.4 168.0 257.5  41.2 263.0 247.9  50.4 205.4 147.0 264.8 266.4
 wrfout_d04_2016-09-05_05:00:00 999.0  41.3  62.7  44.0  52.1  44.3  68.0  32.6  66.7  21.6  74.7  33.0 999.0 332.7 317.4  42.0 186.9 195.4  52.2 297.2  28.7 208.4 255.1  52.2 237.3 233.7   5.8 203.6 125.9 244.2 192.5
 wrfout_d04_2016-09-05_06:00:00 999.0  37.6  60.1  37.3  50.8  47.3  74.5  37.9  70.0  24.8  84.4  40.2 999.0 351.3 334.2  38.1 189.5 212.9  47.5 255.1  74.6 210.6 235.4  48.8 248.4 241.0  61.6 201.1 242.8 222.7 221.5
 wrfout_d04_2016-09-05_07:00:00 999.0  39.6  70.1  62.9  56.6  47.8  73.2  41.1  68.9  30.5  73.2  27.6 999.0 353.7 335.4  38.0 159.0 244.5  55.4  12.0  55.7 218.0 220.1  32.2 236.9 225.9  72.1 194.4  22.2 215.1 193.7
 wrfout_d04_2016-09-05_08:00:00 999.0  44.8  69.0  64.4  54.4  47.4  74.1  34.5  70.5  40.5  74.0  19.9 999.0 358.2 341.2  17.6 343.4 232.9  29.1 252.6  67.5 207.0 223.5  34.7 243.4 230.8  80.5 208.8  89.7 244.2 209.6
 wrfout_d04_2016-09-05_09:00:00 999.0  41.8  69.4  66.9  55.4  51.1  75.3  40.8  69.0  50.6  71.4   2.7 999.0 357.1  11.2  15.8  67.1 208.2 349.5 290.4  17.2 232.8 252.7  23.4 233.0 222.7  78.2 192.6 203.1 228.4 205.5
 wrfout_d04_2016-09-05_10:00:00 999.0  46.3  70.3 124.2  55.2  62.1  77.3  44.0  67.6  43.5  72.4 338.6 999.0   8.3  33.1   5.5 220.4 109.7 304.3 274.7 126.2 150.0 212.8  10.9  74.1 207.3 144.5 196.4  96.8 235.8 209.8
 wrfout_d04_2016-09-05_11:00:00 999.0  47.2  73.9 200.1  59.6  62.6  83.6  46.1  74.1  40.7 281.9 293.0 999.0 342.8 155.2  10.5 192.9  94.0 296.9 148.1 328.1 162.3 189.1  45.9 112.6 120.3 334.6 214.8 266.7 249.9 226.9
 wrfout_d04_2016-09-05_12:00:00 999.0  42.0  68.4 238.1  55.3  62.2  89.8  47.9  76.3  38.6 284.6 270.7 999.0  12.0 121.3 347.6 177.5  69.6 150.5 139.4 340.4 110.2 119.9 275.4 104.1 125.5 347.0 140.5 318.7 259.2 239.8
 wrfout_d04_2016-09-05_13:00:00 999.0  41.2  67.1 256.5  52.2  41.9 102.8  49.7  88.0  57.9 297.0 280.4 999.0  87.1 169.2   7.7 205.6  45.2 210.9 123.1 316.6 123.5  93.2 239.7 141.8 190.8 358.8  73.6   3.7 252.3 224.9
 wrfout_d04_2016-09-05_14:00:00 999.0  38.7  66.3 269.6  49.5  40.2  99.7  55.2  94.2  52.9 283.5 276.0 999.0 167.5 166.4 353.5 144.5 149.5 115.4 232.8 141.4 153.8 158.8   4.3 173.7 162.8 214.3  76.5 337.2 248.9 232.5
 wrfout_d04_2016-09-05_15:00:00 999.0  40.7  70.5 241.6  52.8  66.3  97.5  48.0  83.9  72.1 300.6 283.1 999.0 186.6 177.7 339.8 254.7 223.2 211.5 192.7 202.8 177.2 169.6 249.2 138.5 149.7  62.0 157.1 247.6 239.0 212.7
 wrfout_d04_2016-09-05_16:00:00 999.0  41.4  69.1 260.0  50.9  44.6  97.3  53.7  92.4  89.1 292.6 285.0 999.0 168.5 189.3 321.5 217.5 167.7 206.7 176.0 274.9 168.1 173.4 304.0 143.4 124.5 213.0 176.9 159.0 226.8 224.6
 wrfout_d04_2016-09-05_17:00:00 999.0  36.5  66.4 224.2  48.6  38.5 103.3  64.9 107.7  95.5 237.1 280.8 999.0 190.2 179.4 265.6 191.8 160.5 223.6 198.7 163.2 149.5 120.7 345.7 130.7 105.6  84.1 208.1 169.4 222.3 208.2
 wrfout_d04_2016-09-05_18:00:00 999.0  21.2  61.7 216.0  40.4  14.2 151.2  64.1 174.8 130.7 249.2 275.8 999.0 188.9 169.2 262.5 168.8 146.6 193.0 158.0 190.5 146.6 116.9 298.8 128.7 126.6 242.3 205.9 185.8 228.2 211.8
 wrfout_d04_2016-09-05_19:00:00 999.0  16.0  69.4 189.8 341.3 344.7 174.5  72.7 157.8  68.0 274.2 276.7 999.0 185.7 184.2 288.0 120.7 169.4 204.4 215.1 202.6 147.6  99.6 229.1 127.1 136.9 264.0 202.9 164.6 223.4 210.8
 wrfout_d04_2016-09-05_20:00:00 999.0  10.1 237.7  65.7 233.3 250.4  57.5 107.7 188.4  82.9 250.7 272.3 999.0 173.1 179.7 278.1 340.9 154.2 204.7 161.5 230.5 197.2 147.5 247.3 138.7 140.1 219.3 196.4 203.9 223.1 220.5
 wrfout_d04_2016-09-05_21:00:00 999.0  13.6  23.8 205.2  26.3 260.1 228.4 132.7 149.8 119.2 187.4 250.1 999.0 178.4 167.5 252.7 302.3 221.5 203.7 193.4 224.6 231.6 159.7 253.2 207.0 186.5 244.6 193.6 212.5 225.0 210.2
 wrfout_d04_2016-09-05_22:00:00 999.0   0.2 353.9 162.1 316.0 262.0  11.7  77.9  71.5 109.9 234.4 249.5 999.0 180.0 152.6 232.7  91.4 190.1 188.3 157.9 185.7 246.4 139.5 230.8 185.8 184.2 246.3 193.3 211.4 224.7 218.1
 wrfout_d04_2016-09-05_23:00:00 999.0   0.4  15.3 211.0 301.4 284.9 147.9  90.1  22.3  67.0 236.8 305.0 999.0 177.7 196.5 280.3  44.1 256.9 207.1 180.3 227.6 219.5 136.7 236.6 109.3 171.0 250.6 182.0 231.2 219.6 215.1
