 wrfout_d04_2016-12-25_00:00:00 999.0  93.9  95.6 119.5  83.7  73.3  72.9  86.7  69.7 112.4 349.6 153.2 999.0 179.2 145.9 351.7 304.6  16.3  88.9  67.9 287.1   9.5  79.6  31.7  67.3  58.7   1.0 357.7  16.4  41.9  46.6
 wrfout_d04_2016-12-25_01:00:00 999.0  91.3  95.1 115.9  85.0  68.0  84.3  77.4  78.1  79.1 133.1 152.5 999.0 296.9 230.4  14.6 316.5  19.5  71.9 353.0 313.8  11.6  69.6  40.5  33.8  19.0  31.2 338.6  25.2  45.9  49.3
 wrfout_d04_2016-12-25_02:00:00 999.0  90.6  94.2 118.7  85.3  81.9  96.2  66.0  85.0  69.2 123.5 162.9 999.0 322.6 300.2  56.7 328.6  17.0  47.8 318.9 319.1  15.2  37.2  41.5  10.7 359.9  46.7 302.7  33.6  45.4  55.6
 wrfout_d04_2016-12-25_03:00:00 999.0 110.2 100.0 121.5  94.3 110.1  97.6  60.9  85.0  34.8 122.8 162.2 999.0 339.3 308.7  63.5 324.0  14.9  46.1 316.6 321.2  17.6 337.7  46.6 355.9 334.0  51.6 272.7  41.3  42.2  58.7
 wrfout_d04_2016-12-25_04:00:00 999.0 115.4 109.1 122.0 104.9 119.9 102.5  55.0  92.3  26.7 120.7 159.9 999.0 343.9 319.7  95.6 324.1   8.8  45.3 316.4 321.9   9.1 312.6  47.0 342.0 298.7  55.7 264.3  46.5  44.7  60.6
 wrfout_d04_2016-12-25_05:00:00 999.0 113.7 109.1 125.1 105.2 123.4 103.2  43.5  97.0 210.2 123.4 154.0 999.0 340.0 324.7  96.8 305.6   6.4  42.3 311.8 324.1   6.4 305.7  45.7 321.9 273.4  55.0 255.7  45.5  45.4  62.5
 wrfout_d04_2016-12-25_06:00:00 999.0 102.8 111.1 125.1 104.8 123.4 103.7  44.6 102.8 222.3 125.1 144.8 999.0 340.7 331.0 103.1 280.7  10.5  38.3 316.1 327.7 359.0 297.0  37.5 293.2 264.5  53.8 259.8  47.6  46.8  61.1
 wrfout_d04_2016-12-25_07:00:00 999.0  98.0 110.4 124.8 103.3 120.6 101.3  53.4  99.8 206.2 124.4 154.0 999.0 347.4 327.7  79.8 267.7  11.4  42.0 302.9 323.1 351.4 305.3  43.7 283.7 271.1  53.9 263.7  43.5  48.2  62.4
 wrfout_d04_2016-12-25_08:00:00 999.0  85.5 109.5 124.4  98.3 116.0  90.7  58.9  83.0 205.0 124.8 152.3 999.0 352.3 326.8  99.0 244.7  14.7  54.6 298.1 333.2   2.1 316.1  38.5 297.0 281.7  50.6 272.2  44.6  47.0  62.8
 wrfout_d04_2016-12-25_09:00:00 999.0  98.6 106.2 116.7  88.2  96.9  78.5  53.5  70.1 207.7 128.1 156.7 999.0 357.3 327.4  62.1 208.3  15.1  65.9 325.7 157.2   4.1 332.7  23.2 316.3 302.8  49.8 283.2  40.4  46.1  64.1
 wrfout_d04_2016-12-25_10:00:00 999.0 115.8 107.6 116.2  87.5  89.2  71.6  62.3  60.6 198.5 143.7 172.9 999.0 356.2 322.5 282.3 186.2  17.2 137.5 341.6 166.8   9.2 344.7  29.9 328.6 320.9  32.7 287.5  32.6  47.8  63.9
 wrfout_d04_2016-12-25_11:00:00 999.0 120.1 109.4 117.3  89.0  88.3  70.2  76.5  56.9 150.6 158.3 159.7 999.0 350.5 308.7 284.5 163.2  17.1 145.0 350.4 192.2   9.9   3.7  21.3 350.9 347.9   3.0 287.1  13.9  46.9  63.6
 wrfout_d04_2016-12-25_12:00:00 999.0 123.1 111.2 118.9  90.3  83.8  70.1  93.2  55.4 123.1 146.7 173.7 999.0 355.4 308.6 268.9 154.2  16.5 204.7 354.5 190.8  12.7  21.9   9.0   1.3   1.1 347.4 295.0   3.4  54.0  62.7
 wrfout_d04_2016-12-25_13:00:00 999.0 117.2 111.0 119.8  91.0  88.8  71.7  94.3  55.3  89.7 168.2 172.7 999.0 347.8 164.1 325.3 144.1  13.3 212.3 356.0 174.7  14.1  29.4  19.7   8.5  12.8 352.3 331.9   3.2  49.2  65.1
 wrfout_d04_2016-12-25_14:00:00 999.0 122.6 115.4 122.3  97.0  88.5  73.1 101.6  57.9  93.8 309.5 171.7 999.0 297.5 152.7 337.9 114.1  12.8 221.1 351.8 172.4   6.8  24.5   8.9   1.5  12.1 349.4  26.2   1.6  50.4  64.5
 wrfout_d04_2016-12-25_15:00:00 999.0 114.2 117.3 124.8  97.9  94.5  73.7 114.0  56.9  86.1 320.2 186.5 999.0 305.8 156.9 304.6 116.8  11.4 228.1 352.5 181.1   4.5  31.7  11.4 357.7   3.8 348.2  18.6   4.2  47.9  63.0
 wrfout_d04_2016-12-25_16:00:00 999.0 124.4 120.3 125.5  99.4 100.0  74.2 127.3  56.5 105.2 321.4 192.4 999.0 321.5 159.8 323.2 118.2   9.1 220.3 357.8 189.7   2.0  31.0   9.4   7.9  15.6 355.1 355.3   3.6  46.6  61.7
 wrfout_d04_2016-12-25_17:00:00 999.0 126.2 121.8 125.1  99.6  99.5  70.8 131.7  53.7  93.9 329.9 189.3 999.0 330.9 173.8  79.7 114.5   8.8 191.5   5.7 188.4   4.1  42.8   6.2   5.2  11.8   2.6 358.8   8.3  44.2  63.1
 wrfout_d04_2016-12-25_18:00:00 999.0 126.5 124.4 123.7 100.4  94.6  74.4 163.2  56.0 130.1 316.3 204.8 999.0 243.7 177.8  85.7 123.4  10.8 121.6   3.6 195.5   6.7  32.3  10.6   7.9  12.5 358.0 359.1 357.4  40.2  59.1
 wrfout_d04_2016-12-25_19:00:00 999.0 122.7 127.8 122.4 102.2  93.2  73.1 147.2  51.4  98.0 321.8 208.6 999.0 199.2 173.0 329.3 137.6  13.7 101.4 353.0 201.8 359.3  26.2   6.8   2.6   0.8 354.5 355.8   1.5  37.4  56.0
 wrfout_d04_2016-12-25_20:00:00 999.0 119.2 129.3 120.3 103.0  84.9  70.9 152.8  48.4 121.3 321.3 199.0 999.0 164.1 165.7 356.9 151.4  11.5 100.9  18.1 207.8 350.4  48.1  13.4  10.2  12.9 349.7 355.5   7.3  38.7  51.1
 wrfout_d04_2016-12-25_21:00:00 999.0 122.2 131.9 119.4 102.0  74.5  68.3 146.6  45.0 105.7 320.1 208.0 999.0 178.3 203.0 338.5 166.3   9.9 105.6 231.2 205.4 347.5  30.1   8.1  32.5  26.2 351.5  10.1   9.4  43.6  44.4
 wrfout_d04_2016-12-25_22:00:00 999.0 127.7 132.8 118.7 102.9  79.0  73.1 134.1  42.5 104.2 333.6 208.5 999.0 181.5 181.0 316.5 175.5   6.2 101.9 218.0 214.3 345.0   4.4   6.8  33.8  33.8 357.5  10.6 358.8  36.7  43.4
 wrfout_d04_2016-12-25_23:00:00 999.0 127.5 137.5 117.6 104.6  80.2  75.0 130.9  42.8 103.9 336.7   9.5 999.0 189.1 167.0 286.6 174.9 349.0 102.5 185.3 212.4 337.5 359.5 358.6  44.0  38.8 354.8   9.8 354.0  34.1  47.5
