 wrfout_d04_2016-05-20_00:00:00 999.0   8.4 107.3 282.4 105.2  78.6  77.0  29.7  58.4  29.7 324.2  32.9 999.0 336.6 198.9 148.4 235.0  34.8 221.1 213.2 257.4  34.9 119.1  86.9 290.1 287.6  50.2 243.8  51.8 116.5  92.7
 wrfout_d04_2016-05-20_01:00:00 999.0 352.0  66.6 342.1 238.1  22.0  57.7  32.4  25.9  24.1 123.1  68.3 999.0 343.2 226.2 131.6 250.2  12.2 233.6 222.9 259.5  48.3 334.0  90.2 256.2 251.2  73.8 240.9  77.6 117.7 102.6
 wrfout_d04_2016-05-20_02:00:00 999.0   0.2  88.6 354.1 203.0  31.1  71.8  34.8  14.3  29.2  58.4  70.7 999.0 348.7 244.2  87.0 249.5   5.0 243.6 241.1 259.6  62.9 305.2 141.4 271.3 258.2 111.1 244.7  70.5 117.8 104.1
 wrfout_d04_2016-05-20_03:00:00 999.0   5.1 204.0 341.4 221.6  52.1  45.7  25.0 334.9  17.7  83.0  54.3 999.0 342.8 255.8  86.5 247.1  15.1 244.8 247.0 260.8  24.2 323.6 137.8 260.6 250.6 163.7 250.4 117.5 113.5  99.7
 wrfout_d04_2016-05-20_04:00:00 999.0   4.9  83.9 349.6 185.0  32.1  39.5  21.4 359.3 329.5 107.9  73.4 999.0 326.7 279.5  89.8 250.4 358.8 249.9 260.1 268.6  10.0 319.2 159.3 257.1 247.4 167.7 254.0 119.5 117.3  98.1
 wrfout_d04_2016-05-20_05:00:00 999.0   6.3  66.9 354.5  96.7  29.3  69.2  21.9  25.5 332.6  95.1  47.8 999.0 326.0 290.0 101.5 252.8 352.9 259.3 269.8 270.1  11.1 325.8 153.6 252.1 247.0 168.2 250.3 121.8 124.7  98.1
 wrfout_d04_2016-05-20_06:00:00 999.0   5.1  66.5 358.1  63.7  35.6  80.2  22.8  52.1 339.0 100.5  87.1 999.0 333.0 295.9  60.7 251.3 351.7 277.7 275.3 275.7 349.3 325.5 165.1 252.9 252.4 164.3 247.4 128.8 116.4  97.5
 wrfout_d04_2016-05-20_07:00:00 999.0   2.3  74.1 352.0  86.8  46.5  77.6  28.7  76.2 353.6  67.2  45.6 999.0 345.5 305.0  57.9 260.6   2.7 297.8 280.4 276.4 329.1 320.1 184.6 260.1 262.2 155.7 247.8 132.5 113.6  97.9
 wrfout_d04_2016-05-20_08:00:00 999.0   9.1  81.7 353.5  67.1  23.7  78.6  30.5  75.9   6.8  83.1  51.7 999.0 353.5 319.6  15.4 268.2  17.5 272.2 286.1 262.5 345.4 333.9 188.4 284.0 270.8 164.3 248.1 128.4 110.9  98.0
 wrfout_d04_2016-05-20_09:00:00 999.0  22.9  89.9 346.0  63.7  38.3  84.1  37.6  81.0  20.6  58.5  25.2 999.0   7.7 342.8  19.5 266.0  21.1 286.8 316.1 255.6  12.0 334.8 197.0 300.6 273.9 157.6 253.8 110.7 111.0  97.6
 wrfout_d04_2016-05-20_10:00:00 999.0  19.1  94.8 325.3  51.8  53.3  91.9  46.3  83.4  37.2  44.4  36.2 999.0   8.9 345.8   9.2 294.9  35.4 230.3 331.1 209.9  16.2 345.9 193.4 305.9 289.4 156.9 259.9 113.2 111.2  96.8
 wrfout_d04_2016-05-20_11:00:00 999.0  35.2  93.1 272.1  58.8  98.0  78.2  46.1  80.3  39.8  35.9  41.0 999.0  10.9 353.5  34.6 292.0  35.4 194.7 340.8 188.9  29.5   5.5 258.8 339.8 330.7 217.9 251.3 296.5 113.2  89.7
 wrfout_d04_2016-05-20_12:00:00 999.0  45.5 105.1 233.8  69.7  78.5  70.9  47.0  58.9  17.4  89.3 347.2 999.0  14.3 355.5  35.0 250.9  39.9 165.8 359.6 165.8  34.5  25.1 160.5 356.3   2.1 249.5 237.3 300.3 114.5  89.7
 wrfout_d04_2016-05-20_13:00:00 999.0  64.3 105.1 114.0  65.6  57.9  76.1  49.2  53.3  12.4  56.7  98.4 999.0   9.6 345.3  19.6 240.2  52.8 202.8  13.2 169.3  49.5  34.7  60.9  17.5  16.7 207.1 221.9 309.4 116.1  81.8
 wrfout_d04_2016-05-20_14:00:00 999.0  89.6 101.3 151.0  72.8  75.2  70.3  43.5  51.3  43.1   7.9 164.2 999.0   6.9 339.5 358.8 228.6  57.9 212.3 357.9 170.6  59.1  38.3   3.5  27.0  35.2 236.6 197.0 328.7 116.1  85.5
 wrfout_d04_2016-05-20_15:00:00 999.0  69.1 102.8 161.3  72.5  95.1  77.7  36.7  67.3  41.8 350.8 241.0 999.0   1.1 333.5 182.6 246.1  63.9 216.9 355.7 165.6  64.2  42.3  14.4  39.9  36.5 299.9 184.5 347.4 109.3  84.9
 wrfout_d04_2016-05-20_16:00:00 999.0  76.6 105.4 119.5  78.8  55.1  74.7  61.0  63.0  71.1 338.0 255.8 999.0   2.1 325.7 225.1 183.6  66.8 215.2  20.7 178.3  68.9  39.7 354.5  56.0  65.0 345.1 173.2 356.5 100.5  77.4
 wrfout_d04_2016-05-20_17:00:00 999.0  84.4 108.7 125.7  85.7  77.8  78.4  61.4  67.8  62.2 327.8 264.5 999.0   2.0 137.3 264.9 192.1  69.8 214.5  26.2 176.9  79.8  54.2   3.9  39.6  31.1 344.6 182.0 341.8  92.5  79.3
 wrfout_d04_2016-05-20_18:00:00 999.0  91.2 113.0 118.1  88.6  76.9  78.4  68.1  61.4  26.6 325.3 353.7 999.0   5.9 163.7 211.3 190.7  81.0 225.5  17.1 174.2  91.2  42.5  13.7 107.7 133.7 347.9 201.4 346.5  90.6  80.6
 wrfout_d04_2016-05-20_19:00:00 999.0  85.6 115.9 118.0  90.2  61.2  78.9  58.0  59.6 309.8 282.6 355.0 999.0 359.3 170.0 250.8 189.3  87.2 211.5  65.6 184.9  90.1 135.6 348.3 353.3 357.0  19.7 348.8 348.3  86.1  81.3
 wrfout_d04_2016-05-20_20:00:00 999.0  86.5 116.9 120.0  90.9  59.2  81.7  74.6  59.5 150.7 328.6  26.6 999.0 346.3 155.8 219.4 187.7 110.7 209.3 261.1 193.3 111.2 184.2  15.5  30.4  45.5   6.1  35.1 355.8  86.4  80.7
 wrfout_d04_2016-05-20_21:00:00 999.0  97.8 122.3 122.3  95.6  56.6  83.8 237.9  64.8 256.1 323.9  23.8 999.0 346.4 174.1 268.7 189.1 119.2 209.7 345.6 191.4 128.6  22.3 300.6  27.9  32.1 330.2  60.0 354.7  90.8  83.8
 wrfout_d04_2016-05-20_22:00:00 999.0  94.6 145.9 132.7 119.8  41.3  83.4 109.5 276.1 149.4 344.2  13.1 999.0 350.0 160.5 195.1 194.2  70.3 211.4  38.3 192.4 129.5  19.1 269.9   8.2 351.0 300.8  58.0 349.3 100.4  84.3
 wrfout_d04_2016-05-20_23:00:00 999.0 113.4 152.5 126.9 121.8  48.8  90.8 203.0 215.9 229.4  31.2 357.9 999.0 332.6 174.2 230.3 211.1 105.8 216.7 305.6 193.1 180.1  25.7 183.9  37.9  30.1 326.2  75.0 352.5 111.2  84.5
