 wrfout_d04_2016-07-07_00:00:00 999.0  62.9  76.0  80.4  70.7  60.9  77.5  61.5  72.9  57.2   8.5 307.0 999.0 218.3 207.3  24.5 340.9  18.5  44.1 237.6  49.3 325.3 264.6  22.8 309.0 296.5  20.8 289.0  13.0   8.7 328.4
 wrfout_d04_2016-07-07_01:00:00 999.0  57.5  71.8  78.9  66.5  58.2  70.2  58.1  68.9  57.8  43.8 286.3 999.0 254.0 196.3  33.4 340.5 358.9  45.2 222.0  36.0 333.2 250.1  28.0 308.1 284.2  20.1 290.4  20.3   3.7 328.2
 wrfout_d04_2016-07-07_02:00:00 999.0  54.9  70.6  71.2  66.1  58.8  73.3  54.8  65.0  55.9  61.4 308.7 999.0 317.7 225.9  28.6 333.5   1.7  50.2 235.3  33.4 339.3 257.1  31.9 293.3 272.3  27.0 292.3  28.9   2.8 325.9
 wrfout_d04_2016-07-07_03:00:00 999.0  53.9  70.5  64.2  65.8  56.2  68.3  46.0  63.6  52.2  46.1 327.0 999.0 313.1 291.3  36.1 321.8 353.5  51.6 256.2  35.1 337.7 291.8  32.1 300.1 278.2  27.6 295.4  23.2   0.7 320.9
 wrfout_d04_2016-07-07_04:00:00 999.0  57.2  67.8  64.2  62.8  51.1  73.6  44.6  70.8  49.1  42.6   2.7 999.0 309.7 315.6  36.5 341.8   5.7  51.8 298.3  30.6 339.3 317.9  32.0 314.6 292.0  39.3 297.9  35.2 358.2 316.8
 wrfout_d04_2016-07-07_05:00:00 999.0  59.7  67.2  59.6  63.5  51.5  70.6  43.3  66.5  50.1  45.8 352.5 999.0 344.6 298.3  38.3 343.8  18.0  51.2 351.3  29.8 359.1 318.8  31.1 299.9 292.3  41.0 293.4  66.8 356.4 311.2
 wrfout_d04_2016-07-07_06:00:00 999.0  60.6  67.4  62.6  64.0  57.3  70.7  44.7  65.2  52.3  49.1 353.2 999.0   6.1 295.0  41.4 356.8  27.0  53.8 337.2  34.8  20.3 322.5  31.1 330.8 281.8  41.3 290.8  66.0 356.5 310.8
 wrfout_d04_2016-07-07_07:00:00 999.0  60.2  68.8  67.8  66.1  60.3  69.9  42.5  67.9  54.0  50.1  11.7 999.0   4.4 348.1  40.3   0.9  23.1  52.6 332.3  43.0  16.2 332.6  29.4   4.9 300.3  37.8 291.2  49.5 355.1 312.0
 wrfout_d04_2016-07-07_08:00:00 999.0  62.4  70.5  65.2  68.0  60.0  71.6  42.6  72.5  53.5  49.1  11.1 999.0   7.3   7.5  36.5 335.1  17.8  52.2 339.1  57.0  17.4 348.0  26.7 324.5 313.2  25.9 290.5  39.9 347.8 310.9
 wrfout_d04_2016-07-07_09:00:00 999.0  56.0  71.0  50.4  64.8  58.3  70.5  45.4  68.7  46.4  47.2 344.0 999.0   8.5 357.1  31.3 269.1  13.8  48.4 322.5  67.9  14.8 336.4  21.6 331.1 332.5  12.5 293.1  23.3 342.7 308.1
 wrfout_d04_2016-07-07_10:00:00 999.0  53.9  72.9  48.7  64.1  57.8  73.7  44.3  69.5  47.5  37.0 341.3 999.0  15.7 356.1  21.8 252.0  11.9  37.7 331.4  81.5   8.4 353.0  14.6 330.2 327.0   8.4 311.8 297.5 340.8 306.6
 wrfout_d04_2016-07-07_11:00:00 999.0  59.4  65.7  50.0  63.1  61.3  79.2  45.1  68.6  45.5  45.5 348.1 999.0  17.1 355.2  18.0 227.9  10.7  37.9 329.9  86.8   6.2 359.3  12.4 341.9 350.1   5.8 321.9 164.6 335.0 308.1
 wrfout_d04_2016-07-07_12:00:00 999.0  61.4  74.5  46.5  66.9  60.2  74.8  45.4  67.7  45.8  36.8  62.8 999.0  15.4   9.4  19.1 233.0  11.6  42.9 339.8  95.2   7.0   0.2  12.6 347.8 351.6   6.8 322.3 274.8 332.8 304.0
 wrfout_d04_2016-07-07_13:00:00 999.0  64.4  72.9  50.7  66.7  60.1  72.7  47.1  70.8  45.9  36.4 351.8 999.0  11.9 357.1  18.2  17.9  10.3  40.5 357.8  99.6   4.3 357.1  15.6 346.7 353.6   9.0 331.9 279.3 329.4 305.3
 wrfout_d04_2016-07-07_14:00:00 999.0  66.2  78.3  65.2  73.9  63.6  68.0  51.5  67.3  47.3  42.7  43.5 999.0  14.1  14.4  13.6  33.0   8.6  33.2  11.8  87.1   5.1   3.0  14.2 351.7 358.3   7.0 338.2 288.9 330.5 316.7
 wrfout_d04_2016-07-07_15:00:00 999.0  69.6  73.7  63.9  68.3  64.0  76.7  48.4  64.4  50.2  47.7  64.4 999.0  13.5 355.8  11.9 282.1   8.2  36.0 350.9 100.6   4.4  20.8  12.7   2.5  10.9   2.8 356.2 299.0 331.9 314.4
 wrfout_d04_2016-07-07_16:00:00 999.0  70.0  78.3  62.9  72.5  68.5  78.3  50.1  71.1  51.3  56.9  95.5 999.0   7.8 343.8   9.9 285.4   6.7  25.9 339.1  98.7   3.1   4.1  14.3 329.5 330.1   2.9 333.9 328.4 338.9 316.9
 wrfout_d04_2016-07-07_17:00:00 999.0  70.4  80.5  89.9  73.1  68.4  72.2  50.9  65.8  55.1  66.8 104.1 999.0   1.7 353.4  11.0 290.5   6.5  28.4  25.3  96.9 359.9 358.9  13.2 336.7 338.1 359.8 334.4 306.5 339.3 308.4
 wrfout_d04_2016-07-07_18:00:00 999.0  85.3  86.2  82.4  80.4  75.4  74.2  52.2  62.9  61.4  78.4 101.0 999.0   2.8 338.9  15.7  34.3   2.8  30.4  18.3 104.5 359.2 359.5  40.7 359.0 356.9  22.3 324.8 307.7 346.0   4.7
 wrfout_d04_2016-07-07_19:00:00 999.0  87.0  92.9  83.0  86.8  79.7  78.0  63.2  71.3  57.6  79.9 104.3 999.0   3.2   2.9 359.2 181.9   1.6  30.5  15.4 104.8 357.3 356.8  16.6 357.1   0.1  13.4 356.4 316.6 335.1 294.0
 wrfout_d04_2016-07-07_20:00:00 999.0  90.2  89.8  94.0  82.5  82.1  79.9  63.1  76.3  60.6  80.1  99.9 999.0   8.0 358.1  13.0 316.2 359.8  33.4   1.5 109.7 356.4 356.4   6.6 349.8 350.6 352.6 325.3 292.4 271.9 273.1
 wrfout_d04_2016-07-07_21:00:00 999.0  93.4  87.6  88.8  79.7  74.9  70.5  61.8  63.4  54.1  84.2 108.3 999.0   5.6 359.6  13.5   8.5   5.1  21.4   3.2  96.5 358.5 347.3  17.4 355.1 353.2   3.0 318.6 292.6 220.9 272.7
 wrfout_d04_2016-07-07_22:00:00 999.0  95.5  93.4  83.1  87.0  80.8  78.3  59.8  69.9  56.1  88.6 113.2 999.0  20.5   8.9  19.6  38.7   5.0  35.8 348.1  96.1   0.4 348.2  51.5 326.7 338.3  23.9 294.3 283.4 196.2 267.6
 wrfout_d04_2016-07-07_23:00:00 999.0  94.9  92.3  95.5  85.8  84.2  78.3  59.3  71.6  56.7  99.9 117.5 999.0  20.2 358.8  20.0  39.9   2.5  44.8 348.2  78.4 356.7 345.0  67.6 340.6 340.7  79.5 314.7 266.8 181.4 245.4
