 wrfout_d04_2016-10-28_00:00:00 999.0 157.9 203.3 303.7 206.3 251.5 241.4 107.2 254.3 127.1  52.2 144.7 999.0   9.9 338.8 218.0 331.3  16.6  58.7 350.2 119.8  11.8  29.3 145.0   6.2   4.5  38.1 269.0  51.8  65.4  73.6
 wrfout_d04_2016-10-28_01:00:00 999.0 163.4 180.9 301.2 218.9  36.9 254.8 315.6 242.1  65.2  91.2 148.1 999.0 350.7 335.7 169.2 336.3  19.1  37.2 356.5  16.6  18.5  12.5 140.9 347.2 345.3  96.2 265.3  67.4  61.4  75.5
 wrfout_d04_2016-10-28_02:00:00 999.0 169.8 294.7 297.0 218.5  24.3 256.9 330.5 245.8  94.4  69.9 148.5 999.0   0.9 328.6 157.1 323.7  13.3  42.7 347.0   5.0  10.3   2.6 139.1 356.4 349.0 110.1 268.4  74.3  55.5  75.7
 wrfout_d04_2016-10-28_03:00:00 999.0 190.0 321.6 312.7 227.8   8.7 310.5 331.8 357.9 351.6  82.9 146.4 999.0   1.6 335.3 153.0 302.5  18.0  47.2 357.8   6.4  10.0 354.0 139.4 352.7 348.1 112.5 273.0  78.5  65.0  68.2
 wrfout_d04_2016-10-28_04:00:00 999.0 275.1 319.4 314.8 251.1   9.6 315.7 339.0  43.9 336.1  87.9 137.1 999.0   2.5 342.4 151.9 290.9  14.8  47.8 357.2   6.8  11.3 345.0 135.1 348.4 341.3 112.7 274.2  82.0  58.7  67.3
 wrfout_d04_2016-10-28_05:00:00 999.0 287.5 359.7 317.5 237.6  15.9 328.2 349.3  35.2 340.4  94.0 131.3 999.0   3.3 346.4 148.0 304.5  13.4  50.0 347.6  11.2   7.9 341.7 134.2 338.1 337.0 116.5 275.5  82.8  57.5  62.7
 wrfout_d04_2016-10-28_06:00:00 999.0 309.1  38.6 322.4 188.8  26.5 330.2 359.9  21.9 349.2  95.9 125.8 999.0 354.5 349.9 145.1 310.1  14.9  49.8 337.7  13.6   8.2 340.8 132.1 328.4 326.1 114.4 277.8  81.9  56.8  67.0
 wrfout_d04_2016-10-28_07:00:00 999.0 348.0  57.8 331.3 180.8  31.4 356.7  10.9  11.8 355.5  99.6 124.1 999.0 356.2 348.8 146.6 294.6  10.0  54.2 337.6  37.7   6.8 342.1 115.0 332.7 328.9 106.2 279.2  78.8  53.2  67.9
 wrfout_d04_2016-10-28_08:00:00 999.0  18.9  89.6 340.4 174.1  41.3  65.7  25.5  10.2   5.9 104.0 124.1 999.0 358.8 350.5 144.4 277.9  10.3  61.8 335.9  58.2   6.7 342.9  88.4 332.3 335.0  86.8 281.6  68.8  63.2  65.4
 wrfout_d04_2016-10-28_09:00:00 999.0  52.3  95.3 333.5  69.7  56.5  81.3  37.7  48.8  16.2 107.1 133.5 999.0   5.5 352.7 148.9 259.7  14.0  75.6 338.1 132.8   5.9 345.4  62.3 329.1 333.3  65.7 280.2  55.0  53.3  62.2
 wrfout_d04_2016-10-28_10:00:00 999.0  59.3  86.4 156.7  49.6  44.0  68.0  46.0  64.4  24.0  97.4 124.6 999.0  11.2 350.4 119.6 200.5  16.5 120.9 339.7 151.1   8.4 349.8  40.9 329.3 336.8  49.4 286.7  24.9  50.4  60.0
 wrfout_d04_2016-10-28_11:00:00 999.0  74.9  80.2 135.9  56.6  44.2  65.8  45.0  58.6  30.9  22.4 152.6 999.0  13.0 357.4 293.9 173.3  15.7 191.4 343.6 159.1  12.1 356.0  41.8 333.7 347.0  42.7 285.1  24.1  44.8  67.5
 wrfout_d04_2016-10-28_12:00:00 999.0  65.2  75.8 160.7  58.8  55.6  71.5  36.1  62.7  23.8   8.9 137.8 999.0  10.5 353.4 236.9 192.7  18.5 204.4 351.8 157.5  13.0   1.7  45.5 347.9 352.9  40.4 282.6  29.1  47.2  70.1
 wrfout_d04_2016-10-28_13:00:00 999.0  55.2  78.9 168.0  64.1  64.5  78.0  46.2  67.2  28.2  20.6 143.7 999.0   9.1 352.6  23.7 191.9  23.1 191.4 347.5 150.9  17.3  19.3  41.1 352.2   0.0  42.3 274.1  31.7  45.4  73.7
 wrfout_d04_2016-10-28_14:00:00 999.0  42.6  77.8 215.8  67.4  70.6  77.2  49.7  67.6  37.4  63.6  92.2 999.0   8.2 352.8   3.9 172.5  22.4 223.3 347.0 155.7  17.2  22.4  38.6 351.3 357.9  25.9 269.0  27.5  49.1  73.7
 wrfout_d04_2016-10-28_15:00:00 999.0  46.5  77.0 205.0  69.9  73.7  77.8  46.7  71.7  38.7  53.6  83.8 999.0  11.1 356.1 359.5 179.4  19.6 186.3 355.6 153.4  16.9  24.3  37.2 356.5 359.1  21.1 272.5  29.9  44.5  70.8
 wrfout_d04_2016-10-28_16:00:00 999.0  42.7  69.8 270.9  64.1  39.4  79.4  50.9  71.3  43.5  27.2 217.7 999.0  17.5 342.1   8.9 186.5  20.2 199.9 346.0 157.3  18.9  15.2  36.0 353.0 358.1  24.8 290.7  27.7  36.5  70.2
 wrfout_d04_2016-10-28_17:00:00 999.0  41.2  57.8  22.1  50.9  53.6  88.3  45.6  71.6  42.2 280.2 227.1 999.0  15.6 315.4   1.2 185.3  18.8 211.5  11.9 159.3  17.3  27.3  31.8 351.1 357.6  28.1 314.9  17.2  37.1  67.7
 wrfout_d04_2016-10-28_18:00:00 999.0  42.8  54.6  29.6  48.7  42.9  91.0  45.1  79.6  39.2  60.2 252.4 999.0  16.5 314.0 355.2 185.0  20.3 205.4 270.4 160.1  14.9  23.7  33.0  33.5  23.4  14.1 319.5  20.5  41.1  63.3
 wrfout_d04_2016-10-28_19:00:00 999.0  42.7  57.8  50.2  50.8  50.9  66.6  47.3  68.9  40.5 353.4 288.3 999.0  17.0 142.7   1.0 184.0  24.3 216.6 261.1 157.9  15.0  52.8  28.1 349.6 346.5  12.9 322.5  19.2  35.5  59.3
 wrfout_d04_2016-10-28_20:00:00 999.0  37.1  57.7  39.6  51.0  52.2  65.8  49.3  67.0  44.3  46.1  51.3 999.0  21.3 177.2 355.9 161.6  24.9 208.1 219.0 160.6  14.9  89.9  26.3 133.0 109.5  16.0   9.7  16.7  30.3  54.1
 wrfout_d04_2016-10-28_21:00:00 999.0  36.4  56.2  28.5  50.3  43.7  75.3  49.4  83.3  42.5  47.9  54.5 999.0  25.9  20.1   0.4 202.2  30.0 188.3 230.8 158.9  19.4 105.4  23.4 146.0 159.3  17.5 295.0  15.6  35.8  60.1
 wrfout_d04_2016-10-28_22:00:00 999.0  46.2  56.9  43.4  50.4  46.7  74.7  50.4  76.3  46.4  43.9  44.2 999.0  28.1 356.2 359.9 123.2  28.0 222.9 196.5 163.8  14.0 118.1  28.2 154.6 129.9   2.4 291.9  18.5  33.5  58.8
 wrfout_d04_2016-10-28_23:00:00 999.0  37.2  54.6  40.9  49.7  46.6  67.6  48.9  73.9  45.6  34.5  47.9 999.0  18.3 310.0   2.8 338.5  29.7  70.8 194.4 155.3  19.4 140.2  34.6 193.1 212.8   5.2 298.7  17.3  37.9  55.7
