 wrfout_d04_2016-01-20_00:00:00 999.0  41.3  67.1  48.4  55.8  50.6  81.5  57.2  75.7  44.4 225.9 293.3 999.0  17.6   3.8  21.1 280.8  24.0 277.5 354.0 294.8  12.6  27.2  42.5  19.2  18.7  13.4   4.0  25.7  64.8  56.5
 wrfout_d04_2016-01-20_01:00:00 999.0  41.7  69.4  70.8  56.5  48.5  82.0  51.8  77.6  47.5 187.6 273.6 999.0  12.1 359.6  19.6 232.2  24.0 306.3 330.8 303.2  24.8  27.1  42.3 357.8   5.6 354.9 348.6  22.3  77.5  55.0
 wrfout_d04_2016-01-20_02:00:00 999.0  46.0  72.8 173.1  60.7  52.0  77.0  53.3  69.6  44.1 167.5 262.5 999.0  14.6 337.6  11.2 215.8  27.4  23.1  27.8 303.7  18.8  25.3  28.1  10.8   6.3  15.0   5.6  34.5  76.4  49.3
 wrfout_d04_2016-01-20_03:00:00 999.0  47.2  77.1 180.5  64.4  64.8  82.6  53.4  66.1  46.2 223.6 258.8 999.0  14.0 194.1 356.0 244.1  25.6 345.5 339.2 304.6  19.8  32.0  42.0  30.6  22.8  26.6 353.6  37.2  67.1  47.3
 wrfout_d04_2016-01-20_04:00:00 999.0  55.3  79.4 126.4  66.6  67.1  75.4  51.5  66.5  46.7 254.8 278.5 999.0  10.6 251.4  15.3 296.4  24.5 332.9 328.4 311.4  21.6  28.7  42.7   7.8   6.6  19.0 352.4  27.8  73.6  66.8
 wrfout_d04_2016-01-20_05:00:00 999.0  55.9  80.1 103.2  68.6  69.7  77.9  52.0  67.1  39.7 304.4 288.5 999.0   7.6 133.9  16.8 252.5  21.3 325.0   1.7 305.8  17.3  30.1  30.2   2.6   0.7  31.1 305.6  45.5  81.6  61.3
 wrfout_d04_2016-01-20_06:00:00 999.0  59.4  81.4 105.0  69.2  71.6  77.2  55.0  63.7  45.9 343.5 255.5 999.0  11.9 355.8   1.9 337.3  21.4 270.0 341.5 297.5  21.4  20.1  42.9   6.6   5.9  28.0 328.6  36.8  81.9  61.7
 wrfout_d04_2016-01-20_07:00:00 999.0  63.9  87.1 114.8  72.5  77.7  81.9  52.1  70.3  49.0 327.4 282.1 999.0  11.4 344.0  13.9  15.2  23.4 234.1 354.0 279.1  14.0  20.5  49.3 333.7 347.4  28.2 305.4  46.7  85.6  72.5
 wrfout_d04_2016-01-20_08:00:00 999.0  68.4  84.8 125.9  69.1  70.3  72.5  50.8  60.3  49.7   1.7 284.4 999.0   3.8 342.2  12.6 352.2  22.1 189.5 351.6 262.4  10.6  18.5  51.5   4.5   5.4  14.6 315.1  30.1  89.1  68.4
 wrfout_d04_2016-01-20_09:00:00 999.0  65.9  86.9 123.8  71.4  61.1  79.5  52.9  64.2  48.7 296.4 329.1 999.0   8.1 353.7  11.8 279.9  23.8 197.5  13.4 248.4  13.9  21.6  51.5 355.4   4.1  18.3 334.3  30.1  96.1  68.3
 wrfout_d04_2016-01-20_10:00:00 999.0  64.1  86.1 130.2  70.0  61.1  78.0  55.4  66.6  60.9 347.0 303.7 999.0   3.9 261.9   9.9 210.4  14.9 209.4 356.1 244.7   6.1  36.8  18.6   9.4 359.2  22.2 333.2   3.9 119.2  66.5
 wrfout_d04_2016-01-20_11:00:00 999.0  65.6  84.5 130.2  67.6  51.7  71.0  52.9  58.1  58.6 282.7 325.6 999.0 353.0 176.5 348.5 219.1  21.5 217.8 353.1 235.1  12.3  23.9  41.1  14.4  15.8 313.0 344.4  18.6 124.3  66.8
 wrfout_d04_2016-01-20_12:00:00 999.0  68.3  85.8 182.0  66.5  54.2  74.2  58.2  68.2  82.0 337.2 314.1 999.0   8.0 148.2 328.2 312.0  23.9 198.6 296.0 231.0  16.4  35.4  22.4  17.2  27.2 358.5   5.0  32.7 145.2  59.8
 wrfout_d04_2016-01-20_13:00:00 999.0  60.3  86.6 102.8  65.8  47.4  81.2  41.7  76.8  48.3 357.2 320.2 999.0 332.8 246.5 326.0  10.1  34.4 209.3  15.6 219.2  17.2  46.8  25.4  26.3  27.5 104.1  21.5  22.8 142.9  70.4
 wrfout_d04_2016-01-20_14:00:00 999.0  46.1  82.0   0.4  59.9  43.2  80.6  45.4  73.4  41.6 217.3 296.8 999.0  38.4 109.9 287.4 213.5  26.8 207.8  77.0 218.5   9.5  45.2 347.4  34.4  25.8 325.7   7.6  45.7 154.0  61.4
 wrfout_d04_2016-01-20_15:00:00 999.0  39.6  84.0 300.6  59.7  41.8  79.3  51.5  86.9  67.1 239.4 296.6 999.0  11.3 211.3 261.0 283.2  31.4 209.5 326.2 229.6  13.5  54.6 357.1   4.5 355.5 336.2 337.7  18.5 146.0  59.3
 wrfout_d04_2016-01-20_16:00:00 999.0  35.3  76.4 332.4  54.3  25.1 104.4  53.6  97.2  87.1 242.3 305.2 999.0  24.0 173.6 146.6 218.9  27.6 210.4 321.3 234.4  22.1  79.5 242.3  23.7  42.3 329.1   4.7 328.9 159.9  78.2
 wrfout_d04_2016-01-20_17:00:00 999.0  32.9  73.6  65.0  49.4   1.7  99.0  41.8 106.0 306.8 187.0 295.7 999.0 253.2 241.9 220.2 346.2  30.5 206.3 323.5 238.1  25.5  31.1 292.7  31.6  17.9 268.7   9.9 333.7 155.2  71.8
 wrfout_d04_2016-01-20_18:00:00 999.0  25.3  64.1 328.5  46.2   5.9 111.5  35.8 111.7  44.8 168.9 304.5 999.0 351.6 167.4 237.8 285.4  17.7 209.9  42.6 243.5  17.9  40.5 246.6  27.6  37.2 315.1  46.0 307.4 167.3  15.1
 wrfout_d04_2016-01-20_19:00:00 999.0  28.4  49.1  19.0  35.8   6.9 229.4  28.1 141.4 157.5 352.2 308.2 999.0  36.5 248.9 291.9 141.0  21.5 218.4 348.6 253.8  26.0  33.2 283.8  10.6   7.6 287.3 355.2 274.3 168.1 122.5
 wrfout_d04_2016-01-20_20:00:00 999.0  29.9  49.8  17.5  44.9 346.3 344.2  24.3 243.5  21.2 349.1 285.1 999.0   2.1 359.0 312.6  10.5  25.2 217.6  21.7 260.0  26.2  36.1 263.0  20.5  21.2 281.2   2.3 295.4 168.2 132.6
 wrfout_d04_2016-01-20_21:00:00 999.0  25.3  48.4 351.3  41.4 347.4 241.1  22.5 283.8  38.1 304.4 308.4 999.0  23.8  11.3   0.4  10.2  17.5 218.0   1.9 266.0  24.4  34.0 255.5  23.3  19.4 296.7  17.3 278.1 159.2 146.1
 wrfout_d04_2016-01-20_22:00:00 999.0  28.0  41.1 359.1  37.0 356.3 347.5  11.6  35.3 356.0 284.4 317.8 999.0   7.8   3.5   8.4  51.8  21.5 219.1  27.2 265.6  19.0  37.3 254.4  24.7  31.2 305.2 341.0 270.3 170.2 157.6
 wrfout_d04_2016-01-20_23:00:00 999.0  33.7  43.7   8.4  37.6   8.2 292.0  22.7   8.0  15.7 110.8 344.1 999.0  24.6   4.4   1.8   5.6  21.8 223.1  11.4 268.6  21.5  19.4 255.5 320.2 353.8 243.8   1.5 270.6 174.3 273.0
