 wrfout_d04_2016-06-12_00:00:00 999.0 150.6 236.4  52.8 260.0  18.7 197.7 231.0 151.9 221.3 341.1  13.2 999.0 187.2 170.8 356.5  47.2 175.9 218.8 174.7 225.1 172.6 152.1 208.8 148.2 146.5 198.8 169.7 231.3 216.4 227.5
 wrfout_d04_2016-06-12_01:00:00 999.0 149.0 253.5 329.3 280.2  49.7 113.2 225.1  85.3 221.9  75.9  12.4 999.0 185.4 178.3 174.8  28.3 182.9 218.3 175.3 225.1 170.7 154.6 206.7 151.0 152.2 192.5 175.6 228.2 215.0 232.7
 wrfout_d04_2016-06-12_02:00:00 999.0 173.7 242.3 161.0 259.8  83.4 121.6 229.1  84.1 220.0  83.3  25.4 999.0 171.9 189.4 180.8 234.7 183.8 217.8 174.8 224.0 179.4 166.8 201.8 152.3 169.0 194.7 186.0 235.4 216.7 227.8
 wrfout_d04_2016-06-12_03:00:00 999.0 177.1 219.3 129.2 237.5  55.5  82.1 233.2  63.3 230.0  86.1  27.2 999.0 176.2 184.7 170.0 233.1 194.6 210.6 175.0 223.4 188.3 171.7 199.4 175.6 175.7 192.1 187.9 229.1 219.3 228.6
 wrfout_d04_2016-06-12_04:00:00 999.0 215.8 247.0 349.1 273.4 348.8  63.3 230.0  16.1 234.8 110.8   9.4 999.0 174.2 179.5 177.4 225.3 214.0 211.6 173.5 224.6 192.0 172.0 201.4 177.4 175.9 192.4 196.1 231.5 220.8 230.9
 wrfout_d04_2016-06-12_05:00:00 999.0 192.8 243.2   6.9 266.2   3.4 291.8 221.6 325.1 230.7  70.3 351.0 999.0 169.8 176.1 185.0 218.7 218.2 215.6 178.9 228.1 208.6 180.5 203.3 184.6 183.6 193.9 200.6 228.4 221.8 234.0
 wrfout_d04_2016-06-12_06:00:00 999.0 282.0 227.7 178.0 247.7   8.0 304.5 216.2 245.7 221.0  78.0 322.5 999.0 207.8 190.2 185.1 241.9 216.4 219.8 178.2 220.3 217.2 180.0 202.9 186.8 183.9 192.7 194.3 237.3 219.3 236.7
 wrfout_d04_2016-06-12_07:00:00 999.0 312.3 229.5 212.1 251.3   7.8 269.2 207.0 239.0 221.7 165.4 332.1 999.0 169.8  11.2 189.7  40.9 212.4 211.9 194.4 222.6 217.8 221.4 208.5 195.9 189.0 195.3 193.5 241.9 221.3 238.5
 wrfout_d04_2016-06-12_08:00:00 999.0 286.6 218.2 186.2 233.3 214.3 225.6 205.7 216.0 210.5 302.2 305.8 999.0 187.3 151.0 192.6 351.0 216.7 213.8 222.0 233.9 215.5 211.8 211.0 215.6 209.6 199.8 192.7 239.0 222.4 240.1
 wrfout_d04_2016-06-12_09:00:00 999.0 236.1 221.3 178.7 231.7 202.8 262.0 214.3 185.1 216.9 160.2 306.7 999.0 187.4 179.4 186.2  48.1 212.1 245.5 196.4 237.7 210.6 201.3 213.3 211.9 207.6 192.4 201.8 232.7 228.3 238.9
 wrfout_d04_2016-06-12_10:00:00 999.0 205.7 224.5 201.8 230.7 185.7 145.6 213.8 151.1 220.3 318.7 305.6 999.0 180.1 172.6 339.2 204.5 208.3 221.8 182.2 244.0 201.2 181.2 217.8 192.0 193.2 193.0 206.5 236.6 226.9 239.1
 wrfout_d04_2016-06-12_11:00:00 999.0 221.5 228.6 219.5 240.9 153.9 173.9 219.0 216.5 219.4 269.3 345.5 999.0 176.1 165.7  21.1 190.6 200.4 224.2 175.8 238.3 194.4 172.0 221.8 157.0 168.0 195.8 203.4 232.9 225.7 239.4
 wrfout_d04_2016-06-12_12:00:00 999.0 201.8 229.1 218.1 241.4 135.6 132.0 215.4 145.0 215.7  71.8 337.7 999.0 179.3 174.2  21.2  27.7 197.2 221.3 175.7 239.3 193.0 160.0 218.9 144.1 143.8 199.9 207.3 224.3 228.0 239.0
 wrfout_d04_2016-06-12_13:00:00 999.0 181.4 226.5 207.1 237.1 153.6 118.4 214.3 166.2 215.5  69.9 332.6 999.0 180.3 179.5  20.9 346.8 190.5 222.9 171.4 243.7 187.2 158.5 219.3 135.7 133.2 201.9 208.2 229.0 229.0 240.6
 wrfout_d04_2016-06-12_14:00:00 999.0 194.2 226.0 208.0 236.1 161.2 151.7 212.5 144.9 218.9 234.7 301.9 999.0 182.4 184.6  22.8 341.9 187.3 225.2 170.5 244.7 187.3 152.4 216.8 146.1 145.5 202.8 209.0 232.3 226.7 242.2
 wrfout_d04_2016-06-12_15:00:00 999.0 211.9 226.1 213.6 233.1 178.8 136.0 216.7 208.2 212.8 208.5 334.9 999.0 181.6 176.2  24.0 332.6 188.4 225.8 172.4 244.8 188.5 148.8 215.5 143.6 139.1 199.8 191.0 238.6 227.4 243.9
 wrfout_d04_2016-06-12_16:00:00 999.0 193.5 222.6 216.0 228.8 162.9 163.2 211.9 199.3 214.5 123.6  16.8 999.0 185.8 171.1  26.0  32.7 187.3 226.0 175.5 248.4 188.2 150.5 220.2 146.5 149.2 198.4 191.4 243.2 229.9 244.4
 wrfout_d04_2016-06-12_17:00:00 999.0 197.3 231.3 238.0 239.7 214.1 229.7 216.9 234.5 215.3 151.9  50.6 999.0 187.4 158.3  19.0 151.7 189.8 225.3 173.2 256.8 189.3 149.1 226.6 159.5 143.5 197.9 188.4 243.4 231.4 244.1
 wrfout_d04_2016-06-12_18:00:00 999.0 242.5 235.5 230.4 247.8 231.8 254.0 212.9 243.3 221.4 257.2   8.9 999.0 183.4 147.4  19.7 172.1 190.9 224.1 172.6 258.6 187.3 149.2 230.3 151.4 136.1 202.2 185.5 242.5 233.3 242.8
 wrfout_d04_2016-06-12_19:00:00 999.0 244.7 231.2 225.8 242.5 230.2 240.0 211.0 235.9 215.2 359.3 347.6 999.0 182.5 164.7  15.4 179.2 193.2 224.5 173.6 258.1 186.6 143.2 231.3 135.3 125.6 205.4 190.4 248.6 232.9 246.8
 wrfout_d04_2016-06-12_20:00:00 999.0 240.0 229.4 230.0 238.2 223.6 232.4 212.5 228.4 207.3 182.1 300.3 999.0 181.4 166.7  12.2 205.1 192.7 222.9 175.1 254.6 181.9 139.9 222.0 149.6 133.8 201.5 201.3 251.2 234.0 249.6
 wrfout_d04_2016-06-12_21:00:00 999.0 241.0 234.1 235.3 245.8 198.8 232.2 213.4 237.1 210.8 218.5 314.0 999.0 178.2 152.8  11.1 215.9 192.1 219.5 170.5 251.1 186.4 155.4 226.2 150.9 150.1 203.7 216.0 251.0 237.5 249.9
 wrfout_d04_2016-06-12_22:00:00 999.0 230.0 232.5 219.2 244.1 182.0 251.9 213.1 246.3 221.8 231.4 297.1 999.0 184.0 158.8  11.3 220.6 194.0 223.2 166.9 252.3 191.8 150.0 229.7 143.3 140.9 204.5 216.2 249.8 236.9 246.0
 wrfout_d04_2016-06-12_23:00:00 999.0 231.8 231.4 221.5 239.4 226.6 258.2 220.0 251.1 216.0 256.3 201.8 999.0 181.0 183.0  24.4 239.8 193.8 222.7 175.4 255.0 191.7 159.0 223.0 153.3 148.9 206.0 214.1 254.7 236.6 246.2
