 wrfout_d04_2016-07-24_00:00:00 999.0 173.2 253.9 292.4 238.1 267.7 255.9 251.9 263.5 238.0  79.0 129.9 999.0 211.3 191.0 210.9 316.9 224.4  45.8 229.3  60.2 241.7  22.2 184.1 295.2 284.7 154.9 334.9  99.4  84.4  90.4
 wrfout_d04_2016-07-24_01:00:00 999.0 184.4 274.5 308.8 235.5  23.4 287.9 268.7 309.2 260.5  85.4 126.9 999.0 238.0 212.0 147.4 306.2 226.7  42.6 243.9  23.9 245.3 279.0 148.1 296.2 271.5 141.8 243.5 111.9  89.8  90.5
 wrfout_d04_2016-07-24_02:00:00 999.0 198.2 314.3 317.4 238.5  39.6 335.7 273.5   2.5 275.7  93.4 127.3 999.0 258.4 228.8 146.3 287.4 228.9  44.9 252.2   7.0 256.5 297.0 146.1 255.5 273.2 141.7 228.8 116.3  81.1  84.3
 wrfout_d04_2016-07-24_03:00:00 999.0 207.8  11.3 312.1 320.7  36.0 343.2 276.3  71.8 281.7  94.5 127.7 999.0 265.1 247.1 134.9 267.5 231.8  41.3 265.3   2.3 265.5 291.2 146.1 266.6 275.6 146.3 238.4 116.7  86.6  59.8
 wrfout_d04_2016-07-24_04:00:00 999.0 196.7  18.8 313.3  10.1  36.0 356.9 283.6   6.2 285.6  95.5 116.5 999.0 275.6 270.3 124.3 291.8 235.2  43.8 282.7 358.0 267.3 291.4 138.9 268.1 269.7 147.8 247.1 111.1  83.1 321.1
 wrfout_d04_2016-07-24_05:00:00 999.0 170.3  18.0 321.0   6.4  40.2  26.0 293.8 358.3 295.1 101.1 112.8 999.0 283.5 287.9 122.5 296.9 236.8  33.9 284.2   4.0 270.8 296.1 139.4 274.5 263.9 139.9 254.1 113.3  77.1  57.3
 wrfout_d04_2016-07-24_06:00:00 999.0 163.2  33.8 324.9  40.3  41.4   4.0 310.6   5.2 306.5  96.6 117.0 999.0 285.1 293.2 123.8 284.0 240.1  40.5 287.0  14.9 272.7 303.8 127.7 267.6 259.8 130.1 260.8 112.5  79.2  93.0
 wrfout_d04_2016-07-24_07:00:00 999.0 150.6  57.1 326.5  80.1  40.9  19.9 340.4   5.7 316.8  92.8 119.0 999.0 305.5 311.1 120.1 280.7 241.6  37.0 277.6  18.7 270.8 297.6 117.9 269.8 272.1 124.1 249.8 107.7  73.8  87.9
 wrfout_d04_2016-07-24_08:00:00 999.0 138.9  76.6 326.1  83.8  43.9  57.7 354.5  11.9 324.7  86.5 132.6 999.0 330.1 336.0 120.3 283.1 241.9  36.9 300.3  22.3 281.6 291.7 100.2 298.7 288.8 115.5 250.0  96.3  67.1  87.7
 wrfout_d04_2016-07-24_09:00:00 999.0 139.4  86.5 321.1  75.9  51.3  75.6   5.0  32.0 326.5  87.4 132.3 999.0 350.5 356.7 112.4 280.1 250.3  25.9 205.9  25.0 283.4 290.4  85.1 282.5 268.7 115.0 252.4  90.6  70.0  73.8
 wrfout_d04_2016-07-24_10:00:00 999.0 134.7  89.7 219.4  64.9 111.8  67.1  22.6  67.1 333.9  93.3 146.9 999.0 349.1 335.9 116.2 180.9 252.7  53.0 272.6 354.9 240.0 354.7  65.4  33.0 350.6  80.9 282.2  66.6  51.4  69.5
 wrfout_d04_2016-07-24_11:00:00 999.0 141.3  93.8 133.8  66.9 124.3  87.7  19.2  64.3 336.6 100.8 147.7 999.0   8.2 347.1 145.1  56.4 256.0 109.4 326.2 100.0 282.7   7.0  16.2 144.0 158.2  63.2 237.7  39.7  39.8  71.1
 wrfout_d04_2016-07-24_12:00:00 999.0 140.0  96.6 138.1  68.4 109.8  78.9 359.8  60.9 320.0  85.7 144.2 999.0 350.2  15.2 166.4  71.1 274.1  83.5 332.5 103.8 228.0 197.7 329.2 254.9 225.4  43.5 250.1  25.7  36.3  78.7
 wrfout_d04_2016-07-24_13:00:00 999.0 140.2  97.4 129.4  67.1  53.6  73.9 334.0  49.6 344.5   5.3 152.1 999.0 359.7 331.2 192.8 270.1 291.0  97.6 269.8  99.0 189.9 334.9 341.4  12.2  26.1   8.2 237.6  20.3  56.4  79.4
 wrfout_d04_2016-07-24_14:00:00 999.0 140.8 118.2 126.3  85.8  40.5  75.5   3.4  46.7 341.2  16.0 148.7 999.0 346.5   2.3 212.5 213.0 149.5 205.8 236.9  94.2 290.4 351.0 348.7 136.4 104.6   8.5 244.9  14.9  55.1  84.1
 wrfout_d04_2016-07-24_15:00:00 999.0 136.4 122.1 124.7  91.0  42.0  82.2 170.4  40.8 317.0  63.5 162.6 999.0   5.8   0.0 225.7 101.5  68.2  77.4 219.8  89.7 263.7 115.6 347.3  58.2  65.2 348.4 243.9   8.1  58.0  78.7
 wrfout_d04_2016-07-24_16:00:00 999.0 133.4 132.8 126.9  98.9  27.1  78.7 160.2  41.3 229.5  75.4 160.0 999.0   7.5  80.7 230.6 221.0 296.2  86.9 239.7  91.9 252.1 118.0 347.2  89.3  73.5 337.6 245.2  12.1  53.5  71.4
 wrfout_d04_2016-07-24_17:00:00 999.0 136.6 133.8 128.4  97.8  30.7  78.0 176.6  13.1 170.6  11.4 155.8 999.0  14.6 140.9 233.9 191.8 293.8  91.5   3.8  99.0 252.2 105.1 342.1  77.8  63.8 339.4 253.7  13.2  41.9  75.5
 wrfout_d04_2016-07-24_18:00:00 999.0 136.8 133.8 132.1  99.9  23.8  88.7 188.5 214.7 181.5 353.3 153.7 999.0 314.8 167.0 230.3 110.5 337.7 104.9  26.2 105.4 269.5 103.4 347.2  72.5  71.5 344.7 257.5  10.6  40.9  76.4
 wrfout_d04_2016-07-24_19:00:00 999.0 140.5 143.5 143.1 110.9 349.5 117.3 187.1 216.0 161.9 355.9 151.4 999.0 340.1 166.3 234.9 204.6 346.0 127.5  12.8 109.4 301.9 106.2 349.9  55.8  57.6 346.2 311.9   7.3  39.2  71.3
 wrfout_d04_2016-07-24_20:00:00 999.0 135.4 145.3 151.1 109.3 295.3 112.1 191.2 207.9 168.2 353.8 164.0 999.0 345.0 146.9 246.1 151.8 335.8 119.2 323.6 113.6 313.9  97.2 344.6  48.3  38.9 344.4   0.7   2.6  43.0  68.2
 wrfout_d04_2016-07-24_21:00:00 999.0 132.5 151.1 152.4 108.1 266.3  97.6 192.3 161.4 162.4 347.8 255.8 999.0 325.1 136.6 245.1 127.3 327.4 128.0   0.4 119.5 318.1  88.6 339.7  51.9  44.5 340.2  18.6 355.0  42.2  67.8
 wrfout_d04_2016-07-24_22:00:00 999.0 129.5 170.3 149.0 135.6 194.6  86.5 197.5 135.7 151.3 351.3 343.7 999.0   7.6 142.6 243.4 342.1 335.9 114.9  58.3 121.7 336.8  63.6 337.8  54.4  47.0 339.3  24.2 350.5  69.8  64.3
 wrfout_d04_2016-07-24_23:00:00 999.0 136.9 180.3 160.5 182.6 197.9 209.0 215.1 237.1 222.9  54.3 155.1 999.0 341.8 186.1 227.1 314.4 345.2  64.7   4.1 116.4 352.2  57.0  23.2  34.4  18.1 351.6  22.0  14.4  60.9  68.2
