 wrfout_d04_2016-06-29_00:00:00 999.0 185.8 256.5 238.7 246.3 284.4 307.2 228.9 157.7 209.0  24.7 175.6 999.0 287.5 259.7 203.4  17.6 180.9 207.7 319.2 168.9 172.5 186.0 187.3 163.9 181.0 224.0 164.1  29.9 132.1 111.0
 wrfout_d04_2016-06-29_01:00:00 999.0 191.2 283.7 314.1 245.8  15.0 313.0 271.2 100.1 232.5  46.6 177.7 999.0 239.0 337.3 181.0   5.2 183.6 213.0 334.9 200.3 173.6 184.0 189.6 168.6 181.5 168.8 160.7  57.8 127.7 106.9
 wrfout_d04_2016-06-29_02:00:00 999.0 188.6 265.8 312.0 234.0  26.1 300.8 258.7 116.0 268.7  52.9 177.1 999.0 261.0 305.4 173.0 358.7 185.1 224.0 319.4 259.6 176.7 185.0 185.5 190.2 188.1 163.4 162.4  75.3 130.7 107.9
 wrfout_d04_2016-06-29_03:00:00 999.0 189.4 269.6 305.0 229.5  45.2 269.8 252.3 153.4 264.9  79.0 178.1 999.0 274.1 307.0 167.3 347.6 188.5 239.6 285.4 277.0 178.8 188.4 184.6 202.2 189.8 168.7 165.2  86.6 132.3 109.1
 wrfout_d04_2016-06-29_04:00:00 999.0 184.3 303.7 300.4 254.2  26.9 307.2 253.7 123.7 262.5  85.1 170.1 999.0 279.7 294.0 166.8 326.2 192.5 251.5 268.6 281.9 181.4 191.1 184.1 207.9 193.5 172.2 167.5 105.1 132.9 109.7
 wrfout_d04_2016-06-29_05:00:00 999.0 186.1 295.3 296.6 287.0  26.1 326.4 249.7 340.6 265.2  88.5 165.4 999.0 267.8 296.6 165.5 310.0 195.1 270.3 208.5 288.0 183.3 195.4 184.8 207.4 193.6 175.8 171.4 111.7 132.3 109.6
 wrfout_d04_2016-06-29_06:00:00 999.0 183.9 280.2 294.6 280.6  22.0 324.1 252.0 336.0 265.0  92.9 170.0 999.0 271.5 295.7 166.1 312.6 196.1 303.6 197.4 290.9 185.9 199.5 185.5 209.2 194.6 175.5 178.3 118.0 129.8 109.1
 wrfout_d04_2016-06-29_07:00:00 999.0 179.0 278.7 301.1 276.8  25.2 329.7 271.0 320.3 264.7  99.8 173.3 999.0 263.9 293.8 169.3 302.6 197.0 327.6 263.7 290.2 191.2 198.5 187.0 209.7 196.9 177.8 180.0 121.9 128.3 109.8
 wrfout_d04_2016-06-29_08:00:00 999.0 177.1 282.3 307.9 283.9  19.1 328.4 265.1 309.2 264.7  89.8 177.5 999.0 267.5 297.5 167.9 293.8 201.0 270.2 260.3 276.8 196.8 198.7 189.6 208.6 199.1 181.7 182.6 133.8 127.8 110.1
 wrfout_d04_2016-06-29_09:00:00 999.0 176.3 295.8 323.3 299.0  23.6 334.9 257.4 310.4 263.9  12.9 179.4 999.0 262.2 293.8 175.4 348.1 202.7  14.3 260.1 337.0 197.6 199.9 198.0 207.3 197.5 184.1 181.8 143.3 127.5 111.5
 wrfout_d04_2016-06-29_10:00:00 999.0 172.6 296.7 340.1 318.9  24.7 272.6 249.3  64.8 263.9  11.0 181.7 999.0 266.5 290.0 177.4 329.7 199.1 309.4 255.5 291.5 194.5 201.9 211.1 214.9 202.9 192.3 180.1 160.7 126.3 108.2
 wrfout_d04_2016-06-29_11:00:00 999.0 173.3 242.9 349.9 240.1  51.4 128.9 206.3 125.3 251.3 352.1 156.6 999.0 247.2 301.2 190.1  20.1 195.1 221.5 242.5 155.3 194.1 204.0 235.9 210.3 200.1 204.7 179.4 296.7 122.9 103.0
 wrfout_d04_2016-06-29_12:00:00 999.0 167.6 164.9  21.6 153.1  30.4 121.8 193.7 113.0 209.7   9.6 158.9 999.0 224.9 275.0 203.3 129.5 190.2 206.4 238.5 166.7 190.6 200.1 248.5 202.9 194.8 217.3 171.9 313.2 129.5 102.5
 wrfout_d04_2016-06-29_13:00:00 999.0 172.3 162.8  79.0 336.5  22.5 133.1 203.8 130.2 166.4  53.1 176.6 999.0 214.0 248.5 214.2 205.0 187.6 151.7 232.3 141.8 188.9 195.6 256.2 198.1 188.5 246.3 169.5 319.2 126.4 101.4
 wrfout_d04_2016-06-29_14:00:00 999.0 168.9  91.6 129.7  35.2 328.9 190.5 174.4 115.7 146.2  22.4 172.7 999.0 209.9 222.2 212.8  78.6 186.3 224.2 230.8 166.4 185.3 189.2 258.6 194.6 184.4 252.9 169.5 322.6 121.7  99.0
 wrfout_d04_2016-06-29_15:00:00 999.0 167.4 117.2 153.3   9.6 290.3 204.7 142.8  98.7 137.2   1.4 172.3 999.0 222.0 207.7 214.1  74.4 183.8 197.3 222.7 158.5 179.9 186.0 257.7 190.8 184.6 298.2 167.2 321.6 118.2  96.4
 wrfout_d04_2016-06-29_16:00:00 999.0 174.9 191.6 160.2 331.6 215.9 235.0 154.9 147.7 136.6   7.2 171.9 999.0 188.9 194.1 221.2  68.0 178.8 218.9 190.1 165.6 175.6 177.6 258.5 175.7 180.3 305.0 167.4 323.4 111.3  90.5
 wrfout_d04_2016-06-29_17:00:00 999.0 176.3 202.8 134.4 235.2 228.5 135.9 169.9 154.6 151.6 357.7 159.1 999.0 178.7 197.7 225.7  28.5 175.0 201.1 115.2 165.1 170.3 169.6 259.5 123.8 168.9 321.3 166.7 321.5 108.4  81.9
 wrfout_d04_2016-06-29_18:00:00 999.0 177.5 199.3 136.8 215.3 221.2 137.2 187.6 162.2 156.1  33.0 177.2 999.0 180.0 171.4 219.8  19.6 171.7 214.9 142.2 167.3 171.0 161.5 258.3  75.3 113.1 315.6 163.1 325.8 108.7  75.7
 wrfout_d04_2016-06-29_19:00:00 999.0 174.9 192.9 124.9 198.2 212.0 139.9 188.4 136.7 146.9   3.0 169.9 999.0 178.1 170.5 228.3 138.9 171.6 195.8 297.1 167.4 170.5 146.6 259.0 153.6 175.4 308.4 160.4 328.9 112.9  67.3
 wrfout_d04_2016-06-29_20:00:00 999.0 180.4 193.7 122.6 213.5 218.6  47.3 196.3  63.8 184.8  17.4 161.6 999.0 189.6 164.9 219.4 294.0 173.7 198.7 185.4 167.6 169.3 153.2 259.7 173.1 181.9 323.8 150.8 330.9 113.4  95.3
 wrfout_d04_2016-06-29_21:00:00 999.0 185.7 282.6  95.1 313.2 229.5 348.7 209.3  19.2 188.4  20.4 166.2 999.0 186.6 173.3 217.0 176.5 176.1 190.1 187.1 164.5 173.8 164.0 256.7 162.9 184.4 329.3 136.5 338.3 103.5  88.8
 wrfout_d04_2016-06-29_22:00:00 999.0 185.7 244.6 106.8 287.6 135.6 181.0 195.7 151.9 195.9  21.3 171.6 999.0 179.1 115.9 216.9 190.5 178.9 186.5 198.1 164.1 174.3 172.4 255.7 168.5 173.9 323.7 152.3 337.6 106.8  91.6
 wrfout_d04_2016-06-29_23:00:00 999.0 175.8 267.7 256.5 247.3 251.4 234.0 225.2 172.5 217.4  18.3 178.2 999.0 188.1 201.7 215.9 246.4 182.3 203.5 188.1 170.3 177.9 178.0 237.0 187.9 178.1 292.1 165.4 353.3  96.9  97.5
