 wrfout_d04_2016-04-14_00:00:00 999.0  32.7 334.3 259.3 329.0  34.3  92.2  34.0  66.9 349.0 149.3  36.6 999.0 197.0 188.8  24.2 306.8 186.1 222.7 189.3 255.1 162.4 182.8  53.4 186.1 191.3  67.5 242.0  82.3 249.6 239.0
 wrfout_d04_2016-04-14_01:00:00 999.0  12.9  13.7 241.3 292.7  50.9  76.0  37.2  81.4 313.2  98.7  56.7 999.0 252.2 199.5  42.6 243.3 200.4 226.1 192.8 262.0 176.8 196.0  60.4 201.5 212.8  67.3 219.5  88.4 238.5 234.6
 wrfout_d04_2016-04-14_02:00:00 999.0  19.6 202.4 229.6 226.4  38.2  84.3  42.8  81.7 311.6  80.2  70.2 999.0 273.4 215.0  43.5 248.1 192.9 224.1 208.9 265.9 166.2 212.1  51.5 237.3 217.8  74.5 233.5  89.3 228.9 226.8
 wrfout_d04_2016-04-14_03:00:00 999.0  17.3 116.7 190.6 102.5  21.7  90.0  37.2  72.8 303.1  93.5  51.2 999.0 292.9 235.4  31.1 249.3 211.7 224.6 213.1 266.7 208.7 219.9  52.6 231.5 214.6  78.9 209.3  95.7 217.4 226.4
 wrfout_d04_2016-04-14_04:00:00 999.0  43.1 237.4 182.3 241.5  41.1  85.5  38.6  67.2 302.3  95.1  46.7 999.0 308.7 265.9  40.8 241.4 204.4 223.3 232.3 268.5 203.7 234.2  62.7 237.5 227.4  74.1 218.3  81.2 214.3 240.8
 wrfout_d04_2016-04-14_05:00:00 999.0  36.3 201.9 214.5 228.8  35.1  76.5  21.5  64.5 302.8  93.5  50.1 999.0 319.1 265.0  42.5 247.3 219.0 239.9 249.3 268.7 201.9 237.0  80.0 239.7 229.8  86.3 221.5  79.9 226.8 242.6
 wrfout_d04_2016-04-14_06:00:00 999.0  37.9 104.0 264.4  70.8  48.9  70.7  28.2  72.1 286.7  87.1  73.9 999.0 324.1 267.6  43.4 247.0 224.7 240.8 247.6 270.3 210.9 216.9  69.1 230.9 221.1  84.4 219.8  60.0 227.1 247.9
 wrfout_d04_2016-04-14_07:00:00 999.0  44.0  88.8 195.7  71.3  42.0  73.2  25.6  79.0 279.0  68.6  59.8 999.0 318.3 266.4  24.7 253.7 228.0 254.4 253.1 277.0 184.4 231.0  39.0 232.0 222.4  77.9 222.5  61.9 231.2 256.8
 wrfout_d04_2016-04-14_08:00:00 999.0  81.7  96.3 191.5  58.4  51.8  68.3  42.2  70.6 271.4  68.3  42.1 999.0 322.4 263.3  32.2 255.8 207.1 251.4 254.1 260.4 192.6 230.7  38.2 233.2 225.3  54.8 216.6  53.1 227.5 249.1
 wrfout_d04_2016-04-14_09:00:00 999.0  77.3  90.3 168.2  60.4  66.5  70.2  44.9  69.6 274.4  72.6 112.2 999.0 332.3 263.8   1.3 247.4 203.0 259.6 249.6 264.7 210.7 227.7  29.7 218.8 209.8  40.9 221.2  48.8 226.7 254.0
 wrfout_d04_2016-04-14_10:00:00 999.0  72.4  90.6 135.4  60.7  57.8  66.3  33.8  54.7 287.4  69.4 357.6 999.0  11.8 263.8   1.1 266.4 236.3 238.5 240.9 303.0 205.2 213.0  18.0 218.7 214.2  37.8 215.1  41.8 228.2 254.6
 wrfout_d04_2016-04-14_11:00:00 999.0  64.5  93.1  97.1  66.8  66.1  65.3  44.0  54.8 343.3  15.1  56.4 999.0 338.5 276.7  56.1 118.2 261.6 215.1 227.7 225.4 237.6 214.2  32.1 216.8 209.7  45.9 202.7  18.6 234.5 247.8
 wrfout_d04_2016-04-14_12:00:00 999.0  66.6  93.8 133.4  69.1  60.4  75.1  27.3  53.1 107.5  19.4 213.0 999.0  13.9 335.9 325.1  56.9 253.3 218.8 224.0 237.4 242.0 237.1  23.4 216.1 209.5  30.3 208.6  45.2 238.8 246.2
 wrfout_d04_2016-04-14_13:00:00 999.0  37.5 105.4 117.2  79.9  35.3  88.0  31.6  68.7 107.3 341.8 350.8 999.0   1.9 338.6 292.6  47.5 258.0 220.7 232.1 248.6 262.4 226.2  17.9 226.9 217.8  18.9 204.9  47.5 240.5 241.2
 wrfout_d04_2016-04-14_14:00:00 999.0  58.4 108.0 143.9  83.9  52.8  74.6  54.7  59.4 234.4 303.6 344.1 999.0 359.5 346.8  13.9 287.9 253.6 227.9 256.6 249.1 235.2 248.7  28.0 221.3 220.8  60.1 200.5  49.4 251.1 260.6
 wrfout_d04_2016-04-14_15:00:00 999.0  39.4 104.9 147.8  77.4  73.4  72.7  42.2  59.1 261.0 346.8 358.3 999.0 334.6 353.3   9.2 289.2 294.1 249.8 267.4 269.5 194.7 280.5  35.7 230.7 224.8  23.7 214.6  75.1 256.1 271.6
 wrfout_d04_2016-04-14_16:00:00 999.0  38.1 113.5 139.4  80.4  37.6  72.9  21.8  34.9 277.5 184.6 296.4 999.0  12.3 272.8 357.6 283.2 275.1 283.1 340.1 278.5 231.7 304.0  31.5 264.3 228.4  21.1 184.6  10.5 250.7 263.0
 wrfout_d04_2016-04-14_17:00:00 999.0  52.8 109.7 197.3  71.3  55.1  88.8  60.7  73.0  83.2 255.1 351.3 999.0 336.2 231.6 339.3 156.8   5.9 266.4   6.2 268.2 293.2 292.6  47.8 323.3 270.0  16.1 225.9  29.4 264.1 265.2
 wrfout_d04_2016-04-14_18:00:00 999.0  45.2 100.1 261.0  55.1  35.9  89.6  23.2  93.3 269.7 345.7 355.7 999.0 344.6 216.6 345.6 169.1 301.9 245.3  53.1 268.0 282.6 326.4  15.0 349.3 314.9   9.0 196.5  29.1 249.7 279.1
 wrfout_d04_2016-04-14_19:00:00 999.0  53.6 100.5 207.1  57.0  23.2  81.1  13.0  64.4 322.9 127.2 318.4 999.0 358.9 221.7  33.3 165.6 328.7 244.0 348.7 277.8 291.2 333.6  66.7 333.3 357.2  25.2 205.6  41.9 252.2 271.1
 wrfout_d04_2016-04-14_20:00:00 999.0  43.6 105.4 267.4  61.5  40.8  83.6  34.6  73.7  33.0  26.9 303.5 999.0  32.6 126.6  31.4 186.2 290.4 248.7 316.5 287.0 328.1 324.7 336.4  37.2 359.8  20.7 219.3  21.5 280.4 212.9
 wrfout_d04_2016-04-14_21:00:00 999.0  40.8  95.7 124.3  56.9  55.0  87.4  21.7  63.5 261.6 308.8 352.0 999.0 345.7 217.3   7.3 187.3 321.9 225.7 298.5 273.5 338.3   9.1   5.0  60.6  65.0   5.5 204.3  30.2 231.0  81.8
 wrfout_d04_2016-04-14_22:00:00 999.0  47.8 106.0 165.6  64.2  26.5  88.1  27.3  86.5 312.9 167.3 341.1 999.0  16.0 308.5  18.1  83.3   3.4 219.6  91.4 269.8   5.6 101.4  16.8  96.3  82.5   9.2 169.4 339.2 219.1  70.6
 wrfout_d04_2016-04-14_23:00:00 999.0  40.9 109.3 217.8  70.0 356.5  84.4  23.8  47.0 324.5 340.1  43.5 999.0 356.5 309.0  13.5  28.8 284.0 225.0 349.9 269.3  56.6 100.0  30.2 139.8 106.9  18.0 179.9  14.1 220.5 125.5
