 wrfout_d04_2016-02-29_00:00:00 999.0  31.0  52.5  34.2  43.7  33.7  62.8  50.2  70.2  47.1  15.6 316.1 999.0  17.8   6.8  29.5 272.6  22.3  85.6   3.6 301.5  19.4  14.1  25.1   5.0   6.8  26.0   7.6  24.6  29.1  45.9
 wrfout_d04_2016-02-29_01:00:00 999.0  31.2  51.6  37.2  43.7  33.6  63.8  52.0  65.6  51.6  41.0   3.5 999.0  18.1   6.6  37.0 307.2  24.3  31.9   0.4 319.2  19.5  12.2  29.0   1.4   6.4  38.4   8.2  30.3  31.3  43.2
 wrfout_d04_2016-02-29_02:00:00 999.0  31.8  54.5  39.6  45.8  36.6  69.7  50.0  67.6  55.4  31.5   5.7 999.0  17.2   3.6  40.3 293.4  26.3  25.6 356.9 319.9  21.7   7.2  30.9 359.0   2.5  44.7 340.8  41.3  29.9  48.6
 wrfout_d04_2016-02-29_03:00:00 999.0  29.8  58.0  43.0  48.8  36.7  72.0  50.0  71.3  57.7  33.9   4.3 999.0  14.6   2.5  37.5 269.2  23.3  11.1 352.7 317.3  16.5   1.9  30.3 353.8 356.8  45.9 306.8  41.7  28.1  50.0
 wrfout_d04_2016-02-29_04:00:00 999.0  29.2  58.5  43.5  49.8  37.7  72.4  49.4  72.8  57.9  43.9  12.4 999.0  13.0   2.3  38.1 272.2  20.9 359.7 348.5 314.5  14.8 358.7  27.8 349.1 351.8  46.2 290.4  42.0  30.6  48.3
 wrfout_d04_2016-02-29_05:00:00 999.0  29.6  59.6  43.9  51.4  41.6  71.8  48.2  73.5  58.2  50.0  14.6 999.0  11.4   1.6  36.3 278.6  19.9  12.9 348.8 313.1  13.9 356.3  24.4 346.6 349.0  46.5 288.4  43.0  23.9  51.1
 wrfout_d04_2016-02-29_06:00:00 999.0  29.9  58.4  43.3  51.0  41.1  73.8  49.1  73.3  58.9  50.9  13.0 999.0  11.8   1.5  33.9 292.7  19.9  14.3 343.4 311.9  13.9 356.3  26.1 340.8 347.3  45.4 290.8  42.8  29.2  51.6
 wrfout_d04_2016-02-29_07:00:00 999.0  31.2  58.4  43.8  50.8  43.2  73.9  49.8  71.6  56.8  48.7  12.9 999.0   9.9   1.0  30.9 297.9  19.4  18.4 343.3 312.1  14.7 356.8  25.7 342.9 343.9  43.0 296.2  41.8  26.1  51.1
 wrfout_d04_2016-02-29_08:00:00 999.0  32.1  59.2  44.2  50.9  45.5  74.5  51.7  71.6  56.5  43.1  12.5 999.0  10.5 358.1  29.9 289.2  19.5  22.5 344.9 302.4  14.2 359.7  24.4 345.8 341.5  34.5 300.1  38.7  32.5  49.8
 wrfout_d04_2016-02-29_09:00:00 999.0  33.4  60.6  44.0  51.1  45.3  74.7  53.7  71.5  54.8  37.5   9.2 999.0  14.4   0.6  29.0 265.4  20.2  40.3 346.6 291.8  14.6   2.7  21.2 348.4 349.3  19.9 309.2  28.7  22.2  47.3
 wrfout_d04_2016-02-29_10:00:00 999.0  36.5  61.9  48.2  52.1  49.8  80.6  57.7  73.3  53.2  31.1  14.4 999.0  11.7   2.1  25.2 205.0  22.1  98.9 349.0 275.7  15.6   4.8  21.5 346.7 353.1  10.8   2.0  23.4  27.5  49.0
 wrfout_d04_2016-02-29_11:00:00 999.0  40.0  63.8  57.3  53.8  53.3  79.1  63.4  76.6  54.6  15.1  16.2 999.0  11.9   1.4  22.3 183.1  23.6 191.0 354.9 276.9  17.1   8.0  22.5 351.5 355.8  12.7  20.9  18.0  34.3  52.6
 wrfout_d04_2016-02-29_12:00:00 999.0  42.9  65.0  62.7  54.8  54.9  81.9  64.1  86.8  53.9   5.6   7.9 999.0  15.0   7.6  22.0 165.5  25.4 198.9 355.1 276.1  18.3  10.2  26.3 358.8   1.3  10.2 355.8  19.6  36.1  55.5
 wrfout_d04_2016-02-29_13:00:00 999.0  45.0  66.3  62.7  54.6  54.5  90.9  65.2  95.3  52.8 358.0   4.5 999.0  14.3   8.6  19.9 172.0  26.2 193.5 356.7 275.1  19.7  10.2  24.8   1.5   5.1 359.8   4.7  24.4  32.6  58.6
 wrfout_d04_2016-02-29_14:00:00 999.0  47.5  68.0  65.6  55.0  56.2  99.3  67.1  98.5  52.8 355.5 342.3 999.0  15.7   6.2  13.6 181.0  26.4 196.5 358.8 276.3  20.1  12.4  25.6 358.9   2.2   1.3   5.8  19.4  38.7  58.7
 wrfout_d04_2016-02-29_15:00:00 999.0  49.1  69.5  75.2  56.7  58.9 100.6  68.3  98.2  53.4 350.4 320.6 999.0  16.7   6.6  11.0 174.4  25.5 198.2 350.7 277.3  18.8  12.5  22.0 353.8   0.6 357.2 359.3  16.7  36.8  54.6
 wrfout_d04_2016-02-29_16:00:00 999.0  48.1  70.5  86.6  57.4  59.7 103.7  67.6  99.1  53.1   1.9 324.3 999.0  17.9   4.0   5.8 153.7  23.9 196.7 355.0 276.3  18.3  12.4  23.8   3.9   6.7 356.5 352.0  16.3  40.3  55.1
 wrfout_d04_2016-02-29_17:00:00 999.0  45.8  71.9 104.9  59.5  65.3 105.5  66.6  98.8  52.0  22.3 352.9 999.0  17.6   1.5   0.4 140.7  23.2 198.5 350.6 275.8  21.3  13.6  26.9 359.2   5.7 356.9 354.3  17.6  34.8  55.2
 wrfout_d04_2016-02-29_18:00:00 999.0  47.6  73.6 135.5  62.1  63.2 106.7  66.1  97.0  51.7  32.5 352.3 999.0  17.0 358.2 355.5 127.0  23.5 201.7 356.7 275.4  23.1  18.7  19.8   2.6   7.6 353.2 346.5  14.3  39.7  55.3
 wrfout_d04_2016-02-29_19:00:00 999.0  53.1  74.5 159.2  62.4  69.7 115.1  65.5 101.6  51.3 301.5 269.9 999.0  17.7 353.5 352.7  99.8  24.5 198.9 350.6 276.0  20.2  22.1  18.5   4.7   7.2 352.7 347.3  13.0  42.1  52.5
 wrfout_d04_2016-02-29_20:00:00 999.0  54.6  81.8 164.1  70.2  63.2 107.4  61.7  98.9  52.4 286.1 252.5 999.0  14.0 346.4 349.3  79.5  25.0 188.5 352.0 277.3  18.9  24.9  20.5   3.2   8.4 350.9 350.1   8.9  47.3  52.5
 wrfout_d04_2016-02-29_21:00:00 999.0  56.9  83.5 142.0  70.0  62.9 105.1  63.1  95.8  51.0 278.3 251.3 999.0  14.7 353.0 345.0  69.5  25.1 179.9 355.3 277.7  18.2  29.2  18.8   3.6   8.3 349.0 358.8   5.9  44.6  52.9
 wrfout_d04_2016-02-29_22:00:00 999.0  60.2  82.4 138.6  68.1  70.4 102.7  62.0  97.5  52.7 296.1 252.7 999.0  10.1 340.1 337.6  71.1  24.9 171.9 351.7 276.9  19.8  29.1  13.9  14.3  22.9 348.2  12.6   5.2  46.3  49.6
 wrfout_d04_2016-02-29_23:00:00 999.0  59.4  80.8 144.9  68.7  87.2 103.6  62.3  96.3  55.9 291.7 267.3 999.0  10.8 325.8 335.6  62.6  23.8 162.7   5.2 279.2  22.0  30.6  15.5  20.6  31.1 348.1  18.0  15.7  42.6  49.9
