 wrfout_d04_2016-03-02_00:00:00 999.0  98.3  97.9 119.8  83.4  99.5  83.3  78.8  70.7  95.2 283.4 174.1 999.0 213.8 272.8 324.5 325.2   0.7 191.1 168.8 257.7 341.6  63.9  19.9  63.0  59.8 347.2 355.2  24.0  49.5  66.4
 wrfout_d04_2016-03-02_01:00:00 999.0 102.3  98.4 122.1  88.1 108.9  95.6  77.0  82.9 195.5  99.5 141.9 999.0 243.9 213.3 326.2 321.5 353.5 287.3 306.1 286.8 340.7  58.8  30.1  18.7   4.6   7.2 341.6  34.0  46.1  64.8
 wrfout_d04_2016-03-02_02:00:00 999.0 101.9 102.4 122.6  95.0 109.8 105.2  76.0  88.6 279.7 120.6 140.5 999.0 276.6 237.6  49.4 287.5 348.0 316.5 292.7 290.1 340.3   7.0  33.3 353.3 340.8  40.6 313.4  43.6  51.3  65.5
 wrfout_d04_2016-03-02_03:00:00 999.0 101.3 105.1 124.3 100.0 110.8 105.0  73.3  91.0 271.0 120.2 130.3 999.0 294.7 256.5  31.3 261.1 347.1 339.3 297.0 290.6 339.1 325.3  35.8 334.8 318.0  52.4 281.7  44.4  51.5  65.0
 wrfout_d04_2016-03-02_04:00:00 999.0 110.3 108.3 125.5 104.5 115.4 104.7  62.8  91.2 263.5 120.9 134.9 999.0 308.5 260.9  68.5 265.5 348.7  11.5 295.3 288.9 333.6 321.1  40.2 321.9 314.2  57.2 273.1  39.0  51.0  67.9
 wrfout_d04_2016-03-02_05:00:00 999.0 118.9 112.3 126.0 108.4 122.7 103.9  47.8  93.4 261.7 117.8 136.4 999.0 314.8 290.6  96.7 263.7 352.3  21.6 302.4 289.1 329.7 323.1  58.0 315.6 309.3  57.1 279.1  51.7  57.2  68.1
 wrfout_d04_2016-03-02_06:00:00 999.0 110.5 114.7 126.5 110.7 126.0 104.1 352.0  96.3 258.1 114.9 144.1 999.0 311.7 296.2 126.3 261.2 351.5  23.6 291.8 283.9 326.8 320.8  59.8 315.6 303.7  49.2 284.2  48.4  48.8  66.4
 wrfout_d04_2016-03-02_07:00:00 999.0 109.8 114.7 127.5 109.6 123.2 103.9 336.6  99.5 244.8 112.2 146.7 999.0 312.5 294.9 350.2 253.9 349.0  34.3 287.2 283.0 327.6 320.4  54.0 312.7 299.7  44.3 288.4  53.0  45.3  66.1
 wrfout_d04_2016-03-02_08:00:00 999.0 116.9 112.5 128.5 105.3 119.8 100.8 241.0 101.5 235.1 110.7 150.0 999.0 319.8 295.2 355.2 249.7 349.2  31.0 288.0 284.5 329.2 319.2  46.3 306.5 300.2  37.2 290.0  52.2  61.3  66.7
 wrfout_d04_2016-03-02_09:00:00 999.0 121.5 110.3 127.6  98.4 111.1 100.0 227.2  90.4 226.2 120.1 148.6 999.0 331.1 290.5 256.0 254.9 351.7  47.6 280.6 267.0 329.6 319.5  34.7 308.2 302.5  20.7 298.5  45.3  56.2  69.1
 wrfout_d04_2016-03-02_10:00:00 999.0 119.3 108.4 122.5  88.3  94.8  88.1 231.4  73.6 219.2 128.9 150.5 999.0 332.5 282.9 261.0 250.4 354.2  67.4 282.6 196.4 330.7 321.1  10.4 312.8 312.8 339.9 308.2  27.4  53.0  72.5
 wrfout_d04_2016-03-02_11:00:00 999.0 123.5 109.5 122.6  86.2  90.5  83.6 237.1  67.3 158.7 134.9 148.6 999.0 335.8 276.6 256.3 193.1 358.6 143.2 294.1 201.9 338.6 321.5  21.5 325.2 329.6 343.2 323.0  17.4  62.4  72.9
 wrfout_d04_2016-03-02_12:00:00 999.0 129.8 116.0 122.8  88.4  88.2  81.3 168.4  62.5  96.2 139.3 151.4 999.0 322.5 233.3 248.1 175.1   0.4 167.2 302.4 204.4 339.1 318.2   1.4 349.5 350.4 347.9 341.8   4.9  58.2  72.7
 wrfout_d04_2016-03-02_13:00:00 999.0 127.4 123.5 123.0  93.2  95.4  76.4 115.3  56.4  92.9 140.6 159.6 999.0 243.3 194.1 256.7 178.3   2.6 187.3 346.8 205.1 345.0 322.8 357.3  25.0  31.4 354.0   4.7   1.6  53.9  73.6
 wrfout_d04_2016-03-02_14:00:00 999.0 133.1 129.5 122.7  97.5 104.9  68.1 125.3  49.2  86.1 104.8 165.0 999.0 170.4 160.8 269.2 180.3   6.9 189.2  41.9 209.9 352.0 345.1   2.8  46.7  40.7 352.0  20.3  10.2  52.8  72.0
 wrfout_d04_2016-03-02_15:00:00 999.0 135.2 133.5 123.5 100.1 107.1  67.6 144.1  45.6  90.2  24.9 166.4 999.0 166.6 157.0 263.5 197.3   5.5 185.8  76.5 211.8 350.0  56.4 356.7  54.0  32.2 344.9  29.6   1.1  44.8  74.7
 wrfout_d04_2016-03-02_16:00:00 999.0 135.3 136.7 124.5 101.4 105.6  64.8 167.9  41.3  67.7  18.2 164.9 999.0 145.1 153.5 263.4 190.5 358.5 186.9  90.1 211.8 356.1  49.7   3.8  55.5  53.8 339.5  33.0   2.4  51.5  75.4
 wrfout_d04_2016-03-02_17:00:00 999.0 134.4 141.4 123.7 105.4  92.1  67.0 205.8  30.8  72.6 351.9 166.9 999.0 138.7 162.0 254.5 161.6 356.8 188.4  69.1 215.4 357.2  51.9   2.6  48.4  42.0 347.4  30.1   5.7  62.3  74.1
 wrfout_d04_2016-03-02_18:00:00 999.0 135.8 146.8 122.2 110.8  46.9  65.0 172.9 347.3  96.5 347.6 188.2 999.0 126.1 135.3 256.2 202.4   0.6 188.4  75.3 218.2 356.9  59.6 357.0  51.3  44.2 343.3  31.2   5.6  75.3  71.9
 wrfout_d04_2016-03-02_19:00:00 999.0 139.5 150.6 120.4 114.0 345.1  65.6 174.5 255.6 107.3   0.1 164.0 999.0 133.7 153.2 252.8 186.0   1.8 186.7  60.6 215.5 346.2  54.5 350.6  55.9  62.0 340.8  36.0   9.2  66.8  71.8
 wrfout_d04_2016-03-02_20:00:00 999.0 142.4 158.6 120.7 121.1 304.0  90.4 186.0 242.9 108.3   0.8 115.6 999.0 136.9 275.3 236.5 167.9 358.4 186.0  62.8 214.8 338.2  60.1 354.1  68.3  55.2 341.4  28.6   6.0  66.0  68.0
 wrfout_d04_2016-03-02_21:00:00 999.0 140.7 163.1 129.8 125.2 280.6 232.5 185.3 215.8 108.7 347.7   4.3 999.0 140.9  68.4 233.8 183.3 342.2 186.2  73.7 215.9 341.0  65.8 350.0  72.2  66.1 346.6  30.6 359.2  71.1  70.3
 wrfout_d04_2016-03-02_22:00:00 999.0 141.1 161.3 135.6 121.3 276.3 267.9 183.4 211.1 107.5 346.3 332.3 999.0 123.3 344.0 246.9 171.2 346.7 189.2  80.5 213.4 348.4  64.3 351.5  62.2  58.6 346.5  26.4 352.3  59.7  71.3
 wrfout_d04_2016-03-02_23:00:00 999.0 142.9 161.4 161.6 119.2 282.2 305.2 183.3 238.8 115.2 350.2 354.9 999.0 152.7  44.7 229.7 173.2 345.7 194.8  60.4 212.6 350.3  50.8 332.8  68.1  65.0 345.5  29.2 360.0  58.0  77.0
