 wrfout_d04_2016-06-08_00:00:00 999.0 103.7 244.1 298.1 236.2 294.9 267.3 280.2 245.4 263.6  24.3  79.9 999.0 234.0 186.9  55.2 305.1 225.8 214.5 230.0 256.0 118.4 353.4 145.1  74.0 218.3 183.2 191.0 116.1 247.1 251.6
 wrfout_d04_2016-06-08_01:00:00 999.0 186.3 244.9 300.5 236.8 274.2 246.3 289.2 232.5 270.4  91.1  91.7 999.0 265.0 211.9 120.3 261.4 202.3 235.5 217.5 252.2 166.7 210.0  78.9 198.8 216.2 126.7 211.7 123.4 253.5 254.8
 wrfout_d04_2016-06-08_02:00:00 999.0 198.9 247.8 304.2 238.9  32.4 252.1 294.1 232.3 280.2  98.0  94.6 999.0 281.6 259.3 110.2 249.0 204.2 235.4 221.0 261.6 166.4 236.1  88.2 222.7 232.9 134.1 220.7 109.4 243.2 258.5
 wrfout_d04_2016-06-08_03:00:00 999.0 208.2 253.6 310.1 235.6  41.2 247.7 305.5 179.9 288.6  98.7  98.4 999.0 293.3 250.0 103.3 250.4 205.4 232.5 226.2 272.9 165.8 247.5  82.3 241.8 241.0 140.3 213.2 114.3 231.8 263.1
 wrfout_d04_2016-06-08_04:00:00 999.0 212.6 340.6 312.1 265.8  46.5 350.2 315.4  15.9 292.7 107.6  95.9 999.0 300.9 266.9  93.7 251.3 210.2 229.9 228.4 279.5 179.2 240.9  95.5 237.5 235.7 145.1 219.7 102.5 223.5 261.9
 wrfout_d04_2016-06-08_05:00:00 999.0 192.4 341.8 320.4 326.6  39.4 340.4 324.5 340.8 296.1  95.0 164.9 999.0 301.2 270.1 112.9 251.8 219.8 233.0 247.8 285.9 194.9 239.1 104.4 236.8 235.0 154.8 222.7  91.7 214.5 257.0
 wrfout_d04_2016-06-08_06:00:00 999.0 130.9   0.4 324.0 352.3  91.1   1.7 327.2 338.3 298.5 107.6 130.2 999.0 309.2 275.9 101.9 252.7 229.0 237.7 255.6 303.0 207.3 238.1  18.8 239.8 236.3 156.7 224.1  73.8 208.7 248.4
 wrfout_d04_2016-06-08_07:00:00 999.0 157.6  42.5 331.1  26.8  54.5  92.8 349.1  50.4 292.2  75.7 121.7 999.0 318.0 286.1 102.0 262.9 227.6 237.6 259.6 295.9 224.5 242.5 150.2 240.7 238.3 158.6 224.8 197.8 210.2 244.3
 wrfout_d04_2016-06-08_08:00:00 999.0 119.3  92.4 300.9  98.3  56.1 121.3   2.2 111.0 309.3  17.7 115.5 999.0 305.7 280.5 214.2 287.8 228.6 255.1 266.2 291.7 233.2 245.1 221.5 241.8 237.4 197.7 222.4 232.2 212.0 244.5
 wrfout_d04_2016-06-08_09:00:00 999.0 131.7 195.9 306.6 236.5 113.7 140.2  60.0 101.5  37.6 351.3  61.1 999.0 354.7 296.4  73.0 271.4 230.0 165.1 248.1 320.6 218.6 230.2 231.2 236.4 229.0 177.1 223.5 224.9 219.8 244.1
 wrfout_d04_2016-06-08_10:00:00 999.0  61.8 121.3 256.9 105.1  40.8 120.6  38.9  82.7  55.7 337.4 216.0 999.0 348.6 276.8 341.8 325.5 224.2 272.6 254.8 245.7 212.2 207.7 222.7 227.5 219.1  28.1 220.5 227.7 220.9 241.9
 wrfout_d04_2016-06-08_11:00:00 999.0 103.4 113.1 150.6  95.5 144.8  84.0 351.8  60.7 314.6 242.3 175.9 999.0 340.2 255.2 346.5 349.8 186.1 261.1 272.8 264.4 200.2 194.7 288.9 215.6 207.3 345.2 222.7 232.2 224.4 247.2
 wrfout_d04_2016-06-08_12:00:00 999.0 118.6 110.9 135.7  83.3 105.3  68.7  18.6  39.5   2.8 211.3 143.4 999.0  32.2 335.4 208.8 192.6 111.1 219.1 262.2 228.3 172.5 179.6  25.8 222.0 207.2 344.6 211.9 233.4 231.2 250.7
 wrfout_d04_2016-06-08_13:00:00 999.0 120.0 128.6 114.1 102.6 151.2  93.0  54.1  59.4  70.5 323.6 142.2 999.0 339.6  56.6 251.6 301.9 101.1 194.3 270.7 273.5 131.9 160.6  38.2 208.3 196.0 343.8 202.6 265.2 240.0 259.3
 wrfout_d04_2016-06-08_14:00:00 999.0 114.6 142.6  95.3 102.0  42.1  65.2 235.6  27.9 222.5 358.9  63.0 999.0 345.2 104.4 127.8  41.8  84.5 188.8 317.5 242.5 155.8 101.1  39.9 181.4 158.5  27.1 202.1  26.4 238.5 271.5
 wrfout_d04_2016-06-08_15:00:00 999.0 106.8 136.6 118.8  97.0  46.1  84.9 352.9 202.4 175.4  19.3 207.3 999.0 323.3 173.0 225.6 258.0  89.3 201.7  29.1 187.4 137.3 117.1  16.0 151.8 155.8  25.3 199.8   3.7 240.9 283.6
 wrfout_d04_2016-06-08_16:00:00 999.0 133.9 123.0 153.6  89.9  94.8 100.8 237.4 121.8 209.0 342.0 207.5 999.0 311.4 184.0 299.5 162.2  79.0 205.7  77.6 228.4 196.7 231.6  27.9 149.5 154.6 345.7 201.6  19.3 245.5  25.7
 wrfout_d04_2016-06-08_17:00:00 999.0 108.6 116.7 151.0  80.0  89.9  89.3 149.0  83.6 301.8 340.0 324.2 999.0 137.4 209.0 285.1 350.7 128.5 201.2 157.1 237.2 195.5 195.7  28.5 118.6 120.5 358.7 178.8 260.4 253.5  46.1
 wrfout_d04_2016-06-08_18:00:00 999.0 123.0 147.5 152.5 101.1 277.9  82.5 240.2 281.4 193.9 310.8 329.1 999.0 229.8 106.0 311.2 233.2  99.2 223.9 252.4 248.4 119.8  79.3  34.9 100.9 105.7  27.8 189.2 227.0 261.3  17.6
 wrfout_d04_2016-06-08_19:00:00 999.0 130.8 189.5 138.4 149.5  23.7  48.0 235.9 288.7 318.6 343.2 321.4 999.0 272.2 126.9 328.2  98.4 107.9 200.4 233.2 241.0 100.4  79.4  31.6 121.9 152.6 236.7 184.5 257.8 278.1  46.4
 wrfout_d04_2016-06-08_20:00:00 999.0 135.4 225.9 140.8 276.6 164.0 122.2 233.4 141.3  76.5 214.7 313.4 999.0 270.5 208.8  63.6 335.7 137.3 197.4 300.0 247.6 136.8  70.8  22.7 142.4 113.4 258.1 171.0 227.0 283.2 200.6
 wrfout_d04_2016-06-08_21:00:00 999.0 135.3 238.4 133.7 298.1 228.1 123.3 170.4 114.0 139.5 201.9 285.2 999.0 146.6 139.7 310.8 288.6 104.1 201.6 201.9 230.5 160.9  63.8  20.9  75.5  87.5 326.6 264.4 169.3 278.2 229.6
 wrfout_d04_2016-06-08_22:00:00 999.0 144.3 228.8 163.1 251.8 211.4 258.8 204.9 298.7  20.3 207.1 320.2 999.0 349.0  64.8 309.8 232.0 126.6 221.5 308.0 230.8 185.7  59.6 335.4 124.4 118.2 262.4 113.8  28.5 270.8 232.6
 wrfout_d04_2016-06-08_23:00:00 999.0 151.4 236.7 216.0 250.6 229.6 217.0 239.0 207.0 122.5 323.2  13.0 999.0   2.9 266.0  15.7  14.9 164.8 212.8 100.4 249.5 209.0 116.7 357.4   3.0 159.3 254.9 135.7   0.0 263.5 233.9
