 wrfout_d04_2016-08-13_00:00:00 999.0 121.4 114.3 130.5  99.3 104.7  96.6  89.4 204.2 115.2  56.5 153.6 999.0 109.5  79.1 174.2  24.8 202.0 220.2 132.6 161.3 263.7  89.3  65.1 153.8 142.8 279.4 158.5 216.8 209.5 185.0
 wrfout_d04_2016-08-13_01:00:00 999.0 136.8 118.8 133.5 109.7 125.1 116.4 208.0 149.8 174.8 128.4 158.1 999.0 178.1 146.5 218.7 234.4 164.1 181.1 162.8 145.9 158.0 135.9 132.1 163.3 181.0   1.9 209.9 217.9 202.1 184.3
 wrfout_d04_2016-08-13_02:00:00 999.0 140.3 121.7 130.9 113.3 126.8 117.4 204.3 111.9 219.9 116.7 155.9 999.0 165.7 140.8 214.7  20.9 147.3 193.4 174.8 151.3 150.3 148.2 228.3 156.6 148.3 341.6 176.9 190.0 205.9 184.4
 wrfout_d04_2016-08-13_03:00:00 999.0 134.8 122.8 132.1 115.8 126.6 115.6 142.7 116.9  85.2 127.3 161.9 999.0 142.8  68.1 210.6  10.0 149.4 180.1 171.7 150.0 160.2 166.6  99.3 147.2 140.8  43.7 165.8 194.5 206.2 182.0
 wrfout_d04_2016-08-13_04:00:00 999.0 122.7 118.2 130.2 116.8 130.1 113.0 278.7 109.4  20.6 123.0 165.5 999.0 181.0 217.9 213.0 351.9 165.2 147.1 195.6 157.3 135.9 134.3 119.7 138.1 144.6  28.9 173.0 200.2 205.1 183.0
 wrfout_d04_2016-08-13_05:00:00 999.0 134.7 118.4 134.0 116.7 134.3 116.6 275.9 110.3 301.7 117.6 171.3 999.0  87.4  39.2 216.8  29.6 179.0 209.3 171.9 152.7 215.4 165.8 348.0 163.1 188.2 325.7 189.6 216.8 202.4 195.8
 wrfout_d04_2016-08-13_06:00:00 999.0 125.3 117.0 134.0 110.8 122.9 114.6 294.7 106.4 304.3 126.0 163.3 999.0 194.0 296.3 185.8 295.5 212.4 198.7 181.5 148.4 202.9 185.7 305.5 202.9 187.4 333.0 170.7 271.5 189.7 185.9
 wrfout_d04_2016-08-13_07:00:00 999.0 125.9 121.5 136.7 115.6 128.4 117.9 267.1 108.4 332.9 115.5 149.7 999.0 251.6 286.4 189.7 200.5 216.5 222.6 172.2 154.8 187.3 168.8 334.7 151.1 168.2 345.8 182.4 282.7 189.2 187.5
 wrfout_d04_2016-08-13_08:00:00 999.0 131.4 114.4 138.0 102.2 120.7 113.7 258.2 112.2 288.3 110.6 159.0 999.0  44.9 284.2 220.1  34.9 135.3  67.4 167.0 141.0 175.8 150.5 260.6 135.6 125.4 354.2 191.6 312.0 195.1 173.8
 wrfout_d04_2016-08-13_09:00:00 999.0 122.5 123.1 138.1 110.3 112.8 124.6 248.1 111.9 264.9  97.3 161.7 999.0 237.9 269.4 193.3  14.7 115.2 263.2 178.0 154.4 163.5 137.1 261.7 155.0 157.0 300.8 189.3 337.0 181.7 183.5
 wrfout_d04_2016-08-13_10:00:00 999.0 127.0 110.4 138.4  94.6  98.4 111.5 221.8 102.9  10.3  97.1 164.5 999.0 180.0  35.7 220.1 347.9 182.4 240.1 160.4 152.4 167.1 154.9 299.1 132.0 132.2 326.7 181.6 279.8 183.4 200.5
 wrfout_d04_2016-08-13_11:00:00 999.0 128.0 116.3 133.1  95.3  99.0  95.0 190.3  79.4 159.4  91.9 150.2 999.0 247.3 223.3 223.3 264.2 163.6 223.5 154.2 149.1 158.4 109.9 288.3 147.6 123.0 341.3 180.5  87.6 178.8 161.9
 wrfout_d04_2016-08-13_12:00:00 999.0 117.6 118.7 128.1  97.8  93.0  85.2 306.3  65.3 310.6 103.9 152.0 999.0 191.4 177.2 241.0 198.8 171.4 162.5 169.2 144.7 150.9 131.0 296.0 118.9 101.3 349.2 187.5 271.7 166.9 162.2
 wrfout_d04_2016-08-13_13:00:00 999.0 127.6 118.8 130.2 100.8  96.7  81.2 226.7  59.3 261.0 105.9 153.8 999.0 217.7  31.0 234.3 339.0 155.4 191.7 159.8 153.0 155.3 134.0 285.2 142.8 125.4 358.9 155.0 239.3 172.4 150.3
 wrfout_d04_2016-08-13_14:00:00 999.0 137.0 118.6 134.2 100.9 102.3  94.6 221.2 183.1 233.8 100.7 160.2 999.0  62.1 112.2 214.0 219.0 155.7 212.4 173.6 158.4 164.5 119.1 287.5 157.5 134.0  12.0 140.4 106.6 165.8 152.3
 wrfout_d04_2016-08-13_15:00:00 999.0 135.2 130.6 135.8 111.0  85.1 123.5 260.2 196.2 224.8  86.5 152.8 999.0  37.5  33.6 236.0  50.2 155.8 119.7 155.3 153.4 166.5 130.7 241.3 150.0 149.2 254.2 170.8  90.3 169.2 141.0
 wrfout_d04_2016-08-13_16:00:00 999.0 136.7 136.1 140.2 117.8  70.0 140.4 237.5 213.7 171.7  49.3 156.6 999.0  37.6  10.5 209.9  53.0 149.3 189.1  43.0 154.1 154.9 152.9 274.9 175.0 164.3   2.0 162.5 157.5 170.8 140.6
 wrfout_d04_2016-08-13_17:00:00 999.0 132.2 142.4 142.4 119.3 172.1 136.8 205.5 120.2 197.0  35.3 159.8 999.0  11.6  13.4 263.6  34.2 147.9 213.6  47.5 154.4 149.7 116.9 257.3  96.4 103.2   4.7 153.0 136.4 174.5 143.3
 wrfout_d04_2016-08-13_18:00:00 999.0 107.7 138.7 150.3 114.1  65.6 104.5 203.6  62.7 194.1  27.8 156.9 999.0   9.8  29.7 229.9  16.0 123.9 169.1  72.3 146.5 152.7  87.3 284.0  80.7  78.6 337.0 145.5 162.9 170.4 137.7
 wrfout_d04_2016-08-13_19:00:00 999.0 107.3 138.4 161.0 118.5 102.7 199.8 181.9 146.9 129.7   9.7 162.7 999.0  10.8  14.9 206.5  55.1 143.0 109.8  67.5 150.9 142.8  85.4 290.3 148.0 128.0 352.2 156.1 199.7 164.1 132.8
 wrfout_d04_2016-08-13_20:00:00 999.0 110.7 136.4 179.3 113.2  73.5 258.8 174.0 218.2 116.4  18.3 154.0 999.0  31.1  32.5 233.0  41.9 109.1 163.3  57.8 151.0 125.8  90.4 294.6 106.7 116.5   5.7 150.7 172.3 171.6 147.6
 wrfout_d04_2016-08-13_21:00:00 999.0 123.2 131.0 199.8 109.9 102.3 235.1 157.4 179.3 101.8  22.7 148.1 999.0  18.7 331.1 263.3  66.4 103.8 188.1  22.5 151.0 135.2 109.8 302.1 126.5 150.2  40.8 144.9  93.0 173.7 149.3
 wrfout_d04_2016-08-13_22:00:00 999.0 114.5 130.7 187.5 110.3 116.9 231.7 146.6 190.9 103.6  10.2 150.2 999.0  39.7  15.5 245.8 167.4 112.0 225.8  45.2 149.4 149.3  79.9 282.4  58.3  62.3 300.4 121.2  66.2 192.4 170.8
 wrfout_d04_2016-08-13_23:00:00 999.0 116.5 123.8 167.1 108.3 103.0 243.7 117.3 204.9 119.8  29.3 152.2 999.0  33.5   8.6 233.7  51.0 121.0  78.7  84.1 149.1 136.7 105.8 256.1 126.0 138.8 277.0 126.5  63.8 174.4 174.8
