 wrfout_d04_2016-08-03_00:00:00 999.0 219.6 305.8 160.9 284.9 234.4 225.6 137.2 237.6 155.4  81.7  44.2 999.0 213.4 276.2 219.5  12.2 183.6 218.5 196.1 174.9 181.8 142.8 212.6 172.7 175.5 210.1 177.1 194.6 168.0 137.0
 wrfout_d04_2016-08-03_01:00:00 999.0 220.5 304.6 313.1 277.2 240.6 254.4 277.3 243.7 194.4  86.1 107.0 999.0 214.5 232.3 169.6 353.6 186.1 232.1 209.4 204.0 183.4 190.7 187.2 190.1 195.4 180.5 187.8 145.5 166.3 145.2
 wrfout_d04_2016-08-03_02:00:00 999.0 220.2 297.2 310.5 275.6   3.1 276.1 293.4 246.0 238.5  94.5 116.7 999.0 237.5 225.2 147.4 337.3 188.4 256.5 225.2 279.3 186.1 200.7 174.3 216.5 212.1 174.7 201.9 138.0 161.9 138.0
 wrfout_d04_2016-08-03_03:00:00 999.0 232.7 294.7 317.3 282.6  14.2 309.5 276.7 245.0 249.3 104.1 124.1 999.0 253.4 240.4 148.7 285.3 191.8 265.0 239.6 289.4 188.5 215.9 171.4 235.3 228.5 169.7 212.3 138.7 160.2 126.5
 wrfout_d04_2016-08-03_04:00:00 999.0 249.6 284.6 323.3 273.8   7.8 329.8 270.5 243.5 254.8 101.1 131.4 999.0 255.6 260.4 149.2 271.0 201.1 309.4 247.7 287.7 193.9 227.1 172.0 242.9 237.7 169.4 214.5 137.9 157.7 120.5
 wrfout_d04_2016-08-03_05:00:00 999.0 282.2 279.1 316.6 269.2   9.5 328.9 271.5 311.9 259.8  96.3 136.5 999.0 262.8 276.4 151.2 260.4 207.4 285.1 265.2 275.6 201.3 231.7 173.6 249.3 244.9 167.9 217.6 138.1 155.1 118.9
 wrfout_d04_2016-08-03_06:00:00 999.0 315.0 281.1 314.3 273.5  10.6 318.0 271.4 314.1 263.5  91.7 138.5 999.0 270.2 277.2 152.7 262.6 213.8 298.7 270.4 280.0 208.1 241.1 177.5 247.3 242.8 170.7 219.7 138.0 155.3 122.5
 wrfout_d04_2016-08-03_07:00:00 999.0 313.4 264.3 313.0 267.5  14.9 316.3 279.7 293.4 270.8  85.6 108.2 999.0 285.0 293.5 144.9 267.7 223.1 304.0 278.3 343.2 213.3 245.2 179.8 249.4 247.1 175.7 222.6 136.8 159.7 129.8
 wrfout_d04_2016-08-03_08:00:00 999.0 344.0 268.2 315.5 272.6  32.3 320.7 272.9 313.0 262.9  87.6 103.2 999.0 288.2 292.5 155.7 121.3 225.4  83.1 286.5  55.7 221.0 249.9 188.8 249.6 250.4 173.9 225.9 136.6 168.7 136.3
 wrfout_d04_2016-08-03_09:00:00 999.0 347.5 265.0 314.4 275.9  20.9 319.0 271.2 312.5 263.5  76.0 119.7 999.0 289.6 297.4 146.9 230.2 227.2 133.0 292.1 350.5 236.3 271.6 194.8 264.4 266.5 175.1 230.6 143.0 172.1 141.3
 wrfout_d04_2016-08-03_10:00:00 999.0 340.4 277.0 332.8 295.4  30.2 329.9 291.8 324.5 278.4  45.9 145.2 999.0 286.3 273.0 152.7 221.5 242.9 174.4 273.2 194.5 244.8 283.6 209.7 270.3 270.7 180.1 238.7 133.9 182.1 139.0
 wrfout_d04_2016-08-03_11:00:00 999.0   0.5 273.2 327.8 297.5  40.7 313.7 250.7 326.7 266.9  26.4 146.1 999.0 331.5 294.8 190.8  29.8 225.3 208.8 283.2 200.9 228.4 277.9 213.1 281.1 272.0 216.8 235.4 283.9 233.5 118.9
 wrfout_d04_2016-08-03_12:00:00 999.0  33.5 257.1 331.6 281.9  31.1 323.9 242.5 301.2 271.8   2.7  36.7 999.0 289.6 286.4 194.2  60.8 244.3  90.5 309.4 164.2 250.1 263.3 233.5 277.4 269.6 193.8 224.8 233.8 202.7 117.1
 wrfout_d04_2016-08-03_13:00:00 999.0  69.1 250.7  29.2 279.5 106.6 338.1 203.1 269.8 258.5   6.2 332.5 999.0 292.4 299.3 203.8 133.0 253.2 196.6 325.1 182.7 251.1 276.9 218.0 283.7 285.5 215.8 215.9 273.0 172.9 138.1
 wrfout_d04_2016-08-03_14:00:00 999.0 152.2 246.8  76.8 274.5 208.5 326.5 191.6 223.0 214.8 344.2 316.1 999.0 259.2 287.3 211.4 166.2 235.6 191.1 337.1 174.1 241.6 294.1 213.4 340.4 310.7 272.0 222.5 292.8 190.4 155.1
 wrfout_d04_2016-08-03_15:00:00 999.0 167.1 238.7 115.4 262.7 224.3 232.1 205.8 202.0 192.5 257.8 314.4 999.0 268.5 277.6 229.0 101.4 224.1 188.3 332.4 178.8 238.2 346.4 215.6 330.7 317.4 254.3 231.7  19.5 200.2 176.0
 wrfout_d04_2016-08-03_16:00:00 999.0 197.7 236.1 117.7 258.4 212.0 214.8 205.8 204.2 149.8 258.1 312.6 999.0 267.6 264.6 234.7  56.8 226.4 192.0 352.6 187.8 249.9  88.8 226.3 354.5 334.9 263.6 247.4  22.2 218.5 236.2
 wrfout_d04_2016-08-03_17:00:00 999.0 213.9 238.7 110.8 262.4 218.4 219.1 194.7 222.4 147.1 263.5 312.3 999.0 237.3 212.5 236.1   2.0 241.4 188.5   1.3 192.6 243.1  83.6 224.6 358.7 350.0 271.4 249.7 352.5 220.3 279.5
 wrfout_d04_2016-08-03_18:00:00 999.0 223.7 241.0 118.0 263.0 225.8 254.4 192.3 234.1 157.4 226.9 335.4 999.0 230.4 180.0 234.7 222.0 231.6 197.0 348.9 206.8 244.7  93.7 218.2   5.5 355.2 264.3 252.8 341.4 222.2 276.6
 wrfout_d04_2016-08-03_19:00:00 999.0 238.7 242.0 113.9 265.7 228.6 264.0 198.9 235.6 167.9 231.7  24.1 999.0 190.9 157.8 242.1 352.9 237.6 201.0 355.6 207.2 215.3  93.2 218.8  22.9   8.5 265.4 212.1 343.4 216.0 251.5
 wrfout_d04_2016-08-03_20:00:00 999.0 250.9 245.4 101.9 269.2 229.5 254.5 198.4 227.2 172.0 200.0  60.1 999.0 178.3 146.8 239.5  30.6 234.6 192.7   0.2 205.6 227.4  85.8 223.5  39.7  29.4 281.3 148.9 338.9 217.8 241.4
 wrfout_d04_2016-08-03_21:00:00 999.0 255.8 250.8  81.0 275.3 234.2 276.6 201.9 231.9 177.7 259.2  55.3 999.0 165.2 142.2 242.2 107.8 220.1 188.7   9.2 208.9 237.2  80.6 233.5  41.3  29.7 314.7 101.6 340.8 224.9 270.5
 wrfout_d04_2016-08-03_22:00:00 999.0 260.1 255.0  24.7 278.2 229.6 269.3 204.0 219.0 179.2  78.9  36.6 999.0 159.6 132.8 246.4  16.7 198.8 193.7  21.0 212.8 258.5  83.7 231.4  54.8  39.4 325.9  98.6 349.9 225.3 294.6
 wrfout_d04_2016-08-03_23:00:00 999.0 262.1 256.5 281.4 273.5 238.4 259.9 214.5 235.5 229.5  46.1  25.6 999.0 186.7 143.5 220.3 352.1 186.3 214.4   0.6 241.8 253.1  87.3 187.6  50.1  40.2 287.2  97.3  61.9 214.4 282.2
