 wrfout_d04_2016-11-13_00:00:00 999.0 158.5 144.2 138.3 122.0 154.5  68.3  31.9  20.6   5.3  25.4 164.4 999.0   9.1 354.8 227.8 329.8  25.8  71.6 354.3 305.9  27.8  38.6  37.8  31.6  28.1  21.6 290.3  31.7  47.4  70.1
 wrfout_d04_2016-11-13_01:00:00 999.0 160.2 142.1 141.2 135.5 150.7  36.2  14.0  12.9   2.9  88.1 160.0 999.0 357.2 341.7 174.9 331.2  26.1  58.2 344.8 330.7  29.2  22.6  53.8  20.1  14.1  58.5 271.3  53.8  50.3  67.3
 wrfout_d04_2016-11-13_02:00:00 999.0 159.6 143.8 322.0 142.5 146.4  32.2   3.4 307.6 355.9  99.1 154.5 999.0 350.7 326.3 141.8 321.4  19.5  51.6 342.8 334.6  17.5   1.5  68.3   7.4 359.2  67.3 263.5  51.6  44.2  65.0
 wrfout_d04_2016-11-13_03:00:00 999.0 159.6 152.9 320.0 163.9 148.9  13.1   0.5 282.5 349.2 104.8 157.5 999.0 352.7 329.2 142.1 305.5   8.0  46.9 339.2 329.6  11.7 336.3  69.8 351.2 347.7  71.3 263.6  58.4  52.0  66.5
 wrfout_d04_2016-11-13_04:00:00 999.0 157.8 148.9 319.7 172.8 143.7  59.5 356.3 236.3 339.5 104.3 155.5 999.0 349.9 332.0 144.4 291.4   2.1  46.9 332.3 330.0   4.6 330.0  76.9 347.9 334.1  63.5 261.7  57.7  54.5  63.6
 wrfout_d04_2016-11-13_05:00:00 999.0 155.6 163.1 318.2 192.9 138.5  60.2 349.6  10.0 330.6 103.2 155.8 999.0 351.1 333.6 142.7 280.7 357.4  40.2 329.4 327.1 359.7 324.4  83.5 335.3 322.3  65.4 263.0  57.5  50.6  62.5
 wrfout_d04_2016-11-13_06:00:00 999.0 152.9 244.7 314.7 201.0 135.4  56.4 355.7   0.3 337.3 103.2 158.2 999.0 352.0 336.7 142.3 276.4 356.2  40.1 328.1 329.1 356.1 327.4  87.1 326.2 316.1  70.0 267.3  60.4  49.3  62.7
 wrfout_d04_2016-11-13_07:00:00 999.0 151.2 296.1 312.4 202.4 141.8   0.7 357.9 344.4 334.5 101.7 161.5 999.0 354.5 339.0 146.2 261.4 356.6  45.1 334.1 326.1 358.2 329.5  78.8 324.6 313.1  67.3 270.1  60.5  52.0  62.4
 wrfout_d04_2016-11-13_08:00:00 999.0 152.4 171.7 307.2 178.4 142.2  15.7 358.3 333.9 329.1  97.5 164.5 999.0 357.7 345.9 152.2 244.4 359.3  52.5 333.6 330.3   0.4 333.6  69.7 327.7 313.8  61.1 276.9  54.2  49.2  63.7
 wrfout_d04_2016-11-13_09:00:00 999.0 152.2 171.8 297.8 159.7 150.4  20.3 356.5 326.8 326.6  59.5 165.1 999.0   1.0 351.2 167.6 222.6   7.7  81.4 337.2 175.7   2.9 339.0  52.6 328.4 319.6  59.7 282.1  46.0  47.3  65.4
 wrfout_d04_2016-11-13_10:00:00 999.0 152.8 159.2 289.1 124.3 156.3 347.8 350.4 318.4 337.9  14.2 170.3 999.0   9.2 350.9 203.0 194.7   9.5 140.3 337.1 198.0   5.9 343.0  25.0 330.8 326.8  48.6 281.4  24.9  46.5  66.3
 wrfout_d04_2016-11-13_11:00:00 999.0 152.5 147.0 234.1 109.3 180.2 323.8 332.9 214.8 341.4   9.8 172.9 999.0  16.3 353.7 229.4 166.3  14.5 156.0 340.6 219.8   7.4 349.3   5.5 338.1 340.7  31.5 287.1  15.2  45.9  67.4
 wrfout_d04_2016-11-13_12:00:00 999.0 151.9 147.6 192.1 110.5 205.9 271.6 128.2 204.0 226.5  14.3 175.6 999.0  14.6 352.6 242.3 176.1  15.1 173.8 345.4 240.1   3.1 357.5   0.1 347.2 348.0   8.7 290.5  14.4  45.4  66.5
 wrfout_d04_2016-11-13_13:00:00 999.0 152.9 141.7 156.0 103.3 225.7 198.8 149.4 192.5 101.0  15.7 177.2 999.0  13.0 347.0 254.3 120.0  17.2 179.9 347.3 255.0   1.5   2.7 356.3 354.5 356.5 347.5 287.9  10.9  46.5  63.9
 wrfout_d04_2016-11-13_14:00:00 999.0 153.9 133.5 157.7  93.9 232.9 221.3 161.1 186.3 120.7  16.2 174.6 999.0  14.0 342.4 249.3  86.9  16.6 171.4 352.3 252.5   5.1  15.2 359.0 358.9   4.2 346.6 322.4  15.7  48.2  63.2
 wrfout_d04_2016-11-13_15:00:00 999.0 154.2 133.5 163.1  91.7 243.9 249.9 176.0 175.8 115.0  14.1 168.0 999.0  10.4 340.1 247.8 104.9  14.0 163.9 351.3 246.8   9.5  38.5   5.3 354.1 359.7 353.6  21.9  13.8  47.7  62.9
 wrfout_d04_2016-11-13_16:00:00 999.0 155.1 142.5 160.0  96.5 252.7 246.3 161.4 184.1 100.5  10.9 169.3 999.0   3.4 144.1 244.4 112.0  16.0 156.0 352.1 239.8   6.5  36.1   2.8 356.7 356.7 350.9  28.5  16.6  46.4  60.6
 wrfout_d04_2016-11-13_17:00:00 999.0 156.3 143.7 170.4  93.4 263.2 258.9 161.9 197.6  84.9  11.2 255.0 999.0 353.2 159.0 241.8 118.6  15.1 153.9 359.3 241.1   6.3  32.3   9.1   3.8   4.9 351.1  23.7  13.1  47.2  60.1
 wrfout_d04_2016-11-13_18:00:00 999.0 158.7 143.4 282.4  82.5 257.9 262.9 167.3 211.7  52.9  12.2 307.9 999.0 350.4 177.8 242.7 123.9   7.6 151.4   1.1 249.0   5.3  29.5  12.5   6.6  10.0 346.2  10.1  10.8  50.4  54.5
 wrfout_d04_2016-11-13_19:00:00 999.0 159.5 147.9 329.9  44.9 240.2 248.7 164.4 191.4  83.8  15.3 300.0 999.0 357.0 187.1 243.2 130.0   1.3 151.1   4.3 252.1   0.8  28.8  15.1   8.2  13.8 340.9   3.1  12.5  50.5  50.7
 wrfout_d04_2016-11-13_20:00:00 999.0 161.4 130.8   4.9  20.1 216.8 243.0 162.8 179.4 119.1  21.0 309.7 999.0   3.2 192.4 247.8 130.8 355.9 147.8 358.5 253.0   0.8  29.6  13.7  10.4  14.8 336.5   6.6   9.6  45.5  48.2
 wrfout_d04_2016-11-13_21:00:00 999.0 166.5 277.5 101.3   7.2 231.9 245.2 157.8 186.2 113.0  22.7 322.6 999.0   9.8 182.8 251.1 140.0 358.5 151.3 357.5 249.0   2.9  35.2  13.5  16.1  17.2 332.2   7.1   7.2  50.2  49.0
 wrfout_d04_2016-11-13_22:00:00 999.0 172.2 281.3 124.5 354.2 221.5 246.2 157.7 183.5 114.1  19.4 326.3 999.0  12.8 267.0 253.6 162.9   3.4 156.8 359.0 243.1   1.6  35.2  14.3  20.9  19.7 331.0   9.9   4.8  63.2  46.1
 wrfout_d04_2016-11-13_23:00:00 999.0 178.0 274.4 148.7 332.2 228.8 195.6 163.6 213.8 110.1  19.1 354.4 999.0  11.9 335.5 251.5 267.7   6.7 152.1 359.0 275.0   2.8  33.9  34.6  22.3  17.3 340.9   6.6  10.8  53.9  48.5
