 wrfout_d04_2016-08-14_00:00:00 999.0 110.8 118.9 151.9 105.9 115.2 102.8  59.1  84.4  79.7  90.2 156.7 999.0  14.2 345.3 217.1 315.5 120.7 246.0  26.1 150.3 121.9 119.2 231.6 106.2 116.3 250.2 133.9  97.5 168.1 145.3
 wrfout_d04_2016-08-14_01:00:00 999.0 112.8 116.2 151.3 111.7 115.2 101.5 349.4 163.9  93.9 115.6 159.0 999.0  13.3 351.4 185.3 339.2 122.4  80.8   4.6 146.0 110.6 110.1 224.7 123.0 124.1 279.0 125.2  86.0 162.8 175.3
 wrfout_d04_2016-08-14_02:00:00 999.0 113.9 119.7 135.5 118.3 114.8 104.6   0.9 199.4  80.6 101.5 154.0 999.0   5.7 352.8 147.3 343.9 127.6 185.2 344.9 143.8 129.5 123.6 230.6 116.9 120.7 339.6 120.1  65.0 157.4 131.5
 wrfout_d04_2016-08-14_03:00:00 999.0 113.0 114.0 133.8 113.8 105.7 109.7 341.7  96.5  19.9 100.5 143.4 999.0 353.0 347.7 158.5 329.3 124.6 236.8  10.2 143.7 121.5 119.4 210.7 120.5 118.7 343.3 116.5 315.0 166.8 153.6
 wrfout_d04_2016-08-14_04:00:00 999.0 106.5 101.4 131.4 100.2 109.6 110.8 332.6 103.0 321.8 103.3 143.0 999.0 338.8 330.4 157.6 278.7 121.6 319.7 228.2 141.1 124.5 121.0 177.8 118.4 115.6 344.7 132.2 305.6 172.9 133.5
 wrfout_d04_2016-08-14_05:00:00 999.0 105.0 111.4 128.9 114.0 119.6 111.4 332.5 104.3 302.2 104.6 147.2 999.0 327.8 347.7 157.4 275.6 136.9  59.0 201.3 138.5 120.1 127.9 176.8 122.4 116.6 117.3 126.0 301.5 171.7 148.9
 wrfout_d04_2016-08-14_06:00:00 999.0 111.5 104.7 128.6 105.5 102.7 110.5 322.7 104.5 299.7  95.7 144.0 999.0 322.4 332.3 162.3 261.0 133.9  51.1 200.9 137.1 119.1 112.9 203.8 124.6 121.8  57.5 128.2 331.2 176.7 121.1
 wrfout_d04_2016-08-14_07:00:00 999.0 103.0 106.5 128.0 107.3 111.7 113.3 257.6 104.6 285.8  98.6 142.8 999.0 312.2 327.0 169.8 246.7 135.0  47.9 209.7 137.3 116.7 110.7 210.3 122.1 121.2  12.8 139.8 317.2 178.6 127.8
 wrfout_d04_2016-08-14_08:00:00 999.0  95.1 113.6 126.1 111.2 119.7 113.9 238.3 105.3 264.9  97.6 143.1 999.0 324.2 321.6 172.2 252.7 123.9  56.5 224.1 131.1 120.4 114.0 217.5 116.6 126.5 108.2 153.4 358.8 186.7 136.2
 wrfout_d04_2016-08-14_09:00:00 999.0  99.5 108.8 125.7 101.2 113.7 105.8 225.1  97.2 252.1 104.8 145.7 999.0 318.0 329.3 173.8 243.1 132.8  41.0 207.3 144.1 113.4 113.6 198.9 116.5 111.2 131.1 161.5 354.5 189.2 134.3
 wrfout_d04_2016-08-14_10:00:00 999.0 104.8 111.7 120.9  96.9 104.9  94.6 218.0  86.7 237.4 107.6 156.4 999.0 313.1 314.7 186.2 232.4 135.7  66.3 188.9 148.9 114.7 112.2 248.8  99.8 104.7 347.8 155.8 326.8 173.1 113.5
 wrfout_d04_2016-08-14_11:00:00 999.0 112.6 114.5 122.7  98.3  98.7  89.4 193.2  84.1 194.6 121.5 153.6 999.0 259.0 298.7 188.9 223.5 142.2 181.0 177.1 149.4 141.9 108.1 221.8 104.0  97.5 355.6 159.1 343.3 150.1  92.6
 wrfout_d04_2016-08-14_12:00:00 999.0 120.3 113.1 123.1  97.7  97.4  87.7 194.1  79.1 159.3 115.0 152.2 999.0 258.7 292.9 208.9 197.9 117.9 102.4  97.6 150.1 141.5 101.6 252.6 116.0 102.1 343.7 159.4 355.5 230.4  88.1
 wrfout_d04_2016-08-14_13:00:00 999.0 121.3 112.4 124.5  97.0  92.0  81.8 101.5  69.7 139.3 107.0 159.1 999.0 218.4 267.4 219.1 133.1 119.1 256.0   4.9 149.2 142.4 104.9 289.3  91.2  96.2 344.1 156.3 342.7 331.1  83.6
 wrfout_d04_2016-08-14_14:00:00 999.0 112.0 112.6 125.1  97.2  94.9  80.3 139.3  64.9 142.3 122.7 167.5 999.0 217.6 226.0 235.8 237.3 127.0 240.2 201.1 149.6 133.9  95.5 298.1  61.2  95.6  94.2 164.8   8.8 259.4  89.5
 wrfout_d04_2016-08-14_15:00:00 999.0 113.0 116.6 125.3 100.6 103.3  87.9 169.3  74.6 179.0 117.9 163.0 999.0 210.9 222.4 240.2  87.8 124.1 224.4 154.8 151.8 143.9  96.3 310.8  24.8  45.5 171.4 147.5   4.9 197.8 100.4
 wrfout_d04_2016-08-14_16:00:00 999.0 115.9 117.4 130.0 101.6  93.9  92.1 197.5  85.0 237.9 106.0 160.9 999.0 181.8 195.8 256.2 146.6 128.3 250.9 144.1 151.5 152.3 100.7   7.7 129.7 122.5 339.4 158.1   0.2 188.1  79.3
 wrfout_d04_2016-08-14_17:00:00 999.0 111.9 120.0 127.6 103.8  95.1  87.2 218.4  95.2 236.8 106.2 168.9 999.0 120.7  86.9 260.0  35.8 130.5  99.6 162.8 148.6 143.2  83.4 341.5  84.3  93.6 335.0 153.7 229.8 185.5 117.0
 wrfout_d04_2016-08-14_18:00:00 999.0 108.0 120.0 131.6 102.3  98.3  88.2 206.0 194.7 208.4  99.3 173.4 999.0 129.0 145.2 275.2 164.0 136.2 304.7 162.7 154.4 146.0 111.2  11.2  46.1  76.8 319.5 146.9 304.1 182.2 164.3
 wrfout_d04_2016-08-14_19:00:00 999.0 106.0 125.9 130.6 107.6  98.6 108.8 169.7 193.4 115.6  68.6 175.0 999.0   6.0  70.9 288.2 244.4 139.0 337.8 176.3 147.0 144.2 100.4 297.6 103.0  87.5   0.9 133.9 349.2 189.8 154.9
 wrfout_d04_2016-08-14_20:00:00 999.0 108.2 131.0 143.0 113.7 100.6 161.8 137.3 196.7  96.9  29.5 173.5 999.0 165.3 120.0 242.9 136.2 133.9  37.5 160.8 157.0 151.2 106.4 238.7 104.1  94.5 243.0 139.9  22.5 184.3 158.6
 wrfout_d04_2016-08-14_21:00:00 999.0 117.5 129.8 153.9 108.6  98.6 358.7 117.5 170.1 139.4  27.3 174.7 999.0  34.5 110.6 255.1   4.0 133.0 290.5 148.6 142.4 153.0 106.4 345.9 132.4 124.1 334.5 158.6 344.3 183.3 145.0
 wrfout_d04_2016-08-14_22:00:00 999.0 123.3 127.1 152.8 109.9 101.5 331.0 139.9 301.9 102.0  26.2 174.5 999.0  11.5  12.0 236.2 130.2 151.0  55.9  71.7 158.1 152.9 119.4 259.1 130.7 120.4 342.2 156.1 324.1 194.4 145.3
 wrfout_d04_2016-08-14_23:00:00 999.0 129.2 126.0 142.0 115.8 107.3  85.6  72.5 266.5 116.1 108.9 161.3 999.0  16.5   7.2 238.4 344.2 136.6 248.7  42.3 144.5 153.8 124.1 316.0 142.1 131.5 320.6 159.5 333.7 204.8 177.9
