 wrfout_d04_2016-11-19_00:00:00 999.0 189.6  99.3 306.9 106.0 344.6 293.6 257.4  23.0 278.5  47.9 154.2 999.0 354.8 261.3 221.1 342.5  31.0 224.6 358.7 166.4  26.2  37.8 125.1  19.0  14.4  21.0 349.5  33.2  49.9  60.4
 wrfout_d04_2016-11-19_01:00:00 999.0 191.8  87.2 311.9 161.7  12.3 302.9 301.5  25.2 314.1  75.4 159.7 999.0 352.7 321.0 202.2 319.0  33.7 266.0 350.5 164.1  28.9  23.6 143.6   0.9 358.2  75.1 301.7  53.6  55.1  65.4
 wrfout_d04_2016-11-19_02:00:00 999.0 204.0  84.9 315.5 175.6  24.5 331.0 343.1  35.6 331.1  71.2 157.9 999.0 353.6 344.1 170.0 309.8  31.4 329.7 349.1 288.5  31.4   5.6 136.5 357.8 348.7  93.9 272.7  55.9  60.2  72.6
 wrfout_d04_2016-11-19_03:00:00 999.0 206.2  70.8 318.7 160.3  22.5 325.7 349.7  31.6 337.8  84.4 159.1 999.0 354.3 350.3 164.8 294.2  25.8   0.0 347.9 295.1  28.6 346.1 140.4 355.1 349.2 102.4 264.7  50.3  62.9  75.5
 wrfout_d04_2016-11-19_04:00:00 999.0 261.4  57.4 319.6 179.9  21.1 320.6   0.3  22.6 346.6  77.7 159.1 999.0 357.5 348.8 162.0 284.5  22.3  11.0 356.3 294.6  24.2 331.1 144.9 351.4 344.0 100.7 259.2  55.2  63.9  73.2
 wrfout_d04_2016-11-19_05:00:00 999.0 127.8  66.3 323.1 178.6  27.7  43.2   9.1  59.4 348.5  77.7 159.8 999.0 357.1 350.4 163.4 280.1  19.0  15.0 351.8 302.2  18.2 328.5 143.4 351.1 344.2  99.1 266.5  58.7  64.8  77.6
 wrfout_d04_2016-11-19_06:00:00 999.0  62.3  77.7 325.6 154.5  28.3  64.2  15.7  52.2 353.3  74.5 162.7 999.0 357.2 348.9 165.1 272.8  17.8  32.5 345.3 278.4  18.9 332.8 149.1 337.4 338.6  95.3 273.8  65.1  66.8  78.3
 wrfout_d04_2016-11-19_07:00:00 999.0 107.7 100.3 320.7 127.5  27.2  73.7  23.8  44.3   2.0  70.3 160.0 999.0 358.9 348.4 166.6 263.9  14.6  45.1 340.2 158.3  20.2 337.4 153.1 329.0 329.3  92.8 275.9  56.6  66.9  78.7
 wrfout_d04_2016-11-19_08:00:00 999.0 126.8  94.1 314.0  73.0  15.3  69.6  25.7  54.7   1.8  92.2 159.8 999.0   0.6 345.2 181.7 259.0  14.1  39.7 340.2 144.3  22.2 346.8 147.3 330.8 330.9  82.0 268.0  48.8  66.1  76.7
 wrfout_d04_2016-11-19_09:00:00 999.0 122.1  98.5 227.1  66.0 355.8  65.3  36.2  55.8   5.5  84.0 162.7 999.0   1.0 352.5 198.6 210.9  16.9  64.0 342.0 151.3  19.8 352.1 130.7 327.2 327.4  64.4 265.7  38.2  66.3  74.8
 wrfout_d04_2016-11-19_10:00:00 999.0 120.3 109.6 220.3  74.6   9.5  67.5  25.1  48.2   1.9  78.2 157.7 999.0   1.2   0.7 207.8 175.9  21.7 202.7 345.9 164.1  21.0 359.7 282.4 331.9 337.9  51.4 270.6  20.0  62.3  72.1
 wrfout_d04_2016-11-19_11:00:00 999.0 122.0 119.9 264.6  83.5 357.4  64.7  25.1  34.0 353.1 105.2 152.6 999.0   3.0   3.5 206.9 176.4  27.7 234.5 357.5 164.3  24.5   8.1 273.2 343.2 353.4  30.5 284.6  15.7  62.5  69.6
 wrfout_d04_2016-11-19_12:00:00 999.0 120.2 159.0  50.9 123.5 302.2  67.0  40.3  11.2  32.0 103.3 150.2 999.0   3.1   0.3 213.1 176.6  32.2 228.6 355.4 163.3  25.6  15.2 269.9 347.4 359.7   5.9 291.6  10.8  59.7  68.5
 wrfout_d04_2016-11-19_13:00:00 999.0 121.6 154.6 141.9 120.3 314.2  60.5  41.5 235.1  48.8  89.6 148.0 999.0   3.6   3.0 220.6 160.0  34.5 217.7   2.1 164.4  25.4  14.3 274.6 357.6 358.6 353.5 281.3   7.7  68.1  68.9
 wrfout_d04_2016-11-19_14:00:00 999.0 113.8 150.9 140.2 118.1 293.8 126.8 119.1 215.7  91.0  45.4 157.9 999.0   9.7  18.0 228.3 160.2  34.5 201.5  13.6 164.3  28.0  13.4 275.5 359.3   2.2 355.0 293.1   6.7  69.4  69.6
 wrfout_d04_2016-11-19_15:00:00 999.0 110.7 142.9 133.9 106.6 304.0 163.7 136.8 228.5 119.7  33.2 139.2 999.0   4.0  38.3 223.3 157.9  37.9 196.0   7.3 166.1  30.7  23.5 271.9   0.0   6.8 338.5 240.0   6.7  73.6  70.5
 wrfout_d04_2016-11-19_16:00:00 999.0  95.4 150.7 134.1 109.6 339.7 304.0 305.0  59.5  52.2  28.9 165.5 999.0 353.4  50.7 234.4 159.0  32.2 187.3  14.1 168.7  29.9  30.9 273.7   3.9   9.1 342.9 270.6   2.1  72.7  73.2
 wrfout_d04_2016-11-19_17:00:00 999.0  85.7 154.2 129.3 116.2 301.2 293.4 323.7 282.0 329.8  22.1 167.4 999.0 349.0  12.2 224.5 162.9  34.1 182.0  24.6 170.4  32.8  24.5 277.1  15.4  28.5 350.1 336.5 358.7  69.9  74.1
 wrfout_d04_2016-11-19_18:00:00 999.0  73.7 163.4 279.7 106.7 301.2 196.4 337.3 196.4 354.5  28.2 265.8 999.0   5.6 337.0 227.6 156.5  34.3 187.7   0.7 174.4  32.4  19.7 275.2  57.7 116.5 334.3 339.3   7.1  71.3  73.5
 wrfout_d04_2016-11-19_19:00:00 999.0  62.9  92.2  26.6  60.5 283.0 248.8 333.9 205.8  34.1  30.6 293.5 999.0  20.0 348.9 223.9 160.4  28.3 186.9 352.1 177.2  28.7  22.8 276.4  76.8 239.8 326.3 322.3   6.8  73.4  72.8
 wrfout_d04_2016-11-19_20:00:00 999.0  71.5 114.6 196.8  64.9 263.7 206.4   9.2 238.1 101.8  28.5 337.5 999.0  24.2 353.8 231.1 167.6  24.5 187.1 341.0 179.2  23.3  28.9 279.7  34.2  14.0 344.5 324.1  17.0  72.6  73.8
 wrfout_d04_2016-11-19_21:00:00 999.0  52.9  87.8 134.8  58.9 235.0 190.3 163.9 204.1 135.1  27.0 345.5 999.0  14.3 353.0 230.4 164.0  23.1 193.7 353.6 179.0  19.5  43.5 279.8 345.1 332.6 350.6 332.0   1.6  68.9  72.9
 wrfout_d04_2016-11-19_22:00:00 999.0  27.3  33.4  23.1  31.6 209.0 308.3 148.4 199.4 135.0  36.4 352.0 999.0  18.0 358.6 224.7 162.5  26.0 196.4   0.0 178.7  17.7  34.1 284.2  19.7   8.0 349.7 235.5 358.8  75.5  73.4
 wrfout_d04_2016-11-19_23:00:00 999.0  32.1  58.6 227.0  37.9 265.9 219.1  96.4 224.4 106.2  30.3 354.3 999.0  22.0   4.2 224.6 177.9  29.1 204.2   3.3 180.1  18.1  27.6 273.2   7.8   9.6 349.2 273.3 359.4  77.8  74.6
