 wrfout_d04_2016-09-27_00:00:00 999.0  42.3  37.7  25.2  34.5  32.4  37.8  26.6  32.8  25.3  30.3  11.0 999.0   5.9 359.8  19.2 329.9 351.4 357.4 347.7 349.9 342.6 348.1 354.7 337.8 343.1 214.5 329.2 319.4 259.2 308.0
 wrfout_d04_2016-09-27_01:00:00 999.0  47.9  40.7  30.0  38.0  38.6  39.4  29.4  40.0  27.7  31.8  17.8 999.0   5.0 358.7  16.4 321.0 351.9 359.2 343.9 339.6 343.6 340.7 352.1 333.2 336.7 181.7 321.9 297.1 253.9 301.4
 wrfout_d04_2016-09-27_02:00:00 999.0  56.2  48.8  33.0  46.9  43.5  46.8  28.5  44.5  26.2  27.9  15.2 999.0   2.8 356.9  15.1 333.9 350.6 353.8 341.1 342.2 341.4 336.1 351.2 330.8 332.6 171.6 316.7 302.7 243.4 291.8
 wrfout_d04_2016-09-27_03:00:00 999.0  55.8  50.3  40.1  47.6  40.9  47.0  34.1  43.5  29.6  27.5  15.9 999.0   4.1 355.7  11.7 338.1 344.8 346.9 345.5 337.9 333.9 334.4 272.8 329.0 330.5 180.1 313.3 304.9 253.4 287.6
 wrfout_d04_2016-09-27_04:00:00 999.0  58.3  48.0  37.9  45.4  42.3  41.8  33.0  38.5  27.4  29.5  28.1 999.0   3.6 357.7  14.0 339.1 341.4 346.9 346.5 335.5 328.9 331.5 234.3 327.5 328.6 189.5 306.3 291.0 240.3 279.4
 wrfout_d04_2016-09-27_05:00:00 999.0  61.6  48.0  36.0  44.9  44.9  42.4  32.1  38.2  25.2  49.7  61.3 999.0 359.1 353.2  17.6 325.4 341.4 333.7 341.0 326.8 329.5 331.7 218.9 323.3 324.3 180.1 301.3 284.2 237.6 275.3
 wrfout_d04_2016-09-27_06:00:00 999.0  65.5  56.7  45.3  56.0  60.1  54.8  27.2  48.6  25.3  68.6  79.9 999.0 355.7 349.6   8.4 328.3 337.6 315.8 326.9 317.7 324.2 321.8 206.0 315.9 320.1 295.6 298.6 268.3 237.7 274.3
 wrfout_d04_2016-09-27_07:00:00 999.0  72.7  78.0  65.4  76.5  80.9  70.3  41.4  60.2  31.1  87.1 100.4 999.0 357.7 350.9 103.4 313.8 331.2 302.4 317.2 311.2 320.0 315.0 187.2 307.3 309.1 227.7 290.1 253.5 234.4 267.3
 wrfout_d04_2016-09-27_08:00:00 999.0  84.8  86.5  79.5  81.0  87.6  76.2  44.4  67.7  43.3  93.8 107.0 999.0   0.2 350.3 138.1 309.2 322.9 280.0 307.3 284.2 308.5 302.4 209.0 294.3 295.0 164.4 281.8 253.0 228.2 261.1
 wrfout_d04_2016-09-27_09:00:00 999.0  86.3  96.3  91.0  92.4  95.8  83.7  53.0  76.3  49.9 108.1 115.6 999.0   7.6   6.1 114.7 211.8 317.0 257.4 298.2 273.1 299.0 285.0 204.4 278.7 280.0 174.1 267.1 245.3 223.7 257.4
 wrfout_d04_2016-09-27_10:00:00 999.0  90.0 101.2  98.3  97.5 102.9  91.6  64.3  87.7  56.8 115.7 124.6 999.0   2.6   4.8 118.7 184.4 306.7 230.5 275.3 245.1 291.5 268.1 200.0 262.8 263.8 196.5 255.0 236.4 219.9 238.9
 wrfout_d04_2016-09-27_11:00:00 999.0  96.0 104.9 100.7 101.0 107.9  98.3  72.1  93.6  72.7 123.4 136.2 999.0  37.8 166.0 160.2 191.3 297.8 234.0 265.4 238.9 279.1 264.6 190.8 260.7 258.3 196.4 248.1 232.4 217.0 238.1
 wrfout_d04_2016-09-27_12:00:00 999.0 104.2 111.9 107.9 108.9 114.2 110.1  78.3 105.0  70.3 129.2 146.0 999.0 186.7 179.9 179.3 212.3 284.9 225.3 246.6 228.8 271.5 258.6 194.2 251.3 249.7 197.7 237.7 227.1 212.6 226.6
 wrfout_d04_2016-09-27_13:00:00 999.0 110.9 124.1 119.1 120.2 124.4 125.3  88.1 122.8 163.3 129.6 149.2 999.0 183.3 180.1 179.1 197.4 274.8 227.7 229.6 230.0 259.7 238.6 196.1 234.3 231.8 196.2 231.0 227.3 211.3 223.5
 wrfout_d04_2016-09-27_14:00:00 999.0 118.7 128.9 124.6 125.1 129.4 125.4  70.9 124.2 353.2 134.9 151.6 999.0 171.2 173.4 179.9 196.3 264.5 214.7 219.8 215.6 246.3 226.3 195.9 220.6 217.1 192.3 222.6 223.6 212.3 219.5
 wrfout_d04_2016-09-27_15:00:00 999.0 120.6 130.6 124.8 125.2 136.2 127.6 146.7 126.0 308.7 139.8 150.2 999.0 180.5 182.8 178.0 190.1 252.4 215.2 200.1 207.6 233.9 216.2 197.8 218.8 215.1 191.0 221.4 224.3 208.9 212.3
 wrfout_d04_2016-09-27_16:00:00 999.0 126.6 132.6 127.9 127.3 140.4 132.2  19.8 124.3 203.1 141.7 152.4 999.0 187.2 180.4 181.0 192.9 241.1 215.2 195.0 210.1 221.5 211.4 197.5 214.9 210.8 191.2 218.2 208.3 201.8 214.2
 wrfout_d04_2016-09-27_17:00:00 999.0 128.8 134.8 129.1 128.1 137.0 135.9  48.8 132.6 263.4 134.6 149.2 999.0 185.5 182.4 179.4 210.7 232.5 216.2 190.5 206.5 217.3 209.9 194.6 206.8 205.1 191.2 212.3 209.3 201.9 213.1
 wrfout_d04_2016-09-27_18:00:00 999.0 131.5 137.3 131.5 132.6 140.4 137.6  29.9 132.3 186.6 139.9 147.6 999.0 178.8 176.4 174.5  97.9 223.0 211.8 179.3 195.6 209.7 208.4 196.7 203.4 199.5 193.5 210.5 207.8 199.5 206.2
 wrfout_d04_2016-09-27_19:00:00 999.0 132.8 134.0 126.8 128.2 140.7 136.8 335.1 136.4 237.7 142.7 149.1 999.0 180.4 180.9 174.1 193.2 214.6 213.7 183.5 191.3 213.8 203.7 198.1 197.9 196.1 187.6 206.9 197.6 199.1 203.8
 wrfout_d04_2016-09-27_20:00:00 999.0 129.3 136.0 129.1 128.6 139.0 135.4 358.2 128.2 207.0 141.3 148.5 999.0 177.8 182.0 176.4 224.8 209.3 208.9 182.2 179.6 208.8 199.3 190.9 190.0 187.7 188.6 191.4 208.8 197.6 197.8
 wrfout_d04_2016-09-27_21:00:00 999.0 129.3 139.7 130.0 129.4 143.7 133.5   1.6 125.2 196.5 140.1 151.9 999.0 186.9 175.2 171.9 203.1 205.6 204.7 176.6 181.8 199.0 192.8 194.1 187.4 187.0 190.6 181.5 212.1 196.5 196.9
 wrfout_d04_2016-09-27_22:00:00 999.0 129.3 143.1 131.4 135.1 145.2 132.3  19.0 127.4 190.0 132.8 153.5 999.0 171.4 183.0 180.1 202.6 204.8 194.7 180.0 171.6 190.9 183.1 195.5 177.5 178.7 194.2 179.8 205.2 195.3 196.2
 wrfout_d04_2016-09-27_23:00:00 999.0 132.4 138.5 127.3 130.5 136.6 133.9 354.6 122.5 187.3 134.6 153.6 999.0 176.5 184.6 183.5 200.6 198.4 190.3 171.8 174.6 189.5 168.2 199.3 170.9 172.5 194.9 176.8 192.4 195.0 194.4
