 wrfout_d04_2016-01-15_00:00:00 999.0 345.4  30.3 350.8  29.2 337.8 220.8  35.9 171.8  76.6 185.5 290.3 999.0  23.9 359.8 353.6   2.2  21.9 223.2   2.5 249.6  18.1  19.1  13.1   0.4   2.4 348.8 347.0 340.9  53.5 356.2
 wrfout_d04_2016-01-15_01:00:00 999.0 344.6  21.5 352.6  23.5 328.9 211.8  59.4 195.4  82.3 198.1 296.6 999.0  20.7  13.5 357.9 175.3  27.0 200.3  12.1 252.5  22.7  25.6  18.1   4.6   8.0 344.8   8.9 341.1  37.0 344.6
 wrfout_d04_2016-01-15_02:00:00 999.0 345.9  20.0  36.7 205.9 315.4 143.0  23.6 108.9  24.5  83.9 292.5 999.0 351.5  24.2  13.3 318.7  28.5 202.1  14.6 267.9  24.3  25.2  30.2   6.4  12.5 352.1  14.4 356.6  24.7 338.7
 wrfout_d04_2016-01-15_03:00:00 999.0 344.1 320.9 351.6 213.5 337.7  58.1   9.8 352.9  12.7   0.6 292.8 999.0  27.7 354.8  16.5 339.2  33.4 219.0  20.1 269.6  24.7  27.5  46.2   3.7   9.1 329.4   0.1 343.2  12.1 334.3
 wrfout_d04_2016-01-15_04:00:00 999.0 344.1 357.0 349.4 288.6 343.4 319.0   7.5 333.5 358.2  81.4 324.6 999.0  17.7 357.5  18.7   5.2  45.2 194.6  16.6 271.4  26.0  25.9  50.1   8.1  12.1  10.8   1.9 354.2  10.0 326.9
 wrfout_d04_2016-01-15_05:00:00 999.0 344.0 354.5 346.4   2.6 343.4 315.1  20.9 343.0  11.9 358.8 355.9 999.0  25.2 354.4  21.4   1.1  43.1 230.3   7.7 263.8  38.4  30.0  49.0  16.5  19.1  35.7  12.3  20.1  23.1 327.2
 wrfout_d04_2016-01-15_06:00:00 999.0 348.8 358.1 356.6 328.0 340.4 306.1  28.1 349.2   7.2 351.4   4.6 999.0   7.4 357.4  21.3 347.2  38.1 258.8   9.9 261.3  34.3  38.6  37.8  24.5  29.7   0.2  24.7  30.1  17.8 336.3
 wrfout_d04_2016-01-15_07:00:00 999.0   3.3  14.6 354.3 174.8 347.9 311.8  16.0 345.5   7.3  66.5 357.9 999.0   8.4 356.3  26.8  10.9  35.7  59.4  21.2 263.8  31.5  23.3  46.1   8.9   9.6 352.2   4.3  16.0  22.1   2.9
 wrfout_d04_2016-01-15_08:00:00 999.0   2.4   8.9 357.1  30.5 348.2 321.4  19.6 345.5   7.7 121.8   0.1 999.0  20.2 358.8  24.8 331.1  31.9  69.5  14.5 261.1  28.5  20.4  29.9 350.9   3.9 356.9 350.5  11.0  21.0 342.9
 wrfout_d04_2016-01-15_09:00:00 999.0 359.9 359.9   6.9  21.0 341.8 299.9  20.4 273.2  21.5 176.9  11.4 999.0  20.3  10.4  23.7  18.1  28.3  70.3  12.1 259.6  28.3  22.1  18.8 359.1   8.7 333.6 359.3   9.4  21.2 327.7
 wrfout_d04_2016-01-15_10:00:00 999.0   1.7   3.9   4.4  25.4 324.4 168.2  41.4 227.1  36.0 173.1 289.7 999.0  24.0   5.6  24.4  21.0  30.4  91.4  14.5 254.6  30.8  31.1   9.6 354.5   8.8 330.4 359.9   3.1  15.9 332.8
 wrfout_d04_2016-01-15_11:00:00 999.0  13.3  34.2   5.6  51.3 347.2 123.1  55.0 206.9  41.4 154.8 287.7 999.0  18.3 357.6  24.7   9.3  31.3 213.3   2.4 246.1  26.6  33.3  19.0 351.5   7.3 342.8   6.5  19.6   6.7 333.5
 wrfout_d04_2016-01-15_12:00:00 999.0  20.8  33.4   8.7  28.9   5.1  78.0  49.4  75.1  20.3 162.3 298.1 999.0   9.9 354.4  21.8 344.1  37.0 235.9 359.3 236.8  29.6  42.4  32.1  12.2  23.4 352.0  14.1  26.7  15.6 351.1
 wrfout_d04_2016-01-15_13:00:00 999.0  20.4  39.5  69.0  37.2  11.0 121.3  57.3  84.6  35.7 212.5   7.4 999.0  16.7 354.5  16.8  35.6  36.1 215.6 353.4 233.0  30.1  50.3  30.7  19.0  16.1 353.0  44.1  16.1  19.5 359.3
 wrfout_d04_2016-01-15_14:00:00 999.0  25.1  48.9  23.8  40.8  26.6 100.4  58.7  78.3  27.1 204.2  12.5 999.0 356.7 347.8  10.1 283.7  33.1 227.4 350.1 230.2  25.9  34.5  32.4   7.7   8.8 345.7   9.9  13.6   9.9 343.1
 wrfout_d04_2016-01-15_15:00:00 999.0  23.0  54.6  29.5  46.1  28.1 239.2  53.9  86.1  58.6 236.1 338.3 999.0  23.0   8.5   4.0 247.5  22.6 227.6   6.0 233.0  25.5  43.0  30.3   6.4  21.1 331.9 358.7   5.4  23.1  40.5
 wrfout_d04_2016-01-15_16:00:00 999.0  27.9  60.3 157.5  49.8  32.6 106.1  71.3 110.7  47.4 247.4 275.8 999.0  15.0 353.7   2.1 143.4  24.2 220.1   8.3 238.3  18.5  33.1  29.5  17.3  15.9 353.8  28.6  12.8  33.2  16.0
 wrfout_d04_2016-01-15_17:00:00 999.0  40.8  55.6 175.9  47.7  32.0  80.5  64.9 101.4  35.6 254.2 259.0 999.0  17.3 358.4   2.3 185.6  22.0 218.9 357.4 241.5  16.0  27.2  20.3  19.0  17.4 357.5  40.1  16.6  26.2  43.9
 wrfout_d04_2016-01-15_18:00:00 999.0  45.2  60.7 193.8  48.7  48.1  84.1  58.7 114.4  63.1 246.3 251.2 999.0  13.1  12.7   4.8 104.5  36.3 219.2   4.0 246.8  30.5  29.6  19.2 345.5 351.0   0.4 329.3   7.6  41.2  52.1
 wrfout_d04_2016-01-15_19:00:00 999.0  39.8  63.6 200.6  49.8  47.7  93.2  64.8  85.4  42.8 266.4 290.7 999.0  16.9   5.1   9.5 194.4  24.8 220.8   0.2 256.3  29.6  29.3  17.4 352.5  12.4 354.2 343.2  17.3  32.4  51.0
 wrfout_d04_2016-01-15_20:00:00 999.0  35.6  65.3 234.9  50.6  35.9  97.2  70.2  73.0  36.5 254.1 305.3 999.0   8.1 342.6   3.1 161.7  36.3 223.9 339.0 266.9  34.4  19.1  21.5  22.6  24.8   6.6   9.3  19.6  32.1  50.9
 wrfout_d04_2016-01-15_21:00:00 999.0  36.5  68.6 208.5  51.8  33.7  89.4  60.3  84.7  35.4 258.0 297.1 999.0  15.2   6.4 356.5 160.4  30.4 212.3   2.6 269.4  37.6  25.4  20.1 331.3 345.3 335.0 342.2   4.8  38.8  52.5
 wrfout_d04_2016-01-15_22:00:00 999.0  42.1  70.3 231.8  49.3  38.4  99.2  65.4  97.4  31.7 281.9 275.4 999.0  21.2  18.4 354.1 141.7  25.4 217.5  28.4 269.5  21.4  33.1  24.5  42.7  39.7 329.4  32.7 359.7  44.2  56.9
 wrfout_d04_2016-01-15_23:00:00 999.0  38.8  63.9  78.0  49.5  38.6 126.0  50.6 109.7  28.8 281.1 292.0 999.0  14.0   8.8 347.7 176.1  23.4 208.6 342.4 270.1  21.7  17.4  12.5 334.7 333.4   8.0  22.5  11.3  50.2  55.6
