 wrfout_d04_2016-10-13_00:00:00 999.0  35.1  58.1  40.2  47.7  38.9  67.7  49.4  82.1  41.4 225.7 291.8 999.0  22.1 354.7  16.5   5.2  24.6  54.0 319.5 135.8  14.0  20.4  37.0   5.8 358.8  37.0 296.0  25.9  27.8  35.1
 wrfout_d04_2016-10-13_01:00:00 999.0  37.6  56.3  42.9  49.2  36.8  68.1  48.3  72.4  46.4 216.9 350.6 999.0  16.5 338.4  33.9  33.9  24.5  21.7 298.3 118.2  10.4   3.8  34.2 347.3 343.5  42.3 265.8  32.2  30.3  38.2
 wrfout_d04_2016-10-13_02:00:00 999.0  36.6  57.7  46.9  52.2  36.7  60.1  42.8  79.5  47.9  95.1 359.4 999.0  12.2 332.0  27.7 306.9  25.3 355.2 310.8  83.3  13.3 350.9  36.0 335.7 311.9  49.4 263.8  40.3  35.7  40.3
 wrfout_d04_2016-10-13_03:00:00 999.0  38.2  57.1  43.2  52.3  39.5  68.6  43.2  75.7  43.1  70.8 316.6 999.0  11.5 339.8  28.0 284.8  24.6  17.0 318.5 354.7  17.0 344.7  35.7 317.2 285.2  50.0 264.1  42.9  30.4  43.2
 wrfout_d04_2016-10-13_04:00:00 999.0  38.3  55.8  43.2  50.7  44.0  67.5  43.8  83.3  42.7  60.0 323.4 999.0   7.5 342.4  29.2 266.4  25.7  10.8 314.5 347.4  18.1 346.8  36.4 315.6 279.6  50.0 264.9  45.0  31.7  43.0
 wrfout_d04_2016-10-13_05:00:00 999.0  39.6  56.8  45.9  50.7  43.5  64.5  44.0  77.7  43.3  54.6 349.5 999.0   7.6 355.4  32.8 273.2  25.0  16.9 316.0 355.5  16.2 348.7  36.8 323.0 286.9  48.8 265.8  45.0  29.5  47.2
 wrfout_d04_2016-10-13_06:00:00 999.0  39.0  56.6  44.9  50.8  43.3  62.8  44.0  73.6  42.9  55.1   4.1 999.0   9.3 352.3  32.8 267.4  23.8  42.6 320.0  14.3  16.9 346.6  36.3 316.1 297.5  47.9 264.7  42.4  29.6  44.8
 wrfout_d04_2016-10-13_07:00:00 999.0  38.2  56.9  42.6  50.8  40.7  64.0  45.4  74.4  42.6  58.1 359.1 999.0  11.0 353.0  29.9 283.8  20.6  55.0 325.2  28.1  16.5 349.0  34.3 315.7 311.9  45.5 259.6  40.1  31.1  44.5
 wrfout_d04_2016-10-13_08:00:00 999.0  37.6  56.9  38.0  50.7  39.4  65.1  46.2  72.4  41.4  56.4 349.8 999.0  11.0 359.3  28.0 281.5  20.5  49.6 335.5  39.1  17.2 353.8  34.6 319.0 323.5  44.5 258.5  39.9  28.1  43.7
 wrfout_d04_2016-10-13_09:00:00 999.0  38.4  57.6  37.6  51.7  40.4  69.6  46.6  66.0  41.9  51.7 326.1 999.0  13.0   1.1  23.3 230.5  21.1  44.1 343.0 353.3  19.8   1.9  29.6 333.9 344.0  43.8 269.8  41.1  30.5  42.3
 wrfout_d04_2016-10-13_10:00:00 999.0  36.4  59.0  38.1  52.3  39.2  66.9  47.4  77.2  43.0  82.5 278.9 999.0  16.0   2.0  21.0 201.7  24.4   0.6 347.0 151.1  22.6   3.3  32.3 346.4 351.7  36.9 288.0  35.2  28.3  41.0
 wrfout_d04_2016-10-13_11:00:00 999.0  36.0  59.1  33.3  53.2  37.2  62.4  47.8  78.1  43.7 215.2 263.1 999.0  11.9 359.6  20.3 190.4  24.6 222.4 357.4 151.3  21.3  11.9  26.9 340.6 345.9  18.5 275.3  24.8  21.9  45.1
 wrfout_d04_2016-10-13_12:00:00 999.0  34.4  58.1  32.7  51.3  34.6  68.1  46.4  81.3  43.8 229.5 267.6 999.0  12.5 356.4  19.5 207.0  26.0 230.5 353.3 144.9  22.5  10.1  31.6 353.4 357.8  26.6 282.0  18.9  23.5  41.6
 wrfout_d04_2016-10-13_13:00:00 999.0  36.7  57.4  41.7  52.3  44.3  60.1  48.7  94.6  43.2 231.0 273.1 999.0  15.2 358.1  15.9 188.6  27.4 262.1 352.5 139.5  24.3  13.9  31.3 353.3 359.5  30.4 284.8  18.2  20.2  33.1
 wrfout_d04_2016-10-13_14:00:00 999.0  34.5  57.8  31.3  51.1  39.0  62.8  48.4  90.6  43.6 236.0 275.3 999.0  18.2 357.5  34.0 169.5  26.6  83.3 351.1 137.7  23.0  14.6  30.7 354.4   6.2  36.6 330.2  20.0  29.6  34.2
 wrfout_d04_2016-10-13_15:00:00 999.0  29.5  56.3  36.9  49.8  39.2  66.7  49.4  88.6  44.6 228.8 282.6 999.0  20.7 355.4  15.5 172.1  26.2  92.4 351.6 141.0  21.2  15.5  26.4 356.3   3.9 358.9 358.4   8.6  31.4  28.5
 wrfout_d04_2016-10-13_16:00:00 999.0  30.6  57.3  38.0  49.7  35.5  97.9  50.0  89.6  41.8 216.1 269.1 999.0  20.4 357.5  17.2 146.3  26.0  97.6   0.5 134.7  20.9  14.8  25.8 347.1 354.8  28.0  10.5  11.5  24.4  35.1
 wrfout_d04_2016-10-13_17:00:00 999.0  33.1  51.8  32.9  43.3  37.9  97.9  49.7  72.1  41.8 233.4 284.3 999.0  20.3 355.0  37.2 185.5  24.5  90.4   1.9 130.7  20.4  14.9  22.3 349.2 352.5  22.9 357.5   8.9  22.4  33.7
 wrfout_d04_2016-10-13_18:00:00 999.0  31.5  58.5  35.1  52.1  42.6  46.0  45.1  66.0  41.5 237.4 263.4 999.0  19.0 355.8  18.1 171.0  24.0 133.2 357.4 127.6  19.2  13.2  31.2 351.1 355.1  25.9 353.2   9.4  25.3  38.4
 wrfout_d04_2016-10-13_19:00:00 999.0  33.6  58.3  25.1  50.2  37.0  64.3  49.1  73.7  44.7 242.7 272.3 999.0  18.5   1.7  25.6 132.9  24.0 108.7   1.0 130.2  18.0  13.3  30.4   1.3   6.9  22.3   8.4  15.0  26.6  34.2
 wrfout_d04_2016-10-13_20:00:00 999.0  35.3  57.6  24.8  52.0  30.4  65.7  50.3  77.9  41.3 241.5 262.5 999.0  20.2 353.2  24.4  97.0  23.4 140.4 342.2 129.0  17.7  16.3  31.3   0.4   5.7  30.6 356.4  16.5  26.9  34.5
 wrfout_d04_2016-10-13_21:00:00 999.0  37.2  54.7  33.1  47.1  39.3  75.5  49.8  88.5  39.5 231.7 273.2 999.0  18.1 352.6  24.8  77.5  23.7 112.6 355.7 128.8  17.3  16.0  32.2 356.8   3.6  31.9 359.0  15.5  26.6  31.1
 wrfout_d04_2016-10-13_22:00:00 999.0  36.0  54.8  35.6  48.0  38.0  79.3  50.0  82.0  38.6 243.4 273.6 999.0  15.8 352.7  28.3  71.2  23.7 145.4 352.8 131.8  16.6  21.1  25.0 351.5   6.7  21.4   0.1  16.9  30.2  26.1
 wrfout_d04_2016-10-13_23:00:00 999.0  35.6  52.7  35.3  47.1  36.6  83.0  48.8  71.9  42.2 258.8 286.2 999.0  15.2   0.6  27.8 358.5  24.5  71.8 359.5 137.3  16.5  15.6  32.9   5.9  10.2  24.0 351.4  17.2  31.1  25.6
