 wrfout_d04_2016-07-23_00:00:00 999.0 249.1 235.7 262.3 243.8 223.7 248.7 231.4 241.7 239.9  62.3  26.3 999.0 199.8 194.2 178.9 321.2 217.6  58.1 214.7  45.8 224.3 193.1 195.8 192.3 213.3 191.5 250.5 138.1 215.2 290.0
 wrfout_d04_2016-07-23_01:00:00 999.0 242.7 240.7 290.9 241.4 245.5 254.3 241.5 252.8 253.3  87.2  85.8 999.0 214.8 203.8 155.5 289.2 228.8  35.8 221.2   8.5 236.1 217.6 174.1 240.4 248.5 184.2 293.3 109.5 219.4 273.3
 wrfout_d04_2016-07-23_02:00:00 999.0 241.4 244.8 300.0 245.3 359.5 266.5 247.7 268.3 255.4  96.3 109.2 999.0 240.8 223.0 152.4 259.9 227.6  33.0 230.7 351.7 231.2 236.4 164.8 254.3 254.0 170.5 273.4 100.6 221.2 273.6
 wrfout_d04_2016-07-23_03:00:00 999.0 239.7 253.0 301.7 253.8  32.6 303.0 250.5 275.7 256.5 103.2 121.5 999.0 245.4 233.2 149.6 251.1 227.0  40.6 233.6 352.5 229.1 253.9 159.8 258.6 257.2 158.7 263.1  86.5 226.3 280.1
 wrfout_d04_2016-07-23_04:00:00 999.0 230.7 261.0 302.0 260.4  36.3 332.9 252.0 286.4 256.2 101.0 121.4 999.0 248.4 242.9 145.3 257.4 227.0  36.6 239.3 351.8 231.1 256.7 159.3 259.8 260.4 152.4 274.4  73.2 227.0 289.4
 wrfout_d04_2016-07-23_05:00:00 999.0 215.3 264.7 303.6 262.4  41.8 341.9 251.1 282.1 257.3 101.0 126.9 999.0 249.2 264.9 137.8 253.3 226.7  27.5 258.3   2.3 231.4 257.6 156.5 261.5 259.7 149.3 276.8  67.8 218.3 289.2
 wrfout_d04_2016-07-23_06:00:00 999.0 194.2 281.2 307.4 267.3  40.9 341.7 252.3 292.9 259.1  96.2 134.8 999.0 246.2 271.0 138.1 268.8 225.4  35.1 262.0  25.3 229.6 257.2 157.2 258.3 256.2 146.1 274.9  63.9 210.9 286.5
 wrfout_d04_2016-07-23_07:00:00 999.0 176.3 315.6 307.7 273.3  36.7 328.0 246.9 332.0 258.6  91.9 139.2 999.0 250.1 272.6 136.8 276.7 224.8  27.7 261.8   8.2 231.4 255.9 156.3 253.9 257.7 141.2 275.7  57.7 206.9 288.8
 wrfout_d04_2016-07-23_08:00:00 999.0 164.2 327.3 318.3 289.2  18.2 323.9 242.5 353.6 255.4  87.6 153.2 999.0 249.0 270.0 143.9 266.4 220.5   8.1 263.9  12.0 233.2 259.7 145.7 262.8 264.6 129.7 279.1  51.1 205.2 298.4
 wrfout_d04_2016-07-23_09:00:00 999.0 157.0 346.9 321.2 295.5  19.4 319.4 248.0   9.4 249.9  82.5 155.2 999.0 240.8 261.7 156.6 240.0 202.3  62.0 264.1  32.1 214.4 260.3 155.8 269.6 270.0 123.9 280.0  41.2 198.8 304.3
 wrfout_d04_2016-07-23_10:00:00 999.0 153.4  58.4 327.1  51.2 105.5 329.1 242.0   8.2 253.3  78.8 153.5 999.0 237.7 272.9 166.8 329.8 202.4  86.7 249.4  77.4 219.0 229.4 176.9 269.3 274.2 104.0 268.1  31.6 193.6 300.6
 wrfout_d04_2016-07-23_11:00:00 999.0 156.1 117.8 317.5  70.8 141.6 329.9 238.7 357.3 246.6  50.1 158.5 999.0 233.0 262.3 174.1 220.5 210.2  87.0 245.2 153.0 213.8 238.5 245.3 251.8 255.2  87.3 260.3  17.7 182.8 313.4
 wrfout_d04_2016-07-23_12:00:00 999.0 157.9 138.0 327.2 105.2 170.1 350.7 224.8 350.7 243.3  16.6 164.1 999.0 227.2 246.3 207.1 227.4 204.7 100.7 235.0 122.4 218.8 206.1 286.8 251.6 247.5  54.2 253.3   2.1 169.1 321.4
 wrfout_d04_2016-07-23_13:00:00 999.0 155.7 151.2 333.5 116.6 167.6 335.0  77.6  20.8 242.5   3.7 152.5 999.0 206.3 228.4 226.8 349.2 209.2 216.4 216.3 101.6 210.0 195.5 293.5 230.5 209.3  24.5 240.6   8.7 156.7 344.9
 wrfout_d04_2016-07-23_14:00:00 999.0 159.8 136.7 340.6 101.6 156.1  31.0  86.7  39.2 236.8  13.9 153.6 999.0 200.3 216.4 238.0 235.1 202.1 126.0 213.9  94.4 203.0 184.1 294.9 208.4 218.3 351.4 230.0   6.0 143.3  30.4
 wrfout_d04_2016-07-23_15:00:00 999.0 154.3 144.5  26.4 110.9 230.9  46.2 180.0  24.2 251.8  11.2 153.6 999.0 198.2 206.3 243.7 206.3 199.5 135.7 214.9 103.3 203.7 177.4 294.6 221.5 210.6 333.3 216.5   3.4 127.0  49.8
 wrfout_d04_2016-07-23_16:00:00 999.0 152.9 141.2 339.0 105.6 313.1  60.0 180.9 260.4 253.4  24.8 147.1 999.0 188.3 210.0 242.5 164.5 202.4 166.1 217.8 102.6 203.3 172.1 288.0 170.8 183.8 340.8 207.2 358.2 112.8  62.2
 wrfout_d04_2016-07-23_17:00:00 999.0 154.4 141.5 304.0 108.0 321.5 211.8 160.5 224.3 168.6  17.9 125.6 999.0 177.6 208.2 244.2 171.5 207.3 117.5 222.2 102.7 209.6 152.5 291.6 121.5 133.4 333.0 213.8 356.9 100.4  85.5
 wrfout_d04_2016-07-23_18:00:00 999.0 155.5 146.0 319.7 110.4 273.3 264.4 159.0 230.1 122.4  21.8  88.4 999.0 173.1 190.2 242.7 189.1 211.8 110.1 216.8 108.9 212.6 122.7 285.8 105.5 113.4 324.1 222.2 356.5  99.9  96.7
 wrfout_d04_2016-07-23_19:00:00 999.0 157.0 158.6 321.5  77.2 238.6 267.3 142.8 230.3 128.9  24.5 169.4 999.0 174.5 178.8 252.6 192.4 215.7 125.6 208.1 114.1 218.5  99.9 290.3  89.2  90.4 325.3 221.5 351.9  93.5  96.7
 wrfout_d04_2016-07-23_20:00:00 999.0 158.2 277.4 327.9   0.0 214.3 261.5 145.4 212.8 123.6  21.6 338.3 999.0 170.4 166.7 247.2 182.6 215.9 140.2 191.7 120.0 222.3 106.4 284.2  80.3  99.5 320.1 245.2 348.7  90.0  84.0
 wrfout_d04_2016-07-23_21:00:00 999.0 162.8 282.9   9.0 340.3 242.6 259.7 149.1 201.9 120.2  23.0 331.1 999.0 168.6 152.4 249.1 162.5 216.3 152.0 161.7 119.2 227.6 101.8 277.6  83.6  81.6 313.0 279.5 346.8  76.4  89.2
 wrfout_d04_2016-07-23_22:00:00 999.0 163.9 277.7  68.8 309.6 237.7 244.6 172.7 192.7 118.2  28.7 342.0 999.0 171.6 128.2 244.1 204.7 218.1 134.1 135.9 111.1 232.0  95.0 283.0  68.8  59.3 314.3   1.0 343.4  83.9  65.2
 wrfout_d04_2016-07-23_23:00:00 999.0 171.2 259.6 260.1 256.3 242.3 241.2 222.4 239.8 204.5  56.6  72.0 999.0 190.1 167.8 238.5 313.7 222.2  58.5 194.2  95.6 233.2  96.2 218.7  39.8  41.8 304.6  38.7  42.2  86.1  92.0
