 wrfout_d04_2016-09-04_00:00:00 999.0 173.5  99.9 152.8  93.4  76.0  72.4  30.6  49.0  20.3  51.5 111.2 999.0  13.9 346.7  14.7  29.4 127.3  18.1 176.4  66.0 250.4 126.8  43.0 102.1  86.0 354.4 284.5 276.4 295.6  51.9
 wrfout_d04_2016-09-04_01:00:00 999.0 108.5  96.5 154.5 100.9  62.4  83.6  30.8  60.4  33.7 108.3 100.6 999.0   5.3 332.6  51.0  21.2  76.6  50.8 253.1  75.3 220.7 170.4  60.6 246.5 259.8  21.1 256.2 125.3 296.6  46.1
 wrfout_d04_2016-09-04_02:00:00 999.0  97.6  94.7 144.8  95.0  96.5  85.1  27.8  71.0  34.3  93.3  87.7 999.0 356.3 345.4  59.0   2.7 121.5  35.5 261.5  60.5 216.1 208.7  42.1 243.3  38.9 107.2 251.6  58.3 282.6 219.8
 wrfout_d04_2016-09-04_03:00:00 999.0 122.1  88.6 123.1  86.5  84.1  87.7  25.6  81.0  48.9  87.7  97.1 999.0 354.2 338.3  41.1 335.4 178.3   6.9 267.2  66.3 223.6 276.1  46.1 227.9 236.0  48.1 222.9  18.8 249.5 271.5
 wrfout_d04_2016-09-04_04:00:00 999.0 115.0  93.7 119.9  95.6  92.8  99.3  18.2  90.5  21.7  95.1 113.5 999.0 351.0 326.9  50.0 332.1 131.4  52.0 284.6  63.7 219.9 268.4  57.4 257.5 241.1  65.3 226.4  43.8  65.2 248.4
 wrfout_d04_2016-09-04_05:00:00 999.0 101.4  86.8 109.8  85.9  79.6 107.8  24.3  96.5   4.9  89.0 111.7 999.0 334.3 321.6  59.1 291.4 126.2  44.4 298.1  53.6 252.0 246.0  56.9 249.6 244.5  58.7 220.0  58.7  27.8 163.6
 wrfout_d04_2016-09-04_06:00:00 999.0  87.7  88.6 107.3  85.2  79.6 108.6  27.2 100.6   5.0  94.6 122.1 999.0 344.5 323.9  42.5 286.8  37.3  44.4  76.9  36.6 199.4 251.1  38.2 235.3 237.0  55.9 237.7  52.6  21.7 259.1
 wrfout_d04_2016-09-04_07:00:00 999.0  89.9  95.5 111.4  94.0  84.4 104.8  28.7  96.3  34.4  79.9 105.6 999.0 356.4 348.0  53.4 318.2  34.5  42.2 244.3  14.6 277.6 263.1  38.8 231.0 228.9  58.5 242.6  66.6  28.9 280.5
 wrfout_d04_2016-09-04_08:00:00 999.0  81.1  89.6 109.0  83.2  77.8  93.1  32.4  90.3  40.6  90.2 120.5 999.0 357.2 341.1  44.0  96.8  22.1  84.2 225.9  58.2 299.8 289.5  42.1 249.9 246.0  62.4 239.9  55.3  22.5 266.7
 wrfout_d04_2016-09-04_09:00:00 999.0  79.0  91.1 117.4  82.9  81.6  96.7  48.1  93.3  46.0  84.8 123.5 999.0   3.6 338.2  31.2 145.8  28.8  66.4 304.6 124.8   6.6 303.0  27.1 281.9 269.8  42.3 243.6  60.3   6.1 238.9
 wrfout_d04_2016-09-04_10:00:00 999.0  66.0  90.2 116.8  79.8  85.1  87.2  59.5  83.4  71.2  62.9 175.3 999.0   5.4   2.5  20.8 168.5  39.7  97.6 134.0 112.1  71.8  48.1  24.4   3.5 341.8  16.4 263.6  25.6  21.1 272.3
 wrfout_d04_2016-09-04_11:00:00 999.0  67.4  88.4 135.7  77.9  84.7  82.5  55.4  72.2  76.8   6.8 205.6 999.0  10.9 304.6  21.0 211.6  46.4 236.1 137.4 133.3  55.6  88.7  25.8  55.8  60.1  57.8 256.8  13.8  20.2  76.5
 wrfout_d04_2016-09-04_12:00:00 999.0  64.4  86.1 124.9  77.3  75.5  75.9  59.2  67.9  79.7 356.5 242.4 999.0 327.0 199.3 359.6 216.8  51.5 201.9 127.8 146.5  68.1  94.7  32.4  67.1  53.5 353.1 219.0  10.2 348.9  57.9
 wrfout_d04_2016-09-04_13:00:00 999.0  63.5  89.0 137.2  80.4  74.0  80.0  66.4  68.2  63.4 344.7 263.8 999.0 208.5 182.7  10.0 197.3  53.2  48.8 166.0 134.0  61.0 124.8  37.0  71.7  72.9 286.1 215.2 346.1 336.9 109.3
 wrfout_d04_2016-09-04_14:00:00 999.0  69.7  88.0 131.4  75.8  70.2  83.5  64.3  71.6  62.6 243.2 262.5 999.0 204.8 184.9   3.6  75.3  23.3 165.4 189.5 129.2  69.5 175.5  17.2 163.0 175.7 295.4 192.7 335.2 343.2 223.1
 wrfout_d04_2016-09-04_15:00:00 999.0  61.5  88.6 172.0  77.3  66.5  81.4  64.6  63.6  58.2 316.9 299.3 999.0 185.1 176.3 354.7 208.8  29.5 207.2 242.3 157.8 127.1 141.8  24.5 172.5 127.4 109.0 192.5 331.4 312.9 245.7
 wrfout_d04_2016-09-04_16:00:00 999.0  67.5  89.7 124.6  77.9  72.7  80.8  64.2  66.0  59.8 265.6 273.0 999.0 168.0 154.2 355.9 200.0  27.5 210.7 175.0 134.2 155.4 139.5  25.5 128.6 126.4 297.1 189.7 339.6 341.6 248.4
 wrfout_d04_2016-09-04_17:00:00 999.0  71.9  91.6 182.8  82.9  77.5  82.5  60.7  67.2  67.5 292.3 250.5 999.0 170.3 143.4 350.0 185.5  43.6 227.6 195.3 141.3 176.5 104.8  23.4 127.2 171.9 347.6 192.1 339.4 354.8 248.7
 wrfout_d04_2016-09-04_18:00:00 999.0  63.4  92.3 153.3  82.1  76.1  75.1  52.5  59.9 113.1 333.9 288.4 999.0 174.2 164.0  14.8 163.5   4.1  85.9 183.7 129.5 201.8 156.7  27.4 135.2 133.9 348.0 200.5 334.8 352.7 207.9
 wrfout_d04_2016-09-04_19:00:00 999.0  67.1  97.6 152.8  86.1  72.7  76.4  78.5  67.0  62.7 330.4 290.8 999.0 170.3 162.1  10.2 166.3  31.0 243.7 176.6 147.4 201.7 168.5  39.1 142.6 115.2  18.8 202.7 331.4 345.8 267.9
 wrfout_d04_2016-09-04_20:00:00 999.0  68.4  91.1 178.2  83.2  79.4  78.2  80.4  65.3 126.3 335.0 300.9 999.0 158.5 166.7   4.7 190.8 300.3  73.1 182.7 118.0 187.2 155.6  40.8 116.9  94.2  55.7 200.7 335.3 314.0 253.8
 wrfout_d04_2016-09-04_21:00:00 999.0  64.4  88.0 174.9  77.6  65.7  80.3 119.5  73.6  90.9 325.5 286.4 999.0 167.3 149.4   7.8 119.3 279.9 162.3 192.9 146.9 213.8 123.1  46.0 124.6 109.6 260.3 203.9 328.5 305.3 239.6
 wrfout_d04_2016-09-04_22:00:00 999.0  64.2  91.0 199.7  76.6  57.5  81.0 111.7  89.8 100.5 243.0 283.5 999.0 166.8 319.7   7.3  57.2 273.6  69.1 186.5 136.7 189.0 116.7  27.5 140.2 133.2 347.7 212.1 327.4 325.7 255.5
 wrfout_d04_2016-09-04_23:00:00 999.0  57.1  84.8 247.9  76.5  58.1  77.2  98.2  71.7  53.2 175.5 299.4 999.0 176.0 189.0   7.9  77.4 136.4   6.3 161.2 149.4 187.1  82.5  31.4 123.5 106.5 355.2 228.6 336.0   1.1 243.6
