 wrfout_d04_2016-12-10_00:00:00 999.0  57.2  76.4  78.9  65.4  68.9  86.1  62.3  86.0  55.9 302.9 257.5 999.0  12.9 300.7 354.0 344.4  14.9 260.5 228.6 231.7  10.0  62.1  18.9  58.3  26.2  13.5 328.8  16.4  39.7  48.6
 wrfout_d04_2016-12-10_01:00:00 999.0  54.3  77.9  82.8  69.3  77.4  77.0  61.7  80.7  55.2 271.4 275.1 999.0 357.6 281.4  13.1 294.6  14.7 302.4 255.2 273.6   8.8  13.0  29.5 350.9 338.6  21.8 297.0  22.9  39.3  44.6
 wrfout_d04_2016-12-10_02:00:00 999.0  56.0  76.8  75.5  67.6  79.2  76.6  62.3  73.0  57.5 274.6 252.2 999.0 350.1 258.1  38.3 308.5  17.5 344.8 258.4 293.8   9.0 347.2  34.1 341.3 330.1  36.6 283.7  32.8  40.4  50.7
 wrfout_d04_2016-12-10_03:00:00 999.0  56.3  73.3  83.7  67.0  73.7  71.9  58.5  73.7  54.6 319.6 278.4 999.0 350.7 275.8  39.0 322.2  19.0   0.0 290.1 299.1   9.2 342.3  34.6 336.5 317.7  49.3 284.3  40.9  36.5  51.6
 wrfout_d04_2016-12-10_04:00:00 999.0  52.7  73.4  76.9  64.1  76.1  79.3  64.3  69.2  53.6 325.4 322.3 999.0 352.3 296.5  24.9 302.7  20.1  24.7 306.7 305.8  11.9 347.0  37.2 332.0 318.2  47.0 283.4  45.4  36.4  51.6
 wrfout_d04_2016-12-10_05:00:00 999.0  52.1  73.1  77.9  64.0  71.5  77.7  60.0  71.4  51.6 316.8 302.4 999.0   1.2 325.1  22.1 297.7  20.6   8.4 321.7 309.3  13.2 350.7  35.5 327.0 320.8  47.3 276.1  43.7  41.8  51.8
 wrfout_d04_2016-12-10_06:00:00 999.0  55.0  73.2  73.9  63.8  80.3  77.7  59.1  70.5  49.3 333.3 302.8 999.0   3.5 331.8  24.9 289.9  20.1  26.1 328.1 316.0  13.6 350.0  30.5 331.1 328.4  44.2 271.3  42.0  42.5  53.5
 wrfout_d04_2016-12-10_07:00:00 999.0  53.5  76.7  74.9  67.1  82.6  78.8  55.1  68.2  48.5 348.6 276.4 999.0   7.7 336.1  20.0 280.8  18.0  26.5 322.3 317.0  12.7 349.0  27.6 327.6 325.9  36.0 272.1  39.3  44.0  54.1
 wrfout_d04_2016-12-10_08:00:00 999.0  54.4  73.9  68.6  63.3  75.2  85.3  54.7  68.3  48.2 306.6 260.8 999.0   8.4 345.1   4.2 248.5  17.8  38.3 323.3 316.6  11.6 349.9  24.6 331.0 331.1  36.5 273.0  38.3  45.0  55.2
 wrfout_d04_2016-12-10_09:00:00 999.0  57.0  72.1  71.0  61.5  72.2  86.5  51.6  68.0  47.6  40.2 269.2 999.0   7.3 348.7 352.3 214.2  17.6  58.9 326.6 194.9  13.5 351.6  20.0 333.5 339.5  24.9 274.7  29.6  45.8  57.6
 wrfout_d04_2016-12-10_10:00:00 999.0  53.2  71.1  65.8  59.9  61.5 101.9  51.7  78.2  49.1 230.7 283.7 999.0  11.5 351.7 359.6 184.5  16.6 154.3 335.7 186.9  14.5 354.9  16.0 338.9 344.8   7.2 275.2  19.9  46.4  60.9
 wrfout_d04_2016-12-10_11:00:00 999.0  53.4  67.6  80.6  59.6  65.5  94.0  49.9  82.5  48.5 328.6 253.1 999.0  10.9 353.1   7.3 176.6  17.6 185.9 342.6 179.8  13.9   1.8   7.5 355.0 359.4 356.6 274.8   7.8  47.1  56.0
 wrfout_d04_2016-12-10_12:00:00 999.0  58.2  73.6  90.2  60.6  68.7  90.4  55.6  75.0  52.2 113.8 261.0 999.0   9.4 342.9   2.5 164.6  18.1 225.0 345.1 179.3  14.6  17.8  15.5 359.0   4.6 355.5 276.4   5.6  48.6  54.8
 wrfout_d04_2016-12-10_13:00:00 999.0  58.9  70.3 102.8  59.8  69.7  86.1  56.9  79.7  51.2 118.5  72.9 999.0   8.6 342.2  12.1 152.6  19.2 235.4 336.8 165.8  17.1  17.6  22.3   2.4   8.8 355.3 304.9   6.3  47.5  57.8
 wrfout_d04_2016-12-10_14:00:00 999.0  54.9  72.7  86.6  62.9  65.8  79.6  58.7  76.2  52.1  74.6  76.8 999.0   7.9 333.2  24.8 168.2  20.8 236.3 336.6 154.3  17.1  26.7   5.8 349.2 359.5 354.2 341.5   8.0  49.6  56.4
 wrfout_d04_2016-12-10_15:00:00 999.0  52.8  73.4  65.6  62.9  69.2  84.6  56.3  72.8  52.4  63.7  76.0 999.0   7.1 341.4  18.6 168.7  21.2 235.4 336.2 154.9  15.7  28.9   8.1 359.4   6.0   5.7 343.4   5.4  47.8  58.5
 wrfout_d04_2016-12-10_16:00:00 999.0  55.5  72.8  70.1  63.0  68.6  74.4  58.7  76.7  53.4  49.9  82.9 999.0   8.2 218.9  11.5 174.5  21.0 102.1 344.0 153.1  13.2  19.8   0.1   7.5  12.2 356.8 346.0   8.0  51.1  57.2
 wrfout_d04_2016-12-10_17:00:00 999.0  51.3  69.7  72.3  59.0  63.2  87.6  60.0  81.5  55.2  74.6  82.2 999.0   7.9 202.2 354.0 170.7  22.3 138.2 344.2 157.5  13.4  18.7  36.9   6.5  12.7   3.3 358.2 359.1  53.2  55.9
 wrfout_d04_2016-12-10_18:00:00 999.0  52.8  69.0  78.0  60.0  62.8  86.9  57.3  79.3  54.7  63.5  67.3 999.0  11.4 281.3  12.1 172.7  24.5 116.2 345.5 152.6  15.2  33.4  25.2   5.4  14.3  27.4 342.6   0.4  55.0  55.8
 wrfout_d04_2016-12-10_19:00:00 999.0  50.0  68.3  68.7  58.0  60.0  83.6  55.5  78.4  52.2  54.4  87.3 999.0  10.9 323.1  28.4 162.1  26.0 163.5 356.0 151.0  14.9  27.7  24.3  11.4  16.3  38.3 327.4   9.8  55.6  59.4
 wrfout_d04_2016-12-10_20:00:00 999.0  46.9  68.1  60.0  58.6  60.2  84.7  55.8  79.6  52.8  68.4  86.4 999.0   6.6 294.1 330.3 138.1  27.2 193.0 328.3 147.6  16.8  24.4  16.1  10.4  16.2  29.1 328.5   7.3  51.9  55.0
 wrfout_d04_2016-12-10_21:00:00 999.0  51.4  66.1  54.6  57.8  56.5  77.4  55.0  74.1  52.3  56.4  80.8 999.0   7.0 288.6  15.2 133.6  26.8 204.6 305.2 144.0  21.0  24.3   9.7  12.4  17.3 351.2 330.9   5.1  48.9  53.0
 wrfout_d04_2016-12-10_22:00:00 999.0  49.5  66.5  49.9  58.6  53.3  89.5  57.2  86.4  47.3  60.2  73.9 999.0   9.0 309.7   8.6 141.0  29.4 221.2 287.3 144.8  20.6  25.4  12.1  37.9  27.7 358.9 332.9  20.8  47.2  51.4
 wrfout_d04_2016-12-10_23:00:00 999.0  49.3  66.7  52.3  56.2  60.3  83.7  57.3  76.3  50.4  48.4  66.8 999.0  13.8 279.5 354.4 153.0  29.4 223.3 264.4 144.0  20.6  16.5   6.5  49.9  19.1   6.6 329.2   6.0  49.1  47.6
