 wrfout_d04_2016-10-08_00:00:00 999.0 164.4 129.1 132.5  80.2 298.9 303.7 114.8  41.5 167.2  53.6   6.4 999.0  31.1 134.1 298.8  50.0  35.8 177.5  44.0 181.4  60.2  86.1 357.9  85.6  92.6  10.2 179.3  83.5 158.2 185.6
 wrfout_d04_2016-10-08_01:00:00 999.0 157.1 221.8 177.3 270.4 178.3 256.1 211.0 277.1 178.3  20.6  27.7 999.0 332.4 199.7 191.1  46.5  64.6 176.3  40.6 175.3  60.5 102.3  19.6   9.4 352.2  12.5 210.3 318.3 160.6 181.9
 wrfout_d04_2016-10-08_02:00:00 999.0 155.4 223.0 154.4 234.1 229.8 260.3 201.7 224.8 212.2  67.7 351.2 999.0 156.6  52.3 227.6  19.6 106.5 155.2  56.7 168.4  75.0  56.7   0.7  92.6 135.2  62.7 198.1 138.6 163.7 161.6
 wrfout_d04_2016-10-08_03:00:00 999.0 169.4 264.0  13.4 291.6 264.6 299.8 235.5 249.3 270.2  89.9 161.3 999.0  66.2  91.8 225.0  23.2  96.6 179.5 146.3 179.2  76.1  70.8  66.1 290.1 249.6 263.6 240.8 187.7 168.2 160.3
 wrfout_d04_2016-10-08_04:00:00 999.0 172.2 259.1 288.2 286.0 215.4 272.4 235.6 272.8 159.0   2.2 163.1 999.0 341.0 325.1 235.4  39.7  87.8 190.0 235.3 202.8  84.8  82.1 341.3 226.5 217.9  10.0 358.0 189.5 165.4 169.0
 wrfout_d04_2016-10-08_05:00:00 999.0 209.5 262.0 121.1 272.1 224.3  60.4 229.8 282.2  48.9  10.3 338.0 999.0 341.0 355.0 358.4 359.6  91.9 178.2 182.1 193.9 133.6 109.6  53.0 115.8  65.2 319.3  64.9 170.3 169.2 169.2
 wrfout_d04_2016-10-08_06:00:00 999.0 214.4 277.4  59.4 296.3 234.2 335.7 113.6 299.4 108.3  31.8 334.4 999.0  66.5 346.4 188.3 304.7 120.8 182.1 179.4 203.2 143.2 124.9  82.6 124.2 122.5  25.7  63.3 286.7 171.4 178.8
 wrfout_d04_2016-10-08_07:00:00 999.0 169.7 286.3 152.1 294.2 224.8 231.5 220.8 190.0 147.0  46.9 308.7 999.0  32.3  25.2 204.2  43.8 126.4 194.2 229.9 202.5 124.4 108.6 257.6 155.0 137.7  74.6  82.7 326.0 169.8 189.2
 wrfout_d04_2016-10-08_08:00:00 999.0 213.2 308.7 339.9 309.9 241.1 235.6 145.1 219.0 100.2 204.0 264.9 999.0  17.5  26.6 206.4  26.7 143.1 214.0 118.7 219.2 142.1 130.1 269.0 121.2 126.0 307.1  76.2 278.1 167.6 176.7
 wrfout_d04_2016-10-08_09:00:00 999.0 242.1 312.8 163.8 310.2 225.9 189.3  76.2 180.7  86.4 151.9 187.0 999.0  40.8 337.4 268.4 253.6 127.8 201.2 123.2 179.8 132.7 155.2 228.1 150.1 141.4 351.1 168.5 169.0 169.2 192.8
 wrfout_d04_2016-10-08_10:00:00 999.0 173.9 312.6 143.5 320.1 218.1 140.8  93.4 142.3  76.3 317.7 180.3 999.0  29.1  13.3  43.9 119.8 140.1 205.5 200.0 232.4 129.7 136.3 308.2 146.9 129.7  25.3 174.5 234.0 172.6 190.6
 wrfout_d04_2016-10-08_11:00:00 999.0 198.4  28.6 146.9  60.2 207.8  47.2 105.0  18.6  48.5 270.1 188.5 999.0  52.6 354.5  52.3  19.1 137.7 197.5 357.0 243.6 124.2 120.1 255.9 123.3 115.1 327.7 158.8 187.4 169.1 181.7
 wrfout_d04_2016-10-08_12:00:00 999.0 197.4  11.4 144.3  17.7 191.7  70.4  91.6  51.7  52.9   9.9 303.2 999.0 336.2 319.6 303.6 212.8 136.4 203.5   7.5 211.3 122.6 116.5 169.6 114.9 110.6  38.4 151.7 278.0 171.7 187.1
 wrfout_d04_2016-10-08_13:00:00 999.0 327.1  19.4 165.3  19.5 296.5 108.1  62.5  77.4  68.6 307.3 313.8 999.0 274.4 290.3  66.1 177.3 129.8 192.5 304.6 217.4 133.9 113.6  39.2 130.4 122.8  38.1 151.8 250.5 171.1 174.6
 wrfout_d04_2016-10-08_14:00:00 999.0  19.8  22.6   1.8  20.1 316.5 161.5  35.8 127.7  48.3 183.4 290.3 999.0  44.9  67.6 291.3  21.3 117.0 196.8  17.7 186.0 126.3 108.5  72.0 114.7 130.0  12.2 157.1 257.0 175.2 166.8
 wrfout_d04_2016-10-08_15:00:00 999.0  26.2  29.2   9.1  33.3 324.1 310.0  43.0 338.8  28.0 293.3 214.1 999.0  55.2   1.9 300.7 352.1 123.9 202.4  51.9 159.8 133.3 113.8 137.9 102.3 119.1 356.0 157.2 294.2 182.6 158.9
 wrfout_d04_2016-10-08_16:00:00 999.0  20.5  33.2  12.8  33.3  15.7 227.9  33.8  43.0  34.4 326.1 337.4 999.0  47.9  15.8  28.2  47.4 117.2 192.4   2.5 168.7 145.1  91.7 356.9 127.8 127.9  86.2 149.4 220.9 171.5 152.9
 wrfout_d04_2016-10-08_17:00:00 999.0  19.4  31.3  10.5  33.1  28.4 257.8  26.6  12.9  34.5 151.9 338.1 999.0  40.9  14.6 294.0 328.9 109.3 212.4  12.3 161.8 135.6  86.5  64.6 120.4 108.4  37.6 164.2 323.3 177.6 152.2
 wrfout_d04_2016-10-08_18:00:00 999.0  24.0  41.1   6.2  38.5  19.0 331.9  36.2  22.5  41.1  20.4 325.0 999.0  17.0   7.4 349.7   1.5  92.9 174.0  23.4 168.7 101.7  88.6  42.6 109.9  94.0 356.8 160.6 290.9 176.2 151.0
 wrfout_d04_2016-10-08_19:00:00 999.0  28.7  35.2  13.0  34.3   8.6 263.0  28.1 142.2  35.0 173.2 283.2 999.0  22.0  14.1  69.2  23.1  75.0 241.7  15.5 211.6 141.2  54.7  87.8 298.7 126.6  62.5 165.8 243.5 179.1 166.4
 wrfout_d04_2016-10-08_20:00:00 999.0  24.5  33.6   8.0  33.0  15.4 228.4  31.7 195.8  39.1 221.2 286.7 999.0  19.7 351.0 345.3  49.6  48.3 191.7 354.5 184.7 127.8  69.0  14.6  45.3  52.4 357.5 154.1 241.1 186.4 167.1
 wrfout_d04_2016-10-08_21:00:00 999.0  26.6  35.8  14.4  34.9  15.6 129.6  39.8 217.7  43.8 206.4 280.9 999.0  23.2   7.7  11.1  23.8  45.7 154.5  13.7 178.5  95.8  39.6  24.9  44.2  52.2  19.0 179.0 247.5 180.4 143.8
 wrfout_d04_2016-10-08_22:00:00 999.0  21.8  34.8  10.4  35.0  13.0 235.3  44.0 197.5  47.7 223.3 271.0 999.0  28.2 355.4  10.0 351.7  38.1 237.8  29.1 188.9  61.3  17.0  49.3  16.6  19.1   8.9 175.5 194.8 176.5 157.7
 wrfout_d04_2016-10-08_23:00:00 999.0  23.9  35.2  13.8  34.2  11.5 189.7  38.7 145.5  43.5 230.9 275.7 999.0  33.5 358.6   4.2 219.1  42.3 200.9  31.4 166.0  46.3  24.7 282.1  40.1  41.3  22.2 164.0  17.4 174.5 165.5
