 wrfout_d04_2016-05-21_00:00:00 999.0 133.3 162.7 144.3 137.4 153.4 142.7 222.4 253.9 235.7   1.7  36.9 999.0  13.7 185.5 238.8 214.1 137.0 205.8   2.3 194.3 198.5  16.6  44.6  35.3  19.7  16.5 162.2  30.8 116.1  85.7
 wrfout_d04_2016-05-21_01:00:00 999.0 114.4 196.9 148.8 194.3 228.2 239.1 228.4 231.8 231.1  41.7 140.6 999.0  36.2 289.3 188.9 353.9  57.2 204.1 337.8 197.0  52.8  43.3 121.0  35.3  45.7  32.6  16.4  49.9  67.4  70.1
 wrfout_d04_2016-05-21_02:00:00 999.0 113.5 200.4 175.0 196.1 219.0 233.6 242.1 250.6 246.6  73.1 157.5 999.0 349.4 256.3 177.5 326.5  85.1 204.1   1.3 195.2  70.4  29.6 204.0  29.9  38.2  56.6 229.9  59.0  64.8  75.5
 wrfout_d04_2016-05-21_03:00:00 999.0 121.2 215.3 132.8 225.7 244.9 242.3 216.3 210.2 280.6  87.0 159.7 999.0 346.3 269.3 178.5 320.2  89.6 207.1 335.7 194.7  84.2  30.5 180.3 103.4  94.3 108.1 230.0  66.7  71.5  80.7
 wrfout_d04_2016-05-21_04:00:00 999.0 128.6 235.1 272.1 218.9 207.1 199.0 250.9 221.3 289.0  89.0 160.0 999.0 354.0 187.6 174.5 297.6 106.3 207.7 303.7 198.9  90.9 321.7 162.0 128.8 144.8 117.5 214.3  74.9  72.7  86.4
 wrfout_d04_2016-05-21_05:00:00 999.0 128.9 195.3 274.7 199.8 254.3 346.4 285.6 186.8 292.4  88.8 158.3 999.0 358.6 125.4 166.2 313.6 103.3 204.4 211.5 197.6 114.9 318.6 155.9 137.1 140.8 125.2 182.1  84.0  73.1  89.7
 wrfout_d04_2016-05-21_06:00:00 999.0 108.4  23.9 314.3  57.7 350.1  42.5 328.7 188.9 339.9  89.7 158.0 999.0 348.2 159.5 167.3   2.9 117.1 206.8 203.4 195.7 134.1 276.6 156.9 155.6 181.1 129.1 172.9  90.7  63.1  97.0
 wrfout_d04_2016-05-21_07:00:00 999.0 114.4  42.6 333.5  52.9  17.6  25.8 353.7 153.7  52.6  89.9 153.2 999.0 358.2 178.3 163.7  11.8 136.2 206.9 201.7 192.6 157.9 224.8 156.6 190.8 193.0 126.9 169.0  98.0  68.0  99.4
 wrfout_d04_2016-05-21_08:00:00 999.0  99.0  66.8 334.7  63.6 100.4  18.2   6.4   9.1 357.2  96.5 155.1 999.0 350.8 252.7 171.2 343.5 145.1 212.4 207.9 195.9 155.0 186.0 260.8 217.8 204.6 127.2 169.3  92.9  87.7  99.9
 wrfout_d04_2016-05-21_09:00:00 999.0  84.6  78.7 331.6  75.6 111.9  28.9  25.1 356.8  11.9  93.2 161.7 999.0  12.6 154.4 185.8  10.1 145.5 215.1 197.4 195.8 164.7 182.0 247.5 192.5 179.9 130.7 177.7 102.8 120.3  92.5
 wrfout_d04_2016-05-21_10:00:00 999.0  71.9  99.0 323.7  72.4  56.5  49.1  39.9 354.1  46.6  42.3 170.8 999.0  26.5 120.3 216.2  52.0 197.7 213.4 195.8 196.9 192.5 175.1 276.9 190.2 183.2 202.6 170.0 201.1 133.0  87.3
 wrfout_d04_2016-05-21_11:00:00 999.0  64.7 110.3 195.9  87.5  96.3  72.0  48.1  35.2  51.8  13.3 157.4 999.0 277.0 163.8 244.6   3.6 227.6 206.2 183.4 193.3 206.2 178.0 252.7 184.6 178.2 257.9 160.4 293.7 145.1  83.6
 wrfout_d04_2016-05-21_12:00:00 999.0  48.0 118.0 135.1  83.6  23.1  46.1  51.9  23.2  50.8 338.8 298.9 999.0 303.0  74.5 250.6  24.0 222.6 196.9 185.8 198.4 211.4 183.5 251.4 199.3 185.6 275.5 163.6 292.9 163.4  87.1
 wrfout_d04_2016-05-21_13:00:00 999.0  53.3 116.6 279.5  79.9  70.9  81.6  46.7   1.2  23.2 348.1 345.5 999.0 254.2 135.2 225.0  27.3 225.7 199.5 183.0 206.5 230.6 201.5 245.3 191.8 188.0 257.1 170.3 271.9 190.6 100.4
 wrfout_d04_2016-05-21_14:00:00 999.0  71.8  81.6 144.8  55.5  54.4 102.3  31.9 127.5  39.2 267.8 306.2 999.0 328.5 117.2 337.1  61.9 232.2 202.0 188.8 208.5 220.3 218.0 255.7 171.2 177.1 216.8 168.0 274.7 188.3 106.2
 wrfout_d04_2016-05-21_15:00:00 999.0  76.8  90.9 221.6  68.1  40.5  82.3   6.0  46.3  47.8 276.7   5.0 999.0 150.9 179.0 295.1   5.2 216.1 203.0 311.9 212.3 223.8 207.0 252.7 167.7 177.3 235.5 164.9 267.6 199.1 102.1
 wrfout_d04_2016-05-21_16:00:00 999.0  72.0 110.5 225.5  77.2  52.0 112.8 180.5 243.3 208.5  29.2 326.2 999.0 233.4 164.4 228.8 294.9 169.3 211.5 300.3 219.0 173.9 211.7 257.1 160.1 160.1 264.1 146.7 248.6 180.9 112.7
 wrfout_d04_2016-05-21_17:00:00 999.0  82.0 127.9 148.8  92.6  52.1 122.3 204.2  87.8 234.0 129.9 264.8 999.0 133.0 127.3 165.1 355.1 167.7 205.8 333.3 225.7 186.0 210.0 244.5 162.2 138.4 231.5 133.9 257.7 193.1 229.9
 wrfout_d04_2016-05-21_18:00:00 999.0  80.6 193.0 168.8 192.2 205.7 124.6 181.4 184.6 168.4 289.5 284.5 999.0 116.0 282.8 330.0 322.5 202.1 207.4 107.0 227.8 177.9 194.6 241.8 160.9 138.9 213.3 104.5 244.7 181.5 253.2
 wrfout_d04_2016-05-21_19:00:00 999.0 119.9 233.6 145.4 233.7 255.2 228.9 210.2 143.5 126.6 292.4 347.5 999.0 146.0 129.6 313.7 145.8 193.1 208.6  88.6 221.9 189.6 165.9 228.8 149.5 138.8 207.3 100.4 230.4 209.2 268.7
 wrfout_d04_2016-05-21_20:00:00 999.0 126.9 228.9 112.2 234.5 217.7  60.4 210.4 239.2 140.0 162.7 312.7 999.0 142.7 167.5  19.3 161.1 204.4 215.1  26.6 240.2 187.3 127.9 235.6 178.7 155.8 208.9 142.6 251.0 222.2 190.2
 wrfout_d04_2016-05-21_21:00:00 999.0 169.0 239.5 102.0 259.6 223.8  52.3 243.5 102.2 286.4 349.7 321.9 999.0 121.5 136.9  47.2 344.9 206.6 214.0 129.0 249.9 163.9 151.9 232.1 147.1 132.9 199.0 196.0 252.1 230.2 235.7
 wrfout_d04_2016-05-21_22:00:00 999.0 130.6 240.7 175.0 261.2 241.6 253.4 229.2  93.4 270.3 300.0 305.3 999.0 175.8 174.9  19.1  24.6 182.5 215.6 153.4 245.4 174.3 123.2 236.7  83.2  89.9 194.8 195.3 250.9 218.4 218.8
 wrfout_d04_2016-05-21_23:00:00 999.0 146.6 251.0 283.0 254.7 233.8 270.7 244.2 179.7 269.2  59.0 291.1 999.0 182.2 160.8   7.8  39.7 172.3 217.2 191.2 237.0 187.2 136.6 227.8 136.4 115.1 197.0 134.7 239.0 200.8 244.2
