 wrfout_d04_2016-04-02_00:00:00 999.0 161.2 205.5 182.3 204.2 186.3 283.2 210.7 299.2 214.6  22.3  35.2 999.0 335.7 205.3 165.7 289.2  12.3 226.9 322.0 301.8  25.8  41.5 330.3  29.3  18.7  27.1  64.8  82.6  90.5  94.0
 wrfout_d04_2016-04-02_01:00:00 999.0 158.3 208.9 193.2 213.2  55.7 286.7 237.0 270.1 243.5  73.1 118.2 999.0 287.6 206.7 174.0 277.4  12.5 254.7 248.9 311.6  30.6  31.1 105.4  18.8  13.9  83.9 167.2  86.0  88.1  85.7
 wrfout_d04_2016-04-02_02:00:00 999.0 155.4 209.0 269.8 212.4  25.7 270.9 258.6 223.4 254.8  56.0 142.9 999.0 283.6 217.9 155.6 270.1 262.2 262.0 228.7 308.2  21.6 345.1 131.8   5.5 293.2 122.5 226.8  89.2  95.9  94.8
 wrfout_d04_2016-04-02_03:00:00 999.0 150.0 208.2 298.0 209.3  18.2 259.1 262.2 243.2 258.2  51.4 148.8 999.0 287.3 227.7 132.9 258.7 341.0 269.3 241.2 308.1  48.3 328.4 122.3 271.4 236.9  92.9 228.4  83.8  90.9  97.4
 wrfout_d04_2016-04-02_04:00:00 999.0 150.9 222.1 300.6 222.8   4.9 279.6 269.6 260.2 264.1  57.5 146.3 999.0 288.3 236.8 135.0 262.0 349.8 288.7 250.4 308.3  44.6 316.0 110.7 249.0 239.4  98.7 227.6  86.5  92.0  99.3
 wrfout_d04_2016-04-02_05:00:00 999.0 150.1 233.2 307.6 237.0 356.5 321.1 274.8 236.4 267.6  44.4 146.9 999.0 291.7 254.4 139.5 255.6 308.8 285.5 268.2 307.8  39.9 308.3 148.7 250.8 243.5 117.6 229.1  99.6  89.0  99.9
 wrfout_d04_2016-04-02_06:00:00 999.0 151.4 242.8 310.0 239.5 351.5 324.1 279.6 352.5 266.8  58.2 143.6 999.0 291.5 256.9 164.8 248.7 311.0 278.5 273.7 309.9 353.1 312.7 134.2 247.7 241.0 112.3 232.8  97.0  90.7 102.9
 wrfout_d04_2016-04-02_07:00:00 999.0 151.5 251.2 313.3 239.5 345.9 314.4 280.9 353.4 266.4  72.1 154.1 999.0 294.4 263.0 151.0 246.2 306.0 295.2 273.4 307.5 318.2 304.5 152.7 244.6 239.6 136.4 235.8 108.3  89.7 100.8
 wrfout_d04_2016-04-02_08:00:00 999.0 151.1 299.2 321.2 244.3 352.3 321.9 288.3 335.4 267.3  60.8 163.9 999.0 299.8 267.7 150.2 241.2 298.0 323.1 270.9 307.1 303.9 294.8 148.8 246.3 243.7 152.4 235.0 105.6  88.3  97.8
 wrfout_d04_2016-04-02_09:00:00 999.0 152.1 338.5 321.1 247.9 349.9 320.5 296.3 355.4 273.3  55.0 162.9 999.0 299.4 273.7 162.9 238.2 297.2   1.1 264.8 301.0 310.0 290.4 148.0 244.2 243.4 141.2 237.3 104.4  92.1  96.5
 wrfout_d04_2016-04-02_10:00:00 999.0 155.8 315.6 317.9 359.1 345.2 326.9 320.6 354.7 277.0  31.9 166.2 999.0 307.2 272.0 167.0 220.7 294.1  34.2 264.2 272.2 325.9 297.4 162.9 248.6 257.6 109.4 241.2 150.4  93.5  91.4
 wrfout_d04_2016-04-02_11:00:00 999.0 157.6 150.8 321.7  86.6  33.0 316.0  40.5  60.2 286.8   1.9 173.1 999.0 307.9 266.4 171.3 226.9 298.7 102.1 270.5 271.0 323.9 308.1 168.4 262.1 266.1 146.9 243.8 217.8  92.8  89.5
 wrfout_d04_2016-04-02_12:00:00 999.0 165.3 163.7 323.3 121.7  85.5 328.4 148.1  63.3 137.8  15.3 173.0 999.0 293.9 237.1 184.1 200.5 315.8 160.6 268.7 268.4 332.3 332.2 214.4 272.6 270.8 128.0 259.2 277.8  97.2  91.9
 wrfout_d04_2016-04-02_13:00:00 999.0 174.2 211.1 104.6   6.9  23.6 263.7 159.5  65.6 256.2  26.1 158.4 999.0 261.7 208.8 196.5 206.1 329.7 197.9 264.8 267.8 352.9  14.3 245.7 283.5 272.3 197.2 280.1 247.5 108.8  92.8
 wrfout_d04_2016-04-02_14:00:00 999.0 172.8 228.9 136.3 297.9  90.0  74.5 221.8  48.0 302.8  11.3 134.7 999.0 226.5 191.1 191.1 204.3   7.2 188.1 247.7 270.8  34.5  34.4 269.4 282.4 267.0 277.4 281.0 294.9 112.5  93.9
 wrfout_d04_2016-04-02_15:00:00 999.0 157.9 211.2 141.2 174.4 132.4 112.9 244.7  27.1  71.4  28.2 144.7 999.0 210.2 178.0 208.6 192.6 108.1 170.6 259.3 266.7  58.5  66.8 265.6 277.9 254.5 280.5 288.9 287.1 114.4  95.0
 wrfout_d04_2016-04-02_16:00:00 999.0 154.9 191.3 152.0 154.7 291.8 272.1 184.9 355.8  71.6  19.9 115.6 999.0 209.2 166.8 216.9 191.5 147.1 192.5 252.6 267.3 100.6 126.9 267.6 265.6 236.6 287.8 292.2 289.0 109.3  97.2
 wrfout_d04_2016-04-02_17:00:00 999.0 168.3 189.4 146.2 158.9 297.7 256.9 139.7 176.7  26.3  17.8  72.5 999.0 201.1 163.0 243.7 188.2 153.5 202.8 218.5 269.0 146.6 111.1 250.4  57.7 210.2 261.7 289.3 288.2 119.1  89.3
 wrfout_d04_2016-04-02_18:00:00 999.0 188.6 197.0 158.7 165.9 278.3 246.2 152.3 157.1  31.4  14.0 359.7 999.0 201.3 158.5 240.2 179.5 167.3 200.2 199.7 268.7 158.4 157.7 249.2 184.2 225.0 240.9 196.5 278.4 134.9  89.9
 wrfout_d04_2016-04-02_19:00:00 999.0 193.7 225.5 137.9 237.6 249.9 260.0 154.0 162.2  38.2  21.0   7.6 999.0 195.6 163.4 225.3 171.7 167.8 201.9 199.2 266.8 157.4 179.5 233.2 220.1 195.6 279.0 188.3 284.2 138.7  91.3
 wrfout_d04_2016-04-02_20:00:00 999.0 203.9 237.6 113.8 263.4 217.2 270.1 147.9 149.4  98.2  55.3 356.3 999.0 191.0 167.4 254.8 174.8 177.0 203.8 196.8 263.9 167.2 135.6 245.5 119.2 197.1 304.1 181.5 293.1 144.4  89.3
 wrfout_d04_2016-04-02_21:00:00 999.0 195.7 237.8 105.5 267.6 220.2 323.6 140.7 197.8  82.8  26.4   6.2 999.0 187.2 172.5 225.2 177.7 183.0 206.3 203.2 259.2 186.5 135.8 248.4  90.2 124.3 302.6 156.2 286.7 150.3  91.4
 wrfout_d04_2016-04-02_22:00:00 999.0 180.9 235.6 106.3 265.4 220.9 313.0 147.0 158.8  71.2 203.9   3.5 999.0 186.6 173.1 220.6 183.6 200.4 205.6 210.0 255.4 193.6 143.5 258.7 128.4 137.9 271.7 149.5 286.6 145.8  95.4
 wrfout_d04_2016-04-02_23:00:00 999.0 188.9 232.7 127.8 254.9 226.5 232.1 206.8  23.7 240.5  39.5  17.8 999.0 193.0 181.7 211.0 231.8 209.6 220.0 201.1 258.5 188.9 138.6 247.0 150.7 146.2 252.2 157.0 273.1 151.6 102.7
