 wrfout_d04_2016-09-13_00:00:00 999.0  63.5  65.4 331.6  57.7  41.2  75.9  39.5  58.6  25.8  81.0 342.0 999.0   6.3   5.6  31.1 359.3  23.0  67.3   8.1  95.8  10.9  19.6  41.4  18.7   3.6  43.0 334.6  42.7  20.5  13.5
 wrfout_d04_2016-09-13_01:00:00 999.0  60.7  73.6 338.6  61.6  48.6  77.1  31.2  61.3  27.6  84.8  20.7 999.0   5.4   5.2  34.6 354.5  21.5  60.7 357.3  79.7  21.0  25.2  39.4  27.0  23.5  46.2 315.4  40.3  21.8  22.4
 wrfout_d04_2016-09-13_02:00:00 999.0  57.9  77.0  12.9  65.9  49.6  73.7  32.6  63.4  28.1  87.1  40.9 999.0   6.2 358.9  38.4 326.3  26.5  57.8 359.6  68.4  24.3  17.8  38.1  19.0  19.0  48.0 293.5  43.4  23.8  29.9
 wrfout_d04_2016-09-13_03:00:00 999.0  57.1  78.1  77.3  67.1  54.7  69.8  35.4  57.8  29.1  84.9  55.1 999.0   4.0 354.3  38.4 315.7  22.6  55.3   0.8  79.0  24.8   5.1  38.8   8.2  10.7  50.3 280.4  46.5  24.4  36.0
 wrfout_d04_2016-09-13_04:00:00 999.0  56.2  79.6  93.2  69.2  58.1  67.8  37.2  63.7  28.6  85.6  64.3 999.0   6.1 357.0  40.0 325.6  19.1  52.7 349.8  86.7  18.4 355.6  32.5 355.3 356.6  45.1 282.6  38.7  19.9  37.3
 wrfout_d04_2016-09-13_05:00:00 999.0  57.2  80.8  94.1  70.6  60.4  70.2  35.6  74.2  43.8  88.2  75.1 999.0   9.2 348.9  33.6 302.6  18.7  51.4 344.3  90.4  11.3 352.5  35.3 347.9 344.0  47.0 292.0  35.2  23.6  33.7
 wrfout_d04_2016-09-13_06:00:00 999.0  58.6  81.7  93.2  73.4  62.1  78.6  40.0  87.2  54.5  86.5  79.6 999.0  10.5 347.2  39.1 287.5  14.8  55.3 343.1  96.5  10.4 353.5  29.2 346.2 343.1  46.1 304.1  35.2  22.7  33.0
 wrfout_d04_2016-09-13_07:00:00 999.0  61.3  85.4  96.8  78.4  67.3  82.1  43.3  89.7  53.6  82.5  78.6 999.0   7.4 351.5  28.6 285.5  14.3  55.8 343.1 104.2   8.9 350.9  22.4 329.2 333.4  31.6 310.6  30.4  17.9  28.8
 wrfout_d04_2016-09-13_08:00:00 999.0  63.1  87.7  99.5  80.1  69.0  81.8  53.6  90.4  57.1  71.9 108.8 999.0   6.0 345.6  26.2 261.2  14.2  53.1 341.3 112.9  10.0 352.1  21.0 325.1 332.8  23.7 317.8  31.9  13.4  26.7
 wrfout_d04_2016-09-13_09:00:00 999.0  64.4  87.6 103.9  79.4  74.3  79.6  61.9  80.5  59.9  79.0 147.4 999.0 357.9 329.8   9.3 296.8  12.4  46.9 339.8 111.2   7.2 354.6  16.2 329.8 335.0  10.8 314.1  14.0  11.6  19.1
 wrfout_d04_2016-09-13_10:00:00 999.0  67.1  89.1 112.0  81.1  73.1  80.4  59.5  75.9  63.6  62.0 198.1 999.0 356.3 256.4   0.5 105.8  12.4  38.0 338.6 110.3   6.6 358.8   7.2 334.1 343.4   5.5 314.2  13.2   9.6   7.9
 wrfout_d04_2016-09-13_11:00:00 999.0  68.6  88.5 114.5  83.7  68.7  80.8  63.3  77.8  65.8  18.8 178.0 999.0   9.9 181.4 356.7 113.3  13.8  38.7 339.2 114.0   9.6   1.0   5.8 339.1 347.2   8.0 319.5  16.2  12.5   9.7
 wrfout_d04_2016-09-13_12:00:00 999.0  66.0  87.9 119.0  83.9  72.9  68.4  65.8  57.4  68.0 333.3 191.1 999.0 197.3 153.2 351.8 113.4  14.4  32.4 343.7 114.2  10.0 354.4   4.7 342.7 346.0   6.5 321.4  15.3  13.2   2.0
 wrfout_d04_2016-09-13_13:00:00 999.0  67.9  89.4 111.4  85.6  81.4  80.9  58.9  69.1  70.6   3.8 194.9 999.0 301.2  59.9 355.2 330.1  14.0  31.7 353.0 113.4   6.6 351.3   3.7 348.8 350.0   7.6 339.1  14.2  12.3 355.5
 wrfout_d04_2016-09-13_14:00:00 999.0  73.2  92.6 113.6  87.2  86.7  89.1  67.8  80.4  64.8  28.8 186.5 999.0 314.0  28.3   2.6  51.1  15.2  30.1 354.0 111.2 359.5 359.7   6.0 353.0 358.4   7.9 347.1  19.9  12.8 354.9
 wrfout_d04_2016-09-13_15:00:00 999.0  76.0  91.4 119.1  86.5  82.9  89.2  56.6  81.0  67.7 342.4 204.7 999.0 354.0  20.4 358.8  77.8  13.1  28.1 349.4 112.0   2.5  12.0   7.0 349.5 347.3   9.2 336.0  17.0  24.3 354.5
 wrfout_d04_2016-09-13_16:00:00 999.0  71.7  92.6 118.8  87.8  86.7  89.3  62.7  82.3  65.8 350.9 205.3 999.0 349.3   8.7   0.9 342.5  14.2  16.7 353.2 115.9   7.4 350.6   8.8   0.1 347.2  10.4 357.3  19.8  22.9 356.2
 wrfout_d04_2016-09-13_17:00:00 999.0  74.1  92.1 112.5  86.9  85.6  86.1  62.2  78.5  64.8  41.7 198.7 999.0 354.9 346.5   1.3  15.2  19.0  14.1 325.5 115.3   6.6   0.5  10.4 344.6 355.9  11.4 337.6  16.1  25.2 357.7
 wrfout_d04_2016-09-13_18:00:00 999.0  76.0  93.1 112.3  88.0  76.7  84.7  61.9  73.7  60.9  77.0 201.7 999.0 330.5 306.0   3.4  14.2  20.7  29.9 337.6 114.3   4.8   9.6  10.1 347.6 351.4  12.0 338.9  19.4  35.7 359.6
 wrfout_d04_2016-09-13_19:00:00 999.0  80.6  94.1 109.1  88.5  76.0  82.1  63.3  73.3  61.7  60.5 174.0 999.0 356.0 335.7   3.4  13.1  10.3  35.1 302.5 115.1   2.6 353.0  11.6 331.6 344.1  14.9 347.8  19.8  44.1   0.2
 wrfout_d04_2016-09-13_20:00:00 999.0  86.0  97.2 104.2  92.2  86.1  79.8  64.6  73.1  63.5  83.4 154.3 999.0 310.8 318.1 358.3  15.5   9.2  28.9 304.8 117.7 359.4 348.2  14.2 337.4 344.5  22.1 352.2  21.9  52.1   8.6
 wrfout_d04_2016-09-13_21:00:00 999.0  92.4  99.3 103.6  93.5  86.3  82.4  67.1  76.4  63.8 104.7 154.9 999.0 346.4   1.4   6.9  12.2   8.8  24.4 306.2 112.6 359.3 339.4  13.9 338.3 344.5  20.5 356.9  36.9  61.0  19.3
 wrfout_d04_2016-09-13_22:00:00 999.0  93.5 101.3 104.7  95.7  87.1  84.4  69.1  76.8  63.8 105.2 154.3 999.0 358.1 335.4   9.5  22.1   8.2  19.0 197.7 120.8 357.9 343.2  16.7 335.8 338.7  42.3 340.6  30.1  78.3  17.0
 wrfout_d04_2016-09-13_23:00:00 999.0  94.4 101.9 103.8  96.2  91.1  87.5  68.0  81.4  75.2 100.2 131.8 999.0 335.3 324.6  14.8  34.0   6.1 352.2 254.6 113.7 355.5 348.2  34.4 336.2 341.4  36.6 326.9  46.6  96.4  25.9
