 wrfout_d04_2016-11-23_00:00:00 999.0  34.1  49.0  21.4  44.5  42.0  64.4  49.7  77.3  45.9  39.8  12.4 999.0  15.4  10.1  30.2  45.5  32.2 228.7 340.7 160.4  28.0  34.5  26.4 346.3 354.4  33.7 339.2  10.5  24.3  38.3
 wrfout_d04_2016-11-23_01:00:00 999.0  32.9  48.6   2.3  44.7  35.4  70.8  50.4  78.8  46.4  38.2 331.0 999.0  21.8   9.8  36.6  27.9  28.5 243.3   1.0 156.1  25.3  15.4  29.3   5.9 354.4  45.2 355.4  42.8  18.7  33.8
 wrfout_d04_2016-11-23_02:00:00 999.0  33.3  47.8  15.0  43.4  36.5  66.8  49.5  82.4  42.6  51.0 315.4 999.0  21.2  19.6  29.8  48.0  29.0 223.9 349.6 157.1  23.3  14.1  29.8   1.5  11.3  35.7 341.7  43.7  20.1  21.0
 wrfout_d04_2016-11-23_03:00:00 999.0  30.2  47.0  20.8  42.3  31.1  73.2  52.0  83.1  42.0 242.9 298.7 999.0  22.5   0.3  32.5  19.2  28.5 222.4   5.3 156.8  25.9  11.6  27.8 351.0 343.6  35.2 343.9  26.1  22.7  29.2
 wrfout_d04_2016-11-23_04:00:00 999.0  30.6  46.4  15.0  42.1  32.8  67.3  51.6  86.2  49.7 356.9 315.4 999.0  19.2   3.0  29.5 302.2  27.9 216.5 354.8 163.0  27.2  23.2  34.4 345.3 353.6  40.0 349.1  36.7   7.8  30.2
 wrfout_d04_2016-11-23_05:00:00 999.0  27.7  48.6   4.8  43.3  27.4  76.7  53.3  88.4  45.8 257.8 301.2 999.0  16.7  17.7  24.1  36.7  30.9 219.3 356.8 171.6  23.7  20.4  35.0 358.6   0.6  48.4 344.8  45.3  20.1  16.8
 wrfout_d04_2016-11-23_06:00:00 999.0  29.9  48.3   6.4  42.3  30.6  72.3  60.6  83.0  50.7 227.5 294.7 999.0  25.9  11.1  28.8 305.3  28.2 225.4  12.1 179.8  25.5  17.2  37.3 358.8   8.1  38.5   0.8  46.3  17.2  19.1
 wrfout_d04_2016-11-23_07:00:00 999.0  28.5  52.0  29.5  42.0  30.2  82.1  55.5  91.1  47.8 234.1 287.3 999.0  23.8  12.8  27.0 335.9  26.0 215.3   7.4 175.2  20.4  12.1  25.1 351.5   0.9  36.9 359.9  37.6  13.4  16.5
 wrfout_d04_2016-11-23_08:00:00 999.0  25.2  52.9  30.7  43.7  31.9  68.8  48.9  87.6  44.6 259.2 283.0 999.0  20.2 345.0  28.4  34.1  26.2 219.5 339.0 200.6  24.0  16.5  37.4 343.1 340.7  35.6 351.4  23.7  21.0  26.3
 wrfout_d04_2016-11-23_09:00:00 999.0  25.3  49.1  22.0  42.7  31.6  69.3  46.1  82.9  42.5 256.9 275.9 999.0  16.3 355.2  35.4 345.0  20.9 222.8 341.2 192.2  15.4  17.5  36.6  11.2  19.6  31.6   6.7  24.2  19.2  21.2
 wrfout_d04_2016-11-23_10:00:00 999.0  22.9  44.9  20.7  41.4  27.3  61.4  41.8  83.1  35.8 247.4 281.1 999.0  23.2   0.4  28.2 303.9  23.3 215.7 341.8 199.1  18.1  14.3  37.0 336.4 345.1  29.7 357.6  23.6  22.4  36.9
 wrfout_d04_2016-11-23_11:00:00 999.0  19.9  42.2  17.0  38.6  19.9  73.3  40.6  76.3  36.9 230.3 270.6 999.0  20.6  12.3  21.8 275.7  21.2 217.3  11.5 204.3  21.4  22.1  35.9  10.4   6.1  23.2 333.9  24.9  20.7  40.5
 wrfout_d04_2016-11-23_12:00:00 999.0  17.0  40.7  14.6  37.3  20.6  94.1  36.8  89.3  34.0 233.7 261.4 999.0  16.5   9.6  21.3 182.7  21.3 211.3  10.2 159.5  19.8  17.7  34.3 352.7 352.0  30.3   1.5  37.9  17.5  21.5
 wrfout_d04_2016-11-23_13:00:00 999.0  16.2  36.1  16.2  35.2  21.2  88.3  33.5  92.2  41.3 233.3 278.4 999.0  14.2   9.5  22.3 176.4  23.0 202.3 354.6 177.0  21.9  18.8  36.3   0.8   6.0  30.4 332.1  40.4  20.7  10.6
 wrfout_d04_2016-11-23_14:00:00 999.0  15.1  31.8  16.1  31.7  14.3 347.5  36.0  87.3  37.9 239.9 281.9 999.0  15.2  20.7  24.2 263.3  25.9 214.4   9.7 173.6  19.6  20.0  28.3  11.6  16.9  35.3 340.3  18.7  19.0  14.9
 wrfout_d04_2016-11-23_15:00:00 999.0  18.8  37.7  16.6  35.0  14.0 242.4  37.0 106.6  43.3 229.2 298.1 999.0  15.3  11.1  27.0 194.0  18.2 202.2 351.4 211.3  15.9  21.5  29.6 355.5   3.9  31.8 351.6  30.3  26.2 347.2
 wrfout_d04_2016-11-23_16:00:00 999.0  21.2  38.0  14.2  36.0  16.6  26.1  35.3  71.8  37.9 222.9 299.4 999.0  15.1   6.0  35.2 207.0  19.3 209.3   2.3 202.0  11.5  13.7  25.1 352.0 349.1  32.0 344.2  29.6  22.5 326.6
 wrfout_d04_2016-11-23_17:00:00 999.0  23.1  38.6  16.5  37.1  18.3  17.9  38.5  38.1  40.8 218.5 288.1 999.0  19.0  11.0  37.4 161.1  20.0 206.7 359.4 199.0  13.3  12.5  24.4 355.5 359.2  26.0 345.1  25.1  28.7  23.3
 wrfout_d04_2016-11-23_18:00:00 999.0  22.5  39.2  17.7  37.1  16.6 299.8  39.7  84.0  39.9 224.8 278.1 999.0  16.4   6.9  39.1   4.1  19.8 193.4 349.2 207.8  14.6  16.4  24.4 355.5   3.5  18.9   8.4  23.0  22.5  31.4
 wrfout_d04_2016-11-23_19:00:00 999.0  22.8  40.3  18.2  37.7  21.4 112.2  40.0  93.1  39.9 226.1 272.6 999.0  20.4  10.0  39.4 164.8  20.0 205.2 355.5 214.8  13.9  15.9  16.6 356.3   4.5  23.5 358.1  34.3  24.4  24.2
 wrfout_d04_2016-11-23_20:00:00 999.0  19.7  42.7  16.4  39.6  22.4  93.3  44.6  86.5  42.4 222.6 269.8 999.0  17.3   7.6  37.4 220.7  20.5 198.1 355.0 219.4  15.7  17.8  26.9   5.1   4.1  17.0   1.4  29.1  21.2  27.6
 wrfout_d04_2016-11-23_21:00:00 999.0  24.7  47.3  17.5  43.6  31.5  78.0  42.8  78.7  39.9 244.4 277.3 999.0  14.7   8.9  33.1 227.7  21.9 181.1   5.2 196.1  18.8  18.1  29.1  11.6   9.9  14.6 358.7  29.7  20.9  28.7
 wrfout_d04_2016-11-23_22:00:00 999.0  26.8  47.6  25.6  42.2  29.5  89.6  41.6  86.6  41.3 247.1 281.5 999.0  20.4  18.6  29.4 158.0  20.7 173.6 358.1 187.4  20.5  22.2  19.0  15.7  14.4  31.6   2.8  22.5  22.0  22.9
 wrfout_d04_2016-11-23_23:00:00 999.0  26.5  48.6  20.8  43.0  32.2  67.2  45.5  92.7  47.1 220.8 279.6 999.0  20.7  11.8  27.0 216.1  20.5 204.4   5.7 184.3  20.4  18.5  19.8   3.2 358.5  23.0 359.1  20.0  26.3 359.2
