 wrfout_d04_2016-06-05_00:00:00 999.0 341.0 222.9 204.9 226.4 207.6 221.8 222.6 214.8 236.0  94.0 348.3 999.0 196.1 190.4  36.0 299.1 222.0 235.0 211.0 252.6 226.6 233.0  88.0 223.4 225.5 148.5 248.4  88.7 252.7 288.0
 wrfout_d04_2016-06-05_01:00:00 999.0 299.4 231.1 270.8 225.3 231.9 239.5 237.2 226.8 258.1  99.7  49.0 999.0 232.4 208.7  42.2 271.3 222.2 242.1 219.6 253.5 224.1 234.2  61.9 239.6 250.0 105.2 254.0  89.6 251.9 292.8
 wrfout_d04_2016-06-05_02:00:00 999.0 316.8 243.5 290.1 237.9 220.1 212.6 242.2 212.2 262.3 108.6  61.9 999.0 242.6 205.2  49.0 250.0 221.0 249.5 219.0 260.9 228.9 247.8  64.3 253.2 251.2  98.6 257.0  91.9 250.7 292.7
 wrfout_d04_2016-06-05_03:00:00 999.0 346.0 260.6 292.9 263.2 327.9 321.8 254.6 269.2 265.8  99.6  91.3 999.0 250.8 215.5  57.8 249.7 223.1 249.7 223.4 264.5 233.4 248.3  64.7 251.1 252.7  91.9 259.8  87.0 247.7 287.7
 wrfout_d04_2016-06-05_04:00:00 999.0 359.2 277.1 299.1 281.7  37.3 344.6 271.4 292.4 275.0  95.6  87.6 999.0 257.8 271.3  67.2 250.5 227.5 247.9 245.8 268.9 232.4 262.0  62.9 249.7 252.1  91.9 261.7  84.1 246.1 287.0
 wrfout_d04_2016-06-05_05:00:00 999.0   9.9 290.6 304.0 292.7  27.3 325.1 285.9 291.2 278.5 156.2  94.2 999.0 263.0 277.0  83.2 262.9 231.5 247.0 251.4 257.6 235.1 261.7  77.2 251.5 254.4  94.9 262.8  85.7 242.7 281.5
 wrfout_d04_2016-06-05_06:00:00 999.0  20.2 285.7 313.5 290.4   3.8 309.3 298.8 294.2 283.0 316.0 161.4 999.0 266.0 274.5  87.4 261.6 234.8 242.8 257.1 259.6 237.3 263.1 104.2 252.1 254.6 103.3 263.8  94.9 237.7 276.5
 wrfout_d04_2016-06-05_07:00:00 999.0  37.6 308.2 335.5 310.3  73.5 328.7 327.5 317.2 296.3  26.4  25.0 999.0 268.1 278.9  56.7 274.2 237.8 239.7 259.5 245.9 241.8 262.6 139.9 253.0 256.8 126.5 266.9 111.7 232.8 276.4
 wrfout_d04_2016-06-05_08:00:00 999.0  32.5 285.0 328.1 245.1  72.7 108.9 355.7  69.5 306.6 341.2 306.8 999.0 286.8 288.8 234.1 287.0 241.5 226.0 261.0 243.4 245.0 262.4 161.1 251.9 258.3 127.8 267.6 115.0 231.6 276.1
 wrfout_d04_2016-06-05_09:00:00 999.0 107.2  98.0 149.1  88.4  83.3  99.9  19.1  95.8 319.5 353.7 307.6 999.0 322.4 297.1 306.8 309.2 242.2 240.5 268.7 222.4 249.0 262.1  45.5 258.1 261.7 155.3 267.2  92.4 235.7 276.2
 wrfout_d04_2016-06-05_10:00:00 999.0 154.7 104.4 152.5  71.3 101.2  88.1  58.2  63.9 338.3 270.2 295.6 999.0 336.3 307.5  44.4 333.7 245.5 205.1 278.0 242.1 253.7 267.6 326.3 265.4 269.4 137.9 271.1  87.8 237.1 275.8
 wrfout_d04_2016-06-05_11:00:00 999.0  62.9 116.1 151.7  94.8 167.8 102.9 113.0  77.3  53.2 279.1 265.9 999.0   4.8 307.2 343.3 261.1 245.4 235.2 277.4 245.7 252.1 276.4  92.4 272.5 275.5  43.4 269.0 270.4 244.8 281.3
 wrfout_d04_2016-06-05_12:00:00 999.0  68.5 144.9 121.2  93.2  53.5  66.5  97.1  27.3 102.2  77.7  64.5 999.0   4.7 341.8 331.7 113.3 183.7 202.1 280.3 213.5 214.5 283.1  59.8 274.8 274.2  23.9 268.2  36.1 246.6 288.5
 wrfout_d04_2016-06-05_13:00:00 999.0  58.2 139.2 143.5  94.8  50.1  79.5  97.7  56.2 157.4  45.3  94.2 999.0 188.8 167.6 162.2  77.6 146.3 201.5 290.4 224.8 157.6 121.9  34.4 291.7 253.5  23.2 256.7  32.9 257.1 288.0
 wrfout_d04_2016-06-05_14:00:00 999.0  78.6  97.9 134.7  66.3 357.8  60.9 113.2  42.1 227.7  87.0 116.8 999.0 213.2 165.4  87.2 358.0 142.1 182.6 309.7 222.0 142.3 122.8  37.8 288.8 254.7  57.9 246.0   5.9 249.5 318.6
 wrfout_d04_2016-06-05_15:00:00 999.0  70.9 112.1 136.3  91.3  66.0  74.8  10.4  57.4 261.5 314.6 161.9 999.0 199.8 193.6  34.0  32.0 140.7 198.0 269.8 213.6 137.8 177.9  25.1 252.2 236.4  42.1 239.4  47.8 250.5  33.1
 wrfout_d04_2016-06-05_16:00:00 999.0  81.0 150.8 133.3 112.5  73.4  90.4 110.3 298.3 136.7 309.0 251.0 999.0 205.4 201.9 312.6 236.5 158.7 195.9 247.9 212.8 172.8 183.4  34.5 177.5 198.7 353.0 214.7   4.0 233.6  54.5
 wrfout_d04_2016-06-05_17:00:00 999.0  76.5 166.8 137.1 120.1  71.0  82.0 210.2  26.8 188.6 321.8 308.1 999.0 214.6 206.3 273.8 202.6 186.1 198.6 217.6 211.9 181.6 141.6  26.5 176.1 172.4  31.1 195.4 301.5 277.9  57.7
 wrfout_d04_2016-06-05_18:00:00 999.0  94.5 191.0 134.8 149.9 185.0  79.6 239.9  38.8 202.4 336.2 268.7 999.0 197.6 196.5 245.3 199.3 184.9 194.4 213.1 215.7 176.5 158.3  35.9 176.1 173.4 313.5 183.6 292.8  28.9  65.0
 wrfout_d04_2016-06-05_19:00:00 999.0 111.8 204.2 137.3 170.8 178.4  79.9 236.2 344.9 162.1 316.8 289.9 999.0 189.4 172.4 254.0 206.6 183.6 197.4 201.8 219.9 177.5 162.4   6.6 162.3 155.8 317.4 186.1 305.5  29.1  62.8
 wrfout_d04_2016-06-05_20:00:00 999.0 119.8 215.6 131.8 207.5 275.9  12.2 207.6 339.6 353.2 305.4 312.7 999.0 187.9 163.9 250.1 193.3 184.4 196.4 198.2 218.4 187.9 166.3 303.0 127.9 125.1 304.0 181.9 281.2  19.5  64.0
 wrfout_d04_2016-06-05_21:00:00 999.0 130.8 233.1 120.4 256.1 237.2 135.6 234.0  55.6 293.2 306.5 315.2 999.0 178.4 167.1 252.5  98.7 194.5 197.2 191.7 223.0 188.9 137.9 293.8 131.7 116.7 298.2 180.7 279.5 350.2  83.6
 wrfout_d04_2016-06-05_22:00:00 999.0 144.7 253.8 110.5 266.8 226.9 137.2 234.0  83.9 274.0 304.8 355.0 999.0 176.0 161.7 241.9 351.1 197.1 205.4 179.9 225.8 194.7 117.7 283.2 139.9 135.9 288.9 184.6 254.8 302.4  91.9
 wrfout_d04_2016-06-05_23:00:00 999.0 153.4 255.0 247.2 258.5 227.3 310.2 260.8 269.8 255.2 124.4  11.9 999.0 184.3 184.4 235.1   7.7 201.3 213.4 196.7 239.4 195.8 148.5 254.8 172.3 172.5 253.8 188.9 179.8 241.7 145.3
