 wrfout_d04_2016-08-26_00:00:00 999.0 329.6 353.6 344.2 338.8 342.1 300.3  17.8   1.1  12.6  97.7  12.7 999.0 283.6 230.3 278.9 305.4 240.1  61.2 299.8  29.1 281.0  19.5  80.9 353.0 333.8  58.4 294.0 127.3 261.1 305.5
 wrfout_d04_2016-08-26_01:00:00 999.0 334.0   0.7 338.8 352.2 354.1 314.9   6.7 351.1  18.4  94.4  22.7 999.0 308.2 240.9 157.6 333.6 270.6  53.6 317.3  14.5 296.9 315.9  77.3 336.6 313.5 103.6 274.0 113.0 254.9 298.3
 wrfout_d04_2016-08-26_02:00:00 999.0 333.7   2.6 337.1   7.5 356.8 310.9   3.7 345.7   9.5  60.0  23.1 999.0 326.9 267.1 127.1 330.0 294.9  46.3 328.1   3.4 287.4 295.9  77.7 332.5 295.4 111.7 268.0  96.4 242.1 293.8
 wrfout_d04_2016-08-26_03:00:00 999.0 334.7   4.5 337.1  11.8 358.8 307.0   5.2 343.6 359.2   7.9  31.1 999.0 333.1 312.3 127.3 351.2 333.2  44.9 331.5   3.2 290.2 307.2  84.3 316.4 281.4 111.6 268.8  99.9 264.0 286.6
 wrfout_d04_2016-08-26_04:00:00 999.0 338.3   6.2 336.3  13.5   0.2 307.1   2.4 344.1 356.4   4.5  32.8 999.0 341.4 333.5 118.1 347.9 330.7  40.2 324.4   3.0 292.4 305.2  89.8 314.0 284.0 114.1 271.2 101.2  51.1 295.5
 wrfout_d04_2016-08-26_05:00:00 999.0 342.1   6.7 340.0  13.5 358.9 312.8   7.3 346.3 358.7   5.0  35.8 999.0 340.8 337.3 111.6 268.4 333.1  36.8 322.5   1.8 281.7 292.8 102.6 318.2 283.3 112.3 275.6 100.7  70.6 306.4
 wrfout_d04_2016-08-26_06:00:00 999.0 346.1  10.1 340.9  16.7 358.2 312.3  11.5 344.6   1.9   9.6  36.8 999.0 340.8 334.5  98.8 282.5 335.0  42.2 315.7  10.3 272.0 288.1  99.4 309.5 279.8 116.3 282.7 101.4  80.1 294.5
 wrfout_d04_2016-08-26_07:00:00 999.0 353.0  14.0 342.2  19.7 357.0 314.6  10.8 344.5   4.6   6.7  35.3 999.0 339.5 336.0  86.4 275.2 337.8  49.1 305.5  22.8 281.8 294.6  99.4 310.9 283.6 110.7 284.3  83.9  77.5 300.3
 wrfout_d04_2016-08-26_08:00:00 999.0 357.9  15.6 344.6  20.4 353.6 321.9  13.2 345.9  10.2   6.7  36.9 999.0 348.8 332.3  71.0 289.9 335.6  45.3 298.5  34.1 286.1 298.3  89.7 306.6 286.4 129.1 287.1 328.1  66.6 306.5
 wrfout_d04_2016-08-26_09:00:00 999.0   1.2  21.1 347.5  24.3 349.2 336.6  20.7 346.3  16.7  17.5  33.3 999.0 354.3 336.2  57.5 276.8 358.9  33.9 292.9  48.2 300.2 314.6 131.9 321.1 304.7 150.2 283.9 198.4  53.8 310.8
 wrfout_d04_2016-08-26_10:00:00 999.0   4.6  30.0 350.6  29.2 344.6  32.4  30.3 349.8  20.8  53.2  29.9 999.0   1.0 339.6  40.0 261.9 354.8  78.8 300.2 121.9 319.0 321.9 258.5 326.9 317.1 171.5 281.6 288.7  52.6 300.0
 wrfout_d04_2016-08-26_11:00:00 999.0   9.1  40.2 357.3  34.3 334.7 101.6  38.2  10.8  29.2  62.7  13.7 999.0   3.1 350.7  16.1 193.7 357.7  94.6 320.4 144.3 306.3 327.7 299.8 322.1 317.5 207.9 288.2 254.9  40.4 298.7
 wrfout_d04_2016-08-26_12:00:00 999.0  15.7  52.4  10.3  39.9 339.3 116.2  41.0 109.5  26.9  95.0   9.5 999.0   8.4   1.3  10.4 183.3 354.5 112.4 325.0 196.3 302.6 340.9 285.4 344.5 342.7 242.7 297.1 302.8  22.3 295.1
 wrfout_d04_2016-08-26_13:00:00 999.0  19.2  46.7   5.4  36.2 318.9 112.8  43.0 118.9  28.6 215.7 345.2 999.0   5.1   6.2 354.7 185.2 341.6 175.9 332.5 271.6 321.0 337.6 298.8 359.8 356.3 271.7 314.9 312.4  29.7 296.7
 wrfout_d04_2016-08-26_14:00:00 999.0   8.7  47.6 345.5  37.0 311.3 122.1  43.2 117.5  29.6 177.9 311.9 999.0   0.4 341.1 357.8 218.0   2.9 238.8 329.3 306.7 339.5 338.3 304.3 332.0 328.3 293.2 335.2 342.0 319.6 296.5
 wrfout_d04_2016-08-26_15:00:00 999.0   8.0  42.6 330.9  33.1 305.7 140.9  42.4 127.5  28.5 194.0 294.2 999.0   8.6 359.7   0.7 196.1  23.0  94.2 347.1 328.6   2.5   3.3 305.9 350.5 350.5 290.8 318.2 333.6 302.5 301.5
 wrfout_d04_2016-08-26_16:00:00 999.0   0.6  37.9 345.0  32.0 313.8 145.4  40.6 122.6  21.6 157.3 298.6 999.0  14.2   1.4 352.7 124.9  18.1 120.0 352.3  27.5  15.4   3.2 317.1   1.2 354.4 318.8 353.3 336.1 316.1 308.7
 wrfout_d04_2016-08-26_17:00:00 999.0   1.8  20.7 311.3  11.8 307.4 192.1  46.3 199.9  38.6 184.6 290.9 999.0  17.5  12.7 343.0 111.7  24.3 139.9   0.6 302.5  11.4  17.9 307.1 357.7  11.0 319.0   3.1 340.3 291.0 306.9
 wrfout_d04_2016-08-26_18:00:00 999.0 354.0  14.0   7.7  25.9 301.5 156.0  56.6 101.0  49.1 169.7 291.8 999.0   6.1 345.2 335.8  48.1  31.7 140.5 345.3 233.5  25.8   8.0 313.4 330.7 340.6 277.3  18.7 321.5 282.8 288.3
 wrfout_d04_2016-08-26_19:00:00 999.0 355.0  15.9  36.3  24.2 302.6 117.9  62.2 133.1  45.8 195.3 286.4 999.0  11.9  36.1 325.6 267.7  26.1 177.3   6.6 240.7   7.2  47.5 298.4 355.2 356.4 342.1 356.1 311.9 276.6 300.2
 wrfout_d04_2016-08-26_20:00:00 999.0 354.1  13.9  57.1  15.6 305.1 152.6  68.9 117.3  37.0 215.7 284.5 999.0   7.5 354.3 313.7 157.4  18.1 134.1  85.7 267.8  20.9  33.6 298.1   5.5 351.5 335.1 357.3 320.5 256.1 302.3
 wrfout_d04_2016-08-26_21:00:00 999.0 354.3  25.0 134.0  29.8 315.0 102.8  65.7 121.4  28.4 180.9 294.7 999.0  19.6 345.7 314.0 255.2  13.8 213.9 351.5 280.0   2.8  16.8 196.0  38.0 298.1 302.4 310.8 326.6 249.3 301.2
 wrfout_d04_2016-08-26_22:00:00 999.0   0.5  11.3 159.4   0.3 299.5 263.1  56.6 201.5  32.8 199.2 290.0 999.0  33.8   6.4 298.9 212.8  16.8 170.9  51.6 248.2   6.1  39.7 240.6  88.6  91.5 252.9 318.1 320.4 241.0 292.6
 wrfout_d04_2016-08-26_23:00:00 999.0   2.5   6.5 354.9 358.7 350.4 216.4  43.8 159.2  46.3 163.4 309.8 999.0  26.3  20.5 268.1 232.5  23.7 136.6  15.8 301.0  12.5  51.3 159.3  82.1  74.2 233.3 330.5 333.1 237.2 290.5
