 wrfout_d04_2016-04-23_00:00:00 999.0 262.8 230.5 274.7 246.8  81.4 279.0 216.4 154.8 248.2  58.1  89.1 999.0 196.7 193.6 201.4 332.2 191.3 222.2 201.3 226.0 184.4 176.5 203.2 172.3 176.6 201.6 172.9 189.0 186.4 181.2
 wrfout_d04_2016-04-23_01:00:00 999.0 320.8 232.9 271.0 242.7  48.1 228.1 229.8 198.6 251.2  92.6  86.8 999.0 207.2 200.5 167.3 290.2 195.6 229.0 203.7 230.8 185.3 185.2 201.2 184.7 195.4 198.9 184.6 181.6 184.0 178.5
 wrfout_d04_2016-04-23_02:00:00 999.0 328.9 241.5 285.0 247.5  37.5 217.4 245.3 208.5 248.2  92.8 104.2 999.0 226.0 202.3 163.5 257.8 197.2 231.4 206.2 238.1 183.7 192.6 194.5 205.9 206.1 189.1 191.3 173.3 181.8 177.1
 wrfout_d04_2016-04-23_03:00:00 999.0 324.3 247.9 296.9 257.1  34.5 238.9 269.7 228.2 255.1  88.1 136.7 999.0 235.0 210.2 168.4 248.1 197.7 233.0 210.2 246.1 183.8 203.9 190.5 219.4 212.0 185.4 199.5 167.5 181.3 175.7
 wrfout_d04_2016-04-23_04:00:00 999.0 336.2 251.6 288.4 268.8  37.7 264.6 272.3 274.9 259.8  96.0 136.5 999.0 241.6 232.0 167.1 250.2 200.9 234.5 217.2 252.8 190.5 214.6 190.6 227.0 219.9 184.2 202.7 166.2 180.8 175.0
 wrfout_d04_2016-04-23_05:00:00 999.0 266.5 257.9 280.8 273.4  45.4 278.6 256.4 282.6 258.1  99.7 131.4 999.0 241.3 250.8 168.0 252.4 204.0 235.8 233.4 259.2 198.4 221.8 193.4 231.3 227.1 184.3 206.7 170.4 181.8 179.9
 wrfout_d04_2016-04-23_06:00:00 999.0 268.5 262.3 284.5 273.8  42.7 279.4 272.5 283.7 259.6  76.4 135.9 999.0 240.7 259.0 164.6 255.5 207.0 234.9 247.9 264.0 208.3 225.0 197.2 236.4 231.1 185.2 211.4 178.7 186.1 185.5
 wrfout_d04_2016-04-23_07:00:00 999.0 277.9 262.3 289.3 278.9  45.6 293.4 243.1 282.6 271.8  89.6 106.5 999.0 240.4 260.1 159.2 254.6 211.7 234.7 253.1 267.6 213.9 229.1 199.1 237.1 231.0 187.0 215.2 190.5 190.7 195.0
 wrfout_d04_2016-04-23_08:00:00 999.0 182.9 259.3 290.9 274.1  15.9 280.3 241.2 272.8 255.2  54.2  96.3 999.0 235.6 258.0 160.5 259.9 214.5 233.5 253.4 262.4 222.5 232.0 202.4 240.8 235.2 189.9 220.6 204.9 195.5 210.5
 wrfout_d04_2016-04-23_09:00:00 999.0 179.6 246.4 301.7 261.7 134.6 273.5 230.0 270.1 246.7  23.6 318.3 999.0 225.2 246.9 166.3 257.1 212.9 232.7 255.0 245.6 226.8 236.0 202.6 242.0 237.1 190.5 227.9 208.4 198.9 230.0
 wrfout_d04_2016-04-23_10:00:00 999.0 179.9 239.6  48.7 258.6  63.7 302.7 229.6 266.1 246.5  47.6 349.4 999.0 214.2 236.7 175.4 249.2 206.4 227.3 251.4 234.3 219.9 239.6 211.4 241.7 238.0 194.5 235.1 205.2 201.8 248.4
 wrfout_d04_2016-04-23_11:00:00 999.0 161.6 232.6 109.2 246.4  29.2 293.7 226.9 266.4 250.0  30.7 336.4 999.0 194.3 223.9 178.0 100.3 201.1 215.0 237.1 218.9 209.1 236.7 219.1 240.7 238.2 191.8 241.9 210.0 204.1 261.6
 wrfout_d04_2016-04-23_12:00:00 999.0 153.9 227.4 118.3 236.5 338.9 296.8 234.8 172.2 249.5 109.3 301.4 999.0 190.6 205.6 182.0 160.4 197.5 204.1 229.5 229.2 202.7 227.6 220.8 242.0 238.8 190.8 250.8 216.8 207.4 273.6
 wrfout_d04_2016-04-23_13:00:00 999.0 153.8 237.5 125.2 254.8 280.0  94.5 241.4 172.8 253.2 210.3 350.3 999.0 192.1 179.0 182.4  55.3 194.7 208.3 219.5 220.7 196.1 213.3 228.5 238.8 233.9 192.6 254.5 228.6 210.9 276.4
 wrfout_d04_2016-04-23_14:00:00 999.0 151.0 246.0  53.5 267.1 137.2  88.8 250.4 112.9 252.6 216.8 235.9 999.0 192.9 196.4 182.7 307.6 192.9 213.1 225.2 220.8 197.0 174.5 238.7 235.3 227.1 200.4 258.2 237.4 216.4 278.1
 wrfout_d04_2016-04-23_15:00:00 999.0 155.1 248.4  11.9 268.7 281.5  77.6 256.4 138.7 256.4 225.3 288.8 999.0 189.8 198.3 195.6  71.9 196.9 214.8 216.5 219.1 194.9 180.3 263.2 236.7 228.5   5.2 251.7 251.1 216.8 275.7
 wrfout_d04_2016-04-23_16:00:00 999.0 137.6 248.3  37.3 269.0 111.6   1.9 261.8  40.7 225.1 173.8  60.4 999.0 198.1 204.9  25.2 170.0 189.2 214.8 238.6 221.8 189.7 145.5 280.6 246.5 227.8   6.4 255.0 286.4 217.5 281.4
 wrfout_d04_2016-04-23_17:00:00 999.0 152.5 247.3  35.6 270.3 353.1 327.5 262.1 358.4 239.7 311.5 272.1 999.0 189.0 170.3  35.5  95.3 182.0 215.7 249.5 220.0 186.3 164.5 355.9 285.2 255.3  11.1 254.4 305.0 216.6 283.6
 wrfout_d04_2016-04-23_18:00:00 999.0 174.4 239.2  54.4 256.9  57.0 118.0 256.5 119.0 267.9 320.0 271.9 999.0 186.8 190.8  30.6 113.6 178.4 215.0 180.4 221.1 186.2 154.9  11.3 358.0 271.7  20.8 259.5 343.4 216.3 280.3
 wrfout_d04_2016-04-23_19:00:00 999.0 183.1 237.2  45.3 246.2 345.1 153.9 250.3 156.4 248.6 259.8 288.3 999.0 179.4 203.7  34.5 348.7 190.5 211.5  73.5 220.8 172.4 156.5  20.8   7.1 308.0  28.2 257.4  10.9 216.1 269.9
 wrfout_d04_2016-04-23_20:00:00 999.0 230.9 231.0  59.5 246.0 275.0 117.8 232.9 146.8 260.5 220.6 252.4 999.0 184.2 151.3  28.5  59.5 187.8 208.6 257.6 222.9 203.0 193.0  20.9  67.6 218.3  31.3 259.2   9.3 215.6 257.1
 wrfout_d04_2016-04-23_21:00:00 999.0 227.7 233.6  90.9 246.7 359.2 300.1 258.6 344.6 261.5 310.7 241.4 999.0 205.0 225.4  24.7 347.1 186.2 210.0 141.4 219.6 188.5 151.7  26.7  32.7 289.9  21.9 272.2   2.0 213.1 245.9
 wrfout_d04_2016-04-23_22:00:00 999.0 180.7 234.3  82.8 250.8  64.6 218.1 160.8 142.9 173.1 257.9 229.9 999.0 176.6 234.5  23.4 137.5 193.9 218.9 226.6 217.4 189.4 164.5  27.8 294.7 265.8  34.1 256.8  17.4 210.6 244.4
 wrfout_d04_2016-04-23_23:00:00 999.0 247.0 224.1 115.6 237.5 126.3 116.1 259.7 152.0 144.6 261.5 237.5 999.0 222.3 157.0  26.5 290.0 176.1 220.1 244.5 220.3 226.8 140.8  32.9  12.4 266.9  46.1 245.3  58.1 210.7 260.1
