 wrfout_d04_2016-04-03_00:00:00 999.0 207.5 230.4 181.6 245.0 224.0 289.1 231.6  78.9 250.5  68.9 121.0 999.0 199.6 194.5 211.5 253.8 205.2 237.9 204.2 275.1 182.8 167.5 225.6 159.9 162.2 204.4 164.6 205.7 157.4 126.8
 wrfout_d04_2016-04-03_01:00:00 999.0 208.6 232.0 231.7 240.0 220.0 243.1 241.2 225.2 258.5  77.2 147.0 999.0 199.8 196.9 178.2 278.7 204.9 244.6 210.8 288.4 194.0 181.8 198.8 162.9 160.5 195.7 171.9 170.9 167.4 150.5
 wrfout_d04_2016-04-03_02:00:00 999.0 216.7 232.8 264.0 236.9 220.9 223.5 244.5 211.2 252.3  79.1 157.8 999.0 217.3 206.1 172.8 282.2 207.6 247.6 211.7 289.3 191.3 209.7 189.3 185.4 187.4 190.1 181.2 152.2 170.3 162.9
 wrfout_d04_2016-04-03_03:00:00 999.0 234.8 238.3 280.7 245.7 240.9 244.4 247.8 241.4 252.2  79.2 162.3 999.0 235.6 218.2 164.9 261.2 210.1 248.4 214.1 287.8 188.0 215.5 187.8 211.4 198.2 178.9 191.4 161.4 177.5 173.4
 wrfout_d04_2016-04-03_04:00:00 999.0 241.5 235.4 272.4 247.4 254.7 250.5 250.4 246.3 253.2  66.4 165.0 999.0 235.7 226.0 159.4 245.9 212.0 254.2 219.9 287.1 183.3 230.6 194.1 222.8 208.6 162.8 203.4 180.0 181.0 181.6
 wrfout_d04_2016-04-03_05:00:00 999.0 252.4 244.0 280.1 259.2   3.1 267.6 246.7 257.9 250.5  62.8 163.0 999.0 232.5 247.3 159.0 242.1 212.0 258.3 241.6 289.1 188.0 248.2 199.8 232.0 221.0 166.2 215.1 195.1 184.3 190.5
 wrfout_d04_2016-04-03_06:00:00 999.0 247.8 245.8 279.5 262.0  51.8 276.4 243.3 264.8 249.3  63.0 164.8 999.0 232.9 250.1 159.2 245.9 215.7 270.4 252.8 288.9 207.4 254.3 208.3 239.1 232.3 167.8 224.4 212.2 187.4 206.1
 wrfout_d04_2016-04-03_07:00:00 999.0 243.9 241.0 272.7 259.8  71.8 273.3 240.8 270.0 243.8  78.0 164.5 999.0 229.8 248.1 160.4 240.9 219.3 255.8 253.4 283.2 209.9 256.8 209.8 244.2 239.3 170.8 233.6 220.5 191.4 229.3
 wrfout_d04_2016-04-03_08:00:00 999.0 261.7 243.2 288.3 267.7  35.6 289.6 238.9 263.2 240.1  73.6 159.8 999.0 227.1 247.2 161.6 246.2 217.3 249.9 250.6 275.3 205.0 248.7 207.4 248.1 247.1 159.8 245.3 213.8 195.5 254.9
 wrfout_d04_2016-04-03_09:00:00 999.0 263.3 242.7 319.1 277.9  31.5 307.4 241.2 262.2 237.3  64.7 157.8 999.0 225.4 241.2 165.1 243.1 208.9 240.8 250.5 271.1 198.4 236.3 211.5 249.8 249.7 146.6 256.3 211.0 200.4 265.9
 wrfout_d04_2016-04-03_10:00:00 999.0 261.2 238.4   4.8 275.9  50.3 337.6 233.8 316.0 245.8  41.7 172.6 999.0 216.8 238.7 162.5 222.8 200.1 210.0 248.4 257.4 189.4 234.1 230.0 246.4 247.0 136.6 266.6 210.7 201.9 277.6
 wrfout_d04_2016-04-03_11:00:00 999.0 262.1 238.1  20.4 275.0  45.8 344.0 237.8  12.3 264.9  25.9 184.2 999.0 210.1 224.9 174.7 209.3 193.4 167.5 236.5 253.0 186.2 219.0 226.2 246.4 240.0  88.4 273.7 216.0 203.6 291.5
 wrfout_d04_2016-04-03_12:00:00 999.0 264.4 234.4  23.2 268.7  54.3 350.3 238.7  42.5 270.6  18.6 195.7 999.0 207.5 205.8 161.3 195.8 188.1 186.1 224.1 253.2 185.5 174.0 239.0 232.3 226.4  40.0 279.1  32.9 207.8 298.7
 wrfout_d04_2016-04-03_13:00:00 999.0 272.6 234.1  33.0 267.2  69.3  31.8 239.6  76.7 275.5  31.5  33.5 999.0 203.9 201.1 196.7 228.8 187.5 184.4 217.1 255.8 188.1 161.7 276.0 220.9 221.9  21.6 267.3  32.4 210.6 306.7
 wrfout_d04_2016-04-03_14:00:00 999.0 269.5 233.2  20.1 267.6  79.8 102.5 234.3  73.5 258.8  44.7 355.5 999.0 205.3 194.6 198.7 198.8 188.2 178.8 211.9 256.9 190.6 180.2 294.2 220.2 213.8  23.0 260.5  15.9 216.2 304.7
 wrfout_d04_2016-04-03_15:00:00 999.0 273.7 233.3  15.3 265.1  58.9 103.6 221.7  65.0 256.3  47.0  32.0 999.0 205.4 201.2 216.6 190.7 189.3 180.9 215.0 255.9 191.8 205.0 322.1 211.6 210.5  24.5 259.6 329.6 217.2 304.3
 wrfout_d04_2016-04-03_16:00:00 999.0 222.6 232.9   8.2 266.1  49.1 114.4 225.1  62.1 261.0  38.2  16.7 999.0 205.7 195.0 291.5 192.9 194.3 185.8 222.1 251.9 195.3 203.4 359.2 231.1 203.7  26.4 258.1 333.4 216.6 302.6
 wrfout_d04_2016-04-03_17:00:00 999.0 220.9 233.9 357.0 264.0  34.1   9.0 232.5  28.4 258.0  28.5 324.6 999.0 207.3 184.9   3.9 186.8 200.4 192.7 230.5 249.2 195.8 195.0  20.2 231.1 192.3  28.7 258.6 349.3 216.2 297.5
 wrfout_d04_2016-04-03_18:00:00 999.0 241.6 238.3 346.0 277.0 263.4 326.2 247.7 322.2 259.1  63.8 306.2 999.0 206.3 183.9   9.4 179.7 207.0 195.0 225.9 246.9 207.2 197.6  23.8 227.3 183.8  23.7 257.1   8.4 216.8 296.5
 wrfout_d04_2016-04-03_19:00:00 999.0 284.0 229.9   1.7 285.8 241.9 325.3 239.0   6.0 283.1  42.9   4.9 999.0 197.4 198.1 283.8 170.9 209.3 193.7 208.1 245.2 211.8 198.1  28.0 217.4 209.4 348.6 261.0  21.5 218.6 285.0
 wrfout_d04_2016-04-03_20:00:00 999.0 293.8 216.1 321.0 311.9 132.8 312.6 256.9 269.2 279.4  23.7 358.8 999.0 194.4 181.1  88.1 151.1 207.7 193.6 207.6 244.8 209.8 189.5  34.4 215.9 200.0 287.5 296.7  13.1 219.8 289.3
 wrfout_d04_2016-04-03_21:00:00 999.0 305.6 194.1   5.3 354.4 345.7 324.6 210.0 264.9 270.2  71.1 355.0 999.0 202.2 186.8 265.9 147.9 200.1 192.8 216.7 244.9 198.8 185.3  40.3 201.6 180.7 299.5 261.5  19.7 224.8 298.7
 wrfout_d04_2016-04-03_22:00:00 999.0 301.5 212.2 358.8 340.1  43.6 322.3 211.2 229.4 289.7 186.3 358.3 999.0 200.1 190.7 263.6 165.5 193.7 193.2 208.2 244.6 210.7 180.2  46.2 196.5 175.6 304.4 269.1  23.6 224.8 295.4
 wrfout_d04_2016-04-03_23:00:00 999.0 310.7 232.0 353.1 290.1  95.4  10.5 232.7 263.3 304.7  72.8 342.0 999.0 196.0 186.9 246.0 328.9 198.5 200.5 194.4 249.8 202.0 176.1  79.3 184.2 159.1 275.7 264.3  57.1 220.1 308.2
