 wrfout_d04_2016-02-16_00:00:00 999.0  32.9  56.1  46.5  50.2  53.7 103.2  69.1  85.5  35.9 239.6 270.5 999.0  20.9   1.2 323.9  25.8  18.8 220.4 359.3 266.9  15.7  24.7  15.0  19.0  21.1 354.6   2.9  13.4  36.6  54.3
 wrfout_d04_2016-02-16_01:00:00 999.0  32.4  59.6  51.9  54.5  49.3  81.7  60.2  76.8  40.6 241.2 278.0 999.0  16.9 359.8 337.3  26.8  20.7 223.9   8.2 260.4  14.2  27.3  13.6   9.6  14.9 349.0 357.2   9.2  41.0  39.6
 wrfout_d04_2016-02-16_02:00:00 999.0  31.4  63.4  49.8  57.4  51.2  83.4  57.7  76.5  44.4 238.5 276.2 999.0  22.3 358.4 337.1  13.7  20.0 227.9 341.3 259.5  13.7  24.3   2.6   5.0   8.2 346.8 359.4  13.7  39.9  31.3
 wrfout_d04_2016-02-16_03:00:00 999.0  31.1  64.6  52.8  58.5  50.2  77.8  59.9  75.3  47.3 243.8 264.9 999.0  21.2   7.3 334.7 234.7  20.2 220.7 345.9 252.5  14.0  28.0   8.0  11.1  14.0 347.4 357.5  14.0  42.1  30.3
 wrfout_d04_2016-02-16_04:00:00 999.0  30.4  64.1  41.5  56.8  47.7  74.8  55.9  69.4  46.7 238.8 256.2 999.0  26.8 338.9 328.9 218.5  22.1 230.4 333.3 255.7  14.9  32.7  25.9  17.8  20.8 345.8 354.5  10.0  37.3  39.1
 wrfout_d04_2016-02-16_05:00:00 999.0  29.6  61.7  38.0  53.3  50.1  75.3  55.9  66.2  46.6 239.0 255.6 999.0  23.5 348.3 341.7 246.2  18.3 221.5  22.0 247.7  14.6  37.5  28.2  19.3  20.1 344.0 354.9  28.0  35.5  45.5
 wrfout_d04_2016-02-16_06:00:00 999.0  30.2  64.2  50.9  53.3  48.0  73.4  58.2  68.5  47.1 235.0 266.0 999.0  22.7 354.9 351.5 245.1  19.9 226.6  23.7 250.2  12.9  28.7  27.8  19.5  20.8 341.3 334.5  29.4  34.9  43.4
 wrfout_d04_2016-02-16_07:00:00 999.0  30.5  64.4  49.6  52.4  53.2  74.7  58.0  69.8  43.5 239.4 273.3 999.0  16.5 346.6 356.6  25.6  20.4 227.6  27.6 249.6  14.5  14.7  21.9  24.8  20.5 341.8 347.7  16.3  26.3  32.0
 wrfout_d04_2016-02-16_08:00:00 999.0  27.0  62.6  38.8  48.9  52.8  80.3  59.0  78.7  37.2 237.7 280.8 999.0  16.0 356.8   0.8  32.7  18.2 225.5  35.4 250.2  11.7   7.1  18.6  28.2  21.5 340.7   1.9  29.2  30.5  23.4
 wrfout_d04_2016-02-16_09:00:00 999.0  20.1  60.9  30.9  47.1  47.1  84.5  62.6  92.5  30.5 236.1 282.6 999.0  24.5 357.7 352.1  42.8  19.5 223.4 351.5 250.8  12.4   3.3  23.7  41.1  34.0 347.6   4.7  11.9  33.0  12.1
 wrfout_d04_2016-02-16_10:00:00 999.0  17.5  60.4   7.2  47.2  38.4  99.6  70.0 101.6  31.9 237.3 281.5 999.0  24.2 354.2 354.5  55.3  21.8 223.4 358.4 252.8  14.3   7.7  18.3  35.5  32.4 346.2   5.9  18.3  28.0   2.4
 wrfout_d04_2016-02-16_11:00:00 999.0  18.1  54.6 354.0  47.0  35.1 103.6  73.9 102.9  35.1 236.4 286.1 999.0  19.1   0.6 356.5 265.3  17.1 224.8  24.6 253.9  14.1  20.3  16.0  16.7  18.6 350.5   7.0   8.2  23.0 355.4
 wrfout_d04_2016-02-16_12:00:00 999.0  12.2  60.7 282.0  48.8  29.5 121.7  70.6 112.4  39.0 231.0 279.1 999.0  22.3 359.1 357.0 280.6  22.7 224.7 354.9 256.9  16.3  20.6  16.2  11.3   8.0 354.3  10.7   8.0  22.7  11.1
 wrfout_d04_2016-02-16_13:00:00 999.0  16.1  61.1   6.2  46.8  29.9 126.0  71.4 112.6  46.6 235.7 268.0 999.0  13.5   4.6 349.7 305.7  24.4 225.1 344.4 255.6  14.8  26.8  18.0   6.7  11.8 341.0   7.9   3.1  16.5  20.8
 wrfout_d04_2016-02-16_14:00:00 999.0  15.5  56.9 184.6  43.1  47.0 109.7  69.8 100.7  39.0 240.3 267.8 999.0  17.4 349.9 355.5  34.0  24.7 223.7 354.9 256.2  15.0  32.4  18.1   5.0  11.0 344.1   2.5   1.4  26.8 351.8
 wrfout_d04_2016-02-16_15:00:00 999.0  11.2  54.0 217.2  45.3  42.2 106.8  68.7  74.0  33.4 245.0 273.7 999.0  21.1 358.1 355.8  10.8  22.0 222.8 359.0 257.2  14.5  33.1  10.1 359.7   6.4 347.6 357.5 359.1  30.6 353.3
 wrfout_d04_2016-02-16_16:00:00 999.0  14.0  52.8  33.0  43.2  21.9 224.5  74.2 106.6  38.2 247.6 284.3 999.0  18.3 351.3   0.8 353.8  24.7 223.4 356.7 259.6  12.5  29.0  17.6   0.3   4.9 353.8   2.7 357.6   8.6  13.3
 wrfout_d04_2016-02-16_17:00:00 999.0  20.8  43.9  36.3  36.9  19.4 262.6  72.4 100.8  44.0 239.5 279.5 999.0  12.1  25.3   3.8 333.8  19.0 227.1 355.6 261.4  15.6  26.1  17.0 359.6   4.4 354.4   1.4 351.9  26.0   8.8
 wrfout_d04_2016-02-16_18:00:00 999.0  17.9  47.7  25.9  37.9  11.5 265.1  60.1  89.8  46.1 252.8 274.4 999.0  17.8 355.0 354.7 318.8  26.4 227.8   4.4 263.2  19.0  27.3  13.6 357.1   1.8 351.3   6.0 356.8  18.6  13.2
 wrfout_d04_2016-02-16_19:00:00 999.0  19.8  43.6  21.3  36.3  16.8 234.7  55.8 116.4  51.9 251.5 279.2 999.0  16.9   6.0 344.5  17.1  25.1 226.6  31.3 264.8  18.3  27.1   4.1   1.4   5.6 353.4  10.2 357.5  25.9   2.7
 wrfout_d04_2016-02-16_20:00:00 999.0  29.6  43.0  28.2  36.3  24.4 185.3  53.0 119.0  47.7 245.5 268.1 999.0  20.4 354.0 350.5  25.6  24.7 227.4   3.3 264.4  18.3  25.6   4.8  10.5   1.5 353.2  13.7   1.4  34.3  26.8
 wrfout_d04_2016-02-16_21:00:00 999.0  36.5  49.0  45.3  41.0  25.4 165.4  57.5 107.5  43.5 237.9 259.9 999.0  21.4 352.9 356.8   6.5  24.9 227.2  10.2 263.1  21.7  27.9   5.3   0.4   6.1 353.7  12.8 349.5  27.8  36.7
 wrfout_d04_2016-02-16_22:00:00 999.0  41.0  49.9  73.0  41.2  38.5 167.1  63.6 103.2  38.6 244.2 251.1 999.0  22.4 359.0   4.0  32.5  27.0 224.0 344.5 259.8  22.3  19.5   7.1 347.9 356.9 355.6   7.5 352.6  29.3  41.8
 wrfout_d04_2016-02-16_23:00:00 999.0  40.1  56.2 185.7  48.4  56.8 148.3  71.2  89.5  35.4 251.4 249.7 999.0  19.2   2.0   7.4   1.0  26.4 211.6   6.5 256.0  20.8  14.7  19.9 350.7 357.0 353.7 357.8 347.6  24.2  49.3
