 wrfout_d04_2016-04-15_00:00:00 999.0  48.7 148.0 203.4 119.2 350.7  88.0  27.1  74.4 310.1 226.9 116.5 999.0  27.3 348.7  29.5 330.6   9.5 227.2 307.1 266.2  58.7 100.2  45.1  98.9  98.7  33.4 200.4  98.5 212.6 164.2
 wrfout_d04_2016-04-15_01:00:00 999.0  62.1 101.3 319.2  83.8 353.1  61.8  29.4  52.9  16.9  97.6  93.0 999.0 348.6 251.8  20.6 288.4  32.8 231.3 223.8 267.5  41.6 267.6  46.5 184.0 182.0  64.3 209.0 104.4 274.0 254.4
 wrfout_d04_2016-04-15_02:00:00 999.0  52.2  88.2 228.9  55.7 358.7  56.0  31.1  65.9 350.7  94.6 104.9 999.0 337.3 188.0  30.2 241.7  38.1 230.4 250.8 265.1  49.9 270.6  49.4 221.0 221.5  66.8 215.3  96.3 262.6 238.5
 wrfout_d04_2016-04-15_03:00:00 999.0  55.0 117.2 240.8  86.5 341.9  65.5  25.6  52.9 355.2 103.9 128.5 999.0 329.8 277.5  45.9 234.8  31.2 230.2 261.9 268.4  39.2 271.6  61.5 242.4 233.8  77.6 226.1  85.4 259.4 220.4
 wrfout_d04_2016-04-15_04:00:00 999.0  76.6  95.4 285.3  68.8  14.2  65.9  25.0   8.2   3.0  91.2 137.6 999.0 342.7 252.3  60.1 248.3  31.9 225.2 266.6 261.1  21.2 277.8  67.3 240.2 230.9  79.8 221.0 109.2 255.9 208.4
 wrfout_d04_2016-04-15_05:00:00 999.0  44.0 101.5 265.9  81.1  90.1  82.2  36.7  81.7  45.4  63.5 135.6 999.0 346.2 260.1  30.7 253.8  21.1 230.3 260.5 258.0   8.1 275.5  74.2 238.3 236.6  86.0 222.1 127.7 238.2 204.5
 wrfout_d04_2016-04-15_06:00:00 999.0  90.6 123.8 265.6 115.0  77.8 110.8  24.7 104.7  29.1  63.9 143.2 999.0 337.9 237.3  92.7 250.6 353.3 229.4 252.6 257.3 347.1 266.3  89.5 237.1 235.9  85.0 220.8 127.6 228.0 200.0
 wrfout_d04_2016-04-15_07:00:00 999.0  90.5 128.4 196.3 120.1 132.3 103.3  18.9  77.4 337.5 101.7 144.0 999.0 355.4 276.6 141.1 251.5 347.0 228.1 253.8 257.1 350.9 244.5  98.6 237.1 236.1  94.4 231.5 136.9 224.5 209.3
 wrfout_d04_2016-04-15_08:00:00 999.0  84.1 143.4 141.6 140.3 167.5  65.8  42.2  55.1  14.7 113.3 139.4 999.0 351.1 288.4 148.1 248.3   1.5 229.2 254.2 254.7 349.6 253.1  92.5 239.7 241.2 101.6 239.4 146.7 215.3 225.2
 wrfout_d04_2016-04-15_09:00:00 999.0  86.6 161.3  22.4 100.9   5.4  66.2  19.6 338.6 265.9  88.5 136.8 999.0 337.3 238.7 141.8 247.3   5.9 225.2 263.7 247.2 342.2 258.9  83.0 243.0 245.8 145.2 248.6 130.7 211.9 243.6
 wrfout_d04_2016-04-15_10:00:00 999.0 103.5 130.0 128.6 102.4  40.0  32.6 232.1  60.5 220.0  48.6 152.4 999.0 340.4 210.5 149.1 215.7   1.7 222.3 274.7 242.6 341.3 265.1  59.6 247.3 253.6 192.0 252.0 139.9 209.2 265.0
 wrfout_d04_2016-04-15_11:00:00 999.0 106.0  76.0  97.4  73.6 106.1  68.4 224.4  14.2 251.9  11.0 149.0 999.0 338.6 228.8 181.7 202.2  14.1 208.1 281.1 240.3 356.6 249.7 341.1 252.7 254.0 206.6 257.4 359.5 198.4 270.4
 wrfout_d04_2016-04-15_12:00:00 999.0 121.5 156.4  52.7 145.3   6.1  96.9 247.5 189.6 257.4   7.7 172.9 999.0 309.4 210.2 226.4  47.8  18.3 199.5 291.5 238.8   5.0 296.0 246.7 250.6 244.3 202.6 262.4  23.0 199.3 283.4
 wrfout_d04_2016-04-15_13:00:00 999.0 131.8 155.4 287.9 149.5  84.1 191.2 256.8 238.6 280.1 357.8  20.1 999.0 315.3 158.6 254.0  32.2  24.7 198.7 330.0 240.0  16.6 359.7 269.6 243.4 250.2 196.8 257.0   7.6 188.5 272.7
 wrfout_d04_2016-04-15_14:00:00 999.0 143.9 203.9 162.6 200.4 225.2 246.1 138.4 201.8 201.8  17.1 359.0 999.0 349.1 241.5 255.0  49.4  46.1 198.2 316.0 238.0 353.7 331.3 255.0 244.1 252.4 200.2 243.1  26.1 184.3 222.3
 wrfout_d04_2016-04-15_15:00:00 999.0 158.1 216.8 130.0 234.2 218.1 330.1 192.3 198.6 165.2  31.7 347.9 999.0 354.4 202.4 260.9  44.9  52.3 200.8 353.1 235.5  73.2  49.4 234.8 213.2 190.0 239.7 223.9 349.3 173.4 215.4
 wrfout_d04_2016-04-15_16:00:00 999.0 160.3 218.1 120.1 239.1 220.0  98.6 226.3  63.8 254.3  37.9   4.3 999.0 346.0 170.6 239.9  57.8  42.5 202.2 353.2 234.5  98.6  45.6 250.2 223.2 128.9 224.9 204.6 347.0 170.1 194.6
 wrfout_d04_2016-04-15_17:00:00 999.0 149.3 214.0 125.6 248.6 148.6 308.2 225.4 306.9 270.0  22.9 357.1 999.0 312.5 197.0 236.9 159.2 210.8 201.9 312.1 233.3 226.8  52.5 262.2 176.8 207.1 202.0 181.4 342.2 163.4 170.4
 wrfout_d04_2016-04-15_18:00:00 999.0 129.2 204.6 343.8 280.4 133.0 233.8 210.3 147.5 225.3  26.6 358.0 999.0 297.3 168.0 241.3 177.4 269.7 200.3 260.3 233.1 257.0 133.6 254.0 188.0 176.0 206.6 178.3 346.5 158.5  49.2
 wrfout_d04_2016-04-15_19:00:00 999.0 147.8 186.0   2.2 347.6  34.3 256.9 200.5 143.8 217.1   1.9 352.8 999.0 339.8 124.5 225.8 180.0 176.9 198.6 216.5 233.4 241.4 165.6 256.7 191.5 189.2 234.5 170.6 328.8 156.4  84.0
 wrfout_d04_2016-04-15_20:00:00 999.0 145.9  78.5 324.5  11.7 302.8 284.1 216.5 198.8 267.0 344.9 352.9 999.0   8.9 128.1 227.3 186.7 185.5 198.9 204.2 234.4 184.4 180.9 254.6 177.2 173.9 264.2 165.9 289.9 146.1  90.5
 wrfout_d04_2016-04-15_21:00:00 999.0 132.6 155.3 319.4  13.9 279.7 277.4 234.4 224.7 262.1   6.2  38.6 999.0 267.9 169.3 231.0 204.5 202.7 197.3 191.6 233.5 184.5 178.6 257.2 170.3 176.8 263.8 171.6 276.5 145.5 102.4
 wrfout_d04_2016-04-15_22:00:00 999.0 195.4 244.3 319.8 325.2 240.4 274.3 229.9 238.2 181.4  31.1 152.9 999.0 170.3 157.5 230.0 213.6 211.6 196.0 195.3 231.6 195.2 182.0 259.6 185.4 179.7 237.4 172.8 279.2 156.7  91.8
 wrfout_d04_2016-04-15_23:00:00 999.0 235.2 252.0 279.1 279.0 225.8 250.5 205.3 250.3 168.2  30.6 174.9 999.0 190.3 177.9 224.0 236.7 204.1 202.0 202.3 233.6 194.0 181.0 221.9 173.9 171.2 215.4 167.9 268.8 165.8 116.1
