 wrfout_d04_2016-10-22_00:00:00 999.0 168.9 270.4 151.3 280.5 219.4 342.4 231.6  10.5 223.6  27.1 170.1 999.0 187.8 165.5 214.7  16.7 179.5 199.4 183.0 191.8 173.9 179.5 215.8 187.6 180.2 217.5 158.7 132.7 162.4 123.9
 wrfout_d04_2016-10-22_01:00:00 999.0 180.2 276.9 197.0 271.2 224.8 288.3 230.3 222.1 261.1  30.1 173.9 999.0 189.5 192.6 206.8   8.9 181.3 201.3 187.8 190.9 175.0 180.9 200.4 185.1 179.5 202.5 160.7 151.5 167.3 139.6
 wrfout_d04_2016-10-22_02:00:00 999.0 183.3 250.1 301.0 238.2 250.9 266.5 243.3 187.8 261.7  34.4 176.1 999.0 193.7 191.7 191.8  19.2 182.9 204.0 190.0 190.0 175.6 176.2 196.3 184.5 180.1 194.8 163.2 144.0 169.9 145.8
 wrfout_d04_2016-10-22_03:00:00 999.0 184.9 258.7 299.9 243.2 348.1 215.8 249.4 149.3 217.8  59.6 179.4 999.0 198.6 195.9 183.3  19.4 182.6 206.2 191.0 192.5 176.8 177.4 194.3 187.1 182.1 194.3 168.4 156.8 173.5 150.2
 wrfout_d04_2016-10-22_04:00:00 999.0 185.8 279.2 310.2 262.5  17.4 217.4 239.5 162.9 244.5  56.4 176.9 999.0 204.6 199.5 178.3  11.3 184.2 209.5 191.7 196.8 178.3 178.3 193.8 190.1 183.6 190.9 171.2 157.9 175.0 156.7
 wrfout_d04_2016-10-22_05:00:00 999.0 182.5 260.3 315.9 249.8   3.5 259.2 240.2 170.5 254.0  60.6 173.6 999.0 214.8 199.1 175.7 351.0 184.6 212.3 192.4 200.8 178.3 180.2 192.6 193.2 185.4 189.8 174.5 157.9 178.9 163.2
 wrfout_d04_2016-10-22_06:00:00 999.0 179.3 267.0 330.8 257.8  14.9 303.8 233.2 206.7 251.8  80.9 175.9 999.0 217.6 203.0 175.5 338.5 184.0 211.0 191.1 204.6 180.4 180.8 192.8 194.4 185.3 187.6 175.3 169.2 181.0 163.8
 wrfout_d04_2016-10-22_07:00:00 999.0 183.9 249.7 324.8 251.0  25.6 324.0 227.1 229.2 245.6  95.2 172.3 999.0 219.8 204.3 176.5 292.3 187.8 212.8 195.5 208.7 180.6 180.6 193.9 195.9 187.8 189.9 177.2 170.2 184.9 167.6
 wrfout_d04_2016-10-22_08:00:00 999.0 187.7 263.5 351.0 272.1  22.1 331.2 230.0 271.7 244.3 102.3 167.2 999.0 219.6 212.4 179.1 273.3 187.4 211.9 206.5 212.6 180.7 178.2 199.0 198.1 189.0 190.5 175.5 175.7 186.7 170.2
 wrfout_d04_2016-10-22_09:00:00 999.0 193.5 268.9   2.4 285.7  42.2 351.0 226.8  33.5 239.2 104.7 174.2 999.0 210.2 224.4 185.4 326.9 189.5 205.2 214.0 212.9 183.7 180.9 202.7 199.4 190.4 192.8 175.2 185.7 188.5 175.5
 wrfout_d04_2016-10-22_10:00:00 999.0 215.3 250.8  44.0 278.9  89.6  69.6 225.9  64.4 238.8  75.5 191.0 999.0 204.6 214.9 191.5  40.3 189.5 202.2 206.2 214.8 184.3 178.8 206.4 203.4 190.9 193.9 175.5 196.9 188.6 177.4
 wrfout_d04_2016-10-22_11:00:00 999.0 234.5 241.2  18.4 266.7 133.8  94.0 225.2  89.6 228.9  10.2 209.4 999.0 187.9 201.6 205.7  41.6 189.2 202.0 197.8 217.8 186.1 173.4 205.7 193.9 188.2 194.9 173.0 192.0 189.2 181.9
 wrfout_d04_2016-10-22_12:00:00 999.0 218.5 231.5  78.6 261.9 170.2  95.8 224.1 105.1 204.5 311.6 241.4 999.0 187.0 184.5 210.8  42.6 187.6 203.3 192.2 217.4 185.4 177.1 209.6 183.2 185.2 196.5 175.6 192.7 187.9 190.8
 wrfout_d04_2016-10-22_13:00:00 999.0 198.7 221.4 110.2 241.7 198.8  90.3 231.1 202.4 233.1 283.7 132.3 999.0 196.3 182.5 211.7  51.3 184.3 207.9 198.1 215.8 183.1 176.9 214.2 158.7 175.9 195.8 165.7 194.8 189.3 198.4
 wrfout_d04_2016-10-22_14:00:00 999.0 180.8 225.2 123.3 240.7 208.9 106.4 231.3 151.1 233.0 284.8 182.1 999.0 187.2 173.8 218.5  86.6 184.9 210.8 188.5 215.3 182.6 176.6 216.1 165.2 153.6 192.9 168.5 196.1 190.6 201.6
 wrfout_d04_2016-10-22_15:00:00 999.0 172.6 230.9 109.9 250.3 263.7 307.7 229.9 127.6 242.0  79.9 100.9 999.0 184.0 167.8 228.7  56.7 184.8 210.6 181.1 215.9 182.1 176.3 219.1 153.9 151.8 193.6 166.3 198.3 190.8 205.0
 wrfout_d04_2016-10-22_16:00:00 999.0 185.1 235.3  92.3 252.4 197.9 161.6 235.4 119.3 245.2 120.4  83.8 999.0 188.4 173.6 240.7  42.1 184.4 207.1 181.0 218.1 180.7 175.6 217.3 151.5 161.8 193.3 171.1 201.7 191.9 214.3
 wrfout_d04_2016-10-22_17:00:00 999.0 189.7 240.0  55.6 256.0 203.5 221.6 236.4 126.1 248.6 349.1 202.9 999.0 187.7 175.8 246.8  53.8 190.0 205.8 183.4 222.5 183.7 174.9 219.3 137.4 143.7 192.9 174.6 205.1 194.5 224.3
 wrfout_d04_2016-10-22_18:00:00 999.0 183.2 244.1  41.2 260.0 229.4 202.9 233.8 162.2 247.0 274.9 283.2 999.0 183.2 174.2 257.9  45.6 193.9 208.6 193.7 225.5 187.0 177.1 222.9 135.0 127.7 190.5 176.3 207.7 195.9 229.6
 wrfout_d04_2016-10-22_19:00:00 999.0 216.7 243.8   0.0 258.1 231.5 218.3 234.0 132.1 244.6 199.4 309.4 999.0 181.5 171.6 273.3  43.4 201.3 211.1 198.6 227.1 193.0 175.7 223.9 153.5 128.0 190.2 181.9 211.4 196.5 241.0
 wrfout_d04_2016-10-22_20:00:00 999.0 222.4 244.5 252.3 256.4 222.6 225.6 237.6  90.9 242.5 114.5 303.9 999.0 170.7 168.3 272.3  43.7 205.9 209.8 204.6 227.5 197.4 170.0 224.4 150.5 112.6 194.0 191.4 217.1 201.5 253.4
 wrfout_d04_2016-10-22_21:00:00 999.0 234.3 245.8 248.2 254.8 217.3 241.4 239.8 169.6 252.0 197.0 131.4 999.0 161.6 156.4 276.6  35.8 208.5 210.2 215.7 226.9 199.3 183.8 230.3 106.6  87.2 197.5 189.7 225.8 204.8 254.8
 wrfout_d04_2016-10-22_22:00:00 999.0 237.2 248.1 253.8 253.9 220.7 136.6 237.7 200.2 259.4 138.2 245.1 999.0 167.9 125.9 323.3  48.1 210.5 209.9 278.1 227.4 207.0 184.1 242.8 136.4 105.7 216.7 210.0 228.8 206.5 243.1
 wrfout_d04_2016-10-22_23:00:00 999.0 243.2 249.8 259.0 251.3 233.0 200.3 241.2 217.4 250.4 212.3 283.0 999.0 176.9 169.4 328.1  30.2 215.7 209.6 200.1 233.5 218.1 179.5 255.0 103.9  79.9 254.2 226.5 228.0 204.3 243.2
