 wrfout_d04_2016-10-21_00:00:00 999.0 148.3 153.7 128.0 139.9 144.7 127.8 209.1 131.9 217.0 140.7 144.0 999.0 302.5 205.4 154.6 240.8 147.3 168.5  74.4 145.8 142.6 160.5 176.4 162.5 156.8 114.3 143.8  99.3 144.9 121.2
 wrfout_d04_2016-10-21_01:00:00 999.0 144.8 155.1 131.9 141.4 140.8 151.5 210.4 164.8 183.7 129.0 147.3 999.0 341.8 310.9 233.2 225.4 143.2 190.6 347.1 148.2 142.7 160.3 191.3 163.2 159.3 153.0 142.4 104.0 147.2 120.3
 wrfout_d04_2016-10-21_02:00:00 999.0 143.7 157.0 139.6 148.0 154.2 145.0 259.4 131.6 254.2 139.1 144.9 999.0   3.6 306.3 185.7 237.1 146.2 180.2   1.1 145.7 141.3 158.3 181.5 161.3 155.0 154.1 143.5 102.6 151.0 125.5
 wrfout_d04_2016-10-21_03:00:00 999.0 149.4 167.3 137.3 160.6 156.1 162.0 239.5 206.7 268.0 140.5 140.1 999.0 350.5 340.9 182.8 349.2 150.4 196.2 303.7 153.0 148.9 156.1 188.4 160.6 155.3 159.1 142.6  99.8 153.6 124.7
 wrfout_d04_2016-10-21_04:00:00 999.0 152.0 157.6 136.6 147.6 148.4 148.7 254.3 199.0 261.9 130.6 161.8 999.0 358.5 350.6 182.0 297.3 148.5 220.6 216.4 160.8 150.1 157.6 202.9 159.7 157.1 160.5 142.8 101.9 156.2 122.5
 wrfout_d04_2016-10-21_05:00:00 999.0 157.2 162.4 130.2 150.6 159.5 154.4 259.1 165.4 278.9 143.0 169.0 999.0 346.2 353.5 174.8 251.5 149.7 232.6 205.5 169.6 151.3 155.3 199.5 159.6 157.4 170.3 147.2 105.6 160.2 126.1
 wrfout_d04_2016-10-21_06:00:00 999.0 157.8 168.9 144.9 157.3 159.9 149.1 269.8 166.9 291.5 141.3 163.5 999.0 350.0 349.8 193.3 254.7 149.0 225.9 183.4 167.4 151.2 164.7 203.4 163.7 163.7 164.8 145.4 120.9 160.6 127.3
 wrfout_d04_2016-10-21_07:00:00 999.0 163.5 168.4 308.7 150.3 163.7 144.7 264.1 199.7 287.9 138.0 166.8 999.0 358.3 344.4 189.5 259.7 153.4 214.1 173.8 175.7 150.4 166.9 195.1 164.8 164.5 159.1 149.6 116.0 159.2 124.9
 wrfout_d04_2016-10-21_08:00:00 999.0 163.8 158.6 324.6 137.5 164.7 139.7 271.6 134.5 303.0 138.8 160.0 999.0 309.6 271.6 186.1 235.8 154.1 213.4 177.0 172.4 151.1 173.3 199.9 167.8 167.5 161.7 151.3  93.8 156.0 120.0
 wrfout_d04_2016-10-21_09:00:00 999.0 160.7 155.7 318.3 124.7 163.1 123.5 261.8  69.2 315.4 132.2 164.9 999.0 263.0 255.0 193.4 233.1 154.9 217.1 176.2 175.7 152.6 170.0 210.3 168.7 169.4 180.3 149.7  65.6 154.5 118.6
 wrfout_d04_2016-10-21_10:00:00 999.0 162.3 153.8 309.7 118.8 162.5 120.8 163.1 336.0 321.7 129.9 168.9 999.0  30.7 260.9 200.8 170.7 156.3 196.6 177.7 175.4 154.1 168.9 237.9 169.2 168.3 177.3 148.2  76.1 155.7 114.0
 wrfout_d04_2016-10-21_11:00:00 999.0 159.5 160.2 123.8 127.4 164.6 104.0 143.3 233.4 248.5 100.8 171.4 999.0  18.8 316.8 207.5  82.4 159.1 201.5 171.4 174.4 157.5 166.9 237.8 167.4 164.9 190.3 150.2  73.3 156.1 118.0
 wrfout_d04_2016-10-21_12:00:00 999.0 160.1 160.7 123.5 131.8 161.9 133.3 242.0 208.9 240.6 106.4 171.8 999.0  22.7  86.1 201.4  58.7 159.8 199.1 176.9 176.5 158.6 165.9 239.2 169.8 166.2 255.9 149.5  43.0 151.5 114.0
 wrfout_d04_2016-10-21_13:00:00 999.0 165.3 158.4 123.2 124.8 162.0 119.8 206.0   7.7 136.7  87.3 171.9 999.0  27.3  49.5 204.6  60.1 160.9 200.8 169.0 175.7 157.0 168.1 234.1 171.1 167.4 325.1 153.0  69.2 157.2 112.1
 wrfout_d04_2016-10-21_14:00:00 999.0 164.0 159.5 126.3 122.9 166.7  95.3 177.0 245.8 150.5  81.8 170.0 999.0   8.0  42.4 219.3  61.5 161.7 203.0 175.0 174.2 158.7 173.7 254.1 169.5 167.3  20.7 151.1  97.3 153.7 120.4
 wrfout_d04_2016-10-21_15:00:00 999.0 160.2 174.4 130.8 140.0 171.6 122.9 170.8 179.4 108.3  57.8 167.7 999.0  23.5  20.9 218.4  49.4 163.0 201.6 175.8 174.1 160.2 174.1 250.7 174.5 170.7 275.6 150.1  79.3 156.1 112.5
 wrfout_d04_2016-10-21_16:00:00 999.0 160.1 175.4 131.3 131.8 174.5 106.0 221.3  83.5  68.1  27.8 168.1 999.0 194.2 230.4 209.5  83.7 164.7 198.7 175.5 170.9 162.9 172.6 229.7 176.4 172.3 208.2 149.2 129.2 156.5 118.0
 wrfout_d04_2016-10-21_17:00:00 999.0 166.3 193.0 132.8 145.7 182.4 309.8  63.1  54.7  94.5   9.0 164.7 999.0 268.5 181.8 212.8  87.5 170.0 196.5 171.6 177.0 165.2 171.4 256.3 175.0 170.6 163.8 149.5 114.4 156.8 118.9
 wrfout_d04_2016-10-21_18:00:00 999.0 171.5 212.7 134.0 171.9 184.3  61.9  82.8 296.8  82.7  11.5 158.8 999.0 143.7 247.4 213.3 150.3 171.4 192.3 177.5 179.0 167.1 172.7 244.6 173.0 170.0 305.2 152.2  96.2 155.5 118.6
 wrfout_d04_2016-10-21_19:00:00 999.0 172.5 215.2 141.3 168.4 196.6  76.6 123.1  30.3  77.8  25.0 169.0 999.0 289.4 262.9 207.8  91.4 172.5 192.8 175.6 177.4 166.9 177.8 206.6 174.8 170.6 322.0 151.3  77.0 155.3 117.6
 wrfout_d04_2016-10-21_20:00:00 999.0 175.2 210.9 150.6 126.7 199.8 307.3 135.7 184.5  86.8  18.3 173.2 999.0 319.4 337.5 217.4  76.3 174.9 191.5 175.7 178.8 168.6 178.8 228.0 179.0 174.1 301.2 155.5 115.2 155.6 112.7
 wrfout_d04_2016-10-21_21:00:00 999.0 178.7 216.8 148.6 125.8 215.0 335.4 139.2 160.4 100.4  17.0 173.9 999.0 233.3 235.5 209.2  55.2 178.1 192.4 178.9 182.4 172.4 177.0 243.5 182.3 174.8 293.3 156.9 104.3 155.6 117.1
 wrfout_d04_2016-10-21_22:00:00 999.0 174.0 219.8 150.8  94.8 219.7 322.5 139.9  30.1 101.7  18.2 170.6 999.0 227.3 222.5 211.9  48.9 179.7 195.5 178.7 184.7 173.0 176.5 239.0 187.6 180.5 287.3 158.6 101.7 157.0 116.8
 wrfout_d04_2016-10-21_23:00:00 999.0 168.5 233.1 149.5 254.6 217.4 324.1 155.1  16.8 118.4  24.0 170.3 999.0 194.4 131.0 219.3  44.4 179.1 196.3 176.9 184.9 172.7 178.7 237.8 188.4 179.5 256.3 158.6 113.9 159.7 119.6
