 wrfout_d04_2016-12-22_00:00:00 999.0 318.0 289.8 329.9 297.7 261.2 277.5 284.2 301.8 230.7 180.4  47.8 999.0  38.7   2.4  29.2 225.6  16.3 231.5  24.2 219.0  11.7  23.6  10.6  11.7  14.1 356.5  18.8  29.6  31.4  21.9
 wrfout_d04_2016-12-22_01:00:00 999.0 330.3 306.5 337.6 312.2 288.6 315.0 308.6 326.5 318.4  99.7  57.5 999.0  21.1 353.8  45.5 319.8  16.4 233.8  16.0 233.2  19.8  10.2  63.1   9.8  11.9  41.7  16.9  54.8  37.3  47.5
 wrfout_d04_2016-12-22_02:00:00 999.0 337.1 314.8 346.9 325.4 338.6 323.2 331.2 332.1 301.8 107.6  55.2 999.0   0.6 344.3  45.2 340.0   7.6 250.9   8.2 241.1   9.3   1.8  72.3   3.7   6.4  66.5  11.9  71.2  47.0  47.9
 wrfout_d04_2016-12-22_03:00:00 999.0  21.6 343.3 347.5 350.5 349.2 294.4 341.0 290.7 328.1  93.6  60.1 999.0 358.3 351.8  40.8   0.5  21.8 295.6   3.3 247.7   9.0 353.5  53.0 359.5   0.5  82.5   9.3  68.4  43.5  42.8
 wrfout_d04_2016-12-22_04:00:00 999.0  23.0 350.1 358.5   0.9 353.8 308.4   1.6 356.2 349.5 323.9  28.4 999.0   0.9 344.9  31.4 337.4  23.4 324.3   0.1 256.2  14.9 351.1  52.7 351.5 353.6  77.5   8.3  68.0  44.5  36.9
 wrfout_d04_2016-12-22_05:00:00 999.0  29.0  18.8 354.2  17.9  20.4 316.0   7.5 357.1 358.0  53.9  25.3 999.0  13.5 356.9  34.0 344.2  12.0  28.5 359.0 267.4  12.5 354.3  30.1 348.6 353.5  70.0 356.8  66.8  47.4  33.6
 wrfout_d04_2016-12-22_06:00:00 999.0  28.4  40.9  20.9  37.1  16.2  67.8   4.8 327.2  19.2  61.1  29.1 999.0   8.6 353.3  39.7 346.3  19.2  21.5 352.1 267.3  14.4 352.8  25.5 350.5 353.6  57.2 338.1  64.7  43.7  56.9
 wrfout_d04_2016-12-22_07:00:00 999.0  27.2  51.9  25.7  44.6  22.5  82.1  45.7  85.5  22.8  45.8  25.8 999.0   8.8 342.0  39.9 321.0  16.5  24.2 342.0 264.7  12.2 355.7  30.4 334.5 344.2  57.4 316.8  64.0  41.5  61.2
 wrfout_d04_2016-12-22_08:00:00 999.0  26.3  53.4  16.4  44.9  34.7  74.1  39.2  78.1  26.9  39.3  10.8 999.0  12.9 356.8  29.9 308.6  11.8  52.9 351.1 246.1   9.8 357.8  23.4 345.5 348.9  52.4 326.7  53.4  47.0  63.4
 wrfout_d04_2016-12-22_09:00:00 999.0  28.0  48.8  19.3  42.5  35.7  75.1  51.9  78.5  42.2  46.0  20.8 999.0  10.3   0.5  35.6 238.1  13.8  77.1 354.9 222.2  12.4 356.8  26.9 351.1 350.1  47.9 334.1  60.7  46.0  74.3
 wrfout_d04_2016-12-22_10:00:00 999.0  31.7  51.0  28.4  43.3  35.1  79.0  55.8  83.5  47.5  49.7   5.5 999.0  16.9   5.1  37.8 166.1  18.8 208.0 355.7 209.3  16.0   6.3  27.7 347.4 355.7  35.7 328.0  79.5  47.3  80.3
 wrfout_d04_2016-12-22_11:00:00 999.0  31.5  54.0  27.4  44.2  40.9  78.7  57.5  94.6  50.7  41.5   2.4 999.0  10.9   1.5  40.6 164.7  22.8 212.0 355.2 206.2  19.1   6.5  29.1 348.1 355.6  35.6   7.2  66.4  47.6  82.1
 wrfout_d04_2016-12-22_12:00:00 999.0  29.0  53.4  26.9  43.6  37.4  79.3  55.1  83.8  48.9  34.5 359.0 999.0   7.5 356.1  39.7 201.3  24.4 210.0 358.3 206.4  21.3   7.9  23.0 359.5   5.6  30.8 357.6  41.9  41.3  76.5
 wrfout_d04_2016-12-22_13:00:00 999.0  34.3  54.9  29.7  43.8  32.9  74.5  61.8  74.3  46.9  27.0 321.8 999.0  13.8   1.0  37.6 190.4  27.5 209.1 355.6 211.3  21.7   8.2  13.7   0.4   1.8   4.6   3.7  31.1  38.8  66.9
 wrfout_d04_2016-12-22_14:00:00 999.0  35.8  55.2  33.5  45.0  36.9  72.4  57.2  74.6  45.3  21.8 293.6 999.0  14.4   4.2  34.4 161.3  26.3 210.8 358.9 217.9  20.9   9.4  22.0 355.0 357.8 359.0   6.3  30.2  43.4  67.8
 wrfout_d04_2016-12-22_15:00:00 999.0  34.5  57.4  40.2  46.3  42.2  70.9  55.3  78.5  45.5  18.5 284.4 999.0  16.2   3.5  28.8 181.0  24.4 205.5   2.8 216.2  20.3   7.2  22.2 354.8 359.8  25.9 357.8  29.7  45.8  53.9
 wrfout_d04_2016-12-22_16:00:00 999.0  33.9  61.2  46.2  46.9  42.7  75.2  55.4  81.0  48.1  25.9 277.3 999.0  16.5   6.0  29.8 172.6  24.2 195.0 351.3 221.8  17.9   8.0  25.4   1.2   7.0  23.8   1.2  18.3  64.2  48.9
 wrfout_d04_2016-12-22_17:00:00 999.0  34.0  60.3  47.0  45.7  43.7  75.9  54.5  81.3  47.2  43.9 342.0 999.0  17.0   5.8  28.7 162.1  21.5 191.5 358.1 233.8  18.3  11.3  22.8 358.7   4.1  27.1 346.1  19.6  43.7  49.8
 wrfout_d04_2016-12-22_18:00:00 999.0  35.2  58.7  45.0  44.9  42.6  80.7  56.3  79.5  48.5  33.0 359.5 999.0  14.0   5.9  26.9 139.0  22.0 192.9 352.5 234.4  17.4  16.9  26.7 352.8 357.3  28.4 343.7  25.1  41.4  53.0
 wrfout_d04_2016-12-22_19:00:00 999.0  36.0  61.9  48.9  46.6  42.2  80.2  58.9  79.2  48.2  29.0   8.0 999.0  12.6   6.0  35.1 160.0  25.5 190.6 353.9 236.8  20.4  14.7  25.5 357.2 358.1  22.3 351.8  21.0  39.7  48.8
 wrfout_d04_2016-12-22_20:00:00 999.0  37.9  63.5  43.4  48.9  46.0  82.2  60.1  80.5  49.6  18.6 353.5 999.0  12.9   5.1  33.2 129.8  22.9 188.9 353.5 232.6  22.3  15.3  21.6 357.5   6.3  14.7 358.7  21.4  45.9  51.3
 wrfout_d04_2016-12-22_21:00:00 999.0  40.9  63.3  60.4  48.4  50.0  86.5  63.0  86.0  50.3   2.2 296.1 999.0  15.3   2.6  31.1 130.6  22.9 190.4 356.3 229.6  22.6  22.5  24.8 358.5   5.0  10.3 344.3  29.8  46.1  53.5
 wrfout_d04_2016-12-22_22:00:00 999.0  41.0  63.9  71.3  50.5  54.9  89.3  61.7  87.0  51.1   4.5 301.4 999.0  15.7   3.0  29.2 120.7  22.5 195.5 345.0 229.2  22.3  16.8  20.9 343.9 353.9  24.8 330.3  30.6  39.3  55.7
 wrfout_d04_2016-12-22_23:00:00 999.0  39.3  64.7  72.8  51.3  52.8  89.3  60.7  86.5  50.5 349.1 327.0 999.0  17.7 356.5  20.9 105.0  24.5 203.5 341.1 233.4  24.7  19.7  18.3 348.9   5.1  22.4 347.5  30.4  40.2  53.0
