 wrfout_d04_2016-07-08_00:00:00 999.0  91.2  97.6  85.7  93.1  92.3  83.0  67.6  76.3  60.7  96.6 117.2 999.0  13.0 352.9  57.2  32.5   0.7  32.9 348.1 118.8 356.4 347.3  89.8 339.3 344.5 150.5 307.3 233.3 191.1 248.0
 wrfout_d04_2016-07-08_01:00:00 999.0  85.1  99.1  91.5  92.6  88.3  81.2  64.4  81.4  65.1 104.0 117.7 999.0   8.1 353.1  98.1  33.3   4.4  85.8   7.3 110.5 352.0 352.6 115.4  24.0  16.3 136.1 314.4 195.2 191.1 223.7
 wrfout_d04_2016-07-08_02:00:00 999.0  94.3  95.7  98.4  91.2  88.3  84.5  64.1  80.1  61.1 100.9 118.2 999.0   2.7  12.2 118.5  14.4   6.1  94.3  20.5 116.3 348.8 351.7 140.9 359.8 355.4 143.4 297.9 198.2 191.3 217.7
 wrfout_d04_2016-07-08_03:00:00 999.0  90.9  97.8 101.6  92.2  90.7  85.5  69.6  81.9  62.5 101.6 116.5 999.0 355.4  50.7 130.9  41.6   2.1  99.0  18.7 117.0 356.9   8.9 134.6  32.0   7.2 159.7 252.1 181.0 194.8 223.6
 wrfout_d04_2016-07-08_04:00:00 999.0  94.0  98.1 106.3  92.4  92.4  93.3  70.4  95.2  66.9 104.6 117.8 999.0  21.6  66.6 114.7  15.5   4.2 111.1  32.2 117.7 351.5  31.8 156.3  80.9  39.4 163.7 237.2 189.6 198.2 219.2
 wrfout_d04_2016-07-08_05:00:00 999.0  97.3  98.6 106.8  93.8  98.5  94.1  70.7  93.0  59.7 104.2 121.7 999.0   5.5 150.1 122.1  92.2   9.1 152.1  30.4 122.2 359.5  57.9 158.6 154.3 163.0 175.7 220.3 200.6 193.1 227.2
 wrfout_d04_2016-07-08_06:00:00 999.0  91.0  95.2 107.4  89.9  98.5  95.4  68.3  91.9  71.4 106.2 114.8 999.0   4.4  23.8 126.9  78.5   8.8 153.9  93.4 139.2 353.1  63.5 157.6 167.0 186.8 167.7 219.5 209.3 216.3 220.6
 wrfout_d04_2016-07-08_07:00:00 999.0  86.8  96.9  99.9  91.2 100.0  97.9  68.8  94.8  71.9 100.1 121.0 999.0 324.9 313.9 115.0  97.6  21.2 170.2 120.8 141.6   7.2 119.8 170.6 169.6 191.1 169.3 204.8 197.0 214.4 226.5
 wrfout_d04_2016-07-08_08:00:00 999.0  89.1  98.5 102.3  92.0 100.6  93.0  67.0  90.1  61.1  98.7 116.9 999.0  17.5 339.2 123.4 265.8   3.2 175.8 124.3 136.6 345.8 189.3 163.0 177.2 182.9 174.3 215.0 206.7 208.2 235.1
 wrfout_d04_2016-07-08_09:00:00 999.0  94.7  98.9 108.1  93.7  95.6  89.5  67.6  85.6  65.2 104.7 116.3 999.0  89.0 192.3 147.0 204.3  19.0 170.7 153.8 157.1 345.1 187.7 158.0 183.1 186.5 172.8 221.8 243.5 234.5 223.8
 wrfout_d04_2016-07-08_10:00:00 999.0  97.8  96.5 113.4  92.0  92.3  90.4  55.9  79.1  57.0 109.7 133.3 999.0 334.4  22.2 138.0 302.6  26.6 174.3 147.3 141.0 322.6 183.9 171.9 190.0 186.5 172.8 211.0 184.7 210.6 205.4
 wrfout_d04_2016-07-08_11:00:00 999.0  99.8  99.7 107.2  93.0  88.9  85.5  59.2  78.6  58.8 107.5 141.5 999.0 349.4 346.5 151.5 208.9  32.7 177.1 149.2 138.6 285.7 199.2 165.3 189.4 192.5 186.4 214.0 188.7 192.3 199.7
 wrfout_d04_2016-07-08_12:00:00 999.0 104.3 101.2 102.2  94.3  95.6  88.1  63.7  85.0  57.7 109.5 130.6 999.0 354.6  12.4 150.2 284.4  62.1 181.0 159.5 156.4 239.8 199.7 162.9 197.0 196.0 181.6 208.4 193.6 192.5 198.6
 wrfout_d04_2016-07-08_13:00:00 999.0 110.0 107.2 109.5 100.7 101.6  89.8  72.1  92.6  75.1 118.9 137.1 999.0  56.5  33.5 146.6  21.5 104.0 192.8 162.3 162.7 231.1 195.5 177.2 189.9 189.0 184.9 234.7 192.1 198.6 194.8
 wrfout_d04_2016-07-08_14:00:00 999.0 112.6 110.6 116.4 106.7  91.0  88.4  70.0  86.0  84.6 121.0 130.6 999.0  68.2  52.2 153.7  10.8 131.5 182.1 164.1 164.3 227.0 191.8 178.3 192.1 191.8 180.4 211.0 184.6 198.4 194.1
 wrfout_d04_2016-07-08_15:00:00 999.0 103.2 118.9 115.5 113.3 145.9  88.7  80.5  70.9 116.9 122.7 162.1 999.0  62.5  40.4 158.8  18.2 169.6 173.0 159.2 156.5 235.1 189.0 178.5 190.1 189.6 180.1 201.8 182.6 195.7 200.0
 wrfout_d04_2016-07-08_16:00:00 999.0 115.3 114.0 113.9 112.8  98.6  75.6  66.7  79.6 197.9 136.1 146.2 999.0  23.4  36.9 162.4 351.8 183.9 178.9 171.6 149.0 241.7 190.1 176.2 184.2 184.5 185.1 198.9 197.8 191.6 196.3
 wrfout_d04_2016-07-08_17:00:00 999.0 115.9 121.9 122.5 116.2 110.9  91.6  76.4  81.9 292.6 134.3 142.1 999.0  35.1  20.3 156.9 151.6 217.7 185.7 174.9 179.4 222.7 199.3 183.5 196.3 198.7 184.0 201.6 180.6 197.5 199.0
 wrfout_d04_2016-07-08_18:00:00 999.0 118.2 129.1 123.3 121.4 121.8  94.6  92.3  73.3 150.2 130.8 143.5 999.0  61.2   7.7 152.9 338.5 224.5 180.4 181.3 164.8 216.4 197.2 179.7 194.7 195.5 187.0 197.4 197.1 197.3 202.6
 wrfout_d04_2016-07-08_19:00:00 999.0 117.3 123.5 117.4 117.2 120.7  96.7  84.9  86.6 219.5 131.3 144.0 999.0 114.1 137.6 141.3 269.7 246.9 184.1 175.5 160.9 227.5 207.0 177.1 202.5 199.3 187.7 196.4 188.3 197.5 207.9
 wrfout_d04_2016-07-08_20:00:00 999.0 117.3 124.8 124.5 117.3 127.5  94.9 100.0  71.5 227.0 128.9 141.8 999.0 144.9 146.9 154.5 218.9 227.0 203.1 176.5 180.2 225.5 201.0 186.4 194.6 193.0 188.4 195.8 211.8 203.4 212.3
 wrfout_d04_2016-07-08_21:00:00 999.0 119.8 133.3 126.5 126.1 134.1 101.4 149.0  96.8  65.9 135.4 142.9 999.0 179.6 151.9 152.2  88.7 216.4 201.0 188.9 187.5 224.6 207.0 192.4 206.9 195.2 188.5 190.2 210.3 201.2 206.1
 wrfout_d04_2016-07-08_22:00:00 999.0 134.4 133.1 131.9 128.8 118.9  87.9  77.3  81.7  78.1 134.1 141.6 999.0 175.1 197.9 166.4 313.8 214.2 191.2 172.5 182.3 217.1 200.3 196.5 196.7 193.0 192.2 195.4 214.6 206.0 207.2
 wrfout_d04_2016-07-08_23:00:00 999.0 130.9 132.4 133.1 129.0 121.3  88.1  62.2  84.9  45.2 134.4 136.1 999.0 166.9 180.8 181.7 235.8 209.7 196.4 176.0 181.8 212.0 192.8 197.0 191.5 188.9 189.5 204.1 220.2 206.6 211.4
