 wrfout_d04_2016-03-09_00:00:00 999.0  13.5  33.0  18.0  29.2  13.5  65.7  42.0 335.0  20.9 235.6 316.7 999.0 329.7 225.3  25.1 282.1 236.3 213.4 203.8 245.2 164.0 292.6  80.0 224.3 222.2 210.5 299.3 182.3 212.0 293.9
 wrfout_d04_2016-03-09_01:00:00 999.0  14.3  41.0  15.5  35.5  11.3  78.0  36.2  88.5  30.3  37.9  17.1 999.0 357.8 328.6  32.9 291.8 242.6 230.4 253.4 249.5 200.3 292.7  60.4 246.0 247.2  46.3 254.6 214.3 220.4 300.5
 wrfout_d04_2016-03-09_02:00:00 999.0  23.9  47.1  24.0  39.0  15.2  92.6  43.3  92.5  42.6  51.8  13.0 999.0   6.4 335.4  33.5  49.9 292.2 235.3 308.1 250.5 297.1 299.9  38.0 255.1 251.1  53.4 251.0 192.9 225.4 290.9
 wrfout_d04_2016-03-09_03:00:00 999.0  25.5  47.3  26.4  39.8  17.5  76.8  41.5  86.8  38.6  62.1  17.4 999.0  11.2 327.1  38.1 242.7 342.3 233.3 349.6 239.1 343.2 335.4  41.8 287.9 268.7  51.8 263.1 115.0 224.7 286.1
 wrfout_d04_2016-03-09_04:00:00 999.0  29.8  49.6  21.2  41.2  16.2  79.1  43.4  86.8  39.9  56.6  10.0 999.0  11.9 328.2  31.9 263.1  13.8 238.0 332.1 240.5   4.6 347.1  39.1 312.9 307.2  51.6 278.6  41.0 225.2 289.9
 wrfout_d04_2016-03-09_05:00:00 999.0  28.0  50.6  28.1  41.3  25.9  71.0  46.3  87.9  43.3  39.2 356.1 999.0  10.3 341.0  30.0 249.6  29.7 231.6 327.3 242.1  17.1 347.7  41.4 306.9 317.2  54.0 284.0  50.3 228.0 305.8
 wrfout_d04_2016-03-09_06:00:00 999.0  28.3  52.4  28.7  41.8  28.4  76.2  45.7  92.5  41.1  51.0 358.2 999.0  10.6 336.5  34.8 253.2  28.2 230.0 313.8 242.7  21.8 345.7  30.2 298.4 307.3  58.2 296.5  41.6 235.3 289.7
 wrfout_d04_2016-03-09_07:00:00 999.0  26.7  56.1  34.6  43.9  26.4  81.1  42.0  92.2  41.0  44.7 352.0 999.0   7.1 335.0  31.1 241.4  38.0 229.9 330.2 242.0  20.9 342.6  27.0 295.1 301.4  51.6 279.8  42.0 246.1 294.7
 wrfout_d04_2016-03-09_08:00:00 999.0  27.5  55.5  18.0  44.5  30.0  80.0  50.9  84.9  48.2  34.7 339.7 999.0   3.8 340.1  28.5 254.9  26.9 227.3 326.0 240.1  21.8 357.0  32.9 327.5 306.0  52.8 287.4  35.9   5.9 296.2
 wrfout_d04_2016-03-09_09:00:00 999.0  31.7  57.2  31.3  45.0  27.9  82.3  45.8  80.8  43.6  30.0 313.6 999.0  14.3 355.0  38.2 240.5  31.6 222.5 339.4 241.5  17.4 351.7  31.7 313.1 319.4  47.9 289.0  34.5  20.5  40.4
 wrfout_d04_2016-03-09_10:00:00 999.0  36.0  58.7  37.4  46.6  30.7  85.0  47.0  87.4  41.9  11.5 304.7 999.0  17.2 357.0  28.4 216.0  28.9 214.1 338.6 236.3  18.1   1.7  33.1 318.5 327.4  45.7 282.3  38.2  19.6  51.4
 wrfout_d04_2016-03-09_11:00:00 999.0  30.7  56.4  37.9  45.3  31.4  80.3  49.8  79.2  43.0  23.4 277.7 999.0  17.4   1.2  23.3 200.9  30.6 216.8 353.1 233.3  16.4   3.5  31.2 347.2 341.1  39.1 281.8  35.9  14.3  56.6
 wrfout_d04_2016-03-09_12:00:00 999.0  34.4  56.0  42.8  46.0  35.1  79.1  48.9  73.7  40.4 285.1 271.8 999.0  17.0 347.0  28.0 161.9  31.7 208.8 351.0 235.3  21.0   7.1  28.8   1.4   6.4  37.9 280.9  35.3  17.7  55.3
 wrfout_d04_2016-03-09_13:00:00 999.0  37.1  56.0   3.6  46.1  42.3  82.3  51.5  73.8  36.6 354.9 274.6 999.0  16.3 345.3  22.6  12.8  32.6 204.5 340.9 227.0  19.4  10.3  28.9 352.5   4.5  33.2 290.1  37.3  13.0  53.9
 wrfout_d04_2016-03-09_14:00:00 999.0  33.8  56.7  14.3  46.9  37.0  87.8  52.8  83.6  40.7 349.8 265.9 999.0  19.6 353.1  16.3 335.6  27.1 208.5   4.1 225.3  28.5  13.8  26.3  10.1   1.3  20.6 307.6  37.1  18.0  55.7
 wrfout_d04_2016-03-09_15:00:00 999.0  37.4  57.3 354.1  46.8  38.8  88.8  47.0  71.9  34.9  31.4 269.3 999.0  10.3 354.4  12.4 308.1  27.3 211.3 327.0 229.7  20.5  20.2  24.2 355.1 342.4  23.3 325.8  34.9  21.8  55.0
 wrfout_d04_2016-03-09_16:00:00 999.0  31.9  55.9  19.0  46.2  36.2  82.3  48.1  67.5  37.9 356.1 268.8 999.0  11.0 351.8  11.0  19.2  31.4 204.7 339.6 223.4  18.4  18.6  25.5 322.6 326.5  24.0 342.8  29.7  22.6  53.5
 wrfout_d04_2016-03-09_17:00:00 999.0  29.1  55.7  13.5  47.2  42.8 100.6  39.8  84.1  24.9   9.5 272.9 999.0  20.9 340.1  13.0 213.4  27.8 208.1 354.1 241.4  17.6  13.8  28.8 347.0 339.9  10.5 344.2  26.3  25.8  52.7
 wrfout_d04_2016-03-09_18:00:00 999.0  28.3  50.1   8.4  42.8  29.9  74.0  35.9  66.3  33.5  21.3 266.5 999.0  16.0 343.7  10.3  88.2  29.0 204.0 352.9 233.8  19.3   8.4  22.8 351.4 351.3   7.2 354.0  31.2  19.9  50.4
 wrfout_d04_2016-03-09_19:00:00 999.0  27.9  48.3  11.2  42.2  25.1  69.4  34.0  66.2  26.7   4.1 284.7 999.0  14.9   9.3  13.7  55.3  25.0 205.6 344.1 242.7  19.7  15.2  32.4   0.5 358.4   5.5 357.3  22.7  18.4  52.9
 wrfout_d04_2016-03-09_20:00:00 999.0  25.0  48.2  10.7  40.2  25.1  58.2  30.2  49.7  29.1 348.1 295.2 999.0  18.0 356.4  13.2 303.2  22.7 201.7   7.5 245.6  17.2  13.1  27.5 349.0 358.4 352.9   1.0   9.0  17.6  52.9
 wrfout_d04_2016-03-09_21:00:00 999.0  26.3  50.9   9.4  42.4  21.3  60.8  35.6  65.8  28.6 326.1 298.8 999.0  14.9   0.8  12.0  36.2  23.6 215.9 348.7 252.0  15.5  16.8  20.6   6.7   6.5   4.4   8.0   2.8  24.1  54.7
 wrfout_d04_2016-03-09_22:00:00 999.0  24.8  47.4   9.0  40.2  25.9  70.2  36.9  50.6  34.6 337.9 304.8 999.0  15.4 358.6  26.3 340.6  23.4 220.8 348.3 257.0  19.2  22.1  21.7 354.3 357.7 351.9 341.7   3.6  22.6  54.1
 wrfout_d04_2016-03-09_23:00:00 999.0  25.8  49.0  14.2  41.4  27.4  78.4  37.1  78.3  32.2 350.6 305.9 999.0  18.2   2.6  21.3 251.7  25.6 216.1 345.3 259.4  19.2  27.8  25.1 359.2   1.6 349.5 358.0  15.4  20.5  56.1
