 wrfout_d04_2016-01-17_00:00:00 999.0 260.0 236.5 289.7 264.6 230.0 303.4 232.5 270.6 277.3 141.2 286.3 999.0  44.8 190.2 221.1   8.8  45.4 222.9 357.0 254.7  61.7  43.1 250.4 357.7 359.3 229.0  51.2 272.1 184.5 153.1
 wrfout_d04_2016-01-17_01:00:00 999.0 270.1 230.4  86.2 252.7 235.0 307.5 244.3 277.5 253.6 220.1 296.5 999.0   0.7 332.8 214.2   5.0  28.1 220.8 352.0 257.6  19.3  37.2 218.1  54.5  65.8 205.8 334.6 219.5 189.3 164.3
 wrfout_d04_2016-01-17_02:00:00 999.0 295.1 259.4 287.4 280.3 236.8 284.4 345.9 268.5  17.7  72.9 355.3 999.0 356.9  14.3 183.7 350.8  44.2 226.6 330.2 258.4  30.8  15.6 204.7 331.1 329.5 198.1 160.3 175.4 191.9 189.5
 wrfout_d04_2016-01-17_03:00:00 999.0 291.6 250.0 317.4 268.7 220.1 296.2 308.3 266.1 316.3  57.3  38.3 999.0   3.1 228.8 145.0 341.2   9.7 224.7  26.0 265.6  84.9  17.4 202.3 355.2 353.2 188.2 250.1 184.2 194.3 213.0
 wrfout_d04_2016-01-17_04:00:00 999.0 304.1 280.1 323.4 286.8 253.1 293.5 332.5 272.2 332.4 111.3 339.2 999.0  27.5 293.1  57.3 332.8 359.3 223.7 351.2 254.9   5.3  63.7 206.6   8.8   4.8 206.9 249.5 289.5 207.1 232.6
 wrfout_d04_2016-01-17_05:00:00 999.0 316.8 292.3 295.1 287.2 242.8 283.4 297.4 262.8 345.8 254.7 326.0 999.0  20.5 344.6  73.0 261.9  44.0 230.5  29.8 260.9   6.9  64.8 186.6  22.1   7.6 196.2 257.2 229.5 213.6 252.7
 wrfout_d04_2016-01-17_06:00:00 999.0 319.8 308.6 328.5 311.3 301.2 254.8 286.0 234.8 246.1 273.4 318.5 999.0  14.9 357.1  34.7 218.6  35.1 231.3  14.0 270.1  12.8  10.3 185.2   0.5 345.9 195.1 274.6 243.3 237.0 259.6
 wrfout_d04_2016-01-17_07:00:00 999.0 327.4 316.3 321.6 305.6 296.2 278.6 269.3 241.0 193.1 306.4 319.3 999.0  37.2 357.8  34.2 224.6  13.8 237.2 345.1 280.3  12.9  18.0 179.4 349.4 346.3 228.2 288.0 241.5 244.1 268.5
 wrfout_d04_2016-01-17_08:00:00 999.0 336.3 320.0 330.2 313.6 309.1 300.7 290.0 285.3 131.8 316.1 328.5 999.0  22.1   3.2  43.5 212.2  25.7 238.1   7.2 280.3   5.2  27.0 210.0 350.2 342.0 220.0 298.4 234.3 245.4 273.1
 wrfout_d04_2016-01-17_09:00:00 999.0 348.6 329.1 334.7 327.3 317.8 298.1 323.5 260.0 330.7 317.5 330.4 999.0 353.9   9.5  30.7 180.5  32.5 239.1  16.9 273.8  24.4  31.6  27.5   0.0   9.6 226.7 317.4 215.1 249.4 279.9
 wrfout_d04_2016-01-17_10:00:00 999.0   6.9 343.2 351.3 351.5 327.9 305.3 354.0 317.3  25.2 236.7 348.8 999.0  12.6 332.7  52.0 212.0  31.8 247.4 358.7 275.5  35.3  17.9  39.0 344.0 360.0 240.6 326.8 196.2 256.0 282.8
 wrfout_d04_2016-01-17_11:00:00 999.0  10.9   7.4 333.6  15.8 339.0 262.8   4.3 245.5 345.7 113.7 350.3 999.0  15.3   4.6  59.8 201.2  21.7 240.5 332.0 275.9  25.9  15.0  38.0 355.6 355.4 265.9 341.3 189.6 258.4 302.3
 wrfout_d04_2016-01-17_12:00:00 999.0   7.5   6.4 350.1  22.7 352.3 263.4  19.6 232.4  46.5 109.7  13.0 999.0  12.9 335.8  49.5 172.6  24.4 232.2 358.3 269.9  20.1  11.6  38.0 340.9 358.0  46.4   5.0 207.5 260.5 312.0
 wrfout_d04_2016-01-17_13:00:00 999.0  10.7  23.0   7.9  25.5   6.3 355.9  31.6 345.1  27.8  66.0  11.0 999.0   8.0 343.4  34.2 203.2  12.7 230.6  32.9 266.4   6.2  11.7  28.9 354.4 359.4  42.2   5.9 275.7 264.7 330.9
 wrfout_d04_2016-01-17_14:00:00 999.0   8.5  23.9  14.3  26.8  11.8  72.0  37.7   9.6  28.6  45.8   9.8 999.0   9.2   2.7  37.1 225.9  15.5 220.8 356.6 256.8   8.3   3.2  23.8   6.3 352.7  35.3 345.4  12.3 268.0 325.9
 wrfout_d04_2016-01-17_15:00:00 999.0   1.5  23.7  15.3  26.1  16.8 262.9  28.8   7.3  33.8  45.7 350.4 999.0  12.6  10.6  32.5 194.2  15.7 214.4 340.8 249.5  12.2 357.2  19.9 344.2 359.0  34.1 343.7  19.7 276.3 318.6
 wrfout_d04_2016-01-17_16:00:00 999.0 359.4  21.7   7.4  26.8   9.8 256.5  28.4 353.2  28.2 130.8 348.9 999.0  25.1   5.0  32.4 277.2  12.4 206.9   0.9 246.5  14.5   7.1  20.9 348.5   1.0  30.1 343.8  18.5  15.6 337.8
 wrfout_d04_2016-01-17_17:00:00 999.0   2.8  18.2   4.7  24.4  10.7 289.2  32.1 355.0  27.7 152.1 349.2 999.0  13.0   9.0  33.2 222.5  18.3 213.8   6.9 240.2  13.4  12.5  20.6 354.1 356.0  18.3 359.2  16.3  20.4 321.9
 wrfout_d04_2016-01-17_18:00:00 999.0   3.3  15.7   8.6  21.4   2.8 329.1  32.1 353.5  43.3 151.0 325.5 999.0  15.0   3.7  33.4 209.2  17.2 210.9   4.1 236.9  14.5  11.1  19.9 355.2   0.4  28.0   6.3  15.3  24.1 331.8
 wrfout_d04_2016-01-17_19:00:00 999.0   4.5  15.1  12.8  21.3   5.2 122.9  36.2  24.1  43.7 191.6 302.5 999.0  19.9   2.0  38.4 207.4  22.9 209.1   9.7 236.3  20.3  15.4  26.0 354.8 359.8  31.0   0.1  19.8  23.2 323.9
 wrfout_d04_2016-01-17_20:00:00 999.0   6.9  26.4   3.8  31.1  13.2 187.1  37.5 143.1  38.2 246.3 320.7 999.0  13.7   2.1  44.0 203.0  31.1 207.0   2.7 237.5  22.1  12.8  25.5 354.7 354.2  29.4 356.0  31.6  27.0 332.1
 wrfout_d04_2016-01-17_21:00:00 999.0   5.9  20.1   7.2  25.0   5.8 186.0  47.5 150.5  41.8 188.1 301.5 999.0  17.1   8.5  44.3 199.9  37.5 205.8   2.9 238.3  28.6  14.5  25.6 355.4 357.3  21.6 356.1  26.8  25.5 355.0
 wrfout_d04_2016-01-17_22:00:00 999.0   1.2  24.0  16.5  29.8   5.2 158.7  50.2 159.8  56.9 191.3 318.9 999.0  20.3   8.5  39.6 193.1  35.0 202.2   6.8 238.3  29.1  12.5  22.2 354.8 359.6  13.2 358.7  26.2  30.6  13.6
 wrfout_d04_2016-01-17_23:00:00 999.0   5.9  31.3  21.5  34.4   0.8  82.6  54.8 112.6  50.8 223.7 319.3 999.0  16.0   1.7  39.0 192.6  32.1 205.8   2.2 237.1  26.3  13.0  23.0 352.3 358.3   5.1   0.4  21.6  30.1  41.4
