 wrfout_d04_2016-09-10_00:00:00 999.0  89.8 251.8 355.3 269.6  13.2 283.8 101.5  12.4 105.5  56.0 334.5 999.0 163.5 183.0  15.9  23.5 205.8 212.7 178.0 237.5 200.3 146.0 194.7 120.8 114.0 170.8 227.7 103.0 216.2 262.0
 wrfout_d04_2016-09-10_01:00:00 999.0  61.9 217.8 283.6 164.9  39.8 312.9  73.9 170.5  60.5 102.0  10.7 999.0 178.4 190.8  53.0  30.9 201.6 225.1 221.1 242.1 208.8 139.4 188.9 180.6 180.0 141.8 233.3 116.6 213.6 257.6
 wrfout_d04_2016-09-10_02:00:00 999.0  46.2 254.1 287.1 228.2  30.9 241.5  97.5  44.5  23.7  70.3  20.1 999.0 176.7 160.9  61.5   2.3 206.2 231.1 217.1 249.4 214.0 203.5 173.4 234.3 242.3 137.8 220.4  97.3 212.6 255.1
 wrfout_d04_2016-09-10_03:00:00 999.0  45.6 325.3  15.3 267.7  23.1  67.9  97.8  58.8 152.3  58.1  31.1 999.0 176.1 147.2  42.4 355.0 213.7 237.5 242.1 254.9 211.8 227.8 148.5 286.3 268.5 128.0 233.8  83.0 204.4 267.0
 wrfout_d04_2016-09-10_04:00:00 999.0  39.4 288.3 327.3 262.4  51.2 147.6  84.5  95.4 223.1  47.5  44.0 999.0 202.0 180.5  29.0  24.7 217.8 236.3 235.2 265.1 219.5 246.4 164.4 276.0 271.8 121.2 239.9  68.0 203.4 261.9
 wrfout_d04_2016-09-10_05:00:00 999.0  43.8 275.4 115.0 297.1  54.9  86.5 240.4  72.8 247.7  84.5 132.5 999.0 189.2 173.3  29.4  11.4 212.4 239.1 242.1 259.0 217.8 258.2 158.1 257.0 252.3 134.9 244.4  53.4 203.8 271.4
 wrfout_d04_2016-09-10_06:00:00 999.0  49.5 225.7 137.1 247.1  49.9  71.9 229.0  56.8 243.2  85.8 144.2 999.0 230.7 145.6  34.9 356.2 218.1 240.0 235.7 260.3 217.0 242.6 163.4 253.8 254.8 116.7 253.1  81.0 209.5 279.9
 wrfout_d04_2016-09-10_07:00:00 999.0  55.7 223.8 172.6 225.5  86.7 110.7 227.2  92.3 242.0  54.8  11.9 999.0 222.0 180.4  22.0 351.7 215.3 239.3 267.2 258.9 218.1 245.2 177.8 247.9 252.1  98.6 252.2  73.2 213.7 287.0
 wrfout_d04_2016-09-10_08:00:00 999.0  53.6 217.3 151.7 229.4  32.3  75.4 211.8  87.8 244.8 349.4  42.7 999.0 232.2 219.8  20.7 268.8 220.6 236.4 289.7 249.1 227.7 254.5 176.4 254.8 254.4  97.1 258.2  56.3 214.2 289.2
 wrfout_d04_2016-09-10_09:00:00 999.0  56.9 224.3 148.8 230.6  76.2  91.4 227.9  92.3 235.2  23.3 280.4 999.0 212.6 209.1  25.3 301.4 222.5 230.3 291.1 253.4 226.6 254.9 144.2 256.5 264.7  76.7 272.8  63.8 210.6 293.8
 wrfout_d04_2016-09-10_10:00:00 999.0  26.7 243.5  85.6 254.2 172.7  69.8 262.0  47.2 275.8 310.1 309.5 999.0 208.3 242.0  35.9 119.8 226.1 225.0 286.4 227.9 232.2 262.9 227.6 270.7 275.7  68.4 278.7  49.5 212.5 297.2
 wrfout_d04_2016-09-10_11:00:00 999.0  21.7 251.3 131.6 279.9  68.8  94.3 169.3  69.1 221.2 341.4 356.6 999.0 206.6 225.8   7.2 256.8 217.0 203.3 295.5 228.0 246.9 262.8 296.2 281.9 288.7  62.6 283.4 355.2 208.9 302.1
 wrfout_d04_2016-09-10_12:00:00 999.0  42.9 249.5  98.0 271.8 122.5 107.0 206.4 136.6 196.0 323.2 274.8 999.0 188.5 193.8 340.3  99.3 228.3 190.7 285.3 229.6 228.9 280.7 265.9 268.0 267.9  42.6 280.9 259.1 209.4 305.1
 wrfout_d04_2016-09-10_13:00:00 999.0  83.2 231.5 146.1 265.0  55.5  25.4 238.3  11.6 178.7 302.2 267.6 999.0 178.1 212.6  33.9 322.3 217.3 196.6 284.1 223.1 237.9 230.5 261.7 254.2 234.2  24.5 281.0 274.3 210.8 306.5
 wrfout_d04_2016-09-10_14:00:00 999.0 104.2 235.8 126.6 257.8 157.1  14.0 149.0  36.3 113.3 186.0 285.4 999.0 169.8 129.9  10.4 249.3 234.3 208.0 269.0 222.2 220.8 196.3 258.0 272.7 271.9  19.5 275.5 296.7 213.5 298.3
 wrfout_d04_2016-09-10_15:00:00 999.0 131.8 236.9 136.1 268.1 297.2  89.2 121.0 171.2 142.8 283.0 293.5 999.0 159.0 165.0   0.3 226.1 224.0 211.6 306.4 223.1 226.4 169.6 266.3 223.7 223.4   6.1 262.9 270.5 215.2 289.3
 wrfout_d04_2016-09-10_16:00:00 999.0 109.8 229.6 161.7 240.0 349.2 199.8 164.0  33.4 156.7 226.9 296.2 999.0 178.0 169.6 327.4 224.9 181.0 199.1 308.2 217.7 237.9  93.3 282.8  89.0 167.4  11.0 230.4 286.1 210.1 297.9
 wrfout_d04_2016-09-10_17:00:00 999.0 138.1 225.5 152.6 243.8 262.8 297.2 159.2  26.8 120.3 250.0 280.8 999.0 162.7 124.1 319.1 132.3 167.7 196.2  13.6 220.8 187.6  81.1 315.3  43.5  25.6  13.6 171.1 297.8 205.6 300.2
 wrfout_d04_2016-09-10_18:00:00 999.0 117.3 210.3 154.0 219.2 176.2 308.4 154.1 265.9 120.5 173.2 293.9 999.0 174.5 124.4 333.4  67.3 163.6 192.9  75.5 219.0 174.9  87.8 297.7  36.7 346.8   3.7 131.3 296.5 204.1 152.9
 wrfout_d04_2016-09-10_19:00:00 999.0 142.5 215.1 125.6 247.5 264.7  29.4 154.8 102.5 126.9  99.5  43.5 999.0 176.0  10.5   1.1 103.5 128.4 191.6 118.8 216.4 152.1  90.8 326.1  43.7  44.2 333.2 146.1 298.3 203.4  64.5
 wrfout_d04_2016-09-10_20:00:00 999.0 152.7 228.4 130.9 257.1 201.4 257.1 147.5  80.9 129.9 166.9 307.2 999.0 267.4 232.1 184.4  52.1 145.1 195.3 182.1 216.0 134.7 122.0 349.8  85.3  78.7 302.9  97.6 302.6 210.5  99.6
 wrfout_d04_2016-09-10_21:00:00 999.0 145.5 230.4 119.5 268.9 285.6   2.2 151.6  29.3 144.7 229.2 260.1 999.0 198.4 241.7 275.8 104.9 156.7 196.6 145.9 215.8 149.9 118.6 344.4 111.8 106.7 290.0 135.8 299.4 234.6 104.5
 wrfout_d04_2016-09-10_22:00:00 999.0 130.2 193.3 152.8 176.9 311.6 165.7 171.3  15.9 109.6 305.6  39.2 999.0 310.2 328.9 269.6 153.0 169.0 187.1 191.5 206.7 160.4 112.8 313.2 106.9 106.5 273.5 138.6 308.5 214.4 101.9
 wrfout_d04_2016-09-10_23:00:00 999.0 118.7 223.1 112.2 278.4 283.5  45.7 153.6  56.6 133.7   4.7 272.0 999.0 253.9 341.8 246.8 252.2 180.3 214.4 193.1 217.3 166.8 125.0  48.8  84.8  92.1 254.0 163.3 298.6 164.9 106.8
