 wrfout_d04_2016-06-03_00:00:00 999.0 229.9 248.5 288.1 260.5 216.7 309.5 239.9 300.2 243.9  85.8  75.6 999.0 196.1 191.0 171.8 358.4 190.3 228.0 201.1 258.8 204.8 210.3  95.1 206.9 221.4  57.9 264.8  84.9 243.3 281.3
 wrfout_d04_2016-06-03_01:00:00 999.0 243.2 250.3 302.6 262.6 237.0 297.6 242.3 293.3 241.4  34.6 146.4 999.0 206.8 190.4 156.7 286.0 192.5 231.0 205.7 259.8 196.5 213.3  77.0 237.3 236.8  76.4 261.5 196.9 242.2 284.3
 wrfout_d04_2016-06-03_02:00:00 999.0 233.5 251.6 283.4 263.6 250.4 270.8 244.8 263.9 237.4  79.3 135.7 999.0 223.8 199.5 151.4 249.0 197.5 235.1 210.5 266.4 206.4 222.7  71.8 247.8 244.9  74.1 264.7 253.3 241.5 286.2
 wrfout_d04_2016-06-03_03:00:00 999.0 232.2 255.6 273.4 267.0  24.5 280.7 233.7 262.8 247.2  94.4 142.0 999.0 229.7 201.0 140.3 244.7 197.9 238.6 217.1 272.8 199.8 224.9  79.4 248.4 249.5  86.1 265.8 268.2 242.3 286.1
 wrfout_d04_2016-06-03_04:00:00 999.0 236.0 253.2 284.9 263.9  41.8 269.3 241.5 261.6 248.2  95.8 143.1 999.0 231.0 212.4 136.5 248.1 200.7 242.1 229.0 277.1 188.9 231.3  80.7 252.2 251.3  95.8 266.4 258.3 242.6 285.1
 wrfout_d04_2016-06-03_05:00:00 999.0 229.0 256.6 271.0 265.9  47.7 277.5 244.1 266.6 248.9  85.0 150.3 999.0 228.7 213.3 119.1 242.4 196.1 241.4 231.3 278.9 188.2 228.6  72.7 250.5 250.0  96.0 269.1 253.4 244.3 282.0
 wrfout_d04_2016-06-03_06:00:00 999.0 188.3 260.2 287.4 275.9  47.4 285.5 245.6 270.7 250.0  77.1 150.4 999.0 228.5 219.9 111.8 242.5 194.9 240.9 236.0 278.8 188.1 225.4  79.4 252.5 251.4  83.6 267.4 235.3 244.5 281.4
 wrfout_d04_2016-06-03_07:00:00 999.0 184.3 260.6 300.7 281.4  50.9 299.5 242.0 277.1 248.1  70.3 147.3 999.0 227.2 224.5 100.3 241.3 193.7 239.1 239.9 277.6 189.8 222.4  77.0 250.1 247.7  79.7 266.7 239.4 244.6 278.8
 wrfout_d04_2016-06-03_08:00:00 999.0 172.7 261.0 307.3 284.3  37.1 308.1 241.4 270.7 250.1  56.0 138.7 999.0 224.9 228.1  96.0 238.4 194.3 234.9 239.2 275.1 194.5 216.7  69.7 247.8 244.7  76.4 267.5 242.7 244.5 277.8
 wrfout_d04_2016-06-03_09:00:00 999.0 152.8 255.1 315.7 282.9  34.8 307.3 240.8 269.2 250.0  63.9 137.0 999.0 222.5 231.5  80.1 234.5 192.8 224.3 236.4 271.5 191.3 211.1  62.8 245.6 239.5  80.6 264.9 238.7 245.0 277.0
 wrfout_d04_2016-06-03_10:00:00 999.0 155.7 244.9 302.2 271.2  26.9 296.0 235.1 238.5 245.1  60.1 125.4 999.0 213.5 221.2  69.8 224.6 191.0 192.2 234.7 264.8 186.0 206.6  59.2 236.3 230.2  82.9 263.4  63.0 246.6 277.0
 wrfout_d04_2016-06-03_11:00:00 999.0 155.0 237.5 162.9 263.2  24.5 235.1 232.0 224.7 243.7  19.6 130.1 999.0 206.0 212.5  61.7 210.1 191.8 169.2 224.8 261.6 191.4 200.9  60.7 228.7 219.7  77.6 262.4  27.8 248.7 276.3
 wrfout_d04_2016-06-03_12:00:00 999.0 159.6 226.0 137.1 248.6 239.6 199.1 232.4 237.9 243.0  22.1 130.0 999.0 192.5 197.4  43.4 221.7 194.9 179.8 211.0 261.8 193.5 192.3  55.9 220.2 209.2  93.0 257.2 329.1 250.2 277.4
 wrfout_d04_2016-06-03_13:00:00 999.0 177.2 218.0 142.1 230.5 337.1  97.2 229.9 200.7 241.2  44.1 123.5 999.0 188.8 186.4  33.8 212.1 195.2 188.1 203.9 257.8 196.4 188.3  53.4 209.8 205.6  67.7 247.9 356.7 250.8 284.0
 wrfout_d04_2016-06-03_14:00:00 999.0 157.0 218.4 140.2 229.2 352.9  67.7 229.4  78.6 241.0  54.6 109.7 999.0 185.6 185.1  19.3 226.3 195.0 185.3 197.1 255.2 194.5 182.6  51.7 203.1 200.2  39.9 235.7  11.5 250.1 279.3
 wrfout_d04_2016-06-03_15:00:00 999.0 171.3 218.7 119.5 234.4  10.7  65.2 230.8 105.8 241.8  44.9  25.3 999.0 183.8 178.5   0.3 234.9 199.4 194.9 191.0 251.6 197.2 186.9  52.1 198.3 199.8 329.8 225.3  27.4 247.7 278.5
 wrfout_d04_2016-06-03_16:00:00 999.0 187.8 228.6  94.6 251.2  33.9 348.1 232.8 301.9 239.7 119.7 350.7 999.0 185.5 187.9   8.6 296.8 204.1 200.2 190.5 249.8 205.5 193.7  97.9 197.4 195.3 320.9 224.1  31.6 245.6 276.8
 wrfout_d04_2016-06-03_17:00:00 999.0 207.2 240.8  64.6 261.5  36.1 253.9 228.8 176.1 238.6 145.0 337.3 999.0 188.4 168.8  10.4  20.9 204.0 199.9 188.8 248.1 207.4 188.8 156.0 196.9 195.4 310.7 224.2  38.1 244.7 277.2
 wrfout_d04_2016-06-03_18:00:00 999.0 214.9 241.4  68.1 265.1 220.2 218.5 224.4 174.6 235.5 162.2 335.7 999.0 183.2 164.7   2.3  43.3 204.3 198.1 186.5 248.1 207.9 188.3 148.2 183.3 183.3 309.6 227.3  18.8 245.2 278.1
 wrfout_d04_2016-06-03_19:00:00 999.0 221.3 238.7 155.4 261.3 223.4 261.0 224.2 150.3 234.1 151.5 351.4 999.0 181.1 166.3  14.3  46.0 203.7 198.0 185.2 246.8 207.7 184.7 203.8 147.4 159.0 251.0 231.1 330.2 246.2 279.1
 wrfout_d04_2016-06-03_20:00:00 999.0 243.1 238.0 177.3 259.3 207.4 232.3 225.4 167.2 236.1 140.1  15.5 999.0 181.9 172.4  19.7  43.1 202.4 199.9 186.6 245.3 208.2 182.8 229.1 139.9 133.3 224.2 238.0 261.6 247.1 278.0
 wrfout_d04_2016-06-03_21:00:00 999.0 247.4 240.2 195.2 261.9 206.6 262.1 227.1 170.7 237.3 157.8  13.3 999.0 183.0 176.6  10.6  41.9 202.2 200.7 185.6 244.3 206.4 178.0 227.7 145.7 124.0 254.9 243.3 232.1 248.5 279.2
 wrfout_d04_2016-06-03_22:00:00 999.0 251.7 241.8 242.9 262.5 211.1 257.0 228.5 206.9 237.7  80.3  16.6 999.0 183.6 179.5 354.0  30.4 202.5 206.7 186.5 246.8 204.6 179.1 100.1 149.3 134.0  27.8 253.0 233.1 248.7 279.4
 wrfout_d04_2016-06-03_23:00:00 999.0 251.9 241.9 247.4 257.9 215.5 242.7 230.0 224.3 239.8 136.1  25.1 999.0 187.7 187.1  43.2   8.1 204.3 219.4 195.8 251.8 203.8 190.6  90.1 183.0 177.3  63.9 257.8 237.5 248.6 280.5
