 wrfout_d04_2016-06-11_00:00:00 999.0 152.6 276.7 355.4 290.3 197.3 277.7 212.7 230.3 214.6  70.8  50.4 999.0 180.1 166.5 202.3 109.5 220.7 226.4 223.9 197.4 234.7 194.5 212.0 196.6 199.3 196.2 211.2 222.6 213.1 228.2
 wrfout_d04_2016-06-11_01:00:00 999.0 276.4 271.1 302.9 283.8 255.9 307.0 318.5 304.8 306.1 119.1 180.2 999.0 186.2 148.0 226.2 187.9 221.7 212.0 169.8 222.6 219.9 201.3 219.7 181.9 183.6 194.6 181.6 218.0 206.4 225.2
 wrfout_d04_2016-06-11_02:00:00 999.0 293.9 281.2 319.7 286.0 249.4 302.3 282.9 292.2 262.5 259.9 185.7 999.0 172.7 160.6 243.9 167.2 224.5 208.7 189.0 245.3 209.3 190.3 218.7 189.0 183.8 193.3 180.9 208.2 207.1 225.8
 wrfout_d04_2016-06-11_03:00:00 999.0 258.5 265.5 315.4 271.8 240.1 317.5 254.9 324.9 257.4 324.2 181.2 999.0 176.6 151.7 214.5 285.5 221.7 215.2 177.7 235.3 206.9 188.9 216.9 186.0 181.4 190.8 182.4 211.8 212.3 222.8
 wrfout_d04_2016-06-11_04:00:00 999.0 255.9 261.5 328.7 262.7   2.3 325.2 247.3 320.9 203.6  52.0 179.6 999.0 155.9 158.4 209.9 341.7 214.6 210.4 195.2 223.6 205.1 189.3 216.6 181.5 180.4 192.7 181.5 211.9 212.1 227.0
 wrfout_d04_2016-06-11_05:00:00 999.0 233.3 289.3 320.5 279.5  21.5 321.8 232.0   7.7 205.7  58.1 183.5 999.0 151.5 115.9 202.8 215.2 204.6 208.0 215.3 219.0 195.0 178.0 223.1 179.6 174.1 193.7 178.3 227.6 213.7 225.1
 wrfout_d04_2016-06-11_06:00:00 999.0 274.6 287.4 342.3 286.9  25.4 321.0 211.7  24.6 212.8  37.6 174.5 999.0 157.7 159.3 198.9 178.5 196.8 214.7 185.5 225.2 190.8 172.0 218.5 171.9 172.7 194.7 177.7 232.1 213.8 226.0
 wrfout_d04_2016-06-11_07:00:00 999.0 254.0 225.8  20.5 220.3  40.5  33.6 216.4 100.5 212.3  50.8 196.3 999.0 133.3 147.3 200.2 134.6 194.9 219.0 176.8 225.7 189.4 159.8 221.4 148.5 157.5 193.9 182.6 245.8 214.4 227.6
 wrfout_d04_2016-06-11_08:00:00 999.0 260.8 221.3 260.0 217.7  91.6  65.1 222.4 245.9 225.0  37.7 324.1 999.0 174.0 155.8 256.0  16.9 188.0 221.8 176.8 224.0 180.6 158.5 217.4 139.0 130.9 194.2 182.9 230.4 216.4 230.8
 wrfout_d04_2016-06-11_09:00:00 999.0 296.5 246.1 272.4 261.7 123.8 298.8 221.4 297.4 222.9  70.8 156.0 999.0 151.7 142.5 252.5 328.4 188.7 214.5 162.1 229.9 179.7 148.5 216.5 136.9 136.0 193.6 185.3 216.6 214.5 224.6
 wrfout_d04_2016-06-11_10:00:00 999.0 278.0 240.8 272.5 254.2 248.1 264.3 219.2 242.3 229.7  60.9 343.9 999.0 170.1 155.3 213.8  39.9 183.8 220.9 169.7 230.7 181.3 156.7 219.4 148.6 150.3 192.7 171.2 209.4 213.9 224.3
 wrfout_d04_2016-06-11_11:00:00 999.0 250.8 237.8 266.2 253.4 236.8 270.8 215.6 219.9 212.7  13.3 354.1 999.0 155.8 135.2 210.5  40.5 182.8 221.4 169.5 230.0 177.8 155.6 226.0 139.2 131.4 198.6 172.9 228.7 217.2 226.8
 wrfout_d04_2016-06-11_12:00:00 999.0 255.2 242.4 269.8 257.3 146.3 263.1 213.2 115.9 213.1  11.7 312.4 999.0 159.0 146.6 212.7 348.6 181.4 217.1 161.5 230.0 175.6 149.1 229.2 140.3 136.2 196.9 167.6 241.0 218.8 224.8
 wrfout_d04_2016-06-11_13:00:00 999.0 269.4 230.8 222.1 252.1 150.4 125.9 211.6 113.7 215.1 294.2 301.0 999.0 169.8 137.8 321.9 344.0 177.8 214.2 172.7 231.6 162.8 148.6 230.0 144.4 138.8 198.9 162.0 237.0 216.3 227.5
 wrfout_d04_2016-06-11_14:00:00 999.0 272.6 218.0  94.9 236.1 123.9  77.1 222.8  71.5 234.6 164.3 312.5 999.0 171.8 155.9 314.9  33.9 178.5 213.2 168.2 229.5 163.1 151.3 239.2 140.7 141.0 200.4 166.2 221.1 215.8 224.5
 wrfout_d04_2016-06-11_15:00:00 999.0 255.8 209.9  74.3 232.7  42.0  88.9 218.8  71.4 228.9 134.5 307.5 999.0 176.2 174.8 346.9  55.7 182.7 211.6 159.5 235.4 169.5 152.1 228.4 148.3 144.6 193.4 164.8 238.3 213.2 230.2
 wrfout_d04_2016-06-11_16:00:00 999.0 238.2 198.2 150.9 202.9 297.9 104.7 220.9  59.8 247.6 275.7 320.4 999.0 180.3 153.9  11.5  92.1 181.5 210.4 165.8 232.0 176.3 142.8 236.8 141.0 136.8 197.0 158.9 239.9 208.3 223.5
 wrfout_d04_2016-06-11_17:00:00 999.0 199.7 218.1 110.0 230.5  97.9  89.4 226.4  81.1 230.2 237.1 323.4 999.0 173.2 149.1  16.3 310.3 183.3 213.1 168.9 230.1 171.8 153.2 231.7 151.4 144.5 195.7 155.5 234.4 211.9 234.9
 wrfout_d04_2016-06-11_18:00:00 999.0 179.7 223.2  98.2 249.4 327.0  90.4 244.3  79.1 259.7 231.3 339.5 999.0 186.7 167.5 315.0 245.0 178.6 214.1 173.8 234.2 176.6 146.0 224.9 146.8 144.6 197.4 149.4 235.2 207.8 230.8
 wrfout_d04_2016-06-11_19:00:00 999.0 127.7 230.3 137.8 266.8 321.2 345.9 203.1 344.5 242.4 160.0 357.1 999.0 187.9 166.2  53.7  52.3 186.9 213.3 174.5 228.1 176.6 140.2 226.1 149.8 145.4 201.8 161.9 214.8 215.3 227.5
 wrfout_d04_2016-06-11_20:00:00 999.0 119.0 213.1  77.0 231.5 319.0 128.1 219.5 167.7 186.2 260.0  59.9 999.0 189.8 177.4 317.0 278.6 182.8 211.1 169.0 228.1 172.0 147.3 227.5 152.3 149.3 201.7 143.3 229.9 212.8 223.8
 wrfout_d04_2016-06-11_21:00:00 999.0 132.7 221.7 107.1 265.1  22.5 269.3 198.1  18.4 127.3 322.4  16.0 999.0 189.9 163.1 303.8 341.0 180.3 213.0 165.9 227.1 177.5 149.8 226.8 149.6 145.1 196.8 154.1 235.9 213.5 229.4
 wrfout_d04_2016-06-11_22:00:00 999.0 147.9 224.8 283.6 259.5 343.8 128.5 206.9 128.8 216.1 235.7  38.4 999.0 191.4 181.0 270.7 133.4 182.7 217.6 174.3 226.4 171.7 149.1 227.3 147.8 139.4 200.8 155.2 234.4 211.0 213.5
 wrfout_d04_2016-06-11_23:00:00 999.0 136.1 239.4 116.1 273.2  16.9 159.8 215.3 325.8 234.1 153.3  15.7 999.0 188.5 179.3 309.3 313.7 176.6 215.7 172.2 224.7 169.5 144.9 222.6 145.8 144.9 195.7 168.6 240.6 219.6 224.3
