 wrfout_d04_2016-06-25_00:00:00 999.0 257.2 240.8 267.7 246.9 229.0 246.9 235.1 234.4 246.0  60.5 348.6 999.0 195.2 184.1 183.1  10.1 196.9 225.9 194.0 272.3 193.5 195.1 202.8 189.4 190.6 197.0 168.9 190.8 179.7 149.3
 wrfout_d04_2016-06-25_01:00:00 999.0 243.9 250.0 283.8 251.5 262.5 250.0 236.5 239.1 243.9  78.6 114.3 999.0 215.1 202.3 173.2 357.4 198.6 240.4 197.7 307.2 194.1 200.0 195.1 205.2 197.8 190.1 178.5 160.8 180.2 158.4
 wrfout_d04_2016-06-25_02:00:00 999.0 237.4 253.9 289.0 261.4  30.4 254.3 242.8 242.9 250.0  95.8 141.6 999.0 231.8 216.7 167.9 280.2 201.2 249.2 199.3 307.0 194.3 203.4 191.7 208.0 204.1 187.7 187.3 159.8 182.2 162.9
 wrfout_d04_2016-06-25_03:00:00 999.0 235.0 254.3 283.8 266.6  48.5 258.2 247.3 253.4 254.5 102.5 150.1 999.0 239.2 221.6 164.8 261.6 205.4 259.3 206.6 312.5 196.6 217.5 189.5 213.4 209.4 185.2 203.5 152.3 183.2 166.8
 wrfout_d04_2016-06-25_04:00:00 999.0 217.5 255.8 287.8 270.6  52.4 278.9 248.6 277.8 256.4 102.4 149.9 999.0 240.9 223.7 160.6 262.6 212.2 265.1 219.3 335.2 200.4 221.7 188.5 224.3 220.1 185.4 211.1 152.5 183.6 172.4
 wrfout_d04_2016-06-25_05:00:00 999.0 194.5 259.7 292.7 273.8  49.9 297.3 249.1 286.0 257.0  95.7 152.3 999.0 245.5 240.9 159.8 266.7 216.5 248.4 247.6 299.3 205.2 225.6 185.1 229.7 225.9 182.1 216.1 158.7 182.8 181.6
 wrfout_d04_2016-06-25_06:00:00 999.0 183.3 262.8 293.2 273.4  48.5 331.4 240.4 287.1 253.4  93.5 161.9 999.0 243.8 257.1 164.3 257.4 218.4 242.9 255.0 325.3 214.5 228.1 183.8 234.6 229.6 181.4 217.9 166.9 180.0 188.1
 wrfout_d04_2016-06-25_07:00:00 999.0 179.9 299.1 300.4 284.0  55.4 341.2 242.8 275.7 254.9 108.7 174.4 999.0 240.2 257.6 161.5 245.1 218.1 248.3 257.2 106.0 222.4 233.0 189.9 238.7 237.0 184.2 211.0 170.0 176.3 188.7
 wrfout_d04_2016-06-25_08:00:00 999.0 179.0 278.0 313.2 258.3  26.6 349.9 233.2 265.0 252.1 309.3 309.9 999.0 237.4 256.2 153.0 204.2 211.5 124.1 248.1 123.7 215.4 229.8 193.0 244.0 241.5 165.4 211.3 169.7 172.9 189.7
 wrfout_d04_2016-06-25_09:00:00 999.0 171.4 296.9 323.2 265.1 169.1   4.2 227.3 302.8 249.6 330.9 268.0 999.0 237.2 266.0 173.3 225.2 204.4 263.0 255.4 283.9 214.3 234.1 203.8 244.7 243.8 190.3 215.7 163.6 161.6 176.9
 wrfout_d04_2016-06-25_10:00:00 999.0  70.6 306.9 339.1 316.6   1.2 333.0 231.8 284.1 240.2  93.2 179.9 999.0 228.0 254.0 188.0 163.2 208.8 231.2 259.0 230.4 214.4 222.4 206.3 240.7 236.8 192.4 215.7 163.5 165.7 159.8
 wrfout_d04_2016-06-25_11:00:00 999.0 130.2 301.6 358.3 339.9 336.3 345.3 223.7 252.2 239.1  15.5 173.2 999.0 215.6 217.0 192.7 171.3 205.5 163.5 256.9 210.4 214.5 229.7 221.0 235.6 228.9 214.1 214.3 177.0 169.0 148.3
 wrfout_d04_2016-06-25_12:00:00 999.0 107.6 287.5   7.0 333.8 325.2 354.9 216.0 111.3 217.4 341.5 220.8 999.0 196.8 210.0 199.6 226.9 213.9 182.6 238.1 208.3 220.2 215.3 221.7 222.9 211.0 202.7 201.9 193.6 167.7 141.8
 wrfout_d04_2016-06-25_13:00:00 999.0 142.6 222.6 347.9 235.5   9.0 355.3 200.3  67.1 208.2 319.1 346.5 999.0 194.6 204.0 199.3 216.8 212.4 196.0 223.2 193.1 215.3 198.9 225.0 224.8 215.9 208.8 191.1 218.2 164.7 143.5
 wrfout_d04_2016-06-25_14:00:00 999.0 109.5 240.5 346.3 338.0 356.5 352.7  36.3  42.4 211.2 146.7  65.9 999.0 188.6 195.1 184.1 214.3 204.1 203.5 213.1 186.3 193.8 194.5 228.6 208.3 204.6 220.4 181.0 277.0 169.7 139.7
 wrfout_d04_2016-06-25_15:00:00 999.0 148.9 252.4 349.6  10.0   2.7 335.5  44.0  18.1 314.5  40.0 203.3 999.0 190.8 191.7 189.9 175.7 187.0 207.9 201.1 181.3 183.8 194.9 220.0 204.9 205.5 221.1 175.8 289.0 167.1 131.9
 wrfout_d04_2016-06-25_16:00:00 999.0 187.6 237.2 341.7   5.1  42.6 344.7 109.1  22.3 348.8 288.3 272.2 999.0 190.7 181.7 213.5 164.8 184.9 203.3 196.1 171.1 181.0 181.4 233.3 194.6 194.6 227.5 171.7 292.9 162.6 126.3
 wrfout_d04_2016-06-25_17:00:00 999.0 209.1 234.8 338.2 279.1  73.5 345.6  95.1  28.1 323.8 280.4 321.0 999.0 198.9 178.6 225.0 116.4 185.1 220.1 189.9 175.5 179.1 157.7 242.1 176.3 183.3 235.2 163.0 296.3 162.4 124.5
 wrfout_d04_2016-06-25_18:00:00 999.0 218.7 225.6  43.0 269.2  88.8   0.0 134.6  60.7  98.0 146.9 343.7 999.0 199.6 201.8 227.8 324.5 191.2 213.7 189.5 179.1 187.0 147.7 239.5 149.5 152.2 248.0 162.5 301.9 162.2 118.5
 wrfout_d04_2016-06-25_19:00:00 999.0 346.3 224.0 336.2 296.9 112.0  40.3 133.6  19.5 112.6 251.5  24.6 999.0 191.1 207.4 215.9 162.2 190.2 186.5 194.0 180.8 186.6 164.4 245.8 126.7 118.6 279.8 157.8 301.6 157.3 113.9
 wrfout_d04_2016-06-25_20:00:00 999.0 319.2 229.3 323.3 289.1 160.7  72.9 139.8 148.4 132.6 286.1  22.6 999.0 186.3 212.8 220.1   8.4 196.0 204.7 186.9 182.1 182.6 122.8 247.7 137.1 129.3 269.0 159.7 300.5 151.6 108.2
 wrfout_d04_2016-06-25_21:00:00 999.0 227.9 231.5  77.8 280.9 336.9  56.3 145.0 158.2 122.5 145.0 329.0 999.0 178.9 200.7 231.9  12.8 193.3 208.4 202.0 196.5 181.0 111.1 251.8 141.0 133.4 275.6 159.5 298.9 147.8 105.2
 wrfout_d04_2016-06-25_22:00:00 999.0 219.2 237.8 307.7 252.7 206.0  51.6 168.5 206.1 121.6 268.2  19.7 999.0 190.4 181.5 226.2 354.7 189.1 196.7 202.4 180.7 185.2  99.1 243.8 127.7 116.7 267.8 160.8 299.9 147.5 110.6
 wrfout_d04_2016-06-25_23:00:00 999.0 226.1 227.6 285.4 227.0 116.4 242.6 239.1 171.0 177.2  18.5   9.0 999.0 200.5 196.5 205.5 357.7 189.9 215.3 190.0 159.1 180.5  97.1 220.6 134.2 153.0 216.3 165.5 246.2 147.3 113.7
